[BeGaze]
Converted from:	D:\Kirillov\Results\ermolova_temp\Vita-eye_data.idf
Date:	17.04.2019 03:54:20
Version:	BeGaze 3.0.181
Sample Rate:	250
Subject:	Vita
Description:	Run38

Table Header for Fixations:
Event Type	Trial	Number	Start	End	Duration	Location X	Location Y	Dispersion X	Dispersion Y	Plane	Avg. Pupil Size X	Avg. Pupil Size Y

Table Header for Saccades:
Event Type	Trial	Number	Start	End	Duration	Start Loc.X	Start Loc.Y	End Loc.X	End Loc.Y	Amplitude	Peak Speed	Peak Speed At	Average Speed	Peak Accel.	Peak Decel.	Average Accel.

Table Header for User Events:
Event Type	Trial	Number	Start	Description

UserEvent	1	1	6268480542	# Message: experiment-08.jpg
Fixation L	1	1	6268483785	6268795895	312110	360.33	401.07	38	52	-1	14.26	14.26
Fixation R	1	1	6268483785	6268795895	312110	360.33	401.07	38	52	-1	14.56	14.56
Saccade L	1	1	6268795895	6268839861	43966	380.58	411.97	751.67	689.72	9.83	475.95	0.45	223.51	23292.42	-20849.28	15120.33
Saccade R	1	1	6268795895	6268839861	43966	380.58	411.97	751.67	689.72	9.83	475.95	0.45	223.51	23292.42	-20849.28	15120.33
Fixation L	1	2	6268839861	6269151737	311876	762.64	686.87	22	22	-1	14.06	14.06
Fixation R	1	2	6268839861	6269151737	311876	762.64	686.87	22	22	-1	14.32	14.32
Saccade L	1	2	6269151737	6269199735	47998	756.44	685.65	1016.92	643.27	6.14	284.92	0.33	127.89	13599.93	-12315.12	8335.77
Saccade R	1	2	6269151737	6269199735	47998	756.44	685.65	1016.92	643.27	6.14	284.92	0.33	127.89	13599.93	-12315.12	8335.77
Fixation L	1	3	6269199735	6269435779	236044	1011.53	626.31	31	24	-1	13.79	13.79
Fixation R	1	3	6269199735	6269435779	236044	1011.53	626.31	31	24	-1	13.96	13.96
Saccade L	1	3	6269435779	6269459750	23971	1007.71	623.99	987.19	650.14	0.68	43.39	0.50	28.16	1769.62	-1147.68	1010.65
Saccade R	1	3	6269435779	6269459750	23971	1007.71	623.99	987.19	650.14	0.68	43.39	0.50	28.16	1769.62	-1147.68	1010.65
Fixation L	1	4	6269459750	6269647746	187996	967.79	664.61	31	22	-1	13.69	13.69
Fixation R	1	4	6269459750	6269647746	187996	967.79	664.61	31	22	-1	13.60	13.60
Saccade L	1	4	6269647746	6269687752	40006	959.13	673.04	863.78	670.23	2.10	77.60	0.60	52.46	3247.48	-3483.67	2471.08
Saccade R	1	4	6269647746	6269687752	40006	959.13	673.04	863.78	670.23	2.10	77.60	0.60	52.46	3247.48	-3483.67	2471.08
Fixation L	1	5	6269687752	6269835754	148002	849.30	669.10	24	13	-1	14.09	14.09
Fixation R	1	5	6269687752	6269835754	148002	849.30	669.10	24	13	-1	13.77	13.77
Saccade L	1	5	6269835754	6269871754	36000	857.90	673.32	756.50	678.43	2.14	137.84	0.45	59.33	6082.78	-5468.33	4046.44
Saccade R	1	5	6269835754	6269871754	36000	857.90	673.32	756.50	678.43	2.14	137.84	0.45	59.33	6082.78	-5468.33	4046.44
Fixation L	1	6	6269871754	6270107791	236037	763.04	677.09	20	16	-1	14.15	14.15
Fixation R	1	6	6269871754	6270107791	236037	763.04	677.09	20	16	-1	13.85	13.85
Saccade L	1	6	6270107791	6270139758	31967	758.74	684.05	731.84	732.37	1.22	69.08	0.50	38.24	2524.49	-2413.35	1806.30
Saccade R	1	6	6270107791	6270139758	31967	758.74	684.05	731.84	732.37	1.22	69.08	0.50	38.24	2524.49	-2413.35	1806.30
Fixation L	1	7	6270139758	6270319770	180012	726.88	729.67	9	17	-1	13.93	13.93
Fixation R	1	7	6270139758	6270319770	180012	726.88	729.67	9	17	-1	13.62	13.62
Saccade L	1	7	6270319770	6270339857	20087	730.84	723.96	744.25	749.12	0.63	47.78	0.40	31.15	2055.26	-1315.17	1260.52
Saccade R	1	7	6270319770	6270339857	20087	730.84	723.96	744.25	749.12	0.63	47.78	0.40	31.15	2055.26	-1315.17	1260.52
Fixation L	1	8	6270339857	6270723672	383815	772.37	771.10	37	32	-1	13.96	13.96
Fixation R	1	8	6270339857	6270723672	383815	772.37	771.10	37	32	-1	13.86	13.86
Saccade L	1	8	6270723672	6270747652	23980	760.64	781.46	775.36	887.57	1.96	173.84	0.67	81.84	8117.26	-6859.23	5158.93
Saccade R	1	8	6270723672	6270747652	23980	760.64	781.46	775.36	887.57	1.96	173.84	0.67	81.84	8117.26	-6859.23	5158.93
Fixation L	1	9	6270747652	6271171690	424038	770.89	862.26	61	49	-1	14.12	14.12
Fixation R	1	9	6270747652	6271171690	424038	770.89	862.26	61	49	-1	13.74	13.74
Saccade L	1	9	6271171690	6271231670	59980	750.49	848.57	1031.72	443.20	11.16	362.46	0.27	185.98	17438.43	-9731.65	8658.84
Saccade R	1	9	6271171690	6271231670	59980	750.49	848.57	1031.72	443.20	11.16	362.46	0.27	185.98	17438.43	-9731.65	8658.84
Fixation L	1	10	6271231670	6271431660	199990	1035.96	428.52	19	20	-1	13.54	13.54
Fixation R	1	10	6271231670	6271431660	199990	1035.96	428.52	19	20	-1	13.51	13.51
Saccade L	1	10	6271431660	6271487665	56005	1048.53	427.60	1222.89	377.77	4.72	306.83	0.29	84.23	13030.12	-12077.22	5722.68
Saccade R	1	10	6271431660	6271487665	56005	1048.53	427.60	1222.89	377.77	4.72	306.83	0.29	84.23	13030.12	-12077.22	5722.68
Fixation L	1	11	6271487665	6271935546	447881	1213.11	387.64	37	41	-1	13.08	13.08
Fixation R	1	11	6271487665	6271935546	447881	1213.11	387.64	37	41	-1	13.04	13.04
Saccade L	1	11	6271935546	6271971548	36002	1198.40	393.49	0.00	0.00	33.93	3010.64	0.67	942.33	111209.15	-127544.80	70621.79
Saccade R	1	11	6271935546	6271971548	36002	1198.40	393.49	0.00	0.00	33.93	3010.64	0.67	942.33	111209.15	-127544.80	70621.79
Fixation L	1	12	6271971548	6272025377	53829	0.00	0.00	0	0	-1	12.47	12.47
Fixation R	1	12	6271971548	6272025377	53829	0.00	0.00	0	0	-1	13.97	13.97
Saccade L	1	12	6272025377	6272091553	66176	0.00	0.00	853.56	858.99	27.06	1532.06	0.27	408.93	63708.91	-59173.06	26102.52
Saccade R	1	12	6272025377	6272091553	66176	0.00	0.00	853.56	858.99	27.06	1532.06	0.27	408.93	63708.91	-59173.06	26102.52
Fixation L	1	13	6272091553	6272263560	172007	862.48	888.99	16	41	-1	13.54	13.54
Fixation R	1	13	6272091553	6272263560	172007	862.48	888.99	16	41	-1	13.49	13.49
Saccade L	1	13	6272263560	6272287629	24069	850.93	893.22	817.93	854.28	1.03	76.79	0.50	42.61	2828.59	-3185.06	2239.83
Saccade R	1	13	6272263560	6272287629	24069	850.93	893.22	817.93	854.28	1.03	76.79	0.50	42.61	2828.59	-3185.06	2239.83
Fixation L	1	14	6272287629	6272459563	171934	812.48	839.65	15	33	-1	13.66	13.66
Fixation R	1	14	6272287629	6272459563	171934	812.48	839.65	15	33	-1	13.69	13.69
Saccade L	1	14	6272459563	6272499573	40010	820.92	831.66	949.43	832.33	3.66	244.27	0.40	91.50	11443.24	-10014.08	6302.42
Saccade R	1	14	6272459563	6272499573	40010	820.92	831.66	949.43	832.33	3.66	244.27	0.40	91.50	11443.24	-10014.08	6302.42
Fixation L	1	15	6272499573	6272707582	208009	957.89	822.05	20	14	-1	13.07	13.07
Fixation R	1	15	6272499573	6272707582	208009	957.89	822.05	20	14	-1	13.14	13.14
Saccade L	1	15	6272707582	6272727586	20004	962.45	822.05	992.12	814.76	0.71	67.49	0.60	35.28	2905.88	-1692.53	1654.64
Saccade R	1	15	6272707582	6272727586	20004	962.45	822.05	992.12	814.76	0.71	67.49	0.60	35.28	2905.88	-1692.53	1654.64
Fixation L	1	16	6272727586	6272895662	168076	1018.38	811.13	38	17	-1	12.80	12.80
Fixation R	1	16	6272727586	6272895662	168076	1018.38	811.13	38	17	-1	12.86	12.86
Saccade L	1	16	6272895662	6272947600	51938	1021.04	812.82	1123.80	396.37	9.37	352.70	0.38	180.34	17123.83	-10046.76	9151.12
Saccade R	1	16	6272895662	6272947600	51938	1021.04	812.82	1123.80	396.37	9.37	352.70	0.38	180.34	17123.83	-10046.76	9151.12
Fixation L	1	17	6272947600	6273263459	315859	1131.22	403.54	15	20	-1	12.82	12.82
Fixation R	1	17	6272947600	6273263459	315859	1131.22	403.54	15	20	-1	12.95	12.95
Saccade L	1	17	6273263459	6273283483	20024	1131.56	400.13	1162.40	390.01	0.81	70.22	0.40	40.21	3206.79	-2360.91	1910.88
Saccade R	1	17	6273263459	6273283483	20024	1131.56	400.13	1162.40	390.01	0.81	70.22	0.40	40.21	3206.79	-2360.91	1910.88
Fixation L	1	18	6273283483	6273639476	355993	1171.77	389.24	24	42	-1	13.29	13.29
Fixation R	1	18	6273283483	6273639476	355993	1171.77	389.24	24	42	-1	13.08	13.08
Saccade L	1	18	6273639476	6273667504	28028	1161.76	418.67	1096.64	399.46	1.32	86.71	0.57	47.16	3879.41	-3699.58	2811.68
Saccade R	1	18	6273639476	6273667504	28028	1161.76	418.67	1096.64	399.46	1.32	86.71	0.57	47.16	3879.41	-3699.58	2811.68
Fixation L	1	19	6273667504	6274123466	455962	1112.84	363.48	56	60	-1	13.74	13.74
Fixation R	1	19	6273667504	6274123466	455962	1112.84	363.48	56	60	-1	13.35	13.35
Saccade L	1	19	6274123466	6274143466	20000	1127.02	344.38	1131.38	310.64	0.62	47.54	0.60	30.81	2191.00	-2189.71	1566.09
Saccade R	1	19	6274123466	6274143466	20000	1127.02	344.38	1131.38	310.64	0.62	47.54	0.60	30.81	2191.00	-2189.71	1566.09
Fixation L	1	20	6274143466	6274459483	316017	1132.69	309.11	35	13	-1	13.55	13.55
Fixation R	1	20	6274143466	6274459483	316017	1132.69	309.11	35	13	-1	13.11	13.11
Saccade L	1	20	6274459483	6274483474	23991	1158.09	302.03	1107.99	294.84	0.97	71.87	0.50	40.27	2984.04	-2626.25	2065.09
Saccade R	1	20	6274459483	6274483474	23991	1158.09	302.03	1107.99	294.84	0.97	71.87	0.50	40.27	2984.04	-2626.25	2065.09
Fixation L	1	21	6274483474	6275815400	1331926	1113.39	311.81	72	45	-1	13.35	13.35
Fixation R	1	21	6274483474	6275815400	1331926	1113.39	311.81	72	45	-1	13.20	13.20
Saccade L	1	21	6275815400	6275883442	68042	1101.37	315.02	798.94	768.14	12.26	336.00	0.29	180.23	16319.51	-11952.23	8093.84
Saccade R	1	21	6275815400	6275883442	68042	1101.37	315.02	798.94	768.14	12.26	336.00	0.29	180.23	16319.51	-11952.23	8093.84
Fixation L	1	22	6275883442	6276083283	199841	792.93	782.24	17	22	-1	13.51	13.51
Fixation R	1	22	6275883442	6276083283	199841	792.93	782.24	17	22	-1	13.19	13.19
Saccade L	1	22	6276083283	6276103325	20042	795.66	773.19	858.74	762.75	1.11	91.99	0.60	55.24	4355.64	-3966.40	2989.43
Saccade R	1	22	6276083283	6276103325	20042	795.66	773.19	858.74	762.75	1.11	91.99	0.60	55.24	4355.64	-3966.40	2989.43
Fixation L	1	23	6276103325	6276275272	171947	854.34	748.23	20	21	-1	13.30	13.30
Fixation R	1	23	6276103325	6276275272	171947	854.34	748.23	20	21	-1	13.23	13.23
Saccade L	1	23	6276275272	6276295326	20054	867.12	750.66	907.66	742.73	0.78	64.12	0.60	38.98	2674.34	-2526.15	1885.49
Saccade R	1	23	6276275272	6276295326	20054	867.12	750.66	907.66	742.73	0.78	64.12	0.60	38.98	2674.34	-2526.15	1885.49
Fixation L	1	24	6276295326	6276471315	175989	914.31	744.79	19	21	-1	12.75	12.75
Fixation R	1	24	6276295326	6276471315	175989	914.31	744.79	19	21	-1	12.72	12.72
Saccade L	1	24	6276471315	6276507276	35961	919.15	757.05	0.00	0.00	27.83	2512.12	0.67	773.90	97744.07	-107622.92	60132.45
Saccade R	1	24	6276471315	6276507276	35961	919.15	757.05	0.00	0.00	27.83	2512.12	0.67	773.90	97744.07	-107622.92	60132.45
Saccade L	1	25	6276526342	6276583301	56959	0.00	0.00	1182.24	340.55	37.33	3056.90	0.23	655.32	130769.59	-110039.46	47649.19
Saccade R	1	25	6276526342	6276583301	56959	0.00	0.00	1182.24	340.55	37.33	3056.90	0.23	655.32	130769.59	-110039.46	47649.19
Fixation L	1	25	6276583301	6276915283	331982	1172.24	334.47	26	30	-1	12.48	12.48
Fixation R	1	25	6276583301	6276915283	331982	1172.24	334.47	26	30	-1	12.37	12.37
Saccade L	1	26	6276915283	6276935222	19939	1176.79	344.05	1120.44	358.54	1.24	111.91	0.60	62.18	4869.07	-4814.92	3435.04
Saccade R	1	26	6276915283	6276935222	19939	1176.79	344.05	1120.44	358.54	1.24	111.91	0.60	62.18	4869.07	-4814.92	3435.04
Fixation L	1	26	6276935222	6277375291	440069	1105.58	367.99	23	35	-1	12.46	12.46
Fixation R	1	26	6276935222	6277375291	440069	1105.58	367.99	23	35	-1	12.38	12.38
Saccade L	1	27	6277375291	6277399294	24003	1102.60	381.13	1199.46	365.98	2.07	178.04	0.50	86.44	8314.51	-6787.98	5350.19
Saccade R	1	27	6277375291	6277399294	24003	1102.60	381.13	1199.46	365.98	2.07	178.04	0.50	86.44	8314.51	-6787.98	5350.19
Fixation L	1	27	6277399294	6277951174	551880	1184.76	350.88	43	48	-1	12.74	12.74
Fixation R	1	27	6277399294	6277951174	551880	1184.76	350.88	43	48	-1	12.60	12.60
Saccade L	1	28	6277951174	6277975183	24009	1159.23	325.02	1127.82	332.19	0.70	43.92	0.50	29.11	1544.04	-1466.23	1094.00
Saccade R	1	28	6277951174	6277975183	24009	1159.23	325.02	1127.82	332.19	0.70	43.92	0.50	29.11	1544.04	-1466.23	1094.00
Fixation L	1	28	6277975183	6278391190	416007	1120.82	309.81	30	62	-1	12.32	12.32
Fixation R	1	28	6277975183	6278391190	416007	1120.82	309.81	30	62	-1	12.21	12.21
Saccade L	1	29	6278391190	6278419186	27996	1137.81	301.48	1133.26	315.22	1.49	120.61	0.43	53.21	4528.95	-2555.00	2198.39
Saccade R	1	29	6278391190	6278419186	27996	1137.81	301.48	1133.26	315.22	1.49	120.61	0.43	53.21	4528.95	-2555.00	2198.39
Fixation L	1	29	6278419186	6278575213	156027	1102.54	349.07	39	50	-1	12.56	12.56
Fixation R	1	29	6278419186	6278575213	156027	1102.54	349.07	39	50	-1	12.38	12.38
Saccade L	1	30	6278575213	6278599201	23988	1091.82	348.71	1133.89	363.82	0.83	56.41	0.33	34.78	2243.88	-2217.90	1585.46
Saccade R	1	30	6278575213	6278599201	23988	1091.82	348.71	1133.89	363.82	0.83	56.41	0.33	34.78	2243.88	-2217.90	1585.46
Fixation L	1	30	6278599201	6278663199	63998	1117.97	368.47	35	8	-1	12.66	12.66
Fixation R	1	30	6278599201	6278663199	63998	1117.97	368.47	35	8	-1	12.61	12.61
Saccade L	1	31	6278703228	6278723223	19995	1123.51	369.14	1121.46	427.69	1.11	99.82	0.40	55.30	3909.37	-4176.81	2841.06
Saccade R	1	31	6278703228	6278723223	19995	1123.51	369.14	1121.46	427.69	1.11	99.82	0.40	55.30	3909.37	-4176.81	2841.06
Fixation L	1	31	6278723223	6278803198	79975	1126.08	411.68	35	37	-1	13.04	13.04
Fixation R	1	31	6278723223	6278803198	79975	1126.08	411.68	35	37	-1	12.90	12.90
Saccade L	1	32	6278803198	6278823286	20088	1151.54	393.89	1127.22	400.22	0.48	47.77	0.40	23.70	1014.73	-1672.01	921.28
Saccade R	1	32	6278803198	6278823286	20088	1151.54	393.89	1127.22	400.22	0.48	47.77	0.40	23.70	1014.73	-1672.01	921.28
Fixation L	1	32	6278823286	6278899076	75790	1134.08	408.85	17	16	-1	13.15	13.15
Fixation R	1	32	6278823286	6278899076	75790	1134.08	408.85	17	16	-1	13.02	13.02
Saccade L	1	33	6278899076	6278939101	40025	1137.58	418.26	1165.42	358.80	1.64	72.75	0.30	41.08	2991.79	-1340.45	1517.23
Saccade R	1	33	6278899076	6278939101	40025	1137.58	418.26	1165.42	358.80	1.64	72.75	0.30	41.08	2991.79	-1340.45	1517.23
Fixation L	1	33	6278987104	6279135113	148009	1122.05	311.27	40	15	-1	13.19	13.19
Fixation R	1	33	6278987104	6279135113	148009	1122.05	311.27	40	15	-1	13.11	13.11
Saccade L	1	34	6279135113	6279163113	28000	1113.30	321.14	1032.83	349.65	1.71	120.10	0.57	60.99	5384.04	-5477.75	3991.42
Saccade R	1	34	6279135113	6279163113	28000	1113.30	321.14	1032.83	349.65	1.71	120.10	0.57	60.99	5384.04	-5477.75	3991.42
Fixation L	1	34	6279163113	6279483103	319990	1038.24	348.93	21	27	-1	13.11	13.11
Fixation R	1	34	6279163113	6279483103	319990	1038.24	348.93	21	27	-1	13.18	13.18
Saccade L	1	35	6279483103	6279515114	32011	1037.23	338.09	1204.95	346.27	3.42	228.00	0.50	106.77	10435.94	-10101.22	7648.45
Saccade R	1	35	6279483103	6279515114	32011	1037.23	338.09	1204.95	346.27	3.42	228.00	0.50	106.77	10435.94	-10101.22	7648.45
Fixation L	1	35	6279515114	6281238999	1723885	1151.60	318.99	91	67	-1	12.23	12.23
Fixation R	1	35	6279515114	6281238999	1723885	1151.60	318.99	91	67	-1	12.37	12.37
Saccade L	1	36	6281238999	6281303020	64021	1133.05	315.35	744.94	608.24	11.10	334.93	0.31	173.38	16662.85	-7994.02	8465.99
Saccade R	1	36	6281238999	6281303020	64021	1133.05	315.35	744.94	608.24	11.10	334.93	0.31	173.38	16662.85	-7994.02	8465.99
Fixation L	1	36	6281303020	6281467036	164016	732.45	614.16	14	25	-1	12.64	12.64
Fixation R	1	36	6281303020	6281467036	164016	732.45	614.16	14	25	-1	12.46	12.46
Saccade L	1	37	6281467036	6281487006	19970	730.77	599.81	741.67	632.68	0.69	57.99	0.40	34.80	2493.34	-2242.57	1716.99
Saccade R	1	37	6281467036	6281487006	19970	730.77	599.81	741.67	632.68	0.69	57.99	0.40	34.80	2493.34	-2242.57	1716.99
Fixation L	1	37	6281487006	6281607019	120013	750.86	629.02	18	17	-1	12.69	12.69
Fixation R	1	37	6281487006	6281607019	120013	750.86	629.02	18	17	-1	12.56	12.56
Saccade L	1	38	6281607019	6281631012	23993	761.14	632.76	806.31	639.41	0.95	78.13	0.50	39.63	3117.06	-2645.42	2152.40
Saccade R	1	38	6281607019	6281631012	23993	761.14	632.76	806.31	639.41	0.95	78.13	0.50	39.63	3117.06	-2645.42	2152.40
Fixation L	1	38	6281631012	6281810915	179903	828.98	637.13	35	18	-1	12.36	12.36
Fixation R	1	38	6281631012	6281810915	179903	828.98	637.13	35	18	-1	12.28	12.28
Saccade L	1	39	6281810915	6281838942	28027	839.50	632.25	905.63	641.57	1.33	91.04	0.43	47.50	3840.66	-3742.73	2826.65
Saccade R	1	39	6281810915	6281838942	28027	839.50	632.25	905.63	641.57	1.33	91.04	0.43	47.50	3840.66	-3742.73	2826.65
Fixation L	1	39	6281838942	6281894890	55948	909.01	646.22	5	8	-1	12.29	12.29
Fixation R	1	39	6281838942	6281894890	55948	909.01	646.22	5	8	-1	12.11	12.11
Saccade L	1	40	6281894890	6281918906	24016	910.89	648.38	0.00	0.00	22.15	2138.53	0.50	922.25	89290.93	-89492.12	67456.62
Saccade R	1	40	6281894890	6281918906	24016	910.89	648.38	0.00	0.00	22.15	2138.53	0.50	922.25	89290.93	-89492.12	67456.62
Fixation L	1	40	6281918906	6281975173	56267	0.00	0.00	0	0	-1	12.02	12.02
Fixation R	1	40	6281918906	6281975173	56267	0.00	0.00	0	0	-1	9.18	9.18
Saccade L	1	41	6281975173	6282018891	43718	0.00	0.00	911.08	613.73	33.54	2563.39	0.27	767.18	108710.40	-80818.69	51098.59
Saccade R	1	41	6281975173	6282018891	43718	0.00	0.00	911.08	613.73	33.54	2563.39	0.27	767.18	108710.40	-80818.69	51098.59
Fixation L	1	41	6282018891	6282418901	400010	896.25	633.22	64	57	-1	12.27	12.27
Fixation R	1	41	6282018891	6282418901	400010	896.25	633.22	64	57	-1	12.34	12.34
Saccade L	1	42	6282418901	6282450902	32001	883.73	668.68	692.84	675.63	3.99	298.90	0.50	124.69	13794.84	-13076.63	9740.43
Saccade R	1	42	6282418901	6282450902	32001	883.73	668.68	692.84	675.63	3.99	298.90	0.50	124.69	13794.84	-13076.63	9740.43
Fixation L	1	42	6282450902	6282682913	232011	692.35	669.11	17	17	-1	12.53	12.53
Fixation R	1	42	6282450902	6282682913	232011	692.35	669.11	17	17	-1	12.43	12.43
Saccade L	1	43	6282682913	6282710934	28021	683.68	664.25	608.47	660.11	1.54	115.55	0.43	55.12	5431.89	-5250.28	3926.99
Saccade R	1	43	6282682913	6282710934	28021	683.68	664.25	608.47	660.11	1.54	115.55	0.43	55.12	5431.89	-5250.28	3926.99
Fixation L	1	43	6282710934	6282823003	112069	608.01	657.77	7	7	-1	12.76	12.76
Fixation R	1	43	6282710934	6282823003	112069	608.01	657.77	7	7	-1	12.51	12.51
Saccade L	1	44	6282823003	6282874911	51908	608.50	659.54	0.00	0.00	30.80	2309.27	0.77	593.42	77525.03	-97541.76	40219.92
Saccade R	1	44	6282823003	6282874911	51908	608.50	659.54	0.00	0.00	30.80	2309.27	0.77	593.42	77525.03	-97541.76	40219.92
Fixation L	1	44	6282874911	6284204333	1329422	0.00	0.00	0	0	-1	14.36	14.36
Fixation R	1	44	6282874911	6284204333	1329422	0.00	0.00	0	0	-1	14.12	14.12
Fixation L	1	45	6284270841	6284378818	107977	770.59	592.06	14	15	-1	16.62	16.62
Fixation R	1	45	6284270841	6284378818	107977	770.59	592.06	14	15	-1	16.31	16.31
