[BeGaze]
Converted from:	D:\Kirillov\Results\ermolova_temp\Nastya 3kurs-eye_data.idf
Date:	17.04.2019 03:52:17
Version:	BeGaze 3.0.181
Sample Rate:	250
Subject:	Nastya 3kurs
Description:	Run3

Table Header for Fixations:
Event Type	Trial	Number	Start	End	Duration	Location X	Location Y	Dispersion X	Dispersion Y	Plane	Avg. Pupil Size X	Avg. Pupil Size Y

Table Header for Saccades:
Event Type	Trial	Number	Start	End	Duration	Start Loc.X	Start Loc.Y	End Loc.X	End Loc.Y	Amplitude	Peak Speed	Peak Speed At	Average Speed	Peak Accel.	Peak Decel.	Average Accel.

Table Header for User Events:
Event Type	Trial	Number	Start	Description

UserEvent	1	1	5108120232	# Message: Horizontal-1.jpg
Fixation L	1	1	5108191856	5108275719	83863	769.38	149.33	17	29	-1	14.50	14.50
Fixation R	1	1	5108191856	5108275719	83863	769.38	149.33	17	29	-1	13.70	13.70
Saccade L	1	1	5108275719	5108343718	67999	777.52	139.19	772.38	134.63	2.32	73.48	0.41	34.14	2260.25	-2814.30	1157.78
Saccade R	1	1	5108275719	5108343718	67999	777.52	139.19	772.38	134.63	2.32	73.48	0.41	34.14	2260.25	-2814.30	1157.78
Fixation L	1	2	5108343718	5108407722	64004	785.70	152.73	33	40	-1	13.83	13.83
Fixation R	1	2	5108343718	5108407722	64004	785.70	152.73	33	40	-1	12.87	12.87
Saccade L	1	2	5108407722	5108475751	68029	809.83	169.67	835.81	498.81	8.66	461.14	0.65	127.37	19152.11	-20582.49	8872.23
Saccade R	1	2	5108407722	5108475751	68029	809.83	169.67	835.81	498.81	8.66	461.14	0.65	127.37	19152.11	-20582.49	8872.23
Saccade L	1	3	5108499739	5108555741	56002	826.05	517.95	857.07	533.10	1.86	66.48	0.21	33.13	2699.46	-1602.23	1176.66
Saccade R	1	3	5108499739	5108555741	56002	826.05	517.95	857.07	533.10	1.86	66.48	0.21	33.13	2699.46	-1602.23	1176.66
Fixation L	1	3	5108555741	5108635737	79996	848.01	533.86	27	23	-1	13.44	13.44
Fixation R	1	3	5108555741	5108635737	79996	848.01	533.86	27	23	-1	12.73	12.73
Saccade L	1	4	5108635737	5108687750	52013	874.39	533.63	644.33	496.39	5.29	227.73	0.23	101.75	9925.02	-8443.30	5812.98
Saccade R	1	4	5108635737	5108687750	52013	874.39	533.63	644.33	496.39	5.29	227.73	0.23	101.75	9925.02	-8443.30	5812.98
Fixation L	1	4	5108687750	5108759731	71981	650.06	503.16	14	28	-1	13.00	13.00
Fixation R	1	4	5108687750	5108759731	71981	650.06	503.16	14	28	-1	12.34	12.34
Saccade L	1	5	5108775724	5108807740	32016	659.43	521.18	653.02	524.41	1.08	53.56	0.75	33.76	660.79	-795.25	416.25
Saccade R	1	5	5108775724	5108807740	32016	659.43	521.18	653.02	524.41	1.08	53.56	0.75	33.76	660.79	-795.25	416.25
Saccade L	1	6	5108823727	5108867744	44017	660.43	498.24	725.98	491.80	2.19	117.31	0.27	49.82	3935.57	-4303.90	2463.52
Saccade R	1	6	5108823727	5108867744	44017	660.43	498.24	725.98	491.80	2.19	117.31	0.27	49.82	3935.57	-4303.90	2463.52
Fixation L	1	5	5108867744	5108987734	119990	733.87	501.07	40	34	-1	12.43	12.43
Fixation R	1	5	5108867744	5108987734	119990	733.87	501.07	40	34	-1	11.87	11.87
Saccade L	1	7	5108987734	5109052188	64454	758.07	509.25	739.24	516.76	2.60	67.58	0.37	40.33	2359.90	-2503.91	1156.48
Saccade R	1	7	5108987734	5109052188	64454	758.07	509.25	739.24	516.76	2.60	67.58	0.37	40.33	2359.90	-2503.91	1156.48
Fixation L	1	6	5109052188	5109199733	147545	726.80	504.49	31	40	-1	12.25	12.25
Fixation R	1	6	5109052188	5109199733	147545	726.80	504.49	31	40	-1	11.67	11.67
Saccade L	1	8	5109199733	5109275738	76005	710.21	489.14	656.37	238.26	7.59	287.13	0.26	99.90	13163.50	-7341.02	5023.96
Saccade R	1	8	5109199733	5109275738	76005	710.21	489.14	656.37	238.26	7.59	287.13	0.26	99.90	13163.50	-7341.02	5023.96
Saccade L	1	9	5109275738	5109299731	23993	656.37	238.26	631.95	217.01	0.78	67.76	0.67	32.54	3712.93	337.10	1847.48
Saccade R	1	9	5109275738	5109299731	23993	656.37	238.26	631.95	217.01	0.78	67.76	0.67	32.54	3712.93	337.10	1847.48
Saccade L	1	10	5109299731	5109471774	172043	631.95	217.01	1039.05	234.63	19.29	416.25	0.58	112.15	15254.96	-18863.75	4979.57
Saccade R	1	10	5109299731	5109471774	172043	631.95	217.01	1039.05	234.63	19.29	416.25	0.58	112.15	15254.96	-18863.75	4979.57
Saccade L	1	11	5109479746	5109527764	48018	1065.51	235.49	1063.70	265.91	1.28	56.95	0.42	26.60	1213.22	-929.11	580.08
Saccade R	1	11	5109479746	5109527764	48018	1065.51	235.49	1063.70	265.91	1.28	56.95	0.42	26.60	1213.22	-929.11	580.08
Saccade L	1	12	5109527764	5109571750	43986	1063.70	265.91	1072.31	183.49	1.76	70.12	0.45	39.93	2402.58	-1745.44	1127.63
Saccade R	1	12	5109527764	5109571750	43986	1063.70	265.91	1072.31	183.49	1.76	70.12	0.45	39.93	2402.58	-1745.44	1127.63
Saccade L	1	13	5109571750	5109623614	51864	1072.31	183.49	1091.02	235.69	2.38	82.03	0.46	45.93	2826.54	-1489.87	1014.34
Saccade R	1	13	5109571750	5109623614	51864	1072.31	183.49	1091.02	235.69	2.38	82.03	0.46	45.93	2826.54	-1489.87	1014.34
Saccade L	1	14	5109639616	5109731619	92003	1044.22	226.74	1026.19	238.62	5.81	167.55	0.70	63.13	4082.96	-5682.53	1597.81
Saccade R	1	14	5109639616	5109731619	92003	1044.22	226.74	1026.19	238.62	5.81	167.55	0.70	63.13	4082.96	-5682.53	1597.81
Fixation L	1	7	5109731619	5109803629	72010	1041.85	233.19	35	37	-1	14.00	14.00
Fixation R	1	7	5109731619	5109803629	72010	1041.85	233.19	35	37	-1	13.13	13.13
Saccade L	1	15	5109803629	5109859621	55992	1070.37	218.53	1028.45	249.71	2.08	105.23	0.71	37.20	2837.49	-2518.09	1197.71
Saccade R	1	15	5109803629	5109859621	55992	1070.37	218.53	1028.45	249.71	2.08	105.23	0.71	37.20	2837.49	-2518.09	1197.71
UserEvent	1	2	5109858398	# Message: UE-mouseclick left x=774 y=0
Saccade L	1	16	5109859621	5109919643	60022	1028.45	249.71	1080.13	209.08	3.40	118.30	0.53	56.72	1965.84	-2552.01	1204.78
Saccade R	1	16	5109859621	5109919643	60022	1028.45	249.71	1080.13	209.08	3.40	118.30	0.53	56.72	1965.84	-2552.01	1204.78
Saccade L	1	17	5109919643	5110003649	84006	1080.13	209.08	727.60	633.77	12.73	492.17	0.33	151.56	21461.79	-20450.88	8892.28
Saccade R	1	17	5109919643	5110003649	84006	1080.13	209.08	727.60	633.77	12.73	492.17	0.33	151.56	21461.79	-20450.88	8892.28
Fixation L	1	8	5110003649	5110055620	51971	729.50	627.26	32	20	-1	14.63	14.63
Fixation R	1	8	5110003649	5110055620	51971	729.50	627.26	32	20	-1	13.17	13.17
Saccade L	1	18	5110055620	5110112032	56412	731.66	629.78	0.00	0.00	37.78	2676.24	0.78	669.63	81355.19	-112329.29	44720.59
Fixation L	1	9	5110112032	5110498062	386030	0.00	0.00	0	0	-1	2.69	2.69
Saccade L	1	19	5110921601	5111110003	188402	0.00	0.00	770.71	341.73	102.87	1611.65	0.90	546.00	67743.33	-66637.04	45270.85
Saccade L	1	20	5111130004	5111190028	60024	762.70	316.30	774.29	305.67	1.30	46.31	0.33	21.67	1523.97	-777.81	468.80
Saccade R	1	18	5111130004	5111190028	60024	762.70	316.30	774.29	305.67	1.30	46.31	0.33	21.67	1523.97	-777.81	468.80
Saccade L	1	21	5111265901	5111349888	83987	777.11	309.21	776.55	333.52	6.36	251.54	0.57	75.68	8655.00	-5851.72	2973.58
Saccade R	1	19	5111265901	5111349888	83987	777.11	309.21	776.55	333.52	6.36	251.54	0.57	75.68	8655.00	-5851.72	2973.58
Saccade L	1	22	5111441883	5111489886	48003	776.53	319.60	511.43	333.75	6.10	306.90	0.58	127.08	13829.33	-12067.39	7379.65
Saccade R	1	20	5111441883	5111489886	48003	776.53	319.60	511.43	333.75	6.10	306.90	0.58	127.08	13829.33	-12067.39	7379.65
Saccade L	1	23	5111489886	5111553888	64002	511.43	333.75	519.77	271.42	4.90	152.81	0.31	76.55	5434.68	-5522.64	2848.99
Saccade R	1	21	5111489886	5111553888	64002	511.43	333.75	519.77	271.42	4.90	152.81	0.31	76.55	5434.68	-5522.64	2848.99
Fixation L	1	10	5111553888	5111633900	80012	511.47	278.84	32	26	-1	14.76	14.76
Fixation R	1	9	5111553888	5111633900	80012	511.47	278.84	32	26	-1	13.44	13.44
Saccade L	1	24	5111633900	5111697896	63996	513.86	283.99	885.17	589.82	12.76	483.01	0.50	199.41	19759.17	-20341.64	12048.08
Saccade R	1	22	5111633900	5111697896	63996	513.86	283.99	885.17	589.82	12.76	483.01	0.50	199.41	19759.17	-20341.64	12048.08
Fixation L	1	11	5111697896	5111805912	108016	865.16	609.43	37	29	-1	14.27	14.27
Fixation R	1	10	5111697896	5111805912	108016	865.16	609.43	37	29	-1	12.96	12.96
Saccade L	1	25	5111805912	5111873911	67999	869.35	620.60	691.22	476.50	6.31	305.30	0.47	92.77	13672.26	-11686.61	6100.92
Saccade R	1	23	5111805912	5111873911	67999	869.35	620.60	691.22	476.50	6.31	305.30	0.47	92.77	13672.26	-11686.61	6100.92
Fixation L	1	12	5111873911	5112141912	268001	699.19	500.66	54	50	-1	13.43	13.43
Fixation R	1	11	5111873911	5112141912	268001	699.19	500.66	54	50	-1	12.27	12.27
Saccade L	1	26	5112205942	5112249902	43960	721.64	489.61	571.36	309.93	5.21	219.71	0.64	118.45	8909.29	-10396.03	6591.30
Saccade R	1	24	5112205942	5112249902	43960	721.64	489.61	571.36	309.93	5.21	219.71	0.64	118.45	8909.29	-10396.03	6591.30
Saccade L	1	27	5112249902	5112273899	23997	571.36	309.93	564.40	282.32	0.59	51.91	0.50	24.44	479.75	-6654.11	1843.25
Saccade R	1	25	5112249902	5112273899	23997	571.36	309.93	564.40	282.32	0.59	51.91	0.50	24.44	479.75	-6654.11	1843.25
Saccade L	1	28	5112329920	5112353906	23986	558.31	283.81	575.64	296.76	0.88	71.18	0.67	36.80	2191.73	-137.25	863.10
Saccade R	1	26	5112329920	5112353906	23986	558.31	283.81	575.64	296.76	0.88	71.18	0.67	36.80	2191.73	-137.25	863.10
Saccade L	1	29	5112353906	5112373899	19993	575.64	296.76	534.81	262.01	0.86	70.66	0.60	42.94	2812.32	-359.31	688.05
Saccade R	1	27	5112353906	5112373899	19993	575.64	296.76	534.81	262.01	0.86	70.66	0.60	42.94	2812.32	-359.31	688.05
Saccade L	1	30	5112373899	5112449906	76007	534.81	262.01	1061.81	237.32	12.87	468.38	0.32	169.27	21316.91	-19347.01	9593.03
Saccade R	1	28	5112373899	5112449906	76007	534.81	262.01	1061.81	237.32	12.87	468.38	0.32	169.27	21316.91	-19347.01	9593.03
Fixation L	1	13	5112449906	5112561921	112015	1067.94	216.95	26	52	-1	13.50	13.50
Fixation R	1	12	5112449906	5112561921	112015	1067.94	216.95	26	52	-1	12.42	12.42
Saccade L	1	31	5112561921	5112585932	24011	1070.15	243.76	1064.43	199.44	0.78	63.91	0.67	32.38	3393.88	596.93	1702.46
Saccade R	1	29	5112561921	5112585932	24011	1070.15	243.76	1064.43	199.44	0.78	63.91	0.67	32.38	3393.88	596.93	1702.46
Saccade L	1	32	5112585932	5112633918	47986	1064.43	199.44	1208.11	211.16	3.39	152.52	0.25	70.59	4508.66	-3837.88	2831.06
Saccade R	1	30	5112585932	5112633918	47986	1064.43	199.44	1208.11	211.16	3.39	152.52	0.25	70.59	4508.66	-3837.88	2831.06
Saccade L	1	33	5112633918	5112689924	56006	1208.11	211.16	1207.68	185.02	1.59	52.73	0.43	28.42	1584.76	-1416.24	687.79
Saccade R	1	31	5112633918	5112689924	56006	1208.11	211.16	1207.68	185.02	1.59	52.73	0.43	28.42	1584.76	-1416.24	687.79
Saccade L	1	34	5112717910	5112745792	27882	1180.61	182.42	1198.65	187.53	0.76	46.56	0.43	27.22	1685.47	-1493.01	961.19
Saccade R	1	32	5112717910	5112745792	27882	1180.61	182.42	1198.65	187.53	0.76	46.56	0.43	27.22	1685.47	-1493.01	961.19
Saccade L	1	35	5112745792	5112789818	44026	1198.65	187.53	1199.35	199.74	0.84	48.18	0.27	19.13	692.98	-1290.89	551.30
Saccade R	1	33	5112745792	5112789818	44026	1198.65	187.53	1199.35	199.74	0.84	48.18	0.27	19.13	692.98	-1290.89	551.30
Saccade L	1	36	5112789818	5112857782	67964	1199.35	199.74	1168.89	209.91	1.37	40.41	0.71	20.11	1209.22	-1432.82	694.33
Saccade R	1	34	5112789818	5112857782	67964	1199.35	199.74	1168.89	209.91	1.37	40.41	0.71	20.11	1209.22	-1432.82	694.33
Saccade L	1	37	5112893788	5112933807	40019	1163.92	194.93	1191.12	188.45	0.95	53.65	0.70	23.72	2946.81	-1302.38	1036.68
Saccade R	1	35	5112893788	5112933807	40019	1163.92	194.93	1191.12	188.45	0.95	53.65	0.70	23.72	2946.81	-1302.38	1036.68
Saccade L	1	38	5112933807	5112989789	55982	1191.12	188.45	820.14	240.85	8.38	331.35	0.43	149.63	15598.13	-9483.49	8189.78
Saccade R	1	36	5112933807	5112989789	55982	1191.12	188.45	820.14	240.85	8.38	331.35	0.43	149.63	15598.13	-9483.49	8189.78
Saccade L	1	39	5112997806	5113053791	55985	832.41	253.28	849.56	334.52	2.15	81.16	0.57	38.43	3105.65	-3050.80	1588.27
Saccade R	1	37	5112997806	5113053791	55985	832.41	253.28	849.56	334.52	2.15	81.16	0.57	38.43	3105.65	-3050.80	1588.27
Saccade L	1	40	5113053791	5113101792	48001	849.56	334.52	822.51	278.51	1.55	67.27	0.58	32.38	1341.28	-2686.00	1081.03
Saccade R	1	38	5113053791	5113101792	48001	849.56	334.52	822.51	278.51	1.55	67.27	0.58	32.38	1341.28	-2686.00	1081.03
Fixation L	1	14	5113101792	5113165791	63999	838.38	276.97	27	30	-1	13.79	13.79
Fixation R	1	13	5113101792	5113165791	63999	838.38	276.97	27	30	-1	12.52	12.52
Saccade L	1	41	5113165791	5113221794	56003	845.99	306.21	956.38	216.11	3.04	127.84	0.21	54.25	5215.97	-4166.93	2709.48
Saccade R	1	39	5113165791	5113221794	56003	845.99	306.21	956.38	216.11	3.04	127.84	0.21	54.25	5215.97	-4166.93	2709.48
Fixation L	1	15	5113221794	5113337818	116024	945.70	248.09	38	58	-1	13.50	13.50
Fixation R	1	14	5113221794	5113337818	116024	945.70	248.09	38	58	-1	12.48	12.48
Saccade L	1	42	5113337818	5113413795	75977	922.45	266.16	897.90	222.89	2.45	84.96	0.47	32.28	1599.54	-1679.32	1012.36
Saccade R	1	40	5113337818	5113413795	75977	922.45	266.16	897.90	222.89	2.45	84.96	0.47	32.28	1599.54	-1679.32	1012.36
Saccade L	1	43	5113425791	5113517811	92020	893.93	225.57	822.41	494.11	7.93	365.01	0.48	86.20	16560.63	-15076.19	5348.96
Saccade R	1	41	5113425791	5113517811	92020	893.93	225.57	822.41	494.11	7.93	365.01	0.48	86.20	16560.63	-15076.19	5348.96
Saccade L	1	44	5113517811	5113553793	35982	822.41	494.11	864.87	483.29	0.85	44.03	0.45	23.54	1188.73	-1660.44	832.49
Saccade R	1	42	5113517811	5113553793	35982	822.41	494.11	864.87	483.29	0.85	44.03	0.45	23.54	1188.73	-1660.44	832.49
Fixation L	1	16	5113553793	5113653795	100002	844.30	485.38	35	19	-1	13.79	13.79
Fixation R	1	15	5113553793	5113653795	100002	844.30	485.38	35	19	-1	12.60	12.60
Saccade L	1	45	5113653795	5113729805	76010	842.69	499.67	812.43	643.12	3.53	143.34	0.47	46.50	5420.58	-6071.68	2382.53
Saccade R	1	43	5113653795	5113729805	76010	842.69	499.67	812.43	643.12	3.53	143.34	0.47	46.50	5420.58	-6071.68	2382.53
Fixation L	1	17	5113729805	5113833809	104004	826.83	668.38	28	70	-1	14.03	14.03
Fixation R	1	16	5113729805	5113833809	104004	826.83	668.38	28	70	-1	12.61	12.61
Saccade L	1	46	5113833809	5113885811	52002	828.11	711.51	699.50	669.76	2.97	152.63	0.46	57.16	6722.11	-6390.81	3588.32
Saccade R	1	44	5113833809	5113885811	52002	828.11	711.51	699.50	669.76	2.97	152.63	0.46	57.16	6722.11	-6390.81	3588.32
Fixation L	1	18	5113885811	5114049809	163998	713.75	657.63	23	25	-1	13.60	13.60
Fixation R	1	17	5113885811	5114049809	163998	713.75	657.63	23	25	-1	12.35	12.35
Saccade L	1	47	5114049809	5114113822	64013	715.13	644.81	740.26	795.40	3.57	176.66	0.25	55.75	8153.77	-7046.92	3042.75
Saccade R	1	45	5114049809	5114113822	64013	715.13	644.81	740.26	795.40	3.57	176.66	0.25	55.75	8153.77	-7046.92	3042.75
Saccade L	1	48	5114113822	5114137819	23997	740.26	795.40	716.22	807.77	0.62	44.98	0.50	25.82	834.12	-1964.91	1058.51
Saccade R	1	46	5114113822	5114137819	23997	740.26	795.40	716.22	807.77	0.62	44.98	0.50	25.82	834.12	-1964.91	1058.51
Fixation L	1	19	5114137819	5114269705	131886	717.18	777.06	19	53	-1	13.49	13.49
Fixation R	1	18	5114137819	5114269705	131886	717.18	777.06	19	53	-1	12.11	12.11
Fixation L	1	20	5114333687	5114718727	385040	0.00	0.00	0	0	-1	5.15	5.15
Fixation R	1	19	5114333687	5114718727	385040	0.00	0.00	0	0	-1	11.65	11.65
Saccade L	1	49	5115003499	5115183978	180479	0.00	0.00	796.67	504.39	141.33	1817.78	0.94	783.08	76122.70	-75850.17	57325.58
Saccade R	1	47	5115003499	5115183978	180479	0.00	0.00	796.67	504.39	141.33	1817.78	0.94	783.08	76122.70	-75850.17	57325.58
Fixation L	1	21	5115183978	5115368012	184034	793.60	510.87	27	30	-1	15.28	15.28
Fixation R	1	20	5115183978	5115368012	184034	793.60	510.87	27	30	-1	14.22	14.22
Saccade L	1	50	5115368012	5115451973	83961	783.31	503.26	644.53	584.93	5.20	241.41	0.33	61.92	9973.78	-8671.01	3625.59
Saccade R	1	48	5115368012	5115451973	83961	783.31	503.26	644.53	584.93	5.20	241.41	0.33	61.92	9973.78	-8671.01	3625.59
Saccade L	1	51	5115551986	5115603979	51993	619.64	599.51	150.01	1025.94	14.20	570.33	0.54	273.07	27353.33	-24364.58	16726.76
Saccade R	1	49	5115551986	5115603979	51993	619.64	599.51	150.01	1025.94	14.20	570.33	0.54	273.07	27353.33	-24364.58	16726.76
Fixation L	1	22	5115603979	5115699987	96008	153.82	1002.34	27	39	-1	14.61	14.61
Fixation R	1	21	5115603979	5115699987	96008	153.82	1002.34	27	39	-1	13.49	13.49
Fixation L	1	23	5115783998	5116263938	479940	0.00	0.00	0	0	-1	13.49	13.49
Fixation R	1	22	5115783998	5116263938	479940	0.00	0.00	0	0	-1	12.90	12.90
Saccade L	1	52	5116263938	5116495962	232024	0.00	0.00	746.20	471.42	133.46	1696.96	0.92	575.20	71073.53	-70353.65	47758.13
Saccade R	1	50	5116263938	5116495962	232024	0.00	0.00	746.20	471.42	133.46	1696.96	0.92	575.20	71073.53	-70353.65	47758.13
Fixation L	1	24	5116495962	5116631971	136009	749.15	498.29	11	44	-1	15.66	15.66
Fixation R	1	23	5116495962	5116631971	136009	749.15	498.29	11	44	-1	14.60	14.60
Saccade L	1	53	5116631971	5116675968	43997	754.21	508.80	673.68	535.63	2.43	156.55	0.36	55.25	6941.29	-5812.47	3699.91
Saccade R	1	51	5116631971	5116675968	43997	754.21	508.80	673.68	535.63	2.43	156.55	0.36	55.25	6941.29	-5812.47	3699.91
Fixation L	1	25	5116675968	5116947972	272004	670.89	547.88	35	34	-1	14.89	14.89
Fixation R	1	24	5116675968	5116947972	272004	670.89	547.88	35	34	-1	13.96	13.96
Saccade L	1	54	5116947972	5116995978	48006	668.45	556.16	736.66	534.72	1.59	76.86	0.50	33.02	3045.21	-2766.89	1767.96
Saccade R	1	52	5116947972	5116995978	48006	668.45	556.16	736.66	534.72	1.59	76.86	0.50	33.02	3045.21	-2766.89	1767.96
Fixation L	1	26	5116995978	5117087971	91993	735.14	526.27	12	20	-1	13.90	13.90
Fixation R	1	25	5116995978	5117087971	91993	735.14	526.27	12	20	-1	13.01	13.01
Saccade L	1	55	5117087971	5117115997	28026	746.33	531.08	745.72	537.77	0.73	43.37	0.57	26.04	912.16	-1456.73	626.69
Saccade R	1	53	5117087971	5117115997	28026	746.33	531.08	745.72	537.77	0.73	43.37	0.57	26.04	912.16	-1456.73	626.69
Fixation L	1	27	5117115997	5117247980	131983	731.96	536.81	24	42	-1	13.84	13.84
Fixation R	1	26	5117115997	5117247980	131983	731.96	536.81	24	42	-1	12.98	12.98
Saccade L	1	56	5117247980	5117296001	48021	721.28	516.70	856.14	619.56	4.23	210.60	0.42	88.16	9340.31	-7619.01	5235.43
Saccade R	1	54	5117247980	5117296001	48021	721.28	516.70	856.14	619.56	4.23	210.60	0.42	88.16	9340.31	-7619.01	5235.43
Fixation L	1	28	5117296001	5117447981	151980	859.39	622.55	24	39	-1	14.02	14.02
Fixation R	1	27	5117296001	5117447981	151980	859.39	622.55	24	39	-1	13.06	13.06
Saccade L	1	57	5117447981	5117495988	48007	850.44	628.52	749.92	657.85	2.38	142.88	0.42	49.54	6607.23	-5701.46	3490.06
Saccade R	1	55	5117447981	5117495988	48007	850.44	628.52	749.92	657.85	2.38	142.88	0.42	49.54	6607.23	-5701.46	3490.06
Fixation L	1	29	5117495988	5117644004	148016	738.03	651.14	24	23	-1	14.37	14.37
Fixation R	1	28	5117495988	5117644004	148016	738.03	651.14	24	23	-1	13.00	13.00
Saccade L	1	58	5117644004	5117675986	31982	749.48	665.46	711.35	666.04	0.80	47.15	0.50	25.11	2092.66	-1951.32	1501.47
Saccade R	1	56	5117644004	5117675986	31982	749.48	665.46	711.35	666.04	0.80	47.15	0.50	25.11	2092.66	-1951.32	1501.47
Fixation L	1	30	5117675986	5117843856	167870	699.57	682.73	29	35	-1	14.16	14.16
Fixation R	1	29	5117675986	5117843856	167870	699.57	682.73	29	35	-1	12.76	12.76
Saccade L	1	59	5117843856	5117875855	31999	695.33	698.59	725.64	766.20	1.59	112.72	0.50	49.66	4921.88	-4845.74	3583.65
Saccade R	1	57	5117843856	5117875855	31999	695.33	698.59	725.64	766.20	1.59	112.72	0.50	49.66	4921.88	-4845.74	3583.65
Fixation L	1	31	5117875855	5118123881	248026	729.10	781.85	27	27	-1	13.87	13.87
Fixation R	1	30	5117875855	5118123881	248026	729.10	781.85	27	27	-1	12.45	12.45
Saccade L	1	60	5118123881	5118207871	83990	727.12	778.75	734.21	332.49	10.33	336.71	0.24	123.05	15113.64	-9531.85	6170.03
Saccade R	1	58	5118123881	5118207871	83990	727.12	778.75	734.21	332.49	10.33	336.71	0.24	123.05	15113.64	-9531.85	6170.03
Fixation L	1	32	5118207871	5118291871	84000	735.85	325.81	23	31	-1	13.91	13.91
Fixation R	1	31	5118207871	5118291871	84000	735.85	325.81	23	31	-1	12.51	12.51
Saccade L	1	61	5118291871	5118371872	80001	721.27	311.70	1118.70	234.00	9.47	426.85	0.45	118.39	20118.25	-18473.33	7646.89
Saccade R	1	59	5118291871	5118371872	80001	721.27	311.70	1118.70	234.00	9.47	426.85	0.45	118.39	20118.25	-18473.33	7646.89
Saccade L	1	62	5118371872	5118419900	48028	1118.70	234.00	1067.14	228.34	1.29	44.22	0.42	26.87	1406.01	-1441.77	876.05
Saccade R	1	60	5118371872	5118419900	48028	1118.70	234.00	1067.14	228.34	1.29	44.22	0.42	26.87	1406.01	-1441.77	876.05
Saccade L	1	63	5118419900	5118503870	83970	1067.14	228.34	943.87	212.81	4.20	206.66	0.67	49.98	8732.87	-8674.92	2993.02
Saccade R	1	61	5118419900	5118503870	83970	1067.14	228.34	943.87	212.81	4.20	206.66	0.67	49.98	8732.87	-8674.92	2993.02
Saccade L	1	64	5118503870	5118555917	52047	943.87	212.81	945.68	267.76	1.75	56.01	0.69	33.56	1441.61	-2165.33	1002.98
Saccade R	1	62	5118503870	5118555917	52047	943.87	212.81	945.68	267.76	1.75	56.01	0.69	33.56	1441.61	-2165.33	1002.98
Fixation L	1	33	5118555917	5118659888	103971	955.08	242.59	18	73	-1	13.92	13.92
Fixation R	1	32	5118555917	5118659888	103971	955.08	242.59	18	73	-1	12.55	12.55
Saccade L	1	65	5118659888	5118719881	59993	958.08	206.39	774.67	279.07	4.87	232.88	0.53	81.24	10446.34	-7185.01	4867.00
Saccade R	1	63	5118659888	5118719881	59993	958.08	206.39	774.67	279.07	4.87	232.88	0.53	81.24	10446.34	-7185.01	4867.00
Saccade L	1	66	5118747907	5118767873	19966	764.55	276.87	762.56	255.88	0.41	40.45	0.60	20.66	1089.63	-970.11	751.94
Saccade R	1	64	5118747907	5118767873	19966	764.55	276.87	762.56	255.88	0.41	40.45	0.60	20.66	1089.63	-970.11	751.94
Saccade L	1	67	5118767873	5118823884	56011	762.56	255.88	769.54	277.19	1.21	40.47	0.71	21.58	1117.48	-970.11	531.06
Saccade R	1	65	5118767873	5118823884	56011	762.56	255.88	769.54	277.19	1.21	40.47	0.71	21.58	1117.48	-970.11	531.06
Fixation L	1	34	5118823884	5119043885	220001	761.39	243.11	29	70	-1	14.25	14.25
Fixation R	1	33	5118823884	5119043885	220001	761.39	243.11	29	70	-1	12.85	12.85
Saccade L	1	68	5119043885	5119071885	28000	764.79	245.07	845.04	254.02	1.85	140.63	0.57	66.22	6116.06	-6267.31	4576.73
Saccade R	1	66	5119043885	5119071885	28000	764.79	245.07	845.04	254.02	1.85	140.63	0.57	66.22	6116.06	-6267.31	4576.73
Fixation L	1	35	5119071885	5119123889	52004	850.46	261.51	16	17	-1	14.35	14.35
Fixation R	1	34	5119071885	5119123889	52004	850.46	261.51	16	17	-1	12.84	12.84
Saccade L	1	69	5119123889	5119155787	31898	839.46	276.16	874.91	287.30	0.96	56.52	0.63	29.95	1637.43	-2522.72	1182.47
Saccade R	1	67	5119123889	5119155787	31898	839.46	276.16	874.91	287.30	0.96	56.52	0.63	29.95	1637.43	-2522.72	1182.47
Saccade L	1	70	5119171753	5119207777	36024	877.47	284.66	857.42	307.48	0.89	47.60	0.33	24.57	2030.16	-1389.04	1009.59
Saccade R	1	68	5119171753	5119207777	36024	877.47	284.66	857.42	307.48	0.89	47.60	0.33	24.57	2030.16	-1389.04	1009.59
Saccade L	1	71	5119251787	5119275762	23975	869.29	271.22	864.20	300.76	0.63	48.37	0.50	26.18	3115.03	-1129.47	1332.90
Saccade R	1	69	5119251787	5119275762	23975	869.29	271.22	864.20	300.76	0.63	48.37	0.50	26.18	3115.03	-1129.47	1332.90
Saccade L	1	72	5119275762	5119331774	56012	864.20	300.76	806.36	531.29	5.56	340.92	0.36	99.31	15806.59	-15060.96	7535.10
Saccade R	1	70	5119275762	5119331774	56012	864.20	300.76	806.36	531.29	5.56	340.92	0.36	99.31	15806.59	-15060.96	7535.10
Fixation L	1	36	5119331774	5119643781	312007	822.63	523.90	46	31	-1	14.35	14.35
Fixation R	1	35	5119331774	5119643781	312007	822.63	523.90	46	31	-1	12.96	12.96
Saccade L	1	73	5119643781	5119703764	59983	842.55	541.92	841.67	285.83	5.51	235.99	0.33	91.93	11422.91	-7958.33	4941.35
Saccade R	1	71	5119643781	5119703764	59983	842.55	541.92	841.67	285.83	5.51	235.99	0.33	91.93	11422.91	-7958.33	4941.35
Fixation L	1	37	5119703764	5120171794	468030	835.48	272.20	40	61	-1	13.50	13.50
Fixation R	1	36	5119703764	5120171794	468030	835.48	272.20	40	61	-1	12.37	12.37
Saccade L	1	74	5120171794	5120247784	75990	820.02	259.97	907.44	206.01	2.98	143.77	0.53	39.19	5952.23	-5711.07	2188.43
Saccade R	1	72	5120171794	5120247784	75990	820.02	259.97	907.44	206.01	2.98	143.77	0.53	39.19	5952.23	-5711.07	2188.43
Fixation L	1	38	5120247784	5120427802	180018	888.27	225.95	33	50	-1	13.79	13.79
Fixation R	1	37	5120247784	5120427802	180018	888.27	225.95	33	50	-1	12.81	12.81
Saccade L	1	75	5120427802	5120459790	31988	883.41	201.02	896.90	222.52	0.81	51.83	0.62	25.42	2090.48	-852.11	946.68
Saccade R	1	73	5120427802	5120459790	31988	883.41	201.02	896.90	222.52	0.81	51.83	0.62	25.42	2090.48	-852.11	946.68
Saccade L	1	76	5120459790	5120495781	35991	896.90	222.52	876.95	186.77	1.09	48.97	0.44	30.41	1598.62	-2012.46	1171.90
Saccade R	1	74	5120459790	5120495781	35991	896.90	222.52	876.95	186.77	1.09	48.97	0.44	30.41	1598.62	-2012.46	1171.90
Fixation L	1	39	5120495781	5120575653	79872	880.62	206.37	19	31	-1	13.79	13.79
Fixation R	1	38	5120495781	5120575653	79872	880.62	206.37	19	31	-1	12.74	12.74
Saccade L	1	77	5120575653	5120651672	76019	878.07	207.18	782.06	692.26	11.41	431.94	0.37	150.15	18423.38	-15383.72	8629.62
Saccade R	1	75	5120575653	5120651672	76019	878.07	207.18	782.06	692.26	11.41	431.94	0.37	150.15	18423.38	-15383.72	8629.62
Fixation L	1	40	5120651672	5120747656	95984	789.03	719.07	20	41	-1	14.16	14.16
Fixation R	1	39	5120651672	5120747656	95984	789.03	719.07	20	41	-1	12.92	12.92
Saccade L	1	78	5120747656	5120815664	68008	797.89	716.76	707.58	763.88	2.52	119.56	0.41	36.99	4472.36	-4580.79	2048.61
Saccade R	1	76	5120747656	5120815664	68008	797.89	716.76	707.58	763.88	2.52	119.56	0.41	36.99	4472.36	-4580.79	2048.61
Fixation L	1	41	5120815664	5121063689	248025	723.54	766.70	30	38	-1	14.33	14.33
Fixation R	1	40	5120815664	5121063689	248025	723.54	766.70	30	38	-1	12.95	12.95
Saccade L	1	79	5121063689	5121119662	55973	730.85	784.05	647.54	799.40	2.46	135.40	0.50	43.97	5774.83	-5152.52	2840.01
Saccade R	1	77	5121063689	5121119662	55973	730.85	784.05	647.54	799.40	2.46	135.40	0.50	43.97	5774.83	-5152.52	2840.01
Fixation L	1	42	5121119662	5121251670	132008	625.68	798.78	36	33	-1	13.88	13.88
Fixation R	1	41	5121119662	5121251670	132008	625.68	798.78	36	33	-1	12.54	12.54
Fixation L	1	43	5121347658	5121399663	52005	0.00	0.00	0	0	-1	14.12	14.12
Fixation R	1	42	5121347658	5121399663	52005	0.00	0.00	0	0	-1	12.72	12.72
Saccade L	1	80	5121399663	5121439663	40000	0.00	0.00	0.00	0.00	70.11	3610.61	0.70	1752.73	150631.89	-150686.56	80425.98
Saccade R	1	78	5121399663	5121439663	40000	0.00	0.00	0.00	0.00	70.11	3610.61	0.70	1752.73	150631.89	-150686.56	80425.98
Fixation L	1	44	5121439663	5121491675	52012	0.00	0.00	0	0	-1	13.87	13.87
Fixation R	1	43	5121439663	5121491675	52012	0.00	0.00	0	0	-1	12.82	12.82
Saccade L	1	81	5121491675	5121519685	28010	0.00	0.00	0.00	0.00	44.03	3762.33	0.43	1571.97	156990.33	-56123.12	71190.98
Saccade R	1	79	5121491675	5121519685	28010	0.00	0.00	0.00	0.00	44.03	3762.33	0.43	1571.97	156990.33	-56123.12	71190.98
Saccade L	1	82	5121519685	5121567677	47992	0.00	0.00	1647.32	762.44	26.71	230.48	0.50	556.63	28718.51	-110961.09	35550.59
Saccade R	1	80	5121519685	5121567677	47992	0.00	0.00	1647.32	762.44	26.71	230.48	0.50	556.63	28718.51	-110961.09	35550.59
Saccade L	1	83	5121567677	5121627708	60031	1647.32	762.44	1664.93	801.79	62.37	3535.36	0.55	1038.97	143625.72	-144660.43	76378.55
Saccade R	1	81	5121567677	5121627708	60031	1647.32	762.44	1664.93	801.79	62.37	3535.36	0.55	1038.97	143625.72	-144660.43	76378.55
Saccade L	1	84	5121627708	5121655690	27982	1664.93	801.79	0.00	0.00	37.16	3483.54	0.57	1327.84	144588.89	-146895.62	106822.01
Saccade R	1	82	5121627708	5121655690	27982	1664.93	801.79	0.00	0.00	37.16	3483.54	0.57	1327.84	144588.89	-146895.62	106822.01
Saccade L	1	85	5121855684	5121883674	27990	741.50	423.18	736.15	459.48	0.87	61.48	0.57	30.92	2707.87	-2543.44	1911.10
Saccade R	1	83	5121855684	5121883674	27990	741.50	423.18	736.15	459.48	0.87	61.48	0.57	30.92	2707.87	-2543.44	1911.10
Fixation L	1	45	5121883674	5121943670	59996	727.61	494.66	86	199	-1	15.03	15.03
Fixation R	1	44	5121883674	5121943670	59996	727.61	494.66	86	199	-1	13.71	13.71
