[BeGaze]
Converted from:	D:\Kirillov\Results\ermolova_temp\Nastya 3kurs-eye_data.idf
Date:	17.04.2019 03:52:19
Version:	BeGaze 3.0.181
Sample Rate:	250
Subject:	Nastya 3kurs
Description:	Run3

Table Header for Fixations:
Event Type	Trial	Number	Start	End	Duration	Location X	Location Y	Dispersion X	Dispersion Y	Plane	Avg. Pupil Size X	Avg. Pupil Size Y

Table Header for Saccades:
Event Type	Trial	Number	Start	End	Duration	Start Loc.X	Start Loc.Y	End Loc.X	End Loc.Y	Amplitude	Peak Speed	Peak Speed At	Average Speed	Peak Accel.	Peak Decel.	Average Accel.

Table Header for User Events:
Event Type	Trial	Number	Start	Description

UserEvent	1	1	5201298154	# Message: Vertical- 3.jpg
Saccade L	1	1	5201317748	5201385762	68014	321.08	346.62	394.59	309.06	2.55	67.63	0.47	37.54	1589.50	-1832.32	1144.05
Saccade R	1	1	5201317748	5201385762	68014	321.08	346.62	394.59	309.06	2.55	67.63	0.47	37.54	1589.50	-1832.32	1144.05
Fixation L	1	1	5201385762	5201565788	180026	380.04	300.06	39	67	-1	14.14	14.14
Fixation R	1	1	5201385762	5201565788	180026	380.04	300.06	39	67	-1	12.93	12.93
Fixation L	1	2	5201729763	5202037779	308016	895.92	379.04	74	64	-1	13.07	13.07
Fixation R	1	2	5201729763	5202037779	308016	895.92	379.04	74	64	-1	12.23	12.23
Saccade L	1	2	5202037779	5202129777	91998	861.11	332.13	401.29	145.94	11.40	357.63	0.22	123.87	16600.69	-9937.66	5869.83
Saccade R	1	2	5202037779	5202129777	91998	861.11	332.13	401.29	145.94	11.40	357.63	0.22	123.87	16600.69	-9937.66	5869.83
Saccade L	1	3	5202129777	5202173796	44019	401.29	145.94	399.76	217.01	1.61	72.20	0.73	36.67	1327.68	-351.06	696.21
Saccade R	1	3	5202129777	5202173796	44019	401.29	145.94	399.76	217.01	1.61	72.20	0.73	36.67	1327.68	-351.06	696.21
Saccade L	1	4	5202173796	5202205799	32003	399.76	217.01	441.20	198.38	1.30	75.91	0.25	40.53	177.52	-2259.57	957.27
Saccade R	1	4	5202173796	5202205799	32003	399.76	217.01	441.20	198.38	1.30	75.91	0.25	40.53	177.52	-2259.57	957.27
Fixation L	1	3	5202205799	5202289761	83962	441.52	173.94	23	46	-1	12.68	12.68
Fixation R	1	3	5202205799	5202289761	83962	441.52	173.94	23	46	-1	11.70	11.70
Saccade L	1	5	5202289761	5202317762	28001	435.21	153.36	384.40	267.49	2.27	179.25	0.43	80.92	7539.51	-7100.40	5204.08
Saccade R	1	5	5202289761	5202317762	28001	435.21	153.36	384.40	267.49	2.27	179.25	0.43	80.92	7539.51	-7100.40	5204.08
Fixation L	1	4	5202317762	5202437659	119897	354.92	242.19	44	51	-1	12.60	12.60
Fixation R	1	4	5202317762	5202437659	119897	354.92	242.19	44	51	-1	11.67	11.67
Saccade L	1	6	5202437659	5202477670	40011	352.66	253.33	367.43	38.12	4.49	213.71	0.60	112.25	8526.15	-9789.19	6753.87
Saccade R	1	6	5202437659	5202477670	40011	352.66	253.33	367.43	38.12	4.49	213.71	0.60	112.25	8526.15	-9789.19	6753.87
Fixation L	1	5	5202477670	5202649656	171986	380.09	54.25	32	32	-1	12.75	12.75
Fixation R	1	5	5202477670	5202649656	171986	380.09	54.25	32	32	-1	11.70	11.70
Saccade L	1	7	5202649656	5202709648	59992	362.20	56.91	1092.92	299.10	17.67	588.52	0.60	294.58	23306.97	-27261.38	15447.71
Saccade R	1	7	5202649656	5202709648	59992	362.20	56.91	1092.92	299.10	17.67	588.52	0.60	294.58	23306.97	-27261.38	15447.71
Saccade L	1	8	5202709648	5202729649	20001	1092.92	299.10	1057.84	293.10	0.79	76.54	0.60	39.52	1422.86	-2426.11	977.77
Saccade R	1	8	5202709648	5202729649	20001	1092.92	299.10	1057.84	293.10	0.79	76.54	0.60	39.52	1422.86	-2426.11	977.77
Fixation L	1	6	5202729649	5202809656	80007	1063.40	306.00	15	23	-1	12.88	12.88
Fixation R	1	6	5202729649	5202809656	80007	1063.40	306.00	15	23	-1	11.98	11.98
Saccade L	1	9	5202809656	5202837651	27995	1053.19	304.91	1236.31	313.21	3.59	276.63	0.57	128.06	13067.65	-10534.60	8614.94
Saccade R	1	9	5202809656	5202837651	27995	1053.19	304.91	1236.31	313.21	3.59	276.63	0.57	128.06	13067.65	-10534.60	8614.94
Saccade L	1	10	5202837651	5202873651	36000	1236.31	313.21	1202.23	295.94	2.50	136.45	0.33	69.31	2494.41	-5716.43	2671.07
Saccade R	1	10	5202837651	5202873651	36000	1236.31	313.21	1202.23	295.94	2.50	136.45	0.33	69.31	2494.41	-5716.43	2671.07
Fixation L	1	7	5202873651	5203029688	156037	1185.91	338.58	42	68	-1	13.11	13.11
Fixation R	1	7	5202873651	5203029688	156037	1185.91	338.58	42	68	-1	12.18	12.18
Fixation L	1	8	5203045660	5203185662	140002	1187.54	406.90	18	48	-1	13.14	13.14
Fixation R	1	8	5203045660	5203185662	140002	1187.54	406.90	18	48	-1	11.95	11.95
Saccade L	1	11	5203185662	5203265682	80020	1191.89	425.67	441.43	235.04	17.84	448.85	0.30	222.94	21182.13	-8363.00	8945.38
Saccade R	1	11	5203185662	5203265682	80020	1191.89	425.67	441.43	235.04	17.84	448.85	0.30	222.94	21182.13	-8363.00	8945.38
Saccade L	1	12	5203265682	5203289659	23977	441.43	235.04	448.24	198.52	0.96	81.09	0.67	40.08	1890.32	-3029.07	1871.51
Saccade R	1	12	5203265682	5203289659	23977	441.43	235.04	448.24	198.52	0.96	81.09	0.67	40.08	1890.32	-3029.07	1871.51
Saccade L	1	13	5203317677	5203353674	35997	449.17	186.88	403.86	194.75	1.03	49.54	0.44	28.56	2030.70	-1427.76	1098.13
Saccade R	1	13	5203317677	5203353674	35997	449.17	186.88	403.86	194.75	1.03	49.54	0.44	28.56	2030.70	-1427.76	1098.13
Fixation L	1	9	5203377657	5203561660	184003	427.13	166.30	36	39	-1	12.79	12.79
Fixation R	1	9	5203377657	5203561660	184003	427.13	166.30	36	39	-1	11.49	11.49
Saccade L	1	14	5203561660	5203597663	36003	411.02	189.78	408.65	226.28	1.02	45.91	0.33	28.29	1723.38	-1089.76	834.34
Saccade R	1	14	5203561660	5203597663	36003	411.02	189.78	408.65	226.28	1.02	45.91	0.33	28.29	1723.38	-1089.76	834.34
Saccade L	1	15	5203605674	5203633659	27985	405.60	233.41	363.32	248.40	1.15	79.27	0.57	41.12	3048.23	-3120.95	2036.55
Saccade R	1	15	5203605674	5203633659	27985	405.60	233.41	363.32	248.40	1.15	79.27	0.57	41.12	3048.23	-3120.95	2036.55
Saccade L	1	16	5203653665	5203681658	27993	360.40	257.33	372.00	220.24	0.76	42.78	0.43	27.26	1733.36	-1791.43	1258.58
Saccade R	1	16	5203653665	5203681658	27993	360.40	257.33	372.00	220.24	0.76	42.78	0.43	27.26	1733.36	-1791.43	1258.58
Fixation L	1	10	5203681658	5203869534	187876	386.18	227.66	23	69	-1	12.99	12.99
Fixation R	1	10	5203681658	5203869534	187876	386.18	227.66	23	69	-1	11.75	11.75
Saccade L	1	17	5203869534	5203897565	28031	390.21	263.81	357.50	250.22	0.76	42.05	0.43	27.21	1887.86	-584.31	822.86
Saccade R	1	17	5203869534	5203897565	28031	390.21	263.81	357.50	250.22	0.76	42.05	0.43	27.21	1887.86	-584.31	822.86
Fixation L	1	11	5203913535	5203977548	64013	333.90	302.19	13	63	-1	13.38	13.38
Fixation R	1	11	5203913535	5203977548	64013	333.90	302.19	13	63	-1	12.09	12.09
Fixation L	1	12	5203993555	5204049560	56005	366.30	314.23	22	32	-1	13.20	13.20
Fixation R	1	12	5203993555	5204049560	56005	366.30	314.23	22	32	-1	12.18	12.18
Saccade L	1	18	5204049560	5204069544	19984	370.85	298.48	352.09	327.61	0.52	43.01	0.60	26.07	4402.37	847.07	1849.18
Saccade R	1	18	5204049560	5204069544	19984	370.85	298.48	352.09	327.61	0.52	43.01	0.60	26.07	4402.37	847.07	1849.18
Saccade L	1	19	5204069544	5204125558	56014	352.09	327.61	373.15	163.53	4.27	155.90	0.21	76.23	6127.61	-4281.56	3558.93
Saccade R	1	19	5204069544	5204125558	56014	352.09	327.61	373.15	163.53	4.27	155.90	0.21	76.23	6127.61	-4281.56	3558.93
Saccade L	1	20	5204133538	5204153547	20009	364.80	159.53	403.75	173.24	0.70	56.52	0.60	34.94	1889.65	-1338.67	1240.45
Saccade R	1	20	5204133538	5204153547	20009	364.80	159.53	403.75	173.24	0.70	56.52	0.60	34.94	1889.65	-1338.67	1240.45
Fixation L	1	13	5204153547	5204373556	220009	382.01	157.87	35	62	-1	13.43	13.43
Fixation R	1	13	5204153547	5204373556	220009	382.01	157.87	35	62	-1	12.35	12.35
Saccade L	1	21	5204373556	5204421560	48004	368.72	119.86	438.23	198.30	2.57	84.33	0.67	53.49	3322.92	-3877.64	2201.67
Saccade R	1	21	5204373556	5204421560	48004	368.72	119.86	438.23	198.30	2.57	84.33	0.67	53.49	3322.92	-3877.64	2201.67
Fixation L	1	14	5204421560	5204581548	159988	431.18	232.52	19	55	-1	13.44	13.44
Fixation R	1	14	5204421560	5204581548	159988	431.18	232.52	19	55	-1	12.66	12.66
Saccade L	1	22	5204581548	5204649557	68009	420.11	227.38	1122.69	298.19	16.55	505.97	0.29	243.42	23318.84	-21339.39	12343.28
Saccade R	1	22	5204581548	5204649557	68009	420.11	227.38	1122.69	298.19	16.55	505.97	0.29	243.42	23318.84	-21339.39	12343.28
Fixation L	1	15	5204649557	5204745570	96013	1104.93	325.98	58	45	-1	13.58	13.58
Fixation R	1	15	5204649557	5204745570	96013	1104.93	325.98	58	45	-1	12.59	12.59
Saccade L	1	23	5204745570	5204781562	35992	1065.32	325.12	1083.18	365.21	1.52	75.46	0.33	42.28	2537.88	-2290.14	1709.23
Saccade R	1	23	5204745570	5204781562	35992	1065.32	325.12	1083.18	365.21	1.52	75.46	0.33	42.28	2537.88	-2290.14	1709.23
Saccade L	1	24	5204793567	5204825583	32016	1089.43	386.37	1031.54	369.50	1.34	85.91	0.37	41.83	3180.19	-3239.92	2005.54
Saccade R	1	24	5204793567	5204825583	32016	1089.43	386.37	1031.54	369.50	1.34	85.91	0.37	41.83	3180.19	-3239.92	2005.54
Saccade L	1	25	5204833571	5204873580	40009	1022.61	371.59	1052.73	395.39	1.24	54.04	0.70	30.94	1112.26	-1823.44	706.21
Saccade R	1	25	5204833571	5204873580	40009	1022.61	371.59	1052.73	395.39	1.24	54.04	0.70	30.94	1112.26	-1823.44	706.21
Fixation L	1	16	5204873580	5204925578	51998	1059.87	397.83	17	17	-1	13.54	13.54
Fixation R	1	16	5204873580	5204925578	51998	1059.87	397.83	17	17	-1	12.53	12.53
Saccade L	1	26	5204925578	5204973572	47994	1053.41	395.36	1022.06	430.91	1.74	75.11	0.58	36.26	2513.64	-3215.64	1612.89
Saccade R	1	26	5204925578	5204973572	47994	1053.41	395.36	1022.06	430.91	1.74	75.11	0.58	36.26	2513.64	-3215.64	1612.89
Fixation L	1	17	5204973572	5205161560	187988	996.36	439.67	35	19	-1	13.19	13.19
Fixation R	1	17	5204973572	5205161560	187988	996.36	439.67	35	19	-1	11.97	11.97
Saccade L	1	27	5205161560	5205185575	24015	987.91	438.45	1090.21	436.11	1.97	167.31	0.50	81.94	7464.29	-7377.29	5545.99
Saccade R	1	27	5205161560	5205185575	24015	987.91	438.45	1090.21	436.11	1.97	167.31	0.50	81.94	7464.29	-7377.29	5545.99
Fixation L	1	18	5205185575	5205373473	187898	1098.15	443.67	23	24	-1	12.86	12.86
Fixation R	1	18	5205185575	5205373473	187898	1098.15	443.67	23	24	-1	11.61	11.61
Saccade L	1	28	5205373473	5205409458	35985	1102.78	440.82	1004.37	544.29	3.54	171.97	0.44	98.34	7937.20	-7946.35	6177.47
Saccade R	1	28	5205373473	5205409458	35985	1102.78	440.82	1004.37	544.29	3.54	171.97	0.44	98.34	7937.20	-7946.35	6177.47
Fixation L	1	19	5205409458	5205545451	135993	993.91	557.14	22	33	-1	12.99	12.99
Fixation R	1	19	5205409458	5205545451	135993	993.91	557.14	22	33	-1	11.76	11.76
Saccade L	1	29	5205545451	5205577518	32067	988.72	570.68	0.00	0.00	26.16	2439.79	0.62	815.64	96905.89	-104431.00	63780.29
Saccade R	1	29	5205545451	5205577518	32067	988.72	570.68	0.00	0.00	26.16	2439.79	0.62	815.64	96905.89	-104431.00	63780.29
Saccade L	1	30	5205601512	5205669445	67933	0.00	0.00	993.40	511.85	40.90	2071.83	0.36	602.02	69637.03	-67886.09	33942.77
Saccade R	1	30	5205601512	5205669445	67933	0.00	0.00	993.40	511.85	40.90	2071.83	0.36	602.02	69637.03	-67886.09	33942.77
Fixation L	1	20	5205669445	5205729440	59995	992.36	515.32	30	13	-1	13.12	13.12
Fixation R	1	20	5205669445	5205729440	59995	992.36	515.32	30	13	-1	12.02	12.02
Saccade L	1	31	5205729440	5205773451	44011	998.14	525.51	1076.20	405.84	3.79	173.92	0.27	86.05	7471.42	-5906.91	4670.16
Saccade R	1	31	5205729440	5205773451	44011	998.14	525.51	1076.20	405.84	3.79	173.92	0.27	86.05	7471.42	-5906.91	4670.16
Fixation L	1	21	5205773451	5205929457	156006	1084.73	367.16	33	74	-1	13.41	13.41
Fixation R	1	21	5205773451	5205929457	156006	1084.73	367.16	33	74	-1	12.14	12.14
Saccade L	1	32	5205929457	5205957461	28004	1078.78	330.62	987.71	332.02	1.78	124.59	0.43	63.51	5396.32	-5493.78	4026.17
Saccade R	1	32	5205929457	5205957461	28004	1078.78	330.62	987.71	332.02	1.78	124.59	0.43	63.51	5396.32	-5493.78	4026.17
Fixation L	1	22	5205957461	5206105447	147986	999.44	316.28	38	35	-1	13.62	13.62
Fixation R	1	22	5205957461	5206105447	147986	999.44	316.28	38	35	-1	12.57	12.57
Saccade L	1	33	5206105447	5206145452	40005	1021.37	338.32	973.01	338.81	1.16	44.43	0.70	29.01	937.33	-1670.57	787.03
Saccade R	1	33	5206105447	5206145452	40005	1021.37	338.32	973.01	338.81	1.16	44.43	0.70	29.01	937.33	-1670.57	787.03
Fixation L	1	23	5206145452	5206353450	207998	972.31	323.64	41	40	-1	13.62	13.62
Fixation R	1	23	5206145452	5206353450	207998	972.31	323.64	41	40	-1	12.63	12.63
Saccade L	1	34	5206353450	5206397454	44004	998.01	298.08	1072.35	317.46	2.58	152.00	0.36	58.58	6949.56	-5848.81	3640.28
Saccade R	1	34	5206353450	5206397454	44004	998.01	298.08	1072.35	317.46	2.58	152.00	0.36	58.58	6949.56	-5848.81	3640.28
Fixation L	1	24	5206397454	5206577468	180014	1083.28	319.77	40	38	-1	13.18	13.18
Fixation R	1	24	5206397454	5206577468	180014	1083.28	319.77	40	38	-1	12.08	12.08
Saccade L	1	35	5206577468	5206613467	35999	1106.79	309.41	1205.64	325.75	2.13	103.12	0.67	59.04	3976.04	-4820.88	3194.41
Saccade R	1	35	5206577468	5206613467	35999	1106.79	309.41	1205.64	325.75	2.13	103.12	0.67	59.04	3976.04	-4820.88	3194.41
Fixation L	1	25	5206613467	5206929336	315869	1191.63	330.35	33	53	-1	12.92	12.92
Fixation R	1	25	5206613467	5206929336	315869	1191.63	330.35	33	53	-1	11.72	11.72
Saccade L	1	36	5206929336	5207009349	80013	1178.34	313.98	478.06	261.87	15.84	390.90	0.55	197.96	16385.75	-14073.86	7729.62
Saccade R	1	36	5206929336	5207009349	80013	1178.34	313.98	478.06	261.87	15.84	390.90	0.55	197.96	16385.75	-14073.86	7729.62
Fixation L	1	26	5207009349	5207105334	95985	465.26	226.22	18	54	-1	13.11	13.11
Fixation R	1	26	5207009349	5207105334	95985	465.26	226.22	18	54	-1	11.81	11.81
Saccade L	1	37	5207105334	5207125337	20003	462.39	224.83	439.20	197.87	0.62	43.62	0.40	31.20	1776.43	-724.37	885.39
Saccade R	1	37	5207105334	5207125337	20003	462.39	224.83	439.20	197.87	0.62	43.62	0.40	31.20	1776.43	-724.37	885.39
Saccade L	1	38	5207125337	5207177355	52018	439.20	197.87	370.51	124.06	3.33	155.31	0.62	63.95	5857.71	-6243.17	3427.10
Saccade R	1	38	5207125337	5207177355	52018	439.20	197.87	370.51	124.06	3.33	155.31	0.62	63.95	5857.71	-6243.17	3427.10
Fixation L	1	27	5207193342	5207265372	72030	377.02	85.56	20	43	-1	13.18	13.18
Fixation R	1	27	5207193342	5207265372	72030	377.02	85.56	20	43	-1	11.72	11.72
Saccade L	1	39	5207265372	5207305362	39990	374.06	64.99	369.90	21.97	1.17	48.83	0.70	29.34	966.89	-1748.53	956.64
Saccade R	1	39	5207265372	5207305362	39990	374.06	64.99	369.90	21.97	1.17	48.83	0.70	29.34	966.89	-1748.53	956.64
Saccade L	1	40	5207317339	5207341358	24019	372.21	3.43	365.28	90.29	1.64	127.94	0.50	68.15	5677.25	-5602.63	4156.99
Saccade R	1	40	5207317339	5207341358	24019	372.21	3.43	365.28	90.29	1.64	127.94	0.50	68.15	5677.25	-5602.63	4156.99
Fixation L	1	28	5207341358	5207413339	71981	365.10	94.39	17	17	-1	13.08	13.08
Fixation R	1	28	5207341358	5207413339	71981	365.10	94.39	17	17	-1	11.55	11.55
Saccade L	1	41	5207413339	5207505348	92009	376.11	91.61	1079.31	227.25	16.90	335.80	0.65	183.69	13888.89	-13483.80	5994.91
Saccade R	1	41	5207413339	5207505348	92009	376.11	91.61	1079.31	227.25	16.90	335.80	0.65	183.69	13888.89	-13483.80	5994.91
Fixation L	1	29	5207505348	5207565384	60036	1077.88	238.31	7	28	-1	12.96	12.96
Fixation R	1	29	5207505348	5207565384	60036	1077.88	238.31	7	28	-1	11.70	11.70
Saccade L	1	42	5207565384	5207593346	27962	1074.27	253.25	1028.47	247.47	0.86	42.10	0.71	30.66	6730.62	61.15	1893.47
Saccade R	1	42	5207565384	5207593346	27962	1074.27	253.25	1028.47	247.47	0.86	42.10	0.71	30.66	6730.62	61.15	1893.47
Saccade L	1	43	5207593346	5207621344	27998	1028.47	247.47	1160.62	235.44	2.65	211.12	0.43	94.69	8075.38	-9383.39	6429.22
Saccade R	1	43	5207593346	5207621344	27998	1028.47	247.47	1160.62	235.44	2.65	211.12	0.43	94.69	8075.38	-9383.39	6429.22
Fixation L	1	30	5207621344	5207925365	304021	1116.18	277.25	71	92	-1	13.12	13.12
Fixation R	1	30	5207621344	5207925365	304021	1116.18	277.25	71	92	-1	11.87	11.87
Saccade L	1	44	5207925365	5207965385	40020	1113.83	293.49	919.22	297.05	4.15	247.40	0.40	103.80	11011.67	-10315.16	7145.13
Saccade R	1	44	5207925365	5207965385	40020	1113.83	293.49	919.22	297.05	4.15	247.40	0.40	103.80	11011.67	-10315.16	7145.13
Fixation L	1	31	5207965385	5208077248	111863	904.25	278.89	34	37	-1	13.08	13.08
Fixation R	1	31	5207965385	5208077248	111863	904.25	278.89	34	37	-1	11.83	11.83
Saccade L	1	45	5208077248	5208117233	39985	921.66	282.23	842.69	260.66	1.76	71.68	0.30	43.94	2658.08	-1962.44	1707.27
Saccade R	1	45	5208077248	5208117233	39985	921.66	282.23	842.69	260.66	1.76	71.68	0.30	43.94	2658.08	-1962.44	1707.27
Fixation L	1	32	5208117233	5208285250	168017	869.37	274.73	48	32	-1	13.13	13.13
Fixation R	1	32	5208117233	5208285250	168017	869.37	274.73	48	32	-1	11.85	11.85
Saccade L	1	46	5208285250	5208361248	75998	858.29	283.15	407.36	193.31	11.18	353.11	0.32	147.08	16117.93	-11748.43	7201.99
Saccade R	1	46	5208285250	5208361248	75998	858.29	283.15	407.36	193.31	11.18	353.11	0.32	147.08	16117.93	-11748.43	7201.99
Fixation L	1	33	5208361248	5208501266	140018	388.29	181.84	34	35	-1	13.25	13.25
Fixation R	1	33	5208361248	5208501266	140018	388.29	181.84	34	35	-1	12.17	12.17
Saccade L	1	47	5208501266	5208541272	40006	394.40	165.87	381.72	261.08	1.96	105.50	0.50	48.97	4611.36	-3693.93	2688.10
Saccade R	1	47	5208501266	5208541272	40006	394.40	165.87	381.72	261.08	1.96	105.50	0.50	48.97	4611.36	-3693.93	2688.10
Saccade L	1	48	5208565231	5208585238	20007	394.01	276.02	397.04	312.65	0.83	73.02	0.60	41.61	2052.67	-2275.17	1556.95
Saccade R	1	48	5208565231	5208585238	20007	394.01	276.02	397.04	312.65	0.83	73.02	0.60	41.61	2052.67	-2275.17	1556.95
Fixation L	1	34	5208585238	5208721272	136034	387.67	303.53	15	72	-1	13.20	13.20
Fixation R	1	34	5208585238	5208721272	136034	387.67	303.53	15	72	-1	12.08	12.08
Fixation L	1	35	5208737260	5208881251	143991	372.07	332.43	29	60	-1	13.19	13.19
Fixation R	1	35	5208737260	5208881251	143991	372.07	332.43	29	60	-1	12.08	12.08
Saccade L	1	49	5208881251	5208937244	55993	362.72	350.62	880.36	247.97	11.67	446.12	0.43	208.49	20387.49	-16498.39	12163.67
Saccade R	1	49	5208881251	5208937244	55993	362.72	350.62	880.36	247.97	11.67	446.12	0.43	208.49	20387.49	-16498.39	12163.67
Fixation L	1	36	5208937244	5209101260	164016	861.12	264.29	30	38	-1	13.38	13.38
Fixation R	1	36	5208937244	5209101260	164016	861.12	264.29	30	38	-1	12.52	12.52
Fixation L	1	37	5209133245	5209245250	112005	892.45	305.37	37	26	-1	13.41	13.41
Fixation R	1	37	5209133245	5209245250	112005	892.45	305.37	37	26	-1	12.54	12.54
Saccade L	1	50	5209245250	5209277573	32323	894.74	293.18	994.85	335.14	2.52	176.54	0.62	77.86	7608.10	-6897.35	5130.46
Saccade R	1	50	5209245250	5209277573	32323	894.74	293.18	994.85	335.14	2.52	176.54	0.62	77.86	7608.10	-6897.35	5130.46
Fixation L	1	38	5209277573	5209509153	231580	976.74	308.46	38	62	-1	13.32	13.32
Fixation R	1	38	5209277573	5209509153	231580	976.74	308.46	38	62	-1	12.33	12.33
Saccade L	1	51	5209509153	5209565163	56010	973.66	288.25	847.86	323.21	2.78	104.24	0.43	49.60	3803.39	-3025.02	2213.91
Saccade R	1	51	5209509153	5209565163	56010	973.66	288.25	847.86	323.21	2.78	104.24	0.43	49.60	3803.39	-3025.02	2213.91
Fixation L	1	39	5209565163	5209633125	67962	858.24	312.02	16	28	-1	13.18	13.18
Fixation R	1	39	5209565163	5209633125	67962	858.24	312.02	16	28	-1	12.10	12.10
Fixation L	1	40	5209837180	5210089142	251962	403.99	510.20	50	45	-1	13.20	13.20
Fixation R	1	40	5209837180	5210089142	251962	403.99	510.20	50	45	-1	11.87	11.87
Saccade L	1	52	5210089142	5210129132	39990	376.78	510.26	359.37	339.86	3.83	177.89	0.30	95.66	7971.52	-5699.60	4676.46
Saccade R	1	52	5210089142	5210129132	39990	376.78	510.26	359.37	339.86	3.83	177.89	0.30	95.66	7971.52	-5699.60	4676.46
Fixation L	1	41	5210129132	5210289134	160002	374.13	326.45	40	38	-1	13.44	13.44
Fixation R	1	41	5210129132	5210289134	160002	374.13	326.45	40	38	-1	12.45	12.45
Saccade L	1	53	5210289134	5210313158	24024	382.57	303.15	369.86	331.93	0.69	44.72	0.33	28.61	1400.42	-1427.51	1032.69
Saccade R	1	53	5210289134	5210313158	24024	382.57	303.15	369.86	331.93	0.69	44.72	0.33	28.61	1400.42	-1427.51	1032.69
Saccade L	1	54	5210329150	5210365145	35995	380.80	340.32	391.42	226.71	2.45	164.42	0.33	67.96	6427.68	-6327.72	4300.09
Saccade R	1	54	5210329150	5210365145	35995	380.80	340.32	391.42	226.71	2.45	164.42	0.33	67.96	6427.68	-6327.72	4300.09
Fixation L	1	42	5210365145	5210505157	140012	393.17	217.02	25	27	-1	13.63	13.63
Fixation R	1	42	5210365145	5210505157	140012	393.17	217.02	25	27	-1	12.28	12.28
Saccade L	1	55	5210505157	5210577144	71987	409.78	203.87	976.74	206.69	13.24	423.33	0.39	183.91	19084.49	-15134.94	9477.35
Saccade R	1	55	5210505157	5210577144	71987	409.78	203.87	976.74	206.69	13.24	423.33	0.39	183.91	19084.49	-15134.94	9477.35
Saccade L	1	56	5210577144	5210605170	28026	976.74	206.69	976.40	255.89	1.07	70.52	0.57	38.22	2317.94	-1286.74	1279.15
Saccade R	1	56	5210577144	5210605170	28026	976.74	206.69	976.40	255.89	1.07	70.52	0.57	38.22	2317.94	-1286.74	1279.15
Saccade L	1	57	5210605170	5210637153	31983	976.40	255.89	967.82	238.84	0.85	54.35	0.25	26.67	298.33	-1890.52	917.53
Saccade R	1	57	5210605170	5210637153	31983	976.40	255.89	967.82	238.84	0.85	54.35	0.25	26.67	298.33	-1890.52	917.53
Saccade L	1	58	5210661140	5210685168	24028	969.72	242.81	955.31	214.88	0.70	56.44	0.50	28.96	2383.46	-2020.86	1595.70
Saccade R	1	58	5210661140	5210685168	24028	969.72	242.81	955.31	214.88	0.70	56.44	0.50	28.96	2383.46	-2020.86	1595.70
Saccade L	1	59	5210705151	5210737159	32008	942.64	209.98	968.63	278.34	1.60	89.02	0.50	49.88	3867.75	-3400.40	2681.35
Saccade R	1	59	5210705151	5210737159	32008	942.64	209.98	968.63	278.34	1.60	89.02	0.50	49.88	3867.75	-3400.40	2681.35
Fixation L	1	43	5210737159	5210861239	124080	996.82	288.12	44	28	-1	13.03	13.03
Fixation R	1	43	5210737159	5210861239	124080	996.82	288.12	44	28	-1	12.05	12.05
Saccade L	1	60	5210861239	5210897020	35781	983.96	272.74	1141.73	325.92	3.57	229.47	0.33	99.82	9980.63	-9527.26	6619.85
Saccade R	1	60	5210861239	5210897020	35781	983.96	272.74	1141.73	325.92	3.57	229.47	0.33	99.82	9980.63	-9527.26	6619.85
Saccade L	1	61	5210929019	5210965039	36020	1122.20	327.27	1107.39	282.26	1.05	44.56	0.56	29.23	1083.84	-1998.00	1006.75
Saccade R	1	61	5210929019	5210965039	36020	1122.20	327.27	1107.39	282.26	1.05	44.56	0.56	29.23	1083.84	-1998.00	1006.75
Fixation L	1	44	5210965039	5211085040	120001	1098.92	285.52	32	29	-1	13.06	13.06
Fixation R	1	44	5210965039	5211085040	120001	1098.92	285.52	32	29	-1	12.05	12.05
Saccade L	1	62	5211085040	5211117046	32006	1091.07	302.29	950.71	307.54	2.81	182.94	0.50	87.87	8581.77	-8706.63	6236.66
Saccade R	1	62	5211085040	5211117046	32006	1091.07	302.29	950.71	307.54	2.81	182.94	0.50	87.87	8581.77	-8706.63	6236.66
Fixation L	1	45	5211117046	5211293046	176000	953.20	330.54	29	55	-1	13.07	13.07
Fixation R	1	45	5211117046	5211293046	176000	953.20	330.54	29	55	-1	12.08	12.08
Saccade L	1	63	5211293046	5211313050	20004	954.46	364.85	941.74	344.52	0.57	40.90	0.60	28.70	1089.05	-1267.23	817.24
Saccade R	1	63	5211293046	5211313050	20004	954.46	364.85	941.74	344.52	0.57	40.90	0.60	28.70	1089.05	-1267.23	817.24
Saccade L	1	64	5211325065	5211349025	23960	945.35	342.80	992.59	339.75	1.01	76.98	0.50	42.29	2911.77	-2593.42	2026.17
Saccade R	1	64	5211325065	5211349025	23960	945.35	342.80	992.59	339.75	1.01	76.98	0.50	42.29	2911.77	-2593.42	2026.17
Fixation L	1	46	5211349025	5211437045	88020	989.99	355.02	39	25	-1	13.16	13.16
Fixation R	1	46	5211349025	5211437045	88020	989.99	355.02	39	25	-1	12.22	12.22
Saccade L	1	65	5211437045	5211457027	19982	1009.70	346.62	977.67	333.79	0.52	40.94	0.60	25.99	857.75	-1260.82	729.10
Saccade R	1	65	5211437045	5211457027	19982	1009.70	346.62	977.67	333.79	0.52	40.94	0.60	25.99	857.75	-1260.82	729.10
Fixation L	1	47	5211457027	5211521044	64017	986.85	336.65	25	22	-1	13.19	13.19
Fixation R	1	47	5211457027	5211521044	64017	986.85	336.65	25	22	-1	12.36	12.36
Saccade L	1	66	5211521044	5211549043	27999	984.42	344.65	1151.08	357.32	3.34	256.02	0.43	119.20	11567.74	-9457.49	7868.59
Saccade R	1	66	5211521044	5211549043	27999	984.42	344.65	1151.08	357.32	3.34	256.02	0.43	119.20	11567.74	-9457.49	7868.59
Saccade L	1	67	5211549043	5211577057	28014	1151.08	357.32	1101.29	291.77	1.62	94.57	0.57	57.85	2372.24	-5487.81	2803.49
Saccade R	1	67	5211549043	5211577057	28014	1151.08	357.32	1101.29	291.77	1.62	94.57	0.57	57.85	2372.24	-5487.81	2803.49
Fixation L	1	48	5211577057	5211709042	131985	1090.35	286.16	16	23	-1	13.32	13.32
Fixation R	1	48	5211577057	5211709042	131985	1090.35	286.16	16	23	-1	12.46	12.46
Saccade L	1	68	5211709042	5211737032	27990	1079.07	286.93	1069.19	359.89	1.44	102.63	0.57	51.57	4085.96	-4556.72	3174.12
Saccade R	1	68	5211709042	5211737032	27990	1079.07	286.93	1069.19	359.89	1.44	102.63	0.57	51.57	4085.96	-4556.72	3174.12
Saccade L	1	69	5211749040	5211773038	23998	1070.60	350.59	1113.26	336.77	0.83	58.21	0.67	34.41	2347.39	-2173.12	1526.45
Saccade R	1	69	5211749040	5211773038	23998	1070.60	350.59	1113.26	336.77	0.83	58.21	0.67	34.41	2347.39	-2173.12	1526.45
Saccade L	1	70	5211785045	5211809035	23990	1095.09	331.15	1108.23	367.92	0.78	53.19	0.67	32.69	1782.16	-2032.97	1505.93
Saccade R	1	70	5211785045	5211809035	23990	1095.09	331.15	1108.23	367.92	0.78	53.19	0.67	32.69	1782.16	-2032.97	1505.93
Saccade L	1	71	5211833033	5211881041	48008	1102.17	374.78	1112.23	328.96	1.31	41.03	0.25	27.36	1460.46	-754.95	642.70
Saccade R	1	71	5211833033	5211881041	48008	1102.17	374.78	1112.23	328.96	1.31	41.03	0.25	27.36	1460.46	-754.95	642.70
Fixation L	1	49	5211881041	5212041072	160031	1086.21	334.37	58	41	-1	13.31	13.31
Fixation R	1	49	5211881041	5212041072	160031	1086.21	334.37	58	41	-1	12.30	12.30
Saccade L	1	72	5212041072	5212117038	75966	1090.56	349.01	962.32	311.57	3.88	173.19	0.63	51.12	6062.70	-6809.35	2494.40
Saccade R	1	72	5212041072	5212117038	75966	1090.56	349.01	962.32	311.57	3.88	173.19	0.63	51.12	6062.70	-6809.35	2494.40
Fixation L	1	50	5212117038	5212424914	307876	932.92	322.75	59	70	-1	13.50	13.50
Fixation R	1	50	5212117038	5212424914	307876	932.92	322.75	59	70	-1	12.32	12.32
Saccade L	1	73	5212424914	5212456929	32015	916.66	353.19	1100.20	341.56	3.83	260.61	0.38	119.68	11602.64	-10969.43	8086.69
Saccade R	1	73	5212424914	5212456929	32015	916.66	353.19	1100.20	341.56	3.83	260.61	0.38	119.68	11602.64	-10969.43	8086.69
Fixation L	1	51	5212456929	5212624937	168008	1080.40	299.58	56	65	-1	13.68	13.68
Fixation R	1	51	5212456929	5212624937	168008	1080.40	299.58	56	65	-1	12.49	12.49
Saccade L	1	74	5212624937	5212648940	24003	1078.08	285.55	975.64	289.49	2.11	185.90	0.50	88.02	7186.20	-6723.37	5138.00
Saccade R	1	74	5212624937	5212648940	24003	1078.08	285.55	975.64	289.49	2.11	185.90	0.50	88.02	7186.20	-6723.37	5138.00
Fixation L	1	52	5212648940	5212728932	79992	978.16	319.72	32	47	-1	13.74	13.74
Fixation R	1	52	5212648940	5212728932	79992	978.16	319.72	32	47	-1	12.74	12.74
Saccade L	1	75	5212728932	5212752940	24008	956.16	335.35	1008.90	326.22	1.11	80.14	0.50	46.28	2534.14	-1264.55	1498.31
Saccade R	1	75	5212728932	5212752940	24008	956.16	335.35	1008.90	326.22	1.11	80.14	0.50	46.28	2534.14	-1264.55	1498.31
Saccade L	1	76	5212752940	5212796935	43995	1008.90	326.22	889.25	324.83	4.20	209.61	0.45	95.40	8669.90	-7887.81	4945.03
Saccade R	1	76	5212752940	5212796935	43995	1008.90	326.22	889.25	324.83	4.20	209.61	0.45	95.40	8669.90	-7887.81	4945.03
Saccade L	1	77	5212796935	5212816924	19989	889.25	324.83	849.06	321.32	0.45	41.40	0.60	22.43	115.03	-1876.29	991.75
Saccade R	1	77	5212796935	5212816924	19989	889.25	324.83	849.06	321.32	0.45	41.40	0.60	22.43	115.03	-1876.29	991.75
Fixation L	1	53	5212816924	5213116934	300010	871.60	329.32	45	50	-1	13.83	13.83
Fixation R	1	53	5212816924	5213215463	398539	837.74	348.58	1792	1084	-1	12.47	12.47
Fixation L	1	54	5213312963	5213460935	147972	909.55	377.06	20	33	-1	13.58	13.58
Fixation R	1	54	5213312963	5213460935	147972	909.55	377.06	20	33	-1	12.55	12.55
Saccade L	1	78	5213460935	5213480951	20016	899.37	385.68	909.60	411.54	0.52	40.58	0.60	26.17	1733.43	-857.93	915.83
Saccade R	1	78	5213460935	5213480951	20016	899.37	385.68	909.60	411.54	0.52	40.58	0.60	26.17	1733.43	-857.93	915.83
Saccade L	1	79	5213496950	5213536965	40015	922.08	400.48	875.65	493.30	2.59	160.39	0.50	64.64	6648.78	-6680.15	4188.08
Saccade R	1	79	5213496950	5213536965	40015	922.08	400.48	875.65	493.30	2.59	160.39	0.50	64.64	6648.78	-6680.15	4188.08
Saccade L	1	80	5213544940	5213572931	27991	871.50	493.02	855.41	454.40	0.85	47.00	0.57	30.53	1465.46	-1797.99	1147.49
Saccade R	1	80	5213544940	5213572931	27991	871.50	493.02	855.41	454.40	0.85	47.00	0.57	30.53	1465.46	-1797.99	1147.49
Saccade L	1	81	5213616953	5213672879	55926	879.68	468.71	406.95	409.52	10.72	423.24	0.36	191.73	19581.25	-15029.47	10918.06
Saccade R	1	81	5213616953	5213672879	55926	879.68	468.71	406.95	409.52	10.72	423.24	0.36	191.73	19581.25	-15029.47	10918.06
Saccade L	1	82	5213700832	5213744828	43996	409.69	394.73	431.31	337.95	1.38	50.08	0.27	31.37	1767.93	-1145.78	1040.03
Saccade R	1	82	5213700832	5213744828	43996	409.69	394.73	431.31	337.95	1.38	50.08	0.27	31.37	1767.93	-1145.78	1040.03
Fixation L	1	55	5213744828	5213868815	123987	419.54	362.26	25	44	-1	14.10	14.10
Fixation R	1	55	5213744828	5213868815	123987	419.54	362.26	25	44	-1	12.76	12.76
Saccade L	1	83	5213868815	5213896826	28011	428.80	364.09	393.55	338.64	0.90	49.33	0.43	32.29	1667.09	-1856.64	1365.79
Saccade R	1	83	5213868815	5213896826	28011	428.80	364.09	393.55	338.64	0.90	49.33	0.43	32.29	1667.09	-1856.64	1365.79
Fixation L	1	56	5213896826	5213948816	51990	398.21	340.20	12	14	-1	13.89	13.89
Fixation R	1	56	5213896826	5213948816	51990	398.21	340.20	12	14	-1	12.54	12.54
Saccade L	1	84	5213948816	5213996818	48002	405.55	348.52	352.07	292.94	1.70	63.10	0.50	35.35	2304.22	-1954.97	1384.74
Saccade R	1	84	5213948816	5213996818	48002	405.55	348.52	352.07	292.94	1.70	63.10	0.50	35.35	2304.22	-1954.97	1384.74
Fixation L	1	57	5213996818	5214112821	116003	353.79	277.47	37	38	-1	13.61	13.61
Fixation R	1	57	5213996818	5214112821	116003	353.79	277.47	37	38	-1	12.56	12.56
Saccade L	1	85	5214112821	5214140860	28039	374.68	268.43	354.04	352.58	1.68	122.72	0.71	59.98	5516.84	-4593.37	3513.90
Saccade R	1	85	5214112821	5214140860	28039	374.68	268.43	354.04	352.58	1.68	122.72	0.71	59.98	5516.84	-4593.37	3513.90
Saccade L	1	86	5214148830	5214168843	20013	350.99	332.70	344.85	375.39	0.61	49.32	0.40	30.59	1305.72	-114.11	291.49
Saccade R	1	86	5214148830	5214168843	20013	350.99	332.70	344.85	375.39	0.61	49.32	0.40	30.59	1305.72	-114.11	291.49
Saccade L	1	87	5214168843	5214188838	19995	344.85	375.39	366.18	353.70	0.62	57.07	0.40	30.79	90.63	-1754.29	554.97
Saccade R	1	87	5214168843	5214188838	19995	344.85	375.39	366.18	353.70	0.62	57.07	0.40	30.79	90.63	-1754.29	554.97
Fixation L	1	58	5214188838	5214264834	75996	370.56	346.17	14	29	-1	13.54	13.54
Fixation R	1	58	5214188838	5214264834	75996	370.56	346.17	14	29	-1	12.34	12.34
Saccade L	1	88	5214264834	5214324851	60017	359.90	336.30	896.92	250.27	13.74	535.99	0.40	228.85	25114.70	-16104.49	12844.64
Saccade R	1	88	5214264834	5214324851	60017	359.90	336.30	896.92	250.27	13.74	535.99	0.40	228.85	25114.70	-16104.49	12844.64
Saccade L	1	89	5214372830	5214400847	28017	905.57	256.29	830.24	169.48	2.40	205.18	0.57	85.78	8345.39	-8227.64	6074.15
Saccade R	1	89	5214372830	5214400847	28017	905.57	256.29	830.24	169.48	2.40	205.18	0.57	85.78	8345.39	-8227.64	6074.15
Fixation L	1	59	5214400847	5214460827	59980	830.73	157.54	6	19	-1	13.98	13.98
Fixation R	1	59	5214400847	5214460827	59980	830.73	157.54	6	19	-1	12.93	12.93
Saccade L	1	90	5214460827	5214504842	44015	829.04	153.66	888.16	332.61	4.08	202.24	0.45	92.61	9486.62	-7614.40	5681.71
Saccade R	1	90	5214460827	5214504842	44015	829.04	153.66	888.16	332.61	4.08	202.24	0.45	92.61	9486.62	-7614.40	5681.71
Fixation L	1	60	5214504842	5214620825	115983	880.86	342.92	35	56	-1	14.27	14.27
Fixation R	1	60	5214504842	5214620825	115983	880.86	342.92	35	56	-1	13.33	13.33
Saccade L	1	91	5214620825	5214656849	36024	863.46	346.20	895.86	508.29	3.24	241.28	0.33	89.97	10542.46	-10239.34	6534.93
Saccade R	1	91	5214620825	5214656849	36024	863.46	346.20	895.86	508.29	3.24	241.28	0.33	89.97	10542.46	-10239.34	6534.93
Fixation L	1	61	5214656849	5214812854	156005	878.12	534.43	28	47	-1	14.40	14.40
Fixation R	1	61	5214656849	5214812854	156005	878.12	534.43	28	47	-1	13.34	13.34
Saccade L	1	92	5214812854	5214836846	23992	875.15	538.91	881.97	578.79	0.81	53.02	0.33	33.84	1922.10	-1552.78	1205.64
Saccade R	1	92	5214812854	5214836846	23992	875.15	538.91	881.97	578.79	0.81	53.02	0.33	33.84	1922.10	-1552.78	1205.64
Fixation L	1	62	5214836846	5215048863	212017	887.86	605.80	33	48	-1	14.44	14.44
Fixation R	1	62	5214836846	5215048863	212017	887.86	605.80	33	48	-1	13.22	13.22
Saccade L	1	93	5215048863	5215092853	43990	885.28	607.06	446.23	582.52	9.55	398.93	0.45	217.07	19158.18	-16955.37	12806.36
Saccade R	1	93	5215048863	5215092853	43990	885.28	607.06	446.23	582.52	9.55	398.93	0.45	217.07	19158.18	-16955.37	12806.36
Saccade L	1	94	5215092853	5215120707	27854	446.23	582.52	441.34	553.20	0.75	40.07	0.43	26.77	90.49	-9211.10	2056.20
Saccade R	1	94	5215092853	5215120707	27854	446.23	582.52	441.34	553.20	0.75	40.07	0.43	26.77	90.49	-9211.10	2056.20
Fixation L	1	63	5215120707	5215232708	112001	452.46	545.44	21	31	-1	13.79	13.79
Fixation R	1	63	5215120707	5215232708	112001	452.46	545.44	21	31	-1	12.77	12.77
Saccade L	1	95	5215232708	5215272718	40010	458.99	542.49	420.70	293.14	5.38	251.45	0.50	134.38	11882.99	-11484.38	8338.96
Saccade R	1	95	5215232708	5215272718	40010	458.99	542.49	420.70	293.14	5.38	251.45	0.50	134.38	11882.99	-11484.38	8338.96
Fixation L	1	64	5215272718	5215500713	227995	390.46	284.21	55	72	-1	13.19	13.19
Fixation R	1	64	5215272718	5215500713	227995	390.46	284.21	55	72	-1	12.42	12.42
Saccade L	1	96	5215500713	5215536713	36000	366.11	243.23	564.10	229.69	4.29	224.49	0.56	119.16	10469.41	-10797.81	7749.86
Saccade R	1	96	5215500713	5215536713	36000	366.11	243.23	564.10	229.69	4.29	224.49	0.56	119.16	10469.41	-10797.81	7749.86
Saccade L	1	97	5215536713	5215600733	64020	564.10	229.69	630.83	292.41	1.92	52.46	0.56	30.07	1016.30	-5833.22	1086.60
Saccade R	1	97	5215536713	5215600733	64020	564.10	229.69	630.83	292.41	1.92	52.46	0.56	30.07	1016.30	-5833.22	1086.60
Saccade L	1	98	5215616721	5215660732	44011	633.55	308.21	1054.52	539.13	10.52	402.75	0.45	239.10	18876.89	-16159.73	12672.29
Saccade R	1	98	5215616721	5215660732	44011	633.55	308.21	1054.52	539.13	10.52	402.75	0.45	239.10	18876.89	-16159.73	12672.29
Fixation L	1	65	5215676715	5215868724	192009	1033.85	561.41	33	90	-1	13.74	13.74
Fixation R	1	65	5215676715	5215868724	192009	1033.85	561.41	33	90	-1	12.84	12.84
Saccade L	1	99	5215868724	5215896727	28003	1023.33	566.09	1103.66	572.84	1.52	91.49	0.43	54.23	3801.59	-4096.85	3019.30
Saccade R	1	99	5215868724	5215896727	28003	1023.33	566.09	1103.66	572.84	1.52	91.49	0.43	54.23	3801.59	-4096.85	3019.30
Fixation L	1	66	5215896727	5216044726	147999	1095.64	571.40	23	26	-1	14.00	14.00
Fixation R	1	66	5215896727	5216044726	147999	1095.64	571.40	23	26	-1	12.94	12.94
Saccade L	1	100	5216044726	5216076733	32007	1092.42	570.77	983.13	570.28	2.11	116.49	0.62	65.80	5132.40	-4841.27	3812.28
Saccade R	1	100	5216044726	5216076733	32007	1092.42	570.77	983.13	570.28	2.11	116.49	0.62	65.80	5132.40	-4841.27	3812.28
Fixation L	1	67	5216076733	5216292736	216003	980.99	574.78	53	13	-1	13.77	13.77
Fixation R	1	67	5216076733	5216292736	216003	980.99	574.78	53	13	-1	12.57	12.57
Saccade L	1	101	5216292736	5216324728	31992	982.37	577.51	1136.35	581.80	3.13	204.38	0.50	97.79	9362.19	-9411.46	6938.48
Saccade R	1	101	5216292736	5216324728	31992	982.37	577.51	1136.35	581.80	3.13	204.38	0.50	97.79	9362.19	-9411.46	6938.48
Fixation L	1	68	5216324728	5216380735	56007	1132.52	577.27	8	7	-1	13.48	13.48
Fixation R	1	68	5216324728	5216380735	56007	1132.52	577.27	8	7	-1	12.27	12.27
Saccade L	1	102	5216380735	5216460749	80014	1130.66	580.30	432.80	290.93	17.47	500.14	0.35	218.38	20651.09	-13820.85	9778.71
Saccade R	1	102	5216380735	5216460749	80014	1130.66	580.30	432.80	290.93	17.47	500.14	0.35	218.38	20651.09	-13820.85	9778.71
Fixation L	1	69	5216460749	5216676606	215857	411.27	234.07	63	93	-1	13.51	13.51
Fixation R	1	69	5216460749	5216676606	215857	411.27	234.07	63	93	-1	12.23	12.23
Saccade L	1	103	5216676606	5216724604	47998	408.91	212.44	368.19	112.54	2.16	89.86	0.33	45.09	3633.27	-2019.87	1933.97
Saccade R	1	103	5216676606	5216724604	47998	408.91	212.44	368.19	112.54	2.16	89.86	0.33	45.09	3633.27	-2019.87	1933.97
Saccade L	1	104	5216740604	5216772613	32009	370.40	113.30	393.65	151.54	1.07	58.18	0.63	33.58	2627.05	-2767.15	1977.46
Saccade R	1	104	5216740604	5216772613	32009	370.40	113.30	393.65	151.54	1.07	58.18	0.63	33.58	2627.05	-2767.15	1977.46
Fixation L	1	70	5216772613	5216992644	220031	374.02	142.28	61	45	-1	13.56	13.56
Fixation R	1	70	5216772613	5216992644	220031	374.02	142.28	61	45	-1	12.34	12.34
Saccade L	1	105	5216992644	5217068612	75968	365.54	128.49	978.82	565.37	18.48	473.58	0.63	243.21	11638.15	-17262.86	10436.93
Saccade R	1	105	5216992644	5217068612	75968	365.54	128.49	978.82	565.37	18.48	473.58	0.63	243.21	11638.15	-17262.86	10436.93
Fixation L	1	71	5217068612	5217184649	116037	981.29	575.24	21	27	-1	13.39	13.39
Fixation R	1	71	5217068612	5217184649	116037	981.29	575.24	21	27	-1	12.31	12.31
Saccade L	1	106	5217184649	5217212636	27987	977.92	565.28	1042.75	567.08	1.39	98.93	0.57	49.54	4273.93	-4243.03	3152.83
Saccade R	1	106	5217184649	5217212636	27987	977.92	565.28	1042.75	567.08	1.39	98.93	0.57	49.54	4273.93	-4243.03	3152.83
Fixation L	1	72	5217212636	5217332614	119978	1047.45	572.53	21	39	-1	13.32	13.32
Fixation R	1	72	5217212636	5217332614	119978	1047.45	572.53	21	39	-1	11.99	11.99
Saccade L	1	107	5217332614	5217372650	40036	1030.93	589.42	1085.48	419.97	4.09	260.24	0.40	102.25	11174.71	-10614.25	7063.50
Saccade R	1	107	5217332614	5217372650	40036	1030.93	589.42	1085.48	419.97	4.09	260.24	0.40	102.25	11174.71	-10614.25	7063.50
Fixation L	1	73	5217372650	5217512624	139974	1088.35	406.13	21	25	-1	13.19	13.19
Fixation R	1	73	5217372650	5217512624	139974	1088.35	406.13	21	25	-1	11.61	11.61
Saccade L	1	108	5217512624	5217540641	28017	1080.73	394.96	960.32	399.63	2.47	191.33	0.43	88.22	8676.94	-8634.32	6373.30
Saccade R	1	108	5217512624	5217540641	28017	1080.73	394.96	960.32	399.63	2.47	191.33	0.43	88.22	8676.94	-8634.32	6373.30
Fixation L	1	74	5217540641	5217680621	139980	970.36	426.78	23	51	-1	13.03	13.03
Fixation R	1	74	5217540641	5217680621	139980	970.36	426.78	23	51	-1	11.81	11.81
Saccade L	1	109	5217680621	5217724627	44006	977.07	445.26	845.05	468.62	3.43	193.45	0.36	78.01	9070.58	-8035.01	5065.73
Saccade R	1	109	5217680621	5217724627	44006	977.07	445.26	845.05	468.62	3.43	193.45	0.36	78.01	9070.58	-8035.01	5065.73
Saccade L	1	110	5217772644	5217796652	24008	855.77	473.15	864.77	432.51	0.89	66.99	0.67	36.92	2730.21	-1997.22	1764.13
Saccade R	1	110	5217772644	5217796652	24008	855.77	473.15	864.77	432.51	0.89	66.99	0.67	36.92	2730.21	-1997.22	1764.13
Saccade L	1	111	5217796652	5217832643	35991	864.77	432.51	805.42	439.23	1.44	89.36	0.56	40.14	3490.52	-3053.26	2085.25
Saccade R	1	111	5217796652	5217832643	35991	864.77	432.51	805.42	439.23	1.44	89.36	0.56	40.14	3490.52	-3053.26	2085.25
Fixation L	1	75	5217832643	5217992634	159991	792.01	470.24	37	47	-1	13.48	13.48
Fixation R	1	75	5217832643	5217992634	159991	792.01	470.24	37	47	-1	12.08	12.08
