[BeGaze]
Converted from:	D:\Kirillov\Results\ermolova_temp\Dima-eye_data.idf
Date:	17.04.2019 03:53:56
Version:	BeGaze 3.0.181
Sample Rate:	250
Subject:	Dima
Description:	Run33

Table Header for Fixations:
Event Type	Trial	Number	Start	End	Duration	Location X	Location Y	Dispersion X	Dispersion Y	Plane	Avg. Pupil Size X	Avg. Pupil Size Y

Table Header for Saccades:
Event Type	Trial	Number	Start	End	Duration	Start Loc.X	Start Loc.Y	End Loc.X	End Loc.Y	Amplitude	Peak Speed	Peak Speed At	Average Speed	Peak Accel.	Peak Decel.	Average Accel.

Table Header for User Events:
Event Type	Trial	Number	Start	Description

UserEvent	1	1	742960437	# Message: Questionnaire11.jpg
Fixation L	1	1	742962490	743217780	255290	715.59	366.86	18	23	-1	13.57	13.57
Fixation R	1	1	742962490	743217780	255290	715.59	366.86	18	23	-1	13.94	13.94
Saccade L	1	1	743217780	743277308	59528	717.88	362.72	344.05	301.38	9.29	307.45	0.27	156.04	14346.66	-10441.94	8340.92
Saccade R	1	1	743217780	743277308	59528	717.88	362.72	344.05	301.38	9.29	307.45	0.27	156.04	14346.66	-10441.94	8340.92
Fixation L	1	2	743277308	743441786	164478	382.81	310.40	53	21	-1	14.13	14.13
Fixation R	1	2	743277308	743441786	164478	382.81	310.40	53	21	-1	14.25	14.25
Saccade L	1	2	743441786	743481801	40015	384.25	314.14	393.65	228.91	1.82	88.95	0.40	45.60	4198.86	-3349.92	2684.58
Saccade R	1	2	743441786	743481801	40015	384.25	314.14	393.65	228.91	1.82	88.95	0.40	45.60	4198.86	-3349.92	2684.58
Fixation L	1	3	743481801	743665774	183973	390.46	226.71	14	23	-1	14.12	14.12
Fixation R	1	3	743481801	743665774	183973	390.46	226.71	14	23	-1	14.43	14.43
Saccade L	1	3	743665774	743709787	44013	382.21	222.36	618.96	258.10	4.98	278.15	0.36	113.24	12868.68	-11736.51	7865.81
Saccade R	1	3	743665774	743709787	44013	382.21	222.36	618.96	258.10	4.98	278.15	0.36	113.24	12868.68	-11736.51	7865.81
Fixation L	1	4	743709787	743897823	188036	595.66	245.75	36	29	-1	14.12	14.12
Fixation R	1	4	743709787	743897823	188036	595.66	245.75	36	29	-1	14.41	14.41
Saccade L	1	4	743897823	743941813	43990	579.30	251.18	846.38	246.79	5.54	247.54	0.36	126.02	11877.00	-10255.29	7988.31
Saccade R	1	4	743897823	743941813	43990	579.30	251.18	846.38	246.79	5.54	247.54	0.36	126.02	11877.00	-10255.29	7988.31
Fixation L	1	5	743941813	744753700	811887	841.04	240.55	28	66	-1	14.56	14.56
Fixation R	1	5	743941813	744753700	811887	841.04	240.55	28	66	-1	14.94	14.94
Saccade L	1	5	744753700	744805702	52002	837.09	266.34	367.36	290.32	10.05	362.27	0.31	193.31	17376.98	-14733.13	10870.07
Saccade R	1	5	744753700	744805702	52002	837.09	266.34	367.36	290.32	10.05	362.27	0.31	193.31	17376.98	-14733.13	10870.07
Fixation L	1	6	744805702	745485706	680004	422.21	325.15	79	93	-1	15.33	15.33
Fixation R	1	6	744805702	745485706	680004	422.21	325.15	79	93	-1	15.50	15.50
Fixation L	1	7	745501699	748153511	2651812	463.95	372.58	69	137	-1	15.32	15.32
Fixation R	1	7	745501699	748153511	2651812	463.95	372.58	69	137	-1	15.75	15.75
Saccade L	1	6	748153511	748217510	63999	468.57	421.90	893.35	665.07	10.62	303.85	0.37	165.87	12395.57	-11787.56	7582.87
Saccade R	1	6	748153511	748217510	63999	468.57	421.90	893.35	665.07	10.62	303.85	0.37	165.87	12395.57	-11787.56	7582.87
Fixation L	1	8	748217510	748504728	287218	612.94	437.08	920	669	-1	13.81	13.82
Fixation R	1	8	748217510	748369494	151984	904.17	641.66	35	51	-1	16.04	16.04
Fixation L	1	9	748629391	749977324	1347933	446.37	312.41	82	107	-1	15.08	15.08
Fixation R	1	9	748629391	749977324	1347933	446.37	312.41	82	107	-1	15.47	15.47
Saccade L	1	7	749977324	750013324	36000	463.44	295.90	366.68	286.89	2.03	117.43	0.44	56.48	5148.00	-4136.74	3278.94
Saccade R	1	7	749977324	750013324	36000	463.44	295.90	366.68	286.89	2.03	117.43	0.44	56.48	5148.00	-4136.74	3278.94
Fixation L	1	10	750013324	750873323	859999	381.81	315.84	53	74	-1	14.96	14.96
Fixation R	1	10	750013324	750873323	859999	381.81	315.84	53	74	-1	15.15	15.15
UserEvent	1	2	750350291	# Message: UE-mouseclick left x=417 y=303
Saccade L	1	8	750873323	750921324	48001	408.02	352.56	423.58	464.85	2.45	136.31	0.25	51.01	6031.31	-4434.43	2693.99
Saccade R	1	8	750873323	750921324	48001	408.02	352.56	423.58	464.85	2.45	136.31	0.25	51.01	6031.31	-4434.43	2693.99
Fixation L	1	11	750921324	751609212	687888	345.42	393.59	438	634	-1	14.10	14.10
Fixation R	1	11	750921324	751453232	531908	422.23	474.50	27	57	-1	15.86	15.86
Fixation L	1	12	751757217	751897282	140065	401.72	349.51	29	70	-1	15.05	15.05
Fixation R	1	12	751757217	751897282	140065	401.72	349.51	29	70	-1	15.89	15.89
Saccade L	1	9	751897282	751925240	27958	390.22	342.73	393.94	419.14	1.71	125.87	0.57	61.02	5533.82	-4911.40	3809.00
Saccade R	1	9	751897282	751925240	27958	390.22	342.73	393.94	419.14	1.71	125.87	0.57	61.02	5533.82	-4911.40	3809.00
Saccade L	1	10	751925240	751953218	27978	393.94	419.14	387.02	464.87	0.85	55.10	0.57	30.50	1299.64	-3829.02	1569.54
Saccade R	1	10	751925240	751953218	27978	393.94	419.14	387.02	464.87	0.85	55.10	0.57	30.50	1299.64	-3829.02	1569.54
UserEvent	1	3	751926337	# Message: UE-mouseclick left x=393 y=393
Fixation L	1	13	751953218	752073212	119994	396.73	478.02	31	21	-1	15.46	15.46
Fixation R	1	13	751953218	752073212	119994	396.73	478.02	31	21	-1	16.20	16.20
