[BeGaze]
Converted from:	D:\Kirillov\Results\ermolova_temp\Nikol-eye_data.idf
Date:	17.04.2019 03:54:32
Version:	BeGaze 3.0.181
Sample Rate:	250
Subject:	Nikol
Description:	Run39

Table Header for Fixations:
Event Type	Trial	Number	Start	End	Duration	Location X	Location Y	Dispersion X	Dispersion Y	Plane	Avg. Pupil Size X	Avg. Pupil Size Y

Table Header for Saccades:
Event Type	Trial	Number	Start	End	Duration	Start Loc.X	Start Loc.Y	End Loc.X	End Loc.Y	Amplitude	Peak Speed	Peak Speed At	Average Speed	Peak Accel.	Peak Decel.	Average Accel.

Table Header for User Events:
Event Type	Trial	Number	Start	Description

UserEvent	1	1	8730853467	# Message: Questionnaire23.jpg
Fixation L	1	1	8730854155	8730974156	120001	1017.08	431.49	7	10	-1	11.14	11.14
Fixation R	1	1	8730854155	8730974156	120001	1017.08	431.49	7	10	-1	12.11	12.11
Saccade L	1	1	8730974156	8731006585	32429	1020.84	437.73	923.05	435.59	2.29	182.62	0.49	70.47	8507.03	-8118.84	5602.75
Saccade R	1	1	8730974156	8731006585	32429	1020.84	437.73	923.05	435.59	2.29	182.62	0.49	70.47	8507.03	-8118.84	5602.75
Fixation L	1	2	8731006585	8731214161	207576	913.72	427.36	12	19	-1	11.19	11.19
Fixation R	1	2	8731006585	8731214161	207576	913.72	427.36	12	19	-1	12.29	12.29
Saccade L	1	2	8731214161	8731286159	71998	911.03	415.60	383.50	300.82	11.90	443.24	0.28	165.26	21728.36	-11934.93	9048.24
Saccade R	1	2	8731214161	8731286159	71998	911.03	415.60	383.50	300.82	11.90	443.24	0.28	165.26	21728.36	-11934.93	9048.24
Fixation L	1	3	8731286159	8731466052	179893	368.53	309.43	21	16	-1	11.33	11.33
Fixation R	1	3	8731286159	8731466052	179893	368.53	309.43	21	16	-1	12.41	12.41
Saccade L	1	3	8731466052	8731514060	48008	374.00	317.52	341.98	265.21	1.35	70.92	0.33	28.09	3174.19	-2965.53	1704.20
Saccade R	1	3	8731466052	8731514060	48008	374.00	317.52	341.98	265.21	1.35	70.92	0.33	28.09	3174.19	-2965.53	1704.20
Fixation L	1	4	8731514060	8731730063	216003	353.58	279.07	19	33	-1	11.82	11.82
Fixation R	1	4	8731514060	8731730063	216003	353.58	279.07	19	33	-1	12.91	12.91
Saccade L	1	4	8731730063	8731782019	51956	356.98	298.55	386.87	249.85	1.27	70.11	0.31	24.46	2935.83	-2559.12	1364.37
Saccade R	1	4	8731730063	8731782019	51956	356.98	298.55	386.87	249.85	1.27	70.11	0.31	24.46	2935.83	-2559.12	1364.37
Fixation L	1	5	8731782019	8732110023	328004	400.54	257.07	25	15	-1	12.23	12.23
Fixation R	1	5	8731782019	8732110023	328004	400.54	257.07	25	15	-1	13.52	13.52
Saccade L	1	5	8732110023	8732146058	36035	399.07	264.91	386.59	311.77	1.05	54.06	0.45	29.09	2244.75	-2044.40	1534.74
Saccade R	1	5	8732110023	8732146058	36035	399.07	264.91	386.59	311.77	1.05	54.06	0.45	29.09	2244.75	-2044.40	1534.74
Fixation L	1	6	8732146058	8733173985	1027927	389.12	311.39	43	25	-1	12.58	12.58
Fixation R	1	6	8732146058	8733173985	1027927	389.12	311.39	43	25	-1	14.01	14.01
UserEvent	1	2	8732675404	# Message: UE-mouseclick left x=391 y=334
Saccade L	1	6	8733173985	8733201963	27978	401.46	296.50	440.59	299.75	0.82	66.35	0.57	29.26	3061.33	-2856.69	2146.08
Saccade R	1	6	8733173985	8733201963	27978	401.46	296.50	440.59	299.75	0.82	66.35	0.57	29.26	3061.33	-2856.69	2146.08
Fixation L	1	7	8733201963	8733397979	196016	453.46	308.20	19	18	-1	12.39	12.39
Fixation R	1	7	8733201963	8733397979	196016	453.46	308.20	19	18	-1	13.70	13.70
Saccade L	1	7	8733397979	8733421928	23949	457.29	301.43	387.76	303.11	1.39	123.12	0.67	58.11	5805.90	-5352.78	3893.57
Saccade R	1	7	8733397979	8733421928	23949	457.29	301.43	387.76	303.11	1.39	123.12	0.67	58.11	5805.90	-5352.78	3893.57
Fixation L	1	8	8733421928	8733621845	199917	383.09	300.79	24	11	-1	12.38	12.38
Fixation R	1	8	8733421928	8733621845	199917	383.09	300.79	24	11	-1	13.67	13.67
Saccade L	1	8	8733621845	8733645960	24115	380.61	297.06	371.88	266.43	0.70	54.62	0.50	29.10	2421.32	-1879.65	1575.20
Saccade R	1	8	8733621845	8733645960	24115	380.61	297.06	371.88	266.43	0.70	54.62	0.50	29.10	2421.32	-1879.65	1575.20
Fixation L	1	9	8733645960	8734209866	563906	374.47	251.79	28	26	-1	12.41	12.41
Fixation R	1	9	8733645960	8734209866	563906	374.47	251.79	28	26	-1	13.87	13.87
Saccade L	1	9	8734209866	8734237853	27987	378.38	243.84	424.62	232.43	1.06	77.45	0.57	38.04	3419.07	-3319.02	2491.53
Saccade R	1	9	8734209866	8734237853	27987	378.38	243.84	424.62	232.43	1.06	77.45	0.57	38.04	3419.07	-3319.02	2491.53
Fixation L	1	10	8734237853	8734485879	248026	436.96	230.90	20	10	-1	12.06	12.06
Fixation R	1	10	8734237853	8734485879	248026	436.96	230.90	20	10	-1	13.62	13.62
UserEvent	1	3	8734475425	# Message: UE-mouseclick left x=372 y=275
Saccade L	1	10	8734485879	8734546426	60547	442.25	235.70	349.47	256.63	2.84	167.63	0.26	46.97	7974.22	-6594.06	3013.19
Saccade R	1	10	8734485879	8734546426	60547	442.25	235.70	349.47	256.63	2.84	167.63	0.26	46.97	7974.22	-6594.06	3013.19
Fixation L	1	11	8734546426	8734869835	323409	337.52	255.80	30	30	-1	12.05	12.05
Fixation R	1	11	8734546426	8734869835	323409	337.52	255.80	30	30	-1	13.61	13.61
Saccade L	1	11	8734869835	8734909862	40027	352.24	239.56	411.21	332.12	2.43	139.47	0.40	60.80	6149.59	-5755.42	4027.00
Saccade R	1	11	8734869835	8734909862	40027	352.24	239.56	411.21	332.12	2.43	139.47	0.40	60.80	6149.59	-5755.42	4027.00
Fixation L	1	12	8734909862	8735377890	468028	413.49	363.23	23	48	-1	11.83	11.83
Fixation R	1	12	8734909862	8735377890	468028	413.49	363.23	23	48	-1	13.38	13.38
Fixation L	1	13	8735593876	8736121733	527857	450.66	288.26	60	36	-1	11.84	11.84
Fixation R	1	13	8735593876	8736121733	527857	450.66	288.26	60	36	-1	13.12	13.12
UserEvent	1	4	8735931473	# Message: UE-mouseclick left x=408 y=385
