[BeGaze]
Converted from:	D:\Kirillov\Results\ermolova_temp\Nastya 07-1-eye_data.idf
Date:	17.04.2019 03:53:34
Version:	BeGaze 3.0.181
Sample Rate:	250
Subject:	Nastya 07
Description:	Run27

Table Header for Fixations:
Event Type	Trial	Number	Start	End	Duration	Location X	Location Y	Dispersion X	Dispersion Y	Plane	Avg. Pupil Size X	Avg. Pupil Size Y

Table Header for Saccades:
Event Type	Trial	Number	Start	End	Duration	Start Loc.X	Start Loc.Y	End Loc.X	End Loc.Y	Amplitude	Peak Speed	Peak Speed At	Average Speed	Peak Accel.	Peak Decel.	Average Accel.

Table Header for User Events:
Event Type	Trial	Number	Start	Description

UserEvent	1	1	12196810954	# Message: experiment-06.jpg
Fixation L	1	1	12196812794	12196880751	67957	442.84	377.08	21	21	-1	15.04	15.04
Fixation R	1	1	12196812794	12196880751	67957	442.84	377.08	21	21	-1	15.88	15.88
Fixation L	1	2	12196924783	12197052774	127991	435.26	335.63	8	36	-1	14.86	14.86
Fixation R	1	2	12196924783	12197052774	127991	435.26	335.63	8	36	-1	15.52	15.52
Saccade L	1	1	12197052774	12197128770	75996	439.68	333.15	961.69	603.66	13.61	436.49	0.26	179.08	21010.44	-12234.86	8866.80
Saccade R	1	1	12197052774	12197128770	75996	439.68	333.15	961.69	603.66	13.61	436.49	0.26	179.08	21010.44	-12234.86	8866.80
Fixation L	1	3	12197128770	12197256796	128026	962.90	603.82	15	15	-1	14.41	14.41
Fixation R	1	3	12197128770	12197256796	128026	962.90	603.82	15	15	-1	15.12	15.12
Saccade L	1	2	12197256796	12197296809	40013	954.94	602.08	991.35	510.55	2.21	122.58	0.40	55.21	5389.37	-4480.39	3338.46
Saccade R	1	2	12197256796	12197296809	40013	954.94	602.08	991.35	510.55	2.21	122.58	0.40	55.21	5389.37	-4480.39	3338.46
Saccade L	1	3	12197308813	12197332791	23978	998.74	516.80	1007.07	546.18	0.79	56.71	0.50	33.10	1786.11	-2181.17	1444.02
Saccade R	1	3	12197308813	12197332791	23978	998.74	516.80	1007.07	546.18	0.79	56.71	0.50	33.10	1786.11	-2181.17	1444.02
Fixation L	1	4	12197332791	12197452775	119984	1011.31	555.96	19	15	-1	13.60	13.60
Fixation R	1	4	12197332791	12197452775	119984	1011.31	555.96	19	15	-1	14.28	14.28
Saccade L	1	4	12197452775	12197472811	20036	1024.29	554.42	1051.85	547.12	0.56	44.73	0.60	27.76	1619.41	-1545.31	1165.06
Saccade R	1	4	12197452775	12197472811	20036	1024.29	554.42	1051.85	547.12	0.56	44.73	0.60	27.76	1619.41	-1545.31	1165.06
Fixation L	1	5	12197472811	12197588799	115988	1052.69	543.83	13	20	-1	13.48	13.48
Fixation R	1	5	12197472811	12197588799	115988	1052.69	543.83	13	20	-1	13.95	13.95
Saccade L	1	5	12197588799	12197652791	63992	1057.75	550.02	468.09	498.21	13.02	402.44	0.31	203.49	19248.83	-15268.15	10240.33
Saccade R	1	5	12197588799	12197652791	63992	1057.75	550.02	468.09	498.21	13.02	402.44	0.31	203.49	19248.83	-15268.15	10240.33
Fixation L	1	6	12197652791	12197720797	68006	472.61	512.59	14	23	-1	13.05	13.05
Fixation R	1	6	12197652791	12197720797	68006	472.61	512.59	14	23	-1	13.43	13.43
Saccade L	1	6	12197720797	12197748791	27994	481.65	521.93	488.61	475.63	0.96	56.53	0.43	34.33	2424.15	-2006.54	1670.19
Saccade R	1	6	12197720797	12197748791	27994	481.65	521.93	488.61	475.63	0.96	56.53	0.43	34.33	2424.15	-2006.54	1670.19
Fixation L	1	7	12197748791	12197856666	107875	489.55	468.70	13	14	-1	12.96	12.96
Fixation R	1	7	12197748791	12197856666	107875	489.55	468.70	13	14	-1	13.08	13.08
Saccade L	1	7	12197856666	12197888712	32046	484.46	471.89	422.85	521.88	1.58	96.23	0.50	49.41	4506.57	-3813.20	3099.19
Saccade R	1	7	12197856666	12197888712	32046	484.46	471.89	422.85	521.88	1.58	96.23	0.50	49.41	4506.57	-3813.20	3099.19
Fixation L	1	8	12197888712	12198032678	143966	434.46	505.25	28	42	-1	13.23	13.23
Fixation R	1	8	12197888712	12198032678	143966	434.46	505.25	28	42	-1	13.57	13.57
Saccade L	1	8	12198032678	12198068674	35996	448.91	498.84	330.56	530.32	2.87	192.93	0.33	79.63	8868.80	-8144.18	5427.42
Saccade R	1	8	12198032678	12198068674	35996	448.91	498.84	330.56	530.32	2.87	192.93	0.33	79.63	8868.80	-8144.18	5427.42
Fixation L	1	9	12198068674	12198232681	164007	352.23	525.57	42	26	-1	13.74	13.74
Fixation R	1	9	12198068674	12198232681	164007	352.23	525.57	42	26	-1	14.11	14.11
Saccade L	1	9	12198232681	12198264679	31998	355.16	514.00	353.92	417.94	2.01	138.01	0.50	62.90	5996.58	-6085.97	4119.19
Saccade R	1	9	12198232681	12198264679	31998	355.16	514.00	353.92	417.94	2.01	138.01	0.50	62.90	5996.58	-6085.97	4119.19
Fixation L	1	10	12198264679	12198524697	260018	363.39	432.49	28	37	-1	13.91	13.91
Fixation R	1	10	12198264679	12198524697	260018	363.39	432.49	28	37	-1	14.37	14.37
Saccade L	1	10	12198524697	12198564688	39991	378.09	435.87	399.47	571.39	2.94	146.99	0.40	73.49	6825.92	-5601.84	4234.45
Saccade R	1	10	12198524697	12198564688	39991	378.09	435.87	399.47	571.39	2.94	146.99	0.40	73.49	6825.92	-5601.84	4234.45
Fixation L	1	11	12198564688	12198716699	152011	386.68	558.07	31	38	-1	14.03	14.03
Fixation R	1	11	12198564688	12198716699	152011	386.68	558.07	31	38	-1	14.63	14.63
Saccade L	1	11	12198716699	12198752717	36018	390.91	562.66	438.51	375.57	4.26	246.93	0.67	118.38	9903.20	-11040.83	7442.70
Saccade R	1	11	12198716699	12198752717	36018	390.91	562.66	438.51	375.57	4.26	246.93	0.67	118.38	9903.20	-11040.83	7442.70
Fixation L	1	12	12198752717	12198912630	159913	444.17	363.30	10	41	-1	14.29	14.29
Fixation R	1	12	12198752717	12198912630	159913	444.17	363.30	10	41	-1	14.72	14.72
Saccade L	1	12	12198912630	12198992710	80080	444.33	384.26	1140.71	551.62	16.50	411.75	0.25	205.99	20306.63	-8586.80	8399.85
Saccade R	1	12	12198912630	12198992710	80080	444.33	384.26	1140.71	551.62	16.50	411.75	0.25	205.99	20306.63	-8586.80	8399.85
Fixation L	1	13	12198992710	12199172709	179999	1131.20	554.54	19	33	-1	14.24	14.24
Fixation R	1	13	12198992710	12199172709	179999	1131.20	554.54	19	33	-1	14.89	14.89
Saccade L	1	13	12199172709	12199200580	27871	1134.15	536.46	1250.70	529.59	2.40	174.59	0.57	86.08	8138.40	-8326.57	6130.73
Saccade R	1	13	12199172709	12199200580	27871	1134.15	536.46	1250.70	529.59	2.40	174.59	0.57	86.08	8138.40	-8326.57	6130.73
Fixation L	1	14	12199200580	12199340570	139990	1262.69	531.32	27	45	-1	14.18	14.18
Fixation R	1	14	12199200580	12199340570	139990	1262.69	531.32	27	45	-1	14.96	14.96
Saccade L	1	14	12199340570	12199360639	20069	1261.37	572.41	1256.14	528.63	0.86	77.21	0.60	42.79	2390.78	-3219.38	1802.98
Saccade R	1	14	12199340570	12199360639	20069	1261.37	572.41	1256.14	528.63	0.86	77.21	0.60	42.79	2390.78	-3219.38	1802.98
Fixation L	1	15	12199360639	12199524584	163945	1273.58	533.44	35	45	-1	13.87	13.87
Fixation R	1	15	12199360639	12199524584	163945	1273.58	533.44	35	45	-1	14.61	14.61
Saccade L	1	15	12199524584	12199556578	31994	1280.24	528.19	1285.45	653.02	2.46	166.42	0.50	77.04	7204.55	-7231.16	5442.22
Saccade R	1	15	12199524584	12199556578	31994	1280.24	528.19	1285.45	653.02	2.46	166.42	0.50	77.04	7204.55	-7231.16	5442.22
Fixation L	1	16	12199556578	12199676580	120002	1282.06	645.67	13	17	-1	13.93	13.93
Fixation R	1	16	12199556578	12199676580	120002	1282.06	645.67	13	17	-1	14.59	14.59
Saccade L	1	16	12199676580	12199716577	39997	1293.13	648.72	0.00	0.00	40.06	3243.57	0.70	1001.56	117221.92	-136659.16	73094.79
Fixation L	1	17	12199836590	12199908618	72028	496.29	571.77	22	23	-1	14.12	14.12
Fixation R	1	17	12199836590	12199908618	72028	496.29	571.77	22	23	-1	14.62	14.62
Saccade L	1	17	12199908618	12199936611	27993	507.15	554.91	431.59	545.10	1.65	131.93	0.57	59.05	5293.05	-5816.94	4044.53
Saccade R	1	16	12199908618	12199936611	27993	507.15	554.91	431.59	545.10	1.65	131.93	0.57	59.05	5293.05	-5816.94	4044.53
Saccade L	1	18	12199968622	12200004612	35990	429.13	559.20	450.74	597.45	0.95	40.01	0.78	26.39	754.12	-1669.90	756.06
Saccade R	1	17	12199968622	12200004612	35990	429.13	559.20	450.74	597.45	0.95	40.01	0.78	26.39	754.12	-1669.90	756.06
Saccade L	1	19	12200044600	12200084589	39989	444.46	589.89	421.92	355.95	4.98	274.80	0.50	124.48	13091.57	-12905.72	8896.55
Saccade R	1	18	12200044600	12200084589	39989	444.46	589.89	421.92	355.95	4.98	274.80	0.50	124.48	13091.57	-12905.72	8896.55
Fixation L	1	18	12200084589	12200196604	112015	418.00	385.93	10	45	-1	14.34	14.34
Fixation R	1	18	12200084589	12200196604	112015	418.00	385.93	10	45	-1	14.90	14.90
Saccade L	1	20	12200196604	12200220611	24007	414.30	389.65	426.13	445.00	0.88	59.82	0.33	36.50	2495.87	-2395.27	1777.10
Saccade R	1	19	12200196604	12200220611	24007	414.30	389.65	426.13	445.00	0.88	59.82	0.33	36.50	2495.87	-2395.27	1777.10
Saccade L	1	21	12200236602	12200272601	35999	431.71	436.94	447.89	344.30	3.01	184.10	0.33	83.74	8061.40	-6213.41	4459.64
Saccade R	1	20	12200236602	12200272601	35999	431.71	436.94	447.89	344.30	3.01	184.10	0.33	83.74	8061.40	-6213.41	4459.64
Saccade L	1	22	12200280595	12200328590	47995	450.37	336.47	435.42	284.07	1.56	55.04	0.67	32.54	1534.43	-1823.45	1069.91
Saccade R	1	21	12200280595	12200328590	47995	450.37	336.47	435.42	284.07	1.56	55.04	0.67	32.54	1534.43	-1823.45	1069.91
Fixation L	1	19	12200328590	12200396611	68021	429.88	261.82	15	42	-1	14.19	14.19
Fixation R	1	19	12200328590	12200396611	68021	429.88	261.82	15	42	-1	14.91	14.91
Saccade L	1	23	12200396611	12200452512	55901	429.80	243.87	489.02	384.12	3.38	139.87	0.29	60.52	5381.92	-3829.07	2779.03
Saccade R	1	22	12200396611	12200452512	55901	429.80	243.87	489.02	384.12	3.38	139.87	0.29	60.52	5381.92	-3829.07	2779.03
Fixation L	1	20	12200452512	12200560603	108091	495.46	401.78	25	29	-1	14.16	14.16
Fixation R	1	20	12200452512	12200560603	108091	495.46	401.78	25	29	-1	14.82	14.82
Saccade L	1	24	12200560603	12200596615	36012	491.50	413.35	505.72	564.95	3.12	162.50	0.44	86.68	7514.16	-7037.65	5275.48
Saccade R	1	23	12200560603	12200596615	36012	491.50	413.35	505.72	564.95	3.12	162.50	0.44	86.68	7514.16	-7037.65	5275.48
Fixation L	1	21	12200596615	12200656473	59858	504.77	551.23	9	27	-1	14.06	14.06
Fixation R	1	21	12200596615	12200656473	59858	504.77	551.23	9	27	-1	14.62	14.62
Saccade L	1	25	12200656473	12200676518	20045	498.20	536.11	507.06	582.65	0.81	71.07	0.60	40.55	2552.58	-2965.71	1906.63
Saccade R	1	24	12200656473	12200676518	20045	498.20	536.11	507.06	582.65	0.81	71.07	0.60	40.55	2552.58	-2965.71	1906.63
Fixation L	1	22	12200676518	12200780511	103993	503.75	569.82	8	21	-1	14.12	14.12
Fixation R	1	22	12200676518	12200780511	103993	503.75	569.82	8	21	-1	14.86	14.86
Saccade L	1	26	12200780511	12200812488	31977	503.90	568.67	552.19	577.25	1.02	58.22	0.25	31.78	2627.68	-1886.41	1381.42
Saccade R	1	25	12200780511	12200812488	31977	503.90	568.67	552.19	577.25	1.02	58.22	0.25	31.78	2627.68	-1886.41	1381.42
Fixation L	1	23	12200812488	12200900502	88014	572.82	584.59	33	14	-1	14.38	14.38
Fixation R	1	23	12200812488	12200900502	88014	572.82	584.59	33	14	-1	15.02	15.02
Saccade L	1	27	12200900502	12200976478	75976	579.27	585.17	1195.96	656.01	13.83	385.03	0.26	182.08	18580.93	-12370.00	7996.72
Saccade R	1	26	12200900502	12200976478	75976	579.27	585.17	1195.96	656.01	13.83	385.03	0.26	182.08	18580.93	-12370.00	7996.72
Fixation L	1	24	12200976478	12201136503	160025	1197.66	662.11	13	28	-1	14.47	14.47
Fixation R	1	24	12200976478	12201136503	160025	1197.66	662.11	13	28	-1	15.31	15.31
Saccade L	1	28	12201136503	12201156489	19986	1201.97	671.91	1203.71	647.23	0.56	40.76	0.40	28.13	1589.50	-1795.19	1214.67
Saccade R	1	27	12201136503	12201156489	19986	1201.97	671.91	1203.71	647.23	0.56	40.76	0.40	28.13	1589.50	-1795.19	1214.67
Fixation L	1	25	12201156489	12201364509	208020	1245.74	657.10	64	36	-1	14.51	14.51
Fixation R	1	25	12201156489	12201364509	208020	1245.74	657.10	64	36	-1	15.35	15.35
Saccade L	1	29	12201364509	12201396421	31912	1251.78	660.12	1252.24	552.97	2.49	157.06	0.38	77.90	7404.76	-7391.67	5372.74
Saccade R	1	28	12201364509	12201396421	31912	1251.78	660.12	1252.24	552.97	2.49	157.06	0.38	77.90	7404.76	-7391.67	5372.74
Fixation L	1	26	12201396421	12201512508	116087	1262.50	554.36	17	32	-1	14.25	14.25
Fixation R	1	26	12201396421	12201512508	116087	1262.50	554.36	17	32	-1	15.01	15.01
Saccade L	1	30	12201512508	12201588531	76023	1267.08	567.78	555.29	558.41	16.69	460.28	0.37	219.59	19672.17	-11854.85	9631.49
Saccade R	1	29	12201512508	12201588531	76023	1267.08	567.78	555.29	558.41	16.69	460.28	0.37	219.59	19672.17	-11854.85	9631.49
Fixation L	1	27	12201588531	12201696503	107972	570.24	541.65	37	34	-1	14.22	14.22
Fixation R	1	27	12201588531	12201696503	107972	570.24	541.65	37	34	-1	14.82	14.82
Saccade L	1	31	12201696503	12201728507	32004	590.99	546.81	473.99	549.58	2.89	235.67	0.38	90.34	9429.57	-9143.24	5690.56
Saccade R	1	30	12201696503	12201728507	32004	590.99	546.81	473.99	549.58	2.89	235.67	0.38	90.34	9429.57	-9143.24	5690.56
Fixation L	1	28	12201728507	12201904514	176007	478.39	546.45	19	54	-1	14.23	14.23
Fixation R	1	28	12201728507	12201904514	176007	478.39	546.45	19	54	-1	14.92	14.92
Saccade L	1	32	12201904514	12201956523	52009	476.90	548.15	431.79	441.57	3.14	105.86	0.62	60.38	3197.45	-4643.09	2763.18
Saccade R	1	31	12201904514	12201956523	52009	476.90	548.15	431.79	441.57	3.14	105.86	0.62	60.38	3197.45	-4643.09	2763.18
Fixation L	1	29	12201956523	12202028394	71871	434.47	455.28	12	24	-1	14.41	14.41
Fixation R	1	29	12201956523	12202028394	71871	434.47	455.28	12	24	-1	14.94	14.94
Saccade L	1	33	12202028394	12202060400	32006	443.00	457.01	442.27	394.28	1.33	66.76	0.62	41.44	2814.84	-3060.21	2240.91
Saccade R	1	32	12202028394	12202060400	32006	443.00	457.01	442.27	394.28	1.33	66.76	0.62	41.44	2814.84	-3060.21	2240.91
Fixation L	1	30	12202060400	12202516426	456026	458.90	445.70	61	121	-1	14.20	14.20
Fixation R	1	30	12202060400	12202516426	456026	458.90	445.70	61	121	-1	14.81	14.81
Saccade L	1	34	12202516426	12202552388	35962	495.38	490.00	452.46	513.25	1.06	50.82	0.67	29.53	1391.81	-1743.64	920.48
Saccade R	1	33	12202516426	12202552388	35962	495.38	490.00	452.46	513.25	1.06	50.82	0.67	29.53	1391.81	-1743.64	920.48
Fixation L	1	31	12202552388	12202616397	64009	443.66	526.55	17	29	-1	13.87	13.87
Fixation R	1	31	12202552388	12202616397	64009	443.66	526.55	17	29	-1	14.62	14.62
Saccade L	1	35	12202616397	12202644400	28003	433.85	546.32	442.29	493.75	1.04	63.95	0.57	37.22	2744.32	-2293.28	1857.94
Saccade R	1	34	12202616397	12202644400	28003	433.85	546.32	442.29	493.75	1.04	63.95	0.57	37.22	2744.32	-2293.28	1857.94
Fixation L	1	32	12202644400	12203592308	947908	462.73	487.60	47	72	-1	13.71	13.71
Fixation R	1	32	12202644400	12203592308	947908	462.73	487.60	47	72	-1	14.46	14.46
Saccade L	1	36	12203592308	12203636353	44045	475.70	512.76	400.49	256.02	6.06	257.32	0.54	137.62	10958.52	-11858.12	8230.26
Saccade R	1	35	12203592308	12203636353	44045	475.70	512.76	400.49	256.02	6.06	257.32	0.54	137.62	10958.52	-11858.12	8230.26
Fixation L	1	33	12203636353	12203812297	175944	387.04	252.23	22	40	-1	13.68	13.68
Fixation R	1	33	12203636353	12203812297	175944	387.04	252.23	22	40	-1	14.22	14.22
Saccade L	1	37	12203812297	12203832322	20025	377.58	250.23	381.08	191.17	0.98	83.09	0.60	48.82	3140.00	-2965.21	2094.16
Saccade R	1	36	12203812297	12203832322	20025	377.58	250.23	381.08	191.17	0.98	83.09	0.60	48.82	3140.00	-2965.21	2094.16
Fixation L	1	34	12203856314	12204044305	187991	403.31	186.42	35	25	-1	13.59	13.59
Fixation R	1	34	12203856314	12204044305	187991	403.31	186.42	35	25	-1	13.96	13.96
Saccade L	1	38	12204044305	12204096306	52001	425.34	201.64	447.54	284.45	2.18	77.90	0.54	41.98	2624.59	-2436.14	1608.74
Saccade R	1	37	12204044305	12204096306	52001	425.34	201.64	447.54	284.45	2.18	77.90	0.54	41.98	2624.59	-2436.14	1608.74
Fixation L	1	35	12204096306	12204156319	60013	435.79	282.97	17	19	-1	13.35	13.35
Fixation R	1	35	12204096306	12204156319	60013	435.79	282.97	17	19	-1	13.84	13.84
Saccade L	1	39	12204156319	12204184310	27991	430.39	287.38	356.76	301.13	1.66	118.70	0.57	59.23	5074.76	-5285.86	3810.81
Saccade R	1	38	12204156319	12204184310	27991	430.39	287.38	356.76	301.13	1.66	118.70	0.57	59.23	5074.76	-5285.86	3810.81
Fixation L	1	36	12204184310	12204536308	351998	327.48	304.27	41	51	-1	13.13	13.13
Fixation R	1	36	12204184310	12204536308	351998	327.48	304.27	41	51	-1	13.73	13.73
Saccade L	1	40	12204536308	12204584326	48018	339.98	318.63	309.96	385.83	1.61	52.96	0.58	33.60	1638.39	-1538.72	1063.33
Saccade R	1	39	12204536308	12204584326	48018	339.98	318.63	309.96	385.83	1.61	52.96	0.58	33.60	1638.39	-1538.72	1063.33
Fixation L	1	37	12204584326	12205004216	419890	313.27	403.94	31	34	-1	13.21	13.21
Fixation R	1	37	12204584326	12205004216	419890	313.27	403.94	31	34	-1	13.87	13.87
Saccade L	1	41	12205004216	12205044259	40043	293.35	404.45	359.31	408.22	1.48	71.51	0.30	36.87	3372.09	-2355.29	1816.59
Saccade R	1	40	12205004216	12205044259	40043	293.35	404.45	359.31	408.22	1.48	71.51	0.30	36.87	3372.09	-2355.29	1816.59
Fixation L	1	38	12205044259	12205204210	159951	377.75	402.43	24	26	-1	13.22	13.22
Fixation R	1	38	12205044259	12205204210	159951	377.75	402.43	24	26	-1	13.80	13.80
Saccade L	1	42	12205204210	12205252265	48055	381.00	395.50	387.46	519.65	2.72	97.83	0.25	56.60	4482.10	-3110.17	2551.46
Saccade R	1	41	12205204210	12205252265	48055	381.00	395.50	387.46	519.65	2.72	97.83	0.25	56.60	4482.10	-3110.17	2551.46
Fixation L	1	39	12205252265	12205376214	123949	397.72	545.24	16	43	-1	13.33	13.33
Fixation R	1	39	12205252265	12205376214	123949	397.72	545.24	16	43	-1	14.17	14.17
Saccade L	1	43	12205376214	12205408203	31989	398.01	562.45	261.41	511.00	3.05	199.52	0.50	95.48	8848.28	-7978.69	6298.78
Saccade R	1	42	12205376214	12205408203	31989	398.01	562.45	261.41	511.00	3.05	199.52	0.50	95.48	8848.28	-7978.69	6298.78
Fixation L	1	40	12205408203	12205812136	403933	249.66	549.11	22	101	-1	13.87	13.87
Fixation R	1	40	12205408203	12205812136	403933	249.66	549.11	22	101	-1	14.60	14.60
Saccade L	1	44	12205812136	12205856209	44073	237.18	612.26	364.03	634.24	2.91	172.23	0.37	66.02	7736.78	-6600.15	4328.97
Saccade R	1	43	12205812136	12205856209	44073	237.18	612.26	364.03	634.24	2.91	172.23	0.37	66.02	7736.78	-6600.15	4328.97
Fixation L	1	41	12205856209	12206040229	184020	368.60	615.85	9	30	-1	14.27	14.27
Fixation R	1	41	12205856209	12206040229	184020	368.60	615.85	9	30	-1	15.22	15.22
Saccade L	1	45	12206040229	12206076214	35985	373.86	607.58	444.82	635.80	1.62	88.40	0.33	44.88	3728.68	-3280.02	2429.09
Saccade R	1	44	12206040229	12206076214	35985	373.86	607.58	444.82	635.80	1.62	88.40	0.33	44.88	3728.68	-3280.02	2429.09
Fixation L	1	42	12206076214	12206212164	135950	441.50	631.17	14	13	-1	14.21	14.21
Fixation R	1	42	12206076214	12206212164	135950	441.50	631.17	14	13	-1	15.41	15.41
Saccade L	1	46	12206212164	12206256094	43930	439.15	633.67	308.01	571.63	3.08	181.17	0.36	70.20	8080.02	-6236.08	4470.77
Saccade R	1	45	12206212164	12206256094	43930	439.15	633.67	308.01	571.63	3.08	181.17	0.36	70.20	8080.02	-6236.08	4470.77
Fixation L	1	43	12206256094	12206988107	732013	309.87	511.28	55	122	-1	14.20	14.20
Fixation R	1	43	12206256094	12206988107	732013	309.87	511.28	55	122	-1	15.12	15.12
Saccade L	1	47	12206988107	12207040113	52006	336.33	473.46	4.81	0.00	23.81	1472.79	0.77	457.84	40622.46	-62523.77	26692.04
Fixation L	1	44	12207040113	12207284122	244009	275.48	408.52	670	785	-1	14.47	14.47
Fixation R	1	44	12207132134	12207284122	151988	301.97	432.31	15	45	-1	14.37	14.37
Saccade L	1	48	12207284122	12207328137	44015	305.54	428.48	360.96	270.22	4.09	220.04	0.73	92.88	7473.00	-10551.58	5400.01
Saccade R	1	46	12207284122	12207328137	44015	305.54	428.48	360.96	270.22	4.09	220.04	0.73	92.88	7473.00	-10551.58	5400.01
Fixation L	1	45	12207328137	12207452124	123987	363.22	274.53	23	45	-1	13.71	13.71
Fixation R	1	45	12207328137	12207452124	123987	363.22	274.53	23	45	-1	14.32	14.32
Saccade L	1	49	12207452124	12207484132	32008	377.60	298.36	376.62	340.42	0.95	52.10	0.38	29.75	1893.57	-1479.18	1199.99
Saccade R	1	47	12207452124	12207484132	32008	377.60	298.36	376.62	340.42	0.95	52.10	0.38	29.75	1893.57	-1479.18	1199.99
Saccade L	1	50	12207504122	12207528137	24015	381.13	343.01	386.23	301.53	0.76	49.07	0.50	31.85	1889.33	-1940.17	1381.11
Saccade R	1	48	12207504122	12207528137	24015	381.13	343.01	386.23	301.53	0.76	49.07	0.50	31.85	1889.33	-1940.17	1381.11
Fixation L	1	46	12207528137	12207608149	80012	392.09	305.89	13	18	-1	13.59	13.59
Fixation R	1	46	12207528137	12207608149	80012	392.09	305.89	13	18	-1	14.20	14.20
Saccade L	1	51	12207608149	12207652128	43979	391.32	300.03	397.91	210.90	1.89	85.22	0.27	42.92	3840.41	-2702.31	1950.08
Saccade R	1	49	12207608149	12207652128	43979	391.32	300.03	397.91	210.90	1.89	85.22	0.27	42.92	3840.41	-2702.31	1950.08
Saccade L	1	52	12207684065	12207707999	23934	406.79	203.36	413.00	259.67	0.94	64.13	0.50	39.07	2484.30	-2145.95	1589.73
Saccade R	1	50	12207684065	12207707999	23934	406.79	203.36	413.00	259.67	0.94	64.13	0.50	39.07	2484.30	-2145.95	1589.73
Fixation L	1	47	12207707999	12207812043	104044	391.66	252.34	37	67	-1	13.34	13.34
Fixation R	1	47	12207707999	12207812043	104044	391.66	252.34	37	67	-1	13.76	13.76
Saccade L	1	53	12207812043	12207832006	19963	373.99	227.28	371.08	268.06	0.59	44.63	0.60	29.79	1781.80	-1031.90	1061.89
Saccade R	1	51	12207812043	12207832006	19963	373.99	227.28	371.08	268.06	0.59	44.63	0.60	29.79	1781.80	-1031.90	1061.89
Fixation L	1	48	12207832006	12208004075	172069	348.69	287.69	36	42	-1	13.18	13.18
Fixation R	1	48	12207832006	12208004075	172069	348.69	287.69	36	42	-1	13.55	13.55
Saccade L	1	54	12208004075	12208044010	39935	346.35	291.23	308.01	394.20	2.28	116.16	0.40	56.97	4942.20	-4380.98	3266.83
Saccade R	1	52	12208004075	12208044010	39935	346.35	291.23	308.01	394.20	2.28	116.16	0.40	56.97	4942.20	-4380.98	3266.83
Fixation L	1	49	12208044010	12208324036	280026	295.35	374.45	27	53	-1	13.10	13.10
Fixation R	1	49	12208044010	12208324036	280026	295.35	374.45	27	53	-1	13.53	13.53
Saccade L	1	55	12208324036	12208360019	35983	294.07	347.87	327.57	392.90	1.24	67.92	0.33	34.48	2417.00	-1935.48	1311.31
Saccade R	1	53	12208324036	12208360019	35983	294.07	347.87	327.57	392.90	1.24	67.92	0.33	34.48	2417.00	-1935.48	1311.31
Fixation L	1	50	12208360019	12208444053	84034	337.20	403.67	16	21	-1	13.26	13.26
Fixation R	1	50	12208360019	12208444053	84034	337.20	403.67	16	21	-1	13.76	13.76
Saccade L	1	56	12208444053	12208536025	91972	344.84	416.29	1224.70	539.44	20.06	424.42	0.26	218.16	19814.92	-10182.81	7606.04
Saccade R	1	54	12208444053	12208536025	91972	344.84	416.29	1224.70	539.44	20.06	424.42	0.26	218.16	19814.92	-10182.81	7606.04
Fixation L	1	51	12208536025	12208676029	140004	1191.95	563.55	58	49	-1	13.34	13.34
Fixation R	1	51	12208536025	12208676029	140004	1191.95	563.55	58	49	-1	14.04	14.04
Saccade L	1	57	12208676029	12208716023	39994	1164.54	586.79	1269.12	555.39	2.66	187.00	0.30	66.51	8171.01	-7013.34	3982.17
Saccade R	1	55	12208676029	12208716023	39994	1164.54	586.79	1269.12	555.39	2.66	187.00	0.30	66.51	8171.01	-7013.34	3982.17
Fixation L	1	52	12208716023	12208836062	120039	1271.48	551.45	14	20	-1	13.54	13.54
Fixation R	1	52	12208716023	12208836062	120039	1271.48	551.45	14	20	-1	14.29	14.29
Saccade L	1	58	12208836062	12208860028	23966	1281.32	561.32	1291.00	589.89	0.72	43.48	0.50	29.92	1800.13	-1688.52	1244.84
Saccade R	1	56	12208836062	12208860028	23966	1281.32	561.32	1291.00	589.89	0.72	43.48	0.50	29.92	1800.13	-1688.52	1244.84
Fixation L	1	53	12208860028	12209415929	555901	1276.69	595.04	66	93	-1	13.46	13.46
Fixation R	1	53	12208860028	12209415929	555901	1276.69	595.04	66	93	-1	14.19	14.19
Saccade L	1	59	12209415929	12209451925	35996	1242.29	647.91	1118.20	629.95	2.72	175.09	0.44	75.50	8174.70	-7114.24	5209.56
Saccade R	1	57	12209415929	12209451925	35996	1242.29	647.91	1118.20	629.95	2.72	175.09	0.44	75.50	8174.70	-7114.24	5209.56
Fixation L	1	54	12209451925	12209623915	171990	1120.12	647.61	14	48	-1	13.36	13.36
Fixation R	1	54	12209451925	12209623915	171990	1120.12	647.61	14	48	-1	14.10	14.10
Saccade L	1	60	12209623915	12209687917	64002	1120.55	669.70	503.95	637.30	13.45	387.79	0.31	210.18	18677.94	-12730.77	9608.06
Saccade R	1	58	12209623915	12209687917	64002	1120.55	669.70	503.95	637.30	13.45	387.79	0.31	210.18	18677.94	-12730.77	9608.06
Fixation L	1	55	12209687917	12209879937	192020	496.50	652.84	22	30	-1	13.49	13.49
Fixation R	1	55	12209687917	12209879937	192020	496.50	652.84	22	30	-1	14.20	14.20
Saccade L	1	61	12209879937	12209911960	32023	484.81	666.99	359.41	675.19	2.68	153.43	0.50	83.82	7227.73	-7035.77	5437.87
Saccade R	1	59	12209879937	12209911960	32023	484.81	666.99	359.41	675.19	2.68	153.43	0.50	83.82	7227.73	-7035.77	5437.87
Fixation L	1	56	12209911960	12210239947	327987	350.05	660.48	31	43	-1	13.98	13.98
Fixation R	1	56	12209911960	12210239947	327987	350.05	660.48	31	43	-1	14.73	14.73
Saccade L	1	62	12210239947	12210275935	35988	328.91	641.84	281.26	658.94	1.09	48.48	0.44	30.38	1650.29	-1529.16	1145.28
Saccade R	1	60	12210239947	12210275935	35988	328.91	641.84	281.26	658.94	1.09	48.48	0.44	30.38	1650.29	-1529.16	1145.28
Fixation L	1	57	12210275935	12210603823	327888	283.48	645.29	30	38	-1	14.32	14.32
Fixation R	1	57	12210275935	12210603823	327888	283.48	645.29	30	38	-1	15.09	15.09
Saccade L	1	63	12210603823	12210635841	32018	304.82	637.91	346.97	646.46	1.01	54.45	0.38	31.60	2485.13	-2059.41	1655.70
Saccade R	1	61	12210603823	12210635841	32018	304.82	637.91	346.97	646.46	1.01	54.45	0.38	31.60	2485.13	-2059.41	1655.70
Fixation L	1	58	12210635841	12210759844	124003	359.46	651.79	17	10	-1	14.16	14.16
Fixation R	1	58	12210635841	12210759844	124003	359.46	651.79	17	10	-1	14.97	14.97
Saccade L	1	64	12210759844	12210791841	31997	362.35	651.19	355.11	517.88	2.73	159.57	0.50	85.17	7740.93	-7572.59	5785.98
Saccade R	1	62	12210759844	12210791841	31997	362.35	651.19	355.11	517.88	2.73	159.57	0.50	85.17	7740.93	-7572.59	5785.98
Fixation L	1	59	12210791841	12211019836	227995	359.98	494.35	25	53	-1	14.12	14.12
Fixation R	1	59	12210791841	12211019836	227995	359.98	494.35	25	53	-1	14.97	14.97
Saccade L	1	65	12211019836	12211043851	24015	365.93	473.25	339.05	486.57	0.74	54.44	0.50	30.87	2417.25	-1436.24	1476.59
Saccade R	1	63	12211019836	12211043851	24015	365.93	473.25	339.05	486.57	0.74	54.44	0.50	30.87	2417.25	-1436.24	1476.59
Fixation L	1	60	12211043851	12211175824	131973	321.86	485.68	20	26	-1	14.00	14.00
Fixation R	1	60	12211043851	12211175824	131973	321.86	485.68	20	26	-1	14.85	14.85
Saccade L	1	66	12211175824	12211203829	28005	326.21	467.96	320.19	387.91	1.75	140.27	0.57	62.33	6211.92	-4837.00	4006.80
Saccade R	1	64	12211175824	12211203829	28005	326.21	467.96	320.19	387.91	1.75	140.27	0.57	62.33	6211.92	-4837.00	4006.80
Fixation L	1	61	12211203829	12211767859	564030	343.23	378.54	56	82	-1	13.96	13.96
Fixation R	1	61	12211203829	12211767859	564030	343.23	378.54	56	82	-1	14.63	14.63
Saccade L	1	67	12211767859	12211803858	35999	312.40	421.77	353.44	365.42	1.42	72.86	0.44	39.35	3178.60	-2531.62	1902.44
Saccade R	1	65	12211767859	12211803858	35999	312.40	421.77	353.44	365.42	1.42	72.86	0.44	39.35	3178.60	-2531.62	1902.44
Fixation L	1	62	12211803858	12212603748	799890	335.01	350.32	68	69	-1	13.75	13.75
Fixation R	1	62	12211803858	12212603748	799890	335.01	350.32	68	69	-1	14.25	14.25
Saccade L	1	68	12212603748	12212639735	35987	305.26	329.18	310.10	272.47	1.25	61.35	0.67	34.76	1586.54	-2437.82	1378.73
Saccade R	1	66	12212603748	12212639735	35987	305.26	329.18	310.10	272.47	1.25	61.35	0.67	34.76	1586.54	-2437.82	1378.73
Fixation L	1	63	12212639735	12213151762	512027	329.43	318.40	61	90	-1	13.93	13.93
Fixation R	1	63	12212639735	12213151762	512027	329.43	318.40	61	90	-1	14.42	14.42
Saccade L	1	69	12213151762	12213175765	24003	359.37	334.59	362.56	291.63	0.95	65.53	0.67	39.42	2486.21	-2884.11	1954.67
Saccade R	1	67	12213151762	12213175765	24003	359.37	334.59	362.56	291.63	0.95	65.53	0.67	39.42	2486.21	-2884.11	1954.67
Fixation L	1	64	12213175765	12213403626	227861	343.32	284.11	32	56	-1	14.39	14.39
Fixation R	1	64	12213175765	12213403626	227861	343.32	284.11	32	56	-1	14.75	14.75
Fixation L	1	65	12213419651	12213495623	75972	321.03	262.49	35	42	-1	14.47	14.47
Fixation R	1	65	12213419651	12213495623	75972	321.03	262.49	35	42	-1	14.98	14.98
Saccade L	1	70	12213495623	12213515628	20005	292.64	260.29	290.91	300.45	0.88	84.74	0.60	44.10	2209.27	-3451.83	1842.12
Saccade R	1	68	12213495623	12213515628	20005	292.64	260.29	290.91	300.45	0.88	84.74	0.60	44.10	2209.27	-3451.83	1842.12
Fixation L	1	66	12213515628	12214119638	604010	282.72	326.98	28	107	-1	14.53	14.53
Fixation R	1	66	12213515628	12214119638	604010	282.72	326.98	28	107	-1	15.01	15.01
Saccade L	1	71	12214119638	12214147572	27934	284.52	384.59	297.66	349.31	1.20	88.92	0.57	42.81	3169.00	-3220.17	2197.28
Saccade R	1	69	12214119638	12214147572	27934	284.52	384.59	297.66	349.31	1.20	88.92	0.57	42.81	3169.00	-3220.17	2197.28
Fixation L	1	67	12214147572	12214255651	108079	296.42	331.24	9	45	-1	14.52	14.52
Fixation R	1	67	12214147572	12214255651	108079	296.42	331.24	9	45	-1	14.76	14.76
Saccade L	1	72	12214255651	12214331657	76006	299.17	334.08	1130.76	533.43	18.87	449.39	0.26	248.25	19569.60	-10543.29	9057.25
Saccade R	1	70	12214255651	12214331657	76006	299.17	334.08	1130.76	533.43	18.87	449.39	0.26	248.25	19569.60	-10543.29	9057.25
Fixation L	1	68	12214347677	12214471655	123978	1113.40	520.86	16	20	-1	14.45	14.45
Fixation R	1	68	12214347677	12214471655	123978	1113.40	520.86	16	20	-1	15.19	15.19
Saccade L	1	73	12214471655	12214495663	24008	1114.80	524.90	1227.66	522.42	2.23	195.02	0.50	92.78	8927.60	-8721.16	6404.53
Saccade R	1	71	12214471655	12214495663	24008	1114.80	524.90	1227.66	522.42	2.23	195.02	0.50	92.78	8927.60	-8721.16	6404.53
Fixation L	1	69	12214495663	12214723716	228053	1227.53	511.33	13	22	-1	14.29	14.29
Fixation R	1	69	12214495663	12214723716	228053	1227.53	511.33	13	22	-1	15.26	15.26
Saccade L	1	74	12214723716	12214751533	27817	1237.64	524.79	1245.54	566.91	0.93	51.38	0.57	33.51	1816.25	-2168.62	1409.29
Saccade R	1	72	12214723716	12214751533	27817	1237.64	524.79	1245.54	566.91	0.93	51.38	0.57	33.51	1816.25	-2168.62	1409.29
Fixation L	1	70	12214751533	12215387550	636017	1268.87	618.96	56	111	-1	13.92	13.92
Fixation R	1	70	12214751533	12215387550	636017	1268.87	618.96	56	111	-1	14.59	14.59
Saccade L	1	75	12215387550	12215423553	36003	1297.18	651.99	1270.76	511.30	3.12	138.51	0.33	86.74	6828.89	-5352.51	4568.68
Saccade R	1	73	12215387550	12215423553	36003	1297.18	651.99	1270.76	511.30	3.12	138.51	0.33	86.74	6828.89	-5352.51	4568.68
Fixation L	1	71	12215423553	12215547566	124013	1266.09	519.25	15	17	-1	13.61	13.61
Fixation R	1	71	12215423553	12215547566	124013	1266.09	519.25	15	17	-1	14.26	14.26
Saccade L	1	76	12215547566	12215595559	47993	1261.31	508.24	918.51	468.78	7.93	361.62	0.42	165.18	16913.93	-15302.47	10508.23
Saccade R	1	74	12215547566	12215595559	47993	1261.31	508.24	918.51	468.78	7.93	361.62	0.42	165.18	16913.93	-15302.47	10508.23
Saccade L	1	77	12215611553	12215651593	40040	914.55	466.51	1136.11	568.14	5.15	297.12	0.50	128.71	14082.34	-13360.66	9313.32
Saccade R	1	75	12215611553	12215651593	40040	914.55	466.51	1136.11	568.14	5.15	297.12	0.50	128.71	14082.34	-13360.66	9313.32
Fixation L	1	72	12215651593	12215815555	163962	1144.96	565.91	23	13	-1	13.68	13.68
Fixation R	1	72	12215651593	12215815555	163962	1144.96	565.91	23	13	-1	14.24	14.24
Saccade L	1	78	12215815555	12215859557	44002	1161.32	558.62	1290.66	603.32	3.00	196.20	0.36	68.10	8660.12	-7696.28	4796.86
Saccade R	1	76	12215815555	12215859557	44002	1161.32	558.62	1290.66	603.32	3.00	196.20	0.36	68.10	8660.12	-7696.28	4796.86
Fixation L	1	73	12215859557	12215979554	119997	1278.47	611.95	23	15	-1	13.62	13.62
Fixation R	1	73	12215859557	12215979554	119997	1278.47	611.95	23	15	-1	14.19	14.19
Saccade L	1	79	12215979554	12216011561	32007	1263.68	619.34	1301.72	650.21	0.97	48.77	0.38	30.40	1997.14	-1738.67	1380.61
Saccade R	1	77	12215979554	12216011561	32007	1263.68	619.34	1301.72	650.21	0.97	48.77	0.38	30.40	1997.14	-1738.67	1380.61
Fixation L	1	74	12216011561	12216111574	100013	1305.69	651.77	9	10	-1	13.66	13.66
Fixation R	1	74	12216011561	12216111574	100013	1305.69	651.77	9	10	-1	14.26	14.26
Saccade L	1	80	12216111574	12216143443	31869	1307.48	651.52	1290.27	543.43	2.49	168.57	0.50	78.10	7990.60	-7262.54	5461.84
Saccade R	1	78	12216111574	12216143443	31869	1307.48	651.52	1290.27	543.43	2.49	168.57	0.50	78.10	7990.60	-7262.54	5461.84
Fixation L	1	75	12216143443	12216379456	236013	1291.40	555.22	13	31	-1	13.59	13.59
Fixation R	1	75	12216143443	12216379456	236013	1291.40	555.22	13	31	-1	14.23	14.23
Fixation L	1	76	12216395470	12216567449	171979	1257.82	528.97	17	18	-1	13.40	13.40
Fixation R	1	76	12216395470	12216567449	171979	1257.82	528.97	17	18	-1	14.15	14.15
Saccade L	1	81	12216567449	12216603441	35992	1256.73	525.59	1266.16	626.92	2.16	133.49	0.33	60.10	6093.41	-5287.33	3675.13
Saccade R	1	79	12216567449	12216603441	35992	1256.73	525.59	1266.16	626.92	2.16	133.49	0.33	60.10	6093.41	-5287.33	3675.13
Fixation L	1	77	12216603441	12216687459	84018	1270.33	637.87	15	15	-1	13.33	13.33
Fixation R	1	77	12216603441	12216687459	84018	1270.33	637.87	15	15	-1	14.06	14.06
Saccade L	1	82	12216687459	12216735445	47986	1283.71	634.15	0.00	0.00	37.64	3101.29	0.75	784.36	117364.84	-132589.76	56834.56
Fixation L	1	78	12216827484	12217007450	179966	426.76	286.86	18	23	-1	13.40	13.40
Fixation R	1	78	12216827484	12217007450	179966	426.76	286.86	18	23	-1	13.89	13.89
Saccade L	1	83	12217007450	12217035492	28042	416.93	285.43	394.90	318.87	0.90	46.58	0.43	32.24	2198.60	-1370.71	1242.76
Saccade R	1	80	12217007450	12217035492	28042	416.93	285.43	394.90	318.87	0.90	46.58	0.43	32.24	2198.60	-1370.71	1242.76
Fixation L	1	79	12217035492	12217303495	268003	383.79	321.95	18	46	-1	13.46	13.46
Fixation R	1	79	12217035492	12217303495	268003	383.79	321.95	18	46	-1	13.88	13.88
Saccade L	1	84	12217303495	12217339478	35983	378.62	345.97	414.12	385.24	1.07	47.73	0.33	29.80	1730.91	-1499.73	1235.96
Saccade R	1	81	12217303495	12217339478	35983	378.62	345.97	414.12	385.24	1.07	47.73	0.33	29.80	1730.91	-1499.73	1235.96
Fixation L	1	80	12217339478	12217427468	87990	405.62	365.34	26	36	-1	13.47	13.47
Fixation R	1	80	12217339478	12217427468	87990	405.62	365.34	26	36	-1	13.79	13.79
Saccade L	1	85	12217427468	12217467491	40023	394.60	359.78	378.36	505.78	3.16	159.89	0.40	78.90	7090.06	-6052.91	4415.86
Saccade R	1	82	12217427468	12217467491	40023	394.60	359.78	378.36	505.78	3.16	159.89	0.40	78.90	7090.06	-6052.91	4415.86
Fixation L	1	81	12217467491	12217667338	199847	369.49	487.07	27	47	-1	13.30	13.30
Fixation R	1	81	12217467491	12217667338	199847	369.49	487.07	27	47	-1	13.72	13.72
Saccade L	1	86	12217667338	12217747365	80027	363.27	509.20	1242.10	660.31	20.14	412.25	0.40	251.64	18869.84	-13454.71	8941.18
Saccade R	1	83	12217667338	12217747365	80027	363.27	509.20	1242.10	660.31	20.14	412.25	0.40	251.64	18869.84	-13454.71	8941.18
Fixation L	1	82	12217747365	12218327358	579993	1251.51	663.43	74	51	-1	13.75	13.75
Fixation R	1	82	12217747365	12218327358	579993	1251.51	663.43	74	51	-1	14.40	14.40
Saccade L	1	87	12218327358	12218359366	32008	1299.51	664.08	1248.34	559.20	2.49	152.70	0.37	77.76	6450.66	-6166.31	4647.38
Saccade R	1	84	12218327358	12218359366	32008	1299.51	664.08	1248.34	559.20	2.49	152.70	0.37	77.76	6450.66	-6166.31	4647.38
Fixation L	1	83	12218359366	12218879401	520035	1262.24	541.45	53	61	-1	14.08	14.08
Fixation R	1	83	12218359366	12218879401	520035	1262.24	541.45	53	61	-1	14.86	14.86
Saccade L	1	88	12218879401	12218919375	39974	1294.38	514.33	1285.88	571.91	1.21	51.37	0.40	30.28	1766.95	-1309.80	1057.96
Saccade R	1	85	12218879401	12218919375	39974	1294.38	514.33	1285.88	571.91	1.21	51.37	0.40	30.28	1766.95	-1309.80	1057.96
Saccade L	1	89	12218959367	12218999247	39880	1286.81	575.23	1275.61	669.56	2.01	99.17	0.30	50.28	4403.71	-3321.91	2628.74
Saccade R	1	86	12218959367	12218999247	39880	1286.81	575.23	1275.61	669.56	2.01	99.17	0.30	50.28	4403.71	-3321.91	2628.74
Fixation L	1	84	12218999247	12219691277	692030	1262.76	712.96	66	105	-1	14.26	14.26
Fixation R	1	84	12218999247	12219691277	692030	1262.76	712.96	66	105	-1	15.34	15.34
Saccade L	1	90	12219691277	12219719270	27993	1237.28	739.99	1092.02	739.16	2.91	215.36	0.43	104.08	10189.94	-10252.94	7573.89
Saccade R	1	87	12219691277	12219719270	27993	1237.28	739.99	1092.02	739.16	2.91	215.36	0.43	104.08	10189.94	-10252.94	7573.89
Fixation L	1	85	12219719270	12220043289	324019	1093.02	741.66	24	33	-1	14.66	14.66
Fixation R	1	85	12219719270	12220043289	324019	1093.02	741.66	24	33	-1	15.58	15.58
Saccade L	1	91	12220043289	12220115287	71998	1095.20	719.23	329.85	662.63	17.02	430.65	0.39	236.43	19985.98	-13259.98	10269.60
Saccade R	1	88	12220043289	12220115287	71998	1095.20	719.23	329.85	662.63	17.02	430.65	0.39	236.43	19985.98	-13259.98	10269.60
Fixation L	1	86	12220115287	12220311295	196008	331.62	676.55	15	22	-1	14.63	14.63
Fixation R	1	86	12220115287	12220311295	196008	331.62	676.55	15	22	-1	15.58	15.58
Saccade L	1	92	12220311295	12220355297	44002	338.81	675.73	307.73	614.85	1.58	62.35	0.27	35.83	3127.30	-1834.38	1655.26
Saccade R	1	89	12220311295	12220355297	44002	338.81	675.73	307.73	614.85	1.58	62.35	0.27	35.83	3127.30	-1834.38	1655.26
Fixation L	1	87	12220355297	12220491177	135880	300.92	603.74	10	22	-1	14.53	14.53
Fixation R	1	87	12220355297	12220491177	135880	300.92	603.74	10	22	-1	15.45	15.45
Saccade L	1	93	12220491177	12220531176	39999	296.99	604.00	299.24	507.19	2.00	92.20	0.30	50.09	3911.73	-2583.28	2364.57
Saccade R	1	90	12220491177	12220531176	39999	296.99	604.00	299.24	507.19	2.00	92.20	0.30	50.09	3911.73	-2583.28	2364.57
Fixation L	1	88	12220531176	12220999172	467996	313.42	524.19	45	64	-1	14.41	14.41
Fixation R	1	88	12220531176	12220999172	467996	313.42	524.19	45	64	-1	15.29	15.29
Saccade L	1	94	12220999172	12221039182	40010	333.99	540.59	451.79	604.66	2.85	145.97	0.30	71.34	6308.97	-5397.87	4191.49
Saccade R	1	91	12220999172	12221039182	40010	333.99	540.59	451.79	604.66	2.85	145.97	0.30	71.34	6308.97	-5397.87	4191.49
Fixation L	1	89	12221039182	12221131170	91988	461.36	599.39	23	19	-1	14.14	14.14
Fixation R	1	89	12221039182	12221131170	91988	461.36	599.39	23	19	-1	14.99	14.99
Saccade L	1	95	12221131170	12221171200	40030	477.09	586.32	575.39	657.73	2.72	135.87	0.40	67.95	6174.03	-5831.36	4174.06
Saccade R	1	92	12221131170	12221171200	40030	477.09	586.32	575.39	657.73	2.72	135.87	0.40	67.95	6174.03	-5831.36	4174.06
Fixation L	1	90	12221171200	12221311182	139982	584.79	665.63	13	22	-1	14.36	14.36
Fixation R	1	90	12221171200	12221311182	139982	584.79	665.63	13	22	-1	15.11	15.11
Saccade L	1	96	12221311182	12221363193	52011	585.90	653.15	919.05	937.19	9.36	347.51	0.23	179.92	15828.89	-11162.74	8269.31
Saccade R	1	93	12221311182	12221363193	52011	585.90	653.15	919.05	937.19	9.36	347.51	0.23	179.92	15828.89	-11162.74	8269.31
Fixation L	1	91	12221363193	12221471175	107982	927.02	930.91	31	13	-1	14.88	14.88
Fixation R	1	91	12221363193	12221471175	107982	927.02	930.91	31	13	-1	15.64	15.64
Fixation L	1	92	12221631192	12221859097	227905	1004.48	845.62	23	33	-1	15.26	15.26
Fixation R	1	92	12221631192	12221859097	227905	1004.48	845.62	23	33	-1	15.77	15.77
Fixation L	1	93	12221971102	12223350967	1379865	38.53	32.00	902	930	-1	14.05	14.05
Fixation R	1	93	12221971102	12223258969	1287867	0.00	-0.04	0	2	-1	15.37	15.37
Saccade L	1	97	12223450969	12223490990	40021	569.29	458.82	462.50	461.96	3.54	215.57	0.50	88.43	9894.86	-8306.55	5470.57
Saccade R	1	94	12223450969	12223490990	40021	569.29	458.82	462.50	461.96	3.54	215.57	0.50	88.43	9894.86	-8306.55	5470.57
