[BeGaze]
Converted from:	D:\Kirillov\Results\ermolova_temp\versh-eye_data.idf
Date:	17.04.2019 03:53:48
Version:	BeGaze 3.0.181
Sample Rate:	250
Subject:	versh
Description:	Run31

Table Header for Fixations:
Event Type	Trial	Number	Start	End	Duration	Location X	Location Y	Dispersion X	Dispersion Y	Plane	Avg. Pupil Size X	Avg. Pupil Size Y

Table Header for Saccades:
Event Type	Trial	Number	Start	End	Duration	Start Loc.X	Start Loc.Y	End Loc.X	End Loc.Y	Amplitude	Peak Speed	Peak Speed At	Average Speed	Peak Accel.	Peak Decel.	Average Accel.

Table Header for User Events:
Event Type	Trial	Number	Start	Description

UserEvent	1	1	8150920752	# Message: experiment-10.jpg
Fixation L	1	1	8150920965	8151092960	171995	371.36	654.42	34	40	-1	13.85	13.85
Fixation R	1	1	8150920965	8151092960	171995	371.36	654.42	34	40	-1	13.71	13.71
Saccade L	1	1	8151092960	8151116963	24003	363.49	640.29	330.90	616.31	0.76	56.07	0.50	31.75	1655.07	-1335.93	1123.58
Saccade R	1	1	8151092960	8151116963	24003	363.49	640.29	330.90	616.31	0.76	56.07	0.50	31.75	1655.07	-1335.93	1123.58
Saccade L	1	2	8151144981	8151164965	19984	316.00	611.92	357.10	625.71	0.83	70.60	0.40	41.55	2190.36	-2981.79	1818.12
Saccade R	1	2	8151144981	8151164965	19984	316.00	611.92	357.10	625.71	0.83	70.60	0.40	41.55	2190.36	-2981.79	1818.12
Fixation L	1	2	8151164965	8151256963	91998	359.29	633.49	13	21	-1	13.56	13.56
Fixation R	1	2	8151164965	8151256963	91998	359.29	633.49	13	21	-1	13.54	13.54
Saccade L	1	3	8151256963	8151276978	20015	356.70	642.81	363.52	739.47	1.66	177.22	0.60	82.81	7333.53	184.79	3637.52
Saccade R	1	3	8151256963	8151276978	20015	356.70	642.81	363.52	739.47	1.66	177.22	0.60	82.81	7333.53	184.79	3637.52
Saccade L	1	4	8151276978	8151297001	20023	363.52	739.47	358.20	663.73	1.74	182.95	0.40	86.76	184.79	-6159.62	2892.83
Saccade R	1	4	8151276978	8151297001	20023	363.52	739.47	358.20	663.73	1.74	182.95	0.40	86.76	184.79	-6159.62	2892.83
Fixation L	1	3	8151500963	8151648991	148028	1119.30	694.61	38	59	-1	12.49	12.49
Fixation R	1	3	8151500963	8151648991	148028	1119.30	694.61	38	59	-1	13.27	13.27
Saccade L	1	5	8151648991	8151712974	63983	1125.32	718.58	1251.09	603.57	4.63	173.44	0.50	72.36	5421.25	-6294.80	3209.86
Saccade R	1	5	8151648991	8151712974	63983	1125.32	718.58	1251.09	603.57	4.63	173.44	0.50	72.36	5421.25	-6294.80	3209.86
Fixation L	1	4	8151712974	8151872862	159888	1253.26	582.61	18	38	-1	12.37	12.37
Fixation R	1	4	8151712974	8151872862	159888	1253.26	582.61	18	38	-1	13.30	13.30
Saccade L	1	6	8151872862	8151964847	91985	1262.89	584.54	803.63	973.66	14.87	380.45	0.57	161.65	10077.04	-10141.16	6295.51
Saccade R	1	6	8151872862	8151964847	91985	1262.89	584.54	803.63	973.66	14.87	380.45	0.57	161.65	10077.04	-10141.16	6295.51
Fixation L	1	5	8151964847	8152112847	148000	812.61	983.83	15	13	-1	12.80	12.80
Fixation R	1	5	8151964847	8152112847	148000	812.61	983.83	15	13	-1	12.92	12.92
Saccade L	1	7	8152112847	8152148888	36041	810.24	986.91	930.34	989.04	2.46	115.32	0.44	68.21	5506.95	-5084.22	4052.09
Saccade R	1	7	8152112847	8152148888	36041	810.24	986.91	930.34	989.04	2.46	115.32	0.44	68.21	5506.95	-5084.22	4052.09
Fixation L	1	6	8152148888	8152300862	151974	921.46	984.71	19	7	-1	12.54	12.54
Fixation R	1	6	8152148888	8152300862	151974	921.46	984.71	19	7	-1	12.86	12.86
Saccade L	1	8	8152300862	8152328868	28006	912.09	984.97	971.50	995.33	1.30	85.33	0.57	46.26	4091.58	-3390.80	2796.52
Saccade R	1	8	8152300862	8152328868	28006	912.09	984.97	971.50	995.33	1.30	85.33	0.57	46.26	4091.58	-3390.80	2796.52
Fixation L	1	7	8152328868	8152476852	147984	973.42	997.72	34	4	-1	12.45	12.45
Fixation R	1	7	8152328868	8152476852	147984	973.42	997.72	34	4	-1	12.72	12.72
Saccade L	1	9	8152476852	8152540886	64034	977.46	998.78	1231.16	628.58	10.01	411.30	0.38	156.35	17342.37	-16803.89	9522.84
Saccade R	1	9	8152476852	8152540886	64034	977.46	998.78	1231.16	628.58	10.01	411.30	0.38	156.35	17342.37	-16803.89	9522.84
Fixation L	1	8	8152540886	8152928865	387979	1236.78	664.84	23	84	-1	12.29	12.29
Fixation R	1	8	8152540886	8152928865	387979	1236.78	664.84	23	84	-1	12.79	12.79
Saccade L	1	10	8152928865	8152972879	44014	1251.85	622.94	1144.20	589.09	3.08	140.44	0.36	69.92	6454.54	-4676.47	3559.06
Saccade R	1	10	8152928865	8152972879	44014	1251.85	622.94	1144.20	589.09	3.08	140.44	0.36	69.92	6454.54	-4676.47	3559.06
Saccade L	1	11	8152972879	8153004882	32003	1144.20	589.09	1125.12	590.47	0.87	45.22	0.25	27.05	867.34	-1367.62	744.57
Saccade R	1	11	8152972879	8153004882	32003	1144.20	589.09	1125.12	590.47	0.87	45.22	0.25	27.05	867.34	-1367.62	744.57
Fixation L	1	9	8153004882	8153080887	76005	1137.29	591.22	45	19	-1	12.38	12.38
Fixation R	1	9	8153004882	8153080887	76005	1137.29	591.22	45	19	-1	12.86	12.86
Saccade L	1	12	8153080887	8153116863	35976	1162.87	599.70	1155.82	500.34	1.92	91.40	0.78	53.29	3291.79	-1418.39	1847.75
Saccade R	1	12	8153080887	8153116863	35976	1162.87	599.70	1155.82	500.34	1.92	91.40	0.78	53.29	3291.79	-1418.39	1847.75
Saccade L	1	13	8153116863	8153148868	32005	1155.82	500.34	1148.83	607.68	1.96	91.76	0.25	61.10	2820.73	-2591.40	1492.42
Saccade R	1	13	8153116863	8153148868	32005	1155.82	500.34	1148.83	607.68	1.96	91.76	0.25	61.10	2820.73	-2591.40	1492.42
Fixation R	1	10	8153148868	8153276751	127883	337.89	178.80	1586	886	-1	11.23	11.23
Fixation L	1	10	8153388748	8153552769	164021	946.59	996.38	33	7	-1	12.48	12.48
Fixation R	1	11	8153388748	8153552769	164021	946.59	996.38	33	7	-1	13.07	13.07
Saccade L	1	14	8153552769	8153580773	28004	947.04	999.71	893.04	994.35	1.20	74.83	0.43	42.96	3345.68	-3390.08	2527.13
Saccade R	1	14	8153552769	8153580773	28004	947.04	999.71	893.04	994.35	1.20	74.83	0.43	42.96	3345.68	-3390.08	2527.13
Fixation L	1	11	8153580773	8153788786	208013	885.17	996.89	12	10	-1	13.13	13.13
Fixation R	1	12	8153580773	8153788786	208013	885.17	996.89	12	10	-1	13.35	13.35
Saccade L	1	15	8153788786	8153816770	27984	891.24	1001.05	832.32	999.06	1.27	94.20	0.57	45.48	4230.63	-4047.49	3036.58
Saccade R	1	15	8153788786	8153816770	27984	891.24	1001.05	832.32	999.06	1.27	94.20	0.57	45.48	4230.63	-4047.49	3036.58
Fixation L	1	12	8153816770	8154168784	352014	790.69	990.33	69	13	-1	13.00	13.00
Fixation R	1	13	8153816770	8154168784	352014	790.69	990.33	69	13	-1	13.10	13.10
Saccade L	1	16	8154168784	8154196759	27975	766.98	985.43	707.94	978.63	1.11	75.83	0.57	39.71	2864.87	-3239.42	2225.35
Saccade R	1	16	8154168784	8154196759	27975	766.98	985.43	707.94	978.63	1.11	75.83	0.57	39.71	2864.87	-3239.42	2225.35
Fixation L	1	13	8154196759	8154348784	152025	708.18	974.78	19	4	-1	13.09	13.09
Fixation R	1	14	8154196759	8154348784	152025	708.18	974.78	19	4	-1	13.02	13.02
Saccade L	1	17	8154348784	8154412761	63977	709.41	975.94	1101.66	688.34	11.78	366.08	0.50	184.15	14308.58	-15550.01	9245.86
Saccade R	1	17	8154348784	8154412761	63977	709.41	975.94	1101.66	688.34	11.78	366.08	0.50	184.15	14308.58	-15550.01	9245.86
Fixation L	1	14	8154412761	8154588796	176035	1106.04	707.46	28	36	-1	12.75	12.75
Fixation R	1	15	8154412761	8154588796	176035	1106.04	707.46	28	36	-1	13.34	13.34
