[BeGaze]
Converted from:	D:\Kirillov\Results\ermolova_temp\Ignat2-eye_data.idf
Date:	17.04.2019 03:54:14
Version:	BeGaze 3.0.181
Sample Rate:	250
Subject:	Ignat2
Description:	Run37

Table Header for Fixations:
Event Type	Trial	Number	Start	End	Duration	Location X	Location Y	Dispersion X	Dispersion Y	Plane	Avg. Pupil Size X	Avg. Pupil Size Y

Table Header for Saccades:
Event Type	Trial	Number	Start	End	Duration	Start Loc.X	Start Loc.Y	End Loc.X	End Loc.Y	Amplitude	Peak Speed	Peak Speed At	Average Speed	Peak Accel.	Peak Decel.	Average Accel.

Table Header for User Events:
Event Type	Trial	Number	Start	Description

UserEvent	1	1	5517687331	# Message: Questionnaire9.jpg
Fixation L	1	1	5517688583	5517740573	51990	704.43	809.34	24	7	-1	10.88	10.88
Fixation R	1	1	5517688583	5517740573	51990	704.43	809.34	24	7	-1	10.60	10.60
Saccade L	1	1	5517740573	5517796571	55998	688.63	802.85	596.00	235.33	12.34	442.41	0.43	220.36	19135.60	-18300.83	12196.30
Saccade R	1	1	5517740573	5517796571	55998	688.63	802.85	596.00	235.33	12.34	442.41	0.43	220.36	19135.60	-18300.83	12196.30
Saccade L	1	2	5517796571	5517816579	20008	596.00	235.33	586.86	267.90	0.68	54.94	0.60	34.05	-150.06	-6225.63	2064.75
Saccade R	1	2	5517796571	5517816579	20008	596.00	235.33	586.86	267.90	0.68	54.94	0.60	34.05	-150.06	-6225.63	2064.75
Fixation L	1	2	5517816579	5517952626	136047	579.68	291.50	11	38	-1	10.77	10.77
Fixation R	1	2	5517816579	5517952626	136047	579.68	291.50	11	38	-1	10.26	10.26
Saccade L	1	3	5517952626	5517992590	39964	579.16	288.78	551.19	221.34	1.87	108.56	0.40	46.73	4901.66	-4194.66	2829.98
Saccade R	1	3	5517952626	5517992590	39964	579.16	288.78	551.19	221.34	1.87	108.56	0.40	46.73	4901.66	-4194.66	2829.98
Saccade L	1	4	5518024578	5518048581	24003	541.51	212.53	527.75	268.20	1.45	124.20	0.50	60.27	4916.76	-4748.90	3581.57
Saccade R	1	4	5518024578	5518048581	24003	541.51	212.53	527.75	268.20	1.45	124.20	0.50	60.27	4916.76	-4748.90	3581.57
Saccade L	1	5	5518088594	5518124575	35981	529.16	284.69	565.30	106.92	4.09	288.81	0.45	113.79	13503.29	-13342.69	8639.58
Saccade R	1	5	5518088594	5518124575	35981	529.16	284.69	565.30	106.92	4.09	288.81	0.45	113.79	13503.29	-13342.69	8639.58
Fixation L	1	3	5518124575	5518260602	136027	567.52	119.69	16	63	-1	10.62	10.62
Fixation R	1	3	5518124575	5518260602	136027	567.52	119.69	16	63	-1	10.29	10.29
Saccade L	1	6	5518260602	5518288593	27991	557.52	161.99	561.35	99.82	1.26	70.16	0.57	45.08	2977.02	-2728.01	2198.39
Saccade R	1	6	5518260602	5518288593	27991	557.52	161.99	561.35	99.82	1.26	70.16	0.57	45.08	2977.02	-2728.01	2198.39
UserEvent	1	2	5518285807	# Message: UE-mouseclick left x=362 y=336
Fixation L	1	4	5518288593	5518340583	51990	562.92	91.41	4	19	-1	10.63	10.63
Fixation R	1	4	5518288593	5518340583	51990	562.92	91.41	4	19	-1	10.58	10.58
Saccade L	1	7	5518340583	5518368578	27995	559.78	104.57	548.45	135.36	0.80	42.45	0.62	28.50	899.78	-1294.93	793.05
Saccade R	1	7	5518340583	5518368578	27995	559.78	104.57	548.45	135.36	0.80	42.45	0.62	28.50	899.78	-1294.93	793.05
Fixation L	1	5	5518368578	5518648580	280002	568.33	104.86	41	73	-1	11.09	11.09
Fixation R	1	5	5518368578	5518648580	280002	568.33	104.86	41	73	-1	10.84	10.84
Saccade L	1	8	5518648580	5518680488	31908	578.92	78.34	577.65	132.28	1.05	63.50	0.75	32.82	2270.32	-2181.88	1545.38
Saccade R	1	8	5518648580	5518680488	31908	578.92	78.34	577.65	132.28	1.05	63.50	0.75	32.82	2270.32	-2181.88	1545.38
Fixation L	1	6	5518680488	5518848483	167995	590.40	151.41	23	30	-1	11.30	11.30
Fixation R	1	6	5518680488	5518848483	167995	590.40	151.41	23	30	-1	10.96	10.96
Fixation L	1	7	5518864490	5518988502	124012	586.38	88.38	20	56	-1	11.16	11.16
Fixation R	1	7	5518864490	5518988502	124012	586.38	88.38	20	56	-1	11.06	11.06
Saccade L	1	9	5518988502	5519012490	23988	595.04	64.06	599.46	43.12	1.33	106.15	0.50	55.30	4639.32	-3077.58	2976.43
Saccade R	1	9	5518988502	5519012490	23988	595.04	64.06	599.46	43.12	1.33	106.15	0.50	55.30	4639.32	-3077.58	2976.43
Saccade L	1	10	5519020476	5519048490	28014	729.68	171.02	554.67	245.22	4.11	314.50	0.43	146.89	15159.47	-14330.14	10504.92
Saccade R	1	10	5519020476	5519048490	28014	729.68	171.02	554.67	245.22	4.11	314.50	0.43	146.89	15159.47	-14330.14	10504.92
