[BeGaze]
Converted from:	D:\Kirillov\Results\ermolova_temp\sasha-eye_data.idf
Date:	17.04.2019 03:52:35
Version:	BeGaze 3.0.181
Sample Rate:	250
Subject:	sasha
Description:	Run9

Table Header for Fixations:
Event Type	Trial	Number	Start	End	Duration	Location X	Location Y	Dispersion X	Dispersion Y	Plane	Avg. Pupil Size X	Avg. Pupil Size Y

Table Header for Saccades:
Event Type	Trial	Number	Start	End	Duration	Start Loc.X	Start Loc.Y	End Loc.X	End Loc.Y	Amplitude	Peak Speed	Peak Speed At	Average Speed	Peak Accel.	Peak Decel.	Average Accel.

Table Header for User Events:
Event Type	Trial	Number	Start	Description

UserEvent	1	1	892152031	# Message: Questionnaire6.jpg
Fixation L	1	1	892182279	892291416	109137	1095.41	590.93	17	24	-1	19.25	19.25
Fixation R	1	1	892182279	892291416	109137	1095.41	590.93	17	24	-1	18.67	18.67
Saccade L	1	1	892291416	892311502	20086	1098.43	582.78	1076.42	593.00	0.52	43.32	0.74	25.76	1776.32	-1287.41	1005.62
Saccade R	1	1	892291416	892311502	20086	1098.43	582.78	1076.42	593.00	0.52	43.32	0.74	25.76	1776.32	-1287.41	1005.62
Saccade L	1	2	892319443	892363446	44003	1070.52	596.70	1066.05	517.72	2.19	162.22	0.27	49.86	5854.49	-5619.60	2691.76
Saccade R	1	2	892319443	892363446	44003	1070.52	596.70	1066.05	517.72	2.19	162.22	0.27	49.86	5854.49	-5619.60	2691.76
Fixation L	1	2	892363446	892463449	100003	1071.54	512.92	36	13	-1	17.57	17.57
Fixation R	1	2	892363446	892463449	100003	1071.54	512.92	36	13	-1	17.44	17.44
Saccade L	1	3	892463449	892511451	48002	1047.23	502.96	576.39	228.65	12.23	570.30	0.42	254.88	26353.85	-20630.10	16187.56
Saccade R	1	3	892463449	892511451	48002	1047.23	502.96	576.39	228.65	12.23	570.30	0.42	254.88	26353.85	-20630.10	16187.56
Fixation L	1	3	892511451	892675459	164008	576.40	215.60	15	24	-1	16.43	16.43
Fixation R	1	3	892511451	892675459	164008	576.40	215.60	15	24	-1	15.94	15.94
Saccade L	1	4	892675459	892707420	31961	578.75	224.62	432.43	217.00	3.08	227.21	0.50	96.26	10144.11	-9633.71	7268.95
Saccade R	1	4	892675459	892707420	31961	578.75	224.62	432.43	217.00	3.08	227.21	0.50	96.26	10144.11	-9633.71	7268.95
Fixation L	1	4	892707420	892931451	224031	433.89	219.02	21	48	-1	16.02	16.02
Fixation R	1	4	892707420	892931451	224031	433.89	219.02	21	48	-1	15.53	15.53
Saccade L	1	5	892931451	892979451	48000	428.91	237.43	609.60	228.06	3.92	212.96	0.33	81.57	9905.39	-8116.39	5102.02
Saccade R	1	5	892931451	892979451	48000	428.91	237.43	609.60	228.06	3.92	212.96	0.33	81.57	9905.39	-8116.39	5102.02
Fixation L	1	5	892979451	893151293	171842	601.52	232.55	22	8	-1	16.20	16.20
Fixation R	1	5	892979451	893151293	171842	601.52	232.55	22	8	-1	16.07	16.07
Saccade L	1	6	893151293	893183315	32022	592.90	232.95	468.65	251.09	2.72	202.24	0.50	84.89	9007.94	-8343.68	6277.54
Saccade R	1	6	893151293	893183315	32022	592.90	232.95	468.65	251.09	2.72	202.24	0.50	84.89	9007.94	-8343.68	6277.54
Fixation L	1	6	893183315	893543331	360016	435.29	274.87	56	55	-1	16.98	16.98
Fixation R	1	6	893183315	893543331	360016	435.29	274.87	56	55	-1	16.63	16.63
Saccade L	1	7	893687330	893723331	36001	406.23	342.78	455.72	340.14	1.67	90.46	0.67	46.29	2698.60	-3263.53	1635.54
Saccade R	1	7	893687330	893723331	36001	406.23	342.78	455.72	340.14	1.67	90.46	0.67	46.29	2698.60	-3263.53	1635.54
Fixation L	1	7	893723331	893887305	163974	457.83	341.44	42	12	-1	17.48	17.48
Fixation R	1	7	893723331	893887305	163974	457.83	341.44	42	12	-1	17.03	17.03
Saccade L	1	8	893887305	893931343	44038	476.01	336.03	357.98	433.53	3.69	223.74	0.27	83.82	8447.58	-6076.43	4011.39
Saccade R	1	8	893887305	893931343	44038	476.01	336.03	357.98	433.53	3.69	223.74	0.27	83.82	8447.58	-6076.43	4011.39
Saccade L	1	9	893931343	893951308	19965	357.98	433.53	401.49	445.19	0.66	59.61	0.60	32.87	2189.49	-1244.92	1135.43
Saccade R	1	9	893931343	893951308	19965	357.98	433.53	401.49	445.19	0.66	59.61	0.60	32.87	2189.49	-1244.92	1135.43
Saccade L	1	10	893951308	893975309	24001	401.49	445.19	328.21	429.74	1.28	106.25	0.33	53.40	2189.49	-4681.45	2498.35
Saccade R	1	10	893951308	893975309	24001	401.49	445.19	328.21	429.74	1.28	106.25	0.33	53.40	2189.49	-4681.45	2498.35
Saccade L	1	11	893987313	894023310	35997	327.77	429.56	372.15	439.12	1.04	42.33	0.44	28.80	1692.96	-1275.80	1023.72
Saccade R	1	11	893987313	894023310	35997	327.77	429.56	372.15	439.12	1.04	42.33	0.44	28.80	1692.96	-1275.80	1023.72
Saccade L	1	12	894043298	894071311	28013	389.02	445.71	316.84	472.98	1.68	144.67	0.43	59.93	4970.13	-3675.85	2692.25
Saccade R	1	12	894043298	894071311	28013	389.02	445.71	316.84	472.98	1.68	144.67	0.43	59.93	4970.13	-3675.85	2692.25
Saccade L	1	13	894071311	894091401	20090	316.84	472.98	324.15	408.11	1.00	98.93	0.40	50.00	1390.17	-2841.35	1536.80
Saccade R	1	13	894071311	894091401	20090	316.84	472.98	324.15	408.11	1.00	98.93	0.40	50.00	1390.17	-2841.35	1536.80
Fixation L	1	8	894091401	894143337	51936	343.20	424.74	33	35	-1	18.03	18.03
Fixation R	1	8	894091401	894143337	51936	343.20	424.74	33	35	-1	17.78	17.78
Saccade L	1	14	894143337	894187328	43991	358.27	438.86	414.15	419.61	2.04	124.16	0.27	46.48	4227.71	-3424.12	2018.08
Saccade R	1	14	894143337	894187328	43991	358.27	438.86	414.15	419.61	2.04	124.16	0.27	46.48	4227.71	-3424.12	2018.08
Fixation L	1	9	894187328	894251333	64005	395.71	405.02	36	31	-1	17.93	17.93
Fixation R	1	9	894187328	894251333	64005	395.71	405.02	36	31	-1	17.37	17.37
Saccade L	1	15	894267313	894303317	36004	390.85	407.25	402.84	489.94	2.30	186.14	0.56	63.98	6912.08	-6955.70	3991.78
Saccade R	1	15	894267313	894303317	36004	390.85	407.25	402.84	489.94	2.30	186.14	0.56	63.98	6912.08	-6955.70	3991.78
Saccade L	1	16	894303317	894331314	27997	402.84	489.94	375.39	524.92	0.81	49.99	0.43	29.08	909.37	-1740.91	909.72
Saccade R	1	16	894303317	894331314	27997	402.84	489.94	375.39	524.92	0.81	49.99	0.43	29.08	909.37	-1740.91	909.72
Saccade L	1	17	894331314	894351335	20021	375.39	524.92	425.07	525.12	0.62	63.71	0.60	31.09	1244.18	-942.28	848.73
Saccade R	1	17	894331314	894351335	20021	375.39	524.92	425.07	525.12	0.62	63.71	0.60	31.09	1244.18	-942.28	848.73
Saccade L	1	18	894399322	894451317	51995	379.40	532.93	419.20	595.12	3.89	160.09	0.46	74.78	5468.71	-5020.15	3394.18
Saccade R	1	18	894399322	894451317	51995	379.40	532.93	419.20	595.12	3.89	160.09	0.46	74.78	5468.71	-5020.15	3394.18
Saccade L	1	19	894451317	894475331	24014	419.20	595.12	344.14	570.07	1.08	101.84	0.67	45.05	3922.14	-1383.48	1834.98
Saccade R	1	19	894451317	894475331	24014	419.20	595.12	344.14	570.07	1.08	101.84	0.67	45.05	3922.14	-1383.48	1834.98
Saccade L	1	20	894491325	894523313	31988	405.59	585.51	337.91	632.00	2.13	170.88	0.63	66.53	6458.67	-5594.31	3843.27
Saccade R	1	20	894491325	894523313	31988	405.59	585.51	337.91	632.00	2.13	170.88	0.63	66.53	6458.67	-5594.31	3843.27
Saccade L	1	21	894523313	894543190	19877	337.91	632.00	341.02	605.07	0.53	44.69	0.60	26.57	196.99	-5594.31	1668.97
Saccade R	1	21	894523313	894543190	19877	337.91	632.00	341.02	605.07	0.53	44.69	0.60	26.57	196.99	-5594.31	1668.97
Saccade L	1	22	894543190	894563199	20009	341.02	605.07	364.41	598.96	0.60	60.24	0.60	30.02	874.14	-1502.97	663.44
Saccade R	1	22	894543190	894563199	20009	341.02	605.07	364.41	598.96	0.60	60.24	0.60	30.02	874.14	-1502.97	663.44
Saccade L	1	23	894595208	894639221	44013	371.69	588.54	340.82	645.08	1.67	83.63	0.27	38.02	2897.95	-1564.95	1300.55
Saccade R	1	23	894595208	894639221	44013	371.69	588.54	340.82	645.08	1.67	83.63	0.27	38.02	2897.95	-1564.95	1300.55
Saccade L	1	24	894671204	894691214	20010	335.55	633.41	335.51	673.58	0.87	82.86	0.40	43.69	2399.01	-3595.85	2086.25
Saccade R	1	24	894671204	894691214	20010	335.55	633.41	335.51	673.58	0.87	82.86	0.40	43.69	2399.01	-3595.85	2086.25
Fixation L	1	10	894691214	894743192	51978	334.59	683.68	10	25	-1	18.35	18.35
Fixation R	1	10	894691214	894743192	51978	334.59	683.68	10	25	-1	17.55	17.55
Saccade L	1	25	894743192	894775186	31994	330.04	684.05	333.03	638.10	0.93	45.55	0.25	29.11	1772.32	-979.22	931.67
Saccade R	1	25	894743192	894775186	31994	330.04	684.05	333.03	638.10	0.93	45.55	0.25	29.11	1772.32	-979.22	931.67
Fixation L	1	11	894815221	894931221	116000	340.99	612.99	50	29	-1	18.20	18.20
Fixation R	1	11	894815221	894931221	116000	340.99	612.99	50	29	-1	17.68	17.68
Saccade L	1	26	894931221	895047192	115971	334.12	614.25	316.02	683.61	13.73	378.16	0.66	118.41	14771.37	-9686.34	5623.58
Saccade R	1	26	894931221	895047192	115971	334.12	614.25	316.02	683.61	13.73	378.16	0.66	118.41	14771.37	-9686.34	5623.58
Fixation L	1	12	895047192	895215199	168007	312.17	701.05	28	53	-1	18.46	18.46
Fixation R	1	12	895047192	895215199	168007	312.17	701.05	28	53	-1	17.55	17.55
Saccade L	1	27	895215199	895251209	36010	293.49	712.58	462.03	396.41	8.51	753.80	0.33	236.37	30707.48	-29419.33	18270.49
Saccade R	1	27	895215199	895251209	36010	293.49	712.58	462.03	396.41	8.51	753.80	0.33	236.37	30707.48	-29419.33	18270.49
Saccade L	1	28	895259192	895287211	28019	460.51	385.18	458.07	377.57	5.26	263.03	0.43	187.79	12308.40	-13137.93	10417.57
Saccade R	1	28	895259192	895287211	28019	460.51	385.18	458.07	377.57	5.26	263.03	0.43	187.79	12308.40	-13137.93	10417.57
Fixation L	1	13	895355135	895543227	188092	432.15	410.02	30	41	-1	18.49	18.49
Fixation R	1	13	895355135	895543227	188092	432.15	410.02	30	41	-1	17.58	17.58
Fixation L	1	14	895559224	895711218	151994	442.44	452.70	16	44	-1	18.29	18.29
Fixation R	1	14	895559224	895711218	151994	442.44	452.70	16	44	-1	17.65	17.65
Fixation L	1	15	895935103	896595080	659977	427.65	325.12	50	44	-1	17.49	17.49
Fixation R	1	15	895935103	896595080	659977	427.65	325.12	50	44	-1	17.15	17.15
Saccade L	1	29	896595080	896623105	28025	445.37	319.27	409.14	297.84	1.01	55.00	0.71	36.01	1777.56	-1413.72	1224.98
Saccade R	1	29	896595080	896623105	28025	445.37	319.27	409.14	297.84	1.01	55.00	0.71	36.01	1777.56	-1413.72	1224.98
Saccade L	1	30	896623105	896651093	27988	409.14	297.84	379.73	282.45	0.76	48.78	0.57	27.00	651.50	-1954.28	986.80
Saccade R	1	30	896623105	896651093	27988	409.14	297.84	379.73	282.45	0.76	48.78	0.57	27.00	651.50	-1954.28	986.80
Saccade L	1	31	896675098	896707115	32017	373.83	288.92	389.45	245.66	0.97	60.63	0.25	30.29	2325.38	-1654.68	1134.36
Saccade R	1	31	896675098	896707115	32017	373.83	288.92	389.45	245.66	0.97	60.63	0.25	30.29	2325.38	-1654.68	1134.36
Fixation L	1	16	896707115	896907089	199974	382.73	250.94	58	29	-1	17.14	17.14
Fixation R	1	16	896707115	896907089	199974	382.73	250.94	58	29	-1	16.59	16.59
Saccade L	1	32	896907089	896931098	24009	344.41	237.30	359.92	272.22	0.74	46.89	0.33	30.82	1756.65	-1451.90	1191.51
Saccade R	1	32	896907089	896931098	24009	344.41	237.30	359.92	272.22	0.74	46.89	0.33	30.82	1756.65	-1451.90	1191.51
Fixation L	1	17	896931098	897139111	208013	385.64	288.14	39	22	-1	16.91	16.91
Fixation R	1	17	896931098	897139111	208013	385.64	288.14	39	22	-1	16.37	16.37
Fixation L	1	18	897338991	897482987	143996	441.28	278.12	41	66	-1	17.17	17.17
Fixation R	1	18	897338991	897482987	143996	441.28	278.12	41	66	-1	16.17	16.17
Saccade L	1	33	897482987	897506977	23990	449.68	312.69	494.65	324.95	0.90	58.90	0.50	37.31	2382.06	-2642.06	1836.28
Saccade R	1	33	897482987	897506977	23990	449.68	312.69	494.65	324.95	0.90	58.90	0.50	37.31	2382.06	-2642.06	1836.28
Fixation L	1	19	897506977	897674962	167985	500.03	323.98	20	19	-1	17.29	17.29
Fixation R	1	19	897506977	897674962	167985	500.03	323.98	20	19	-1	16.54	16.54
Saccade L	1	34	897674962	897698974	24012	487.67	317.55	432.80	329.70	1.27	106.07	0.50	52.99	3867.65	-4132.17	2973.26
Saccade R	1	34	897674962	897698974	24012	487.67	317.55	432.80	329.70	1.27	106.07	0.50	52.99	3867.65	-4132.17	2973.26
Fixation L	1	20	897698974	898942872	1243898	418.01	354.12	54	75	-1	17.15	17.15
Fixation R	1	20	897698974	898942872	1243898	418.01	354.12	54	75	-1	16.43	16.43
UserEvent	1	2	897793317	# Message: UE-mouseclick left x=360 y=268
Saccade L	1	35	898942872	898974877	32005	423.22	323.01	404.69	403.45	2.00	124.18	0.50	62.53	5736.27	-5475.28	4166.08
Saccade R	1	35	898942872	898974877	32005	423.22	323.01	404.69	403.45	2.00	124.18	0.50	62.53	5736.27	-5475.28	4166.08
Fixation L	1	21	898974877	899106878	132001	403.02	431.07	20	42	-1	17.08	17.08
Fixation R	1	21	898974877	899106878	132001	403.02	431.07	20	42	-1	16.21	16.21
Saccade L	1	36	899122883	899174873	51990	347.79	422.74	3.58	0.00	32.72	1940.08	0.77	629.36	40009.47	-82479.02	33037.48
Saccade R	1	36	899122883	899174873	51990	347.79	422.74	3.58	0.00	32.72	1940.08	0.77	629.36	40009.47	-82479.02	33037.48
Fixation L	1	22	899174873	899605523	430650	0.15	0.00	4	0	-1	9.82	9.82
Fixation R	1	22	899174873	899605523	430650	0.15	0.00	4	0	-1	12.67	12.67
