[BeGaze]
Converted from:	D:\Kirillov\Results\ermolova_temp\Nastya 06-eye_data.idf
Date:	17.04.2019 03:53:02
Version:	BeGaze 3.0.181
Sample Rate:	250
Subject:	Nastya 06
Description:	Run18

Table Header for Fixations:
Event Type	Trial	Number	Start	End	Duration	Location X	Location Y	Dispersion X	Dispersion Y	Plane	Avg. Pupil Size X	Avg. Pupil Size Y

Table Header for Saccades:
Event Type	Trial	Number	Start	End	Duration	Start Loc.X	Start Loc.Y	End Loc.X	End Loc.Y	Amplitude	Peak Speed	Peak Speed At	Average Speed	Peak Accel.	Peak Decel.	Average Accel.

Table Header for User Events:
Event Type	Trial	Number	Start	Description

UserEvent	1	1	6612541807	# Message: experiment-06.jpg
Fixation L	1	1	6612545790	6612677814	132024	389.62	361.24	10	18	-1	13.95	13.95
Fixation R	1	1	6612545790	6612677814	132024	389.62	361.24	10	18	-1	14.34	14.34
Saccade R	1	1	6612677814	6612721705	43891	386.17	352.10	0.00	0.00	17.76	1237.26	0.73	404.71	34602.74	-53720.93	24308.21
Fixation R	1	2	6612721705	6612793670	71965	0.00	0.00	0	0	-1	10.92	10.92
Fixation L	1	2	6612869705	6613025693	155988	1020.67	507.43	14	21	-1	13.65	13.65
Fixation R	1	3	6612869705	6613025693	155988	1020.67	507.43	14	21	-1	14.38	14.38
Saccade L	1	1	6613025693	6613057693	32000	1014.01	519.17	1171.89	597.74	3.75	267.76	0.50	117.07	12601.32	-12415.63	8979.44
Saccade R	1	2	6613025693	6613057693	32000	1014.01	519.17	1171.89	597.74	3.75	267.76	0.50	117.07	12601.32	-12415.63	8979.44
Fixation L	1	3	6613057693	6613249696	192003	1178.76	601.31	12	9	-1	13.37	13.37
Fixation R	1	4	6613057693	6613249696	192003	1178.76	601.31	12	9	-1	13.94	13.94
Saccade L	1	2	6613249696	6613333725	84029	1184.10	599.08	457.77	492.82	16.45	438.91	0.24	195.71	21127.64	-13610.86	8987.69
Saccade R	1	3	6613249696	6613333725	84029	1184.10	599.08	457.77	492.82	16.45	438.91	0.24	195.71	21127.64	-13610.86	8987.69
Fixation L	1	4	6613333725	6613541722	207997	459.45	490.59	11	5	-1	13.00	13.00
Fixation R	1	5	6613333725	6613541722	207997	459.45	490.59	11	5	-1	13.34	13.34
Saccade L	1	3	6613541722	6613573704	31982	457.12	488.37	400.03	485.74	1.39	108.06	0.50	43.36	4936.78	-4460.76	3155.63
Saccade R	1	4	6613541722	6613573704	31982	457.12	488.37	400.03	485.74	1.39	108.06	0.50	43.36	4936.78	-4460.76	3155.63
Fixation L	1	5	6613573704	6613765633	191929	378.83	489.22	27	15	-1	12.77	12.77
Fixation R	1	6	6613573704	6613765633	191929	378.83	489.22	27	15	-1	13.09	13.09
Saccade L	1	4	6613765633	6613801692	36059	378.08	486.47	483.72	501.47	2.28	142.36	0.56	63.32	6652.77	-6560.72	4606.64
Saccade R	1	5	6613765633	6613801692	36059	378.08	486.47	483.72	501.47	2.28	142.36	0.56	63.32	6652.77	-6560.72	4606.64
Fixation L	1	6	6613801692	6613965698	164006	486.49	500.68	6	8	-1	12.93	12.93
Fixation R	1	7	6613801692	6613965698	164006	486.49	500.68	6	8	-1	13.10	13.10
Saccade L	1	5	6613965698	6613997695	31997	485.81	498.89	421.66	505.18	1.30	80.96	0.38	40.51	3579.14	-3421.98	2582.51
Saccade R	1	6	6613965698	6613997695	31997	485.81	498.89	421.66	505.18	1.30	80.96	0.38	40.51	3579.14	-3421.98	2582.51
Fixation L	1	7	6613997695	6614473586	475891	435.33	536.53	26	50	-1	12.85	12.85
Fixation R	1	8	6613997695	6614473586	475891	435.33	536.53	26	50	-1	13.31	13.31
Saccade L	1	6	6614473586	6614513621	40035	443.66	554.31	322.71	542.84	2.62	156.02	0.30	65.36	7578.80	-7026.55	4535.75
Saccade R	1	7	6614473586	6614513621	40035	443.66	554.31	322.71	542.84	2.62	156.02	0.30	65.36	7578.80	-7026.55	4535.75
Fixation L	1	8	6614513621	6614849605	335984	322.61	544.94	18	26	-1	13.21	13.21
Fixation R	1	9	6614513621	6614849605	335984	322.61	544.94	18	26	-1	13.46	13.46
Saccade L	1	7	6614849605	6614889600	39995	315.54	537.75	231.23	527.08	1.84	99.89	0.50	46.13	4507.83	-4342.35	3047.28
Saccade R	1	8	6614849605	6614889600	39995	315.54	537.75	231.23	527.08	1.84	99.89	0.50	46.13	4507.83	-4342.35	3047.28
Fixation L	1	9	6614889600	6615321618	432018	224.35	521.25	13	12	-1	13.24	13.24
Fixation R	1	10	6614889600	6615321618	432018	224.35	521.25	13	12	-1	13.63	13.63
Saccade L	1	8	6615321618	6615357601	35983	222.92	523.58	387.69	464.82	3.69	212.97	0.44	102.64	9974.00	-9079.34	6414.75
Saccade R	1	9	6615321618	6615357601	35983	222.92	523.58	387.69	464.82	3.69	212.97	0.44	102.64	9974.00	-9079.34	6414.75
Saccade L	1	9	6615357601	6615405606	48005	387.69	464.82	0.00	0.00	22.37	1672.20	0.75	466.04	58403.75	-74066.10	28443.95
Fixation L	1	10	6615405606	6615485612	80006	0.00	0.00	0	0	-1	10.11	9.96
Saccade L	1	10	6615553506	6615629488	75982	611.71	359.87	431.21	438.42	4.86	283.92	0.21	63.93	9896.20	-8935.17	3141.41
Saccade R	1	10	6615553506	6615629488	75982	611.71	359.87	431.21	438.42	4.86	283.92	0.21	63.93	9896.20	-8935.17	3141.41
Fixation L	1	11	6615629488	6615717513	88025	445.44	434.76	20	14	-1	13.27	13.27
Fixation R	1	11	6615629488	6615717513	88025	445.44	434.76	20	14	-1	13.77	13.77
Saccade L	1	11	6615717513	6615761505	43992	444.62	426.79	342.57	421.88	2.25	102.92	0.27	51.20	5007.05	-3445.26	2812.67
Saccade R	1	11	6615717513	6615761505	43992	444.62	426.79	342.57	421.88	2.25	102.92	0.27	51.20	5007.05	-3445.26	2812.67
Fixation L	1	12	6615761505	6616073491	311986	346.68	420.92	20	17	-1	13.52	13.52
Fixation R	1	12	6615761505	6616073491	311986	346.68	420.92	20	17	-1	13.83	13.83
Saccade L	1	12	6616073491	6616137495	64004	349.27	411.25	411.50	505.38	2.50	98.01	0.25	39.09	4785.37	-4106.08	2172.88
Saccade R	1	12	6616073491	6616137495	64004	349.27	411.25	411.50	505.38	2.50	98.01	0.25	39.09	4785.37	-4106.08	2172.88
Fixation L	1	13	6616137495	6616337511	200016	408.95	516.00	9	19	-1	13.09	13.09
Fixation R	1	13	6616137495	6616337511	200016	408.95	516.00	9	19	-1	13.75	13.75
Saccade L	1	13	6616337511	6616433508	95997	406.94	517.55	1112.66	607.85	15.94	453.11	0.29	166.06	20497.65	-14231.54	8025.92
Saccade R	1	13	6616337511	6616433508	95997	406.94	517.55	1112.66	607.85	15.94	453.11	0.29	166.06	20497.65	-14231.54	8025.92
Fixation L	1	14	6616433508	6616857512	424004	1098.48	593.76	45	27	-1	13.06	13.06
Fixation R	1	14	6616433508	6616857512	424004	1098.48	593.76	45	27	-1	13.76	13.76
Fixation L	1	15	6616921410	6616985401	63991	1240.57	567.63	11	6	-1	12.32	12.32
Fixation R	1	15	6616921410	6616985401	63991	1240.57	567.63	11	6	-1	13.23	13.23
Fixation L	1	16	6617081421	6617313414	231993	518.31	465.82	9	38	-1	12.27	12.27
Fixation R	1	16	6617081421	6617313414	231993	518.31	465.82	9	38	-1	12.78	12.78
Saccade L	1	14	6617313414	6617377411	63997	524.74	483.51	1083.31	574.51	12.49	414.62	0.37	195.15	19449.92	-13438.32	10408.87
Saccade R	1	14	6617313414	6617377411	63997	524.74	483.51	1083.31	574.51	12.49	414.62	0.37	195.15	19449.92	-13438.32	10408.87
Fixation L	1	17	6617377411	6617581402	203991	1098.80	601.00	24	49	-1	12.75	12.75
Fixation R	1	17	6617377411	6617581402	203991	1098.80	601.00	24	49	-1	13.62	13.62
Saccade L	1	15	6617581402	6617633431	52029	1105.98	608.39	1164.32	574.71	1.51	52.27	0.23	29.07	2280.34	-1648.67	1315.59
Saccade R	1	15	6617581402	6617633431	52029	1105.98	608.39	1164.32	574.71	1.51	52.27	0.23	29.07	2280.34	-1648.67	1315.59
Fixation L	1	18	6617633431	6617957420	323989	1158.72	577.98	32	13	-1	13.08	13.08
Fixation R	1	18	6617633431	6617957420	323989	1158.72	577.98	32	13	-1	13.95	13.95
Saccade L	1	16	6617957420	6618001411	43991	1149.40	583.57	1246.94	561.54	2.48	173.95	0.36	56.45	7471.09	-6767.61	4184.97
Saccade R	1	16	6617957420	6618001411	43991	1149.40	583.57	1246.94	561.54	2.48	173.95	0.36	56.45	7471.09	-6767.61	4184.97
Fixation L	1	19	6618001411	6618281433	280022	1253.86	581.17	13	35	-1	12.83	12.83
Fixation R	1	19	6618001411	6618281433	280022	1253.86	581.17	13	35	-1	13.41	13.41
Saccade L	1	17	6618281433	6618361290	79857	1248.22	578.45	379.36	526.22	19.26	469.77	0.30	241.12	22809.96	-12036.43	10070.76
Saccade R	1	17	6618281433	6618361290	79857	1248.22	578.45	379.36	526.22	19.26	469.77	0.30	241.12	22809.96	-12036.43	10070.76
Fixation L	1	20	6618361290	6618649328	288038	372.86	508.28	23	26	-1	12.84	12.84
Fixation R	1	20	6618361290	6618649328	288038	372.86	508.28	23	26	-1	13.03	13.03
Saccade L	1	18	6618649328	6618697311	47983	373.96	502.13	319.89	404.30	2.42	125.49	0.42	50.53	5873.64	-4613.02	3248.15
Saccade R	1	18	6618649328	6618697311	47983	373.96	502.13	319.89	404.30	2.42	125.49	0.42	50.53	5873.64	-4613.02	3248.15
Fixation L	1	21	6618697311	6618853386	156075	330.32	407.39	22	20	-1	12.99	12.99
Fixation R	1	21	6618697311	6618853386	156075	330.32	407.39	22	20	-1	13.34	13.34
Saccade L	1	19	6618853386	6618897306	43920	340.82	420.00	434.79	401.52	2.14	128.39	0.45	48.65	5846.21	-5493.44	3392.81
Saccade R	1	19	6618853386	6618897306	43920	340.82	420.00	434.79	401.52	2.14	128.39	0.45	48.65	5846.21	-5493.44	3392.81
Fixation L	1	22	6618897306	6619065316	168010	435.53	387.08	27	28	-1	13.19	13.19
Fixation R	1	22	6618897306	6619065316	168010	435.53	387.08	27	28	-1	13.56	13.56
Fixation L	1	23	6619165319	6619257311	91992	1163.48	608.24	12	11	-1	13.18	13.18
Fixation R	1	23	6619165319	6619257311	91992	1163.48	608.24	12	11	-1	13.94	13.94
Saccade L	1	20	6619257311	6619285339	28028	1167.15	615.22	1202.68	575.19	1.26	98.19	0.57	44.97	4494.63	-4090.82	3123.85
Saccade R	1	20	6619257311	6619285339	28028	1167.15	615.22	1202.68	575.19	1.26	98.19	0.57	44.97	4494.63	-4090.82	3123.85
Fixation L	1	24	6619285339	6619469351	184012	1223.62	567.98	34	16	-1	13.03	13.03
Fixation R	1	24	6619285339	6619469351	184012	1223.62	567.98	34	16	-1	13.89	13.89
Saccade L	1	21	6619469351	6619505336	35985	1234.38	577.26	1218.26	485.39	1.99	119.59	0.33	55.33	5615.06	-5314.69	3728.72
Saccade R	1	21	6619469351	6619505336	35985	1234.38	577.26	1218.26	485.39	1.99	119.59	0.33	55.33	5615.06	-5314.69	3728.72
Fixation L	1	25	6619505336	6619809219	303883	1208.91	490.30	21	14	-1	12.52	12.52
Fixation R	1	25	6619505336	6619809219	303883	1208.91	490.30	21	14	-1	13.42	13.42
Saccade L	1	22	6619809219	6619849214	39995	1201.77	491.60	1123.39	499.88	1.70	105.53	0.40	42.41	4924.71	-4243.32	2857.45
Saccade R	1	22	6619809219	6619849214	39995	1201.77	491.60	1123.39	499.88	1.70	105.53	0.40	42.41	4924.71	-4243.32	2857.45
Fixation L	1	26	6619849214	6620009214	160000	1113.57	500.65	15	13	-1	12.78	12.78
Fixation R	1	26	6619849214	6620009214	160000	1113.57	500.65	15	13	-1	13.43	13.43
Saccade L	1	23	6620009214	6620041208	31994	1116.95	495.26	1189.12	488.10	1.48	98.23	0.38	46.25	4352.25	-4113.24	3025.49
Saccade R	1	23	6620009214	6620041208	31994	1116.95	495.26	1189.12	488.10	1.48	98.23	0.38	46.25	4352.25	-4113.24	3025.49
Fixation L	1	27	6620041208	6620353215	312007	1194.91	498.83	56	19	-1	12.80	12.80
Fixation R	1	27	6620041208	6620353215	312007	1194.91	498.83	56	19	-1	13.50	13.50
Saccade L	1	24	6620353215	6620393224	40009	1227.85	492.34	1043.82	493.38	3.89	270.14	0.40	97.23	12214.45	-11777.28	7729.60
Saccade R	1	24	6620353215	6620393224	40009	1227.85	492.34	1043.82	493.38	3.89	270.14	0.40	97.23	12214.45	-11777.28	7729.60
Fixation L	1	28	6620393224	6620605242	212018	1033.99	490.44	15	15	-1	12.95	12.95
Fixation R	1	28	6620393224	6620605242	212018	1033.99	490.44	15	15	-1	13.82	13.82
Saccade L	1	25	6620605242	6620669219	63977	1033.77	480.33	513.09	439.88	11.65	428.67	0.31	182.13	20309.69	-13162.97	9846.25
Saccade R	1	25	6620605242	6620669219	63977	1033.77	480.33	513.09	439.88	11.65	428.67	0.31	182.13	20309.69	-13162.97	9846.25
Fixation L	1	29	6620669219	6620849227	180008	492.08	433.90	30	25	-1	13.06	13.06
Fixation R	1	29	6620669219	6620849227	180008	492.08	433.90	30	25	-1	13.45	13.45
Saccade L	1	26	6620849227	6620901236	52009	482.55	419.92	0.00	0.00	19.62	1348.74	0.77	377.15	38221.80	-58388.62	22632.53
Fixation L	1	30	6621045267	6621129243	83976	280.30	447.69	18	7	-1	13.12	13.12
Fixation R	1	30	6621045267	6621129243	83976	280.30	447.69	18	7	-1	13.60	13.60
Saccade L	1	27	6621129243	6621185147	55904	288.61	448.19	424.97	607.42	4.75	243.77	0.57	85.01	10755.95	-10289.94	5740.65
Saccade R	1	26	6621129243	6621185147	55904	288.61	448.19	424.97	607.42	4.75	243.77	0.57	85.01	10755.95	-10289.94	5740.65
Fixation L	1	31	6621185147	6621565130	379983	444.44	620.39	30	23	-1	13.61	13.61
Fixation R	1	31	6621185147	6621565130	379983	444.44	620.39	30	23	-1	14.41	14.41
Saccade L	1	28	6621565130	6621629118	63988	448.96	622.20	427.31	536.64	1.96	90.23	0.38	30.58	3572.41	-3551.49	1706.33
Saccade R	1	27	6621565130	6621629118	63988	448.96	622.20	427.31	536.64	1.96	90.23	0.38	30.58	3572.41	-3551.49	1706.33
Fixation L	1	32	6621629118	6621705117	75999	428.02	535.92	4	9	-1	13.66	13.66
Fixation R	1	32	6621629118	6621705117	75999	428.02	535.92	4	9	-1	14.24	14.24
Saccade L	1	29	6621705117	6621749118	44001	427.10	531.09	0.00	0.00	20.22	1774.75	0.73	459.58	62103.71	-76739.42	33412.53
Fixation L	1	33	6621749118	6621833136	84018	0.00	0.00	0	0	-1	8.17	7.69
Fixation L	1	34	6621941131	6622161150	220019	1077.48	517.36	35	12	-1	13.51	13.51
Fixation R	1	33	6621941131	6622161150	220019	1077.48	517.36	35	12	-1	14.21	14.21
Saccade L	1	30	6622161150	6622189159	28009	1085.71	518.22	1183.05	521.00	2.07	177.13	0.57	73.84	7677.10	-7836.96	5662.42
Saccade R	1	28	6622161150	6622189159	28009	1085.71	518.22	1183.05	521.00	2.07	177.13	0.57	73.84	7677.10	-7836.96	5662.42
Fixation L	1	35	6622189159	6622317167	128008	1183.70	517.47	12	6	-1	13.82	13.82
Fixation R	1	34	6622189159	6622317167	128008	1183.70	517.47	12	6	-1	14.43	14.43
Saccade L	1	31	6622317167	6622353161	35994	1174.19	513.59	1075.83	557.43	2.43	158.95	0.33	67.47	7251.66	-7120.69	4662.35
Saccade R	1	29	6622317167	6622353161	35994	1174.19	513.59	1075.83	557.43	2.43	158.95	0.33	67.47	7251.66	-7120.69	4662.35
Fixation L	1	36	6622353161	6622529167	176006	1063.48	568.78	22	17	-1	13.35	13.35
Fixation R	1	35	6622353161	6622529167	176006	1063.48	568.78	22	17	-1	14.05	14.05
Saccade L	1	32	6622529167	6622573057	43890	1053.60	562.32	1100.60	484.00	2.09	120.60	0.36	47.67	5266.24	-4845.33	3110.95
Saccade R	1	30	6622529167	6622573057	43890	1053.60	562.32	1100.60	484.00	2.09	120.60	0.36	47.67	5266.24	-4845.33	3110.95
Fixation L	1	37	6622573057	6622713014	139957	1099.24	467.44	12	24	-1	12.92	12.92
Fixation R	1	36	6622573057	6622713014	139957	1099.24	467.44	12	24	-1	14.00	14.00
Saccade L	1	33	6622713014	6622785052	72038	1092.84	471.92	429.40	394.57	14.88	390.30	0.28	206.60	19225.71	-10246.40	8849.47
Saccade R	1	31	6622713014	6622785052	72038	1092.84	471.92	429.40	394.57	14.88	390.30	0.28	206.60	19225.71	-10246.40	8849.47
Fixation L	1	38	6622785052	6623113021	327969	419.49	414.49	26	33	-1	13.10	13.10
Fixation R	1	37	6622785052	6623113021	327969	419.49	414.49	26	33	-1	13.45	13.45
Saccade L	1	34	6623113021	6623149056	36035	419.52	410.00	366.75	514.25	2.52	150.21	0.56	70.01	7183.66	-7170.17	5065.77
Saccade R	1	32	6623113021	6623149056	36035	419.52	410.00	366.75	514.25	2.52	150.21	0.56	70.01	7183.66	-7170.17	5065.77
Fixation L	1	39	6623149056	6623301023	151967	350.75	512.86	21	15	-1	13.00	13.00
Fixation R	1	38	6623149056	6623301023	151967	350.75	512.86	21	15	-1	13.60	13.60
Saccade L	1	35	6623301023	6623389041	88018	354.83	513.59	469.03	588.49	4.14	192.01	0.32	47.02	8005.04	-7220.55	2572.61
Saccade R	1	33	6623301023	6623389041	88018	354.83	513.59	469.03	588.49	4.14	192.01	0.32	47.02	8005.04	-7220.55	2572.61
Fixation L	1	40	6623389041	6623653045	264004	486.76	572.16	24	34	-1	13.30	13.30
Fixation R	1	39	6623389041	6623653045	264004	486.76	572.16	24	34	-1	14.15	14.15
Saccade L	1	36	6623653045	6623705034	51989	488.23	562.75	444.89	631.26	1.77	95.14	0.31	34.01	4477.91	-3439.94	1989.03
Saccade R	1	34	6623653045	6623705034	51989	488.23	562.75	444.89	631.26	1.77	95.14	0.31	34.01	4477.91	-3439.94	1989.03
Fixation L	1	41	6623705034	6623817043	112009	447.82	632.97	9	8	-1	13.38	13.38
Fixation R	1	40	6623705034	6623817043	112009	447.82	632.97	9	8	-1	14.21	14.21
Saccade L	1	37	6623817043	6623893042	75999	449.03	631.26	1069.90	484.53	14.17	448.00	0.21	186.50	21876.66	-17922.64	9667.79
Saccade R	1	35	6623817043	6623893042	75999	449.03	631.26	1069.90	484.53	14.17	448.00	0.21	186.50	21876.66	-17922.64	9667.79
Fixation L	1	42	6623893042	6624132956	239914	1072.68	490.08	15	12	-1	13.36	13.36
Fixation R	1	41	6623893042	6624132956	239914	1072.68	490.08	15	12	-1	14.21	14.21
Saccade L	1	38	6624132956	6624160927	27971	1062.16	494.44	1146.58	497.76	1.70	138.27	0.43	60.84	6018.82	-6035.96	4410.98
Saccade R	1	36	6624132956	6624160927	27971	1062.16	494.44	1146.58	497.76	1.70	138.27	0.43	60.84	6018.82	-6035.96	4410.98
Fixation L	1	43	6624160927	6624424947	264020	1146.89	492.98	13	15	-1	13.20	13.20
Fixation R	1	42	6624160927	6624424947	264020	1146.89	492.98	13	15	-1	14.04	14.04
Saccade L	1	39	6624424947	6624456940	31993	1137.56	488.20	1223.28	497.10	1.80	122.38	0.63	56.28	6026.97	-5553.34	4158.93
Saccade R	1	37	6624424947	6624456940	31993	1137.56	488.20	1223.28	497.10	1.80	122.38	0.63	56.28	6026.97	-5553.34	4158.93
Fixation L	1	44	6624456940	6624652936	195996	1220.10	498.99	23	17	-1	12.57	12.57
Fixation R	1	43	6624456940	6624652936	195996	1220.10	498.99	23	17	-1	13.74	13.74
Saccade L	1	40	6624652936	6624736953	84017	1210.69	488.01	313.06	490.68	19.81	449.00	0.24	235.81	22241.89	-16646.76	9313.73
Saccade R	1	38	6624652936	6624736953	84017	1210.69	488.01	313.06	490.68	19.81	449.00	0.24	235.81	22241.89	-16646.76	9313.73
Fixation L	1	45	6624736953	6624964943	227990	311.43	494.31	11	18	-1	12.77	12.77
Fixation R	1	44	6624736953	6624964943	227990	311.43	494.31	11	18	-1	13.17	13.17
Saccade L	1	41	6624964943	6625012965	48022	311.73	483.02	318.49	416.06	1.45	58.70	0.50	30.20	2342.29	-2377.71	1562.64
Saccade R	1	39	6624964943	6625012965	48022	311.73	483.02	318.49	416.06	1.45	58.70	0.50	30.20	2342.29	-2377.71	1562.64
Fixation L	1	46	6625012965	6625156957	143992	323.29	411.71	15	7	-1	13.00	13.00
Fixation R	1	45	6625012965	6625156957	143992	323.29	411.71	15	7	-1	13.37	13.37
Saccade L	1	42	6625156957	6625212988	56031	329.90	409.27	928.41	410.14	12.96	416.64	0.36	231.30	20182.42	-16559.32	11616.40
Saccade R	1	40	6625156957	6625212988	56031	329.90	409.27	928.41	410.14	12.96	416.64	0.36	231.30	20182.42	-16559.32	11616.40
Fixation L	1	47	6625212988	6625288951	75963	944.51	407.65	24	4	-1	13.06	13.06
Fixation R	1	46	6625212988	6625288951	75963	944.51	407.65	24	4	-1	13.92	13.92
Saccade L	1	43	6625288951	6625356979	68028	946.65	408.06	449.40	361.45	11.12	389.32	0.24	163.46	18817.21	-12050.21	8852.64
Saccade R	1	41	6625288951	6625356979	68028	946.65	408.06	449.40	361.45	11.12	389.32	0.24	163.46	18817.21	-12050.21	8852.64
Fixation L	1	48	6625356979	6625464836	107857	447.67	365.26	8	23	-1	13.06	13.06
Fixation R	1	47	6625356979	6625464836	107857	447.67	365.26	8	23	-1	13.63	13.63
Saccade L	1	44	6625464836	6625532841	68005	448.57	377.72	1221.07	468.77	17.30	513.28	0.29	254.33	24365.63	-19799.07	12371.87
Saccade R	1	42	6625464836	6625532841	68005	448.57	377.72	1221.07	468.77	17.30	513.28	0.29	254.33	24365.63	-19799.07	12371.87
Fixation L	1	49	6625532841	6625700845	168004	1252.81	472.50	42	16	-1	12.80	12.80
Fixation R	1	48	6625532841	6625700845	168004	1252.81	472.50	42	16	-1	13.83	13.83
Saccade L	1	45	6625700845	6625740890	40045	1259.64	466.89	1132.33	484.92	2.74	197.50	0.30	68.52	8812.68	-8401.67	5008.80
Saccade R	1	43	6625700845	6625740890	40045	1259.64	466.89	1132.33	484.92	2.74	197.50	0.30	68.52	8812.68	-8401.67	5008.80
Fixation L	1	50	6625740890	6625900898	160008	1129.69	475.53	9	17	-1	13.18	13.18
Fixation R	1	49	6625740890	6625900898	160008	1129.69	475.53	9	17	-1	13.96	13.96
Saccade L	1	46	6625900898	6625932838	31940	1131.39	478.92	1038.11	479.21	1.91	145.94	0.50	59.73	6424.23	-6581.25	4700.86
Saccade R	1	44	6625900898	6625932838	31940	1131.39	478.92	1038.11	479.21	1.91	145.94	0.50	59.73	6424.23	-6581.25	4700.86
Fixation L	1	51	6625932838	6626036831	103993	1035.20	480.94	7	10	-1	12.96	12.96
Fixation R	1	50	6625932838	6626036831	103993	1035.20	480.94	7	10	-1	13.95	13.95
