[BeGaze]
Converted from:	D:\Kirillov\Results\ermolova_temp\Ignat-eye_data.idf
Date:	17.04.2019 03:54:11
Version:	BeGaze 3.0.181
Sample Rate:	250
Subject:	Ignat
Description:	Run36

Table Header for Fixations:
Event Type	Trial	Number	Start	End	Duration	Location X	Location Y	Dispersion X	Dispersion Y	Plane	Avg. Pupil Size X	Avg. Pupil Size Y

Table Header for Saccades:
Event Type	Trial	Number	Start	End	Duration	Start Loc.X	Start Loc.Y	End Loc.X	End Loc.Y	Amplitude	Peak Speed	Peak Speed At	Average Speed	Peak Accel.	Peak Decel.	Average Accel.

Table Header for User Events:
Event Type	Trial	Number	Start	Description

UserEvent	1	1	5357945264	# Message: experiment-03.jpg
Fixation L	1	1	5357947232	5358175229	227997	460.81	344.74	34	31	-1	11.65	11.65
Fixation R	1	1	5357947232	5358175229	227997	460.81	344.74	34	31	-1	11.34	11.34
Saccade L	1	1	5358175229	5358231241	56012	475.75	343.49	952.85	516.97	11.09	398.20	0.36	197.98	19358.32	-14785.13	11080.57
Saccade R	1	1	5358175229	5358231241	56012	475.75	343.49	952.85	516.97	11.09	398.20	0.36	197.98	19358.32	-14785.13	11080.57
Fixation L	1	2	5358231241	5358601935	370694	825.39	424.70	1087	994	-1	10.61	10.60
Fixation R	1	2	5358231241	5358601935	370694	825.39	424.70	1087	994	-1	10.64	10.62
Saccade L	1	2	5358601935	5358671248	69313	0.00	0.00	501.94	525.85	26.99	1088.60	0.31	389.40	47266.95	-39992.32	15410.19
Saccade R	1	2	5358601935	5358671248	69313	0.00	0.00	501.94	525.85	26.99	1088.60	0.31	389.40	47266.95	-39992.32	15410.19
Saccade L	1	3	5358715262	5358747248	31986	517.13	543.44	591.01	522.39	1.75	112.36	0.38	54.57	4266.42	-4556.74	2857.96
Saccade R	1	3	5358715262	5358747248	31986	517.13	543.44	591.01	522.39	1.75	112.36	0.38	54.57	4266.42	-4556.74	2857.96
Saccade L	1	4	5358747248	5358835271	88023	591.01	522.39	1002.97	516.05	12.74	364.13	0.68	144.78	15122.04	-15457.80	7294.12
Saccade R	1	4	5358747248	5358835271	88023	591.01	522.39	1002.97	516.05	12.74	364.13	0.68	144.78	15122.04	-15457.80	7294.12
Fixation L	1	3	5358835271	5358975250	139979	999.06	516.63	35	43	-1	10.81	10.81
Fixation R	1	3	5358835271	5358975250	139979	999.06	516.63	35	43	-1	10.39	10.39
Saccade L	1	5	5358975250	5359007189	31939	1019.78	495.25	985.72	537.88	1.12	58.01	0.25	34.97	2590.47	-1836.12	1457.28
Saccade R	1	5	5358975250	5359007189	31939	1019.78	495.25	985.72	537.88	1.12	58.01	0.25	34.97	2590.47	-1836.12	1457.28
Fixation L	1	4	5359007189	5359243280	236091	984.59	555.22	11	37	-1	10.77	10.77
Fixation R	1	4	5359007189	5359243280	236091	984.59	555.22	11	37	-1	10.73	10.73
Saccade L	1	6	5359243280	5359271260	27980	982.91	554.96	983.46	634.82	1.68	123.85	0.43	60.12	5476.29	-4714.36	3768.67
Saccade R	1	6	5359243280	5359271260	27980	982.91	554.96	983.46	634.82	1.68	123.85	0.43	60.12	5476.29	-4714.36	3768.67
Fixation L	1	5	5359271260	5359427130	155870	986.32	651.62	16	25	-1	10.80	10.80
Fixation R	1	5	5359271260	5359427130	155870	986.32	651.62	16	25	-1	10.72	10.72
Saccade L	1	7	5359427130	5359479130	52000	981.68	661.34	519.38	697.36	10.08	361.99	0.46	193.90	16214.89	-15308.55	10861.22
Saccade R	1	7	5359427130	5359479130	52000	981.68	661.34	519.38	697.36	10.08	361.99	0.46	193.90	16214.89	-15308.55	10861.22
Fixation L	1	6	5359479130	5359735169	256039	526.36	701.00	28	31	-1	11.06	11.06
Fixation R	1	6	5359479130	5359735169	256039	526.36	701.00	28	31	-1	10.65	10.65
Saccade L	1	8	5359735169	5359787143	51974	517.98	719.09	997.17	629.83	10.74	374.12	0.38	206.72	17702.07	-16024.53	11203.40
Saccade R	1	8	5359735169	5359787143	51974	517.98	719.09	997.17	629.83	10.74	374.12	0.38	206.72	17702.07	-16024.53	11203.40
Fixation L	1	7	5359787143	5359907141	119998	997.71	613.02	12	34	-1	11.24	11.24
Fixation R	1	7	5359787143	5359907141	119998	997.71	613.02	12	34	-1	11.12	11.12
Saccade L	1	9	5359907141	5359935173	28032	998.54	594.36	952.43	640.27	1.63	126.28	0.43	58.21	5361.02	-4543.02	3569.70
Saccade R	1	9	5359907141	5359935173	28032	998.54	594.36	952.43	640.27	1.63	126.28	0.43	58.21	5361.02	-4543.02	3569.70
Fixation L	1	8	5359935173	5360251149	315976	624.79	435.68	1107	1146	-1	10.30	10.30
Fixation R	1	8	5359935173	5360251149	315976	624.79	435.68	1107	1146	-1	9.68	9.68
Saccade L	1	10	5360251149	5360295151	44002	0.00	0.00	586.05	604.76	25.91	2162.19	0.27	588.84	93628.69	-75622.71	41179.53
Saccade R	1	10	5360251149	5360295151	44002	0.00	0.00	586.05	604.76	25.91	2162.19	0.27	588.84	93628.69	-75622.71	41179.53
Fixation L	1	9	5360295151	5361495052	1199901	61.86	66.14	719	653	-1	11.84	11.84
Fixation R	1	9	5360295151	5361495052	1199901	61.86	66.14	719	653	-1	11.41	11.41
