[BeGaze]
Converted from:	D:\Kirillov\Results\ermolova_temp\Kate-eye_data.idf
Date:	17.04.2019 03:52:26
Version:	BeGaze 3.0.181
Sample Rate:	250
Subject:	Kate
Description:	Run6

Table Header for Fixations:
Event Type	Trial	Number	Start	End	Duration	Location X	Location Y	Dispersion X	Dispersion Y	Plane	Avg. Pupil Size X	Avg. Pupil Size Y

Table Header for Saccades:
Event Type	Trial	Number	Start	End	Duration	Start Loc.X	Start Loc.Y	End Loc.X	End Loc.Y	Amplitude	Peak Speed	Peak Speed At	Average Speed	Peak Accel.	Peak Decel.	Average Accel.

Table Header for User Events:
Event Type	Trial	Number	Start	Description

UserEvent	1	1	3742460782	# Message: Questionnaire8.jpg
Fixation L	1	1	3742483640	3742731645	248005	727.04	258.06	43	29	-1	15.16	15.16
Fixation R	1	1	3742483640	3742731645	248005	727.04	258.06	43	29	-1	13.64	13.64
Saccade L	1	1	3742731645	3742775650	44005	716.56	248.50	477.22	310.41	5.37	329.77	0.45	122.11	14861.69	-13601.88	8890.09
Saccade R	1	1	3742731645	3742775650	44005	716.56	248.50	477.22	310.41	5.37	329.77	0.45	122.11	14861.69	-13601.88	8890.09
Fixation L	1	2	3742775650	3743439655	664005	467.99	344.11	41	56	-1	15.91	15.91
Fixation R	1	2	3742775650	3743439655	664005	467.99	344.11	41	56	-1	14.39	14.39
Saccade L	1	2	3743439655	3743467636	27981	487.72	365.81	464.79	356.96	0.58	41.26	0.57	20.65	1787.99	-1459.67	1174.58
Saccade R	1	2	3743439655	3743467636	27981	487.72	365.81	464.79	356.96	0.58	41.26	0.57	20.65	1787.99	-1459.67	1174.58
Fixation L	1	3	3743467636	3743767501	299865	458.81	353.64	17	24	-1	16.00	16.00
Fixation R	1	3	3743467636	3743767501	299865	458.81	353.64	17	24	-1	14.40	14.40
Saccade L	1	3	3743767501	3743803503	36002	458.85	352.95	417.17	337.11	1.22	80.59	0.44	33.77	3635.48	-3325.68	2154.85
Saccade R	1	3	3743767501	3743803503	36002	458.85	352.95	417.17	337.11	1.22	80.59	0.44	33.77	3635.48	-3325.68	2154.85
Fixation L	1	4	3743803503	3744387510	584007	411.06	352.51	41	66	-1	15.66	15.66
Fixation R	1	4	3743803503	3744387510	584007	411.06	352.51	41	66	-1	14.23	14.23
UserEvent	1	2	3743822856	# Message: UE-mouseclick left x=472 y=347
Saccade L	1	4	3744387510	3744411506	23996	441.73	393.48	430.54	371.20	0.76	47.30	0.33	31.50	1172.74	-505.68	543.85
Saccade R	1	4	3744387510	3744411506	23996	441.73	393.48	430.54	371.20	0.76	47.30	0.33	31.50	1172.74	-505.68	543.85
Saccade L	1	5	3744411506	3744487507	76001	430.54	371.20	373.86	437.57	3.67	187.65	0.37	48.25	5557.30	-6394.23	2255.79
Saccade R	1	5	3744411506	3744487507	76001	430.54	371.20	373.86	437.57	3.67	187.65	0.37	48.25	5557.30	-6394.23	2255.79
Saccade L	1	6	3744523524	3744575508	51984	382.62	442.06	433.04	381.23	4.01	219.06	0.23	77.07	8983.40	-5733.28	3627.27
Saccade R	1	6	3744523524	3744575508	51984	382.62	442.06	433.04	381.23	4.01	219.06	0.23	77.07	8983.40	-5733.28	3627.27
Fixation L	1	5	3744575508	3744727529	152021	450.03	399.03	25	23	-1	16.47	16.47
Fixation R	1	5	3744575508	3744727529	152021	450.03	399.03	25	23	-1	14.74	14.74
Saccade L	1	7	3744727529	3744755495	27966	459.98	405.08	389.10	399.40	1.12	105.51	0.72	40.09	3915.96	2.79	1725.39
Saccade R	1	7	3744727529	3744755495	27966	459.98	405.08	389.10	399.40	1.12	105.51	0.72	40.09	3915.96	2.79	1725.39
Saccade L	1	8	3744975531	3745007550	32019	550.07	331.39	469.67	320.39	1.67	135.31	0.62	52.13	5488.91	-5345.85	3595.26
Saccade R	1	8	3744975531	3745007550	32019	550.07	331.39	469.67	320.39	1.67	135.31	0.62	52.13	5488.91	-5345.85	3595.26
Fixation L	1	6	3745007550	3745451401	443851	462.23	334.17	32	36	-1	16.97	16.97
Fixation R	1	6	3745007550	3745451401	443851	462.23	334.17	32	36	-1	15.24	15.24
Saccade L	1	9	3745451401	3745503419	52018	469.27	350.30	448.61	414.96	2.31	124.78	0.23	44.40	5762.38	-4286.10	2380.52
Saccade R	1	9	3745451401	3745503419	52018	469.27	350.30	448.61	414.96	2.31	124.78	0.23	44.40	5762.38	-4286.10	2380.52
Fixation L	1	7	3745503419	3745703417	199998	441.35	414.03	16	7	-1	17.21	17.21
Fixation R	1	7	3745503419	3745703417	199998	441.35	414.03	16	7	-1	15.29	15.29
Saccade L	1	10	3745703417	3745739420	36003	434.75	415.83	465.00	355.31	1.46	87.95	0.33	40.59	4249.13	-3636.23	2541.20
Saccade R	1	10	3745703417	3745739420	36003	434.75	415.83	465.00	355.31	1.46	87.95	0.33	40.59	4249.13	-3636.23	2541.20
Fixation L	1	8	3745739420	3745879411	139991	471.41	351.35	11	20	-1	17.13	17.13
Fixation R	1	8	3745739420	3745975407	235987	331.50	269.55	476	570	-1	12.35	12.35
Saccade L	1	11	3746051324	3746095414	44090	456.84	398.09	555.05	359.23	4.20	282.30	0.46	95.32	10561.29	-13502.49	6241.93
Saccade R	1	11	3746051324	3746095414	44090	456.84	398.09	555.05	359.23	4.20	282.30	0.46	95.32	10561.29	-13502.49	6241.93
Saccade L	1	12	3746095414	3746123400	27986	555.05	359.23	450.48	362.95	2.10	168.64	0.43	75.05	7202.62	-7329.26	5354.63
Saccade R	1	12	3746095414	3746123400	27986	555.05	359.23	450.48	362.95	2.10	168.64	0.43	75.05	7202.62	-7329.26	5354.63
Fixation L	1	9	3746123400	3746283442	160042	470.37	367.25	34	10	-1	17.10	17.10
Fixation R	1	9	3746123400	3746283442	160042	470.37	367.25	34	10	-1	15.09	15.09
Saccade L	1	13	3746283442	3746307325	23883	472.16	371.68	439.84	364.70	0.77	65.84	0.50	32.27	2969.15	-2371.53	1903.94
Saccade R	1	13	3746283442	3746307325	23883	472.16	371.68	439.84	364.70	0.77	65.84	0.50	32.27	2969.15	-2371.53	1903.94
Fixation L	1	10	3746307325	3747691304	1383979	453.84	382.31	87	74	-1	16.77	16.77
Fixation R	1	10	3746307325	3747691304	1383979	453.84	382.31	87	74	-1	14.87	14.87
Saccade L	1	14	3747691304	3747747235	55931	479.85	367.48	405.40	423.93	2.69	146.26	0.29	48.15	6653.33	-5544.01	3076.07
Saccade R	1	14	3747691304	3747747235	55931	479.85	367.48	405.40	423.93	2.69	146.26	0.29	48.15	6653.33	-5544.01	3076.07
Fixation L	1	11	3747747235	3747987248	240013	411.58	425.22	21	26	-1	16.76	16.76
Fixation R	1	11	3747747235	3747987248	240013	411.58	425.22	21	26	-1	14.83	14.83
UserEvent	1	3	3747822879	# Message: UE-mouseclick left x=462 y=394
