[BeGaze]
Converted from:	D:\Kirillov\Results\ermolova_temp\Valera-eye_data.idf
Date:	17.04.2019 03:52:34
Version:	BeGaze 3.0.181
Sample Rate:	250
Subject:	Valera
Description:	Run8

Table Header for Fixations:
Event Type	Trial	Number	Start	End	Duration	Location X	Location Y	Dispersion X	Dispersion Y	Plane	Avg. Pupil Size X	Avg. Pupil Size Y

Table Header for Saccades:
Event Type	Trial	Number	Start	End	Duration	Start Loc.X	Start Loc.Y	End Loc.X	End Loc.Y	Amplitude	Peak Speed	Peak Speed At	Average Speed	Peak Accel.	Peak Decel.	Average Accel.

Table Header for User Events:
Event Type	Trial	Number	Start	Description

UserEvent	1	1	624949740	# Message: experiment-12.jpg
Fixation L	1	1	624952510	625236511	284001	453.50	360.79	35	21	-1	15.24	15.24
Fixation R	1	1	624952510	625236511	284001	453.50	360.79	35	21	-1	16.32	16.32
Saccade L	1	1	625236511	625284512	48001	451.48	367.57	936.56	509.60	11.32	505.30	0.42	235.80	25145.39	-21344.48	15154.43
Saccade R	1	1	625236511	625284512	48001	451.48	367.57	936.56	509.60	11.32	505.30	0.42	235.80	25145.39	-21344.48	15154.43
Fixation L	1	2	625308521	625416486	107965	960.18	528.87	18	22	-1	15.00	15.00
Fixation R	1	2	625308521	625416486	107965	960.18	528.87	18	22	-1	16.33	16.33
Saccade L	1	2	625416486	625444518	28032	956.31	547.01	937.68	447.79	2.03	157.00	0.57	72.45	6613.20	-6883.03	4988.05
Saccade R	1	2	625416486	625444518	28032	956.31	547.01	937.68	447.79	2.03	157.00	0.57	72.45	6613.20	-6883.03	4988.05
Saccade L	1	3	625468517	625520525	52008	941.96	451.81	0.00	0.00	29.33	1557.68	0.77	563.89	59036.79	-65370.87	34988.85
Fixation L	1	3	625592489	625848534	256045	948.91	436.78	35	40	-1	14.31	14.31
Fixation R	1	3	625592489	625848534	256045	948.91	436.78	35	40	-1	15.41	15.41
Saccade L	1	4	625848534	625872528	23994	952.61	433.23	955.62	472.36	0.74	51.36	0.50	31.02	2079.57	-2097.07	1538.18
Saccade R	1	3	625848534	625872528	23994	952.61	433.23	955.62	472.36	0.74	51.36	0.50	31.02	2079.57	-2097.07	1538.18
Fixation L	1	4	625872528	626452397	579869	957.47	469.75	56	57	-1	14.24	14.24
Fixation R	1	4	625872528	626452397	579869	957.47	469.75	56	57	-1	15.30	15.30
Saccade L	1	5	626452397	626500396	47999	937.17	434.38	420.54	359.08	11.26	446.74	0.33	234.62	21142.74	-17208.70	13399.59
Saccade R	1	4	626452397	626500396	47999	937.17	434.38	420.54	359.08	11.26	446.74	0.33	234.62	21142.74	-17208.70	13399.59
Fixation L	1	5	626500396	626816400	316004	430.96	379.10	34	39	-1	13.69	13.69
Fixation R	1	5	626500396	626816400	316004	430.96	379.10	34	39	-1	14.38	14.38
Saccade L	1	6	626816400	626872375	55975	449.07	377.07	964.14	463.95	11.65	480.15	0.29	208.15	23457.59	-16723.78	12490.36
Saccade R	1	5	626816400	626872375	55975	449.07	377.07	964.14	463.95	11.65	480.15	0.29	208.15	23457.59	-16723.78	12490.36
Fixation L	1	6	626872375	627052404	180029	978.84	463.33	34	13	-1	13.81	13.81
Fixation R	1	6	626872375	627052404	180029	978.84	463.33	34	13	-1	14.93	14.93
Saccade L	1	7	627052404	627080431	28027	984.48	465.40	958.26	530.26	1.59	126.57	0.57	56.80	5508.54	-4705.39	3697.39
Saccade R	1	6	627052404	627080431	28027	984.48	465.40	958.26	530.26	1.59	126.57	0.57	56.80	5508.54	-4705.39	3697.39
Fixation L	1	7	627080431	627188401	107970	948.37	543.23	17	34	-1	13.83	13.83
Fixation R	1	7	627080431	627188401	107970	948.37	543.23	17	34	-1	14.98	14.98
Saccade L	1	8	627188401	627248407	60006	958.25	542.47	434.79	262.83	13.49	401.12	0.33	224.83	18496.37	-19031.63	10838.09
Saccade R	1	7	627188401	627248407	60006	958.25	542.47	434.79	262.83	13.49	401.12	0.33	224.83	18496.37	-19031.63	10838.09
Fixation L	1	8	627248407	627680283	431876	451.80	270.07	36	39	-1	13.63	13.63
Fixation R	1	8	627248407	627680283	431876	451.80	270.07	36	39	-1	14.37	14.37
Saccade L	1	9	627680283	627732285	52002	456.92	270.14	711.70	470.08	7.36	321.49	0.38	141.62	15232.26	-9489.99	8284.87
Saccade R	1	8	627680283	627732285	52002	456.92	270.14	711.70	470.08	7.36	321.49	0.38	141.62	15232.26	-9489.99	8284.87
Fixation L	1	9	627732285	627860320	128035	721.75	476.21	23	22	-1	13.82	13.82
Fixation R	1	9	627732285	627860320	128035	721.75	476.21	23	22	-1	14.76	14.76
Saccade L	1	10	627860320	627916292	55972	733.07	466.85	1034.45	509.29	6.71	385.92	0.29	119.93	18414.97	-17397.92	8322.38
Saccade R	1	9	627860320	627916292	55972	733.07	466.85	1034.45	509.29	6.71	385.92	0.29	119.93	18414.97	-17397.92	8322.38
Fixation L	1	10	627916292	628168289	251997	1040.80	538.07	26	56	-1	13.65	13.65
Fixation R	1	10	627916292	628168289	251997	1040.80	538.07	26	56	-1	14.97	14.97
Saccade L	1	11	628168289	628224291	56002	1039.61	562.50	453.71	286.41	14.41	462.55	0.29	257.34	21945.30	-16145.70	11302.54
Saccade R	1	10	628168289	628224291	56002	1039.61	562.50	453.71	286.41	14.41	462.55	0.29	257.34	21945.30	-16145.70	11302.54
Fixation L	1	11	628224291	628448293	224002	461.48	264.76	15	47	-1	13.43	13.43
Fixation R	1	11	628224291	628448293	224002	461.48	264.76	15	47	-1	14.46	14.46
Saccade L	1	12	628448293	628480718	32425	462.74	252.67	455.46	171.59	2.27	143.66	0.37	69.92	6623.19	-5584.72	4572.07
Saccade R	1	11	628448293	628480718	32425	462.74	252.67	455.46	171.59	2.27	143.66	0.37	69.92	6623.19	-5584.72	4572.07
Fixation L	1	12	628480718	628676352	195634	461.00	161.73	23	48	-1	13.32	13.32
Fixation R	1	12	628480718	628676352	195634	461.00	161.73	23	48	-1	14.34	14.34
Saccade L	1	13	628676352	628720288	43936	455.28	189.96	0.00	0.00	23.68	1690.69	0.73	539.06	53652.93	-78915.27	31701.09
Saccade L	1	14	628744259	628800316	56057	0.00	0.00	433.50	192.34	20.83	748.91	0.21	371.60	33718.15	-20728.01	16123.68
Fixation L	1	13	628800316	628960304	159988	470.84	171.00	46	32	-1	13.72	13.72
Fixation R	1	13	628800316	628960304	159988	470.84	171.00	46	32	-1	14.89	14.89
Saccade L	1	15	628960304	629032146	71842	470.29	178.50	1095.32	571.08	16.56	550.06	0.33	230.46	26151.18	-20852.32	12549.63
Saccade R	1	12	628960304	629032146	71842	470.29	178.50	1095.32	571.08	16.56	550.06	0.33	230.46	26151.18	-20852.32	12549.63
Fixation L	1	14	629032146	629164177	132031	1079.19	551.76	30	28	-1	13.79	13.79
Fixation R	1	14	629032146	629164177	132031	1079.19	551.76	30	28	-1	15.18	15.18
Saccade L	1	16	629164177	629184187	20010	1071.06	541.76	1104.80	536.47	0.76	62.22	0.60	37.90	2679.10	-2411.55	1833.82
Saccade R	1	13	629164177	629184187	20010	1071.06	541.76	1104.80	536.47	0.76	62.22	0.60	37.90	2679.10	-2411.55	1833.82
Fixation L	1	15	629184187	629300176	115989	1120.85	531.42	30	29	-1	13.60	13.60
Fixation R	1	15	629184187	629300176	115989	1120.85	531.42	30	29	-1	15.07	15.07
Saccade L	1	17	629300176	629340202	40026	1128.87	546.93	1017.44	526.79	3.03	221.26	0.50	75.62	9704.43	-8815.22	5373.10
Saccade R	1	14	629300176	629340202	40026	1128.87	546.93	1017.44	526.79	3.03	221.26	0.50	75.62	9704.43	-8815.22	5373.10
Fixation L	1	16	629340202	629515174	174972	575.23	308.11	1187	567	-1	11.30	11.30
Fixation R	1	16	629340202	629515174	174972	575.23	308.11	1187	567	-1	11.69	11.69
Saccade L	1	18	629515174	629580209	65035	0.00	0.00	908.77	537.70	31.10	1929.44	0.38	478.24	46244.29	-72929.04	22860.96
Saccade R	1	15	629515174	629580209	65035	0.00	0.00	908.77	537.70	31.10	1929.44	0.38	478.24	46244.29	-72929.04	22860.96
Fixation L	1	17	629580209	629780207	199998	902.30	525.42	23	23	-1	13.31	13.31
Fixation R	1	17	629580209	629780207	199998	902.30	525.42	23	23	-1	14.28	14.28
Saccade L	1	19	629780207	629832206	51999	896.30	528.55	932.76	637.68	2.47	132.21	0.31	47.47	5213.62	-4444.21	2466.12
Saccade R	1	16	629780207	629832206	51999	896.30	528.55	932.76	637.68	2.47	132.21	0.31	47.47	5213.62	-4444.21	2466.12
Fixation L	1	18	629832206	629948200	115994	936.07	629.80	13	32	-1	13.55	13.55
Fixation R	1	18	629832206	629948200	115994	936.07	629.80	13	32	-1	14.41	14.41
Saccade L	1	20	629948200	629968153	19953	946.40	618.24	890.26	615.02	1.08	95.16	0.60	54.33	4358.96	-3807.18	2933.57
Saccade R	1	17	629948200	629968153	19953	946.40	618.24	890.26	615.02	1.08	95.16	0.60	54.33	4358.96	-3807.18	2933.57
Fixation L	1	19	629968153	630096210	128057	877.56	615.84	17	14	-1	13.38	13.38
Fixation R	1	19	629968153	630096210	128057	877.56	615.84	17	14	-1	14.51	14.51
Saccade L	1	21	630096210	630128178	31968	878.34	620.51	1026.44	603.74	3.34	268.42	0.37	104.60	12362.58	-11424.06	7902.52
Saccade R	1	18	630096210	630128178	31968	878.34	620.51	1026.44	603.74	3.34	268.42	0.37	104.60	12362.58	-11424.06	7902.52
Fixation L	1	20	630128178	630304154	175976	1035.29	593.08	14	17	-1	13.11	13.11
Fixation R	1	20	630128178	630304154	175976	1035.29	593.08	14	17	-1	14.42	14.42
Saccade L	1	22	630304154	630368154	64000	1036.74	593.81	423.78	379.67	14.69	480.28	0.44	229.46	22539.04	-19181.86	12653.52
Saccade R	1	19	630304154	630368154	64000	1036.74	593.81	423.78	379.67	14.69	480.28	0.44	229.46	22539.04	-19181.86	12653.52
Fixation L	1	21	630368154	630552061	183907	405.26	371.93	28	61	-1	13.32	13.32
Fixation R	1	21	630368154	630552061	183907	405.26	371.93	28	61	-1	13.97	13.97
Saccade L	1	23	630552061	630596091	44030	418.50	407.57	441.47	160.28	5.24	214.11	0.36	119.03	10605.61	-8536.38	6934.18
Saccade R	1	20	630552061	630596091	44030	418.50	407.57	441.47	160.28	5.24	214.11	0.36	119.03	10605.61	-8536.38	6934.18
Fixation L	1	22	630596091	630768069	171978	445.23	155.69	9	20	-1	13.28	13.28
Fixation R	1	22	630596091	630768069	171978	445.23	155.69	9	20	-1	14.15	14.15
Saccade L	1	24	630768069	630828099	60030	447.06	168.36	1082.31	602.38	16.86	561.20	0.33	280.83	26875.45	-18502.93	14841.62
Saccade R	1	21	630768069	630828099	60030	447.06	168.36	1082.31	602.38	16.86	561.20	0.33	280.83	26875.45	-18502.93	14841.62
Fixation L	1	23	630828099	631068076	239977	1083.56	585.01	18	37	-1	13.75	13.75
Fixation R	1	23	630828099	631068076	239977	1083.56	585.01	18	37	-1	14.97	14.97
Saccade L	1	25	631068076	631132039	63963	1088.04	580.95	475.43	241.57	15.80	504.80	0.31	246.95	24308.56	-15390.51	12697.65
Saccade R	1	22	631068076	631132039	63963	1088.04	580.95	475.43	241.57	15.80	504.80	0.31	246.95	24308.56	-15390.51	12697.65
Fixation L	1	24	631132039	631308128	176089	460.06	249.21	24	13	-1	13.75	13.75
Fixation R	1	24	631132039	631308128	176089	460.06	249.21	24	13	-1	14.66	14.66
Saccade L	1	26	631308128	631340016	31888	462.24	241.70	454.94	156.21	1.81	114.42	0.62	56.66	4757.18	-4724.71	3389.05
Saccade R	1	23	631308128	631340016	31888	462.24	241.70	454.94	156.21	1.81	114.42	0.62	56.66	4757.18	-4724.71	3389.05
Fixation L	1	25	631340016	631564130	224114	453.16	142.70	20	44	-1	13.36	13.36
Fixation R	1	25	631340016	631564130	224114	453.16	142.70	20	44	-1	14.34	14.34
Saccade L	1	27	631564130	631616073	51943	443.54	170.80	961.82	551.19	14.26	505.72	0.46	274.47	23845.54	-22537.09	15587.70
Saccade R	1	24	631564130	631616073	51943	443.54	170.80	961.82	551.19	14.26	505.72	0.46	274.47	23845.54	-22537.09	15587.70
Fixation L	1	26	631616073	631760047	143974	1008.19	542.77	66	30	-1	13.55	13.55
Fixation R	1	26	631616073	631760047	143974	1008.19	542.77	66	30	-1	14.83	14.83
Saccade L	1	28	631760047	631799959	39912	1014.62	563.16	969.94	511.22	1.70	84.38	0.30	42.58	3302.02	-2268.58	2045.66
Saccade R	1	25	631760047	631799959	39912	1014.62	563.16	969.94	511.22	1.70	84.38	0.30	42.58	3302.02	-2268.58	2045.66
Fixation L	1	27	631799959	631919921	119962	975.74	510.93	14	10	-1	13.55	13.55
Fixation R	1	27	631799959	631919921	119962	975.74	510.93	14	10	-1	14.87	14.87
Saccade L	1	29	631919921	631947967	28046	980.57	506.57	988.90	410.64	1.93	136.05	0.43	68.75	6454.11	-5961.20	4617.46
Saccade R	1	26	631919921	631947967	28046	980.57	506.57	988.90	410.64	1.93	136.05	0.43	68.75	6454.11	-5961.20	4617.46
Fixation L	1	28	631947967	632223968	276001	1004.52	414.41	21	34	-1	13.31	13.31
Fixation R	1	28	631947967	632223968	276001	1004.52	414.41	21	34	-1	14.59	14.59
Fixation L	1	29	632263962	632755964	492002	1082.00	515.04	48	40	-1	13.25	13.25
Fixation R	1	29	632263962	632755964	492002	1082.00	515.04	48	40	-1	14.42	14.42
Saccade L	1	30	632755964	632791969	36005	1083.67	516.86	1053.84	430.43	2.00	108.35	0.56	55.51	4574.93	-4847.18	3354.14
Saccade R	1	27	632755964	632791969	36005	1083.67	516.86	1053.84	430.43	2.00	108.35	0.56	55.51	4574.93	-4847.18	3354.14
Fixation L	1	30	632791969	632967931	175962	1057.61	423.21	13	18	-1	13.31	13.31
Fixation R	1	30	632791969	632967931	175962	1057.61	423.21	13	18	-1	14.48	14.48
Saccade L	1	31	632967931	633015928	47997	1063.25	412.77	972.79	434.39	2.39	120.05	0.25	49.74	5659.75	-3388.69	2398.74
Saccade R	1	28	632967931	633015928	47997	1063.25	412.77	972.79	434.39	2.39	120.05	0.25	49.74	5659.75	-3388.69	2398.74
Fixation L	1	31	633015928	633163967	148039	974.69	449.58	20	24	-1	13.34	13.34
Fixation R	1	31	633015928	633163967	148039	974.69	449.58	20	24	-1	14.39	14.39
Saccade L	1	32	633163967	633187858	23891	977.15	443.81	1086.04	439.64	2.22	209.71	0.50	93.01	8379.19	-8683.97	6359.76
Saccade R	1	29	633163967	633187858	23891	977.15	443.81	1086.04	439.64	2.22	209.71	0.50	93.01	8379.19	-8683.97	6359.76
Fixation L	1	32	633187858	633335839	147981	1076.76	444.15	20	12	-1	13.26	13.26
Fixation R	1	32	633187858	633335839	147981	1076.76	444.15	20	12	-1	14.54	14.54
Saccade L	1	33	633335839	633407864	72025	1076.24	446.00	447.63	244.62	14.67	483.58	0.44	203.63	21132.81	-21674.85	11136.67
Saccade R	1	30	633335839	633407864	72025	1076.24	446.00	447.63	244.62	14.67	483.58	0.44	203.63	21132.81	-21674.85	11136.67
Fixation L	1	33	633407864	633651848	243984	455.25	245.38	23	33	-1	13.33	13.33
Fixation R	1	33	633407864	633651848	243984	455.25	245.38	23	33	-1	14.07	14.07
Saccade L	1	34	633651848	633683832	31984	464.02	251.07	438.18	118.10	2.82	182.49	0.50	88.18	8732.20	-8481.51	6212.17
Saccade R	1	31	633651848	633683832	31984	464.02	251.07	438.18	118.10	2.82	182.49	0.50	88.18	8732.20	-8481.51	6212.17
Fixation L	1	34	633683832	633999870	316038	433.34	101.82	39	52	-1	13.20	13.20
Fixation R	1	34	633683832	633999870	316038	433.34	101.82	39	52	-1	14.14	14.14
Saccade L	1	35	633999870	634063825	63955	442.82	74.48	1003.69	439.82	14.68	530.11	0.31	229.56	25245.64	-22477.41	13536.10
Saccade R	1	32	633999870	634063825	63955	442.82	74.48	1003.69	439.82	14.68	530.11	0.31	229.56	25245.64	-22477.41	13536.10
Fixation L	1	35	634063825	634199814	135989	991.70	446.15	31	21	-1	13.48	13.48
Fixation R	1	35	634063825	634199814	135989	991.70	446.15	31	21	-1	14.74	14.74
Saccade L	1	36	634199814	634239840	40026	993.07	460.47	977.52	409.83	1.16	48.49	0.30	29.02	1830.79	-1476.69	1236.47
Saccade R	1	33	634199814	634239840	40026	993.07	460.47	977.52	409.83	1.16	48.49	0.30	29.02	1830.79	-1476.69	1236.47
Saccade L	1	37	634287859	634343815	55956	991.53	423.29	456.84	259.47	12.26	539.14	0.43	219.02	25237.18	-18564.68	13632.69
Saccade R	1	34	634287859	634343815	55956	991.53	423.29	456.84	259.47	12.26	539.14	0.43	219.02	25237.18	-18564.68	13632.69
Fixation L	1	36	634343815	634595863	252048	447.56	248.39	28	22	-1	13.42	13.42
Fixation R	1	36	634343815	634595863	252048	447.56	248.39	28	22	-1	14.47	14.47
Saccade L	1	38	634595863	634627728	31865	439.97	246.43	454.13	125.25	2.50	145.71	0.37	78.37	6888.06	-6336.35	4808.68
Saccade R	1	35	634595863	634627728	31865	439.97	246.43	454.13	125.25	2.50	145.71	0.37	78.37	6888.06	-6336.35	4808.68
Fixation L	1	37	634627728	634915722	287994	462.05	131.16	19	38	-1	13.48	13.48
Fixation R	1	37	634627728	634915722	287994	462.05	131.16	19	38	-1	14.66	14.66
Saccade L	1	39	634915722	634963698	47976	468.70	145.07	1083.12	445.27	14.72	558.18	0.42	306.80	27753.96	-24288.07	18370.83
Saccade R	1	36	634915722	634963698	47976	468.70	145.07	1083.12	445.27	14.72	558.18	0.42	306.80	27753.96	-24288.07	18370.83
Fixation L	1	38	634963698	635095725	132027	1074.59	464.06	38	27	-1	13.77	13.77
Fixation R	1	38	634963698	635095725	132027	1074.59	464.06	38	27	-1	15.37	15.37
Saccade L	1	40	635095725	635123725	28000	1060.62	460.63	905.12	447.20	3.41	272.99	0.43	121.67	12449.86	-12670.33	9119.14
Saccade R	1	37	635095725	635123725	28000	1060.62	460.63	905.12	447.20	3.41	272.99	0.43	121.67	12449.86	-12670.33	9119.14
Fixation L	1	39	635123725	635363735	240010	898.73	434.73	25	32	-1	13.85	13.85
Fixation R	1	39	635123725	635363735	240010	898.73	434.73	25	32	-1	15.25	15.25
