[BeGaze]
Converted from:	D:\Kirillov\Results\ermolova_temp\Yulia 02-eye_data.idf
Date:	17.04.2019 03:53:21
Version:	BeGaze 3.0.181
Sample Rate:	250
Subject:	Yulia 02
Description:	Run23

Table Header for Fixations:
Event Type	Trial	Number	Start	End	Duration	Location X	Location Y	Dispersion X	Dispersion Y	Plane	Avg. Pupil Size X	Avg. Pupil Size Y

Table Header for Saccades:
Event Type	Trial	Number	Start	End	Duration	Start Loc.X	Start Loc.Y	End Loc.X	End Loc.Y	Amplitude	Peak Speed	Peak Speed At	Average Speed	Peak Accel.	Peak Decel.	Average Accel.

Table Header for User Events:
Event Type	Trial	Number	Start	Description

UserEvent	1	1	9704588762	# Message: experiment-11.jpg
Fixation L	1	1	9704591014	9704891031	300017	449.84	390.47	17	22	-1	12.00	12.00
Fixation R	1	1	9704591014	9704891031	300017	449.84	390.47	17	22	-1	11.90	11.90
Saccade L	1	1	9704891031	9704959022	67991	459.84	404.55	770.39	697.84	10.19	451.67	0.29	149.83	22288.81	-17975.99	9664.68
Saccade R	1	1	9704891031	9704959022	67991	459.84	404.55	770.39	697.84	10.19	451.67	0.29	149.83	22288.81	-17975.99	9664.68
Fixation L	1	2	9704959022	9705115012	155990	783.65	709.97	19	22	-1	11.83	11.83
Fixation R	1	2	9704959022	9705115012	155990	783.65	709.97	19	22	-1	11.70	11.70
Saccade L	1	2	9705115012	9705175022	60010	784.42	720.39	1097.21	420.33	9.92	452.36	0.33	165.34	22142.80	-18974.13	10819.41
Saccade R	1	2	9705115012	9705175022	60010	784.42	720.39	1097.21	420.33	9.92	452.36	0.33	165.34	22142.80	-18974.13	10819.41
Fixation L	1	3	9705175022	9705559010	383988	1121.62	410.60	33	24	-1	11.23	11.23
Fixation R	1	3	9705175022	9705559010	383988	1121.62	410.60	33	24	-1	11.38	11.38
Saccade L	1	3	9705559010	9705639044	80034	1117.03	409.59	797.67	822.09	11.83	435.33	0.25	147.76	21105.98	-14689.16	8274.24
Saccade R	1	3	9705559010	9705639044	80034	1117.03	409.59	797.67	822.09	11.83	435.33	0.25	147.76	21105.98	-14689.16	8274.24
Fixation L	1	4	9705639044	9705842890	203846	786.76	836.17	21	22	-1	11.76	11.76
Fixation R	1	4	9705639044	9705842890	203846	786.76	836.17	21	22	-1	11.80	11.80
Saccade L	1	4	9705842890	9705934896	92006	787.75	840.23	-99.27	1112.01	21.10	672.58	0.26	229.31	32449.81	-23072.00	12278.74
Saccade R	1	4	9705842890	9705934896	92006	787.75	840.23	-99.27	1112.01	21.10	672.58	0.26	229.31	32449.81	-23072.00	12278.74
Fixation L	1	5	9705934896	9706150902	216006	-104.22	1124.91	60	31	-1	12.08	12.08
Fixation R	1	5	9705934896	9706150902	216006	-104.22	1124.91	60	31	-1	11.51	11.51
Saccade L	1	5	9706150902	9706190895	39993	-66.79	1116.23	-66.99	1124.10	1.23	58.95	0.50	30.86	1621.13	-1236.55	815.99
Saccade R	1	5	9706150902	9706190895	39993	-66.79	1116.23	-66.99	1124.10	1.23	58.95	0.50	30.86	1621.13	-1236.55	815.99
Saccade L	1	6	9706190895	9706242915	52020	-66.99	1124.10	-53.16	1110.21	1.64	57.12	0.62	31.49	1192.26	-1290.95	513.62
Saccade R	1	6	9706190895	9706242915	52020	-66.99	1124.10	-53.16	1110.21	1.64	57.12	0.62	31.49	1192.26	-1290.95	513.62
Fixation L	1	6	9706242915	9706310923	68008	-48.39	1115.24	15	27	-1	12.44	12.44
Fixation R	1	6	9706242915	9706310923	68008	-48.39	1115.24	15	27	-1	11.95	11.95
Saccade L	1	7	9706310923	9706354920	43997	-48.06	1130.23	-47.56	1119.88	1.14	59.97	0.45	25.94	2400.20	-1514.68	1115.67
Saccade R	1	7	9706310923	9706354920	43997	-48.06	1130.23	-47.56	1119.88	1.14	59.97	0.45	25.94	2400.20	-1514.68	1115.67
Saccade L	1	8	9706362950	9706386907	23957	-96.23	1122.66	-36.93	1101.91	1.01	97.01	0.33	42.13	2752.57	-3185.65	1990.43
Saccade R	1	8	9706362950	9706386907	23957	-96.23	1122.66	-36.93	1101.91	1.01	97.01	0.33	42.13	2752.57	-3185.65	1990.43
Saccade L	1	9	9706386907	9706466919	80012	-36.93	1101.91	799.25	789.54	20.19	715.34	0.30	252.34	33778.90	-20271.98	13906.39
Saccade R	1	9	9706386907	9706466919	80012	-36.93	1101.91	799.25	789.54	20.19	715.34	0.30	252.34	33778.90	-20271.98	13906.39
Fixation L	1	7	9706466919	9706710914	243995	810.30	770.41	22	33	-1	12.70	12.70
Fixation R	1	7	9706466919	9706710914	243995	810.30	770.41	22	33	-1	12.63	12.63
Fixation L	1	8	9706794917	9706902922	108005	1168.95	522.86	8	7	-1	12.33	12.33
Fixation R	1	8	9706794917	9706902922	108005	1168.95	522.86	8	7	-1	12.49	12.49
Saccade L	1	10	9706902922	9706934954	32032	1168.88	522.12	1089.90	448.38	2.19	135.08	0.37	68.28	6532.09	-6175.60	4647.22
Saccade R	1	10	9706902922	9706934954	32032	1168.88	522.12	1089.90	448.38	2.19	135.08	0.37	68.28	6532.09	-6175.60	4647.22
Fixation L	1	9	9706934954	9707170921	235967	1082.67	446.67	30	13	-1	12.25	12.25
Fixation R	1	9	9706934954	9707170921	235967	1082.67	446.67	30	13	-1	12.21	12.21
Saccade L	1	11	9707170921	9707198809	27888	1074.61	445.37	925.53	443.26	3.21	282.60	0.57	114.99	12310.35	-11843.42	8701.31
Saccade R	1	11	9707170921	9707198809	27888	1074.61	445.37	925.53	443.26	3.21	282.60	0.57	114.99	12310.35	-11843.42	8701.31
Fixation L	1	10	9707198809	9707442799	243990	906.08	439.13	30	18	-1	12.10	12.10
Fixation R	1	10	9707198809	9707442799	243990	906.08	439.13	30	18	-1	12.07	12.07
Saccade L	1	12	9707442799	9707478811	36012	908.63	436.44	899.38	378.77	1.36	70.43	0.44	37.72	3081.50	-2846.33	2055.29
Saccade R	1	12	9707442799	9707478811	36012	908.63	436.44	899.38	378.77	1.36	70.43	0.44	37.72	3081.50	-2846.33	2055.29
Fixation L	1	11	9707478811	9707710810	231999	895.26	375.59	28	24	-1	12.13	12.13
Fixation R	1	11	9707478811	9707710810	231999	895.26	375.59	28	24	-1	11.98	11.98
Saccade L	1	13	9707710810	9707750833	40023	895.11	391.08	952.91	483.35	2.67	164.18	0.30	66.75	6705.39	-3927.20	3076.81
Saccade R	1	13	9707710810	9707750833	40023	895.11	391.08	952.91	483.35	2.67	164.18	0.30	66.75	6705.39	-3927.20	3076.81
Saccade L	1	14	9707810823	9707834837	24014	837.97	490.41	855.52	441.73	0.96	87.84	0.33	40.14	313.40	-3126.84	1440.89
Saccade R	1	14	9707810823	9707834837	24014	837.97	490.41	855.52	441.73	0.96	87.84	0.33	40.14	313.40	-3126.84	1440.89
Saccade L	1	15	9707858824	9707894811	35987	852.48	443.59	875.81	414.13	1.04	59.08	0.44	28.83	3051.25	-1198.58	1523.62
Saccade R	1	15	9707858824	9707894811	35987	852.48	443.59	875.81	414.13	1.04	59.08	0.44	28.83	3051.25	-1198.58	1523.62
Saccade L	1	16	9707894811	9707914816	20005	875.81	414.13	822.43	406.95	1.07	111.14	0.40	53.33	3051.25	-3685.83	2349.27
Saccade R	1	16	9707894811	9707914816	20005	875.81	414.13	822.43	406.95	1.07	111.14	0.40	53.33	3051.25	-3685.83	2349.27
Saccade L	1	17	9707914816	9707942808	27992	822.43	406.95	832.17	369.25	1.02	113.89	0.71	36.62	3134.73	-3685.83	1603.08
Saccade R	1	17	9707914816	9707942808	27992	822.43	406.95	832.17	369.25	1.02	113.89	0.71	36.62	3134.73	-3685.83	1603.08
Saccade L	1	18	9707942808	9707990833	48025	832.17	369.25	832.00	464.07	2.19	99.73	0.25	45.64	1854.56	-2034.23	1187.97
Saccade R	1	18	9707942808	9707990833	48025	832.17	369.25	832.00	464.07	2.19	99.73	0.25	45.64	1854.56	-2034.23	1187.97
Saccade L	1	19	9707990833	9708018831	27998	832.00	464.07	835.42	498.58	0.96	62.10	0.43	34.16	2182.48	-2166.77	1527.24
Saccade R	1	19	9707990833	9708018831	27998	832.00	464.07	835.42	498.58	0.96	62.10	0.43	34.16	2182.48	-2166.77	1527.24
Saccade L	1	20	9708034839	9708090773	55934	852.35	496.61	893.74	521.75	4.50	208.43	0.29	80.47	8341.37	-6433.74	3717.56
Saccade R	1	20	9708034839	9708090773	55934	852.35	496.61	893.74	521.75	4.50	208.43	0.29	80.47	8341.37	-6433.74	3717.56
Fixation L	1	12	9708090773	9708146843	56070	902.35	523.21	14	3	-1	12.09	12.09
Fixation R	1	12	9708090773	9708146843	56070	902.35	523.21	14	3	-1	12.14	12.14
Saccade L	1	21	9708146843	9708178820	31977	896.97	520.75	951.97	501.73	1.20	80.74	0.25	37.59	3326.89	-2953.48	1874.89
Saccade R	1	21	9708146843	9708178820	31977	896.97	520.75	951.97	501.73	1.20	80.74	0.25	37.59	3326.89	-2953.48	1874.89
Saccade L	1	22	9708178820	9708226815	47995	951.97	501.73	913.96	434.42	2.42	108.75	0.33	50.32	4370.02	-3587.94	2510.40
Saccade R	1	22	9708178820	9708226815	47995	951.97	501.73	913.96	434.42	2.42	108.75	0.33	50.32	4370.02	-3587.94	2510.40
Saccade L	1	23	9708266738	9708314826	48088	919.59	455.31	888.84	282.03	4.32	334.56	0.25	89.74	13616.05	-13313.49	6494.94
Saccade R	1	23	9708266738	9708314826	48088	919.59	455.31	888.84	282.03	4.32	334.56	0.25	89.74	13616.05	-13313.49	6494.94
Fixation L	1	13	9708314826	9708366825	51999	892.13	289.22	12	12	-1	12.11	12.11
Fixation R	1	13	9708314826	9708366825	51999	892.13	289.22	12	12	-1	11.98	11.98
Saccade L	1	24	9708366825	9708406835	40010	899.19	292.84	953.00	260.77	1.33	63.79	0.30	33.19	6518.31	-1205.75	1801.64
Saccade R	1	24	9708366825	9708406835	40010	899.19	292.84	953.00	260.77	1.33	63.79	0.30	33.19	6518.31	-1205.75	1801.64
Saccade L	1	25	9708406835	9708454851	48016	953.00	260.77	776.09	294.09	4.30	241.56	0.34	89.48	11188.75	-10926.69	6241.77
Saccade R	1	25	9708406835	9708454851	48016	953.00	260.77	776.09	294.09	4.30	241.56	0.34	89.48	11188.75	-10926.69	6241.77
Fixation L	1	14	9708454851	9708646727	191876	782.44	310.83	19	24	-1	11.92	11.92
Fixation R	1	14	9708454851	9708646727	191876	782.44	310.83	19	24	-1	11.79	11.79
Fixation R	1	15	9708662737	9708762719	99982	280.64	135.44	1040	936	-1	10.68	10.68
Fixation L	1	15	9708866704	9708954716	88012	792.63	715.93	31	11	-1	11.46	11.46
Fixation R	1	16	9708866704	9708954716	88012	792.63	715.93	31	11	-1	11.35	11.35
Saccade L	1	26	9708954716	9709014715	59999	809.01	714.55	769.34	773.95	1.67	67.73	0.27	27.85	2964.25	-2556.58	1350.32
Saccade R	1	26	9708954716	9709014715	59999	809.01	714.55	769.34	773.95	1.67	67.73	0.27	27.85	2964.25	-2556.58	1350.32
Fixation L	1	16	9709014715	9709226744	212029	767.85	782.64	12	25	-1	11.91	11.91
Fixation R	1	17	9709014715	9709226744	212029	767.85	782.64	12	25	-1	11.76	11.76
Saccade L	1	27	9709226744	9709286722	59978	761.03	786.29	870.81	822.16	3.92	245.94	0.27	65.34	10697.11	-8611.44	4370.67
Saccade R	1	27	9709226744	9709286722	59978	761.03	786.29	870.81	822.16	3.92	245.94	0.27	65.34	10697.11	-8611.44	4370.67
Fixation L	1	17	9709286722	9709362728	76006	877.05	822.63	22	8	-1	11.85	11.85
Fixation R	1	18	9709286722	9709362728	76006	877.05	822.63	22	8	-1	11.89	11.89
Saccade L	1	28	9709362728	9709422768	60040	890.22	820.22	998.17	390.99	10.24	436.33	0.33	170.61	21025.43	-16698.57	10772.45
Saccade R	1	28	9709362728	9709422768	60040	890.22	820.22	998.17	390.99	10.24	436.33	0.33	170.61	21025.43	-16698.57	10772.45
Fixation L	1	18	9709422768	9709606719	183951	989.21	382.68	18	16	-1	11.64	11.64
Fixation R	1	19	9709422768	9709606719	183951	989.21	382.68	18	16	-1	11.64	11.64
Saccade L	1	29	9709606719	9709650719	44000	994.66	381.75	1128.72	371.67	3.36	253.35	0.27	76.36	10924.18	-10117.12	5497.44
Saccade R	1	29	9709606719	9709650719	44000	994.66	381.75	1128.72	371.67	3.36	253.35	0.27	76.36	10924.18	-10117.12	5497.44
Fixation L	1	19	9709650719	9709862760	212041	1130.65	373.34	16	12	-1	11.59	11.59
Fixation R	1	20	9709650719	9709862760	212041	1130.65	373.34	16	12	-1	11.59	11.59
Saccade L	1	30	9709862760	9709886747	23987	1141.34	380.64	1218.42	375.86	1.62	142.17	0.50	67.44	6309.24	-6080.30	4471.29
Saccade R	1	30	9709862760	9709886747	23987	1141.34	380.64	1218.42	375.86	1.62	142.17	0.50	67.44	6309.24	-6080.30	4471.29
Fixation L	1	20	9709886747	9710122631	235884	1220.35	369.41	21	18	-1	11.68	11.68
Fixation R	1	21	9709886747	9710122631	235884	1220.35	369.41	21	18	-1	11.68	11.68
Saccade L	1	31	9710122631	9710194619	71988	1232.58	359.48	876.86	819.77	13.60	489.60	0.28	188.92	22303.13	-14275.92	10401.05
Saccade R	1	31	9710122631	9710194619	71988	1232.58	359.48	876.86	819.77	13.60	489.60	0.28	188.92	22303.13	-14275.92	10401.05
Fixation L	1	21	9710194619	9710366654	172035	878.84	829.03	31	18	-1	11.84	11.84
Fixation R	1	22	9710194619	9710366654	172035	878.84	829.03	31	18	-1	11.93	11.93
Saccade L	1	32	9710366654	9710414661	48007	855.93	836.61	801.36	834.39	2.69	113.91	0.75	56.02	4257.70	-4104.50	2120.15
Saccade R	1	32	9710366654	9710414661	48007	855.93	836.61	801.36	834.39	2.69	113.91	0.75	56.02	4257.70	-4104.50	2120.15
Saccade L	1	33	9710414661	9710466614	51953	801.36	834.39	977.99	818.08	5.05	314.79	0.46	97.26	14074.46	-11847.18	7097.84
Saccade R	1	33	9710414661	9710466614	51953	801.36	834.39	977.99	818.08	5.05	314.79	0.46	97.26	14074.46	-11847.18	7097.84
Fixation L	1	22	9710466614	9710642638	176024	976.96	821.29	24	14	-1	11.96	11.96
Fixation R	1	23	9710466614	9710642638	176024	976.96	821.29	24	14	-1	11.95	11.95
Saccade L	1	34	9710642638	9710706631	63993	989.59	820.38	1240.63	426.20	10.67	455.13	0.38	166.73	21293.47	-18322.54	10752.52
Saccade R	1	34	9710642638	9710706631	63993	989.59	820.38	1240.63	426.20	10.67	455.13	0.38	166.73	21293.47	-18322.54	10752.52
Fixation L	1	23	9710706631	9711090650	384019	1238.64	403.63	15	30	-1	11.83	11.83
Fixation R	1	24	9710706631	9711090650	384019	1238.64	403.63	15	30	-1	11.90	11.90
Saccade L	1	35	9711090650	9711114637	23987	1239.43	412.23	1262.83	408.16	0.57	46.38	0.50	23.71	1691.86	-1807.57	1276.21
Saccade R	1	35	9711090650	9711114637	23987	1239.43	412.23	1262.83	408.16	0.57	46.38	0.50	23.71	1691.86	-1807.57	1276.21
Fixation L	1	24	9711114637	9711510538	395901	1269.63	395.93	18	20	-1	11.68	11.68
Fixation R	1	25	9711114637	9711510538	395901	1269.63	395.93	18	20	-1	11.64	11.64
Saccade L	1	36	9711510538	9711542528	31990	1260.73	387.63	1224.50	373.16	0.81	43.12	0.37	25.37	1769.24	-1545.28	1227.93
Saccade R	1	36	9711510538	9711542528	31990	1260.73	387.63	1224.50	373.16	0.81	43.12	0.37	25.37	1769.24	-1545.28	1227.93
Fixation L	1	25	9711542528	9711830549	288021	1222.66	351.22	23	36	-1	11.67	11.67
Fixation R	1	26	9711542528	9711830549	288021	1222.66	351.22	23	36	-1	11.51	11.51
Saccade L	1	37	9711830549	9711854538	23989	1207.53	359.78	1281.95	364.54	1.45	129.10	0.50	60.59	4929.93	-5336.21	3736.62
Saccade R	1	37	9711830549	9711854538	23989	1207.53	359.78	1281.95	364.54	1.45	129.10	0.50	60.59	4929.93	-5336.21	3736.62
Fixation L	1	26	9711854538	9711922522	67984	1272.71	367.10	16	4	-1	11.62	11.62
Fixation R	1	27	9711854538	9711922522	67984	1272.71	367.10	16	4	-1	11.56	11.56
Fixation L	1	27	9712002549	9712086530	83981	894.99	876.68	16	18	-1	11.91	11.91
Fixation R	1	28	9712002549	9712086530	83981	894.99	876.68	16	18	-1	11.71	11.71
Saccade L	1	38	9712086530	9712114535	28005	905.92	870.31	904.25	804.38	1.34	92.29	0.57	47.80	3935.50	-3896.26	2928.32
Saccade R	1	38	9712086530	9712114535	28005	905.92	870.31	904.25	804.38	1.34	92.29	0.57	47.80	3935.50	-3896.26	2928.32
Fixation L	1	28	9712114535	9712258531	143996	888.16	815.35	23	20	-1	11.87	11.87
Fixation R	1	29	9712114535	9712258531	143996	888.16	815.35	23	20	-1	11.59	11.59
Saccade L	1	39	9712258531	9712306538	48007	885.45	824.19	941.08	708.29	3.61	222.87	0.33	75.10	10156.81	-8464.02	5308.27
Saccade R	1	39	9712258531	9712306538	48007	885.45	824.19	941.08	708.29	3.61	222.87	0.33	75.10	10156.81	-8464.02	5308.27
Fixation L	1	29	9712306538	9712458576	152038	945.33	711.35	8	10	-1	11.70	11.70
Fixation R	1	30	9712306538	9712458576	152038	945.33	711.35	8	10	-1	11.58	11.58
Saccade L	1	40	9712458576	9712490543	31967	946.59	717.32	988.85	735.25	1.04	71.71	0.50	32.39	2998.50	-2610.17	1989.74
Saccade R	1	40	9712458576	9712490543	31967	946.59	717.32	988.85	735.25	1.04	71.71	0.50	32.39	2998.50	-2610.17	1989.74
Fixation L	1	30	9712490543	9712886430	395887	995.06	737.42	36	30	-1	11.73	11.73
Fixation R	1	31	9712490543	9712886430	395887	995.06	737.42	36	30	-1	11.43	11.43
Saccade L	1	41	9712886430	9712930427	43997	1005.20	735.07	985.71	840.42	2.68	161.14	0.55	60.96	7418.81	-7073.20	4272.17
Saccade R	1	41	9712886430	9712930427	43997	1005.20	735.07	985.71	840.42	2.68	161.14	0.55	60.96	7418.81	-7073.20	4272.17
Fixation L	1	31	9712930427	9712986450	56023	979.39	838.03	9	13	-1	11.89	11.89
Fixation R	1	32	9712930427	9712986450	56023	979.39	838.03	9	13	-1	11.50	11.50
Saccade L	1	42	9712986450	9713006418	19968	976.13	824.44	975.37	848.24	0.50	51.06	0.40	24.90	1429.10	-1595.96	1005.35
Saccade R	1	42	9712986450	9713006418	19968	976.13	824.44	975.37	848.24	0.50	51.06	0.40	24.90	1429.10	-1595.96	1005.35
Saccade L	1	43	9713014439	9713066488	52049	975.04	860.03	653.12	830.89	6.94	396.98	0.77	133.36	15534.76	-12971.61	7619.41
Saccade R	1	43	9713014439	9713066488	52049	975.04	860.03	653.12	830.89	6.94	396.98	0.77	133.36	15534.76	-12971.61	7619.41
Fixation L	1	32	9713118445	9713354449	236004	710.58	832.73	14	30	-1	12.18	12.18
Fixation R	1	33	9713118445	9713354449	236004	710.58	832.73	14	30	-1	11.79	11.79
Saccade L	1	44	9713354449	9713410436	55987	711.69	822.84	916.76	716.57	7.61	378.61	0.36	135.89	17839.45	-15795.04	8508.32
Saccade R	1	44	9713354449	9713410436	55987	711.69	822.84	916.76	716.57	7.61	378.61	0.36	135.89	17839.45	-15795.04	8508.32
Fixation L	1	33	9713410436	9713590434	179998	930.40	718.21	30	23	-1	12.30	12.30
Fixation R	1	34	9713410436	9713590434	179998	930.40	718.21	30	23	-1	11.85	11.85
Saccade L	1	45	9713590434	9713658477	68043	936.44	719.91	709.00	824.51	7.97	393.25	0.29	117.10	19285.17	-16231.20	7766.81
Saccade R	1	45	9713590434	9713658477	68043	936.44	719.91	709.00	824.51	7.97	393.25	0.29	117.10	19285.17	-16231.20	7766.81
Fixation L	1	34	9713658477	9713758459	99982	699.42	831.78	18	20	-1	12.19	12.19
Fixation R	1	35	9713658477	9713758459	99982	699.42	831.78	18	20	-1	12.10	12.10
Saccade L	1	46	9713758459	9713798454	39995	692.50	838.29	0.00	0.00	30.66	2592.98	0.70	766.60	93121.63	-109217.88	56790.56
Saccade R	1	46	9713758459	9713798454	39995	692.50	838.29	0.00	0.00	30.66	2592.98	0.70	766.60	93121.63	-109217.88	56790.56
Fixation L	1	35	9713798454	9713866399	67945	0.00	0.00	0	0	-1	11.86	11.86
Fixation R	1	36	9713798454	9713866399	67945	0.00	0.00	0	0	-1	11.74	11.74
Saccade L	1	47	9713866399	9713910470	44071	0.00	0.00	0.00	0.00	59.76	2709.50	0.27	1356.10	112994.46	-112962.68	55145.78
Saccade R	1	47	9713866399	9713910470	44071	0.00	0.00	0.00	0.00	59.76	2709.50	0.27	1356.10	112994.46	-112962.68	55145.78
Fixation L	1	36	9713910470	9714058382	147912	0.00	0.00	0	0	-1	10.60	10.60
Fixation R	1	37	9713910470	9714058382	147912	0.00	0.00	0	0	-1	10.71	10.71
