[BeGaze]
Converted from:	D:\Kirillov\Results\ermolova_temp\Natalia-eye_data.idf
Date:	17.04.2019 03:53:08
Version:	BeGaze 3.0.181
Sample Rate:	250
Subject:	Natalia
Description:	Run20

Table Header for Fixations:
Event Type	Trial	Number	Start	End	Duration	Location X	Location Y	Dispersion X	Dispersion Y	Plane	Avg. Pupil Size X	Avg. Pupil Size Y

Table Header for Saccades:
Event Type	Trial	Number	Start	End	Duration	Start Loc.X	Start Loc.Y	End Loc.X	End Loc.Y	Amplitude	Peak Speed	Peak Speed At	Average Speed	Peak Accel.	Peak Decel.	Average Accel.

Table Header for User Events:
Event Type	Trial	Number	Start	Description

UserEvent	1	1	7156392205	# Message: experiment-03.jpg
Fixation L	1	1	7156394625	7156730503	335878	568.60	416.94	22	40	-1	14.25	14.25
Fixation R	1	1	7156394625	7156730503	335878	568.60	416.94	22	40	-1	14.94	14.94
Saccade L	1	1	7156730503	7156798543	68040	574.20	417.88	1001.68	521.82	10.46	469.94	0.24	153.74	22647.29	-18669.45	9667.68
Saccade R	1	1	7156730503	7156798543	68040	574.20	417.88	1001.68	521.82	10.46	469.94	0.24	153.74	22647.29	-18669.45	9667.68
Fixation L	1	2	7156798543	7156922512	123969	1006.74	530.32	20	28	-1	12.30	12.30
Fixation R	1	2	7156798543	7156922512	123969	1006.74	530.32	20	28	-1	13.01	13.01
Saccade L	1	2	7156922512	7156946507	23995	1018.14	525.44	1055.10	510.98	0.78	55.16	0.50	32.49	2153.48	-1926.73	1511.02
Saccade R	1	2	7156922512	7156946507	23995	1018.14	525.44	1055.10	510.98	0.78	55.16	0.50	32.49	2153.48	-1926.73	1511.02
Fixation L	1	3	7156946507	7157118526	172019	1063.16	508.83	13	18	-1	11.42	11.42
Fixation R	1	3	7156946507	7157118526	172019	1063.16	508.83	13	18	-1	11.91	11.91
Saccade L	1	3	7157118526	7157170506	51980	1053.98	505.54	518.26	473.90	11.64	445.14	0.38	223.87	21607.75	-15928.97	12982.92
Saccade R	1	3	7157118526	7157170506	51980	1053.98	505.54	518.26	473.90	11.64	445.14	0.38	223.87	21607.75	-15928.97	12982.92
Fixation L	1	4	7157170506	7157366516	196010	496.72	461.72	31	19	-1	10.97	10.97
Fixation R	1	4	7157170506	7157366516	196010	496.72	461.72	31	19	-1	11.06	11.06
Saccade L	1	4	7157366516	7157398545	32029	489.16	460.54	0.00	0.00	18.21	1611.45	0.62	568.61	61906.37	-68654.30	41632.23
Fixation L	1	5	7157398545	7157706412	307867	294.81	342.25	457	447	-1	11.59	11.59
Fixation R	1	5	7157502521	7157706412	203891	353.87	424.09	17	33	-1	11.42	11.42
Saccade L	1	5	7157706412	7157738442	32030	362.86	449.55	393.54	469.70	1.17	80.54	0.37	36.67	3585.94	-3174.68	2216.58
Saccade R	1	4	7157706412	7157738442	32030	362.86	449.55	393.54	469.70	1.17	80.54	0.37	36.67	3585.94	-3174.68	2216.58
Fixation L	1	6	7157738442	7157890394	151952	410.55	487.94	25	27	-1	12.23	12.23
Fixation R	1	6	7157738442	7157890394	151952	410.55	487.94	25	27	-1	12.54	12.54
Saccade L	1	6	7157890394	7157946420	56026	411.88	497.21	363.37	558.64	2.98	159.63	0.29	53.24	6526.29	-5122.02	2940.05
Saccade R	1	5	7157890394	7157946420	56026	411.88	497.21	363.37	558.64	2.98	159.63	0.29	53.24	6526.29	-5122.02	2940.05
Fixation L	1	7	7157946420	7158042398	95978	362.96	564.90	9	19	-1	12.39	12.39
Fixation R	1	7	7157946420	7158138391	191971	234.89	347.20	616	573	-1	13.27	13.27
Fixation L	1	8	7158230436	7158394404	163968	443.81	439.69	12	35	-1	12.31	12.31
Fixation R	1	8	7158230436	7158394404	163968	443.81	439.69	12	35	-1	12.45	12.45
Saccade L	1	7	7158394404	7158434402	39998	435.11	427.22	516.93	462.58	2.69	181.99	0.40	67.26	7845.65	-6449.82	4240.72
Saccade R	1	6	7158394404	7158434402	39998	435.11	427.22	516.93	462.58	2.69	181.99	0.40	67.26	7845.65	-6449.82	4240.72
Fixation L	1	9	7158434402	7158658438	224036	534.70	475.53	24	21	-1	12.87	12.87
Fixation R	1	9	7158434402	7158658438	224036	534.70	475.53	24	21	-1	13.33	13.33
Saccade L	1	8	7158658438	7158694447	36009	523.92	468.63	481.93	529.71	2.20	159.73	0.44	61.22	7124.99	-5926.32	3993.33
Saccade R	1	7	7158658438	7158694447	36009	523.92	468.63	481.93	529.71	2.20	159.73	0.44	61.22	7124.99	-5926.32	3993.33
Fixation L	1	10	7158694447	7159138299	443852	454.74	545.52	37	24	-1	12.77	12.77
Fixation R	1	10	7158694447	7159138299	443852	454.74	545.52	37	24	-1	13.33	13.33
Saccade L	1	9	7159138299	7159174304	36005	456.96	546.54	488.75	435.21	2.89	175.28	0.44	80.14	7734.11	-6675.07	5108.28
Saccade R	1	8	7159138299	7159174304	36005	456.96	546.54	488.75	435.21	2.89	175.28	0.44	80.14	7734.11	-6675.07	5108.28
Fixation L	1	11	7159174304	7159446316	272012	329.68	280.77	653	643	-1	12.38	12.38
Fixation R	1	11	7159174304	7159322297	147993	515.55	441.02	39	16	-1	13.63	13.63
Saccade R	1	9	7159322297	7159362321	40024	510.88	432.04	0.00	0.00	15.96	1082.19	0.70	398.67	33853.75	-52832.41	24282.89
Fixation R	1	12	7159362321	7159446316	83995	0.00	0.00	0	0	-1	11.59	11.59
Fixation L	1	12	7159566315	7159678309	111994	496.11	485.03	13	47	-1	13.32	13.32
Fixation R	1	13	7159566315	7159678309	111994	496.11	485.03	13	47	-1	13.86	13.86
Saccade L	1	10	7159678309	7159722327	44018	489.08	494.93	465.29	613.41	4.02	241.35	0.27	91.29	11729.84	-8513.29	5725.75
Saccade R	1	10	7159678309	7159722327	44018	489.08	494.93	465.29	613.41	4.02	241.35	0.27	91.29	11729.84	-8513.29	5725.75
Fixation L	1	13	7159722327	7160246332	524005	458.17	618.13	35	54	-1	13.62	13.62
Fixation R	1	14	7159722327	7160246332	524005	458.17	618.13	35	54	-1	14.32	14.32
Saccade L	1	11	7160246332	7160270315	23983	447.55	604.97	422.52	667.94	1.18	102.47	0.67	49.03	4406.06	-3242.47	2659.68
Saccade R	1	11	7160246332	7160270315	23983	447.55	604.97	422.52	667.94	1.18	102.47	0.67	49.03	4406.06	-3242.47	2659.68
Saccade L	1	12	7160270315	7160298258	27943	422.52	667.94	415.59	654.40	0.67	40.20	0.29	24.00	-109.74	-3242.47	1434.70
Saccade R	1	12	7160270315	7160298258	27943	422.52	667.94	415.59	654.40	0.67	40.20	0.29	24.00	-109.74	-3242.47	1434.70
Fixation L	1	14	7160298258	7160502226	203968	411.50	656.39	13	33	-1	13.22	13.22
Fixation R	1	15	7160298258	7160502226	203968	411.50	656.39	13	33	-1	13.94	13.94
Saccade L	1	13	7160502226	7160526193	23967	404.13	637.13	421.84	607.52	0.80	63.97	0.50	33.43	2887.42	-2300.71	1877.14
Saccade R	1	13	7160502226	7160526193	23967	404.13	637.13	421.84	607.52	0.80	63.97	0.50	33.43	2887.42	-2300.71	1877.14
Fixation L	1	15	7160526193	7161030205	504012	383.94	520.01	614	609	-1	13.19	13.19
Fixation R	1	16	7160526193	7160946220	420027	437.90	597.49	26	26	-1	13.74	13.74
Saccade R	1	14	7160946220	7160978203	31983	439.39	603.03	0.00	0.00	16.27	1406.55	0.62	508.68	58104.39	-59030.39	40272.72
Fixation R	1	17	7160978203	7161286184	307981	271.53	434.39	886	621	-1	14.47	14.47
Saccade L	1	14	7161030205	7161118221	88016	0.00	0.00	375.48	584.42	28.32	746.82	0.32	321.78	36304.19	-23409.14	11393.77
Fixation L	1	16	7161118221	7161286184	167963	366.89	609.29	13	49	-1	13.30	13.30
Saccade L	1	15	7161286184	7161326231	40047	366.52	620.79	462.37	637.09	2.92	205.76	0.30	72.82	8662.07	-6958.17	4505.05
Saccade R	1	15	7161286184	7161326231	40047	366.52	620.79	462.37	637.09	2.92	205.76	0.30	72.82	8662.07	-6958.17	4505.05
Fixation L	1	17	7161326231	7161954106	627875	464.67	629.52	25	49	-1	13.46	13.46
Fixation R	1	18	7161326231	7161954106	627875	464.67	629.52	25	49	-1	14.39	14.39
Saccade L	1	16	7161954106	7162022122	68016	457.24	617.90	356.97	625.23	2.22	74.22	0.24	32.65	3245.53	-1896.58	1207.76
Saccade R	1	16	7161954106	7162022122	68016	457.24	617.90	356.97	625.23	2.22	74.22	0.24	32.65	3245.53	-1896.58	1207.76
Saccade L	1	17	7162022122	7162054136	32014	356.97	625.23	418.09	613.93	1.41	103.69	0.50	44.05	3942.49	-4249.94	2741.53
Saccade R	1	17	7162022122	7162054136	32014	356.97	625.23	418.09	613.93	1.41	103.69	0.50	44.05	3942.49	-4249.94	2741.53
Fixation L	1	18	7162054136	7162106122	51986	419.33	611.13	8	9	-1	13.26	13.26
Fixation R	1	19	7162054136	7162106122	51986	419.33	611.13	8	9	-1	14.24	14.24
Saccade R	1	18	7162106122	7162142121	35999	421.40	620.76	0.00	0.00	17.43	1507.81	0.67	484.07	59187.06	-64581.12	37363.05
Fixation R	1	20	7162142121	7162222141	80020	0.00	0.00	0	0	-1	14.00	14.00
Fixation L	1	19	7162302120	7162458122	156002	463.90	575.82	33	26	-1	13.15	13.15
Fixation R	1	21	7162302120	7162458122	156002	463.90	575.82	33	26	-1	14.15	14.15
Saccade L	1	18	7162458122	7162498154	40032	448.20	585.32	375.04	609.38	2.44	160.23	0.40	60.95	7790.49	-6091.71	4075.52
Saccade R	1	19	7162458122	7162498154	40032	448.20	585.32	375.04	609.38	2.44	160.23	0.40	60.95	7790.49	-6091.71	4075.52
Fixation L	1	20	7162498154	7162754166	256012	374.91	615.19	19	13	-1	13.62	13.62
Fixation R	1	22	7162498154	7162754166	256012	374.91	615.19	19	13	-1	14.91	14.91
Saccade L	1	19	7162754166	7162794150	39984	378.99	616.66	493.12	623.55	3.50	251.37	0.30	87.53	11019.65	-9133.97	5767.88
Saccade R	1	20	7162754166	7162794150	39984	378.99	616.66	493.12	623.55	3.50	251.37	0.30	87.53	11019.65	-9133.97	5767.88
Fixation L	1	21	7162794150	7162946164	152014	501.11	621.49	13	17	-1	13.13	13.13
Fixation R	1	23	7162794150	7162946164	152014	501.11	621.49	13	17	-1	14.46	14.46
Saccade L	1	20	7162946164	7162970157	23993	493.84	611.76	411.56	600.83	1.75	147.59	0.66	72.74	6791.91	-6265.45	4521.51
Saccade R	1	21	7162946164	7162970157	23993	493.84	611.76	411.56	600.83	1.75	147.59	0.66	72.74	6791.91	-6265.45	4521.51
Fixation L	1	22	7162970157	7163278134	307977	410.85	605.25	24	27	-1	12.89	12.89
Fixation R	1	24	7162970157	7163278134	307977	410.85	605.25	24	27	-1	14.07	14.07
Saccade L	1	21	7163278134	7163326012	47878	412.13	621.33	0.00	0.00	21.46	1243.41	0.75	448.30	38972.91	-49684.06	27982.59
Saccade R	1	22	7163278134	7163326012	47878	412.13	621.33	0.00	0.00	21.46	1243.41	0.75	448.30	38972.91	-49684.06	27982.59
Fixation L	1	23	7163326012	7163742026	416014	0.00	0.00	0	0	-1	8.33	8.33
Fixation R	1	25	7163326012	7163742026	416014	0.00	0.00	0	0	-1	10.32	10.32
Saccade L	1	22	7163742026	7163958152	216126	0.00	0.00	1083.45	598.08	221.10	2386.17	0.95	1023.02	99493.90	-99039.51	74927.40
Saccade R	1	23	7163742026	7163958152	216126	0.00	0.00	1083.45	598.08	221.10	2386.17	0.95	1023.02	99493.90	-99039.51	74927.40
Fixation L	1	24	7163958152	7164062128	103976	1089.18	587.44	11	23	-1	14.74	14.74
Fixation R	1	26	7163958152	7164062128	103976	1089.18	587.44	11	23	-1	15.94	15.94
Saccade L	1	23	7164062128	7164082131	20003	1083.36	581.50	1070.18	546.86	0.62	53.62	0.60	30.90	2269.97	-781.92	1081.09
Saccade R	1	24	7164062128	7164082131	20003	1083.36	581.50	1070.18	546.86	0.62	53.62	0.60	30.90	2269.97	-781.92	1081.09
Fixation L	1	25	7164082131	7164370136	288005	1056.71	554.29	32	26	-1	14.16	14.16
Fixation R	1	27	7164082131	7164370136	288005	1056.71	554.29	32	26	-1	15.13	15.13
Saccade L	1	24	7164370136	7164414155	44019	1054.08	549.86	0.00	0.00	31.99	2618.42	0.73	726.82	92198.83	-110402.46	53240.26
Saccade R	1	25	7164370136	7164414155	44019	1054.08	549.86	0.00	0.00	31.99	2618.42	0.73	726.82	92198.83	-110402.46	53240.26
Fixation L	1	26	7164414155	7164822147	407992	0.00	0.00	0	0	-1	9.72	9.72
Fixation R	1	28	7164414155	7164822147	407992	0.00	0.00	0	0	-1	8.13	8.13
Saccade L	1	25	7165153978	7165334441	180463	0.00	0.00	460.60	474.09	98.40	1269.50	0.93	545.26	52968.48	-52594.01	39857.29
Saccade R	1	26	7165153978	7165334441	180463	0.00	0.00	460.60	474.09	98.40	1269.50	0.93	545.26	52968.48	-52594.01	39857.29
Fixation L	1	27	7165334441	7165586389	251948	462.64	471.57	14	27	-1	14.46	14.46
Fixation R	1	29	7165334441	7165586389	251948	462.64	471.57	14	27	-1	15.05	15.05
Saccade L	1	26	7165586389	7165638446	52057	453.09	456.62	410.45	508.59	2.54	113.34	0.31	48.79	5099.32	-2730.95	2367.69
Saccade R	1	27	7165586389	7165638446	52057	453.09	456.62	410.45	508.59	2.54	113.34	0.31	48.79	5099.32	-2730.95	2367.69
Fixation L	1	28	7165638446	7165798448	160002	406.44	495.25	13	21	-1	13.39	13.39
Fixation R	1	30	7165638446	7165798448	160002	406.44	495.25	13	21	-1	13.82	13.82
Saccade L	1	27	7165798448	7165830446	31998	412.86	495.12	372.45	530.44	1.40	100.80	0.37	43.88	4225.70	-3877.91	2696.72
Saccade R	1	28	7165798448	7165830446	31998	412.86	495.12	372.45	530.44	1.40	100.80	0.37	43.88	4225.70	-3877.91	2696.72
Fixation L	1	29	7165830446	7165982333	151887	362.16	541.26	26	23	-1	12.64	12.64
Fixation R	1	31	7165830446	7165982333	151887	362.16	541.26	26	23	-1	13.22	13.22
Saccade L	1	28	7165982333	7166022344	40011	346.95	535.59	401.32	402.84	3.65	235.05	0.30	91.13	10652.60	-9328.38	6032.03
Saccade R	1	29	7165982333	7166022344	40011	346.95	535.59	401.32	402.84	3.65	235.05	0.30	91.13	10652.60	-9328.38	6032.03
Fixation L	1	30	7166022344	7166246333	223989	418.47	390.34	27	19	-1	12.42	12.42
Fixation R	1	32	7166022344	7166246333	223989	418.47	390.34	27	19	-1	13.01	13.01
Saccade L	1	29	7166246333	7166270325	23992	420.23	393.28	415.24	347.54	0.90	76.85	0.50	37.40	3255.70	-2911.92	2297.77
Saccade R	1	30	7166246333	7166270325	23992	420.23	393.28	415.24	347.54	0.90	76.85	0.50	37.40	3255.70	-2911.92	2297.77
Fixation L	1	31	7166270325	7166490326	220001	405.97	348.31	16	16	-1	12.62	12.62
Fixation R	1	33	7166270325	7166490326	220001	405.97	348.31	16	16	-1	13.11	13.11
Saccade L	1	30	7166490326	7166514359	24033	409.88	347.77	380.78	375.63	0.88	66.51	0.50	36.55	3115.43	-2752.12	2109.30
Saccade R	1	31	7166490326	7166514359	24033	409.88	347.77	380.78	375.63	0.88	66.51	0.50	36.55	3115.43	-2752.12	2109.30
Fixation L	1	32	7166514359	7166762340	247981	379.09	402.28	27	49	-1	12.92	12.92
Fixation R	1	34	7166514359	7166762340	247981	379.09	402.28	27	49	-1	13.38	13.38
Saccade L	1	31	7166762340	7166794329	31989	393.06	416.27	345.54	421.98	1.46	105.89	0.38	45.59	4506.59	-3867.02	2603.15
Saccade R	1	32	7166762340	7166794329	31989	393.06	416.27	345.54	421.98	1.46	105.89	0.38	45.59	4506.59	-3867.02	2603.15
Fixation L	1	33	7166794329	7167022339	228010	325.76	419.57	28	15	-1	13.07	13.07
Fixation R	1	35	7166794329	7167022339	228010	325.76	419.57	28	15	-1	13.71	13.71
Saccade L	1	32	7167022339	7167046370	24031	318.31	412.42	293.24	386.47	0.71	48.08	0.50	29.69	2244.07	-2006.16	1571.66
Saccade R	1	33	7167022339	7167046370	24031	318.31	412.42	293.24	386.47	0.71	48.08	0.50	29.69	2244.07	-2006.16	1571.66
Fixation L	1	34	7167046370	7167474251	427881	299.22	398.98	20	34	-1	12.88	12.88
Fixation R	1	36	7167046370	7167474251	427881	299.22	398.98	20	34	-1	13.51	13.51
Saccade L	1	33	7167474251	7167526237	51986	300.17	395.12	251.79	487.54	3.49	171.37	0.23	67.06	8231.24	-6807.92	3909.39
Saccade R	1	34	7167474251	7167526237	51986	300.17	395.12	251.79	487.54	3.49	171.37	0.23	67.06	8231.24	-6807.92	3909.39
Fixation L	1	35	7167526237	7167834255	308018	250.39	496.03	10	16	-1	12.60	12.60
Fixation R	1	37	7167526237	7167834255	308018	250.39	496.03	10	16	-1	13.26	13.26
Saccade L	1	34	7167834255	7167854246	19991	246.50	491.31	236.99	461.60	0.62	46.09	0.60	30.77	2178.05	-1849.82	1424.32
Saccade R	1	35	7167834255	7167854246	19991	246.50	491.31	236.99	461.60	0.62	46.09	0.60	30.77	2178.05	-1849.82	1424.32
Fixation L	1	36	7167854246	7168362244	507998	232.19	450.60	17	22	-1	12.41	12.41
Fixation R	1	38	7167854246	7168362244	507998	232.19	450.60	17	22	-1	13.32	13.32
Saccade L	1	35	7168362244	7168398249	36005	224.90	451.89	277.29	414.18	1.98	132.88	0.44	54.94	5814.83	-4956.81	3535.90
Saccade R	1	36	7168362244	7168398249	36005	224.90	451.89	277.29	414.18	1.98	132.88	0.44	54.94	5814.83	-4956.81	3535.90
Fixation L	1	37	7168398249	7168634263	236014	293.41	413.76	25	10	-1	12.38	12.38
Fixation R	1	39	7168398249	7168634263	236014	293.41	413.76	25	10	-1	13.20	13.20
Saccade L	1	36	7168634263	7168702132	67869	288.58	414.73	1107.26	597.94	18.70	511.92	0.29	275.48	25388.09	-20183.49	12376.56
Saccade R	1	37	7168634263	7168702132	67869	288.58	414.73	1107.26	597.94	18.70	511.92	0.29	275.48	25388.09	-20183.49	12376.56
Fixation L	1	38	7168702132	7168850183	148051	1127.89	599.16	28	18	-1	12.84	12.84
Fixation R	1	40	7168702132	7168850183	148051	1127.89	599.16	28	18	-1	14.18	14.18
Saccade L	1	37	7168850183	7168890131	39948	1127.62	600.54	1174.94	512.12	2.84	183.16	0.40	70.97	8338.91	-6826.51	4649.24
Saccade R	1	38	7168850183	7168890131	39948	1127.62	600.54	1174.94	512.12	2.84	183.16	0.40	70.97	8338.91	-6826.51	4649.24
Fixation L	1	39	7168890131	7169050147	160016	1174.85	500.65	18	25	-1	12.61	12.61
Fixation R	1	41	7168890131	7169050147	160016	1174.85	500.65	18	25	-1	13.78	13.78
Saccade L	1	38	7169050147	7169086148	36001	1167.15	496.54	1224.84	510.48	2.01	146.07	0.33	55.70	6155.99	-5030.39	3335.67
Saccade R	1	39	7169050147	7169086148	36001	1167.15	496.54	1224.84	510.48	2.01	146.07	0.33	55.70	6155.99	-5030.39	3335.67
Fixation L	1	40	7169086148	7169266186	180038	1236.77	514.76	18	9	-1	11.69	11.69
Fixation R	1	42	7169086148	7169266186	180038	1236.77	514.76	18	9	-1	12.70	12.70
Saccade L	1	39	7169266186	7169290156	23970	1238.17	509.44	1227.59	590.72	1.48	120.57	0.50	61.80	5548.54	-4416.30	3620.28
Saccade R	1	40	7169266186	7169290156	23970	1238.17	509.44	1227.59	590.72	1.48	120.57	0.50	61.80	5548.54	-4416.30	3620.28
Fixation L	1	41	7169290156	7169594143	303987	1217.09	579.98	22	25	-1	11.56	11.56
Fixation R	1	43	7169290156	7169594143	303987	1217.09	579.98	22	25	-1	12.20	12.20
Saccade L	1	40	7169594143	7169618187	24044	1214.24	576.58	1163.69	585.78	1.18	107.76	0.50	49.04	4412.54	-4068.13	3104.72
Saccade R	1	41	7169594143	7169618187	24044	1214.24	576.58	1163.69	585.78	1.18	107.76	0.50	49.04	4412.54	-4068.13	3104.72
Fixation L	1	42	7169618187	7169890184	271997	1152.85	586.32	14	29	-1	11.70	11.70
Fixation R	1	44	7169618187	7169890184	271997	1152.85	586.32	14	29	-1	12.19	12.19
Saccade L	1	41	7169890184	7169918155	27971	1151.76	576.85	1165.11	671.48	2.00	146.25	0.57	71.68	7081.54	-6449.26	5056.06
Saccade R	1	42	7169890184	7169918155	27971	1151.76	576.85	1165.11	671.48	2.00	146.25	0.57	71.68	7081.54	-6449.26	5056.06
Fixation L	1	43	7169918155	7170146090	227935	1173.99	678.78	22	22	-1	12.00	12.00
Fixation R	1	45	7169918155	7170146090	227935	1173.99	678.78	22	22	-1	12.43	12.43
Saccade L	1	42	7170146090	7170170036	23946	1173.22	687.22	1031.34	688.45	2.64	232.49	0.50	110.40	10717.69	-8603.83	6946.61
Saccade R	1	43	7170146090	7170170036	23946	1173.22	687.22	1031.34	688.45	2.64	232.49	0.50	110.40	10717.69	-8603.83	6946.61
Fixation L	1	44	7170170036	7170278039	108003	1057.06	681.78	39	10	-1	12.12	12.12
Fixation R	1	46	7170170036	7170382061	212025	667.63	419.41	1443	688	-1	11.33	11.33
Saccade L	1	43	7170278039	7170314064	36025	1053.57	679.63	0.00	0.00	29.04	2619.64	0.67	806.18	101835.47	-112038.67	62670.64
Fixation L	1	45	7170314064	7170382061	67997	0.00	0.00	0	0	-1	8.15	8.15
Saccade L	1	44	7170382061	7170434056	51995	0.00	0.00	1022.83	596.54	28.24	2294.29	0.23	543.20	100242.38	-80449.67	37564.16
Saccade R	1	44	7170382061	7170434056	51995	0.00	0.00	1022.83	596.54	28.24	2294.29	0.23	543.20	100242.38	-80449.67	37564.16
Saccade L	1	45	7170446058	7170498077	52019	1027.24	591.30	1038.24	660.47	1.62	58.04	0.46	31.19	1910.75	-1559.97	1193.30
Saccade R	1	45	7170446058	7170498077	52019	1027.24	591.30	1038.24	660.47	1.62	58.04	0.46	31.19	1910.75	-1559.97	1193.30
Fixation L	1	46	7170498077	7170582066	83989	1035.16	664.93	5	14	-1	12.09	12.09
Fixation R	1	47	7170498077	7170582066	83989	1035.16	664.93	5	14	-1	12.31	12.31
Saccade L	1	46	7170610065	7170630046	19981	1028.30	678.13	1001.54	680.92	0.54	44.88	0.60	27.22	511.93	-1620.46	804.19
Saccade R	1	46	7170610065	7170630046	19981	1028.30	678.13	1001.54	680.92	0.54	44.88	0.60	27.22	511.93	-1620.46	804.19
Fixation L	1	47	7170630046	7170698039	67993	999.93	691.63	12	20	-1	12.35	12.35
Fixation R	1	48	7170630046	7170698039	67993	999.93	691.63	12	20	-1	12.80	12.80
Saccade R	1	47	7170698039	7170742079	44040	999.81	699.11	0.00	0.00	26.21	1956.29	0.73	595.25	81974.36	-86470.19	46321.66
Fixation R	1	49	7170742079	7171138066	395987	0.00	0.00	0	0	-1	5.35	5.35
Saccade R	1	48	7171138066	7171404192	266126	0.00	0.00	972.65	676.66	228.77	2267.69	0.94	859.62	95519.49	-94032.93	69340.57
Fixation L	1	48	7171404192	7171512164	107972	963.74	702.01	19	42	-1	14.12	14.12
Fixation R	1	50	7171404192	7171512164	107972	963.74	702.01	19	42	-1	14.50	14.50
Saccade L	1	47	7171512164	7171532165	20001	954.33	717.03	976.96	708.84	0.62	49.64	0.40	30.81	2182.00	-1786.57	1437.02
Saccade R	1	49	7171512164	7171532165	20001	954.33	717.03	976.96	708.84	0.62	49.64	0.40	30.81	2182.00	-1786.57	1437.02
Fixation L	1	49	7171532165	7171656181	124016	988.82	696.03	18	17	-1	14.06	14.06
Fixation R	1	51	7171532165	7171656181	124016	988.82	696.03	18	17	-1	14.79	14.79
Saccade L	1	48	7171656181	7171680165	23984	996.44	699.57	1055.05	705.65	1.31	113.55	0.50	54.44	4948.84	-4591.06	3435.69
Saccade R	1	50	7171656181	7171680165	23984	996.44	699.57	1055.05	705.65	1.31	113.55	0.50	54.44	4948.84	-4591.06	3435.69
Fixation L	1	50	7171680165	7171880169	200004	1051.74	693.12	23	20	-1	13.12	13.12
Fixation R	1	52	7171680165	7171880169	200004	1051.74	693.12	23	20	-1	13.85	13.85
Saccade L	1	49	7171880169	7171932190	52021	1050.27	686.23	513.20	575.51	11.88	444.77	0.38	228.46	21644.48	-17399.03	13246.61
Saccade R	1	51	7171880169	7171932190	52021	1050.27	686.23	513.20	575.51	11.88	444.77	0.38	228.46	21644.48	-17399.03	13246.61
Fixation L	1	51	7171932190	7172120086	187896	506.82	553.81	23	34	-1	12.05	12.05
Fixation R	1	53	7171932190	7172120086	187896	506.82	553.81	23	34	-1	12.46	12.46
Saccade L	1	50	7172120086	7172152084	31998	496.95	546.27	493.12	370.53	3.58	257.85	0.38	111.87	12058.93	-10882.84	7581.73
Saccade R	1	52	7172120086	7172152084	31998	496.95	546.27	493.12	370.53	3.58	257.85	0.38	111.87	12058.93	-10882.84	7581.73
