[BeGaze]
Converted from:	D:\Kirillov\Results\ermolova_temp\Nastya 05-eye_data.idf
Date:	17.04.2019 03:52:57
Version:	BeGaze 3.0.181
Sample Rate:	250
Subject:	Nastya 05
Description:	Run16

Table Header for Fixations:
Event Type	Trial	Number	Start	End	Duration	Location X	Location Y	Dispersion X	Dispersion Y	Plane	Avg. Pupil Size X	Avg. Pupil Size Y

Table Header for Saccades:
Event Type	Trial	Number	Start	End	Duration	Start Loc.X	Start Loc.Y	End Loc.X	End Loc.Y	Amplitude	Peak Speed	Peak Speed At	Average Speed	Peak Accel.	Peak Decel.	Average Accel.

Table Header for User Events:
Event Type	Trial	Number	Start	Description

UserEvent	1	1	4001107621	# Message: experiment-14.jpg
Fixation L	1	1	4001108172	4001376114	267942	758.42	504.25	24	33	-1	15.22	15.22
Fixation R	1	1	4001108172	4001376114	267942	758.42	504.25	24	33	-1	16.64	16.64
Saccade L	1	1	4001376114	4001400181	24067	764.77	485.74	937.78	419.12	3.59	308.73	0.50	149.35	13943.61	-13048.90	9879.04
Saccade R	1	1	4001376114	4001400181	24067	764.77	485.74	937.78	419.12	3.59	308.73	0.50	149.35	13943.61	-13048.90	9879.04
Fixation L	1	2	4001400181	4001548182	148001	948.04	424.30	36	43	-1	14.91	14.91
Fixation R	1	2	4001400181	4001548182	148001	948.04	424.30	36	43	-1	16.21	16.21
Saccade L	1	2	4001548182	4001568212	20030	962.38	408.70	916.20	390.10	0.86	73.50	0.60	43.04	2742.27	-2710.47	1912.31
Saccade R	1	2	4001548182	4001568212	20030	962.38	408.70	916.20	390.10	0.86	73.50	0.60	43.04	2742.27	-2710.47	1912.31
Fixation L	1	3	4001568212	4001768049	199837	918.36	383.02	23	14	-1	13.67	13.67
Fixation R	1	3	4001568212	4001768049	199837	918.36	383.02	23	14	-1	15.00	15.00
Saccade L	1	3	4001768049	4001820060	52011	916.21	374.91	475.71	310.26	9.92	330.19	0.23	190.64	16233.16	-14258.43	8183.14
Saccade R	1	3	4001768049	4001820060	52011	916.21	374.91	475.71	310.26	9.92	330.19	0.23	190.64	16233.16	-14258.43	8183.14
Fixation L	1	4	4001820060	4002140077	320017	454.29	315.67	38	29	-1	12.99	12.99
Fixation R	1	4	4001820060	4002140077	320017	454.29	315.67	38	29	-1	14.19	14.19
Saccade L	1	4	4002140077	4002200094	60017	436.68	315.73	957.44	467.95	11.99	404.42	0.27	199.70	18893.67	-11257.65	8820.55
Saccade R	1	4	4002140077	4002200094	60017	436.68	315.73	957.44	467.95	11.99	404.42	0.27	199.70	18893.67	-11257.65	8820.55
Fixation L	1	5	4002200094	4002720113	520019	984.65	489.28	57	35	-1	13.49	13.49
Fixation R	1	5	4002200094	4002720113	520019	984.65	489.28	57	35	-1	14.80	14.80
Fixation L	1	6	4002968080	4003123957	155877	1002.63	582.73	33	28	-1	13.26	13.26
Fixation R	1	6	4002968080	4003123957	155877	1002.63	582.73	33	28	-1	14.87	14.87
Saccade L	1	5	4003123957	4003152013	28056	1004.30	591.91	940.23	586.53	1.43	107.01	0.57	50.99	5206.25	-4829.78	3640.85
Saccade R	1	5	4003123957	4003152013	28056	1004.30	591.91	940.23	586.53	1.43	107.01	0.57	50.99	5206.25	-4829.78	3640.85
Fixation L	1	7	4003152013	4003263981	111968	933.49	588.24	15	10	-1	13.81	13.81
Fixation R	1	7	4003152013	4003263981	111968	933.49	588.24	15	10	-1	15.17	15.17
Saccade L	1	6	4003263981	4003323965	59984	934.92	587.23	462.09	451.28	11.01	312.73	0.27	183.57	15485.57	-13395.20	8040.99
Saccade R	1	6	4003263981	4003323965	59984	934.92	587.23	462.09	451.28	11.01	312.73	0.27	183.57	15485.57	-13395.20	8040.99
Fixation L	1	8	4003323965	4003463998	140033	448.51	412.68	34	53	-1	13.65	13.65
Fixation R	1	8	4003323965	4003463998	140033	448.51	412.68	34	53	-1	14.80	14.80
Saccade L	1	7	4003463998	4003507997	43999	436.00	398.10	443.23	246.63	3.39	133.26	0.64	76.96	5128.96	-5890.22	3231.12
Saccade R	1	7	4003463998	4003507997	43999	436.00	398.10	443.23	246.63	3.39	133.26	0.64	76.96	5128.96	-5890.22	3231.12
Fixation L	1	9	4003507997	4003639987	131990	445.72	230.57	25	25	-1	13.42	13.42
Fixation R	1	9	4003507997	4003639987	131990	445.72	230.57	25	25	-1	14.67	14.67
Saccade L	1	8	4003639987	4003687967	47980	436.98	227.09	433.12	121.08	2.58	130.61	0.25	53.73	5718.20	-2897.85	2629.11
Saccade R	1	8	4003639987	4003687967	47980	436.98	227.09	433.12	121.08	2.58	130.61	0.25	53.73	5718.20	-2897.85	2629.11
Fixation L	1	10	4003687967	4003815971	128004	442.74	112.75	27	13	-1	13.53	13.53
Fixation R	1	10	4003687967	4003815971	128004	442.74	112.75	27	13	-1	14.89	14.89
Saccade L	1	9	4003815971	4003855979	40008	452.69	121.39	461.74	55.59	1.49	74.84	0.30	37.21	3435.64	-1742.32	1435.26
Saccade R	1	9	4003815971	4003855979	40008	452.69	121.39	461.74	55.59	1.49	74.84	0.30	37.21	3435.64	-1742.32	1435.26
Fixation L	1	11	4003855979	4004163994	308015	482.44	48.01	42	24	-1	13.84	13.84
Fixation R	1	11	4003855979	4004163994	308015	482.44	48.01	42	24	-1	15.05	15.05
Saccade L	1	10	4004163994	4004191899	27905	484.24	53.69	497.12	84.34	0.75	41.12	0.43	26.92	1606.03	-940.77	959.21
Saccade R	1	10	4004163994	4004191899	27905	484.24	53.69	497.12	84.34	0.75	41.12	0.43	26.92	1606.03	-940.77	959.21
Fixation L	1	12	4004191899	4004539874	347975	500.33	102.15	37	31	-1	13.92	13.92
Fixation R	1	12	4004191899	4004539874	347975	500.33	102.15	37	31	-1	15.40	15.40
Saccade L	1	11	4004539874	4004583872	43998	505.53	116.41	546.70	102.10	2.22	95.43	0.27	50.47	3979.54	-2423.41	1946.33
Saccade R	1	11	4004539874	4004583872	43998	505.53	116.41	546.70	102.10	2.22	95.43	0.27	50.47	3979.54	-2423.41	1946.33
Fixation L	1	13	4004583872	4004647900	64028	547.64	113.23	14	32	-1	14.38	14.38
Fixation R	1	13	4004583872	4004647900	64028	547.64	113.23	14	32	-1	15.79	15.79
Saccade L	1	12	4004647900	4004707863	59963	548.23	128.47	1111.36	409.78	14.13	467.74	0.27	235.59	22362.99	-14064.25	10767.68
Saccade R	1	12	4004647900	4004707863	59963	548.23	128.47	1111.36	409.78	14.13	467.74	0.27	235.59	22362.99	-14064.25	10767.68
Saccade L	1	13	4004707863	4004731890	24027	1111.36	409.78	1156.63	424.98	0.79	57.65	0.50	32.75	1501.94	-4658.07	1818.01
Saccade R	1	13	4004707863	4004731890	24027	1111.36	409.78	1156.63	424.98	0.79	57.65	0.50	32.75	1501.94	-4658.07	1818.01
Fixation L	1	14	4004731890	4004859885	127995	1151.97	433.88	16	15	-1	14.45	14.45
Fixation R	1	14	4004731890	4004859885	127995	1151.97	433.88	16	15	-1	16.42	16.42
Fixation L	1	15	4004875873	4005071915	196042	1184.96	422.46	19	28	-1	14.55	14.55
Fixation R	1	15	4004875873	4005071915	196042	1184.96	422.46	19	28	-1	16.72	16.72
Saccade L	1	14	4005071915	4005107873	35958	1193.91	419.57	1176.61	490.04	2.15	145.23	0.33	59.66	6535.80	-5320.95	3376.63
Saccade R	1	14	4005071915	4005107873	35958	1193.91	419.57	1176.61	490.04	2.15	145.23	0.33	59.66	6535.80	-5320.95	3376.63
Fixation L	1	16	4005107873	4005503812	395939	1185.18	506.86	48	23	-1	14.10	14.10
Fixation R	1	16	4005107873	4005503812	395939	1185.18	506.86	48	23	-1	15.95	15.95
Saccade L	1	15	4005503812	4005555902	52090	1214.45	510.81	1138.28	556.68	3.76	151.11	0.23	72.24	6896.77	-3644.32	2855.33
Saccade R	1	15	4005503812	4005555902	52090	1214.45	510.81	1138.28	556.68	3.76	151.11	0.23	72.24	6896.77	-3644.32	2855.33
Fixation L	1	17	4005555902	4005735893	179991	1143.35	560.29	29	19	-1	14.66	14.66
Fixation R	1	17	4005555902	4005735893	179991	1143.35	560.29	29	19	-1	16.45	16.45
Saccade L	1	16	4005735893	4005775895	40002	1161.08	550.27	1086.60	540.02	2.29	139.07	0.30	57.27	6400.12	-4947.32	3444.83
Saccade R	1	16	4005735893	4005775895	40002	1161.08	550.27	1086.60	540.02	2.29	139.07	0.30	57.27	6400.12	-4947.32	3444.83
Fixation L	1	18	4005775895	4006103797	327902	1078.23	545.44	16	18	-1	14.90	14.90
Fixation R	1	18	4005775895	4006103797	327902	1078.23	545.44	16	18	-1	16.74	16.74
Fixation L	1	19	4006119767	4006279782	160015	1076.95	522.78	13	20	-1	14.98	14.98
Fixation R	1	19	4006119767	4006279782	160015	1076.95	522.78	13	20	-1	16.90	16.90
Saccade L	1	17	4006279782	4006303793	24011	1086.03	516.29	1091.20	554.34	1.04	91.12	0.50	43.39	3771.42	-3336.99	2516.32
Saccade R	1	17	4006279782	4006303793	24011	1086.03	516.29	1091.20	554.34	1.04	91.12	0.50	43.39	3771.42	-3336.99	2516.32
Fixation L	1	20	4006303793	4006471796	168003	1092.77	573.63	11	25	-1	14.82	14.82
Fixation R	1	20	4006303793	4006471796	168003	1092.77	573.63	11	25	-1	16.93	16.93
Saccade L	1	18	4006471796	4006491793	19997	1090.58	573.03	1140.67	591.34	0.93	95.85	0.60	46.68	3807.68	-2754.24	2197.67
Saccade R	1	18	4006471796	4006491793	19997	1090.58	573.03	1140.67	591.34	0.93	95.85	0.60	46.68	3807.68	-2754.24	2197.67
Fixation L	1	21	4006491793	4006759792	267999	1141.81	597.43	42	18	-1	14.86	14.86
Fixation R	1	21	4006491793	4006759792	267999	1141.81	597.43	42	18	-1	16.72	16.72
Saccade L	1	19	4006759792	4006787787	27995	1147.44	599.79	1176.31	592.43	1.16	83.76	0.43	41.48	3905.00	-2721.98	1876.55
Saccade R	1	19	4006759792	4006787787	27995	1147.44	599.79	1176.31	592.43	1.16	83.76	0.43	41.48	3905.00	-2721.98	1876.55
Fixation L	1	22	4006787787	4006927729	139942	1188.64	595.69	17	23	-1	14.69	14.69
Fixation R	1	22	4006787787	4006927729	139942	1188.64	595.69	17	23	-1	16.78	16.78
Saccade L	1	20	4006927729	4006963808	36079	1182.31	607.49	1150.49	533.60	1.66	89.08	0.44	46.03	3982.32	-3197.68	2471.48
Saccade R	1	20	4006927729	4006963808	36079	1182.31	607.49	1150.49	533.60	1.66	89.08	0.44	46.03	3982.32	-3197.68	2471.48
Fixation L	1	23	4006963808	4007119707	155899	1147.35	523.15	17	18	-1	14.62	14.62
Fixation R	1	23	4006963808	4007119707	155899	1147.35	523.15	17	18	-1	16.37	16.37
Saccade L	1	21	4007119707	4007151713	32006	1151.62	522.19	944.65	526.59	4.21	277.13	0.63	131.52	12881.00	-10702.92	8809.08
Saccade R	1	21	4007119707	4007151713	32006	1151.62	522.19	944.65	526.59	4.21	277.13	0.63	131.52	12881.00	-10702.92	8809.08
Fixation L	1	24	4007183805	4007359717	175912	959.74	537.54	12	10	-1	14.64	14.64
Fixation R	1	24	4007183805	4007359717	175912	959.74	537.54	12	10	-1	16.22	16.22
Saccade L	1	22	4007359717	4007403673	43956	960.11	535.61	1113.31	516.75	4.57	229.84	0.27	103.99	10906.66	-8217.41	5931.56
Saccade R	1	22	4007359717	4007403673	43956	960.11	535.61	1113.31	516.75	4.57	229.84	0.27	103.99	10906.66	-8217.41	5931.56
Saccade L	1	23	4007403673	4007423688	20015	1113.31	516.75	1146.90	519.29	0.58	48.28	0.40	28.89	-661.95	-1872.00	1191.70
Saccade R	1	23	4007403673	4007423688	20015	1113.31	516.75	1146.90	519.29	0.58	48.28	0.40	28.89	-661.95	-1872.00	1191.70
Fixation L	1	25	4007423688	4007771714	348026	1148.10	512.33	36	40	-1	14.62	14.62
Fixation R	1	25	4007423688	4007771714	348026	1148.10	512.33	36	40	-1	16.31	16.31
Saccade L	1	24	4007771714	4007839688	67974	1160.40	502.46	561.07	219.24	15.07	431.37	0.53	221.67	17974.92	-15500.65	9475.91
Saccade R	1	24	4007771714	4007839688	67974	1160.40	502.46	561.07	219.24	15.07	431.37	0.53	221.67	17974.92	-15500.65	9475.91
Saccade L	1	25	4007839688	4007871710	32022	561.07	219.24	507.24	205.60	0.94	48.26	0.25	29.25	628.20	-2649.71	1016.82
Saccade R	1	25	4007839688	4007871710	32022	561.07	219.24	507.24	205.60	0.94	48.26	0.25	29.25	628.20	-2649.71	1016.82
Fixation L	1	26	4007871710	4007943704	71994	505.60	231.13	18	44	-1	14.54	14.54
Fixation R	1	26	4007871710	4007943704	71994	505.60	231.13	18	44	-1	15.84	15.84
Saccade L	1	26	4007943704	4007975698	31994	502.33	249.46	491.43	119.35	2.66	150.13	0.37	83.01	7019.08	-5361.80	4228.93
Saccade R	1	26	4007943704	4007975698	31994	502.33	249.46	491.43	119.35	2.66	150.13	0.37	83.01	7019.08	-5361.80	4228.93
Saccade L	1	27	4007991720	4008023719	31999	463.67	163.40	458.11	157.57	1.30	80.15	0.50	40.72	252.12	-2063.08	1140.03
Saccade R	1	27	4007991720	4008023719	31999	463.67	163.40	458.11	157.57	1.30	80.15	0.50	40.72	252.12	-2063.08	1140.03
Fixation L	1	27	4008023719	4008403687	379968	475.72	111.72	37	59	-1	14.22	14.22
Fixation R	1	27	4008023719	4008403687	379968	475.72	111.72	37	59	-1	15.50	15.50
