[BeGaze]
Converted from:	D:\Kirillov\Results\ermolova_temp\Daniil-eye_data.idf
Date:	17.04.2019 03:53:00
Version:	BeGaze 3.0.181
Sample Rate:	250
Subject:	Daniil
Description:	Run17

Table Header for Fixations:
Event Type	Trial	Number	Start	End	Duration	Location X	Location Y	Dispersion X	Dispersion Y	Plane	Avg. Pupil Size X	Avg. Pupil Size Y

Table Header for Saccades:
Event Type	Trial	Number	Start	End	Duration	Start Loc.X	Start Loc.Y	End Loc.X	End Loc.Y	Amplitude	Peak Speed	Peak Speed At	Average Speed	Peak Accel.	Peak Decel.	Average Accel.

Table Header for User Events:
Event Type	Trial	Number	Start	Description

UserEvent	1	1	4662249585	# Message: Questionnaire15.jpg
Fixation L	1	1	4662251004	4662343005	92001	910.25	593.98	41	11	-1	12.93	12.93
Fixation R	1	1	4662251004	4662343005	92001	910.25	593.98	41	11	-1	12.85	12.85
Saccade L	1	1	4662343005	4662415001	71996	941.39	598.44	467.71	268.35	12.72	399.42	0.33	176.62	16566.54	-9256.69	8343.40
Saccade R	1	1	4662343005	4662415001	71996	941.39	598.44	467.71	268.35	12.72	399.42	0.33	176.62	16566.54	-9256.69	8343.40
Fixation L	1	2	4662415001	4662547016	132015	472.66	250.78	10	30	-1	12.58	12.58
Fixation R	1	2	4662415001	4662547016	132015	472.66	250.78	10	30	-1	12.59	12.59
Saccade L	1	2	4662547016	4662575010	27994	464.55	238.24	409.19	230.90	1.17	81.20	0.43	41.75	3573.68	-2959.49	2261.61
Saccade R	1	2	4662547016	4662575010	27994	464.55	238.24	409.19	230.90	1.17	81.20	0.43	41.75	3573.68	-2959.49	2261.61
Saccade L	1	3	4662575010	4662603095	28085	409.19	230.90	454.24	228.95	1.21	106.43	0.57	42.98	3261.71	-3369.54	2047.53
Saccade R	1	3	4662575010	4662603095	28085	409.19	230.90	454.24	228.95	1.21	106.43	0.57	42.98	3261.71	-3369.54	2047.53
Saccade L	1	4	4662603095	4662643021	39926	454.24	228.95	416.72	278.48	1.62	93.54	0.50	40.47	3738.29	-3703.05	2253.36
Saccade R	1	4	4662603095	4662643021	39926	454.24	228.95	416.72	278.48	1.62	93.54	0.50	40.47	3738.29	-3703.05	2253.36
Saccade L	1	5	4662663033	4662703033	40000	406.35	285.67	475.28	330.91	1.83	65.97	0.70	45.85	2476.41	-1767.04	1433.16
Saccade R	1	5	4662663033	4662703033	40000	406.35	285.67	475.28	330.91	1.83	65.97	0.70	45.85	2476.41	-1767.04	1433.16
Saccade L	1	6	4662703033	4662731037	28004	475.28	330.91	421.17	288.24	1.38	95.78	0.29	49.29	2112.40	-3994.31	2225.03
Saccade R	1	6	4662703033	4662731037	28004	475.28	330.91	421.17	288.24	1.38	95.78	0.29	49.29	2112.40	-3994.31	2225.03
Fixation L	1	3	4662731037	4662947051	216014	402.70	310.53	24	43	-1	12.72	12.72
Fixation R	1	3	4662731037	4662947051	216014	402.70	310.53	24	43	-1	12.81	12.81
Saccade L	1	7	4662947051	4662987023	39972	397.87	331.24	406.17	343.86	2.75	147.29	0.60	68.92	5815.61	-5737.50	3174.61
Saccade R	1	7	4662947051	4662987023	39972	397.87	331.24	406.17	343.86	2.75	147.29	0.60	68.92	5815.61	-5737.50	3174.61
Saccade L	1	8	4662995054	4663031019	35965	403.19	347.08	347.42	319.67	1.43	79.92	0.33	39.74	2910.86	-2475.29	1731.60
Saccade R	1	8	4662995054	4663031019	35965	403.19	347.08	347.42	319.67	1.43	79.92	0.33	39.74	2910.86	-2475.29	1731.60
Saccade L	1	9	4663031019	4663051017	19998	347.42	319.67	395.64	325.43	0.88	77.38	0.40	43.89	1571.13	-2718.45	1469.54
Saccade R	1	9	4663031019	4663051017	19998	347.42	319.67	395.64	325.43	0.88	77.38	0.40	43.89	1571.13	-2718.45	1469.54
Fixation L	1	4	4663051017	4663682971	631954	394.97	333.71	33	40	-1	12.90	12.90
Fixation R	1	4	4663051017	4663682971	631954	394.97	333.71	33	40	-1	13.03	13.03
UserEvent	1	2	4663252534	# Message: UE-mouseclick left x=414 y=344
UserEvent	1	3	4663556584	# Message: UE-mouseclick left x=393 y=386
