[BeGaze]
Converted from:	D:\Kirillov\Results\ermolova_temp\Polina 04-eye_data.idf
Date:	17.04.2019 03:53:37
Version:	BeGaze 3.0.181
Sample Rate:	250
Subject:	Polina 04
Description:	Run28

Table Header for Fixations:
Event Type	Trial	Number	Start	End	Duration	Location X	Location Y	Dispersion X	Dispersion Y	Plane	Avg. Pupil Size X	Avg. Pupil Size Y

Table Header for Saccades:
Event Type	Trial	Number	Start	End	Duration	Start Loc.X	Start Loc.Y	End Loc.X	End Loc.Y	Amplitude	Peak Speed	Peak Speed At	Average Speed	Peak Accel.	Peak Decel.	Average Accel.

Table Header for User Events:
Event Type	Trial	Number	Start	Description

UserEvent	1	1	12509476731	# Message: experiment-05.jpg
Fixation L	1	1	12509478172	12509758196	280024	374.06	260.80	14	38	-1	15.83	15.83
Fixation R	1	1	12509478172	12509758196	280024	374.06	260.80	14	38	-1	16.38	16.38
Saccade L	1	1	12509758196	12509814192	55996	377.80	278.97	985.88	481.29	13.83	399.38	0.57	246.95	19059.70	-18097.06	11905.10
Saccade R	1	1	12509758196	12509814192	55996	377.80	278.97	985.88	481.29	13.83	399.38	0.57	246.95	19059.70	-18097.06	11905.10
Fixation L	1	2	12509814192	12510114197	300005	998.31	467.95	34	21	-1	14.61	14.61
Fixation R	1	2	12509814192	12510114197	300005	998.31	467.95	34	21	-1	15.64	15.64
Saccade L	1	2	12510114197	12510150184	35987	1016.61	461.85	1075.26	454.22	1.24	66.26	0.33	34.55	2836.79	-2216.80	1794.30
Saccade R	1	2	12510114197	12510150184	35987	1016.61	461.85	1075.26	454.22	1.24	66.26	0.33	34.55	2836.79	-2216.80	1794.30
Fixation L	1	3	12510150184	12510518074	367890	1071.68	446.67	16	17	-1	13.43	13.43
Fixation R	1	3	12510150184	12510518074	367890	1071.68	446.67	16	17	-1	14.21	14.21
Saccade L	1	3	12510518074	12510598077	80003	1067.85	445.87	474.55	368.36	13.70	328.47	0.55	171.30	9586.04	-12565.95	6916.99
Saccade R	1	3	12510518074	12510598077	80003	1067.85	445.87	474.55	368.36	13.70	328.47	0.55	171.30	9586.04	-12565.95	6916.99
Fixation L	1	4	12510598077	12510986084	388007	473.24	383.60	19	35	-1	13.62	13.62
Fixation R	1	4	12510598077	12510986084	388007	473.24	383.60	19	35	-1	13.98	13.98
Saccade L	1	4	12510986084	12511014100	28016	479.63	394.69	461.30	495.04	2.08	148.02	0.43	74.29	6747.07	-6480.43	4955.69
Saccade R	1	4	12510986084	12511014100	28016	479.63	394.69	461.30	495.04	2.08	148.02	0.43	74.29	6747.07	-6480.43	4955.69
Fixation L	1	5	12511014100	12511370122	356022	343.28	372.86	558	521	-1	13.28	13.28
Fixation R	1	5	12511014100	12511258025	243925	460.93	501.88	16	14	-1	15.13	15.13
Fixation L	1	6	12511450090	12511753979	303889	1058.87	503.86	41	24	-1	15.68	15.68
Fixation R	1	6	12511450090	12511753979	303889	1058.87	503.86	41	24	-1	16.30	16.30
Saccade L	1	5	12511753979	12511777989	24010	1046.46	490.71	1044.43	535.23	0.90	73.81	0.50	37.52	3166.63	-2812.78	2170.15
Saccade R	1	5	12511753979	12511777989	24010	1046.46	490.71	1044.43	535.23	0.90	73.81	0.50	37.52	3166.63	-2812.78	2170.15
Fixation L	1	7	12511777989	12512006004	228015	1055.44	543.31	20	22	-1	15.42	15.42
Fixation R	1	7	12511777989	12512006004	228015	1055.44	543.31	20	22	-1	16.08	16.08
Saccade L	1	6	12512006004	12512033996	27992	1058.06	543.05	1065.87	665.38	2.46	175.96	0.43	87.86	8002.46	-8357.74	6086.98
Saccade R	1	6	12512006004	12512033996	27992	1058.06	543.05	1065.87	665.38	2.46	175.96	0.43	87.86	8002.46	-8357.74	6086.98
Fixation L	1	8	12512033996	12512302003	268007	1065.57	668.75	10	31	-1	15.78	15.78
Fixation R	1	8	12512033996	12512302003	268007	1065.57	668.75	10	31	-1	16.14	16.14
Saccade L	1	7	12512302003	12512341998	39995	1062.52	648.12	1050.87	585.57	1.34	60.80	0.40	33.47	2516.02	-1930.22	1591.36
Saccade R	1	7	12512302003	12512341998	39995	1062.52	648.12	1050.87	585.57	1.34	60.80	0.40	33.47	2516.02	-1930.22	1591.36
Fixation L	1	9	12512341998	12512430017	88019	1056.07	583.29	9	9	-1	15.76	15.76
Fixation R	1	9	12512341998	12512430017	88019	1056.07	583.29	9	9	-1	16.20	16.20
Saccade L	1	8	12512430017	12512493917	63900	1060.93	591.98	461.23	518.39	13.27	362.85	0.31	207.74	17399.40	-12770.15	9453.83
Saccade R	1	8	12512430017	12512493917	63900	1060.93	591.98	461.23	518.39	13.27	362.85	0.31	207.74	17399.40	-12770.15	9453.83
Fixation L	1	10	12512493917	12512738019	244102	450.85	507.56	31	23	-1	15.55	15.55
Fixation R	1	10	12512493917	12512738019	244102	450.85	507.56	31	23	-1	15.67	15.67
Fixation L	1	11	12512937922	12513357882	419960	503.81	508.34	23	28	-1	16.06	16.06
Fixation R	1	11	12512937922	12513357882	419960	503.81	508.34	23	28	-1	16.79	16.79
Fixation L	1	12	12513593907	12513873887	279980	587.15	443.26	30	22	-1	16.16	16.16
Fixation R	1	12	12513593907	12513873887	279980	587.15	443.26	30	22	-1	17.03	17.03
Saccade L	1	9	12513873887	12513913834	39947	576.30	440.75	430.74	437.68	3.00	177.37	0.30	75.15	8524.40	-6995.13	4980.67
Saccade R	1	9	12513873887	12513913834	39947	576.30	440.75	430.74	437.68	3.00	177.37	0.30	75.15	8524.40	-6995.13	4980.67
Fixation L	1	13	12513913834	12514697825	783991	419.36	426.20	43	27	-1	16.54	16.54
Fixation R	1	13	12513913834	12514697825	783991	419.36	426.20	43	27	-1	17.36	17.36
Saccade L	1	10	12514697825	12514769819	71994	412.48	422.75	1063.67	435.90	14.29	353.55	0.28	198.53	16879.19	-8489.41	7505.61
Saccade R	1	10	12514697825	12514769819	71994	412.48	422.75	1063.67	435.90	14.29	353.55	0.28	198.53	16879.19	-8489.41	7505.61
Fixation L	1	14	12514769819	12515269814	499995	775.38	332.61	1367	732	-1	14.74	14.74
Fixation R	1	14	12514769819	12515109819	340000	1062.54	452.26	31	59	-1	17.33	17.33
Fixation L	1	15	12515369833	12516169702	799869	1049.88	462.20	30	32	-1	15.58	15.58
Fixation R	1	15	12515369833	12516169702	799869	1049.88	462.20	30	32	-1	16.22	16.22
Saccade L	1	11	12516169702	12516205723	36021	1055.83	457.11	1057.05	579.90	2.55	155.72	0.44	70.86	7231.47	-6482.50	4720.65
Saccade R	1	11	12516169702	12516205723	36021	1055.83	457.11	1057.05	579.90	2.55	155.72	0.44	70.86	7231.47	-6482.50	4720.65
Fixation L	1	16	12516205723	12516709736	504013	1063.66	579.05	21	31	-1	15.60	15.60
Fixation R	1	16	12516205723	12516709736	504013	1063.66	579.05	21	31	-1	16.03	16.03
Saccade L	1	12	12516709736	12516773633	63897	1069.65	570.08	552.52	489.88	11.69	337.48	0.44	182.96	16094.91	-13892.90	8970.37
Saccade R	1	12	12516709736	12516773633	63897	1069.65	570.08	552.52	489.88	11.69	337.48	0.44	182.96	16094.91	-13892.90	8970.37
Fixation L	1	17	12516773633	12516957721	184088	532.99	497.19	32	34	-1	15.64	15.64
Fixation R	1	17	12516773633	12516957721	184088	532.99	497.19	32	34	-1	16.11	16.11
Saccade L	1	13	12516957721	12516977732	20011	532.50	514.94	469.86	523.89	1.25	110.94	0.60	62.26	5029.33	-4525.62	3352.44
Saccade R	1	13	12516957721	12516977732	20011	532.50	514.94	469.86	523.89	1.25	110.94	0.60	62.26	5029.33	-4525.62	3352.44
Fixation L	1	18	12516977732	12517581604	603872	462.28	530.57	24	33	-1	16.14	16.14
Fixation R	1	18	12516977732	12517581604	603872	462.28	530.57	24	33	-1	16.83	16.83
Saccade L	1	14	12517581604	12517649609	68005	454.84	523.46	1023.30	588.35	12.75	334.61	0.29	187.49	16416.24	-12432.19	7952.89
Saccade R	1	14	12517581604	12517649609	68005	454.84	523.46	1023.30	588.35	12.75	334.61	0.29	187.49	16416.24	-12432.19	7952.89
Fixation L	1	19	12517649609	12517801616	152007	1010.62	595.44	23	11	-1	16.68	16.68
Fixation R	1	19	12517649609	12517801616	152007	1010.62	595.44	23	11	-1	17.72	17.72
Saccade L	1	15	12517801616	12517825616	24000	1005.74	599.54	1034.12	581.40	0.76	54.15	0.50	31.72	2217.08	-1515.11	1425.47
Saccade R	1	15	12517801616	12517825616	24000	1005.74	599.54	1034.12	581.40	0.76	54.15	0.50	31.72	2217.08	-1515.11	1425.47
Fixation L	1	20	12517825616	12518029607	203991	1051.26	560.82	26	32	-1	16.61	16.61
Fixation R	1	20	12517825616	12518029607	203991	1051.26	560.82	26	32	-1	17.50	17.50
Saccade L	1	16	12518029607	12518057622	28015	1052.21	550.36	1059.08	504.21	0.91	45.04	0.29	32.36	2186.67	-1920.70	1573.13
Saccade R	1	16	12518029607	12518057622	28015	1052.21	550.36	1059.08	504.21	0.91	45.04	0.29	32.36	2186.67	-1920.70	1573.13
Fixation L	1	21	12518057622	12518249638	192016	1060.06	494.20	23	25	-1	15.90	15.90
Fixation R	1	21	12518057622	12518249638	192016	1060.06	494.20	23	25	-1	16.68	16.68
Saccade L	1	17	12518249638	12518281644	32006	1052.44	478.76	1218.54	468.97	3.50	255.32	0.50	109.47	12075.07	-11245.13	8358.43
Saccade R	1	17	12518249638	12518281644	32006	1052.44	478.76	1218.54	468.97	3.50	255.32	0.50	109.47	12075.07	-11245.13	8358.43
Fixation L	1	22	12518281644	12518789503	507859	1246.48	461.13	57	29	-1	15.65	15.65
Fixation R	1	22	12518281644	12518789503	507859	1246.48	461.13	57	29	-1	16.27	16.27
Saccade L	1	18	12518789503	12518861528	72025	1253.86	475.79	510.04	362.25	16.75	440.21	0.28	232.53	20157.67	-13488.28	9709.67
Saccade R	1	18	12518789503	12518861528	72025	1253.86	475.79	510.04	362.25	16.75	440.21	0.28	232.53	20157.67	-13488.28	9709.67
Fixation L	1	23	12518861528	12519085519	223991	491.97	358.69	26	10	-1	15.78	15.78
Fixation R	1	23	12518861528	12519085519	223991	491.97	358.69	26	10	-1	16.16	16.16
Saccade L	1	19	12519085519	12519113502	27983	488.61	364.84	431.21	355.80	1.24	88.78	0.57	44.35	4168.94	-3933.69	2999.67
Saccade R	1	19	12519085519	12519113502	27983	488.61	364.84	431.21	355.80	1.24	88.78	0.57	44.35	4168.94	-3933.69	2999.67
Fixation L	1	24	12519113502	12519781442	667940	416.85	348.63	46	65	-1	15.78	15.78
Fixation R	1	24	12519113502	12519781442	667940	416.85	348.63	46	65	-1	16.22	16.22
Saccade L	1	20	12519781442	12519861492	80050	397.17	314.65	1258.15	456.09	19.40	439.70	0.50	242.40	14567.19	-15366.70	9234.72
Saccade R	1	20	12519781442	12519861492	80050	397.17	314.65	1258.15	456.09	19.40	439.70	0.50	242.40	14567.19	-15366.70	9234.72
Fixation L	1	25	12519861492	12520073538	212046	1253.73	467.33	41	17	-1	14.68	14.68
Fixation R	1	25	12519861492	12520073538	212046	1253.73	467.33	41	17	-1	15.95	15.95
Saccade L	1	21	12520073538	12520101547	28009	1236.24	467.78	1222.27	530.58	1.37	93.25	0.43	49.08	4234.90	-3893.81	2972.25
Saccade R	1	21	12520073538	12520101547	28009	1236.24	467.78	1222.27	530.58	1.37	93.25	0.43	49.08	4234.90	-3893.81	2972.25
Fixation L	1	26	12520101547	12520301424	199877	1199.90	554.69	37	42	-1	15.64	15.64
Fixation R	1	26	12520101547	12520301424	199877	1199.90	554.69	37	42	-1	16.70	16.70
Saccade L	1	22	12520301424	12520325430	24006	1204.40	572.87	1099.86	577.70	2.29	213.52	0.50	95.48	8855.32	-8570.63	6561.52
Saccade R	1	22	12520301424	12520325430	24006	1204.40	572.87	1099.86	577.70	2.29	213.52	0.50	95.48	8855.32	-8570.63	6561.52
Fixation L	1	27	12520325430	12520465405	139975	1084.82	579.05	22	10	-1	16.62	16.62
Fixation R	1	27	12520325430	12520465405	139975	1084.82	579.05	22	10	-1	17.43	17.43
Saccade L	1	23	12520465405	12520493428	28023	1084.67	581.41	939.88	585.77	2.90	210.21	0.43	103.57	9908.24	-9836.89	7326.11
Saccade R	1	23	12520465405	12520493428	28023	1084.67	581.41	939.88	585.77	2.90	210.21	0.43	103.57	9908.24	-9836.89	7326.11
Fixation L	1	28	12520493428	12520877434	384006	762.49	471.26	1387	1082	-1	14.48	14.48
Fixation R	1	28	12520493428	12520877434	384006	762.49	471.26	1387	1082	-1	14.21	14.21
