[BeGaze]
Converted from:	D:\Kirillov\Results\ermolova_temp\Yulia-eye_data.idf
Date:	17.04.2019 03:53:19
Version:	BeGaze 3.0.181
Sample Rate:	250
Subject:	Yulia
Description:	Run22

Table Header for Fixations:
Event Type	Trial	Number	Start	End	Duration	Location X	Location Y	Dispersion X	Dispersion Y	Plane	Avg. Pupil Size X	Avg. Pupil Size Y

Table Header for Saccades:
Event Type	Trial	Number	Start	End	Duration	Start Loc.X	Start Loc.Y	End Loc.X	End Loc.Y	Amplitude	Peak Speed	Peak Speed At	Average Speed	Peak Accel.	Peak Decel.	Average Accel.

Table Header for User Events:
Event Type	Trial	Number	Start	Description

UserEvent	1	1	9471040118	# Message: Questionnaire18.jpg
Fixation L	1	1	9471042529	9471106531	64002	924.30	685.91	12	17	-1	13.91	13.91
Fixation R	1	1	9471042529	9471106531	64002	924.30	685.91	12	17	-1	11.71	11.71
Fixation L	1	2	9471122533	9471174533	52000	949.94	689.31	46	113	-1	13.94	13.94
Fixation R	1	2	9471122533	9471174533	52000	949.94	689.31	46	113	-1	11.88	11.88
Saccade L	1	1	9471174533	9471202561	28028	956.53	691.80	801.54	588.34	3.88	324.92	0.43	138.35	13736.68	-13619.54	10031.62
Saccade R	1	1	9471174533	9471202561	28028	956.53	691.80	801.54	588.34	3.88	324.92	0.43	138.35	13736.68	-13619.54	10031.62
Saccade L	1	2	9471214565	9471250540	35975	793.24	589.29	922.76	646.28	3.67	297.06	0.44	102.08	11441.72	-10915.88	7367.75
Saccade R	1	2	9471214565	9471250540	35975	793.24	589.29	922.76	646.28	3.67	297.06	0.44	102.08	11441.72	-10915.88	7367.75
Saccade L	1	3	9471250540	9471358558	108018	922.76	646.28	436.30	336.19	15.50	338.93	0.70	143.49	10605.50	-9946.49	5375.55
Saccade R	1	3	9471250540	9471358558	108018	922.76	646.28	436.30	336.19	15.50	338.93	0.70	143.49	10605.50	-9946.49	5375.55
Saccade L	1	4	9471406660	9471454466	47806	423.79	325.10	436.94	364.69	1.52	57.89	0.33	31.72	5137.24	-947.95	1395.77
Saccade R	1	4	9471406660	9471454466	47806	423.79	325.10	436.94	364.69	1.52	57.89	0.33	31.72	5137.24	-947.95	1395.77
Saccade L	1	5	9471498543	9471526554	28011	479.87	500.01	446.93	303.20	3.69	326.93	0.29	131.87	2112.61	-13733.26	5695.01
Saccade R	1	5	9471498543	9471526554	28011	479.87	500.01	446.93	303.20	3.69	326.93	0.29	131.87	2112.61	-13733.26	5695.01
Saccade L	1	6	9471526554	9471578539	51985	446.93	303.20	404.25	367.00	2.96	136.19	0.54	56.85	5770.40	-4204.40	3049.56
Saccade R	1	6	9471526554	9471578539	51985	446.93	303.20	404.25	367.00	2.96	136.19	0.54	56.85	5770.40	-4204.40	3049.56
Fixation L	1	3	9471578539	9471742491	163952	421.00	361.67	35	51	-1	13.62	13.62
Fixation R	1	3	9471578539	9471742491	163952	421.00	361.67	35	51	-1	11.68	11.68
Saccade L	1	7	9471742491	9471770553	28062	430.44	371.18	447.08	406.68	1.20	88.15	0.43	42.91	3437.05	-3030.27	2341.17
Saccade R	1	7	9471742491	9471770553	28062	430.44	371.18	447.08	406.68	1.20	88.15	0.43	42.91	3437.05	-3030.27	2341.17
Saccade L	1	8	9471810551	9471854478	43927	462.09	423.60	422.73	334.46	3.75	183.64	0.27	85.41	8442.09	-5466.73	5003.34
Saccade R	1	8	9471810551	9471854478	43927	462.09	423.60	422.73	334.46	3.75	183.64	0.27	85.41	8442.09	-5466.73	5003.34
Fixation L	1	4	9471854478	9471990446	135968	435.90	358.17	43	53	-1	13.80	13.80
Fixation R	1	4	9471854478	9471990446	135968	435.90	358.17	43	53	-1	11.87	11.87
Saccade L	1	9	9471990446	9472042438	51992	461.13	377.10	442.83	405.57	6.77	350.93	0.46	130.14	13261.13	-12758.54	6621.23
Saccade R	1	9	9471990446	9472042438	51992	461.13	377.10	442.83	405.57	6.77	350.93	0.46	130.14	13261.13	-12758.54	6621.23
Fixation L	1	5	9472042438	9472118438	76000	454.50	421.90	19	26	-1	14.08	14.08
Fixation R	1	5	9472042438	9472118438	76000	454.50	421.90	19	26	-1	12.22	12.22
Saccade L	1	10	9472118438	9472138428	19990	452.02	401.86	466.50	431.65	0.64	58.58	0.40	31.84	1178.28	-2524.95	1185.11
Saccade R	1	10	9472118438	9472138428	19990	452.02	401.86	466.50	431.65	0.64	58.58	0.40	31.84	1178.28	-2524.95	1185.11
Saccade L	1	11	9472158499	9472182444	23945	459.42	442.53	526.32	448.48	1.29	98.92	0.33	53.70	4554.42	-3124.27	2466.81
Saccade R	1	11	9472158499	9472182444	23945	459.42	442.53	526.32	448.48	1.29	98.92	0.33	53.70	4554.42	-3124.27	2466.81
Saccade L	1	12	9472182444	9472250444	68000	526.32	448.48	424.80	344.70	11.79	509.92	0.65	173.44	13781.64	-18568.95	7388.21
Saccade R	1	12	9472182444	9472250444	68000	526.32	448.48	424.80	344.70	11.79	509.92	0.65	173.44	13781.64	-18568.95	7388.21
Saccade L	1	13	9472266455	9472318438	51983	416.50	337.06	617.18	409.33	5.43	199.75	0.69	104.37	5629.78	-8524.61	4851.05
Saccade R	1	13	9472266455	9472318438	51983	416.50	337.06	617.18	409.33	5.43	199.75	0.69	104.37	5629.78	-8524.61	4851.05
Saccade L	1	14	9472338431	9472378471	40040	618.58	410.86	496.45	357.96	2.97	170.10	0.70	74.29	5833.35	-5957.04	4014.21
Saccade R	1	14	9472338431	9472378471	40040	618.58	410.86	496.45	357.96	2.97	170.10	0.70	74.29	5833.35	-5957.04	4014.21
Saccade L	1	15	9472378471	9472414455	35984	496.45	357.96	506.17	412.29	1.60	65.52	0.44	44.38	1592.13	-5599.71	1463.64
Saccade R	1	15	9472378471	9472414455	35984	496.45	357.96	506.17	412.29	1.60	65.52	0.44	44.38	1592.13	-5599.71	1463.64
Saccade L	1	16	9472414455	9472582445	167990	506.17	412.29	515.59	351.62	14.40	213.32	0.52	85.71	13145.04	-6550.81	3183.55
Saccade R	1	16	9472414455	9472582445	167990	506.17	412.29	515.59	351.62	14.40	213.32	0.52	85.71	13145.04	-6550.81	3183.55
UserEvent	1	2	9472476930	# Message: UE-mouseclick left x=463 y=322
Saccade L	1	17	9472598458	9472626469	28011	349.40	185.81	564.67	450.88	4.68	381.53	0.29	167.08	4826.38	-15213.04	7106.15
Saccade R	1	17	9472598458	9472626469	28011	349.40	185.81	564.67	450.88	4.68	381.53	0.29	167.08	4826.38	-15213.04	7106.15
Saccade L	1	18	9472626469	9472646449	19980	564.67	450.88	565.95	419.53	0.59	45.31	0.60	29.72	-481.60	-5085.71	1750.83
Saccade R	1	18	9472626469	9472646449	19980	564.67	450.88	565.95	419.53	0.59	45.31	0.60	29.72	-481.60	-5085.71	1750.83
Saccade L	1	19	9472654447	9472694439	39992	568.75	424.69	556.23	367.35	1.14	45.81	0.30	28.53	1146.90	-705.67	536.64
Saccade R	1	19	9472654447	9472694439	39992	568.75	424.69	556.23	367.35	1.14	45.81	0.30	28.53	1146.90	-705.67	536.64
Saccade L	1	20	9472750479	9472782453	31974	364.08	186.71	542.42	382.56	3.38	302.78	0.25	105.86	1261.61	-13105.17	5845.83
Saccade R	1	20	9472750479	9472782453	31974	364.08	186.71	542.42	382.56	3.38	302.78	0.25	105.86	1261.61	-13105.17	5845.83
Saccade L	1	21	9472846467	9472890469	44002	555.11	364.25	505.40	380.64	3.61	254.60	0.27	82.03	1825.02	-6779.88	3179.37
Saccade R	1	21	9472846467	9472890469	44002	555.11	364.25	505.40	380.64	3.61	254.60	0.27	82.03	1825.02	-6779.88	3179.37
UserEvent	1	3	9472892824	# Message: UE-mouseclick left x=459 y=333
Saccade L	1	22	9472922444	9472950472	28028	505.48	377.88	543.62	563.15	3.95	336.97	0.57	140.88	15211.90	-13929.39	10228.47
Saccade R	1	22	9472922444	9472950472	28028	505.48	377.88	543.62	563.15	3.95	336.97	0.57	140.88	15211.90	-13929.39	10228.47
Saccade L	1	23	9472950472	9473042456	91984	543.62	563.15	491.50	408.47	10.71	332.29	0.22	116.47	12513.96	-12787.24	6846.66
Saccade R	1	23	9472950472	9473042456	91984	543.62	563.15	491.50	408.47	10.71	332.29	0.22	116.47	12513.96	-12787.24	6846.66
Saccade L	1	24	9473050481	9473130460	79979	493.88	404.90	496.97	389.53	8.39	321.34	0.25	104.94	12269.89	-11523.92	6461.60
Saccade R	1	24	9473050481	9473130460	79979	493.88	404.90	496.97	389.53	8.39	321.34	0.25	104.94	12269.89	-11523.92	6461.60
Fixation L	1	6	9473130460	9473210462	80002	493.44	368.57	8	41	-1	13.45	13.45
Fixation R	1	6	9473130460	9473210462	80002	493.44	368.57	8	41	-1	11.81	11.81
Saccade L	1	25	9473210462	9473250465	40003	491.45	353.28	469.16	467.93	2.22	84.03	0.60	55.41	3648.17	-3034.75	2424.89
Saccade R	1	25	9473210462	9473250465	40003	491.45	353.28	469.16	467.93	2.22	84.03	0.60	55.41	3648.17	-3034.75	2424.89
Saccade L	1	26	9473270334	9473294406	24072	468.80	455.47	481.84	416.68	0.77	46.95	0.34	32.09	1840.82	-1384.19	1212.95
Saccade R	1	26	9473270334	9473294406	24072	468.80	455.47	481.84	416.68	0.77	46.95	0.34	32.09	1840.82	-1384.19	1212.95
Saccade L	1	27	9473314357	9473354339	39982	481.02	407.16	442.47	403.95	4.78	273.67	0.30	119.65	10419.35	-10638.91	6676.93
Saccade R	1	27	9473314357	9473354339	39982	481.02	407.16	442.47	403.95	4.78	273.67	0.30	119.65	10419.35	-10638.91	6676.93
UserEvent	1	4	9473340869	# Message: UE-mouseclick left x=426 y=398
Fixation L	1	7	9473354339	9473450333	95994	429.21	404.91	25	23	-1	13.46	13.46
Fixation R	1	7	9473354339	9473450333	95994	429.21	404.91	25	23	-1	11.76	11.76
