[BeGaze]
Converted from:	D:\Kirillov\Results\ermolova_temp\Nastya 06-eye_data.idf
Date:	17.04.2019 03:53:02
Version:	BeGaze 3.0.181
Sample Rate:	250
Subject:	Nastya 06
Description:	Run18

Table Header for Fixations:
Event Type	Trial	Number	Start	End	Duration	Location X	Location Y	Dispersion X	Dispersion Y	Plane	Avg. Pupil Size X	Avg. Pupil Size Y

Table Header for Saccades:
Event Type	Trial	Number	Start	End	Duration	Start Loc.X	Start Loc.Y	End Loc.X	End Loc.Y	Amplitude	Peak Speed	Peak Speed At	Average Speed	Peak Accel.	Peak Decel.	Average Accel.

Table Header for User Events:
Event Type	Trial	Number	Start	Description

UserEvent	1	1	6647260158	# Message: experiment-11.jpg
Saccade L	1	1	6647263424	6647307420	43996	422.36	390.06	679.75	375.62	5.43	255.01	0.45	123.33	8793.39	-10819.11	4940.19
Saccade R	1	1	6647263424	6647307420	43996	422.36	390.06	679.75	375.62	5.43	255.01	0.45	123.33	8793.39	-10819.11	4940.19
Fixation L	1	1	6647307420	6647611446	304026	665.34	360.82	24	23	-1	13.51	13.51
Fixation R	1	1	6647307420	6647611446	304026	665.34	360.82	24	23	-1	13.87	13.87
Saccade L	1	2	6647611446	6647655466	44020	670.40	366.33	767.65	687.58	7.31	292.09	0.45	166.04	14130.66	-13638.20	10057.97
Saccade R	1	2	6647611446	6647655466	44020	670.40	366.33	767.65	687.58	7.31	292.09	0.45	166.04	14130.66	-13638.20	10057.97
Fixation L	1	2	6647655466	6648047337	391871	785.45	675.73	46	32	-1	12.78	12.78
Fixation R	1	2	6647655466	6648047337	391871	785.45	675.73	46	32	-1	13.37	13.37
Saccade R	1	3	6648047337	6648091326	43989	768.11	668.20	0.00	0.00	24.40	1487.45	0.73	554.66	45310.77	-72007.17	33523.65
Fixation R	1	3	6648091326	6648159350	68024	0.00	0.00	0	0	-1	9.09	9.09
Fixation L	1	3	6648247320	6648303316	55996	756.64	375.42	10	13	-1	12.18	12.18
Fixation R	1	4	6648247320	6648303316	55996	756.64	375.42	10	13	-1	12.43	12.43
Saccade L	1	3	6648303316	6648347366	44050	754.93	383.87	1064.06	378.86	6.62	282.14	0.27	150.39	13341.73	-11541.72	8920.09
Saccade R	1	4	6648303316	6648347366	44050	754.93	383.87	1064.06	378.86	6.62	282.14	0.27	150.39	13341.73	-11541.72	8920.09
Fixation L	1	4	6648347366	6648527349	179983	1072.98	368.96	13	12	-1	12.15	12.15
Fixation R	1	5	6648347366	6648527349	179983	1072.98	368.96	13	12	-1	12.71	12.71
Saccade L	1	4	6648527349	6648567346	39997	1070.78	370.19	1241.29	370.74	3.58	181.69	0.40	89.49	8701.97	-7928.49	5822.59
Saccade R	1	5	6648527349	6648567346	39997	1070.78	370.19	1241.29	370.74	3.58	181.69	0.40	89.49	8701.97	-7928.49	5822.59
Fixation L	1	5	6648567346	6648703341	135995	1253.95	367.87	17	18	-1	12.40	12.40
Fixation R	1	6	6648567346	6648703341	135995	1253.95	367.87	17	18	-1	13.23	13.23
Saccade L	1	5	6648703341	6648759339	55998	1261.27	357.19	902.76	679.92	10.53	394.60	0.36	188.13	19574.17	-16501.63	11471.20
Saccade R	1	6	6648703341	6648759339	55998	1261.27	357.19	902.76	679.92	10.53	394.60	0.36	188.13	19574.17	-16501.63	11471.20
Fixation L	1	6	6648759339	6648991352	232013	880.76	694.28	35	25	-1	12.70	12.70
Fixation R	1	7	6648759339	6648991352	232013	880.76	694.28	35	25	-1	13.53	13.53
Saccade L	1	6	6648991352	6649023346	31994	867.82	706.07	809.94	693.51	1.26	80.24	0.37	39.30	3444.85	-2659.74	2110.97
Saccade R	1	7	6648991352	6649023346	31994	867.82	706.07	809.94	693.51	1.26	80.24	0.37	39.30	3444.85	-2659.74	2110.97
Fixation L	1	7	6649023346	6649127351	104005	806.42	691.15	6	9	-1	12.88	12.88
Fixation R	1	8	6649023346	6649127351	104005	806.42	691.15	6	9	-1	13.44	13.44
Saccade L	1	7	6649127351	6649155376	28025	810.16	686.62	996.07	683.14	3.69	274.75	0.43	131.76	12787.40	-12667.33	9416.67
Saccade R	1	8	6649127351	6649155376	28025	810.16	686.62	996.07	683.14	3.69	274.75	0.43	131.76	12787.40	-12667.33	9416.67
Fixation L	1	8	6649155376	6649339368	183992	1002.61	672.95	22	19	-1	12.64	12.64
Fixation R	1	9	6649155376	6649339368	183992	1002.61	672.95	22	19	-1	13.17	13.17
Saccade L	1	8	6649339368	6649371355	31987	1009.69	671.78	1004.68	756.94	1.75	101.85	0.50	54.74	4731.39	-4301.16	3289.25
Saccade R	1	9	6649339368	6649371355	31987	1009.69	671.78	1004.68	756.94	1.75	101.85	0.50	54.74	4731.39	-4301.16	3289.25
Fixation L	1	9	6649371355	6649495236	123881	1008.53	767.78	11	20	-1	12.39	12.39
Fixation R	1	10	6649371355	6649495236	123881	1008.53	767.78	11	20	-1	13.14	13.14
Saccade L	1	9	6649495236	6649555281	60045	1012.59	773.92	1252.89	333.71	11.12	397.75	0.40	185.16	18891.87	-14425.78	10589.78
Saccade R	1	10	6649495236	6649555281	60045	1012.59	773.92	1252.89	333.71	11.12	397.75	0.40	185.16	18891.87	-14425.78	10589.78
Fixation L	1	10	6649555281	6649771263	215982	1257.87	344.69	12	28	-1	12.42	12.42
Fixation R	1	11	6649555281	6649771263	215982	1257.87	344.69	12	28	-1	13.12	13.12
Saccade L	1	10	6649771263	6649807228	35965	1258.94	351.90	1090.48	366.15	3.49	209.06	0.33	97.08	9694.04	-8927.59	6411.76
Saccade R	1	11	6649771263	6649807228	35965	1258.94	351.90	1090.48	366.15	3.49	209.06	0.33	97.08	9694.04	-8927.59	6411.76
Fixation L	1	11	6649807228	6650087278	280050	1080.59	377.11	18	19	-1	12.44	12.44
Fixation R	1	12	6649807228	6650087278	280050	1080.59	377.11	18	19	-1	13.13	13.13
Saccade L	1	11	6650087278	6650135251	47973	1072.82	384.26	888.34	786.68	9.48	363.66	0.42	197.58	16787.33	-15410.92	11351.54
Saccade R	1	12	6650087278	6650135251	47973	1072.82	384.26	888.34	786.68	9.48	363.66	0.42	197.58	16787.33	-15410.92	11351.54
Fixation L	1	12	6650135251	6650295245	159994	874.63	799.80	29	20	-1	12.61	12.61
Fixation R	1	13	6650135251	6650295245	159994	874.63	799.80	29	20	-1	13.15	13.15
Saccade L	1	12	6650295245	6650327245	32000	876.33	809.64	957.83	789.72	1.74	107.47	0.50	54.39	4962.24	-4918.22	3579.94
Saccade R	1	13	6650295245	6650327245	32000	876.33	809.64	957.83	789.72	1.74	107.47	0.50	54.39	4962.24	-4918.22	3579.94
Fixation L	1	13	6650327245	6650607262	280017	968.35	807.00	19	34	-1	12.91	12.91
Fixation R	1	14	6650327245	6650607262	280017	968.35	807.00	19	34	-1	13.53	13.53
Saccade L	1	13	6650607262	6650635253	27991	968.18	820.25	910.13	748.19	1.80	123.70	0.43	64.18	5759.59	-5759.48	4266.57
Saccade R	1	14	6650607262	6650635253	27991	968.18	820.25	910.13	748.19	1.80	123.70	0.43	64.18	5759.59	-5759.48	4266.57
Fixation L	1	14	6650635253	6650879129	243876	897.63	746.73	25	13	-1	12.70	12.70
Fixation R	1	15	6650635253	6650879129	243876	897.63	746.73	25	13	-1	13.52	13.52
Saccade L	1	14	6650879129	6650907130	28001	888.70	743.52	784.26	741.82	2.16	151.66	0.43	76.97	7137.23	-7013.97	5235.17
Saccade R	1	15	6650879129	6650907130	28001	888.70	743.52	784.26	741.82	2.16	151.66	0.43	76.97	7137.23	-7013.97	5235.17
Fixation L	1	15	6650907130	6651051139	144009	774.12	733.84	15	13	-1	12.35	12.35
Fixation R	1	16	6650907130	6651051139	144009	774.12	733.84	15	13	-1	13.48	13.48
Saccade L	1	15	6651051139	6651111161	60022	771.01	732.59	910.94	393.04	8.49	309.84	0.33	141.45	15014.57	-7601.95	7041.25
Saccade R	1	16	6651051139	6651111161	60022	771.01	732.59	910.94	393.04	8.49	309.84	0.33	141.45	15014.57	-7601.95	7041.25
Fixation L	1	16	6651111161	6651391139	279978	911.52	401.99	22	16	-1	12.56	12.56
Fixation R	1	17	6651111161	6651391139	279978	911.52	401.99	22	16	-1	13.39	13.39
Saccade L	1	16	6651391139	6651431146	40007	912.00	402.30	820.43	727.21	7.10	348.65	0.40	177.49	16698.94	-14989.46	11630.81
Saccade R	1	17	6651391139	6651431146	40007	912.00	402.30	820.43	727.21	7.10	348.65	0.40	177.49	16698.94	-14989.46	11630.81
Fixation L	1	17	6651431146	6651787157	356011	825.02	710.90	25	38	-1	12.77	12.77
Fixation R	1	18	6651431146	6651787157	356011	825.02	710.90	25	38	-1	13.58	13.58
Saccade L	1	17	6651787157	6651819161	32004	833.42	692.70	766.83	747.28	2.11	126.24	0.37	65.98	5678.87	-5001.78	3958.99
Saccade R	1	18	6651787157	6651819161	32004	833.42	692.70	766.83	747.28	2.11	126.24	0.37	65.98	5678.87	-5001.78	3958.99
Fixation L	1	18	6651819161	6651947154	127993	755.95	742.92	14	12	-1	12.64	12.64
Fixation R	1	19	6651819161	6651947154	127993	755.95	742.92	14	12	-1	13.18	13.18
Saccade L	1	18	6651947154	6651979166	32012	750.15	742.52	759.52	858.91	2.37	162.83	0.50	73.91	7310.38	-7056.56	5303.61
Saccade R	1	19	6651947154	6651979166	32012	750.15	742.52	759.52	858.91	2.37	162.83	0.50	73.91	7310.38	-7056.56	5303.61
Fixation L	1	19	6651979166	6652295048	315882	766.40	828.76	18	57	-1	12.50	12.50
Fixation R	1	20	6651979166	6652295048	315882	766.40	828.76	18	57	-1	13.08	13.08
Fixation L	1	20	6652379056	6652503036	123980	800.20	395.13	6	16	-1	12.26	12.26
Fixation R	1	21	6652379056	6652575075	196019	658.57	319.17	1630	477	-1	12.81	12.81
Fixation L	1	21	6652639049	6652859062	220013	1023.74	378.86	44	24	-1	12.37	12.37
Fixation R	1	22	6652639049	6652859062	220013	1023.74	378.86	44	24	-1	13.00	13.00
Saccade L	1	19	6652859062	6652903050	43988	1032.07	383.89	874.87	537.18	4.89	286.15	0.36	111.17	12926.64	-11253.15	7801.11
Saccade R	1	20	6652859062	6652903050	43988	1032.07	383.89	874.87	537.18	4.89	286.15	0.36	111.17	12926.64	-11253.15	7801.11
Fixation L	1	22	6652903050	6653055055	152005	872.89	551.03	5	16	-1	13.06	13.06
Fixation R	1	23	6652903050	6653055055	152005	872.89	551.03	5	16	-1	13.60	13.60
Saccade L	1	20	6653055055	6653095083	40028	870.68	552.41	885.89	378.53	3.67	168.21	0.50	91.69	8403.27	-7485.64	5882.89
Saccade R	1	21	6653055055	6653095083	40028	870.68	552.41	885.89	378.53	3.67	168.21	0.50	91.69	8403.27	-7485.64	5882.89
Fixation L	1	23	6653095083	6653499075	403992	894.91	378.52	16	10	-1	12.85	12.85
Fixation R	1	24	6653095083	6653499075	403992	894.91	378.52	16	10	-1	13.59	13.59
Saccade L	1	21	6653499075	6653543074	43999	892.35	377.92	1077.54	357.24	4.04	205.88	0.36	91.87	9829.08	-7572.42	5646.31
Saccade R	1	22	6653499075	6653543074	43999	892.35	377.92	1077.54	357.24	4.04	205.88	0.36	91.87	9829.08	-7572.42	5646.31
Fixation L	1	24	6653543074	6653730932	187858	1083.31	353.36	10	9	-1	12.74	12.74
Fixation R	1	25	6653543074	6653730932	187858	1083.31	353.36	10	9	-1	13.51	13.51
Saccade L	1	22	6653730932	6653770965	40033	1084.34	349.46	921.79	395.26	3.75	212.21	0.40	93.62	9987.22	-8774.21	6389.50
Saccade R	1	23	6653730932	6653770965	40033	1084.34	349.46	921.79	395.26	3.75	212.21	0.40	93.62	9987.22	-8774.21	6389.50
Fixation L	1	25	6653770965	6653946938	175973	906.36	404.18	26	14	-1	13.00	13.00
Fixation R	1	26	6653770965	6653946938	175973	906.36	404.18	26	14	-1	13.46	13.46
Saccade L	1	23	6653946938	6653998969	52031	895.47	402.11	865.75	847.39	9.75	343.16	0.54	187.41	15381.79	-16346.32	10469.34
Saccade R	1	24	6653946938	6653998969	52031	895.47	402.11	865.75	847.39	9.75	343.16	0.54	187.41	15381.79	-16346.32	10469.34
Fixation L	1	26	6653998969	6654390984	392015	858.92	865.18	28	31	-1	13.61	13.61
Fixation R	1	27	6653998969	6654390984	392015	858.92	865.18	28	31	-1	13.77	13.77
Saccade L	1	24	6654390984	6654450951	59967	861.42	856.22	945.98	423.06	9.53	366.21	0.33	158.87	18449.40	-11598.63	8904.06
Saccade R	1	25	6654390984	6654450951	59967	861.42	856.22	945.98	423.06	9.53	366.21	0.33	158.87	18449.40	-11598.63	8904.06
Fixation L	1	27	6654450951	6654698979	248028	956.73	424.28	20	26	-1	12.82	12.82
Fixation R	1	28	6654450951	6654698979	248028	956.73	424.28	20	26	-1	13.53	13.53
Saccade L	1	25	6654698979	6654734966	35987	949.34	408.20	1067.39	376.50	2.57	163.44	0.33	71.53	7185.15	-6146.57	4310.42
Saccade R	1	26	6654698979	6654734966	35987	949.34	408.20	1067.39	376.50	2.57	163.44	0.33	71.53	7185.15	-6146.57	4310.42
Fixation L	1	28	6654734966	6654866975	132009	1075.03	371.71	17	10	-1	12.85	12.85
Fixation R	1	29	6654734966	6654866975	132009	1075.03	371.71	17	10	-1	13.60	13.60
Saccade L	1	26	6654866975	6654898964	31989	1080.67	369.66	1217.71	361.64	2.79	183.36	0.50	87.10	8449.08	-8432.22	6259.85
Saccade R	1	27	6654866975	6654898964	31989	1080.67	369.66	1217.71	361.64	2.79	183.36	0.50	87.10	8449.08	-8432.22	6259.85
Fixation L	1	29	6654898964	6655002996	104032	1223.44	358.59	15	6	-1	12.98	12.98
Fixation R	1	30	6654898964	6655002996	104032	1223.44	358.59	15	6	-1	13.90	13.90
Saccade L	1	27	6655002996	6655054867	51871	1230.47	360.48	962.67	829.00	11.75	437.72	0.39	226.60	20717.35	-18419.20	13334.97
Saccade R	1	28	6655002996	6655054867	51871	1230.47	360.48	962.67	829.00	11.75	437.72	0.39	226.60	20717.35	-18419.20	13334.97
Fixation L	1	30	6655054867	6655266878	212011	929.17	835.88	51	15	-1	13.49	13.49
Fixation R	1	31	6655054867	6655266878	212011	929.17	835.88	51	15	-1	13.93	13.93
Saccade L	1	28	6655266878	6655302898	36020	915.67	844.47	963.43	870.05	1.18	54.24	0.33	32.63	2272.67	-1675.87	1382.61
Saccade R	1	29	6655266878	6655302898	36020	915.67	844.47	963.43	870.05	1.18	54.24	0.33	32.63	2272.67	-1675.87	1382.61
Fixation L	1	31	6655302898	6655446869	143971	966.99	875.00	6	17	-1	13.75	13.75
Fixation R	1	32	6655302898	6655446869	143971	966.99	875.00	6	17	-1	14.03	14.03
Saccade L	1	29	6655446869	6655486863	39994	962.66	864.65	1101.37	778.79	3.61	230.82	0.40	90.29	10291.59	-9562.91	6632.07
Saccade R	1	30	6655446869	6655486863	39994	962.66	864.65	1101.37	778.79	3.61	230.82	0.40	90.29	10291.59	-9562.91	6632.07
Saccade L	1	30	6655518870	6655574889	56019	1104.92	777.01	1210.88	378.56	9.02	357.64	0.29	161.02	16982.72	-8602.83	8412.07
Saccade R	1	31	6655518870	6655574889	56019	1104.92	777.01	1210.88	378.56	9.02	357.64	0.29	161.02	16982.72	-8602.83	8412.07
Fixation L	1	32	6655574889	6655866896	292007	1225.96	374.79	24	7	-1	12.92	12.92
Fixation R	1	33	6655574889	6655866896	292007	1225.96	374.79	24	7	-1	13.71	13.71
Saccade L	1	31	6655866896	6655894903	28007	1230.41	378.42	1278.91	366.47	1.01	70.21	0.43	36.16	3211.98	-2684.44	2153.65
Saccade R	1	32	6655866896	6655894903	28007	1230.41	378.42	1278.91	366.47	1.01	70.21	0.43	36.16	3211.98	-2684.44	2153.65
Fixation L	1	33	6655894903	6656038869	143966	1283.83	365.17	12	9	-1	12.99	12.99
Fixation R	1	34	6655894903	6656038869	143966	1283.83	365.17	12	9	-1	13.72	13.72
Saccade L	1	32	6656038869	6656110901	72032	1283.88	366.52	875.84	830.89	14.28	392.77	0.22	198.27	19488.35	-9372.08	8652.00
Saccade R	1	33	6656038869	6656110901	72032	1283.88	366.52	875.84	830.89	14.28	392.77	0.22	198.27	19488.35	-9372.08	8652.00
Fixation L	1	34	6656110901	6656374905	264004	886.20	833.29	25	19	-1	13.39	13.39
Fixation R	1	35	6656110901	6656374905	264004	886.20	833.29	25	19	-1	13.73	13.73
