[BeGaze]
Converted from:	D:\Kirillov\Results\ermolova_temp\Polina 03-eye_data.idf
Date:	17.04.2019 03:52:44
Version:	BeGaze 3.0.181
Sample Rate:	250
Subject:	Polina 03
Description:	Run13

Table Header for Fixations:
Event Type	Trial	Number	Start	End	Duration	Location X	Location Y	Dispersion X	Dispersion Y	Plane	Avg. Pupil Size X	Avg. Pupil Size Y

Table Header for Saccades:
Event Type	Trial	Number	Start	End	Duration	Start Loc.X	Start Loc.Y	End Loc.X	End Loc.Y	Amplitude	Peak Speed	Peak Speed At	Average Speed	Peak Accel.	Peak Decel.	Average Accel.

Table Header for User Events:
Event Type	Trial	Number	Start	Description

UserEvent	1	1	3156951357	# Message: experiment-02.jpg
Fixation L	1	1	3156954618	3157282641	328023	394.08	336.30	18	18	-1	11.10	11.10
Fixation R	1	1	3156954618	3157282641	328023	394.08	336.30	18	18	-1	10.64	10.64
Saccade L	1	1	3157282641	3157358658	76017	406.84	336.03	948.90	499.04	12.58	382.60	0.32	165.49	18050.27	-8444.97	7891.25
Saccade R	1	1	3157282641	3157358658	76017	406.84	336.03	948.90	499.04	12.58	382.60	0.32	165.49	18050.27	-8444.97	7891.25
Fixation L	1	2	3157358658	3157482643	123985	957.21	497.31	13	17	-1	11.15	11.15
Fixation R	1	2	3157358658	3157482643	123985	957.21	497.31	13	17	-1	10.82	10.82
Fixation L	1	3	3157542675	3157602664	59989	0.00	0.00	0	0	-1	12.50	12.50
Fixation L	1	4	3157670670	3157802560	131890	342.18	523.05	13	55	-1	10.83	10.83
Fixation R	1	3	3157670670	3157802560	131890	342.18	523.05	13	55	-1	10.06	10.06
Saccade L	1	2	3157802560	3157838506	35946	348.46	538.15	2.30	0.00	14.95	1133.33	0.67	415.85	45689.37	-48637.95	30761.06
Fixation L	1	5	3157838506	3157946548	108042	0.42	0.00	2	0	-1	5.93	5.93
Fixation L	1	6	3158054499	3158162510	108011	379.18	590.52	25	21	-1	10.90	10.90
Fixation R	1	4	3158054499	3158162510	108011	379.18	590.52	25	21	-1	10.31	10.31
Saccade L	1	3	3158162510	3158226591	64081	371.56	593.38	992.90	594.77	13.63	405.61	0.31	212.73	19472.42	-14798.34	10459.45
Saccade R	1	2	3158162510	3158226591	64081	371.56	593.38	992.90	594.77	13.63	405.61	0.31	212.73	19472.42	-14798.34	10459.45
Fixation L	1	7	3158226591	3158418523	191932	1010.10	584.97	24	46	-1	11.12	11.12
Fixation R	1	5	3158226591	3158418523	191932	1010.10	584.97	24	46	-1	10.84	10.84
Saccade L	1	4	3158418523	3158470528	52005	1002.47	559.14	1063.91	597.87	1.96	101.74	0.62	37.60	3734.08	-4393.33	2251.41
Saccade R	1	3	3158418523	3158470528	52005	1002.47	559.14	1063.91	597.87	1.96	101.74	0.62	37.60	3734.08	-4393.33	2251.41
Fixation L	1	8	3158470528	3158578554	108026	1069.40	611.04	10	17	-1	11.07	11.07
Fixation R	1	6	3158470528	3158578554	108026	1069.40	611.04	10	17	-1	10.67	10.67
Saccade L	1	5	3158578554	3158662555	84001	1065.77	611.63	419.54	528.31	14.60	413.17	0.24	173.83	19855.53	-12649.36	8134.96
Saccade R	1	4	3158578554	3158662555	84001	1065.77	611.63	419.54	528.31	14.60	413.17	0.24	173.83	19855.53	-12649.36	8134.96
Fixation L	1	9	3158662555	3158910508	247953	419.51	543.77	19	44	-1	10.96	10.96
Fixation R	1	7	3158662555	3158910508	247953	419.51	543.77	19	44	-1	10.30	10.30
Saccade L	1	6	3158910508	3158994603	84095	411.31	568.54	1050.33	631.33	14.87	382.84	0.24	176.80	17991.37	-8451.61	7291.81
Saccade R	1	5	3158910508	3158994603	84095	411.31	568.54	1050.33	631.33	14.87	382.84	0.24	176.80	17991.37	-8451.61	7291.81
Fixation L	1	10	3158994603	3159198410	203807	1050.15	624.61	17	63	-1	10.69	10.69
Fixation R	1	8	3158994603	3159198410	203807	1050.15	624.61	17	63	-1	10.35	10.35
Saccade L	1	7	3159198410	3159226412	28002	1058.57	580.51	1126.47	572.99	1.40	95.40	0.43	49.87	4254.37	-4589.20	3294.69
Saccade R	1	6	3159198410	3159226412	28002	1058.57	580.51	1126.47	572.99	1.40	95.40	0.43	49.87	4254.37	-4589.20	3294.69
Fixation L	1	11	3159226412	3159358403	131991	1126.63	569.45	10	12	-1	10.52	10.52
Fixation R	1	9	3159226412	3159358403	131991	1126.63	569.45	10	12	-1	10.36	10.36
Saccade L	1	8	3159358403	3159406411	48008	1127.45	563.56	1076.68	585.99	1.21	59.67	0.25	25.30	2560.73	-1881.94	1037.98
Saccade R	1	7	3159358403	3159406411	48008	1127.45	563.56	1076.68	585.99	1.21	59.67	0.25	25.30	2560.73	-1881.94	1037.98
Fixation L	1	12	3159406411	3159474426	68015	1083.47	585.26	14	4	-1	10.55	10.55
Fixation R	1	10	3159406411	3159474426	68015	1083.47	585.26	14	4	-1	10.46	10.46
Saccade L	1	9	3159474426	3159606414	131988	1088.78	583.69	407.62	542.55	26.29	823.97	0.48	199.16	23518.11	-22090.92	8781.20
Saccade R	1	8	3159474426	3159606414	131988	1088.78	583.69	407.62	542.55	26.29	823.97	0.48	199.16	23518.11	-22090.92	8781.20
Fixation L	1	13	3159606414	3159658418	52004	417.56	550.14	20	14	-1	10.60	10.60
Fixation R	1	11	3159606414	3159658418	52004	417.56	550.14	20	14	-1	9.95	9.95
Fixation L	1	14	3159934425	3160038373	103948	961.41	524.41	24	10	-1	10.59	10.59
Fixation R	1	12	3159934425	3160038373	103948	961.41	524.41	24	10	-1	10.35	10.35
Saccade L	1	10	3160038373	3160078434	40061	965.64	519.70	1013.25	616.53	3.11	212.73	0.30	77.56	10051.06	-8530.15	5246.48
Saccade R	1	9	3160038373	3160078434	40061	965.64	519.70	1013.25	616.53	3.11	212.73	0.30	77.56	10051.06	-8530.15	5246.48
Fixation L	1	15	3160078434	3160354436	276002	1037.22	614.87	44	42	-1	11.00	11.00
Fixation R	1	13	3160078434	3160354436	276002	1037.22	614.87	44	42	-1	10.52	10.52
Saccade L	1	11	3160354436	3160394419	39983	1058.25	596.97	1150.85	598.55	2.35	146.08	0.40	58.66	6775.61	-6640.00	4243.42
Saccade R	1	10	3160354436	3160394419	39983	1058.25	596.97	1150.85	598.55	2.35	146.08	0.40	58.66	6775.61	-6640.00	4243.42
Fixation L	1	16	3160394419	3160534486	140067	1150.34	595.50	12	9	-1	10.43	10.43
Fixation R	1	14	3160394419	3160534486	140067	1150.34	595.50	12	9	-1	10.20	10.20
Fixation L	1	17	3160642298	3160854303	212005	396.42	541.23	28	32	-1	10.66	10.66
Fixation R	1	15	3160642298	3160854303	212005	396.42	541.23	28	32	-1	9.74	9.74
Saccade L	1	12	3160854303	3160906297	51994	379.84	554.37	354.78	455.54	2.31	123.14	0.31	44.45	5408.21	-4753.21	2733.29
Saccade R	1	11	3160854303	3160906297	51994	379.84	554.37	354.78	455.54	2.31	123.14	0.31	44.45	5408.21	-4753.21	2733.29
Fixation L	1	18	3160906297	3161146283	239986	360.21	461.22	22	27	-1	10.64	10.64
Fixation R	1	16	3160906297	3161146283	239986	360.21	461.22	22	27	-1	9.97	9.97
Saccade L	1	13	3161146283	3161226383	80100	344.96	474.40	1120.27	611.78	17.65	453.43	0.45	220.37	20370.86	-18491.20	9614.32
Saccade R	1	12	3161146283	3161226383	80100	344.96	474.40	1120.27	611.78	17.65	453.43	0.45	220.37	20370.86	-18491.20	9614.32
Fixation L	1	19	3161226383	3161434372	207989	1146.50	643.13	37	51	-1	10.67	10.67
Fixation R	1	17	3161226383	3161434372	207989	1146.50	643.13	37	51	-1	10.58	10.58
Saccade L	1	14	3161434372	3161466373	32001	1155.35	642.92	1083.36	680.78	1.82	121.26	0.62	56.80	5068.88	-5488.94	3619.55
Saccade R	1	13	3161434372	3161466373	32001	1155.35	642.92	1083.36	680.78	1.82	121.26	0.62	56.80	5068.88	-5488.94	3619.55
Fixation L	1	20	3161466373	3161586305	119932	1077.16	697.97	16	28	-1	10.95	10.95
Fixation R	1	18	3161466373	3161586305	119932	1077.16	697.97	16	28	-1	10.71	10.71
Saccade L	1	15	3161586305	3161618325	32020	1087.33	704.71	1097.38	509.08	4.09	298.04	0.50	127.63	14309.25	-13178.15	9951.56
Saccade R	1	14	3161586305	3161618325	32020	1087.33	704.71	1097.38	509.08	4.09	298.04	0.50	127.63	14309.25	-13178.15	9951.56
Fixation L	1	21	3161618325	3161870309	251984	1106.99	508.96	34	23	-1	10.70	10.70
Fixation R	1	19	3161618325	3161870309	251984	1106.99	508.96	34	23	-1	10.39	10.39
Saccade L	1	16	3161870309	3161894325	24016	1130.30	506.73	1091.00	507.82	0.86	68.90	0.50	35.78	2647.12	-2436.09	1905.02
Saccade R	1	15	3161870309	3161894325	24016	1130.30	506.73	1091.00	507.82	0.86	68.90	0.50	35.78	2647.12	-2436.09	1905.02
Fixation L	1	22	3161894325	3162186202	291877	1072.50	502.10	34	9	-1	10.52	10.52
Fixation R	1	20	3161894325	3162186202	291877	1072.50	502.10	34	9	-1	10.20	10.20
Saccade L	1	17	3162186202	3162286161	99959	1079.25	500.86	359.19	519.42	16.79	387.08	0.24	167.96	19078.66	-14451.86	6858.95
Saccade R	1	16	3162186202	3162286161	99959	1079.25	500.86	359.19	519.42	16.79	387.08	0.24	167.96	19078.66	-14451.86	6858.95
Fixation L	1	23	3162286161	3162610221	324060	346.60	553.63	31	79	-1	10.90	10.90
Fixation R	1	21	3162286161	3162610221	324060	346.60	553.63	31	79	-1	10.09	10.09
Saccade L	1	18	3162610221	3162658205	47984	365.20	582.72	411.45	458.80	3.34	186.79	0.33	69.70	8223.29	-6702.63	4496.36
Saccade R	1	17	3162610221	3162658205	47984	365.20	582.72	411.45	458.80	3.34	186.79	0.33	69.70	8223.29	-6702.63	4496.36
Fixation L	1	24	3162658205	3162846186	187981	400.22	461.16	19	10	-1	11.15	11.15
Fixation R	1	22	3162658205	3162846186	187981	400.22	461.16	19	10	-1	10.42	10.42
Saccade L	1	19	3162846186	3162894215	48029	391.78	464.27	396.80	412.76	1.18	51.35	0.50	24.57	1960.13	-1899.43	1246.81
Saccade R	1	18	3162846186	3162894215	48029	391.78	464.27	396.80	412.76	1.18	51.35	0.50	24.57	1960.13	-1899.43	1246.81
Fixation L	1	25	3162894215	3162958216	64001	400.78	415.98	6	20	-1	11.09	11.09
Fixation R	1	23	3162894215	3162958216	64001	400.78	415.98	6	20	-1	10.59	10.59
Saccade L	1	20	3162958216	3163054191	95975	403.29	428.64	1141.23	507.77	16.92	420.53	0.38	176.29	19946.37	-14395.74	7773.77
Saccade R	1	19	3162958216	3163054191	95975	403.29	428.64	1141.23	507.77	16.92	420.53	0.38	176.29	19946.37	-14395.74	7773.77
Fixation L	1	26	3163054191	3163282202	228011	1129.92	498.50	26	29	-1	11.17	11.17
Fixation R	1	24	3163054191	3163282202	228011	1129.92	498.50	26	29	-1	10.82	10.82
Saccade L	1	21	3163282202	3163310195	27993	1142.17	509.51	1230.25	510.57	1.68	127.67	0.71	59.89	6275.28	-5451.97	4079.97
Saccade R	1	20	3163282202	3163310195	27993	1142.17	509.51	1230.25	510.57	1.68	127.67	0.71	59.89	6275.28	-5451.97	4079.97
Fixation L	1	27	3163310195	3163446070	135875	1239.12	508.34	40	13	-1	11.08	11.08
Fixation R	1	25	3163310195	3163446070	135875	1239.12	508.34	40	13	-1	10.52	10.52
Saccade L	1	22	3163446070	3163514093	68023	1242.11	513.80	447.56	437.03	17.63	414.57	0.53	259.18	19622.04	-17223.88	10337.01
Saccade R	1	21	3163446070	3163514093	68023	1242.11	513.80	447.56	437.03	17.63	414.57	0.53	259.18	19622.04	-17223.88	10337.01
Fixation L	1	28	3163514093	3163826093	312000	436.37	440.98	23	23	-1	11.02	11.02
Fixation R	1	26	3163514093	3163826093	312000	436.37	440.98	23	23	-1	10.28	10.28
Saccade L	1	23	3163826093	3163850054	23961	435.56	455.20	400.95	447.34	0.75	55.42	0.50	31.32	2338.55	-1848.31	1521.26
Saccade R	1	22	3163826093	3163850054	23961	435.56	455.20	400.95	447.34	0.75	55.42	0.50	31.32	2338.55	-1848.31	1521.26
Fixation L	1	29	3163850054	3164250077	400023	371.74	436.73	39	38	-1	11.10	11.10
Fixation R	1	27	3163850054	3164250077	400023	371.74	436.73	39	38	-1	10.36	10.36
Saccade L	1	24	3164250077	3164302091	52014	373.59	460.04	402.33	397.67	1.50	58.78	0.23	28.79	2856.47	-1817.92	1336.43
Saccade R	1	23	3164250077	3164302091	52014	373.59	460.04	402.33	397.67	1.50	58.78	0.23	28.79	2856.47	-1817.92	1336.43
Fixation L	1	30	3164302091	3164666100	364009	418.89	393.85	45	18	-1	11.21	11.21
Fixation R	1	28	3164302091	3164666100	364009	418.89	393.85	45	18	-1	10.33	10.33
Saccade L	1	25	3164666100	3164702092	35992	440.88	397.61	351.43	383.26	1.91	120.33	0.33	53.07	5831.69	-5338.30	3732.61
Saccade R	1	24	3164666100	3164702092	35992	440.88	397.61	351.43	383.26	1.91	120.33	0.33	53.07	5831.69	-5338.30	3732.61
Fixation L	1	31	3164702092	3164986020	283928	270.76	293.28	599	557	-1	11.34	11.11
Fixation R	1	29	3164702092	3164873991	171899	350.19	388.31	8	15	-1	10.26	10.26
Saccade L	1	26	3164986020	3165113964	127944	0.00	0.00	1098.23	483.53	54.06	1786.74	0.22	422.56	49860.52	-67736.04	18155.28
Saccade L	1	27	3165161962	3165197961	35999	1101.53	490.73	1032.91	505.22	1.49	87.96	0.44	41.42	3903.01	-3602.35	2608.27
Saccade R	1	25	3165161962	3165197961	35999	1101.53	490.73	1032.91	505.22	1.49	87.96	0.44	41.42	3903.01	-3602.35	2608.27
Fixation L	1	32	3165197961	3165325970	128009	1011.96	497.31	44	15	-1	11.07	11.07
Fixation R	1	30	3165197961	3165325970	128009	1011.96	497.31	44	15	-1	10.67	10.67
Saccade L	1	28	3166530321	3166582324	52003	517.25	423.98	925.82	452.30	9.18	375.02	0.46	176.55	18642.82	-16823.81	11556.93
Saccade R	1	26	3166530321	3166582324	52003	517.25	423.98	925.82	452.30	9.18	375.02	0.46	176.55	18642.82	-16823.81	11556.93
Fixation L	1	33	3166582324	3166742381	160057	941.92	455.95	29	15	-1	11.98	11.98
Fixation R	1	31	3166582324	3166742381	160057	941.92	455.95	29	15	-1	11.61	11.61
Saccade L	1	29	3166742381	3166766320	23939	936.64	449.98	950.77	543.04	1.86	156.68	0.50	77.73	7037.02	-5727.13	4765.67
Saccade R	1	27	3166742381	3166766320	23939	936.64	449.98	950.77	543.04	1.86	156.68	0.50	77.73	7037.02	-5727.13	4765.67
Fixation L	1	34	3166766320	3166902349	136029	983.90	544.29	50	32	-1	11.84	11.84
Fixation R	1	32	3166766320	3166902349	136029	983.90	544.29	50	32	-1	11.39	11.39
Saccade L	1	30	3166902349	3166970330	67981	982.87	559.39	386.18	428.88	13.97	457.49	0.29	205.54	21744.84	-15902.31	10290.28
Saccade R	1	28	3166902349	3166970330	67981	982.87	559.39	386.18	428.88	13.97	457.49	0.29	205.54	21744.84	-15902.31	10290.28
Fixation L	1	35	3166970330	3167162200	191870	373.99	417.50	21	25	-1	11.48	11.48
Fixation R	1	33	3166970330	3167162200	191870	373.99	417.50	21	25	-1	10.54	10.54
