[BeGaze]
Converted from:	D:\Kirillov\Results\ermolova_temp\Nikol-eye_data.idf
Date:	17.04.2019 03:54:28
Version:	BeGaze 3.0.181
Sample Rate:	250
Subject:	Nikol
Description:	Run39

Table Header for Fixations:
Event Type	Trial	Number	Start	End	Duration	Location X	Location Y	Dispersion X	Dispersion Y	Plane	Avg. Pupil Size X	Avg. Pupil Size Y

Table Header for Saccades:
Event Type	Trial	Number	Start	End	Duration	Start Loc.X	Start Loc.Y	End Loc.X	End Loc.Y	Amplitude	Peak Speed	Peak Speed At	Average Speed	Peak Accel.	Peak Decel.	Average Accel.

Table Header for User Events:
Event Type	Trial	Number	Start	Description

UserEvent	1	1	8513712563	# Message: experiment-08.jpg
Saccade L	1	1	8514083813	8514119802	35989	571.90	419.26	599.71	383.44	0.89	41.27	0.33	24.68	1142.28	-3496.79	1251.23
Saccade R	1	1	8514083813	8514119802	35989	571.90	419.26	599.71	383.44	0.89	41.27	0.33	24.68	1142.28	-3496.79	1251.23
Fixation L	1	1	8514119802	8514283801	163999	599.47	369.98	19	31	-1	11.48	11.48
Fixation R	1	1	8514119802	8514283801	163999	599.47	369.98	19	31	-1	13.29	13.29
Saccade L	1	2	8514283801	8514331816	48015	612.49	350.45	847.51	615.44	8.10	456.86	0.33	168.73	22262.20	-20805.15	12526.53
Saccade R	1	2	8514283801	8514331816	48015	612.49	350.45	847.51	615.44	8.10	456.86	0.33	168.73	22262.20	-20805.15	12526.53
Fixation L	1	2	8514331816	8514475827	144011	871.76	648.07	30	45	-1	11.24	11.24
Fixation R	1	2	8514331816	8514475827	144011	871.76	648.07	30	45	-1	13.02	13.02
Saccade L	1	3	8514475827	8514511828	36001	877.90	661.31	715.57	654.39	3.39	231.99	0.56	94.03	10941.36	-10766.17	7505.73
Saccade R	1	3	8514475827	8514511828	36001	877.90	661.31	715.57	654.39	3.39	231.99	0.56	94.03	10941.36	-10766.17	7505.73
Fixation L	1	3	8514511828	8514951699	439871	702.84	636.84	27	57	-1	11.13	11.13
Fixation R	1	3	8514511828	8514951699	439871	702.84	636.84	27	57	-1	12.79	12.79
Saccade L	1	4	8514951699	8515015689	63990	709.15	609.24	715.44	771.36	4.27	278.61	0.44	66.73	11862.86	-11604.66	4920.17
Saccade R	1	4	8514951699	8515015689	63990	709.15	609.24	715.44	771.36	4.27	278.61	0.44	66.73	11862.86	-11604.66	4920.17
Fixation L	1	4	8515015689	8515099711	84022	719.19	774.40	8	5	-1	10.72	10.72
Fixation R	1	4	8515015689	8515099711	84022	719.19	774.40	8	5	-1	12.49	12.49
Saccade L	1	5	8515099711	8515175700	75989	714.93	774.27	740.54	796.21	5.03	202.67	0.37	66.14	7317.11	-6644.90	3419.54
Saccade R	1	5	8515099711	8515175700	75989	714.93	774.27	740.54	796.21	5.03	202.67	0.37	66.14	7317.11	-6644.90	3419.54
Fixation L	1	5	8515175700	8515331735	156035	720.25	796.11	27	34	-1	10.92	10.92
Fixation R	1	5	8515175700	8515331735	156035	720.25	796.11	27	34	-1	12.32	12.32
Saccade L	1	6	8515331735	8515379723	47988	717.08	797.01	742.94	713.59	2.15	129.97	0.25	44.75	5266.22	-5066.19	2714.28
Saccade R	1	6	8515331735	8515379723	47988	717.08	797.01	742.94	713.59	2.15	129.97	0.25	44.75	5266.22	-5066.19	2714.28
Fixation L	1	6	8515379723	8515467703	87980	738.23	709.44	15	17	-1	10.87	10.87
Fixation R	1	6	8515379723	8515576595	196872	453.56	438.83	747	721	-1	11.76	11.76
Saccade L	1	7	8515467703	8515507720	40017	731.69	713.42	0.00	0.00	21.61	1956.41	0.70	540.11	80982.93	-81583.50	44891.46
Fixation L	1	7	8515507720	8515576595	68875	0.00	0.00	0	0	-1	7.51	7.51
Fixation L	1	8	8515667739	8516027593	359854	1084.75	303.35	20	11	-1	11.21	11.21
Fixation R	1	7	8515667739	8516027593	359854	1084.75	303.35	20	11	-1	12.67	12.67
Saccade L	1	8	8516027593	8516091624	64031	1091.53	302.73	780.17	783.89	13.01	498.70	0.37	203.21	23262.17	-20665.67	12532.55
Saccade R	1	7	8516027593	8516091624	64031	1091.53	302.73	780.17	783.89	13.01	498.70	0.37	203.21	23262.17	-20665.67	12532.55
Fixation L	1	9	8516091624	8516151621	59997	779.95	784.98	11	19	-1	11.16	11.16
Fixation R	1	8	8516091624	8516151621	59997	779.95	784.98	11	19	-1	12.71	12.71
Saccade L	1	9	8516151621	8516211602	59981	766.63	769.98	767.66	830.76	1.65	44.22	0.60	27.53	1027.96	-1458.93	685.12
Saccade R	1	8	8516151621	8516211602	59981	766.63	769.98	767.66	830.76	1.65	44.22	0.60	27.53	1027.96	-1458.93	685.12
Saccade L	1	10	8516211602	8516251646	40044	767.66	830.76	759.64	784.43	1.15	53.20	0.50	28.75	1895.59	-2147.59	1295.44
Saccade R	1	9	8516211602	8516251646	40044	767.66	830.76	759.64	784.43	1.15	53.20	0.50	28.75	1895.59	-2147.59	1295.44
Saccade L	1	11	8516275629	8516303598	27969	756.92	773.40	716.06	821.96	1.29	95.24	0.57	46.24	4235.39	-3649.42	2880.87
Saccade R	1	10	8516275629	8516303598	27969	756.92	773.40	716.06	821.96	1.29	95.24	0.57	46.24	4235.39	-3649.42	2880.87
Fixation L	1	10	8516303598	8516523624	220026	708.30	806.96	13	21	-1	10.94	10.94
Fixation R	1	9	8516303598	8516523624	220026	708.30	806.96	13	21	-1	12.41	12.41
Fixation L	1	11	8516583609	8516855608	271999	904.88	313.85	22	43	-1	11.16	11.16
Fixation R	1	10	8516583609	8516855608	271999	904.88	313.85	22	43	-1	12.66	12.66
Saccade L	1	12	8516855608	8516899612	44004	889.63	300.13	1084.81	285.71	4.19	239.09	0.36	95.13	10374.60	-8637.17	6240.76
Saccade R	1	11	8516855608	8516899612	44004	889.63	300.13	1084.81	285.71	4.19	239.09	0.36	95.13	10374.60	-8637.17	6240.76
Fixation L	1	12	8516899612	8517091610	191998	1091.47	295.61	14	23	-1	11.39	11.39
Fixation R	1	11	8516899612	8517091610	191998	1091.47	295.61	14	23	-1	12.95	12.95
Saccade R	1	12	8517091610	8517127624	36014	1094.20	305.74	0.00	0.00	30.80	2519.67	0.67	855.14	99368.01	-109519.39	65458.62
Fixation R	1	12	8517127624	8517187621	59997	0.00	0.00	0	0	-1	11.21	11.21
Fixation L	1	13	8517279619	8517463530	183911	1129.67	302.67	22	18	-1	11.71	11.71
Fixation R	1	13	8517279619	8517463530	183911	1129.67	302.67	22	18	-1	12.99	12.99
Saccade L	1	13	8517463530	8517563499	99969	1118.28	297.24	834.69	746.54	12.14	345.03	0.24	121.41	16641.37	-9048.83	5704.25
Saccade R	1	13	8517463530	8517563499	99969	1118.28	297.24	834.69	746.54	12.14	345.03	0.24	121.41	16641.37	-9048.83	5704.25
Fixation L	1	14	8517563499	8517707516	144017	826.86	755.51	21	27	-1	11.77	11.77
Fixation R	1	14	8517563499	8517707516	144017	826.86	755.51	21	27	-1	13.11	13.11
Saccade L	1	14	8517707516	8517747530	40014	837.03	765.37	771.83	817.87	2.73	157.07	0.40	68.29	6943.86	-6180.61	4604.21
Saccade R	1	14	8517707516	8517747530	40014	837.03	765.37	771.83	817.87	2.73	157.07	0.40	68.29	6943.86	-6180.61	4604.21
Fixation L	1	15	8517747530	8518119522	371992	791.19	844.32	41	45	-1	11.76	11.76
Fixation R	1	15	8517747530	8518119522	371992	791.19	844.32	41	45	-1	12.93	12.93
Saccade L	1	15	8518119522	8518151516	31994	807.48	833.63	919.10	831.37	2.27	161.72	0.50	71.10	7623.72	-7575.50	5421.76
Saccade R	1	15	8518119522	8518151516	31994	807.48	833.63	919.10	831.37	2.27	161.72	0.50	71.10	7623.72	-7575.50	5421.76
Fixation L	1	16	8518151516	8518483548	332032	908.25	809.47	20	42	-1	11.58	11.58
Fixation R	1	16	8518151516	8518483548	332032	908.25	809.47	20	42	-1	13.01	13.01
Saccade L	1	16	8518483548	8518511610	28062	911.46	812.18	865.62	816.92	1.03	72.57	0.43	36.76	3503.16	-3236.45	2466.14
Saccade R	1	16	8518483548	8518511610	28062	911.46	812.18	865.62	816.92	1.03	72.57	0.43	36.76	3503.16	-3236.45	2466.14
Fixation L	1	17	8518511610	8518855424	343814	865.93	822.79	21	23	-1	11.55	11.55
Fixation R	1	17	8518511610	8518855424	343814	865.93	822.79	21	23	-1	12.95	12.95
Saccade L	1	17	8518855424	8518899424	44000	877.32	823.39	777.23	802.97	2.72	175.96	0.27	61.71	8177.37	-7133.88	4393.41
Saccade R	1	17	8518855424	8518899424	44000	877.32	823.39	777.23	802.97	2.72	175.96	0.27	61.71	8177.37	-7133.88	4393.41
Fixation L	1	18	8518899424	8519127428	228004	775.27	807.43	27	23	-1	11.39	11.39
Fixation R	1	18	8518899424	8519127428	228004	775.27	807.43	27	23	-1	12.89	12.89
Saccade L	1	18	8519127428	8519159406	31978	786.14	795.91	0.00	0.00	23.91	2120.30	0.62	747.76	89075.13	-89949.77	60921.69
Fixation L	1	19	8519159406	8519251421	92015	0.00	0.00	0	0	-1	12.03	12.03
Fixation L	1	20	8519315411	8519455449	140038	796.91	670.95	8	29	-1	11.51	11.51
Fixation R	1	19	8519315411	8519455449	140038	796.91	670.95	8	29	-1	12.99	12.99
Saccade L	1	19	8519455449	8519487445	31996	800.05	674.32	677.44	799.70	3.65	262.17	0.50	114.01	12673.60	-12567.17	9006.96
Saccade R	1	18	8519455449	8519487445	31996	800.05	674.32	677.44	799.70	3.65	262.17	0.50	114.01	12673.60	-12567.17	9006.96
Fixation L	1	21	8519487445	8519715423	227978	659.05	802.75	27	23	-1	11.56	11.56
Fixation R	1	20	8519487445	8519715423	227978	659.05	802.75	27	23	-1	13.19	13.19
Saccade L	1	20	8519715423	8519759433	44010	649.47	801.80	739.23	722.84	2.74	141.96	0.36	62.34	7003.46	-6582.77	4450.36
Saccade R	1	19	8519715423	8519759433	44010	649.47	801.80	739.23	722.84	2.74	141.96	0.36	62.34	7003.46	-6582.77	4450.36
Fixation L	1	22	8519759433	8519923437	164004	734.91	726.68	22	7	-1	11.90	11.90
Fixation R	1	21	8519759433	8519923437	164004	734.91	726.68	22	7	-1	13.21	13.21
Saccade L	1	21	8519923437	8519979462	56025	721.45	725.87	0.00	0.00	35.26	2617.35	0.79	629.32	93853.99	-109803.46	42822.30
Saccade R	1	20	8519923437	8519979462	56025	721.45	725.87	0.00	0.00	35.26	2617.35	0.79	629.32	93853.99	-109803.46	42822.30
Fixation L	1	23	8519979462	8520455313	475851	0.00	0.00	0	0	-1	10.73	10.73
Fixation R	1	22	8519979462	8520455313	475851	0.00	0.00	0	0	-1	12.95	12.95
