[BeGaze]
Converted from:	D:\Kirillov\Results\ermolova_temp\Yulia-eye_data.idf
Date:	17.04.2019 03:53:19
Version:	BeGaze 3.0.181
Sample Rate:	250
Subject:	Yulia
Description:	Run22

Table Header for Fixations:
Event Type	Trial	Number	Start	End	Duration	Location X	Location Y	Dispersion X	Dispersion Y	Plane	Avg. Pupil Size X	Avg. Pupil Size Y

Table Header for Saccades:
Event Type	Trial	Number	Start	End	Duration	Start Loc.X	Start Loc.Y	End Loc.X	End Loc.Y	Amplitude	Peak Speed	Peak Speed At	Average Speed	Peak Accel.	Peak Decel.	Average Accel.

Table Header for User Events:
Event Type	Trial	Number	Start	Description

UserEvent	1	1	9462602952	# Message: experiment-16.jpg
Fixation L	1	1	9462639102	9462727106	88004	439.27	388.68	45	39	-1	13.44	13.44
Fixation R	1	1	9462639102	9462727106	88004	439.27	388.68	45	39	-1	11.50	11.50
Saccade L	1	1	9462727106	9462759154	32048	449.26	411.42	417.85	374.74	0.85	43.22	0.62	26.41	1581.08	-1486.90	1160.70
Saccade R	1	1	9462727106	9462759154	32048	449.26	411.42	417.85	374.74	0.85	43.22	0.62	26.41	1581.08	-1486.90	1160.70
Fixation L	1	2	9462759154	9462843123	83969	421.09	380.74	21	11	-1	13.40	13.40
Fixation R	1	2	9462759154	9462843123	83969	421.09	380.74	21	11	-1	11.73	11.73
Saccade L	1	2	9462843123	9462943125	100002	413.43	376.78	1131.71	476.76	17.44	417.30	0.24	174.39	18482.44	-16231.24	6630.25
Saccade R	1	2	9462843123	9462943125	100002	413.43	376.78	1131.71	476.76	17.44	417.30	0.24	174.39	18482.44	-16231.24	6630.25
Fixation L	1	3	9462943125	9463099134	156009	1127.78	483.67	12	27	-1	13.18	13.18
Fixation R	1	3	9462943125	9463099134	156009	1127.78	483.67	12	27	-1	11.71	11.71
Saccade L	1	3	9463099134	9463219118	119984	1129.94	487.33	456.20	332.39	17.86	371.04	0.40	148.82	9668.96	-13413.44	4745.71
Saccade R	1	3	9463099134	9463219118	119984	1129.94	487.33	456.20	332.39	17.86	371.04	0.40	148.82	9668.96	-13413.44	4745.71
Saccade L	1	4	9463219118	9463251112	31994	456.20	332.39	481.17	331.68	0.79	46.54	0.38	24.58	903.01	-1056.39	588.78
Saccade R	1	4	9463219118	9463251112	31994	456.20	332.39	481.17	331.68	0.79	46.54	0.38	24.58	903.01	-1056.39	588.78
Saccade L	1	5	9463287127	9463319139	32012	498.43	320.39	480.54	293.02	0.81	46.26	0.62	25.15	1427.18	-2047.64	1163.14
Saccade R	1	5	9463287127	9463319139	32012	498.43	320.39	480.54	293.02	0.81	46.26	0.62	25.15	1427.18	-2047.64	1163.14
Saccade L	1	6	9463327128	9463355117	27989	476.31	291.77	469.24	309.57	0.51	43.90	0.71	18.16	1638.97	-1123.98	758.14
Saccade R	1	6	9463327128	9463355117	27989	476.31	291.77	469.24	309.57	0.51	43.90	0.71	18.16	1638.97	-1123.98	758.14
Fixation L	1	4	9463538989	9463659031	120042	0.00	0.00	0	0	-1	9.05	8.95
Fixation R	1	4	9463538989	9463659031	120042	0.00	0.00	0	0	-1	5.89	5.89
Saccade L	1	7	9463807051	9463878997	71946	1256.97	548.73	1247.45	642.36	6.53	311.93	0.50	90.80	9098.83	-12201.66	4245.70
Saccade R	1	7	9463807051	9463878997	71946	1256.97	548.73	1247.45	642.36	6.53	311.93	0.50	90.80	9098.83	-12201.66	4245.70
Fixation L	1	5	9463878997	9464039013	160016	1221.18	647.28	38	49	-1	14.46	14.46
Fixation R	1	5	9463878997	9464039013	160016	1221.18	647.28	38	49	-1	12.37	12.37
Saccade L	1	8	9464039013	9464107030	68017	1213.84	654.99	1202.01	653.68	1.70	51.14	0.53	24.98	1250.07	-850.27	566.90
Saccade R	1	8	9464039013	9464107030	68017	1213.84	654.99	1202.01	653.68	1.70	51.14	0.53	24.98	1250.07	-850.27	566.90
Saccade L	1	9	9464115011	9464171026	56015	1216.87	654.27	1057.40	641.11	3.68	169.29	0.36	65.75	6920.12	-7335.33	3837.71
Saccade R	1	9	9464115011	9464171026	56015	1216.87	654.27	1057.40	641.11	3.68	169.29	0.36	65.75	6920.12	-7335.33	3837.71
Fixation L	1	6	9464171026	9464255020	83994	1044.24	643.64	26	21	-1	14.27	14.27
Fixation R	1	6	9464171026	9464255020	83994	1044.24	643.64	26	21	-1	12.11	12.11
Saccade L	1	10	9464255020	9464315010	59990	1055.17	646.79	869.32	759.03	5.68	332.97	0.73	94.74	20903.70	-7568.93	5844.12
Saccade R	1	10	9464255020	9464315010	59990	1055.17	646.79	869.32	759.03	5.68	332.97	0.73	94.74	20903.70	-7568.93	5844.12
Fixation L	1	7	9464315010	9464475022	160012	203.72	115.99	1599	880	-1	7.30	7.30
Saccade R	1	11	9464315010	9464355050	40040	869.32	759.03	0.00	0.00	39.75	3029.47	0.70	992.76	90258.20	-128406.09	61446.83
Fixation R	1	7	9464355050	9464475022	119972	0.00	0.00	0	0	-1	5.24	5.24
Saccade L	1	11	9464475022	9464559054	84032	0.00	0.00	520.88	432.69	26.76	861.58	0.38	318.44	36086.84	-29337.31	13636.61
Saccade R	1	12	9464475022	9464559054	84032	0.00	0.00	520.88	432.69	26.76	861.58	0.38	318.44	36086.84	-29337.31	13636.61
Fixation L	1	8	9464559054	9464810908	251854	540.59	466.81	44	58	-1	13.79	13.79
Fixation R	1	8	9464559054	9464810908	251854	540.59	466.81	44	58	-1	11.79	11.79
Saccade L	1	12	9464902914	9464954907	51993	423.70	226.65	453.70	165.52	1.88	100.90	0.69	36.17	3464.06	-2580.38	1658.62
Saccade R	1	13	9464902914	9464954907	51993	423.70	226.65	453.70	165.52	1.88	100.90	0.69	36.17	3464.06	-2580.38	1658.62
Saccade L	1	13	9465002918	9465066932	64014	437.35	199.57	460.78	262.55	1.58	42.45	0.56	24.75	1026.61	-1360.63	786.45
Saccade R	1	14	9465002918	9465066932	64014	437.35	199.57	460.78	262.55	1.58	42.45	0.56	24.75	1026.61	-1360.63	786.45
Fixation L	1	9	9465066932	9465118917	51985	459.55	260.91	4	15	-1	14.00	14.00
Fixation R	1	9	9465066932	9465118917	51985	459.55	260.91	4	15	-1	12.12	12.12
Saccade L	1	14	9465174922	9465198954	24032	465.83	272.08	468.20	209.81	1.21	112.70	0.33	50.22	-1739.38	-4391.80	3076.98
Saccade R	1	15	9465174922	9465198954	24032	465.83	272.08	468.20	209.81	1.21	112.70	0.33	50.22	-1739.38	-4391.80	3076.98
Saccade L	1	15	9465242921	9465374913	131992	460.66	213.36	455.74	33.76	9.60	253.00	0.70	72.70	7586.20	-10679.41	2628.56
Saccade R	1	16	9465242921	9465374913	131992	460.66	213.36	455.74	33.76	9.60	253.00	0.70	72.70	7586.20	-10679.41	2628.56
Saccade L	1	16	9465394941	9465494912	99971	450.38	18.55	416.35	-21.08	6.69	230.65	0.36	66.96	7451.01	-5493.40	2060.42
Saccade R	1	17	9465394941	9465494912	99971	450.38	18.55	416.35	-21.08	6.69	230.65	0.36	66.96	7451.01	-5493.40	2060.42
Saccade L	1	17	9465510918	9465554920	44002	413.23	24.72	414.60	21.71	1.95	96.86	0.36	44.23	2191.20	-2839.35	1853.75
Saccade R	1	18	9465510918	9465554920	44002	413.23	24.72	414.60	21.71	1.95	96.86	0.36	44.23	2191.20	-2839.35	1853.75
Saccade L	1	18	9465586909	9465614947	28038	417.23	14.59	424.71	41.83	0.75	45.58	0.43	26.83	1453.71	-533.45	673.26
Saccade R	1	19	9465586909	9465614947	28038	417.23	14.59	424.71	41.83	0.75	45.58	0.43	26.83	1453.71	-533.45	673.26
Saccade L	1	19	9465642931	9465670932	28001	427.48	99.18	422.90	7.25	1.72	108.68	0.43	61.39	2791.52	-2792.50	1889.49
Saccade R	1	20	9465642931	9465670932	28001	427.48	99.18	422.90	7.25	1.72	108.68	0.43	61.39	2791.52	-2792.50	1889.49
Saccade L	1	20	9465670932	9465786914	115982	422.90	7.25	409.59	74.77	6.91	142.58	0.35	59.56	3161.14	-2858.91	1193.52
Saccade R	1	21	9465670932	9465786914	115982	422.90	7.25	409.59	74.77	6.91	142.58	0.35	59.56	3161.14	-2858.91	1193.52
Saccade L	1	21	9465786914	9465818923	32009	409.59	74.77	394.14	26.32	0.94	59.88	0.63	29.48	2551.46	-371.29	1200.07
Saccade R	1	22	9465786914	9465818923	32009	409.59	74.77	394.14	26.32	0.94	59.88	0.63	29.48	2551.46	-371.29	1200.07
Saccade L	1	22	9465858916	9465918926	60010	380.00	42.08	372.93	31.34	2.46	70.64	0.27	40.92	9681.88	-1320.12	1591.73
Saccade R	1	23	9465858916	9465918926	60010	380.00	42.08	372.93	31.34	2.46	70.64	0.27	40.92	9681.88	-1320.12	1591.73
Saccade L	1	23	9465918926	9466054934	136008	372.93	31.34	510.91	230.15	14.68	361.63	0.65	107.94	13469.42	-9796.89	4412.10
Saccade R	1	24	9465918926	9466054934	136008	372.93	31.34	510.91	230.15	14.68	361.63	0.65	107.94	13469.42	-9796.89	4412.10
Saccade L	1	24	9466074940	9466110929	35989	503.39	238.18	464.74	222.11	1.04	54.01	0.56	28.89	2060.23	-2004.59	1343.05
Saccade R	1	25	9466074940	9466110929	35989	503.39	238.18	464.74	222.11	1.04	54.01	0.56	28.89	2060.23	-2004.59	1343.05
Saccade L	1	25	9466138943	9466246807	107864	462.85	220.09	972.44	448.67	14.51	328.56	0.26	134.50	11642.55	-10600.56	4410.03
Saccade R	1	26	9466138943	9466246807	107864	462.85	220.09	972.44	448.67	14.51	328.56	0.26	134.50	11642.55	-10600.56	4410.03
Fixation L	1	10	9466246807	9466310807	64000	979.19	444.28	41	24	-1	14.79	14.79
Fixation R	1	10	9466246807	9466310807	64000	979.19	444.28	41	24	-1	12.48	12.48
Saccade L	1	26	9466310807	9466346814	36007	965.95	438.44	966.49	416.51	0.85	41.33	0.56	23.49	799.27	-1804.95	741.00
Saccade R	1	27	9466310807	9466346814	36007	965.95	438.44	966.49	416.51	0.85	41.33	0.56	23.49	799.27	-1804.95	741.00
Saccade L	1	27	9466374814	9466430846	56032	965.50	417.95	1061.24	512.93	5.91	263.76	0.43	105.54	10227.84	-9770.95	5762.96
Saccade R	1	28	9466374814	9466430846	56032	965.50	417.95	1061.24	512.93	5.91	263.76	0.43	105.54	10227.84	-9770.95	5762.96
Fixation L	1	11	9466430846	9466594806	163960	1052.09	511.41	43	58	-1	14.68	14.68
Fixation R	1	11	9466430846	9466594806	163960	1052.09	511.41	43	58	-1	12.27	12.27
Saccade L	1	28	9466594806	9466630822	36016	1055.20	468.81	1031.11	487.95	0.88	47.47	0.33	24.41	984.92	-1038.94	634.89
Saccade R	1	29	9466594806	9466630822	36016	1055.20	468.81	1031.11	487.95	0.88	47.47	0.33	24.41	984.92	-1038.94	634.89
Fixation L	1	12	9466630822	9466750842	120020	1031.11	473.93	38	39	-1	14.52	14.52
Fixation R	1	12	9466630822	9466750842	120020	1031.11	473.93	38	39	-1	12.13	12.13
Saccade L	1	29	9466750842	9466902835	151993	1046.10	496.36	1250.55	583.98	12.93	196.44	0.42	85.04	5052.54	-5481.44	2343.55
Saccade R	1	30	9466750842	9466902835	151993	1046.10	496.36	1250.55	583.98	12.93	196.44	0.42	85.04	5052.54	-5481.44	2343.55
Saccade L	1	30	9466918821	9466938826	20005	1249.01	531.77	1243.46	592.28	0.69	75.80	0.40	34.29	1048.78	-2931.81	1551.33
Saccade R	1	31	9466918821	9466938826	20005	1249.01	531.77	1243.46	592.28	0.69	75.80	0.40	34.29	1048.78	-2931.81	1551.33
Saccade L	1	31	9466950832	9466986841	36009	1243.33	593.27	1240.74	554.27	0.96	63.98	0.78	26.55	1903.61	-961.68	957.58
Saccade R	1	32	9466950832	9466986841	36009	1243.33	593.27	1240.74	554.27	0.96	63.98	0.78	26.55	1903.61	-961.68	957.58
Saccade L	1	32	9467018819	9467062838	44019	1242.05	578.19	1216.50	527.17	1.57	85.77	0.64	35.59	2989.36	-3574.88	2043.97
Saccade R	1	33	9467018819	9467062838	44019	1242.05	578.19	1216.50	527.17	1.57	85.77	0.64	35.59	2989.36	-3574.88	2043.97
Saccade L	1	33	9467090828	9467138840	48012	1220.17	529.71	1208.75	574.85	1.27	58.70	0.33	26.49	5059.99	-1784.66	1608.89
Saccade R	1	34	9467090828	9467138840	48012	1220.17	529.71	1208.75	574.85	1.27	58.70	0.33	26.49	5059.99	-1784.66	1608.89
Saccade L	1	34	9467138840	9467162859	24019	1208.75	574.85	1198.00	589.38	1.88	167.56	0.50	78.33	6540.18	-7831.95	5026.83
Saccade R	1	35	9467138840	9467162859	24019	1208.75	574.85	1198.00	589.38	1.88	167.56	0.50	78.33	6540.18	-7831.95	5026.83
Saccade L	1	35	9467198743	9467230752	32009	1209.43	584.62	1181.50	628.28	2.84	200.91	0.25	88.68	3247.72	-5567.64	2735.05
Saccade R	1	36	9467198743	9467230752	32009	1209.43	584.62	1181.50	628.28	2.84	200.91	0.25	88.68	3247.72	-5567.64	2735.05
Saccade L	1	36	9467266830	9467302834	36004	1174.48	616.69	1182.45	715.88	2.05	132.38	0.56	56.96	5270.36	-5574.59	3594.68
Saccade R	1	37	9467266830	9467302834	36004	1174.48	616.69	1182.45	715.88	2.05	132.38	0.56	56.96	5270.36	-5574.59	3594.68
Saccade L	1	37	9467302834	9467346846	44012	1182.45	715.88	1193.82	718.18	3.75	216.91	0.73	85.30	8000.07	-8513.48	4708.75
Saccade R	1	38	9467302834	9467346846	44012	1182.45	715.88	1193.82	718.18	3.75	216.91	0.73	85.30	8000.07	-8513.48	4708.75
Fixation L	1	13	9467346846	9467450862	104016	1174.83	727.33	45	13	-1	14.63	14.63
Fixation R	1	13	9467346846	9467450862	104016	1174.83	727.33	45	13	-1	12.15	12.15
Saccade L	1	38	9467450862	9467666732	215870	1148.13	730.22	482.35	253.02	77.15	1506.56	0.41	357.41	44239.32	-41626.60	12428.59
Saccade R	1	39	9467450862	9467666732	215870	1148.13	730.22	482.35	253.02	77.15	1506.56	0.41	357.41	44239.32	-41626.60	12428.59
Saccade L	1	39	9467666732	9467694710	27978	482.35	253.02	465.32	224.98	0.76	43.17	0.43	27.00	794.53	-1178.63	622.19
Saccade R	1	40	9467666732	9467694710	27978	482.35	253.02	465.32	224.98	0.76	43.17	0.43	27.00	794.53	-1178.63	622.19
Saccade L	1	40	9467694710	9467714710	20000	465.32	224.98	457.25	200.72	0.50	40.50	0.60	24.76	694.14	-1017.39	586.08
Saccade R	1	41	9467694710	9467714710	20000	465.32	224.98	457.25	200.72	0.50	40.50	0.60	24.76	694.14	-1017.39	586.08
Fixation L	1	14	9467714710	9468158742	444032	477.38	227.44	35	78	-1	14.23	14.23
Fixation R	1	14	9467714710	9468158742	444032	477.38	227.44	35	78	-1	12.17	12.17
Saccade L	1	41	9468158742	9468238722	79980	464.05	222.87	428.14	145.77	2.80	81.95	0.40	34.96	2627.59	-2466.67	919.67
Saccade R	1	42	9468158742	9468238722	79980	464.05	222.87	428.14	145.77	2.80	81.95	0.40	34.96	2627.59	-2466.67	919.67
Saccade L	1	42	9468238722	9468258718	19996	428.14	145.77	421.85	109.41	0.60	44.52	0.60	30.11	633.08	-773.21	529.76
Saccade R	1	43	9468238722	9468258718	19996	428.14	145.77	421.85	109.41	0.60	44.52	0.60	30.11	633.08	-773.21	529.76
Fixation L	1	15	9468258718	9468454740	196022	421.76	143.09	21	60	-1	13.49	13.49
Fixation R	1	15	9468258718	9468454740	196022	421.76	143.09	21	60	-1	11.60	11.60
Saccade L	1	43	9468454740	9468498737	43997	418.79	139.27	397.59	89.12	2.17	128.08	0.36	49.36	4792.84	-4698.17	2535.35
Saccade R	1	44	9468454740	9468498737	43997	418.79	139.27	397.59	89.12	2.17	128.08	0.36	49.36	4792.84	-4698.17	2535.35
Saccade L	1	44	9468498737	9468526751	28014	397.59	89.12	446.23	98.13	0.92	45.14	0.29	33.00	770.35	-1470.44	817.97
Saccade R	1	45	9468498737	9468526751	28014	397.59	89.12	446.23	98.13	0.92	45.14	0.29	33.00	770.35	-1470.44	817.97
Saccade L	1	45	9468526751	9468570759	44008	446.23	98.13	411.24	95.83	1.04	42.58	0.45	23.60	1033.30	-1099.26	656.83
Saccade R	1	46	9468526751	9468570759	44008	446.23	98.13	411.24	95.83	1.04	42.58	0.45	23.60	1033.30	-1099.26	656.83
Saccade L	1	46	9468578723	9468602740	24017	413.16	94.04	397.70	122.40	0.61	44.81	0.50	25.41	1536.09	-1779.28	1205.47
Saccade R	1	47	9468578723	9468602740	24017	413.16	94.04	397.70	122.40	0.61	44.81	0.50	25.41	1536.09	-1779.28	1205.47
Fixation L	1	16	9468602740	9468666742	64002	409.48	123.52	23	14	-1	13.24	13.24
Fixation R	1	16	9468602740	9468838734	235994	237.70	109.51	618	871	-1	8.39	8.39
Saccade L	1	47	9468666742	9468766731	99989	419.55	121.75	0.00	0.00	35.08	1140.53	0.68	350.86	35983.93	-33715.27	13296.08
Fixation L	1	17	9468766731	9468838734	72003	0.00	0.00	0	0	-1	9.29	9.29
Saccade L	1	48	9468838734	9468954769	116035	0.00	0.00	1198.17	579.51	54.14	2923.68	0.24	466.54	65067.09	-102992.66	20481.21
Saccade R	1	48	9468838734	9468954769	116035	0.00	0.00	1198.17	579.51	54.14	2923.68	0.24	466.54	65067.09	-102992.66	20481.21
Fixation L	1	18	9468954769	9469106622	151853	1206.34	583.73	37	64	-1	14.22	14.22
Fixation R	1	17	9468954769	9469106622	151853	1206.34	583.73	37	64	-1	12.04	12.04
Saccade L	1	49	9469106622	9469142625	36003	1217.72	608.16	1230.37	578.10	0.77	42.27	0.78	21.50	1103.16	-560.18	482.81
Saccade R	1	49	9469106622	9469142625	36003	1217.72	608.16	1230.37	578.10	0.77	42.27	0.78	21.50	1103.16	-560.18	482.81
Fixation L	1	19	9469142625	9469242618	99993	1211.15	574.13	32	17	-1	14.82	14.82
Fixation R	1	18	9469142625	9469242618	99993	1211.15	574.13	32	17	-1	12.34	12.34
Saccade L	1	50	9469242618	9469290656	48038	1221.82	585.22	1201.65	513.04	1.47	60.25	0.33	30.54	2206.68	-1760.23	1293.40
Saccade R	1	50	9469242618	9469290656	48038	1221.82	585.22	1201.65	513.04	1.47	60.25	0.33	30.54	2206.68	-1760.23	1293.40
Saccade L	1	51	9469310659	9469394617	83958	1208.50	532.17	1227.11	515.39	3.74	129.52	0.38	44.57	5401.27	-3658.33	1662.59
Saccade R	1	51	9469310659	9469394617	83958	1208.50	532.17	1227.11	515.39	3.74	129.52	0.38	44.57	5401.27	-3658.33	1662.59
Fixation L	1	20	9469394617	9469630637	236020	1221.23	496.51	48	40	-1	14.26	14.26
Fixation R	1	19	9469394617	9469630637	236020	1221.23	496.51	48	40	-1	11.86	11.86
Saccade L	1	52	9469630637	9469678631	47994	1252.08	495.41	1226.87	680.14	4.09	158.88	0.58	85.28	6264.88	-7467.02	4675.52
Saccade R	1	52	9469630637	9469678631	47994	1252.08	495.41	1226.87	680.14	4.09	158.88	0.58	85.28	6264.88	-7467.02	4675.52
Saccade L	1	53	9469710667	9469742664	31997	1247.33	637.35	1219.93	679.28	0.91	63.14	0.25	28.44	-274.46	-1910.98	1180.38
Saccade R	1	53	9469710667	9469742664	31997	1247.33	637.35	1219.93	679.28	0.91	63.14	0.25	28.44	-274.46	-1910.98	1180.38
Fixation L	1	21	9469742664	9469798657	55993	1230.94	686.87	21	31	-1	14.14	14.14
Fixation R	1	20	9469742664	9469798657	55993	1230.94	686.87	21	31	-1	11.60	11.60
Saccade L	1	54	9469798657	9469862658	64001	1241.30	689.05	1250.51	655.88	2.21	80.82	0.50	34.60	3051.35	-1811.08	1136.55
Saccade R	1	54	9469798657	9469862658	64001	1241.30	689.05	1250.51	655.88	2.21	80.82	0.50	34.60	3051.35	-1811.08	1136.55
Saccade L	1	55	9469862658	9469906638	43980	1250.51	655.88	1181.59	695.75	3.88	237.97	0.55	88.25	8289.27	-9217.72	5013.86
Saccade R	1	55	9469862658	9469906638	43980	1250.51	655.88	1181.59	695.75	3.88	237.97	0.55	88.25	8289.27	-9217.72	5013.86
Saccade L	1	56	9469906638	9469962632	55994	1181.59	695.75	1084.51	703.40	4.16	222.01	0.57	74.23	6916.11	-8962.69	4072.53
Saccade R	1	56	9469906638	9469962632	55994	1181.59	695.75	1084.51	703.40	4.16	222.01	0.57	74.23	6916.11	-8962.69	4072.53
Saccade L	1	57	9469962632	9469994643	32011	1084.51	703.40	1079.31	700.09	1.02	42.82	0.38	31.84	5992.73	-469.78	1468.47
Saccade R	1	57	9469962632	9469994643	32011	1084.51	703.40	1079.31	700.09	1.02	42.82	0.38	31.84	5992.73	-469.78	1468.47
Saccade L	1	58	9469994643	9470146643	152000	1079.31	700.09	957.55	700.28	15.58	253.51	0.37	102.53	9755.19	-5799.76	2946.51
Saccade R	1	58	9469994643	9470146643	152000	1079.31	700.09	957.55	700.28	15.58	253.51	0.37	102.53	9755.19	-5799.76	2946.51
Saccade L	1	59	9470146643	9470182645	36002	957.55	700.28	939.82	693.15	2.17	133.32	0.56	60.35	4810.16	-3536.95	2086.66
Saccade R	1	59	9470146643	9470182645	36002	957.55	700.28	939.82	693.15	2.17	133.32	0.56	60.35	4810.16	-3536.95	2086.66
Saccade L	1	60	9470182645	9470278670	96025	939.82	693.15	961.73	690.12	11.45	393.86	0.38	119.27	12523.17	-12319.68	4112.24
Saccade R	1	60	9470182645	9470278670	96025	939.82	693.15	961.73	690.12	11.45	393.86	0.38	119.27	12523.17	-12319.68	4112.24
Saccade L	1	61	9470310677	9470366646	55969	979.26	687.76	995.38	653.35	2.93	120.00	0.29	52.35	5475.57	-3830.13	2344.05
Saccade R	1	61	9470310677	9470366646	55969	979.26	687.76	995.38	653.35	2.93	120.00	0.29	52.35	5475.57	-3830.13	2344.05
Saccade L	1	62	9470406538	9470450528	43990	964.55	674.49	981.24	680.10	1.54	90.20	0.45	35.10	3131.88	-2298.38	1305.36
Saccade R	1	62	9470406538	9470450528	43990	964.55	674.49	981.24	680.10	1.54	90.20	0.45	35.10	3131.88	-2298.38	1305.36
Saccade L	1	63	9470450528	9470470520	19992	981.24	680.10	1016.77	679.24	0.58	61.75	0.60	28.77	798.69	101.45	464.18
Saccade R	1	63	9470450528	9470470520	19992	981.24	680.10	1016.77	679.24	0.58	61.75	0.60	28.77	798.69	101.45	464.18
Saccade L	1	64	9470470520	9470578537	108017	1016.77	679.24	985.90	666.83	8.44	332.07	0.67	78.17	14235.87	-13199.30	3922.88
Saccade R	1	64	9470470520	9470578537	108017	1016.77	679.24	985.90	666.83	8.44	332.07	0.67	78.17	14235.87	-13199.30	3922.88
Fixation L	1	22	9470662521	9470882543	220022	924.82	698.29	57	27	-1	13.91	13.91
Fixation R	1	21	9470662521	9470882543	220022	924.82	698.29	57	27	-1	11.66	11.66
Saccade L	1	65	9470882543	9470914534	31991	922.54	688.93	788.17	682.70	3.03	275.24	0.62	94.66	11173.33	-4662.37	5265.10
Saccade R	1	65	9470882543	9470914534	31991	922.54	688.93	788.17	682.70	3.03	275.24	0.62	94.66	11173.33	-4662.37	5265.10
