[BeGaze]
Converted from:	D:\Kirillov\Results\ermolova_temp\Nastya 06-eye_data.idf
Date:	17.04.2019 03:53:04
Version:	BeGaze 3.0.181
Sample Rate:	250
Subject:	Nastya 06
Description:	Run18

Table Header for Fixations:
Event Type	Trial	Number	Start	End	Duration	Location X	Location Y	Dispersion X	Dispersion Y	Plane	Avg. Pupil Size X	Avg. Pupil Size Y

Table Header for Saccades:
Event Type	Trial	Number	Start	End	Duration	Start Loc.X	Start Loc.Y	End Loc.X	End Loc.Y	Amplitude	Peak Speed	Peak Speed At	Average Speed	Peak Accel.	Peak Decel.	Average Accel.

Table Header for User Events:
Event Type	Trial	Number	Start	Description

UserEvent	1	1	6703673625	# Message: experiment-13.jpg
Fixation L	1	1	6703675646	6703727646	52000	475.42	375.18	2	6	-1	14.00	14.00
Fixation R	1	1	6703675646	6703823646	148000	343.60	278.46	1285	909	-1	11.57	11.52
Saccade L	1	1	6703727646	6703791670	64024	475.22	371.13	0.00	0.00	28.45	1144.49	0.56	444.29	33045.25	-54152.24	16998.60
Fixation L	1	2	6703911648	6704055670	144022	976.59	328.54	26	11	-1	13.64	13.64
Fixation R	1	2	6703911648	6704055670	144022	976.59	328.54	26	11	-1	14.54	14.54
Saccade L	1	2	6704055670	6704091689	36019	980.81	325.11	978.18	436.81	2.35	153.85	0.44	65.19	6938.49	-6720.88	4742.62
Saccade R	1	1	6704055670	6704091689	36019	980.81	325.11	978.18	436.81	2.35	153.85	0.44	65.19	6938.49	-6720.88	4742.62
Fixation L	1	3	6704091689	6704231656	139967	969.22	440.76	13	15	-1	13.67	13.67
Fixation R	1	3	6704091689	6704231656	139967	969.22	440.76	13	15	-1	14.35	14.35
Saccade L	1	3	6704231656	6704287671	56015	968.92	431.70	451.77	238.95	12.00	408.82	0.36	214.24	20016.95	-14593.95	11656.72
Saccade R	1	2	6704231656	6704287671	56015	968.92	431.70	451.77	238.95	12.00	408.82	0.36	214.24	20016.95	-14593.95	11656.72
Fixation L	1	4	6704287671	6704595569	307898	440.14	220.55	25	35	-1	12.57	12.57
Fixation R	1	4	6704287671	6704595569	307898	440.14	220.55	25	35	-1	13.05	13.05
Saccade L	1	4	6704595569	6704635540	39971	432.03	221.09	426.42	131.34	1.91	98.70	0.40	47.85	4482.37	-4121.11	2951.70
Saccade R	1	3	6704595569	6704635540	39971	432.03	221.09	426.42	131.34	1.91	98.70	0.40	47.85	4482.37	-4121.11	2951.70
Fixation L	1	5	6704635540	6704807557	172017	413.89	128.25	16	9	-1	12.15	12.15
Fixation R	1	5	6704635540	6704807557	172017	413.89	128.25	16	9	-1	12.66	12.66
Saccade L	1	5	6704807557	6704939596	132039	415.00	124.32	967.76	559.82	52.63	880.55	0.42	398.56	22689.91	-23005.72	10903.68
Saccade R	1	4	6704807557	6704939596	132039	415.00	124.32	967.76	559.82	52.63	880.55	0.42	398.56	22689.91	-23005.72	10903.68
Fixation L	1	6	6704939596	6705195583	255987	962.90	543.74	18	25	-1	12.41	12.41
Fixation R	1	6	6704939596	6705195583	255987	962.90	543.74	18	25	-1	13.35	13.35
Saccade L	1	6	6705195583	6705287560	91977	966.29	543.11	446.99	201.46	14.23	414.93	0.22	154.75	19626.57	-11097.05	7160.12
Saccade R	1	5	6705195583	6705287560	91977	966.29	543.11	446.99	201.46	14.23	414.93	0.22	154.75	19626.57	-11097.05	7160.12
Fixation L	1	7	6705287560	6705503557	215997	449.88	192.43	19	17	-1	12.52	12.52
Fixation R	1	7	6705287560	6705503557	215997	449.88	192.43	19	17	-1	12.78	12.78
Saccade L	1	7	6705503557	6705555561	52004	437.08	184.19	413.31	110.93	1.69	84.76	0.31	32.57	3806.65	-3317.40	1917.36
Saccade R	1	6	6705503557	6705555561	52004	437.08	184.19	413.31	110.93	1.69	84.76	0.31	32.57	3806.65	-3317.40	1917.36
Fixation L	1	8	6705555561	6705727582	172021	407.91	107.96	11	4	-1	12.24	12.24
Fixation R	1	8	6705555561	6705727582	172021	407.91	107.96	11	4	-1	12.70	12.70
Saccade L	1	8	6705727582	6705775588	48006	409.62	107.56	417.70	187.84	1.74	77.68	0.42	36.26	3510.02	-3038.75	2149.93
Saccade R	1	7	6705727582	6705775588	48006	409.62	107.56	417.70	187.84	1.74	77.68	0.42	36.26	3510.02	-3038.75	2149.93
Fixation L	1	9	6705775588	6706003477	227889	421.85	182.86	8	23	-1	12.63	12.63
Fixation R	1	9	6705775588	6706003477	227889	421.85	182.86	8	23	-1	12.72	12.72
Saccade L	1	9	6706003477	6706039445	35968	426.71	174.61	430.57	110.93	1.34	71.03	0.44	37.28	3340.89	-3148.68	2355.90
Saccade R	1	8	6706003477	6706039445	35968	426.71	174.61	430.57	110.93	1.34	71.03	0.44	37.28	3340.89	-3148.68	2355.90
Fixation L	1	10	6706039445	6706259473	220028	441.22	101.86	18	14	-1	12.57	12.57
Fixation R	1	10	6706039445	6706259473	220028	441.22	101.86	18	14	-1	13.00	13.00
Saccade L	1	10	6706259473	6706331468	71995	434.92	99.43	982.48	503.53	15.14	530.15	0.28	210.25	24551.81	-14269.94	11293.57
Saccade R	1	9	6706259473	6706331468	71995	434.92	99.43	982.48	503.53	15.14	530.15	0.28	210.25	24551.81	-14269.94	11293.57
Fixation L	1	11	6706331468	6706491467	159999	998.54	505.12	28	33	-1	12.68	12.68
Fixation R	1	11	6706331468	6706491467	159999	998.54	505.12	28	33	-1	13.42	13.42
Saccade L	1	11	6706491467	6706523492	32025	1008.31	482.94	1160.98	492.82	3.15	251.91	0.50	98.28	10652.80	-10767.94	7694.09
Saccade R	1	10	6706491467	6706523492	32025	1008.31	482.94	1160.98	492.82	3.15	251.91	0.50	98.28	10652.80	-10767.94	7694.09
Fixation L	1	12	6706523492	6706799472	275980	1162.10	491.17	12	13	-1	12.76	12.76
Fixation R	1	12	6706523492	6706799472	275980	1162.10	491.17	12	13	-1	13.46	13.46
Saccade L	1	12	6706799472	6706827499	28027	1169.26	487.72	1110.10	497.34	1.20	90.83	0.43	42.99	4007.66	-4081.97	2988.84
Saccade R	1	11	6706799472	6706827499	28027	1169.26	487.72	1110.10	497.34	1.20	90.83	0.43	42.99	4007.66	-4081.97	2988.84
Fixation L	1	13	6706827499	6707007475	179976	1103.64	507.63	11	16	-1	12.56	12.56
Fixation R	1	13	6706827499	6707007475	179976	1103.64	507.63	11	16	-1	13.21	13.21
Saccade L	1	13	6707007475	6707031475	24000	1101.77	510.43	1100.24	561.08	0.93	81.33	0.50	38.90	3491.97	-3576.24	2627.88
Saccade R	1	12	6707007475	6707031475	24000	1101.77	510.43	1100.24	561.08	0.93	81.33	0.50	38.90	3491.97	-3576.24	2627.88
Fixation L	1	14	6707031475	6707203467	171992	1097.46	566.54	4	25	-1	12.59	12.59
Fixation R	1	14	6707031475	6707203467	171992	1097.46	566.54	4	25	-1	13.13	13.13
Saccade L	1	14	6707203467	6707247471	44004	1094.55	580.13	1125.76	426.92	3.36	228.47	0.36	76.41	10152.75	-9485.76	5826.43
Saccade R	1	13	6707203467	6707247471	44004	1094.55	580.13	1125.76	426.92	3.36	228.47	0.36	76.41	10152.75	-9485.76	5826.43
Fixation L	1	15	6707247471	6707691444	443973	1130.14	437.30	30	35	-1	12.49	12.49
Fixation R	1	15	6707247471	6707691444	443973	1130.14	437.30	30	35	-1	13.36	13.36
Fixation L	1	16	6707883368	6708307377	424009	441.00	163.31	43	101	-1	12.91	12.91
Fixation R	1	16	6707883368	6708307377	424009	441.00	163.31	43	101	-1	13.39	13.39
Saccade L	1	15	6708307377	6708363316	55939	435.99	115.92	469.77	56.63	1.54	66.18	0.36	27.45	3155.73	-2322.07	1535.14
Saccade R	1	14	6708307377	6708363316	55939	435.99	115.92	469.77	56.63	1.54	66.18	0.36	27.45	3155.73	-2322.07	1535.14
Fixation L	1	17	6708363316	6708523406	160090	469.63	54.85	19	15	-1	13.08	13.08
Fixation R	1	17	6708363316	6708523406	160090	469.63	54.85	19	15	-1	13.59	13.59
Saccade L	1	16	6708523406	6708599382	75976	465.60	47.28	1110.75	557.80	18.21	456.61	0.26	239.70	22061.11	-15566.98	9857.69
Saccade R	1	15	6708523406	6708599382	75976	465.60	47.28	1110.75	557.80	18.21	456.61	0.26	239.70	22061.11	-15566.98	9857.69
Fixation L	1	18	6708599382	6708855261	255879	1126.36	585.04	24	43	-1	13.15	13.15
Fixation R	1	18	6708599382	6708855261	255879	1126.36	585.04	24	43	-1	13.96	13.96
Saccade L	1	17	6708855261	6708931272	76011	1124.55	602.42	983.89	632.12	3.26	126.33	0.21	42.86	6099.46	-4051.61	2291.83
Saccade R	1	16	6708855261	6708931272	76011	1124.55	602.42	983.89	632.12	3.26	126.33	0.21	42.86	6099.46	-4051.61	2291.83
