[BeGaze]
Converted from:	D:\Kirillov\Results\ermolova_temp\Yulia-eye_data.idf
Date:	17.04.2019 03:53:16
Version:	BeGaze 3.0.181
Sample Rate:	250
Subject:	Yulia
Description:	Run22

Table Header for Fixations:
Event Type	Trial	Number	Start	End	Duration	Location X	Location Y	Dispersion X	Dispersion Y	Plane	Avg. Pupil Size X	Avg. Pupil Size Y

Table Header for Saccades:
Event Type	Trial	Number	Start	End	Duration	Start Loc.X	Start Loc.Y	End Loc.X	End Loc.Y	Amplitude	Peak Speed	Peak Speed At	Average Speed	Peak Accel.	Peak Decel.	Average Accel.

Table Header for User Events:
Event Type	Trial	Number	Start	Description

UserEvent	1	1	9283560928	# Message: Questionnaire6.jpg
Saccade R	1	1	9283575597	9283603601	28004	0.00	0.00	0.00	0.39	24.10	1147.30	0.43	860.47	61461.45	-61458.80	43534.01
Fixation R	1	1	9283603601	9283835643	232042	0.00	0.04	0	0	-1	19.03	19.03
Saccade R	1	2	9283835643	9284067740	232097	0.00	0.00	437.27	364.82	70.68	1056.32	0.88	304.53	43995.69	-41927.38	24038.28
Fixation L	1	1	9284095732	9284195732	100000	451.61	329.00	11	40	-1	14.87	14.87
Fixation R	1	2	9284095732	9284195732	100000	451.61	329.00	11	40	-1	12.50	12.50
Saccade L	1	1	9284195732	9284223761	28029	454.78	340.16	442.62	364.83	0.94	65.04	0.72	33.50	2229.71	-2635.38	1588.49
Saccade R	1	3	9284195732	9284223761	28029	454.78	340.16	442.62	364.83	0.94	65.04	0.72	33.50	2229.71	-2635.38	1588.49
Fixation L	1	2	9284223761	9284411735	187974	447.00	348.93	23	56	-1	14.53	14.53
Fixation R	1	3	9284223761	9284411735	187974	447.00	348.93	23	56	-1	12.15	12.15
Saccade L	1	2	9284411735	9284455773	44038	446.32	339.09	438.96	340.00	5.77	287.44	0.27	130.93	11450.49	-9550.21	5148.30
Saccade R	1	4	9284411735	9284455773	44038	446.32	339.09	438.96	340.00	5.77	287.44	0.27	130.93	11450.49	-9550.21	5148.30
Fixation L	1	3	9284455773	9284507747	51974	437.31	351.29	13	41	-1	14.24	14.24
Fixation R	1	4	9284455773	9284507747	51974	437.31	351.29	13	41	-1	12.02	12.02
Saccade L	1	3	9284507747	9284535752	28005	432.07	377.77	459.53	336.94	0.86	45.66	0.29	30.55	1230.01	-1441.35	1040.11
Saccade R	1	5	9284507747	9284535752	28005	432.07	377.77	459.53	336.94	0.86	45.66	0.29	30.55	1230.01	-1441.35	1040.11
Saccade L	1	4	9284555757	9284599763	44006	453.04	325.16	451.03	307.98	3.57	198.86	0.36	81.15	8656.01	-6947.38	4715.67
Saccade R	1	6	9284555757	9284599763	44006	453.04	325.16	451.03	307.98	3.57	198.86	0.36	81.15	8656.01	-6947.38	4715.67
Saccade L	1	5	9284631773	9284667739	35966	436.73	354.59	432.94	334.19	5.54	332.92	0.33	153.96	12390.24	-12059.62	7336.04
Saccade R	1	7	9284631773	9284667739	35966	436.73	354.59	432.94	334.19	5.54	332.92	0.33	153.96	12390.24	-12059.62	7336.04
Saccade L	1	6	9284695758	9284727675	31917	419.59	321.01	370.67	295.94	1.09	53.16	0.25	34.09	1546.43	-1587.72	1064.17
Saccade R	1	8	9284695758	9284727675	31917	419.59	321.01	370.67	295.94	1.09	53.16	0.25	34.09	1546.43	-1587.72	1064.17
Saccade L	1	7	9284735776	9284783746	47970	375.45	295.14	412.55	348.65	2.52	102.01	0.75	52.49	2454.91	-3493.06	2049.66
Saccade R	1	9	9284735776	9284783746	47970	375.45	295.14	412.55	348.65	2.52	102.01	0.75	52.49	2454.91	-3493.06	2049.66
Saccade L	1	8	9284795779	9284843741	47962	405.64	338.15	410.41	249.49	9.93	546.43	0.42	207.00	21909.98	-16354.76	10486.62
Saccade R	1	10	9284795779	9284843741	47962	405.64	338.15	410.41	249.49	9.93	546.43	0.42	207.00	21909.98	-16354.76	10486.62
Saccade L	1	9	9284879773	9284919751	39978	472.82	268.43	520.25	341.04	3.02	126.54	0.40	75.50	2845.16	-4563.84	2353.28
Saccade R	1	11	9284879773	9284919751	39978	472.82	268.43	520.25	341.04	3.02	126.54	0.40	75.50	2845.16	-4563.84	2353.28
Saccade L	1	10	9284927787	9284959767	31980	517.13	340.04	526.47	327.74	2.50	121.88	0.25	78.22	4978.71	-4122.52	2790.23
Saccade R	1	12	9284927787	9284959767	31980	517.13	340.04	526.47	327.74	2.50	121.88	0.25	78.22	4978.71	-4122.52	2790.23
Saccade L	1	11	9284959767	9284999774	40007	526.47	327.74	503.71	317.11	2.90	152.76	0.40	72.41	3372.16	-2486.09	1920.94
Saccade R	1	13	9284959767	9284999774	40007	526.47	327.74	503.71	317.11	2.90	152.76	0.40	72.41	3372.16	-2486.09	1920.94
Saccade L	1	12	9284999774	9285039773	39999	503.71	317.11	514.78	308.32	3.35	190.41	0.30	83.74	3275.32	-3491.36	1830.97
Saccade R	1	14	9284999774	9285039773	39999	503.71	317.11	514.78	308.32	3.35	190.41	0.30	83.74	3275.32	-3491.36	1830.97
Saccade L	1	13	9285039773	9285075769	35996	514.78	308.32	526.72	304.70	2.64	126.50	0.22	73.45	2515.74	-4196.44	2924.20
Saccade R	1	15	9285039773	9285075769	35996	514.78	308.32	526.72	304.70	2.64	126.50	0.22	73.45	2515.74	-4196.44	2924.20
Saccade L	1	14	9285103638	9285127684	24046	507.83	302.30	493.28	339.91	0.67	43.34	0.67	27.97	1884.03	-1421.43	1105.07
Saccade R	1	16	9285103638	9285127684	24046	507.83	302.30	493.28	339.91	0.67	43.34	0.67	27.97	1884.03	-1421.43	1105.07
Saccade L	1	15	9285135625	9285171642	36017	497.39	325.95	496.93	303.65	4.48	265.64	0.67	124.32	8974.35	-10557.56	6094.88
Saccade R	1	17	9285135625	9285171642	36017	497.39	325.95	496.93	303.65	4.48	265.64	0.67	124.32	8974.35	-10557.56	6094.88
Saccade L	1	16	9285199622	9285231625	32003	492.56	298.93	425.52	334.69	1.60	96.17	0.50	50.12	4186.37	-3894.28	2979.26
Saccade R	1	18	9285199622	9285231625	32003	492.56	298.93	425.52	334.69	1.60	96.17	0.50	50.12	4186.37	-3894.28	2979.26
Fixation L	1	4	9285231625	9285323665	92040	420.08	337.41	11	9	-1	13.77	13.77
Fixation R	1	5	9285231625	9285323665	92040	420.08	337.41	11	9	-1	12.09	12.09
Saccade L	1	17	9285323665	9285347627	23962	426.17	339.37	467.63	321.39	0.87	59.06	0.50	36.48	2617.60	-2519.70	1935.81
Saccade R	1	19	9285323665	9285347627	23962	426.17	339.37	467.63	321.39	0.87	59.06	0.50	36.48	2617.60	-2519.70	1935.81
Fixation L	1	5	9285347627	9285447685	100058	468.15	328.79	12	30	-1	13.79	13.79
Fixation R	1	6	9285347627	9285447685	100058	468.15	328.79	12	30	-1	12.14	12.14
Saccade L	1	18	9285535638	9285559647	24009	404.38	319.77	402.57	275.13	0.64	41.04	0.50	26.61	603.04	-1411.31	727.85
Saccade R	1	20	9285535638	9285559647	24009	404.38	319.77	402.57	275.13	0.64	41.04	0.50	26.61	603.04	-1411.31	727.85
Saccade L	1	19	9285595649	9285623677	28028	391.94	242.40	397.53	297.63	0.97	59.47	0.71	34.56	2171.07	-2307.81	1510.77
Saccade R	1	21	9285595649	9285623677	28028	391.94	242.40	397.53	297.63	0.97	59.47	0.71	34.56	2171.07	-2307.81	1510.77
Fixation L	1	6	9285623677	9285695655	71978	396.08	308.47	13	28	-1	13.80	13.80
Fixation R	1	7	9285623677	9285695655	71978	396.08	308.47	13	28	-1	12.03	12.03
Saccade L	1	20	9285695655	9285727665	32010	401.76	297.96	397.35	247.53	1.18	61.07	0.63	36.86	2067.58	-2687.25	1700.45
Saccade R	1	22	9285695655	9285727665	32010	401.76	297.96	397.35	247.53	1.18	61.07	0.63	36.86	2067.58	-2687.25	1700.45
Saccade L	1	21	9285751670	9285779636	27966	384.80	245.72	408.64	286.44	0.91	45.99	0.57	32.48	1655.16	-1676.41	1202.40
Saccade R	1	23	9285751670	9285779636	27966	384.80	245.72	408.64	286.44	0.91	45.99	0.57	32.48	1655.16	-1676.41	1202.40
Fixation L	1	7	9285779636	9286371655	592019	378.26	279.23	48	76	-1	13.55	13.55
Fixation R	1	8	9285779636	9286371655	592019	378.26	279.23	48	76	-1	11.97	11.97
UserEvent	1	2	9286024803	# Message: UE-mouseclick left x=362 y=321
UserEvent	1	3	9286296828	# Message: UE-mouseclick left x=362 y=313
Fixation L	1	8	9286387661	9286647598	259937	394.00	298.25	24	85	-1	13.21	13.21
Fixation R	1	9	9286387661	9286647598	259937	394.00	298.25	24	85	-1	11.73	11.73
Saccade L	1	22	9286647598	9286691535	43937	386.99	253.47	325.08	387.64	3.60	206.56	0.45	82.00	8555.85	-8088.76	5003.25
Saccade R	1	24	9286647598	9286691535	43937	386.99	253.47	325.08	387.64	3.60	206.56	0.45	82.00	8555.85	-8088.76	5003.25
Saccade L	1	23	9286691535	9286719553	28018	325.08	387.64	333.01	387.92	0.86	43.57	0.43	30.69	250.85	-989.71	599.03
Saccade R	1	25	9286691535	9286719553	28018	325.08	387.64	333.01	387.92	0.86	43.57	0.43	30.69	250.85	-989.71	599.03
Saccade L	1	24	9286731539	9286807598	76059	331.34	377.74	255.93	327.11	2.22	46.32	0.42	29.24	724.93	-985.98	532.01
Saccade R	1	26	9286731539	9286807598	76059	331.34	377.74	255.93	327.11	2.22	46.32	0.42	29.24	724.93	-985.98	532.01
Saccade L	1	25	9286823546	9286843547	20001	249.90	313.48	355.24	317.27	1.81	194.76	0.60	90.39	7842.02	-4878.35	4164.14
Saccade R	1	27	9286823546	9286843547	20001	249.90	313.48	355.24	317.27	1.81	194.76	0.60	90.39	7842.02	-4878.35	4164.14
UserEvent	1	4	9286832782	# Message: UE-mouseclick left x=396 y=408
