[BeGaze]
Converted from:	D:\Kirillov\Results\ermolova_temp\Anna-eye_data.idf
Date:	17.04.2019 03:52:52
Version:	BeGaze 3.0.181
Sample Rate:	250
Subject:	Anna
Description:	Run15

Table Header for Fixations:
Event Type	Trial	Number	Start	End	Duration	Location X	Location Y	Dispersion X	Dispersion Y	Plane	Avg. Pupil Size X	Avg. Pupil Size Y

Table Header for Saccades:
Event Type	Trial	Number	Start	End	Duration	Start Loc.X	Start Loc.Y	End Loc.X	End Loc.Y	Amplitude	Peak Speed	Peak Speed At	Average Speed	Peak Accel.	Peak Decel.	Average Accel.

Table Header for User Events:
Event Type	Trial	Number	Start	Description

UserEvent	1	1	3463081262	# Message: experiment-07.jpg
Fixation L	1	1	3463081756	3463313747	231991	437.19	414.85	25	23	-1	13.57	13.57
Fixation R	1	1	3463081756	3463313747	231991	437.19	414.85	25	23	-1	13.79	13.79
Saccade L	1	1	3463313747	3463361759	48012	441.23	416.59	740.65	655.98	9.07	370.60	0.42	188.91	17592.32	-15248.66	11489.57
Saccade R	1	1	3463313747	3463361759	48012	441.23	416.59	740.65	655.98	9.07	370.60	0.42	188.91	17592.32	-15248.66	11489.57
Fixation L	1	2	3463361759	3463493650	131891	721.02	672.08	37	25	-1	13.49	13.49
Fixation R	1	2	3463361759	3463493650	131891	721.02	672.08	37	25	-1	13.36	13.36
Saccade L	1	2	3463493650	3463517653	24003	707.59	682.37	688.66	704.75	0.60	41.89	0.50	25.04	1629.74	-1268.48	1025.20
Saccade R	1	2	3463493650	3463517653	24003	707.59	682.37	688.66	704.75	0.60	41.89	0.50	25.04	1629.74	-1268.48	1025.20
Saccade L	1	3	3463537651	3463569627	31976	679.93	718.99	686.03	647.64	1.47	102.75	0.38	45.87	3862.68	-4302.76	2845.12
Saccade R	1	3	3463537651	3463569627	31976	679.93	718.99	686.03	647.64	1.47	102.75	0.38	45.87	3862.68	-4302.76	2845.12
Saccade L	1	4	3463609635	3463657650	48015	681.42	656.40	0.00	0.00	30.49	2507.44	0.75	635.09	84219.39	-108365.24	43729.21
Fixation L	1	3	3463657650	3463737650	80000	0.00	0.00	0	0	-1	9.42	9.42
Fixation L	1	4	3463817686	3463893673	75987	934.57	585.97	21	12	-1	11.39	11.39
Fixation R	1	3	3463817686	3463893673	75987	934.57	585.97	21	12	-1	11.84	11.84
Saccade L	1	5	3463893673	3463973654	79981	928.25	587.39	1145.10	466.91	9.21	358.82	0.35	115.17	11626.58	-12888.54	4883.50
Saccade R	1	4	3463893673	3463973654	79981	928.25	587.39	1145.10	466.91	9.21	358.82	0.35	115.17	11626.58	-12888.54	4883.50
Saccade L	1	6	3463973654	3464009650	35996	1145.10	466.91	1125.56	335.71	3.16	241.80	0.56	87.92	8729.30	-9865.56	5815.56
Saccade R	1	5	3463973654	3464009650	35996	1145.10	466.91	1125.56	335.71	3.16	241.80	0.56	87.92	8729.30	-9865.56	5815.56
Fixation L	1	5	3464009650	3464165663	156013	1127.78	337.71	14	28	-1	11.63	11.63
Fixation R	1	4	3464009650	3464265666	256016	834.65	272.46	1137	1102	-1	10.82	10.82
Saccade L	1	7	3464165663	3464213645	47982	1129.06	323.13	0.00	0.00	31.20	2278.65	0.75	650.32	74759.19	-98768.09	44334.12
Fixation L	1	6	3464213645	3464481679	268034	504.01	545.51	857	1137	-1	13.40	13.40
Saccade R	1	6	3464265666	3464357669	92003	0.00	0.00	699.37	768.29	44.91	2231.09	0.35	488.17	45356.56	-87606.78	23174.94
Fixation R	1	5	3464357669	3464481679	124010	690.91	757.96	26	35	-1	12.17	12.17
Saccade L	1	8	3464481679	3464505674	23995	674.07	739.73	726.41	734.94	1.04	76.13	0.50	43.34	2830.85	-3119.72	2255.33
Saccade R	1	7	3464481679	3464505674	23995	674.07	739.73	726.41	734.94	1.04	76.13	0.50	43.34	2830.85	-3119.72	2255.33
Fixation L	1	7	3464505674	3465045552	539878	740.70	721.96	40	39	-1	13.33	13.33
Fixation R	1	6	3464505674	3465129544	623870	684.61	668.72	1179	1152	-1	12.97	12.97
Fixation L	1	8	3465217561	3465329565	112004	795.88	452.54	8	30	-1	13.33	13.33
Fixation R	1	7	3465217561	3465329565	112004	795.88	452.54	8	30	-1	13.84	13.84
Saccade L	1	9	3465329565	3465377568	48003	793.92	463.42	931.36	409.75	3.96	204.47	0.25	82.46	9846.92	-8512.42	5331.93
Saccade R	1	8	3465329565	3465377568	48003	793.92	463.42	931.36	409.75	3.96	204.47	0.25	82.46	9846.92	-8512.42	5331.93
Fixation L	1	9	3465377568	3465741560	363992	940.95	421.24	33	47	-1	13.23	13.23
Fixation R	1	8	3465377568	3465741560	363992	940.95	421.24	33	47	-1	13.76	13.76
Saccade L	1	10	3465741560	3465765566	24006	954.98	397.05	843.54	387.13	2.13	181.05	0.50	88.94	7944.04	-7416.67	5706.97
Saccade R	1	9	3465741560	3465765566	24006	954.98	397.05	843.54	387.13	2.13	181.05	0.50	88.94	7944.04	-7416.67	5706.97
Fixation L	1	10	3465765566	3465837566	72000	859.46	380.22	23	15	-1	13.30	13.30
Fixation R	1	9	3465765566	3465837566	72000	859.46	380.22	23	15	-1	13.69	13.69
Saccade L	1	11	3465837566	3465869575	32009	862.90	367.86	836.09	266.86	2.24	157.76	0.38	69.83	6276.54	-6183.29	4323.87
Saccade R	1	10	3465837566	3465869575	32009	862.90	367.86	836.09	266.86	2.24	157.76	0.38	69.83	6276.54	-6183.29	4323.87
Fixation L	1	11	3465869575	3465965584	96009	842.14	231.57	10	62	-1	13.31	13.31
Fixation R	1	10	3465869575	3465965584	96009	842.14	231.57	10	62	-1	13.44	13.44
Saccade L	1	12	3465965584	3465993602	28018	842.49	205.98	922.38	401.90	4.44	379.98	0.43	158.41	16269.22	-16144.41	11962.21
Saccade R	1	11	3465965584	3465993602	28018	842.49	205.98	922.38	401.90	4.44	379.98	0.43	158.41	16269.22	-16144.41	11962.21
Fixation L	1	12	3465993602	3466125592	131990	927.54	398.55	19	20	-1	13.34	13.34
Fixation R	1	11	3465993602	3466125592	131990	927.54	398.55	19	20	-1	13.61	13.61
Saccade L	1	13	3466125592	3466157583	31991	933.92	386.98	845.48	307.58	2.44	185.61	0.37	76.27	7337.41	-6347.40	4585.91
Saccade R	1	12	3466125592	3466157583	31991	933.92	386.98	845.48	307.58	2.44	185.61	0.37	76.27	7337.41	-6347.40	4585.91
Saccade L	1	14	3466157583	3466181569	23986	845.48	307.58	909.22	297.67	1.37	125.92	0.50	57.05	3267.88	-4212.05	2596.38
Saccade R	1	13	3466157583	3466181569	23986	845.48	307.58	909.22	297.67	1.37	125.92	0.50	57.05	3267.88	-4212.05	2596.38
Saccade L	1	15	3466197580	3466249609	52029	909.83	283.35	710.82	690.60	10.54	356.39	0.46	202.57	15405.59	-15312.32	10535.53
Saccade R	1	14	3466197580	3466249609	52029	909.83	283.35	710.82	690.60	10.54	356.39	0.46	202.57	15405.59	-15312.32	10535.53
Fixation L	1	13	3466249609	3466389476	139867	709.85	708.01	20	35	-1	13.80	13.80
Fixation R	1	12	3466249609	3466389476	139867	709.85	708.01	20	35	-1	13.57	13.57
Saccade L	1	16	3466389476	3466453447	63971	719.70	710.78	829.18	650.70	3.29	130.23	0.50	51.39	5583.64	-4889.80	2789.85
Saccade R	1	15	3466389476	3466453447	63971	719.70	710.78	829.18	650.70	3.29	130.23	0.50	51.39	5583.64	-4889.80	2789.85
Fixation L	1	14	3466453447	3466525471	72024	833.51	657.97	8	23	-1	13.74	13.74
Fixation R	1	13	3466453447	3466525471	72024	833.51	657.97	8	23	-1	13.67	13.67
Saccade L	1	17	3466525471	3466557501	32030	838.47	668.79	0.00	0.00	24.21	2165.12	0.62	755.87	82728.12	-92510.14	57018.12
Saccade R	1	16	3466525471	3466557501	32030	838.47	668.79	0.00	0.00	24.21	2165.12	0.62	755.87	82728.12	-92510.14	57018.12
Fixation L	1	15	3466689395	3466897463	208068	1197.08	352.78	48	37	-1	12.68	12.68
Fixation R	1	14	3466689395	3467025465	336070	842.36	259.85	1522	1105	-1	12.54	12.54
Saccade L	1	18	3466897463	3466937494	40031	1186.90	366.81	0.00	0.00	33.53	2708.94	0.70	837.51	109277.82	-116168.12	65465.89
Fixation L	1	16	3466937494	3467025465	87971	0.00	0.00	0	0	-1	11.18	11.18
Fixation L	1	17	3467113452	3467341457	228005	1093.60	361.26	27	22	-1	13.13	13.13
Fixation R	1	15	3467113452	3467341457	228005	1093.60	361.26	27	22	-1	13.55	13.55
Saccade L	1	19	3467341457	3467365471	24014	1101.01	366.47	1029.87	357.05	1.44	124.12	0.50	60.16	5166.09	-4757.52	3707.15
Saccade R	1	17	3467341457	3467365471	24014	1101.01	366.47	1029.87	357.05	1.44	124.12	0.50	60.16	5166.09	-4757.52	3707.15
Fixation L	1	18	3467365471	3467513485	148014	1012.82	357.39	27	22	-1	13.54	13.54
Fixation R	1	16	3467365471	3467513485	148014	1012.82	357.39	27	22	-1	14.08	14.08
Saccade L	1	20	3467513485	3467557503	44018	1020.17	368.60	794.60	745.64	9.72	402.83	0.45	220.82	18204.10	-17471.86	12831.08
Saccade R	1	18	3467513485	3467557503	44018	1020.17	368.60	794.60	745.64	9.72	402.83	0.45	220.82	18204.10	-17471.86	12831.08
Fixation L	1	19	3467557503	3467909404	351901	765.60	749.10	59	66	-1	13.38	13.38
Fixation R	1	17	3467557503	3467909404	351901	765.60	749.10	59	66	-1	13.53	13.53
Saccade L	1	21	3467909404	3467937377	27973	733.06	785.10	729.03	678.04	2.18	162.98	0.57	77.97	7543.07	-7641.44	5618.90
Saccade R	1	19	3467909404	3467937377	27973	733.06	785.10	729.03	678.04	2.18	162.98	0.57	77.97	7543.07	-7641.44	5618.90
Fixation L	1	20	3467937377	3468125373	187996	720.12	703.94	23	44	-1	13.04	13.04
Fixation R	1	18	3467937377	3468125373	187996	720.12	703.94	23	44	-1	13.18	13.18
Saccade L	1	22	3468125373	3468177357	51984	719.11	700.25	891.46	428.09	7.34	348.14	0.31	141.21	17242.73	-12466.58	8403.78
Saccade R	1	20	3468125373	3468177357	51984	719.11	700.25	891.46	428.09	7.34	348.14	0.31	141.21	17242.73	-12466.58	8403.78
Fixation L	1	21	3468177357	3468501404	324047	909.48	412.58	25	32	-1	12.82	12.82
Fixation R	1	19	3468177357	3468501404	324047	909.48	412.58	25	32	-1	13.15	13.15
Saccade L	1	23	3468501404	3468533384	31980	911.44	413.10	0.00	0.00	21.41	1950.37	0.63	669.46	78288.87	-81694.40	53316.81
Saccade R	1	21	3468501404	3468533384	31980	911.44	413.10	0.00	0.00	21.41	1950.37	0.63	669.46	78288.87	-81694.40	53316.81
Fixation L	1	22	3468533384	3468597377	63993	0.00	0.00	0	0	-1	10.23	10.23
Fixation R	1	20	3468533384	3468597377	63993	0.00	0.00	0	0	-1	10.76	10.76
Fixation L	1	23	3468693325	3468921393	228068	1004.04	377.85	27	49	-1	13.19	13.19
Fixation R	1	21	3468693325	3468921393	228068	1004.04	377.85	27	49	-1	13.46	13.46
Saccade L	1	24	3468921393	3468957410	36017	995.16	392.82	1135.26	397.61	3.08	190.06	0.44	85.56	8540.55	-8300.55	6101.29
Saccade R	1	22	3468921393	3468957410	36017	995.16	392.82	1135.26	397.61	3.08	190.06	0.44	85.56	8540.55	-8300.55	6101.29
Fixation L	1	24	3468957410	3469345264	387854	1136.96	393.11	18	28	-1	13.39	13.39
Fixation R	1	22	3468957410	3469345264	387854	1136.96	393.11	18	28	-1	13.48	13.48
Saccade L	1	25	3469345264	3469365317	20053	1138.02	386.17	1167.05	376.09	0.62	48.80	0.40	30.92	2197.52	-1048.99	1169.09
Saccade R	1	23	3469345264	3469365317	20053	1138.02	386.17	1167.05	376.09	0.62	48.80	0.40	30.92	2197.52	-1048.99	1169.09
Fixation L	1	25	3469365317	3469489267	123950	1193.43	383.49	39	14	-1	13.01	13.01
Fixation R	1	23	3469365317	3469489267	123950	1193.43	383.49	39	14	-1	13.18	13.18
Saccade L	1	26	3469489267	3469529259	39992	1208.43	376.68	1024.60	384.74	3.89	185.15	0.40	97.28	8675.71	-7432.92	6027.83
Saccade R	1	24	3469489267	3469529259	39992	1208.43	376.68	1024.60	384.74	3.89	185.15	0.40	97.28	8675.71	-7432.92	6027.83
Fixation L	1	26	3469529259	3469705279	176020	1023.89	384.03	12	20	-1	12.97	12.97
Fixation R	1	24	3469529259	3469705279	176020	1023.89	384.03	12	20	-1	13.26	13.26
Saccade L	1	27	3469705279	3469737268	31989	1028.14	372.78	948.64	379.42	1.70	113.43	0.37	53.29	5069.38	-4532.70	3371.74
Saccade R	1	25	3469705279	3469737268	31989	1028.14	372.78	948.64	379.42	1.70	113.43	0.37	53.29	5069.38	-4532.70	3371.74
Fixation L	1	27	3469737268	3470009310	272042	942.78	409.03	19	43	-1	13.12	13.12
Fixation R	1	25	3469737268	3470009310	272042	942.78	409.03	19	43	-1	13.45	13.45
Fixation L	1	28	3470025292	3470437294	412002	915.87	425.87	40	40	-1	13.25	13.25
Fixation R	1	26	3470025292	3470437294	412002	915.87	425.87	40	40	-1	13.78	13.78
Saccade L	1	28	3470437294	3470469221	31927	927.46	405.91	798.36	420.10	2.76	196.83	0.38	86.56	9156.21	-8885.70	6350.16
Saccade R	1	26	3470437294	3470469221	31927	927.46	405.91	798.36	420.10	2.76	196.83	0.38	86.56	9156.21	-8885.70	6350.16
Fixation L	1	29	3470469221	3470705193	235972	780.74	420.16	27	13	-1	13.62	13.62
Fixation R	1	27	3470469221	3470705193	235972	780.74	420.16	27	13	-1	13.96	13.96
Saccade L	1	29	3470705193	3470749158	43965	770.60	424.00	1004.34	418.09	4.96	248.79	0.36	112.92	11910.76	-10281.33	7656.53
Saccade R	1	27	3470705193	3470749158	43965	770.60	424.00	1004.34	418.09	4.96	248.79	0.36	112.92	11910.76	-10281.33	7656.53
Fixation L	1	30	3470749158	3470949232	200074	1004.36	413.64	13	20	-1	13.02	13.02
Fixation R	1	28	3470749158	3470949232	200074	1004.36	413.64	13	20	-1	13.53	13.53
Saccade L	1	30	3470949232	3470985165	35933	1001.57	404.50	1172.50	391.23	3.58	236.23	0.56	99.73	11002.53	-10311.48	7338.51
Saccade R	1	28	3470949232	3470985165	35933	1001.57	404.50	1172.50	391.23	3.58	236.23	0.56	99.73	11002.53	-10311.48	7338.51
Fixation L	1	31	3470985165	3471253176	268011	1157.39	372.12	22	29	-1	12.53	12.53
Fixation R	1	29	3470985165	3471253176	268011	1157.39	372.12	22	29	-1	13.12	13.12
Saccade L	1	31	3471253176	3471305172	51996	1166.08	375.29	826.66	789.89	11.79	483.60	0.38	226.81	22580.05	-15718.88	13381.77
Saccade R	1	29	3471253176	3471305172	51996	1166.08	375.29	826.66	789.89	11.79	483.60	0.38	226.81	22580.05	-15718.88	13381.77
Fixation L	1	32	3471305172	3471381177	76005	806.80	782.72	34	21	-1	12.69	12.69
Fixation R	1	30	3471305172	3471381177	76005	806.80	782.72	34	21	-1	12.58	12.58
Saccade L	1	32	3471381177	3471421190	40013	796.07	790.88	0.00	0.00	28.44	2588.28	0.70	710.78	98865.81	-111796.41	54611.81
Saccade R	1	30	3471381177	3471421190	40013	796.07	790.88	0.00	0.00	28.44	2588.28	0.70	710.78	98865.81	-111796.41	54611.81
Fixation L	1	33	3471549181	3471765180	215999	748.74	838.76	81	31	-1	12.54	12.54
Fixation R	1	31	3471549181	3471765180	215999	748.74	838.76	81	31	-1	12.62	12.62
Saccade L	1	33	3471765180	3471797187	32007	747.32	840.10	738.15	753.43	1.78	106.86	0.50	55.60	4769.36	-4721.79	3538.92
Saccade R	1	31	3471765180	3471797187	32007	747.32	840.10	738.15	753.43	1.78	106.86	0.50	55.60	4769.36	-4721.79	3538.92
Fixation L	1	34	3471797187	3471889069	91882	724.61	758.22	25	16	-1	12.63	12.63
Fixation R	1	32	3471797187	3471889069	91882	724.61	758.22	25	16	-1	12.50	12.50
Saccade L	1	34	3471889069	3471921082	32013	714.45	767.19	894.18	778.80	3.67	234.01	0.38	114.52	11346.90	-11298.74	8253.02
Saccade R	1	32	3471889069	3471921082	32013	714.45	767.19	894.18	778.80	3.67	234.01	0.38	114.52	11346.90	-11298.74	8253.02
Fixation L	1	35	3471921082	3472193066	271984	909.30	785.93	45	26	-1	12.15	12.15
Fixation R	1	33	3471921082	3472193066	271984	909.30	785.93	45	26	-1	12.47	12.47
Saccade L	1	35	3472193066	3472245097	52031	935.85	769.93	1211.38	347.49	11.05	465.55	0.38	212.45	21612.17	-16749.46	13042.96
Saccade R	1	33	3472193066	3472245097	52031	935.85	769.93	1211.38	347.49	11.05	465.55	0.38	212.45	21612.17	-16749.46	13042.96
Fixation L	1	36	3472245097	3472649073	403976	1215.01	347.10	18	26	-1	12.06	12.06
Fixation R	1	34	3472245097	3472649073	403976	1215.01	347.10	18	26	-1	12.52	12.52
Saccade L	1	36	3472649073	3472693073	44000	1219.15	339.89	889.11	703.51	10.49	478.33	0.45	238.45	22673.63	-20343.04	14808.23
Saccade R	1	34	3472649073	3472693073	44000	1219.15	339.89	889.11	703.51	10.49	478.33	0.45	238.45	22673.63	-20343.04	14808.23
Fixation L	1	37	3472693073	3472809087	116014	885.58	705.91	19	27	-1	12.71	12.71
Fixation R	1	35	3472693073	3472809087	116014	885.58	705.91	19	27	-1	12.74	12.74
Saccade L	1	37	3472809087	3472833098	24011	897.06	708.30	964.25	710.76	1.34	106.14	0.50	55.65	4943.80	-4798.66	3537.82
Saccade R	1	35	3472809087	3472833098	24011	897.06	708.30	964.25	710.76	1.34	106.14	0.50	55.65	4943.80	-4798.66	3537.82
Fixation L	1	38	3472833098	3472945114	112016	956.36	703.34	13	11	-1	12.48	12.48
Fixation R	1	36	3472833098	3472945114	112016	956.36	703.34	13	11	-1	12.81	12.81
Saccade L	1	38	3472945114	3472973128	28014	952.17	701.11	961.65	775.84	1.53	115.81	0.43	54.74	5481.52	-5325.10	3981.23
Saccade R	1	36	3472945114	3472973128	28014	952.17	701.11	961.65	775.84	1.53	115.81	0.43	54.74	5481.52	-5325.10	3981.23
Fixation L	1	39	3472973128	3473069105	95977	960.61	783.16	9	19	-1	12.29	12.29
Fixation R	1	37	3472973128	3473069105	95977	960.61	783.16	9	19	-1	12.71	12.71
Saccade L	1	39	3473069105	3473093123	24018	956.09	790.06	943.79	869.94	1.72	151.72	0.50	71.68	7048.34	-6072.04	4858.97
Saccade R	1	37	3473069105	3473093123	24018	956.09	790.06	943.79	869.94	1.72	151.72	0.50	71.68	7048.34	-6072.04	4858.97
Fixation L	1	40	3473093123	3473241128	148005	919.98	880.07	31	14	-1	12.52	12.52
Fixation R	1	38	3473093123	3473241128	148005	919.98	880.07	31	14	-1	12.98	12.98
Saccade L	1	40	3473241128	3473269108	27980	915.17	884.86	917.55	762.34	2.41	173.82	0.43	85.98	8407.21	-8299.25	6181.49
Saccade R	1	38	3473241128	3473269108	27980	915.17	884.86	917.55	762.34	2.41	173.82	0.43	85.98	8407.21	-8299.25	6181.49
Fixation L	1	41	3473269108	3473376991	107883	916.21	766.56	14	9	-1	12.54	12.54
Fixation R	1	39	3473269108	3473376991	107883	916.21	766.56	14	9	-1	13.12	13.12
Saccade L	1	41	3473376991	3473425010	48019	911.97	771.78	1164.62	442.46	8.98	424.64	0.33	187.03	20199.55	-15013.94	11780.42
Saccade R	1	39	3473376991	3473425010	48019	911.97	771.78	1164.62	442.46	8.98	424.64	0.33	187.03	20199.55	-15013.94	11780.42
Fixation L	1	42	3473425010	3473677029	252019	1156.56	440.84	16	21	-1	12.33	12.33
Fixation R	1	40	3473425010	3473677029	252019	1156.56	440.84	16	21	-1	13.01	13.01
Saccade L	1	42	3473677029	3473709045	32016	1156.02	453.61	1145.53	393.22	1.28	76.21	0.50	39.92	3336.63	-3548.54	2540.10
Saccade R	1	40	3473677029	3473709045	32016	1156.02	453.61	1145.53	393.22	1.28	76.21	0.50	39.92	3336.63	-3548.54	2540.10
Fixation L	1	43	3473709045	3473901003	191958	1138.53	385.18	13	31	-1	12.30	12.30
Fixation R	1	41	3473709045	3473901003	191958	1138.53	385.18	13	31	-1	12.90	12.90
Saccade L	1	43	3473901003	3473932992	31989	1131.46	402.16	1217.59	377.15	1.87	126.12	0.37	58.49	5323.08	-4735.81	3524.51
Saccade R	1	41	3473901003	3473932992	31989	1131.46	402.16	1217.59	377.15	1.87	126.12	0.37	58.49	5323.08	-4735.81	3524.51
Fixation L	1	44	3473932992	3474233010	300018	1220.02	354.68	16	34	-1	12.29	12.29
Fixation R	1	42	3473932992	3474233010	300018	1220.02	354.68	16	34	-1	12.86	12.86
Saccade L	1	44	3474233010	3474256995	23985	1217.16	371.96	1183.04	335.30	0.96	68.73	0.50	40.21	2874.74	-2766.50	2100.49
Saccade R	1	42	3474233010	3474256995	23985	1217.16	371.96	1183.04	335.30	0.96	68.73	0.50	40.21	2874.74	-2766.50	2100.49
Fixation L	1	45	3474256995	3474481005	224010	1171.73	344.90	23	19	-1	12.37	12.37
Fixation R	1	43	3474256995	3474481005	224010	1171.73	344.90	23	19	-1	12.94	12.94
Saccade L	1	45	3474481005	3474529003	47998	1170.93	341.46	884.36	783.58	11.51	434.91	0.42	239.81	20476.21	-17620.60	13413.29
Saccade R	1	43	3474481005	3474529003	47998	1170.93	341.46	884.36	783.58	11.51	434.91	0.42	239.81	20476.21	-17620.60	13413.29
Fixation L	1	46	3474529003	3474792890	263887	877.89	775.56	14	24	-1	12.73	12.73
Fixation R	1	44	3474529003	3474792890	263887	877.89	775.56	14	24	-1	12.87	12.87
Saccade L	1	46	3474792890	3474820897	28007	879.83	772.84	879.81	864.62	1.81	135.29	0.57	64.80	5947.73	-6007.03	4446.54
Saccade R	1	44	3474792890	3474820897	28007	879.83	772.84	879.81	864.62	1.81	135.29	0.57	64.80	5947.73	-6007.03	4446.54
Fixation L	1	47	3474820897	3474948877	127980	882.31	873.14	10	23	-1	12.39	12.39
Fixation R	1	45	3474820897	3474948877	127980	882.31	873.14	10	23	-1	12.79	12.79
Saccade L	1	47	3474948877	3474984904	36027	889.59	879.88	887.81	734.11	3.07	181.87	0.33	85.26	8480.40	-8131.02	5717.95
Saccade R	1	45	3474948877	3474984904	36027	889.59	879.88	887.81	734.11	3.07	181.87	0.33	85.26	8480.40	-8131.02	5717.95
Fixation L	1	48	3474984904	3475104892	119988	881.32	748.53	13	23	-1	12.40	12.40
Fixation R	1	46	3474984904	3475160914	176010	699.05	604.73	891	1052	-1	12.39	12.39
Saccade L	1	48	3475104892	3475136891	31999	889.14	756.99	0.00	0.00	25.82	2346.82	0.63	806.89	94592.97	-98910.61	64676.03
Fixation L	1	49	3475248897	3475396893	147996	1214.41	304.08	22	18	-1	12.01	12.01
Fixation R	1	47	3475248897	3475396893	147996	1214.41	304.08	22	18	-1	12.36	12.36
Saccade L	1	49	3475396893	3475420896	24003	1209.05	300.41	1184.72	352.33	1.05	86.06	0.67	43.90	4161.83	-2989.39	2617.46
Saccade R	1	46	3475396893	3475420896	24003	1209.05	300.41	1184.72	352.33	1.05	86.06	0.67	43.90	4161.83	-2989.39	2617.46
Fixation L	1	50	3475420896	3475628908	208012	1165.16	337.55	25	25	-1	12.45	12.45
Fixation R	1	48	3475420896	3475628908	208012	1165.16	337.55	25	25	-1	12.86	12.86
Saccade L	1	50	3475628908	3475648901	19993	1166.95	341.57	1136.90	366.38	0.67	54.20	0.60	33.35	2502.17	-1802.34	1531.76
Saccade R	1	47	3475628908	3475648901	19993	1166.95	341.57	1136.90	366.38	0.67	54.20	0.60	33.35	2502.17	-1802.34	1531.76
Fixation L	1	51	3475648901	3475888899	239998	1116.05	371.87	35	17	-1	12.58	12.58
Fixation R	1	49	3475648901	3475888899	239998	1116.05	371.87	35	17	-1	12.94	12.94
Saccade L	1	51	3475888899	3475940933	52034	1106.68	360.34	937.03	724.45	8.95	378.24	0.31	171.93	17083.27	-12725.99	9934.12
Saccade R	1	48	3475888899	3475940933	52034	1106.68	360.34	937.03	724.45	8.95	378.24	0.31	171.93	17083.27	-12725.99	9934.12
Fixation L	1	52	3475940933	3476072932	131999	919.31	737.23	26	16	-1	12.91	12.91
Fixation R	1	50	3475940933	3476072932	131999	919.31	737.23	26	16	-1	12.97	12.97
Fixation L	1	53	3476088945	3476292793	203848	882.99	782.70	32	38	-1	12.55	12.55
Fixation R	1	51	3476088945	3476292793	203848	882.99	782.70	32	38	-1	12.93	12.93
Saccade L	1	52	3476292793	3476348792	55999	874.99	789.43	1179.67	352.47	12.14	475.12	0.50	216.85	22126.26	-18227.47	13202.97
Saccade R	1	49	3476292793	3476348792	55999	874.99	789.43	1179.67	352.47	12.14	475.12	0.50	216.85	22126.26	-18227.47	13202.97
Fixation L	1	54	3476348792	3476504818	156026	1184.79	355.71	24	18	-1	12.34	12.34
Fixation R	1	52	3476348792	3476504818	156026	1184.79	355.71	24	18	-1	12.80	12.80
Saccade L	1	53	3476504818	3476540857	36039	1173.05	351.29	1053.27	346.38	2.72	190.79	0.56	75.34	8409.73	-8364.96	5598.46
Saccade R	1	50	3476504818	3476540857	36039	1173.05	351.29	1053.27	346.38	2.72	190.79	0.56	75.34	8409.73	-8364.96	5598.46
Fixation L	1	55	3476540857	3476628807	87950	1041.73	347.71	20	11	-1	12.25	12.25
Fixation R	1	53	3476540857	3476628807	87950	1041.73	347.71	20	11	-1	12.60	12.60
Saccade L	1	54	3476628807	3476676822	48015	1031.72	345.66	933.54	728.79	8.78	372.50	0.50	182.87	16706.98	-16755.81	11383.30
Saccade R	1	51	3476628807	3476676822	48015	1031.72	345.66	933.54	728.79	8.78	372.50	0.50	182.87	16706.98	-16755.81	11383.30
Fixation L	1	56	3476676822	3476900827	224005	895.08	744.46	47	23	-1	12.82	12.82
Fixation R	1	54	3476676822	3476900827	224005	895.08	744.46	47	23	-1	13.14	13.14
Saccade L	1	55	3476900827	3476924805	23978	887.26	741.89	821.93	779.36	1.56	123.95	0.50	64.93	5616.39	-5532.81	4115.87
Saccade R	1	52	3476900827	3476924805	23978	887.26	741.89	821.93	779.36	1.56	123.95	0.50	64.93	5616.39	-5532.81	4115.87
Fixation L	1	57	3476924805	3477064824	140019	823.24	787.81	19	15	-1	13.14	13.14
Fixation R	1	55	3476924805	3477064824	140019	823.24	787.81	19	15	-1	13.42	13.42
Saccade L	1	56	3477064824	3477084843	20019	833.16	794.36	826.85	833.11	0.73	69.38	0.60	36.35	2896.40	-2478.76	1962.14
Saccade R	1	53	3477064824	3477084843	20019	833.16	794.36	826.85	833.11	0.73	69.38	0.60	36.35	2896.40	-2478.76	1962.14
Fixation L	1	58	3477084843	3477200798	115955	827.94	837.40	5	19	-1	12.86	12.86
Fixation R	1	56	3477084843	3477200798	115955	827.94	837.40	5	19	-1	13.50	13.50
Saccade L	1	57	3477200798	3477228823	28025	830.80	843.06	742.64	866.50	1.90	153.57	0.57	67.66	6590.31	-6482.82	4857.32
Saccade R	1	54	3477200798	3477228823	28025	830.80	843.06	742.64	866.50	1.90	153.57	0.57	67.66	6590.31	-6482.82	4857.32
Fixation L	1	59	3477228823	3477680695	451872	745.13	845.89	26	53	-1	12.96	12.96
Fixation R	1	57	3477228823	3477680695	451872	745.13	845.89	26	53	-1	13.55	13.55
Saccade L	1	58	3477680695	3477720703	40008	729.34	849.78	0.00	0.00	27.22	2159.62	0.70	680.26	93294.29	-99406.16	55089.99
Saccade R	1	55	3477680695	3477720703	40008	729.34	849.78	0.00	0.00	27.22	2159.62	0.70	680.26	93294.29	-99406.16	55089.99
Fixation L	1	60	3477720703	3477772692	51989	0.00	0.00	0	0	-1	13.19	13.19
Fixation R	1	58	3477720703	3477772692	51989	0.00	0.00	0	0	-1	11.81	11.81
Saccade L	1	59	3477888751	3477940701	51950	896.43	824.38	932.79	768.90	2.16	87.95	0.46	41.61	2118.44	-2464.21	1513.78
Saccade R	1	56	3477888751	3477940701	51950	896.43	824.38	932.79	768.90	2.16	87.95	0.46	41.61	2118.44	-2464.21	1513.78
Fixation L	1	61	3477940701	3478072707	132006	908.11	779.70	40	25	-1	12.68	12.68
Fixation R	1	59	3477940701	3478072707	132006	908.11	779.70	40	25	-1	13.28	13.28
Saccade L	1	60	3478072707	3478124737	52030	897.29	791.69	1228.90	309.59	13.01	495.66	0.38	250.10	24527.45	-17854.57	14570.40
Saccade R	1	57	3478072707	3478124737	52030	897.29	791.69	1228.90	309.59	13.01	495.66	0.38	250.10	24527.45	-17854.57	14570.40
Fixation L	1	62	3478124737	3478284700	159963	1183.73	311.85	68	20	-1	12.58	12.58
Fixation R	1	60	3478124737	3478284700	159963	1183.73	311.85	68	20	-1	13.15	13.15
Saccade L	1	61	3478284700	3478308714	24014	1173.12	302.86	1094.84	315.60	1.68	146.70	0.50	70.02	6210.79	-6006.16	4560.93
Saccade R	1	58	3478284700	3478308714	24014	1173.12	302.86	1094.84	315.60	1.68	146.70	0.50	70.02	6210.79	-6006.16	4560.93
Fixation L	1	63	3478308714	3478540736	232022	1093.31	324.95	16	17	-1	12.55	12.55
Fixation R	1	61	3478308714	3478540736	232022	1093.31	324.95	16	17	-1	12.80	12.80
Saccade L	1	62	3478540736	3478592755	52019	1090.90	332.17	833.89	843.78	12.53	446.94	0.31	240.97	21746.01	-19197.46	14010.88
Saccade R	1	59	3478540736	3478592755	52019	1090.90	332.17	833.89	843.78	12.53	446.94	0.31	240.97	21746.01	-19197.46	14010.88
Fixation L	1	64	3478592755	3478708712	115957	831.78	854.88	16	29	-1	13.29	13.29
Fixation R	1	62	3478592755	3478708712	115957	831.78	854.88	16	29	-1	13.29	13.29
Saccade L	1	63	3478708712	3478732729	24017	822.88	862.12	837.94	803.71	1.29	102.80	0.50	53.91	4593.78	-4233.62	3243.63
Saccade R	1	60	3478708712	3478732729	24017	822.88	862.12	837.94	803.71	1.29	102.80	0.50	53.91	4593.78	-4233.62	3243.63
Fixation L	1	65	3478732729	3478864757	132028	828.39	800.48	18	22	-1	13.38	13.38
Fixation R	1	63	3478732729	3478864757	132028	828.39	800.48	18	22	-1	13.13	13.13
Saccade L	1	64	3478864757	3478888714	23957	823.28	812.18	879.55	805.13	1.13	89.10	0.50	47.24	3761.35	-3515.63	2709.13
Saccade R	1	61	3478864757	3478888714	23957	823.28	812.18	879.55	805.13	1.13	89.10	0.50	47.24	3761.35	-3515.63	2709.13
Fixation L	1	66	3478888714	3479172628	283914	891.44	786.15	21	27	-1	12.75	12.75
Fixation R	1	64	3478888714	3479172628	283914	891.44	786.15	21	27	-1	12.76	12.76
Saccade L	1	65	3479172628	3479196610	23982	897.76	777.87	831.32	777.29	1.35	113.19	0.67	56.40	5388.34	-4645.72	3709.58
Saccade R	1	62	3479172628	3479196610	23982	897.76	777.87	831.32	777.29	1.35	113.19	0.67	56.40	5388.34	-4645.72	3709.58
Fixation L	1	67	3479196610	3479300603	103993	826.64	781.96	15	9	-1	12.73	12.73
Fixation R	1	65	3479196610	3479300603	103993	826.64	781.96	15	9	-1	12.56	12.56
Saccade L	1	66	3479300603	3479328615	28012	831.03	778.50	809.87	726.48	1.18	81.05	0.57	42.03	3773.41	-3353.17	2616.43
Saccade R	1	63	3479300603	3479328615	28012	831.03	778.50	809.87	726.48	1.18	81.05	0.57	42.03	3773.41	-3353.17	2616.43
Fixation L	1	68	3479328615	3479444629	116014	805.58	708.99	12	32	-1	12.82	12.82
Fixation R	1	66	3479328615	3479444629	116014	805.58	708.99	12	32	-1	12.52	12.52
Saccade L	1	67	3479444629	3479492640	48011	798.36	699.92	1084.59	386.35	9.12	440.10	0.42	189.96	21005.59	-18669.62	13222.80
Saccade R	1	64	3479444629	3479492640	48011	798.36	699.92	1084.59	386.35	9.12	440.10	0.42	189.96	21005.59	-18669.62	13222.80
Fixation L	1	69	3479492640	3479832618	339978	1075.16	376.98	20	25	-1	12.35	12.35
Fixation R	1	67	3479492640	3479832618	339978	1075.16	376.98	20	25	-1	12.62	12.62
Saccade L	1	68	3479832618	3479872619	40001	1066.82	378.76	1010.89	339.40	1.61	78.75	0.40	40.27	3678.19	-2308.45	1992.06
Saccade R	1	65	3479832618	3479872619	40001	1066.82	378.76	1010.89	339.40	1.61	78.75	0.40	40.27	3678.19	-2308.45	1992.06
Fixation L	1	70	3479872619	3480048650	176031	1009.11	342.41	6	11	-1	12.73	12.73
Fixation R	1	68	3479872619	3480048650	176031	1009.11	342.41	6	11	-1	13.11	13.11
Saccade L	1	69	3480048650	3480096652	48002	1011.97	345.23	832.64	728.55	9.04	336.55	0.42	188.26	16133.71	-12634.86	10145.48
Saccade R	1	66	3480048650	3480096652	48002	1011.97	345.23	832.64	728.55	9.04	336.55	0.42	188.26	16133.71	-12634.86	10145.48
Fixation L	1	71	3480096652	3480200639	103987	833.02	734.85	17	26	-1	12.81	12.81
Fixation R	1	69	3480096652	3480200639	103987	833.02	734.85	17	26	-1	13.35	13.35
Saccade L	1	70	3480200639	3480228628	27989	841.56	746.88	823.69	783.17	0.90	53.36	0.43	32.00	2355.59	-1959.06	1626.50
Saccade R	1	67	3480200639	3480228628	27989	841.56	746.88	823.69	783.17	0.90	53.36	0.43	32.00	2355.59	-1959.06	1626.50
Fixation L	1	72	3480228628	3480364503	135875	809.44	804.23	21	31	-1	13.17	13.17
Fixation R	1	70	3480228628	3480364503	135875	809.44	804.23	21	31	-1	13.40	13.40
Saccade L	1	71	3480364503	3480392525	28022	804.58	812.28	736.06	773.95	1.71	125.66	0.43	60.97	5288.73	-4782.95	3746.93
Saccade R	1	68	3480364503	3480392525	28022	804.58	812.28	736.06	773.95	1.71	125.66	0.43	60.97	5288.73	-4782.95	3746.93
Fixation L	1	73	3480392525	3480556513	163988	721.59	753.77	21	38	-1	13.15	13.15
Fixation R	1	71	3480392525	3480556513	163988	721.59	753.77	21	38	-1	13.30	13.30
Saccade L	1	72	3480556513	3480580522	24009	722.17	736.83	716.39	701.30	0.75	55.65	0.50	31.19	2265.05	-1923.00	1600.73
Saccade R	1	69	3480556513	3480580522	24009	722.17	736.83	716.39	701.30	0.75	55.65	0.50	31.19	2265.05	-1923.00	1600.73
Fixation L	1	74	3480580522	3480712517	131995	719.08	692.74	6	14	-1	12.95	12.95
Fixation R	1	72	3480580522	3480712517	131995	719.08	692.74	6	14	-1	13.25	13.25
Saccade L	1	73	3480712517	3480760518	48001	716.19	699.08	852.15	410.62	6.98	320.11	0.42	145.33	15321.51	-12533.72	9450.28
Saccade R	1	70	3480712517	3480760518	48001	716.19	699.08	852.15	410.62	6.98	320.11	0.42	145.33	15321.51	-12533.72	9450.28
Fixation L	1	75	3480760518	3480892516	131998	850.05	418.25	18	23	-1	12.80	12.80
Fixation R	1	73	3480760518	3480892516	131998	850.05	418.25	18	23	-1	13.23	13.23
Saccade L	1	74	3480892516	3480924537	32021	837.41	414.41	944.50	403.10	2.27	147.96	0.50	70.83	6827.81	-7050.87	5022.75
Saccade R	1	71	3480892516	3480924537	32021	837.41	414.41	944.50	403.10	2.27	147.96	0.50	70.83	6827.81	-7050.87	5022.75
Fixation L	1	76	3480924537	3481100529	175992	940.08	408.50	10	32	-1	12.74	12.74
Fixation R	1	74	3480924537	3481100529	175992	940.08	408.50	10	32	-1	13.15	13.15
Saccade L	1	75	3481100529	3481128523	27994	938.47	424.89	1041.80	415.56	2.06	158.76	0.57	73.70	7157.00	-7135.85	5236.64
Saccade R	1	72	3481100529	3481128523	27994	938.47	424.89	1041.80	415.56	2.06	158.76	0.57	73.70	7157.00	-7135.85	5236.64
Fixation L	1	77	3481128523	3481348534	220011	1045.51	399.85	14	28	-1	12.72	12.72
Fixation R	1	75	3481128523	3481348534	220011	1045.51	399.85	14	28	-1	13.26	13.26
Saccade L	1	76	3481348534	3481396526	47992	1051.33	399.51	861.11	699.89	7.85	304.98	0.33	163.64	14726.49	-11417.43	9196.11
Saccade R	1	73	3481348534	3481396526	47992	1051.33	399.51	861.11	699.89	7.85	304.98	0.33	163.64	14726.49	-11417.43	9196.11
Fixation L	1	78	3481396526	3481472555	76029	849.98	692.54	15	23	-1	12.97	12.97
Fixation R	1	76	3481396526	3481472555	76029	849.98	692.54	15	23	-1	13.06	13.06
Saccade L	1	77	3481472555	3481508531	35976	847.70	680.49	0.00	0.00	28.74	2188.99	0.67	798.81	95695.17	-99839.56	62989.82
Saccade R	1	74	3481472555	3481508531	35976	847.70	680.49	0.00	0.00	28.74	2188.99	0.67	798.81	95695.17	-99839.56	62989.82
Fixation L	1	79	3481508531	3481560530	51999	0.00	0.00	0	0	-1	10.05	10.05
Fixation R	1	77	3481508531	3481560530	51999	0.00	0.00	0	0	-1	11.00	11.00
Saccade L	1	78	3481696569	3481732545	35976	808.56	670.76	678.39	704.19	3.00	185.68	0.44	83.48	8869.23	-8225.06	5778.82
Saccade R	1	75	3481696569	3481732545	35976	808.56	670.76	678.39	704.19	3.00	185.68	0.44	83.48	8869.23	-8225.06	5778.82
Fixation L	1	80	3481732545	3481800404	67859	677.32	695.24	3	21	-1	13.08	13.08
Fixation R	1	78	3481732545	3481800404	67859	677.32	695.24	3	21	-1	12.95	12.95
Saccade L	1	79	3481800404	3481864418	64014	676.86	686.40	1020.72	376.92	10.35	500.88	0.31	161.76	22707.32	-19953.28	10695.37
Saccade R	1	76	3481800404	3481864418	64014	676.86	686.40	1020.72	376.92	10.35	500.88	0.31	161.76	22707.32	-19953.28	10695.37
Fixation L	1	81	3481864418	3482076424	212006	1038.77	366.57	29	21	-1	12.57	12.57
Fixation R	1	79	3481864418	3482076424	212006	1038.77	366.57	29	21	-1	12.93	12.93
Saccade L	1	80	3482076424	3482124437	48013	1049.37	365.08	837.98	745.67	9.51	392.36	0.33	198.16	19287.57	-16199.40	11980.44
Saccade R	1	77	3482076424	3482124437	48013	1049.37	365.08	837.98	745.67	9.51	392.36	0.33	198.16	19287.57	-16199.40	11980.44
Fixation L	1	82	3482124437	3482432458	308021	827.00	771.46	27	42	-1	13.05	13.05
Fixation R	1	80	3482124437	3482432458	308021	827.00	771.46	27	42	-1	13.03	13.03
Saccade L	1	81	3482432458	3482488417	55959	821.10	786.84	1093.97	404.82	10.42	476.07	0.36	186.17	23093.54	-16993.39	12023.86
Saccade R	1	78	3482432458	3482488417	55959	821.10	786.84	1093.97	404.82	10.42	476.07	0.36	186.17	23093.54	-16993.39	12023.86
Fixation L	1	83	3482488417	3482736446	248029	1077.82	397.05	32	25	-1	12.69	12.69
Fixation R	1	81	3482488417	3482736446	248029	1077.82	397.05	32	25	-1	13.09	13.09
Saccade L	1	82	3482736446	3482760455	24009	1068.67	401.74	1108.72	397.51	0.78	50.40	0.50	32.55	2145.58	-1694.94	1405.15
Saccade R	1	79	3482736446	3482760455	24009	1068.67	401.74	1108.72	397.51	0.78	50.40	0.50	32.55	2145.58	-1694.94	1405.15
Fixation L	1	84	3482760455	3482932439	171984	1112.21	391.72	10	11	-1	12.48	12.48
Fixation R	1	82	3482760455	3482932439	171984	1112.21	391.72	10	11	-1	13.20	13.20
Saccade L	1	83	3482932439	3482956444	24005	1112.54	394.36	1141.82	389.51	0.74	51.43	0.50	30.75	2345.38	-1870.50	1527.63
Saccade R	1	80	3482932439	3482956444	24005	1112.54	394.36	1141.82	389.51	0.74	51.43	0.50	30.75	2345.38	-1870.50	1527.63
Fixation L	1	85	3482956444	3483552399	595955	1159.46	394.25	27	53	-1	12.41	12.41
Fixation R	1	83	3482956444	3483552399	595955	1159.46	394.25	27	53	-1	13.07	13.07
Saccade L	1	84	3483552399	3483580324	27925	1166.74	418.31	1140.12	369.83	1.10	70.93	0.43	39.27	3044.32	-2316.55	1904.45
Saccade R	1	81	3483552399	3483580324	27925	1166.74	418.31	1140.12	369.83	1.10	70.93	0.43	39.27	3044.32	-2316.55	1904.45
Fixation L	1	86	3483580324	3483820331	240007	1134.68	359.10	17	22	-1	12.76	12.76
Fixation R	1	84	3483580324	3483820331	240007	1134.68	359.10	17	22	-1	13.27	13.27
Saccade L	1	85	3483820331	3483852396	32065	1142.73	371.46	1107.81	348.24	0.88	43.91	0.37	27.33	1872.79	-1218.71	1137.58
Saccade R	1	82	3483820331	3483852396	32065	1142.73	371.46	1107.81	348.24	0.88	43.91	0.37	27.33	1872.79	-1218.71	1137.58
Fixation L	1	87	3483852396	3484052332	199936	1101.36	339.68	10	15	-1	12.57	12.57
Fixation R	1	85	3483852396	3484052332	199936	1101.36	339.68	10	15	-1	13.28	13.28
Saccade L	1	86	3484052332	3484080370	28038	1102.58	346.05	1148.63	350.70	0.95	55.49	0.57	33.85	2317.96	-2132.14	1639.22
Saccade R	1	83	3484052332	3484080370	28038	1102.58	346.05	1148.63	350.70	0.95	55.49	0.57	33.85	2317.96	-2132.14	1639.22
Fixation L	1	88	3484080370	3484316359	235989	1152.58	354.99	10	17	-1	12.56	12.56
Fixation R	1	86	3484080370	3484396340	315970	970.15	318.78	1819	1147	-1	12.67	12.67
Saccade L	1	87	3484316359	3484356347	39988	1157.34	358.45	0.00	0.00	38.96	3098.98	0.70	974.36	97978.72	-133486.32	65372.51
Fixation L	1	89	3484472287	3484688245	215958	1171.26	360.49	27	43	-1	12.41	12.41
Fixation R	1	87	3484472287	3484688245	215958	1171.26	360.49	27	43	-1	13.04	13.04
Saccade L	1	88	3484688245	3484716249	28004	1159.08	373.29	1123.35	365.05	0.78	41.29	0.43	27.70	1380.07	-1267.70	982.96
Saccade R	1	84	3484688245	3484716249	28004	1159.08	373.29	1123.35	365.05	0.78	41.29	0.43	27.70	1380.07	-1267.70	982.96
Fixation L	1	90	3484716249	3484812233	95984	1111.37	353.18	16	22	-1	12.63	12.63
Fixation R	1	88	3484716249	3484812233	95984	1111.37	353.18	16	22	-1	13.24	13.24
Saccade L	1	89	3484812233	3484868240	56007	1108.26	343.05	905.33	798.10	10.83	371.75	0.36	193.37	17401.19	-15946.42	10903.41
Saccade R	1	85	3484812233	3484868240	56007	1108.26	343.05	905.33	798.10	10.83	371.75	0.36	193.37	17401.19	-15946.42	10903.41
Fixation L	1	91	3484868240	3485080286	212046	911.47	797.36	15	25	-1	12.98	12.98
Fixation R	1	89	3484868240	3485080286	212046	911.47	797.36	15	25	-1	13.33	13.33
Saccade L	1	90	3485080286	3485112252	31966	911.22	781.74	847.29	804.30	1.71	135.08	0.37	53.39	5683.17	-4807.82	3429.77
Saccade R	1	86	3485080286	3485112252	31966	911.22	781.74	847.29	804.30	1.71	135.08	0.37	53.39	5683.17	-4807.82	3429.77
Fixation L	1	92	3485112252	3485312240	199988	849.37	799.88	25	27	-1	12.86	12.86
Fixation R	1	90	3485112252	3485312240	199988	849.37	799.88	25	27	-1	13.12	13.12
Saccade L	1	91	3485312240	3485364247	52007	838.79	791.63	1162.65	269.11	13.41	548.42	0.38	257.88	26828.61	-22791.82	16523.55
Saccade R	1	87	3485312240	3485364247	52007	838.79	791.63	1162.65	269.11	13.41	548.42	0.38	257.88	26828.61	-22791.82	16523.55
Fixation L	1	93	3485364247	3485672263	308016	1156.46	290.67	33	56	-1	12.32	12.32
Fixation R	1	91	3485364247	3485672263	308016	1156.46	290.67	33	56	-1	12.81	12.81
Saccade L	1	92	3485672263	3485696244	23981	1173.96	288.98	1160.41	322.92	0.70	43.77	0.67	29.32	1948.34	-1612.09	1360.96
Saccade R	1	88	3485672263	3485696244	23981	1173.96	288.98	1160.41	322.92	0.70	43.77	0.67	29.32	1948.34	-1612.09	1360.96
Fixation L	1	94	3485696244	3486648139	951895	1162.55	319.77	29	54	-1	12.84	12.84
Fixation R	1	92	3485696244	3486648139	951895	1162.55	319.77	29	54	-1	13.39	13.39
Saccade L	1	93	3486648139	3486672162	24023	1145.32	340.50	1104.40	332.98	0.83	57.42	0.50	34.59	2367.21	-1913.80	1592.47
Saccade R	1	89	3486648139	3486672162	24023	1145.32	340.50	1104.40	332.98	0.83	57.42	0.50	34.59	2367.21	-1913.80	1592.47
Fixation L	1	95	3486672162	3487104149	431987	1096.24	314.15	18	30	-1	13.17	13.17
Fixation R	1	93	3486672162	3487104149	431987	1096.24	314.15	18	30	-1	13.83	13.83
Saccade L	1	94	3487104149	3487128177	24028	1102.34	312.57	1146.47	309.60	0.86	63.50	0.50	35.81	2986.82	-2542.16	1987.48
Saccade R	1	90	3487104149	3487128177	24028	1102.34	312.57	1146.47	309.60	0.86	63.50	0.50	35.81	2986.82	-2542.16	1987.48
Fixation L	1	96	3487128177	3487804056	675879	1159.95	321.18	31	38	-1	13.35	13.35
Fixation R	1	94	3487128177	3487804056	675879	1159.95	321.18	31	38	-1	13.97	13.97
Saccade L	1	95	3487804056	3487836025	31969	1169.92	306.52	1051.62	318.33	2.44	178.94	0.50	76.45	7855.51	-7710.33	5643.37
Saccade R	1	91	3487804056	3487836025	31969	1169.92	306.52	1051.62	318.33	2.44	178.94	0.50	76.45	7855.51	-7710.33	5643.37
Fixation L	1	97	3487836025	3488020071	184046	1056.07	324.55	19	29	-1	13.01	13.01
Fixation R	1	95	3487836025	3488132052	296027	722.61	231.24	1073	795	-1	11.57	11.57
Saccade L	1	96	3488020071	3488052064	31993	1072.04	342.11	0.00	0.00	24.97	2008.26	0.62	780.61	85801.91	-85195.74	60520.83
Fixation L	1	98	3488052064	3488132052	79988	0.00	0.00	0	0	-1	9.66	9.66
Fixation L	1	99	3488200065	3488384049	183984	812.68	739.99	42	29	-1	13.27	13.27
Fixation R	1	96	3488200065	3488384049	183984	812.68	739.99	42	29	-1	13.35	13.35
Saccade L	1	97	3488384049	3488404045	19996	836.53	757.39	838.98	713.98	0.76	75.71	0.60	37.89	2861.24	-2101.28	1784.20
Saccade R	1	92	3488384049	3488404045	19996	836.53	757.39	838.98	713.98	0.76	75.71	0.60	37.89	2861.24	-2101.28	1784.20
Fixation L	1	100	3488404045	3488488070	84025	847.25	717.82	16	25	-1	13.37	13.37
Fixation R	1	97	3488404045	3488488070	84025	847.25	717.82	16	25	-1	13.62	13.62
Saccade L	1	98	3488488070	3488516054	27984	841.04	719.53	680.87	717.80	3.26	271.00	0.43	116.67	11876.85	-11565.71	8668.50
Saccade R	1	93	3488488070	3488516054	27984	841.04	719.53	680.87	717.80	3.26	271.00	0.43	116.67	11876.85	-11565.71	8668.50
Fixation L	1	101	3488516054	3488863940	347886	653.00	706.16	65	27	-1	12.98	12.98
Fixation R	1	98	3488516054	3488863940	347886	653.00	706.16	65	27	-1	13.06	13.06
Saccade L	1	99	3488863940	3488903955	40015	625.65	693.67	905.92	721.12	5.98	304.69	0.40	149.48	14682.33	-13206.55	10068.06
Saccade R	1	94	3488863940	3488903955	40015	625.65	693.67	905.92	721.12	5.98	304.69	0.40	149.48	14682.33	-13206.55	10068.06
Fixation L	1	102	3488903955	3489043939	139984	909.91	718.20	9	11	-1	12.41	12.41
Fixation R	1	99	3488903955	3489043939	139984	909.91	718.20	9	11	-1	12.86	12.86
Saccade L	1	100	3489043939	3489099983	56044	908.35	712.44	502.55	244.32	13.84	515.35	0.36	246.99	24326.12	-14717.91	13843.39
Saccade R	1	95	3489043939	3489099983	56044	908.35	712.44	502.55	244.32	13.84	515.35	0.36	246.99	24326.12	-14717.91	13843.39
Fixation L	1	103	3489099983	3489215935	115952	488.89	256.35	21	17	-1	12.59	12.59
Fixation R	1	100	3489099983	3489215935	115952	488.89	256.35	21	17	-1	12.68	12.68
