[BeGaze]
Converted from:	D:\Kirillov\Results\ermolova_temp\Natalia-eye_data.idf
Date:	17.04.2019 03:53:09
Version:	BeGaze 3.0.181
Sample Rate:	250
Subject:	Natalia
Description:	Run20

Table Header for Fixations:
Event Type	Trial	Number	Start	End	Duration	Location X	Location Y	Dispersion X	Dispersion Y	Plane	Avg. Pupil Size X	Avg. Pupil Size Y

Table Header for Saccades:
Event Type	Trial	Number	Start	End	Duration	Start Loc.X	Start Loc.Y	End Loc.X	End Loc.Y	Amplitude	Peak Speed	Peak Speed At	Average Speed	Peak Accel.	Peak Decel.	Average Accel.

Table Header for User Events:
Event Type	Trial	Number	Start	Description

UserEvent	1	1	7242723912	# Message: experiment-11.jpg
Saccade L	1	1	7243039468	7243251646	212178	0.00	0.00	796.49	703.89	186.41	2046.00	0.94	878.56	85285.87	-84842.83	64243.75
Saccade R	1	1	7243039468	7243251646	212178	0.00	0.00	796.49	703.89	186.41	2046.00	0.94	878.56	85285.87	-84842.83	64243.75
Fixation L	1	1	7243251646	7243303650	52004	801.75	697.91	8	13	-1	12.57	12.57
Fixation R	1	1	7243251646	7243303650	52004	801.75	697.91	8	13	-1	13.18	13.18
Saccade L	1	2	7243303650	7243335630	31980	802.00	689.97	936.16	692.55	2.75	189.22	0.37	85.93	8919.52	-9010.83	6401.07
Saccade R	1	2	7243303650	7243335630	31980	802.00	689.97	936.16	692.55	2.75	189.22	0.37	85.93	8919.52	-9010.83	6401.07
Fixation L	1	2	7243335630	7243491644	156014	944.77	693.65	24	17	-1	11.83	11.83
Fixation R	1	2	7243335630	7243491644	156014	944.77	693.65	24	17	-1	12.25	12.25
Saccade L	1	3	7243491644	7243547626	55982	957.54	693.95	797.11	666.47	4.00	263.66	0.29	71.51	12109.79	-11688.03	5461.09
Saccade R	1	3	7243491644	7243547626	55982	957.54	693.95	797.11	666.47	4.00	263.66	0.29	71.51	12109.79	-11688.03	5461.09
Fixation L	1	3	7243547626	7244003515	455889	786.92	682.11	23	33	-1	11.36	11.36
Fixation R	1	3	7243547626	7244003515	455889	786.92	682.11	23	33	-1	11.55	11.55
Saccade L	1	4	7244003515	7244083522	80007	777.24	674.04	1053.07	411.27	8.47	359.28	0.25	105.88	16753.38	-12199.81	6508.89
Saccade R	1	4	7244003515	7244083522	80007	777.24	674.04	1053.07	411.27	8.47	359.28	0.25	105.88	16753.38	-12199.81	6508.89
Fixation L	1	4	7244083522	7244183549	100027	1057.21	418.43	10	14	-1	11.21	11.21
Fixation R	1	4	7244083522	7244183549	100027	1057.21	418.43	10	14	-1	11.51	11.51
Saccade L	1	5	7244183549	7244223537	39988	1060.98	415.95	1195.65	405.24	3.54	260.70	0.40	88.65	11948.65	-10532.25	6667.62
Saccade R	1	5	7244183549	7244223537	39988	1060.98	415.95	1195.65	405.24	3.54	260.70	0.40	88.65	11948.65	-10532.25	6667.62
Fixation L	1	5	7244223537	7244407516	183979	1215.77	401.67	29	13	-1	11.24	11.24
Fixation R	1	5	7244223537	7244407516	183979	1215.77	401.67	29	13	-1	11.65	11.65
Saccade L	1	6	7244407516	7244463519	56003	1222.93	395.63	661.71	400.74	12.19	491.24	0.36	217.61	23313.60	-15818.90	12930.46
Saccade R	1	6	7244407516	7244463519	56003	1222.93	395.63	661.71	400.74	12.19	491.24	0.36	217.61	23313.60	-15818.90	12930.46
Fixation L	1	6	7244463519	7244643526	180007	634.60	395.05	44	21	-1	11.45	11.45
Fixation R	1	6	7244463519	7244643526	180007	634.60	395.05	44	21	-1	11.76	11.76
Saccade L	1	7	7244643526	7244683541	40015	640.96	389.33	904.36	391.00	5.57	308.13	0.50	139.31	15204.58	-14375.01	10237.97
Saccade R	1	7	7244643526	7244683541	40015	640.96	389.33	904.36	391.00	5.57	308.13	0.50	139.31	15204.58	-14375.01	10237.97
Fixation L	1	7	7244683541	7244783538	99997	914.00	391.29	21	8	-1	11.41	11.41
Fixation R	1	7	7244683541	7244783538	99997	914.00	391.29	21	8	-1	11.83	11.83
Saccade L	1	8	7244783538	7244831562	48024	915.95	384.42	1183.60	378.00	6.75	373.82	0.42	140.54	17695.87	-15927.23	9956.34
Saccade R	1	8	7244783538	7244831562	48024	915.95	384.42	1183.60	378.00	6.75	373.82	0.42	140.54	17695.87	-15927.23	9956.34
Saccade L	1	9	7244831562	7244859563	28001	1183.60	378.00	1215.75	383.64	0.66	40.62	0.43	23.66	45.31	-1426.73	630.05
Saccade R	1	9	7244831562	7244859563	28001	1183.60	378.00	1215.75	383.64	0.66	40.62	0.43	23.66	45.31	-1426.73	630.05
Fixation L	1	8	7244859563	7244995543	135980	1228.76	391.35	21	11	-1	11.67	11.67
Fixation R	1	8	7244859563	7244995543	135980	1228.76	391.35	21	11	-1	12.08	12.08
Saccade L	1	10	7244995543	7245015543	20000	1230.30	391.68	1291.07	392.53	0.85	97.59	0.60	42.73	4173.70	-1823.99	2308.99
Saccade R	1	10	7244995543	7245015543	20000	1230.30	391.68	1291.07	392.53	0.85	97.59	0.60	42.73	4173.70	-1823.99	2308.99
Fixation L	1	9	7245015543	7245303434	287891	1270.91	381.54	47	17	-1	11.77	11.77
Fixation R	1	9	7245015543	7245303434	287891	1270.91	381.54	47	17	-1	12.11	12.11
Saccade L	1	11	7245303434	7245331422	27988	1273.86	381.03	1279.10	321.48	1.21	95.54	0.57	43.26	4174.09	-3849.77	2928.52
Saccade R	1	11	7245303434	7245331422	27988	1273.86	381.03	1279.10	321.48	1.21	95.54	0.57	43.26	4174.09	-3849.77	2928.52
Fixation L	1	10	7245331422	7245519438	188016	1276.77	327.76	13	11	-1	11.41	11.41
Fixation R	1	10	7245331422	7245519438	188016	1276.77	327.76	13	11	-1	11.73	11.73
Saccade L	1	12	7245519438	7245583436	63998	1266.87	329.72	1211.42	364.33	2.68	128.38	0.25	41.81	6086.02	-4401.71	2167.50
Saccade R	1	12	7245519438	7245583436	63998	1266.87	329.72	1211.42	364.33	2.68	128.38	0.25	41.81	6086.02	-4401.71	2167.50
Fixation L	1	11	7245583436	7245643422	59986	1205.60	367.48	13	6	-1	11.30	11.30
Fixation R	1	11	7245583436	7245723446	140010	833.40	240.83	1446	372	-1	12.38	12.38
Saccade L	1	13	7245643422	7245691437	48015	1197.35	369.21	0.00	1.46	29.88	2560.29	0.75	622.22	103092.34	-109815.70	49102.99
Fixation L	1	12	7245851453	7246223446	371993	1222.56	383.11	14	12	-1	11.64	11.64
Fixation R	1	12	7245851453	7246223446	371993	1222.56	383.11	14	12	-1	11.85	11.85
Saccade L	1	14	7246223446	7246251439	27993	1223.60	380.25	1192.88	380.22	0.67	47.67	0.57	23.76	2044.91	-2092.75	1523.51
Saccade R	1	13	7246223446	7246251439	27993	1223.60	380.25	1192.88	380.22	0.67	47.67	0.57	23.76	2044.91	-2092.75	1523.51
Fixation L	1	13	7246251439	7246443444	192005	1180.25	388.21	30	14	-1	11.45	11.45
Fixation R	1	13	7246251439	7246443444	192005	1180.25	388.21	30	14	-1	11.79	11.79
Saccade L	1	15	7246443444	7246471438	27994	1161.24	394.67	1181.18	351.94	0.94	70.31	0.43	33.73	3167.36	-2749.35	2140.62
Saccade R	1	14	7246443444	7246471438	27994	1161.24	394.67	1181.18	351.94	0.94	70.31	0.43	33.73	3167.36	-2749.35	2140.62
Fixation L	1	14	7246471438	7246847334	375896	1194.07	338.45	28	26	-1	11.43	11.43
Fixation R	1	14	7246471438	7246847334	375896	1194.07	338.45	28	26	-1	11.75	11.75
Saccade L	1	16	7246847334	7246883361	36027	1192.05	331.00	1234.97	342.18	1.28	88.87	0.44	35.41	3962.24	-3262.80	2155.11
Saccade R	1	15	7246847334	7246883361	36027	1192.05	331.00	1234.97	342.18	1.28	88.87	0.44	35.41	3962.24	-3262.80	2155.11
Fixation L	1	15	7246883361	7247071339	187978	1244.63	343.59	18	11	-1	11.58	11.58
Fixation R	1	15	7246883361	7247071339	187978	1244.63	343.59	18	11	-1	11.90	11.90
Saccade L	1	17	7247071339	7247103342	32003	1235.91	337.39	1201.32	353.20	0.96	63.88	0.37	29.87	2782.19	-2295.30	1653.57
Saccade R	1	16	7247071339	7247103342	32003	1235.91	337.39	1201.32	353.20	0.96	63.88	0.37	29.87	2782.19	-2295.30	1653.57
Fixation L	1	16	7247103342	7247483341	379999	1195.16	356.99	24	16	-1	11.80	11.80
Fixation R	1	16	7247103342	7247483341	379999	1195.16	356.99	24	16	-1	12.33	12.33
Saccade L	1	18	7247483341	7247547344	64003	1198.93	366.40	1057.06	352.04	4.21	242.88	0.25	65.72	10715.66	-8870.72	4330.27
Saccade R	1	17	7247483341	7247547344	64003	1198.93	366.40	1057.06	352.04	4.21	242.88	0.25	65.72	10715.66	-8870.72	4330.27
Fixation L	1	17	7247547344	7247959374	412030	1044.74	374.13	24	31	-1	12.09	12.09
Fixation R	1	17	7247547344	7247959374	412030	1044.74	374.13	24	31	-1	12.28	12.28
Saccade L	1	19	7247959374	7247999353	39979	1046.36	377.67	1109.88	382.54	1.84	133.54	0.40	45.94	5748.44	-4908.83	3159.90
Saccade R	1	18	7247959374	7247999353	39979	1046.36	377.67	1109.88	382.54	1.84	133.54	0.40	45.94	5748.44	-4908.83	3159.90
Fixation L	1	18	7247999353	7248223219	223866	1112.08	368.80	23	24	-1	12.08	12.08
Fixation R	1	18	7247999353	7248223219	223866	1112.08	368.80	23	24	-1	12.34	12.34
Saccade L	1	20	7248223219	7248259277	36058	1117.65	363.04	1147.96	358.56	1.05	78.79	0.33	29.22	3138.03	-2614.23	1694.48
Saccade R	1	19	7248223219	7248259277	36058	1117.65	363.04	1147.96	358.56	1.05	78.79	0.33	29.22	3138.03	-2614.23	1694.48
Fixation L	1	19	7248259277	7248515295	256018	1154.68	368.64	21	35	-1	12.19	12.19
Fixation R	1	19	7248259277	7248515295	256018	1154.68	368.64	21	35	-1	12.52	12.52
Saccade L	1	21	7248515295	7248563260	47965	1158.97	358.94	1047.25	390.42	3.12	196.40	0.42	65.06	8462.69	-7309.67	4517.31
Saccade R	1	20	7248515295	7248563260	47965	1158.97	358.94	1047.25	390.42	3.12	196.40	0.42	65.06	8462.69	-7309.67	4517.31
Fixation L	1	20	7248563260	7248731250	167990	1037.97	400.17	16	14	-1	12.02	12.02
Fixation R	1	20	7248563260	7248799243	235983	931.03	340.55	1637	515	-1	12.40	12.40
Saccade L	1	22	7248731250	7248783233	51983	1042.69	398.49	0.00	0.94	36.34	2845.55	0.77	699.09	86092.68	-122155.65	45177.69
Saccade L	1	23	7248799243	7248931237	131994	0.00	0.43	1004.47	398.21	39.54	1894.55	0.21	299.53	64860.64	-71535.97	12458.32
Saccade R	1	21	7248799243	7248931237	131994	0.00	0.43	1004.47	398.21	39.54	1894.55	0.21	299.53	64860.64	-71535.97	12458.32
Fixation L	1	21	7248931237	7248987275	56038	999.35	396.66	8	5	-1	12.15	12.15
Fixation R	1	21	7248931237	7248987275	56038	999.35	396.66	8	5	-1	12.15	12.15
Saccade L	1	24	7248987275	7249067239	79964	998.72	400.23	977.19	645.39	7.94	336.08	0.30	99.30	15634.05	-11611.23	5816.17
Saccade R	1	22	7248987275	7249067239	79964	998.72	400.23	977.19	645.39	7.94	336.08	0.30	99.30	15634.05	-11611.23	5816.17
Fixation L	1	22	7249067239	7249171261	104022	971.33	650.38	11	16	-1	12.39	12.39
Fixation R	1	22	7249067239	7249171261	104022	971.33	650.38	11	16	-1	12.56	12.56
Saccade L	1	25	7249171261	7249203251	31990	976.86	657.21	932.57	709.99	1.79	139.60	0.37	55.97	5721.62	-4870.69	3552.17
Saccade R	1	23	7249171261	7249203251	31990	976.86	657.21	932.57	709.99	1.79	139.60	0.37	55.97	5721.62	-4870.69	3552.17
Fixation L	1	23	7249203251	7249343251	140000	911.45	731.25	28	32	-1	12.60	12.60
Fixation R	1	23	7249203251	7249343251	140000	911.45	731.25	28	32	-1	12.58	12.58
Saccade L	1	26	7249343251	7249395278	52027	907.65	728.08	933.64	804.25	2.82	177.66	0.23	54.24	7449.61	-5992.47	3150.35
Saccade R	1	24	7249343251	7249395278	52027	907.65	728.08	933.64	804.25	2.82	177.66	0.23	54.24	7449.61	-5992.47	3150.35
Fixation L	1	24	7249395278	7249831158	435880	941.13	828.05	23	57	-1	11.99	11.99
Fixation R	1	24	7249395278	7249831158	435880	941.13	828.05	23	57	-1	11.93	11.93
Saccade L	1	27	7249831158	7249883151	51993	950.57	856.88	880.10	860.78	2.19	130.35	0.54	42.20	5691.68	-5191.51	2762.38
Saccade R	1	25	7249831158	7249883151	51993	950.57	856.88	880.10	860.78	2.19	130.35	0.54	42.20	5691.68	-5191.51	2762.38
Fixation L	1	25	7249883151	7250099158	216007	866.71	857.07	21	16	-1	11.92	11.92
Fixation R	1	25	7249883151	7250099158	216007	866.71	857.07	21	16	-1	11.93	11.93
Saccade L	1	28	7250099158	7250123169	24011	861.36	863.51	886.13	861.72	0.59	48.05	0.50	24.52	2134.09	-1906.12	1434.19
Saccade R	1	26	7250099158	7250123169	24011	861.36	863.51	886.13	861.72	0.59	48.05	0.50	24.52	2134.09	-1906.12	1434.19
Fixation L	1	26	7250123169	7250227162	103993	896.09	854.59	16	11	-1	11.98	11.98
Fixation R	1	26	7250123169	7250227162	103993	896.09	854.59	16	11	-1	12.48	12.48
Saccade L	1	29	7250227162	7250255146	27984	903.68	851.04	761.87	847.37	2.87	215.93	0.43	102.72	10239.09	-9429.61	7375.22
Saccade R	1	27	7250227162	7250255146	27984	903.68	851.04	761.87	847.37	2.87	215.93	0.43	102.72	10239.09	-9429.61	7375.22
Fixation L	1	27	7250255146	7250507163	252017	762.56	840.04	16	19	-1	12.05	12.05
Fixation R	1	27	7250255146	7250507163	252017	762.56	840.04	16	19	-1	12.42	12.42
Saccade L	1	30	7250507163	7250547147	39984	762.30	839.35	755.96	756.18	2.31	154.73	0.40	57.86	7536.79	-6297.55	4093.22
Saccade R	1	28	7250507163	7250547147	39984	762.30	839.35	755.96	756.18	2.31	154.73	0.40	57.86	7536.79	-6297.55	4093.22
Fixation L	1	28	7250547147	7250899185	352038	754.45	744.98	21	23	-1	12.22	12.22
Fixation R	1	28	7250547147	7250899185	352038	754.45	744.98	21	23	-1	12.75	12.75
Saccade L	1	31	7250899185	7250955052	55867	760.27	755.28	795.95	437.15	7.12	409.56	0.28	127.53	19260.47	-17605.01	9397.85
Saccade R	1	29	7250899185	7250955052	55867	760.27	755.28	795.95	437.15	7.12	409.56	0.28	127.53	19260.47	-17605.01	9397.85
Fixation L	1	29	7250955052	7251199043	243991	792.79	417.17	14	30	-1	12.25	12.25
Fixation R	1	29	7250955052	7251199043	243991	792.79	417.17	14	30	-1	12.78	12.78
Saccade R	1	30	7251199043	7251251054	52011	794.82	417.60	673.54	494.95	15.38	1191.03	0.77	295.74	53809.49	-27845.23	17676.65
Fixation L	1	30	7251267082	7251671061	403979	0.00	0.00	0	0	-1	6.18	6.18
Fixation R	1	30	7251267082	7251671061	403979	0.00	0.00	0	0	-1	6.20	6.20
Saccade L	1	32	7253405456	7253617590	212134	0.00	0.00	839.22	842.67	207.72	2272.60	0.94	979.18	95022.34	-93668.83	71245.80
Saccade R	1	31	7253405456	7253617590	212134	0.00	0.00	839.22	842.67	207.72	2272.60	0.94	979.18	95022.34	-93668.83	71245.80
Fixation L	1	31	7253617590	7253781633	164043	831.09	849.59	14	20	-1	13.80	13.80
Fixation R	1	31	7253617590	7253781633	164043	831.09	849.59	14	20	-1	13.79	13.79
Saccade L	1	33	7253781633	7253841594	59961	828.65	838.78	857.80	471.95	8.09	391.29	0.27	134.85	17900.69	-13475.71	8275.45
Saccade R	1	32	7253781633	7253841594	59961	828.65	838.78	857.80	471.95	8.09	391.29	0.27	134.85	17900.69	-13475.71	8275.45
Fixation L	1	32	7253841594	7254141608	300014	850.33	435.37	17	44	-1	11.77	11.77
Fixation R	1	32	7253841594	7254141608	300014	850.33	435.37	17	44	-1	11.96	11.96
Fixation L	1	33	7254209486	7254621491	412005	0.00	0.00	0	0	-1	6.75	6.75
Fixation R	1	33	7254209486	7254621491	412005	0.00	0.00	0	0	-1	5.48	5.48
Saccade L	1	34	7254853283	7255037725	184442	0.00	0.00	936.83	674.28	154.08	2210.55	0.91	835.36	92497.70	-92269.71	67641.81
Saccade R	1	33	7254853283	7255037725	184442	0.00	0.00	936.83	674.28	154.08	2210.55	0.91	835.36	92497.70	-92269.71	67641.81
Fixation L	1	34	7255037725	7255137726	100001	942.25	671.63	20	19	-1	14.05	14.05
Fixation R	1	34	7255037725	7255137726	100001	942.25	671.63	20	19	-1	14.47	14.47
Saccade L	1	35	7255137726	7255209747	72021	957.39	681.43	947.84	907.52	8.02	332.67	0.22	111.35	15686.83	-10422.28	6043.83
Saccade R	1	34	7255137726	7255209747	72021	957.39	681.43	947.84	907.52	8.02	332.67	0.22	111.35	15686.83	-10422.28	6043.83
Fixation L	1	35	7255209747	7255445737	235990	946.08	893.26	19	69	-1	13.52	13.52
Fixation R	1	35	7255209747	7255445737	235990	946.08	893.26	19	69	-1	13.85	13.85
Fixation L	1	36	7255529744	7255709759	180015	708.54	855.16	16	21	-1	11.92	11.92
Fixation R	1	36	7255529744	7255709759	180015	708.54	855.16	16	21	-1	11.89	11.89
Saccade L	1	36	7255709759	7255733737	23978	700.92	857.61	768.18	853.57	1.33	113.51	0.50	55.57	5466.09	-4896.92	3690.49
Saccade R	1	35	7255709759	7255733737	23978	700.92	857.61	768.18	853.57	1.33	113.51	0.50	55.57	5466.09	-4896.92	3690.49
Fixation L	1	37	7255733737	7255909629	175892	761.27	848.87	23	9	-1	11.32	11.32
Fixation R	1	37	7255733737	7255909629	175892	761.27	848.87	23	9	-1	11.68	11.68
Saccade L	1	37	7255909629	7255937621	27992	762.79	851.91	909.51	851.67	2.92	218.10	0.57	104.28	10064.16	-9353.55	7353.92
Saccade R	1	36	7255909629	7255937621	27992	762.79	851.91	909.51	851.67	2.92	218.10	0.57	104.28	10064.16	-9353.55	7353.92
Fixation L	1	38	7255937621	7256193626	256005	902.07	850.14	15	18	-1	11.38	11.38
Fixation R	1	38	7255937621	7256193626	256005	902.07	850.14	15	18	-1	11.70	11.70
Fixation L	1	39	7256257637	7256405643	148006	968.06	852.66	16	33	-1	11.51	11.51
Fixation R	1	39	7256257637	7256405643	148006	968.06	852.66	16	33	-1	11.55	11.55
Saccade L	1	38	7256469629	7256517649	48020	957.44	816.25	936.11	871.16	1.13	43.55	0.33	23.63	1362.55	-555.22	470.06
Saccade R	1	37	7256469629	7256517649	48020	957.44	816.25	936.11	871.16	1.13	43.55	0.33	23.63	1362.55	-555.22	470.06
Saccade L	1	39	7256517649	7256549632	31983	936.11	871.16	963.36	818.35	1.11	60.66	0.75	34.59	2017.81	-783.69	927.44
Saccade R	1	38	7256517649	7256549632	31983	936.11	871.16	963.36	818.35	1.11	60.66	0.75	34.59	2017.81	-783.69	927.44
Saccade L	1	40	7256569576	7256601569	31993	937.54	859.30	934.29	860.19	1.04	88.13	0.50	32.41	2397.59	-1566.91	1175.90
Saccade R	1	39	7256569576	7256601569	31993	937.54	859.30	934.29	860.19	1.04	88.13	0.50	32.41	2397.59	-1566.91	1175.90
Saccade L	1	41	7256601569	7256649651	48082	934.29	860.19	857.32	846.84	3.04	191.13	0.50	63.19	7958.41	-6927.08	3902.48
Saccade R	1	40	7256601569	7256649651	48082	934.29	860.19	857.32	846.84	3.04	191.13	0.50	63.19	7958.41	-6927.08	3902.48
Fixation L	1	40	7256649651	7256921682	272031	839.37	828.98	25	38	-1	11.25	11.25
Fixation R	1	40	7256649651	7256921682	272031	839.37	828.98	25	38	-1	11.33	11.33
Saccade L	1	42	7256921682	7257005670	83988	833.65	813.09	1069.81	426.55	10.67	453.62	0.24	127.10	21474.92	-15601.71	7738.61
Saccade R	1	41	7256921682	7257005670	83988	833.65	813.09	1069.81	426.55	10.67	453.62	0.24	127.10	21474.92	-15601.71	7738.61
Fixation L	1	41	7257005670	7257297547	291877	1067.39	429.83	12	15	-1	11.33	11.33
Fixation R	1	41	7257005670	7257297547	291877	1067.39	429.83	12	15	-1	11.72	11.72
Saccade L	1	43	7257297547	7257333541	35994	1063.05	439.00	995.70	405.64	1.82	119.35	0.44	50.43	5482.74	-5002.16	3413.15
Saccade R	1	42	7257297547	7257333541	35994	1063.05	439.00	995.70	405.64	1.82	119.35	0.44	50.43	5482.74	-5002.16	3413.15
Fixation L	1	42	7257333541	7257537546	204005	990.10	390.97	15	20	-1	11.40	11.40
Fixation R	1	42	7257333541	7257537546	204005	990.10	390.97	15	20	-1	11.73	11.73
Saccade L	1	44	7257537546	7257569550	32004	993.41	389.95	1144.44	373.54	3.10	221.35	0.50	96.86	10289.01	-10256.17	7390.49
Saccade R	1	43	7257537546	7257569550	32004	993.41	389.95	1144.44	373.54	3.10	221.35	0.50	96.86	10289.01	-10256.17	7390.49
Fixation L	1	43	7257569550	7258053559	484009	1146.19	378.75	19	35	-1	11.58	11.58
Fixation R	1	43	7257569550	7258053559	484009	1146.19	378.75	19	35	-1	11.94	11.94
Saccade L	1	45	7258053559	7258089588	36029	1143.77	397.96	1180.12	370.85	1.30	86.13	0.44	36.04	3865.30	-3349.48	2220.36
Saccade R	1	44	7258053559	7258089588	36029	1143.77	397.96	1180.12	370.85	1.30	86.13	0.44	36.04	3865.30	-3349.48	2220.36
Fixation L	1	44	7258089588	7258333557	243969	1192.09	364.87	20	20	-1	11.63	11.63
Fixation R	1	44	7258089588	7258333557	243969	1192.09	364.87	20	20	-1	11.92	11.92
Saccade L	1	46	7258333557	7258365555	31998	1193.24	371.00	1046.36	371.93	3.00	222.88	0.50	93.77	10406.52	-10100.79	7383.48
Saccade R	1	45	7258333557	7258365555	31998	1193.24	371.00	1046.36	371.93	3.00	222.88	0.50	93.77	10406.52	-10100.79	7383.48
Fixation L	1	45	7258365555	7258797445	431890	1033.33	372.98	31	23	-1	11.72	11.72
Fixation R	1	45	7258365555	7258797445	431890	1033.33	372.98	31	23	-1	12.09	12.09
Saccade L	1	47	7258797445	7258853436	55991	1030.37	377.34	915.37	717.81	9.02	421.75	0.36	161.07	20693.13	-18306.05	10619.62
Saccade R	1	46	7258797445	7258853436	55991	1030.37	377.34	915.37	717.81	9.02	421.75	0.36	161.07	20693.13	-18306.05	10619.62
Saccade L	1	48	7258853436	7258889486	36050	915.37	717.81	896.28	767.61	1.05	61.53	0.22	29.05	504.94	-2121.14	1009.42
Saccade R	1	47	7258853436	7258889486	36050	915.37	717.81	896.28	767.61	1.05	61.53	0.22	29.05	504.94	-2121.14	1009.42
Fixation L	1	46	7258889486	7259065441	175955	904.54	759.71	26	20	-1	11.83	11.83
Fixation R	1	46	7258889486	7259065441	175955	904.54	759.71	26	20	-1	12.49	12.49
Saccade L	1	49	7259065441	7259089439	23998	899.42	767.19	856.10	760.12	0.93	82.54	0.50	38.78	3213.45	-3111.14	2317.09
Saccade R	1	48	7259065441	7259089439	23998	899.42	767.19	856.10	760.12	0.93	82.54	0.50	38.78	3213.45	-3111.14	2317.09
Fixation L	1	47	7259089439	7259221461	132022	844.03	758.11	15	10	-1	11.99	11.99
Fixation R	1	47	7259089439	7259221461	132022	844.03	758.11	15	10	-1	12.72	12.72
Saccade L	1	50	7259221461	7259257441	35980	843.55	759.63	921.19	774.81	2.37	162.08	0.45	65.82	7768.97	-6443.11	4140.20
Saccade R	1	49	7259221461	7259257441	35980	843.55	759.63	921.19	774.81	2.37	162.08	0.45	65.82	7768.97	-6443.11	4140.20
Fixation L	1	48	7259257441	7259489459	232018	924.97	778.72	17	20	-1	11.77	11.77
Fixation R	1	48	7259257441	7259489459	232018	924.97	778.72	17	20	-1	12.25	12.25
Saccade L	1	51	7259489459	7259513454	23995	915.69	784.43	1001.46	784.04	1.60	141.28	0.67	66.81	6601.90	-5782.33	4288.71
Saccade R	1	50	7259489459	7259513454	23995	915.69	784.43	1001.46	784.04	1.60	141.28	0.67	66.81	6601.90	-5782.33	4288.71
Fixation L	1	49	7259513454	7259821398	307944	989.21	780.05	20	13	-1	11.78	11.78
Fixation R	1	49	7259513454	7259821398	307944	989.21	780.05	20	13	-1	12.11	12.11
Saccade L	1	52	7259821398	7259873460	52062	987.86	776.43	927.73	782.57	1.73	107.54	0.23	33.20	4860.38	-4040.84	2016.56
Saccade R	1	51	7259821398	7259873460	52062	987.86	776.43	927.73	782.57	1.73	107.54	0.23	33.20	4860.38	-4040.84	2016.56
Fixation L	1	50	7259873460	7260025478	152018	937.89	784.50	21	11	-1	11.43	11.43
Fixation R	1	50	7259873460	7260025478	152018	937.89	784.50	21	11	-1	11.77	11.77
Saccade L	1	53	7260025478	7260061370	35892	934.96	780.78	941.98	738.37	0.90	49.94	0.56	25.20	1848.77	-2037.99	1357.17
Saccade R	1	52	7260025478	7260061370	35892	934.96	780.78	941.98	738.37	0.90	49.94	0.56	25.20	1848.77	-2037.99	1357.17
Fixation L	1	51	7260061370	7260305371	244001	939.14	767.31	22	54	-1	11.29	11.29
Fixation R	1	51	7260061370	7260305371	244001	939.14	767.31	22	54	-1	11.44	11.44
Fixation L	1	52	7260401342	7260549375	148033	1172.95	409.63	18	10	-1	11.55	11.55
Fixation R	1	52	7260401342	7260549375	148033	1172.95	409.63	18	10	-1	12.05	12.05
Saccade L	1	54	7260549375	7260569341	19966	1174.11	410.33	1206.73	408.34	0.61	60.15	0.60	30.33	2356.91	-2123.60	1493.69
Saccade R	1	53	7260549375	7260569341	19966	1174.11	410.33	1206.73	408.34	0.61	60.15	0.60	30.33	2356.91	-2123.60	1493.69
Fixation L	1	53	7260569341	7260681371	112030	1214.03	396.90	20	15	-1	11.67	11.67
Fixation R	1	53	7260569341	7260681371	112030	1214.03	396.90	20	15	-1	12.02	12.02
Saccade L	1	55	7260681371	7260729363	47992	1219.88	397.12	1031.94	414.80	4.96	332.86	0.33	103.29	15985.87	-14715.15	7861.02
Saccade R	1	54	7260681371	7260729363	47992	1219.88	397.12	1031.94	414.80	4.96	332.86	0.33	103.29	15985.87	-14715.15	7861.02
Fixation L	1	54	7260729363	7260913389	184026	1016.85	423.09	23	13	-1	11.74	11.74
Fixation R	1	54	7260729363	7260913389	184026	1016.85	423.09	23	13	-1	12.09	12.09
Fixation L	1	55	7260993354	7261309387	316033	922.41	729.07	26	39	-1	12.00	12.00
Fixation R	1	55	7260993354	7261309387	316033	922.41	729.07	26	39	-1	12.54	12.54
Saccade L	1	56	7261309387	7261357385	47998	916.82	716.70	735.20	742.77	5.03	308.07	0.33	104.78	14914.40	-12705.76	7692.90
Saccade R	1	55	7261309387	7261357385	47998	916.82	716.70	735.20	742.77	5.03	308.07	0.33	104.78	14914.40	-12705.76	7692.90
Fixation L	1	56	7261357385	7261905251	547866	689.16	752.48	74	35	-1	11.89	11.89
Fixation R	1	56	7261357385	7261905251	547866	689.16	752.48	74	35	-1	12.15	12.15
