[BeGaze]
Converted from:	D:\Kirillov\Results\ermolova_temp\Boris-eye_data.idf
Date:	17.04.2019 03:54:03
Version:	BeGaze 3.0.181
Sample Rate:	250
Subject:	Boris
Description:	Run34

Table Header for Fixations:
Event Type	Trial	Number	Start	End	Duration	Location X	Location Y	Dispersion X	Dispersion Y	Plane	Avg. Pupil Size X	Avg. Pupil Size Y

Table Header for Saccades:
Event Type	Trial	Number	Start	End	Duration	Start Loc.X	Start Loc.Y	End Loc.X	End Loc.Y	Amplitude	Peak Speed	Peak Speed At	Average Speed	Peak Accel.	Peak Decel.	Average Accel.

Table Header for User Events:
Event Type	Trial	Number	Start	Description

UserEvent	1	1	1690046703	# Message: experiment-07.jpg
Saccade L	1	1	1690068593	1690147245	78652	212.05	297.47	855.09	494.08	17.45	507.73	0.25	221.85	24203.01	-11883.13	10828.91
Saccade R	1	1	1690068593	1690147245	78652	212.05	297.47	855.09	494.08	17.45	507.73	0.25	221.85	24203.01	-11883.13	10828.91
Fixation L	1	1	1690147245	1690396608	249363	858.98	494.68	21	31	-1	14.12	14.12
Fixation R	1	1	1690147245	1690396608	249363	858.98	494.68	21	31	-1	14.57	14.57
Saccade L	1	2	1690396608	1690452599	55991	853.84	472.73	1115.52	356.60	6.79	273.70	0.36	121.24	11948.32	-8679.22	6700.94
Saccade R	1	2	1690396608	1690452599	55991	853.84	472.73	1115.52	356.60	6.79	273.70	0.36	121.24	11948.32	-8679.22	6700.94
Fixation L	1	2	1690452599	1690592617	140018	1127.34	355.23	27	10	-1	13.58	13.58
Fixation R	1	2	1690452599	1690592617	140018	1127.34	355.23	27	10	-1	13.99	13.99
Saccade R	1	3	1690592617	1690628599	35982	1127.24	352.18	0.00	0.00	35.03	3164.39	0.67	973.50	112910.68	-137437.28	69840.79
Fixation R	1	3	1690628599	1690692617	64018	0.00	0.00	0	0	-1	8.15	8.15
Fixation L	1	3	1690768618	1690836610	67992	864.26	417.54	7	23	-1	13.01	13.01
Fixation R	1	4	1690768618	1690836610	67992	864.26	417.54	7	23	-1	13.34	13.34
Saccade L	1	3	1690836610	1690876645	40035	861.83	425.49	956.39	388.85	2.48	158.43	0.40	61.90	7234.91	-5814.48	4030.74
Saccade R	1	4	1690836610	1690876645	40035	861.83	425.49	956.39	388.85	2.48	158.43	0.40	61.90	7234.91	-5814.48	4030.74
Fixation L	1	4	1690876645	1691040633	163988	945.18	387.99	22	37	-1	13.38	13.38
Fixation R	1	5	1690876645	1691040633	163988	945.18	387.99	22	37	-1	13.56	13.56
Saccade L	1	4	1691040633	1691076619	35986	948.02	413.11	1130.03	358.38	4.19	252.90	0.44	116.31	11596.02	-11331.14	8130.97
Saccade R	1	5	1691040633	1691076619	35986	948.02	413.11	1130.03	358.38	4.19	252.90	0.44	116.31	11596.02	-11331.14	8130.97
Fixation L	1	5	1691076619	1691312507	235888	1119.87	353.23	16	18	-1	13.36	13.36
Fixation R	1	6	1691076619	1691312507	235888	1119.87	353.23	16	18	-1	13.43	13.43
Saccade L	1	5	1691312507	1691348511	36004	1114.15	363.88	959.50	347.67	3.28	213.07	0.33	91.12	10518.84	-9594.76	6658.93
Saccade R	1	6	1691312507	1691348511	36004	1114.15	363.88	959.50	347.67	3.28	213.07	0.33	91.12	10518.84	-9594.76	6658.93
Fixation L	1	6	1691348511	1691500512	152001	947.56	336.46	16	15	-1	13.23	13.23
Fixation R	1	7	1691348511	1691500512	152001	947.56	336.46	16	15	-1	13.55	13.55
Saccade L	1	6	1691500512	1691568510	67998	945.93	341.04	867.47	710.01	10.70	382.13	0.24	157.33	17933.65	-12689.30	8070.95
Saccade R	1	7	1691500512	1691568510	67998	945.93	341.04	867.47	710.01	10.70	382.13	0.24	157.33	17933.65	-12689.30	8070.95
Fixation L	1	7	1691568510	1691688511	120001	878.30	706.88	21	11	-1	13.30	13.30
Fixation R	1	8	1691568510	1691688511	120001	878.30	706.88	21	11	-1	13.55	13.55
Saccade L	1	7	1691688511	1691712500	23989	880.10	715.77	919.62	823.95	2.29	193.07	0.67	95.66	8638.46	-7515.92	5497.70
Saccade R	1	8	1691688511	1691712500	23989	880.10	715.77	919.62	823.95	2.29	193.07	0.67	95.66	8638.46	-7515.92	5497.70
Fixation L	1	8	1691712500	1691948518	236018	937.62	823.85	54	42	-1	13.44	13.44
Fixation R	1	9	1691712500	1691948518	236018	937.62	823.85	54	42	-1	13.37	13.37
Saccade L	1	8	1691948518	1691992536	44018	951.00	831.48	1068.06	944.51	5.21	351.14	0.36	118.34	16629.81	-13207.48	8411.48
Saccade R	1	9	1691948518	1691992536	44018	951.00	831.48	1068.06	944.51	5.21	351.14	0.36	118.34	16629.81	-13207.48	8411.48
Fixation L	1	9	1691992536	1692108484	115948	1081.50	956.39	36	26	-1	13.15	13.15
Fixation R	1	10	1691992536	1692108484	115948	1081.50	956.39	36	26	-1	13.36	13.36
Saccade L	1	9	1692108484	1692160527	52043	1104.88	972.28	839.85	730.76	8.51	515.88	0.38	163.52	24972.81	-24028.26	12782.52
Saccade R	1	10	1692108484	1692160527	52043	1104.88	972.28	839.85	730.76	8.51	515.88	0.38	163.52	24972.81	-24028.26	12782.52
Fixation L	1	10	1692160527	1692264530	104003	857.19	738.46	31	17	-1	13.10	13.10
Fixation R	1	11	1692160527	1692264530	104003	857.19	738.46	31	17	-1	13.27	13.27
Saccade L	1	10	1692264530	1692296527	31997	868.19	745.18	854.02	705.25	0.95	43.72	0.50	29.80	2011.25	-1085.95	1087.41
Saccade R	1	11	1692264530	1692296527	31997	868.19	745.18	854.02	705.25	0.95	43.72	0.50	29.80	2011.25	-1085.95	1087.41
Fixation L	1	11	1692296527	1692368532	72005	835.48	692.88	28	18	-1	13.08	13.08
Fixation R	1	12	1692296527	1692368532	72005	835.48	692.88	28	18	-1	13.22	13.22
Saccade R	1	12	1692368532	1692400529	31997	840.76	697.49	0.00	0.00	25.14	2358.15	0.63	785.73	93757.71	-101083.71	61329.74
Saccade R	1	13	1692448513	1692500518	52005	0.00	0.00	1105.34	346.13	34.97	2903.69	0.23	672.43	125810.17	-109299.48	48028.63
Fixation L	1	12	1692500518	1692620544	120026	1077.05	353.27	37	29	-1	12.87	12.87
Fixation R	1	13	1692500518	1692620544	120026	1077.05	353.27	37	29	-1	13.23	13.23
Saccade L	1	11	1692620544	1692644393	23849	1069.35	365.44	963.02	362.75	2.05	172.29	0.50	86.08	7684.71	-7380.31	5664.37
Saccade R	1	14	1692620544	1692644393	23849	1069.35	365.44	963.02	362.75	2.05	172.29	0.50	86.08	7684.71	-7380.31	5664.37
Fixation L	1	13	1692644393	1692772412	128019	971.78	359.27	12	8	-1	13.00	13.00
Fixation R	1	14	1692644393	1692772412	128019	971.78	359.27	12	8	-1	13.07	13.07
Saccade L	1	12	1692772412	1692808418	36006	971.70	351.87	1174.06	332.49	4.36	248.47	0.56	121.15	11758.97	-11663.92	8540.11
Saccade R	1	15	1692772412	1692808418	36006	971.70	351.87	1174.06	332.49	4.36	248.47	0.56	121.15	11758.97	-11663.92	8540.11
Fixation L	1	14	1692808418	1693020415	211997	1174.42	327.14	17	13	-1	13.27	13.27
Fixation R	1	15	1692808418	1693020415	211997	1174.42	327.14	17	13	-1	13.48	13.48
Fixation L	1	15	1693100431	1693200433	100002	844.33	744.03	14	16	-1	13.58	13.58
Fixation R	1	16	1693100431	1693200433	100002	844.33	744.03	14	16	-1	13.65	13.65
Saccade L	1	13	1693200433	1693248431	47998	839.43	743.37	1002.56	697.31	3.75	221.55	0.42	78.16	10056.74	-8393.99	5428.68
Saccade R	1	16	1693200433	1693248431	47998	839.43	743.37	1002.56	697.31	3.75	221.55	0.42	78.16	10056.74	-8393.99	5428.68
Fixation L	1	16	1693248431	1693968397	719966	832.50	543.12	1406	743	-1	12.45	12.45
Fixation R	1	17	1693248431	1693968397	719966	832.50	543.12	1406	743	-1	12.01	12.01
