[BeGaze]
Converted from:	D:\Kirillov\Results\ermolova_temp\Nastya 3kurs-eye_data.idf
Date:	17.04.2019 03:52:18
Version:	BeGaze 3.0.181
Sample Rate:	250
Subject:	Nastya 3kurs
Description:	Run3

Table Header for Fixations:
Event Type	Trial	Number	Start	End	Duration	Location X	Location Y	Dispersion X	Dispersion Y	Plane	Avg. Pupil Size X	Avg. Pupil Size Y

Table Header for Saccades:
Event Type	Trial	Number	Start	End	Duration	Start Loc.X	Start Loc.Y	End Loc.X	End Loc.Y	Amplitude	Peak Speed	Peak Speed At	Average Speed	Peak Accel.	Peak Decel.	Average Accel.

Table Header for User Events:
Event Type	Trial	Number	Start	Description

UserEvent	1	1	5133230706	# Message: Horizontal-3.jpg
Fixation L	1	1	5133230883	5133378748	147865	321.10	398.25	23	32	-1	14.95	14.95
Fixation R	1	1	5133230883	5133378748	147865	321.10	398.25	23	32	-1	13.98	13.98
Saccade L	1	1	5133378748	5133506720	127972	317.62	380.37	819.49	387.77	28.26	545.44	0.28	220.85	14221.87	-15152.12	6752.28
Saccade R	1	1	5133378748	5133506720	127972	317.62	380.37	819.49	387.77	28.26	545.44	0.28	220.85	14221.87	-15152.12	6752.28
Fixation L	1	2	5133506720	5133610732	104012	833.09	395.09	23	34	-1	14.65	14.65
Fixation R	1	2	5133506720	5133610732	104012	833.09	395.09	23	34	-1	13.78	13.78
Saccade L	1	2	5133610732	5133666720	55988	827.10	403.05	1112.55	300.81	7.63	388.01	0.29	136.19	17591.96	-13481.99	8613.89
Saccade R	1	2	5133610732	5133666720	55988	827.10	403.05	1112.55	300.81	7.63	388.01	0.29	136.19	17591.96	-13481.99	8613.89
Fixation L	1	3	5133666720	5133726746	60026	1112.26	302.68	31	18	-1	13.75	13.75
Fixation R	1	3	5133666720	5133726746	60026	1112.26	302.68	31	18	-1	12.84	12.84
Saccade L	1	3	5133726746	5133774728	47982	1098.56	303.81	827.76	708.94	11.55	457.47	0.50	240.76	20322.88	-20574.26	14216.82
Saccade R	1	3	5133726746	5133774728	47982	1098.56	303.81	827.76	708.94	11.55	457.47	0.50	240.76	20322.88	-20574.26	14216.82
Fixation L	1	4	5133774728	5133886726	111998	821.07	712.67	18	38	-1	12.78	12.78
Fixation R	1	4	5133774728	5133886726	111998	821.07	712.67	18	38	-1	12.18	12.18
Fixation L	1	5	5133946738	5134030748	84010	683.88	770.77	17	29	-1	12.66	12.66
Fixation R	1	5	5133946738	5134030748	84010	683.88	770.77	17	29	-1	11.81	11.81
Saccade L	1	4	5134030748	5134058746	27998	679.62	763.47	736.51	762.82	1.24	91.89	0.71	44.40	3747.06	-3775.63	2642.97
Saccade R	1	4	5134030748	5134058746	27998	679.62	763.47	736.51	762.82	1.24	91.89	0.71	44.40	3747.06	-3775.63	2642.97
Fixation L	1	6	5134058746	5134118726	59980	736.57	762.24	10	8	-1	12.94	12.94
Fixation R	1	6	5134058746	5134118726	59980	736.57	762.24	10	8	-1	11.86	11.86
Saccade L	1	5	5134118726	5134166731	48005	733.14	767.20	0.03	0.00	31.35	1987.58	0.75	653.09	79904.83	-88503.64	47119.43
Saccade R	1	5	5134118726	5134166731	48005	733.14	767.20	0.03	0.00	31.35	1987.58	0.75	653.09	79904.83	-88503.64	47119.43
Fixation R	1	7	5134166731	5134322736	156005	754.33	246.82	1621	989	-1	11.85	11.85
Saccade L	1	6	5134322736	5134354740	32004	1075.18	231.07	1105.07	257.07	1.08	52.39	0.50	33.76	2122.67	-1698.71	1353.69
Saccade R	1	6	5134322736	5134354740	32004	1075.18	231.07	1105.07	257.07	1.08	52.39	0.50	33.76	2122.67	-1698.71	1353.69
Fixation L	1	7	5134354740	5134450736	95996	1084.57	266.45	31	17	-1	13.20	13.20
Fixation R	1	8	5134354740	5134450736	95996	1084.57	266.45	31	17	-1	12.27	12.27
Saccade L	1	7	5134450736	5134506765	56029	1078.99	261.50	1164.03	207.66	3.23	123.76	0.64	57.60	3248.36	-5176.64	2594.03
Saccade R	1	7	5134450736	5134506765	56029	1078.99	261.50	1164.03	207.66	3.23	123.76	0.64	57.60	3248.36	-5176.64	2594.03
Fixation L	1	8	5134506765	5134758614	251849	1177.30	223.05	56	44	-1	13.86	13.86
Fixation R	1	9	5134506765	5134758614	251849	1177.30	223.05	56	44	-1	12.62	12.62
Saccade L	1	8	5134758614	5134790612	31998	1206.75	205.12	1150.90	210.45	1.20	55.80	0.50	37.57	2366.95	-1909.27	1433.12
Saccade R	1	8	5134758614	5134790612	31998	1206.75	205.12	1150.90	210.45	1.20	55.80	0.50	37.57	2366.95	-1909.27	1433.12
Saccade L	1	9	5134790612	5134810639	20027	1150.90	210.45	1119.64	210.96	0.57	47.74	0.60	28.64	576.95	-956.70	465.25
Saccade R	1	9	5134790612	5134810639	20027	1150.90	210.45	1119.64	210.96	0.57	47.74	0.60	28.64	576.95	-956.70	465.25
Fixation L	1	9	5134894621	5134958624	64003	1138.10	198.08	17	26	-1	13.88	13.88
Fixation R	1	10	5134894621	5134958624	64003	1138.10	198.08	17	26	-1	12.51	12.51
Saccade L	1	10	5134958624	5135018628	60004	1133.67	205.33	1037.72	230.49	3.53	160.07	0.67	58.77	5375.42	-6523.20	2776.50
Saccade R	1	10	5134958624	5135018628	60004	1133.67	205.33	1037.72	230.49	3.53	160.07	0.67	58.77	5375.42	-6523.20	2776.50
Fixation L	1	10	5135018628	5135122622	103994	1046.76	225.67	22	30	-1	13.46	13.46
Fixation R	1	11	5135018628	5135122622	103994	1046.76	225.67	22	30	-1	12.26	12.26
Saccade L	1	11	5135122622	5135178625	56003	1048.71	222.17	843.50	716.62	11.78	476.29	0.43	210.36	21495.57	-18748.55	12868.00
Saccade R	1	11	5135122622	5135178625	56003	1048.71	222.17	843.50	716.62	11.78	476.29	0.43	210.36	21495.57	-18748.55	12868.00
Fixation L	1	11	5135178625	5135322642	144017	836.88	725.93	30	24	-1	13.46	13.46
Fixation R	1	12	5135178625	5135322642	144017	836.88	725.93	30	24	-1	12.07	12.07
Saccade L	1	12	5135322642	5135358629	35987	833.95	723.87	898.98	632.03	2.31	133.47	0.44	64.30	6172.50	-5271.67	3996.95
Saccade R	1	12	5135322642	5135358629	35987	833.95	723.87	898.98	632.03	2.31	133.47	0.44	64.30	6172.50	-5271.67	3996.95
Fixation L	1	12	5135358629	5135490658	132029	920.74	637.04	30	18	-1	13.47	13.47
Fixation R	1	13	5135358629	5135490658	132029	920.74	637.04	30	18	-1	12.25	12.25
Saccade L	1	13	5135490658	5135522648	31990	928.11	648.05	824.84	667.91	2.23	146.88	0.50	69.85	6686.84	-6333.22	4593.24
Saccade R	1	13	5135490658	5135522648	31990	928.11	648.05	824.84	667.91	2.23	146.88	0.50	69.85	6686.84	-6333.22	4593.24
Fixation L	1	13	5135522648	5135690629	167981	831.05	658.12	25	31	-1	13.71	13.71
Fixation R	1	14	5135522648	5135690629	167981	831.05	658.12	25	31	-1	12.39	12.39
Saccade L	1	14	5135690629	5135738629	48000	823.73	666.21	870.57	753.63	2.58	111.48	0.33	53.77	4733.12	-3439.38	2710.99
Saccade R	1	14	5135690629	5135738629	48000	823.73	666.21	870.57	753.63	2.58	111.48	0.33	53.77	4733.12	-3439.38	2710.99
Fixation L	1	14	5135738629	5135842634	104005	883.77	754.14	26	21	-1	13.60	13.60
Fixation R	1	15	5135738629	5135842634	104005	883.77	754.14	26	21	-1	12.42	12.42
Saccade L	1	15	5135842634	5135870637	28003	885.05	764.44	947.77	764.18	1.29	91.53	0.43	46.10	3410.41	-3460.02	2429.40
Saccade R	1	15	5135842634	5135870637	28003	885.05	764.44	947.77	764.18	1.29	91.53	0.43	46.10	3410.41	-3460.02	2429.40
Fixation L	1	15	5135870637	5136018644	148007	944.46	746.06	11	33	-1	13.64	13.64
Fixation R	1	16	5135870637	5136018644	148007	944.46	746.06	11	33	-1	12.45	12.45
Saccade L	1	16	5136018644	5136062658	44014	941.61	746.37	907.32	638.58	2.49	132.21	0.36	56.48	5721.24	-4807.98	3359.77
Saccade R	1	16	5136018644	5136062658	44014	941.61	746.37	907.32	638.58	2.49	132.21	0.36	56.48	5721.24	-4807.98	3359.77
Fixation L	1	16	5136062658	5136210511	147853	913.73	626.83	25	25	-1	13.75	13.75
Fixation R	1	17	5136062658	5136210511	147853	913.73	626.83	25	25	-1	12.80	12.80
Saccade L	1	17	5136210511	5136262522	52011	904.39	645.09	561.48	703.50	8.11	355.06	0.46	155.86	15665.43	-15691.30	10011.16
Saccade R	1	17	5136210511	5136262522	52011	904.39	645.09	561.48	703.50	8.11	355.06	0.46	155.86	15665.43	-15691.30	10011.16
Fixation L	1	17	5136262522	5136374536	112014	562.93	686.45	16	36	-1	14.07	14.07
Fixation R	1	18	5136262522	5136374536	112014	562.93	686.45	16	36	-1	13.16	13.16
Saccade L	1	18	5136374536	5136402516	27980	559.56	688.80	635.47	689.80	1.41	91.91	0.57	50.50	3808.29	-4048.47	2971.41
Saccade R	1	18	5136374536	5136402516	27980	559.56	688.80	635.47	689.80	1.41	91.91	0.57	50.50	3808.29	-4048.47	2971.41
Fixation L	1	18	5136402516	5136494523	92007	644.50	680.04	34	13	-1	14.21	14.21
Fixation R	1	19	5136402516	5136494523	92007	644.50	680.04	34	13	-1	13.21	13.21
Saccade L	1	19	5136494523	5136538553	44030	644.68	680.08	738.95	638.88	3.06	175.14	0.27	69.59	7930.27	-6153.12	4383.37
Saccade R	1	19	5136494523	5136538553	44030	644.68	680.08	738.95	638.88	3.06	175.14	0.27	69.59	7930.27	-6153.12	4383.37
Saccade L	1	20	5136586553	5136606517	19964	757.25	618.25	727.71	617.49	0.53	51.19	0.60	26.56	1336.20	-1492.73	1039.33
Saccade R	1	20	5136586553	5136606517	19964	757.25	618.25	727.71	617.49	0.53	51.19	0.60	26.56	1336.20	-1492.73	1039.33
Fixation L	1	19	5136606517	5136666541	60024	739.38	627.06	28	15	-1	14.26	14.26
Fixation R	1	20	5136606517	5136666541	60024	739.38	627.06	28	15	-1	13.12	13.12
Saccade L	1	21	5136666541	5136686533	19992	755.16	628.21	728.32	622.41	0.57	50.09	0.60	28.68	1455.25	-1453.99	990.42
Saccade R	1	21	5136666541	5136686533	19992	755.16	628.21	728.32	622.41	0.57	50.09	0.60	28.68	1455.25	-1453.99	990.42
Fixation L	1	20	5136686533	5136738526	51993	738.83	627.77	27	12	-1	14.18	14.18
Fixation R	1	21	5136686533	5136738526	51993	738.83	627.77	27	12	-1	13.07	13.07
Saccade L	1	22	5136738526	5136838521	99995	751.50	629.23	1251.64	290.44	15.10	410.15	0.36	151.00	18488.43	-11413.32	6904.20
Saccade R	1	22	5136738526	5136838521	99995	751.50	629.23	1251.64	290.44	15.10	410.15	0.36	151.00	18488.43	-11413.32	6904.20
Fixation L	1	21	5136838521	5137002542	164021	1254.30	307.23	44	29	-1	14.25	14.25
Fixation R	1	22	5136838521	5137002542	164021	1254.30	307.23	44	29	-1	13.30	13.30
Saccade L	1	23	5137002542	5137062526	59984	1219.17	286.98	1158.99	241.31	2.22	65.54	0.33	37.04	2261.16	-1523.41	1035.04
Saccade R	1	23	5137002542	5137062526	59984	1219.17	286.98	1158.99	241.31	2.22	65.54	0.33	37.04	2261.16	-1523.41	1035.04
Fixation L	1	22	5137062526	5137150540	88014	1176.49	239.57	46	8	-1	14.29	14.29
Fixation R	1	23	5137062526	5137150540	88014	1176.49	239.57	46	8	-1	13.04	13.04
Saccade L	1	24	5137150540	5137186546	36006	1203.38	244.75	1231.06	272.78	1.01	43.56	0.44	28.09	1291.82	-1309.09	943.96
Saccade R	1	24	5137150540	5137186546	36006	1203.38	244.75	1231.06	272.78	1.01	43.56	0.44	28.09	1291.82	-1309.09	943.96
Saccade L	1	25	5137218567	5137254549	35982	1235.53	271.30	1281.43	268.08	1.02	40.12	0.44	28.35	1448.38	-1438.97	1027.34
Saccade R	1	25	5137218567	5137254549	35982	1235.53	271.30	1281.43	268.08	1.02	40.12	0.44	28.35	1448.38	-1438.97	1027.34
Saccade L	1	26	5137270528	5137342541	72013	1280.32	258.95	934.40	731.78	14.62	438.40	0.61	202.97	14316.69	-17047.77	9994.96
Saccade R	1	26	5137270528	5137342541	72013	1280.32	258.95	934.40	731.78	14.62	438.40	0.61	202.97	14316.69	-17047.77	9994.96
Fixation L	1	23	5137342541	5137466528	123987	937.80	743.99	14	22	-1	14.66	14.66
Fixation R	1	24	5137342541	5137466528	123987	937.80	743.99	14	22	-1	13.07	13.07
Saccade L	1	27	5137466528	5137502433	35905	938.00	739.54	1007.85	627.88	2.86	175.70	0.45	79.60	8425.29	-7626.71	5352.83
Saccade R	1	27	5137466528	5137502433	35905	938.00	739.54	1007.85	627.88	2.86	175.70	0.45	79.60	8425.29	-7626.71	5352.83
Fixation L	1	24	5137502433	5137606436	104003	991.70	630.37	291	63	-1	14.77	14.77
Fixation R	1	25	5137502433	5137606436	104003	991.70	630.37	291	63	-1	13.10	13.10
