[BeGaze]
Converted from:	D:\Kirillov\Results\ermolova_temp\Nastya 07-1-eye_data.idf
Date:	17.04.2019 03:53:35
Version:	BeGaze 3.0.181
Sample Rate:	250
Subject:	Nastya 07
Description:	Run27

Table Header for Fixations:
Event Type	Trial	Number	Start	End	Duration	Location X	Location Y	Dispersion X	Dispersion Y	Plane	Avg. Pupil Size X	Avg. Pupil Size Y

Table Header for Saccades:
Event Type	Trial	Number	Start	End	Duration	Start Loc.X	Start Loc.Y	End Loc.X	End Loc.Y	Amplitude	Peak Speed	Peak Speed At	Average Speed	Peak Accel.	Peak Decel.	Average Accel.

Table Header for User Events:
Event Type	Trial	Number	Start	Description

UserEvent	1	1	12285686584	# Message: experiment-10.jpg
Saccade L	1	1	12285695441	12285723442	28001	419.23	340.78	421.15	250.04	1.49	107.43	0.72	53.15	3456.38	-3896.16	1962.27
Saccade R	1	1	12285695441	12285723442	28001	419.23	340.78	421.15	250.04	1.49	107.43	0.72	53.15	3456.38	-3896.16	1962.27
Saccade L	1	2	12285747482	12285783450	35968	419.46	274.63	421.33	306.52	1.12	78.19	0.45	31.26	3362.02	-2690.40	1713.23
Saccade R	1	2	12285747482	12285783450	35968	419.46	274.63	421.33	306.52	1.12	78.19	0.45	31.26	3362.02	-2690.40	1713.23
Fixation L	1	1	12285783450	12285919457	136007	430.85	311.23	20	67	-1	14.94	14.94
Fixation R	1	1	12285783450	12285919457	136007	430.85	311.23	20	67	-1	15.63	15.63
Saccade L	1	3	12285959456	12286051466	92010	416.71	253.79	710.22	526.00	9.69	298.48	0.30	105.27	13106.04	-7956.41	5185.80
Saccade R	1	3	12285959456	12286051466	92010	416.71	253.79	710.22	526.00	9.69	298.48	0.30	105.27	13106.04	-7956.41	5185.80
Fixation L	1	2	12286267450	12286339494	72044	917.52	738.86	32	11	-1	13.72	13.72
Fixation R	1	2	12286267450	12286339494	72044	917.52	738.86	32	11	-1	14.47	14.47
Saccade L	1	4	12286339494	12286391486	51992	907.92	735.41	962.74	799.59	1.86	68.90	0.38	35.86	3104.30	-2608.61	1884.67
Saccade R	1	4	12286339494	12286391486	51992	907.92	735.41	962.74	799.59	1.86	68.90	0.38	35.86	3104.30	-2608.61	1884.67
Fixation L	1	3	12286391486	12286535466	143980	942.33	781.69	38	32	-1	13.93	13.93
Fixation R	1	3	12286391486	12286535466	143980	942.33	781.69	38	32	-1	14.70	14.70
Saccade L	1	5	12286535466	12286627505	92039	950.67	787.39	1184.74	477.99	9.37	312.14	0.48	101.84	14337.10	-10125.81	5355.18
Saccade R	1	5	12286535466	12286627505	92039	950.67	787.39	1184.74	477.99	9.37	312.14	0.48	101.84	14337.10	-10125.81	5355.18
Fixation L	1	4	12286627505	12286755496	127991	1201.38	486.32	24	29	-1	13.81	13.81
Fixation R	1	4	12286627505	12286755496	127991	1201.38	486.32	24	29	-1	14.55	14.55
Saccade L	1	6	12286755496	12286855478	99982	1197.96	485.37	861.02	818.20	11.48	364.80	0.48	114.85	16484.70	-11873.14	6006.59
Saccade R	1	6	12286755496	12286855478	99982	1197.96	485.37	861.02	818.20	11.48	364.80	0.48	114.85	16484.70	-11873.14	6006.59
Fixation L	1	5	12286855478	12287095345	239867	864.53	824.33	22	13	-1	13.68	13.68
Fixation R	1	5	12286855478	12287095345	239867	864.53	824.33	22	13	-1	14.27	14.27
Saccade L	1	7	12287095345	12287135351	40006	865.53	827.70	891.56	876.53	1.28	62.72	0.40	32.05	2704.69	-2373.84	1776.70
Saccade R	1	7	12287095345	12287135351	40006	865.53	827.70	891.56	876.53	1.28	62.72	0.40	32.05	2704.69	-2373.84	1776.70
Fixation L	1	6	12287135351	12287307368	172017	889.29	873.57	12	18	-1	14.03	14.03
Fixation R	1	6	12287135351	12287307368	172017	889.29	873.57	12	18	-1	14.59	14.59
Saccade L	1	8	12287307368	12287335381	28013	891.25	861.72	833.10	865.62	1.10	79.32	0.43	39.39	3419.11	-3052.67	2426.47
Saccade R	1	8	12287307368	12287335381	28013	891.25	861.72	833.10	865.62	1.10	79.32	0.43	39.39	3419.11	-3052.67	2426.47
Fixation L	1	7	12287335381	12288007365	671984	828.29	867.56	74	24	-1	13.92	13.92
Fixation R	1	7	12287335381	12288007365	671984	828.29	867.56	74	24	-1	14.58	14.58
Saccade L	1	9	12288007365	12288083399	76034	846.69	878.74	1178.85	391.42	13.95	388.03	0.37	183.46	15148.79	-12559.06	7913.14
Saccade R	1	9	12288007365	12288083399	76034	846.69	878.74	1178.85	391.42	13.95	388.03	0.37	183.46	15148.79	-12559.06	7913.14
Saccade L	1	10	12288107365	12288139367	32002	1187.57	391.60	1185.35	367.56	0.70	40.16	0.38	21.91	1585.28	-1462.31	983.75
Saccade R	1	10	12288107365	12288139367	32002	1187.57	391.60	1185.35	367.56	0.70	40.16	0.38	21.91	1585.28	-1462.31	983.75
Fixation L	1	8	12288139367	12288679280	539913	1222.41	365.96	82	92	-1	13.57	13.57
Fixation R	1	8	12288139367	12288679280	539913	1222.41	365.96	82	92	-1	14.28	14.28
Saccade L	1	11	12288679280	12288703261	23981	1264.48	327.13	1264.30	359.27	0.51	40.06	0.67	21.08	1566.65	-1264.04	975.60
Saccade R	1	11	12288679280	12288703261	23981	1264.48	327.13	1264.30	359.27	0.51	40.06	0.67	21.08	1566.65	-1264.04	975.60
Fixation L	1	9	12288703261	12288811271	108010	1252.48	337.23	25	36	-1	13.70	13.70
Fixation R	1	9	12288703261	12288811271	108010	1252.48	337.23	25	36	-1	14.18	14.18
Saccade L	1	12	12288811271	12288871297	60026	1259.41	349.67	1174.17	376.86	3.31	206.91	0.40	55.14	7876.63	-6737.13	3291.50
Saccade R	1	12	12288811271	12288871297	60026	1259.41	349.67	1174.17	376.86	3.31	206.91	0.40	55.14	7876.63	-6737.13	3291.50
Fixation L	1	10	12288871297	12289155305	284008	1162.38	348.70	54	50	-1	13.69	13.69
Fixation R	1	10	12288871297	12289155305	284008	1162.38	348.70	54	50	-1	14.00	14.00
Fixation L	1	11	12289243272	12289355269	111997	931.00	863.06	16	7	-1	13.98	13.98
Fixation R	1	11	12289243272	12289355269	111997	931.00	863.06	16	7	-1	14.21	14.21
Saccade L	1	13	12289355269	12289383308	28039	923.28	858.46	890.31	864.80	0.78	64.62	0.43	27.83	2895.90	-2422.72	1589.70
Saccade R	1	13	12289355269	12289383308	28039	923.28	858.46	890.31	864.80	0.78	64.62	0.43	27.83	2895.90	-2422.72	1589.70
Fixation L	1	12	12289383308	12289527282	143974	881.97	875.26	29	18	-1	14.09	14.09
Fixation R	1	12	12289383308	12289527282	143974	881.97	875.26	29	18	-1	14.37	14.37
Saccade L	1	14	12289527282	12289611286	84004	866.64	876.15	1211.38	364.05	14.69	369.49	0.52	174.83	17198.72	-15511.16	7395.33
Saccade R	1	14	12289527282	12289611286	84004	866.64	876.15	1211.38	364.05	14.69	369.49	0.52	174.83	17198.72	-15511.16	7395.33
Fixation L	1	13	12289611286	12289867279	255993	1193.56	336.14	32	39	-1	14.12	14.12
Fixation R	1	13	12289611286	12289867279	255993	1193.56	336.14	32	39	-1	14.69	14.69
Saccade L	1	15	12289867279	12289903164	35885	1193.69	332.81	1162.06	309.32	0.82	46.73	0.33	22.88	1868.07	-1319.93	903.52
Saccade R	1	15	12289867279	12289903164	35885	1193.69	332.81	1162.06	309.32	0.82	46.73	0.33	22.88	1868.07	-1319.93	903.52
Fixation L	1	14	12289903164	12290055191	152027	1170.04	296.95	19	38	-1	13.84	13.84
Fixation R	1	14	12289903164	12290055191	152027	1170.04	296.95	19	38	-1	14.57	14.57
Saccade L	1	16	12290055191	12290091177	35986	1169.60	318.82	1155.24	235.27	1.90	115.58	0.56	52.78	4729.10	-5002.29	3330.83
Saccade R	1	16	12290055191	12290091177	35986	1169.60	318.82	1155.24	235.27	1.90	115.58	0.56	52.78	4729.10	-5002.29	3330.83
Fixation L	1	15	12290091177	12290347200	256023	1171.03	256.80	34	54	-1	13.64	13.64
Fixation R	1	15	12290091177	12290347200	256023	1171.03	256.80	34	54	-1	14.30	14.30
Saccade L	1	17	12290347200	12290431203	84003	1182.73	286.45	899.03	807.11	13.77	339.15	0.43	163.93	15649.89	-10791.02	6952.03
Saccade R	1	17	12290347200	12290431203	84003	1182.73	286.45	899.03	807.11	13.77	339.15	0.43	163.93	15649.89	-10791.02	6952.03
Fixation L	1	16	12290431203	12290591208	160005	882.48	798.88	27	22	-1	14.03	14.03
Fixation R	1	16	12290431203	12290591208	160005	882.48	798.88	27	22	-1	14.44	14.44
Saccade L	1	18	12290591208	12290623208	32000	870.38	796.73	932.36	802.46	1.20	88.79	0.37	37.60	3745.50	-3527.88	2536.33
Saccade R	1	18	12290591208	12290623208	32000	870.38	796.73	932.36	802.46	1.20	88.79	0.37	37.60	3745.50	-3527.88	2536.33
Fixation L	1	17	12290623208	12290791180	167972	928.14	798.74	11	17	-1	14.22	14.22
Fixation R	1	17	12290623208	12290791180	167972	928.14	798.74	11	17	-1	14.71	14.71
Saccade L	1	19	12290791180	12290815185	24005	931.78	807.79	879.58	806.38	1.08	99.11	0.50	45.17	4015.23	-4159.18	2962.79
Saccade R	1	19	12290791180	12290815185	24005	931.78	807.79	879.58	806.38	1.08	99.11	0.50	45.17	4015.23	-4159.18	2962.79
Fixation L	1	18	12290815185	12290971193	156008	881.56	801.26	10	12	-1	14.57	14.57
Fixation R	1	18	12290815185	12290971193	156008	881.56	801.26	10	12	-1	14.94	14.94
Saccade L	1	20	12290971193	12291015205	44012	883.84	802.69	792.82	815.89	2.30	162.65	0.36	52.27	6939.68	-6417.77	3812.75
Saccade R	1	20	12290971193	12291015205	44012	883.84	802.69	792.82	815.89	2.30	162.65	0.36	52.27	6939.68	-6417.77	3812.75
Fixation L	1	19	12291015205	12291783073	767868	751.46	811.20	78	32	-1	14.64	14.64
Fixation R	1	19	12291015205	12291783073	767868	751.46	811.20	78	32	-1	15.29	15.29
