[BeGaze]
Converted from:	D:\Kirillov\Results\ermolova_temp\Nastya 05-eye_data.idf
Date:	17.04.2019 03:52:56
Version:	BeGaze 3.0.181
Sample Rate:	250
Subject:	Nastya 05
Description:	Run16

Table Header for Fixations:
Event Type	Trial	Number	Start	End	Duration	Location X	Location Y	Dispersion X	Dispersion Y	Plane	Avg. Pupil Size X	Avg. Pupil Size Y

Table Header for Saccades:
Event Type	Trial	Number	Start	End	Duration	Start Loc.X	Start Loc.Y	End Loc.X	End Loc.Y	Amplitude	Peak Speed	Peak Speed At	Average Speed	Peak Accel.	Peak Decel.	Average Accel.

Table Header for User Events:
Event Type	Trial	Number	Start	Description

UserEvent	1	1	3903750835	# Message: Questionnaire4.jpg
Fixation L	1	1	3903754679	3904022684	268005	320.21	177.05	51	32	-1	14.08	14.08
Fixation R	1	1	3903754679	3904022684	268005	320.21	177.05	51	32	-1	15.59	15.59
Saccade L	1	1	3904022684	3904058688	36004	320.73	177.38	402.55	222.56	2.58	171.59	0.33	71.73	7740.69	-6902.86	4378.84
Saccade R	1	1	3904022684	3904058688	36004	320.73	177.38	402.55	222.56	2.58	171.59	0.33	71.73	7740.69	-6902.86	4378.84
Fixation L	1	2	3904058688	3904306581	247893	424.96	227.14	32	26	-1	14.60	14.60
Fixation R	1	2	3904058688	3904306581	247893	424.96	227.14	32	26	-1	15.93	15.93
Saccade L	1	2	3904306581	3904326572	19991	435.16	212.87	459.06	216.58	0.58	49.79	0.40	28.83	2242.26	-2068.36	1500.33
Saccade R	1	2	3904306581	3904326572	19991	435.16	212.87	459.06	216.58	0.58	49.79	0.40	28.83	2242.26	-2068.36	1500.33
Fixation L	1	3	3904326572	3904502567	175995	479.61	220.76	28	39	-1	14.85	14.85
Fixation R	1	3	3904326572	3904502567	175995	479.61	220.76	28	39	-1	16.56	16.56
Saccade L	1	3	3904502567	3904534600	32033	483.21	244.19	454.83	240.43	1.48	96.32	0.50	46.32	4455.28	-3033.38	2241.56
Saccade R	1	3	3904502567	3904534600	32033	483.21	244.19	454.83	240.43	1.48	96.32	0.50	46.32	4455.28	-3033.38	2241.56
Saccade L	1	4	3904534600	3904558577	23977	454.83	240.43	408.43	236.73	0.67	41.78	0.33	27.96	-89.68	-1694.07	708.08
Saccade R	1	4	3904534600	3904558577	23977	454.83	240.43	408.43	236.73	0.67	41.78	0.33	27.96	-89.68	-1694.07	708.08
Fixation L	1	4	3904558577	3904858582	300005	411.29	246.94	27	30	-1	15.41	15.41
Fixation R	1	4	3904558577	3904858582	300005	411.29	246.94	27	30	-1	17.15	17.15
Saccade L	1	5	3904858582	3904878579	19997	422.59	256.06	375.49	253.15	0.84	87.20	0.60	41.82	3589.24	-1199.79	1896.51
Saccade R	1	5	3904858582	3904878579	19997	422.59	256.06	375.49	253.15	0.84	87.20	0.60	41.82	3589.24	-1199.79	1896.51
Fixation L	1	5	3904894573	3905146595	252022	382.22	246.92	42	31	-1	15.72	15.72
Fixation R	1	5	3904894573	3905146595	252022	382.22	246.92	42	31	-1	17.39	17.39
Saccade L	1	6	3905146595	3905174612	28017	378.47	257.73	466.54	281.41	2.05	157.58	0.43	73.34	6952.81	-6637.75	4996.13
Saccade R	1	6	3905146595	3905174612	28017	378.47	257.73	466.54	281.41	2.05	157.58	0.43	73.34	6952.81	-6637.75	4996.13
Fixation L	1	6	3905174612	3905502584	327972	478.93	283.03	27	39	-1	15.88	15.88
Fixation R	1	6	3905174612	3905502584	327972	478.93	283.03	27	39	-1	17.31	17.31
UserEvent	1	2	3905212107	# Message: UE-mouseclick left x=369 y=262
Saccade L	1	7	3905502584	3905558596	56012	488.93	263.09	412.30	373.82	3.70	204.05	0.29	65.98	9265.61	-7790.38	4243.90
Saccade R	1	7	3905502584	3905558596	56012	488.93	263.09	412.30	373.82	3.70	204.05	0.29	65.98	9265.61	-7790.38	4243.90
Fixation L	1	7	3905558596	3906046515	487919	407.42	382.25	37	38	-1	15.80	15.80
Fixation R	1	7	3905558596	3906046515	487919	407.42	382.25	37	38	-1	17.32	17.32
Saccade L	1	8	3906046515	3906082494	35979	419.22	406.74	394.83	263.43	2.84	141.48	0.44	78.91	6477.12	-5480.38	4501.99
Saccade R	1	8	3906046515	3906082494	35979	419.22	406.74	394.83	263.43	2.84	141.48	0.44	78.91	6477.12	-5480.38	4501.99
Fixation L	1	8	3906082494	3906294483	211989	373.83	261.84	38	61	-1	15.38	15.38
Fixation R	1	8	3906082494	3906294483	211989	373.83	261.84	38	61	-1	17.00	17.00
UserEvent	1	3	3906180165	# Message: UE-mouseclick left x=409 y=381
