[BeGaze]
Converted from:	D:\Kirillov\Results\ermolova_temp\Valera-eye_data.idf
Date:	17.04.2019 03:52:32
Version:	BeGaze 3.0.181
Sample Rate:	250
Subject:	Valera
Description:	Run8

Table Header for Fixations:
Event Type	Trial	Number	Start	End	Duration	Location X	Location Y	Dispersion X	Dispersion Y	Plane	Avg. Pupil Size X	Avg. Pupil Size Y

Table Header for Saccades:
Event Type	Trial	Number	Start	End	Duration	Start Loc.X	Start Loc.Y	End Loc.X	End Loc.Y	Amplitude	Peak Speed	Peak Speed At	Average Speed	Peak Accel.	Peak Decel.	Average Accel.

Table Header for User Events:
Event Type	Trial	Number	Start	Description

UserEvent	1	1	437555003	# Message: experiment-01.jpg
Saccade L	1	1	437571650	437615640	43990	342.32	643.82	388.73	611.94	1.25	40.13	0.64	28.36	557.76	-1186.96	589.57
Saccade R	1	1	437571650	437615640	43990	342.32	643.82	388.73	611.94	1.25	40.13	0.64	28.36	557.76	-1186.96	589.57
Fixation L	1	1	437615640	437747639	131999	418.08	604.82	44	37	-1	13.80	13.80
Fixation R	1	1	437615640	437747639	131999	418.08	604.82	44	37	-1	15.04	15.04
Fixation L	1	2	437763650	437851637	87987	461.34	585.35	25	26	-1	13.86	13.86
Fixation R	1	2	437763650	437851637	87987	461.34	585.35	25	26	-1	15.06	15.06
Saccade L	1	2	437851637	437903697	52060	457.44	574.85	586.81	104.32	10.89	426.77	0.38	209.10	20059.78	-17247.77	12407.39
Saccade R	1	2	437851637	437903697	52060	457.44	574.85	586.81	104.32	10.89	426.77	0.38	209.10	20059.78	-17247.77	12407.39
Fixation L	1	3	437903697	438015686	111989	605.70	95.93	26	21	-1	13.79	13.79
Fixation R	1	3	437903697	438015686	111989	605.70	95.93	26	21	-1	15.05	15.05
Saccade L	1	3	438015686	438047645	31959	602.41	84.13	798.35	87.95	4.04	261.53	0.37	126.38	11175.90	-11493.83	8409.23
Saccade R	1	3	438015686	438047645	31959	602.41	84.13	798.35	87.95	4.04	261.53	0.37	126.38	11175.90	-11493.83	8409.23
Fixation L	1	4	438047645	438207661	160016	799.22	95.91	23	23	-1	13.55	13.55
Fixation R	1	4	438047645	438207661	160016	799.22	95.91	23	23	-1	14.87	14.87
Saccade L	1	4	438207661	438243665	36004	787.97	97.03	876.00	86.94	1.85	111.30	0.44	51.31	5201.90	-4436.87	3227.80
Saccade R	1	4	438207661	438243665	36004	787.97	97.03	876.00	86.94	1.85	111.30	0.44	51.31	5201.90	-4436.87	3227.80
Fixation L	1	5	438243665	438343660	99995	885.07	87.52	26	17	-1	12.85	12.85
Fixation R	1	5	438243665	438343660	99995	885.07	87.52	26	17	-1	14.32	14.32
Saccade L	1	5	438343660	438403663	60003	910.94	77.43	242.15	94.20	14.44	515.19	0.33	240.58	25552.86	-22243.77	13981.36
Saccade R	1	5	438343660	438403663	60003	910.94	77.43	242.15	94.20	14.44	515.19	0.33	240.58	25552.86	-22243.77	13981.36
Fixation L	1	6	438403663	438603648	199985	259.09	98.17	34	47	-1	12.83	12.83
Fixation R	1	6	438403663	438603648	199985	259.09	98.17	34	47	-1	13.66	13.66
Saccade L	1	6	438603648	438643624	39976	267.91	116.16	520.32	119.77	5.35	343.84	0.40	133.77	15911.00	-14742.48	10171.58
Saccade R	1	6	438603648	438643624	39976	267.91	116.16	520.32	119.77	5.35	343.84	0.40	133.77	15911.00	-14742.48	10171.58
Fixation L	1	7	438643624	438923550	279926	512.52	121.17	33	26	-1	12.48	12.48
Fixation R	1	7	438643624	438923550	279926	512.52	121.17	33	26	-1	13.35	13.35
Saccade L	1	7	438923550	438955530	31980	525.83	114.24	684.62	124.88	3.44	252.46	0.37	107.59	11496.43	-11087.21	7948.14
Saccade R	1	7	438923550	438955530	31980	525.83	114.24	684.62	124.88	3.44	252.46	0.37	107.59	11496.43	-11087.21	7948.14
Fixation L	1	8	438955530	439055550	100020	699.79	123.96	27	33	-1	12.47	12.47
Fixation R	1	8	438955530	439143499	187969	568.57	137.33	1017	1137	-1	12.96	12.85
Fixation L	1	9	439211502	439375506	164004	971.34	127.24	19	39	-1	12.28	12.28
Fixation R	1	9	439211502	439375506	164004	971.34	127.24	19	39	-1	13.60	13.60
Saccade L	1	8	439375506	439411546	36040	982.83	110.22	689.67	119.09	6.08	337.66	0.44	168.60	16375.09	-15019.38	11298.77
Saccade R	1	8	439375506	439411546	36040	982.83	110.22	689.67	119.09	6.08	337.66	0.44	168.60	16375.09	-15019.38	11298.77
Fixation L	1	10	439411546	439631539	219993	692.84	114.52	32	26	-1	12.54	12.54
Fixation R	1	10	439411546	439631539	219993	692.84	114.52	32	26	-1	13.50	13.50
Fixation L	1	11	439767549	440035541	267992	651.35	120.95	22	31	-1	12.61	12.61
Fixation R	1	11	439767549	440035541	267992	651.35	120.95	22	31	-1	13.67	13.67
Saccade L	1	9	440035541	440083552	48011	653.64	133.24	163.15	160.80	10.78	455.40	0.58	224.59	20783.07	-21146.29	14266.79
Saccade R	1	9	440035541	440083552	48011	653.64	133.24	163.15	160.80	10.78	455.40	0.58	224.59	20783.07	-21146.29	14266.79
Fixation L	1	12	440083552	440231549	147997	166.47	186.97	29	38	-1	13.28	13.28
Fixation R	1	12	440083552	440231549	147997	166.47	186.97	29	38	-1	14.00	14.00
Saccade L	1	10	440231549	440279408	47859	183.06	188.01	369.79	215.84	4.15	258.76	0.42	86.61	11696.29	-11479.12	6290.36
Saccade R	1	10	440231549	440279408	47859	183.06	188.01	369.79	215.84	4.15	258.76	0.42	86.61	11696.29	-11479.12	6290.36
Fixation L	1	13	440279408	440411429	132021	376.57	233.31	15	30	-1	13.17	13.17
Fixation R	1	13	440279408	440411429	132021	376.57	233.31	15	30	-1	14.19	14.19
Saccade L	1	11	440411429	440439408	27979	386.33	222.32	522.81	239.25	2.85	226.42	0.57	101.80	9846.83	-9922.15	7295.52
Saccade R	1	11	440411429	440439408	27979	386.33	222.32	522.81	239.25	2.85	226.42	0.57	101.80	9846.83	-9922.15	7295.52
Fixation L	1	14	440439408	440635391	195983	543.58	235.28	36	23	-1	13.26	13.26
Fixation R	1	14	440439408	440635391	195983	543.58	235.28	36	23	-1	14.39	14.39
Saccade L	1	12	440635391	440663416	28025	544.78	241.18	729.73	236.94	3.76	321.82	0.57	134.15	14269.86	-14328.36	10469.56
Saccade R	1	12	440635391	440663416	28025	544.78	241.18	729.73	236.94	3.76	321.82	0.57	134.15	14269.86	-14328.36	10469.56
Fixation L	1	15	440663416	440915433	252017	748.30	230.92	34	19	-1	13.45	13.45
Fixation R	1	15	440663416	440915433	252017	748.30	230.92	34	19	-1	14.62	14.62
Saccade L	1	13	440915433	440943375	27942	756.01	222.96	929.97	219.33	3.63	281.23	0.57	129.74	13492.35	-13299.92	9822.47
Saccade R	1	13	440915433	440943375	27942	756.01	222.96	929.97	219.33	3.63	281.23	0.57	129.74	13492.35	-13299.92	9822.47
Fixation L	1	16	440943375	441123441	180066	925.05	220.66	27	20	-1	13.33	13.33
Fixation R	1	16	440943375	441123441	180066	925.05	220.66	27	20	-1	14.74	14.74
Saccade L	1	14	441123441	441155427	31986	915.37	229.45	1103.98	214.91	4.04	287.62	0.63	126.38	12809.03	-11836.37	8853.70
Saccade R	1	14	441123441	441155427	31986	915.37	229.45	1103.98	214.91	4.04	287.62	0.63	126.38	12809.03	-11836.37	8853.70
Saccade L	1	15	441155427	441179396	23969	1103.98	214.91	1129.23	226.46	0.69	50.64	0.50	28.86	527.74	-10078.28	2728.50
Saccade R	1	15	441155427	441179396	23969	1103.98	214.91	1129.23	226.46	0.69	50.64	0.50	28.86	527.74	-10078.28	2728.50
Fixation L	1	17	441179396	441363426	184030	1135.91	227.50	28	16	-1	13.32	13.32
Fixation R	1	17	441179396	441363426	184030	1135.91	227.50	28	16	-1	14.67	14.67
Saccade L	1	16	441363426	441391316	27890	1137.35	227.34	1310.54	218.32	3.48	273.75	0.57	124.90	12690.54	-12596.56	9298.66
Saccade R	1	16	441363426	441391316	27890	1137.35	227.34	1310.54	218.32	3.48	273.75	0.57	124.90	12690.54	-12596.56	9298.66
Fixation L	1	18	441391316	441471432	80116	1308.13	226.23	11	12	-1	13.18	13.18
Fixation R	1	18	441391316	441471432	80116	1308.13	226.23	11	12	-1	14.52	14.52
Fixation L	1	19	441511422	441723274	211852	1278.10	222.16	41	38	-1	13.29	13.29
Fixation R	1	19	441511422	441723274	211852	1278.10	222.16	41	38	-1	14.68	14.68
Saccade L	1	17	441723274	441771302	48028	1305.28	215.82	970.68	233.14	7.15	338.93	0.33	148.82	16615.53	-9681.07	8796.88
Saccade R	1	17	441723274	441771302	48028	1305.28	215.82	970.68	233.14	7.15	338.93	0.33	148.82	16615.53	-9681.07	8796.88
Fixation L	1	20	441771302	441911304	140002	1003.38	230.30	49	25	-1	13.58	13.58
Fixation R	1	20	441771302	441911304	140002	1003.38	230.30	49	25	-1	14.62	14.62
Saccade L	1	18	441911304	441971307	60003	998.31	238.31	184.78	246.85	17.81	537.33	0.47	296.87	22181.30	-21709.16	14464.55
Saccade R	1	18	441911304	441971307	60003	998.31	238.31	184.78	246.85	17.81	537.33	0.47	296.87	22181.30	-21709.16	14464.55
Fixation L	1	21	441971307	442107325	136018	188.32	243.57	20	14	-1	13.60	13.60
Fixation R	1	21	441971307	442107325	136018	188.32	243.57	20	14	-1	14.45	14.45
Saccade L	1	19	442107325	442155320	47995	192.65	241.63	399.59	256.80	4.52	267.49	0.42	94.25	11967.62	-9974.71	6491.32
Saccade R	1	19	442107325	442155320	47995	192.65	241.63	399.59	256.80	4.52	267.49	0.42	94.25	11967.62	-9974.71	6491.32
Fixation L	1	22	442155320	442231302	75982	389.00	260.33	36	15	-1	13.54	13.54
Fixation R	1	22	442155320	442231302	75982	389.00	260.33	36	15	-1	14.58	14.58
Saccade R	1	20	442231302	442271321	40019	364.22	271.78	0.00	0.00	12.97	1006.43	0.70	324.17	33987.83	-42823.83	22138.78
Fixation R	1	23	442271321	442323564	52243	0.00	0.00	0	0	-1	11.25	11.25
Fixation L	1	23	442387334	442579278	191944	622.18	296.62	33	33	-1	13.87	13.87
Fixation R	1	24	442387334	442579278	191944	622.18	296.62	33	33	-1	15.19	15.19
Saccade L	1	20	442579278	442619305	40027	630.47	276.42	259.99	205.90	8.26	394.07	0.50	206.36	18925.38	-18619.35	13782.50
Saccade R	1	21	442579278	442619305	40027	630.47	276.42	259.99	205.90	8.26	394.07	0.50	206.36	18925.38	-18619.35	13782.50
Fixation L	1	24	442619305	442783380	164075	253.88	213.22	31	23	-1	13.92	13.92
Fixation R	1	25	442619305	442783380	164075	253.88	213.22	31	23	-1	15.06	15.06
Saccade L	1	21	442783380	442811306	27926	265.10	226.46	413.71	238.67	3.11	242.35	0.57	111.41	11048.26	-11210.87	8155.59
Saccade R	1	22	442783380	442811306	27926	265.10	226.46	413.71	238.67	3.11	242.35	0.57	111.41	11048.26	-11210.87	8155.59
Fixation L	1	25	442811306	442991253	179947	434.75	222.25	33	35	-1	13.86	13.86
Fixation R	1	26	442811306	442991253	179947	434.75	222.25	33	35	-1	15.08	15.08
Saccade L	1	22	442991253	443023232	31979	446.07	229.73	553.64	229.70	2.08	141.16	0.63	65.14	6769.93	-5581.50	4418.00
Saccade R	1	23	442991253	443023232	31979	446.07	229.73	553.64	229.70	2.08	141.16	0.63	65.14	6769.93	-5581.50	4418.00
Fixation L	1	26	443023232	443171206	147974	544.51	234.97	27	19	-1	13.92	13.92
Fixation R	1	27	443023232	443171206	147974	544.51	234.97	27	19	-1	15.17	15.17
Saccade L	1	23	443171206	443199196	27990	542.09	228.91	710.53	232.21	3.50	309.06	0.57	124.98	13180.30	-13173.12	9613.35
Saccade R	1	24	443171206	443199196	27990	542.09	228.91	710.53	232.21	3.50	309.06	0.57	124.98	13180.30	-13173.12	9613.35
Fixation L	1	27	443199196	443343192	143996	727.47	235.20	29	17	-1	13.91	13.91
Fixation R	1	28	443199196	443343192	143996	727.47	235.20	29	17	-1	15.32	15.32
Fixation L	1	28	443511206	443675226	164020	933.22	232.78	38	17	-1	14.01	14.01
Fixation R	1	29	443511206	443675226	164020	933.22	232.78	38	17	-1	15.48	15.48
Saccade L	1	24	443675226	443707219	31993	962.47	246.09	1095.32	236.15	2.85	207.95	0.37	88.99	9411.02	-9736.02	6729.04
Saccade R	1	25	443675226	443707219	31993	962.47	246.09	1095.32	236.15	2.85	207.95	0.37	88.99	9411.02	-9736.02	6729.04
Fixation L	1	29	443707219	444099196	391977	1112.82	237.49	49	34	-1	14.16	14.16
Fixation R	1	30	443707219	444099196	391977	1112.82	237.49	49	34	-1	15.44	15.44
Fixation L	1	30	444251216	444395222	144006	1284.09	229.30	26	47	-1	14.03	14.03
Fixation R	1	31	444251216	444395222	144006	1284.09	229.30	26	47	-1	15.26	15.26
Saccade L	1	25	444395222	444415098	19876	1286.12	201.99	1273.60	220.32	0.49	45.01	0.40	24.61	534.03	-288.06	264.01
Saccade R	1	26	444395222	444415098	19876	1286.12	201.99	1273.60	220.32	0.49	45.01	0.40	24.61	534.03	-288.06	264.01
Saccade L	1	26	444415098	444459091	43993	1273.60	220.32	1218.52	258.01	1.36	55.79	0.27	30.90	1193.08	-1154.09	759.21
Saccade R	1	27	444415098	444459091	43993	1273.60	220.32	1218.52	258.01	1.36	55.79	0.27	30.90	1193.08	-1154.09	759.21
Fixation L	1	31	444459091	444607087	147996	1220.02	245.67	17	34	-1	14.21	14.21
Fixation R	1	32	444459091	444607087	147996	1220.02	245.67	17	34	-1	15.37	15.37
Saccade L	1	27	444607087	444635101	28014	1217.67	230.39	1334.68	240.89	2.49	188.61	0.57	88.77	9003.59	-8647.99	6516.06
Saccade R	1	28	444607087	444635101	28014	1217.67	230.39	1334.68	240.89	2.49	188.61	0.57	88.77	9003.59	-8647.99	6516.06
Fixation L	1	32	444635101	444867092	231991	1333.81	243.97	33	37	-1	14.02	14.02
Fixation R	1	33	444635101	444867092	231991	1333.81	243.97	33	37	-1	15.35	15.35
Saccade L	1	28	444867092	444939092	72000	1334.83	217.10	256.21	274.52	23.79	629.97	0.39	330.37	25550.46	-21921.94	14638.49
Saccade R	1	29	444867092	444939092	72000	1334.83	217.10	256.21	274.52	23.79	629.97	0.39	330.37	25550.46	-21921.94	14638.49
Fixation L	1	33	444939092	445067102	128010	264.02	275.93	19	10	-1	14.14	14.14
Fixation R	1	34	444939092	445067102	128010	264.02	275.93	19	10	-1	14.83	14.83
Saccade L	1	29	445067102	445095095	27993	265.18	271.56	245.41	267.85	1.15	91.06	0.43	41.10	3686.08	-1991.94	1738.57
Saccade R	1	30	445067102	445095095	27993	265.18	271.56	245.41	267.85	1.15	91.06	0.43	41.10	3686.08	-1991.94	1738.57
Saccade L	1	30	445095095	445115095	20000	245.41	267.85	217.64	247.74	0.65	53.13	0.40	32.70	360.76	-1789.90	917.10
Saccade R	1	31	445095095	445115095	20000	245.41	267.85	217.64	247.74	0.65	53.13	0.40	32.70	360.76	-1789.90	917.10
Fixation L	1	34	445115095	445211094	95999	206.63	247.58	18	14	-1	13.94	13.94
Fixation R	1	35	445115095	445211094	95999	206.63	247.58	18	14	-1	14.53	14.53
Saccade L	1	31	445211094	445255079	43985	201.02	255.15	397.08	274.40	4.31	288.27	0.45	98.09	12917.46	-11958.60	7271.97
Saccade R	1	32	445211094	445255079	43985	201.02	255.15	397.08	274.40	4.31	288.27	0.45	98.09	12917.46	-11958.60	7271.97
Fixation L	1	35	445255079	445431057	175978	390.33	279.42	20	49	-1	13.74	13.74
Fixation R	1	36	445255079	445431057	175978	390.33	279.42	20	49	-1	14.80	14.80
Saccade L	1	32	445431057	445458995	27938	391.18	290.43	399.63	254.43	0.83	41.56	0.57	29.73	1212.21	-1434.66	992.25
Saccade R	1	33	445431057	445458995	27938	391.18	290.43	399.63	254.43	0.83	41.56	0.57	29.73	1212.21	-1434.66	992.25
Fixation L	1	36	445458995	445619085	160090	400.41	267.81	22	48	-1	13.67	13.67
Fixation R	1	37	445458995	445619085	160090	400.41	267.81	22	48	-1	14.87	14.87
Saccade L	1	33	445619085	445659102	40017	396.70	279.11	332.09	279.87	1.39	61.10	0.40	34.68	2337.66	-1877.96	1471.94
Saccade R	1	34	445619085	445659102	40017	396.70	279.11	332.09	279.87	1.39	61.10	0.40	34.68	2337.66	-1877.96	1471.94
Fixation L	1	37	445659102	445779070	119968	313.10	271.29	39	31	-1	13.82	13.82
Fixation R	1	38	445659102	445779070	119968	313.10	271.29	39	31	-1	14.95	14.95
Saccade L	1	34	445779070	445818961	39891	303.90	255.82	560.95	279.01	5.46	329.40	0.50	136.91	14632.84	-15079.57	10028.12
Saccade R	1	35	445779070	445818961	39891	303.90	255.82	560.95	279.01	5.46	329.40	0.50	136.91	14632.84	-15079.57	10028.12
Fixation L	1	38	445818961	445990938	171977	555.41	276.76	31	26	-1	13.77	13.77
Fixation R	1	39	445818961	445990938	171977	555.41	276.76	31	26	-1	15.03	15.03
Saccade L	1	35	445990938	446014972	24034	569.26	266.79	680.31	265.42	2.25	203.51	0.50	93.74	8883.76	-8443.83	6460.22
Saccade R	1	36	445990938	446014972	24034	569.26	266.79	680.31	265.42	2.25	203.51	0.50	93.74	8883.76	-8443.83	6460.22
Fixation L	1	39	446014972	446206982	192010	708.91	271.72	41	13	-1	13.79	13.79
Fixation R	1	40	446014972	446206982	192010	708.91	271.72	41	13	-1	15.00	15.00
Saccade L	1	36	446206982	446230970	23988	720.84	275.49	867.15	274.61	2.99	272.28	0.50	124.55	11747.58	-11393.52	8668.22
Saccade R	1	37	446206982	446230970	23988	720.84	275.49	867.15	274.61	2.99	272.28	0.50	124.55	11747.58	-11393.52	8668.22
Fixation L	1	40	446230970	446358971	128001	888.20	282.84	49	26	-1	13.71	13.71
Fixation R	1	41	446230970	446358971	128001	888.20	282.84	49	26	-1	14.94	14.94
Saccade L	1	37	446358971	446378969	19998	917.31	272.59	878.94	275.44	0.64	53.82	0.40	31.94	1810.25	-1988.32	1390.13
Saccade R	1	38	446358971	446378969	19998	917.31	272.59	878.94	275.44	0.64	53.82	0.40	31.94	1810.25	-1988.32	1390.13
Fixation L	1	41	446378969	446442988	64019	897.08	274.86	35	4	-1	13.48	13.48
Fixation R	1	42	446378969	446442988	64019	897.08	274.86	35	4	-1	14.93	14.93
Saccade L	1	38	446442988	446470991	28003	911.80	278.84	1074.45	286.08	3.36	267.41	0.43	120.04	12343.47	-12467.83	9048.72
Saccade R	1	39	446442988	446470991	28003	911.80	278.84	1074.45	286.08	3.36	267.41	0.43	120.04	12343.47	-12467.83	9048.72
Fixation L	1	42	446470991	446666913	195922	1095.89	282.58	42	13	-1	13.40	13.40
Fixation R	1	43	446470991	446666913	195922	1095.89	282.58	42	13	-1	14.85	14.85
Saccade L	1	39	446666913	446699033	32120	1105.49	278.17	930.52	277.01	3.93	296.72	0.50	122.44	13782.39	-12748.83	9456.56
Saccade R	1	40	446666913	446699033	32120	1105.49	278.17	930.52	277.01	3.93	296.72	0.50	122.44	13782.39	-12748.83	9456.56
Fixation L	1	43	446699033	446862981	163948	902.84	274.76	37	21	-1	13.64	13.64
Fixation R	1	44	446699033	446862981	163948	902.84	274.76	37	21	-1	14.64	14.64
Saccade L	1	40	446862981	446890972	27991	906.77	272.67	824.17	282.45	1.72	124.26	0.57	61.62	5363.30	-5755.70	4111.71
Saccade R	1	41	446862981	446890972	27991	906.77	272.67	824.17	282.45	1.72	124.26	0.57	61.62	5363.30	-5755.70	4111.71
Fixation L	1	44	446890972	446974980	84008	823.89	286.30	5	6	-1	13.61	13.61
Fixation R	1	45	446890972	446974980	84008	823.89	286.30	5	6	-1	14.82	14.82
Saccade L	1	41	446974980	447014977	39997	821.63	287.59	1092.49	272.11	5.76	339.27	0.40	143.97	16577.36	-15035.84	10651.34
Saccade R	1	42	446974980	447014977	39997	821.63	287.59	1092.49	272.11	5.76	339.27	0.40	143.97	16577.36	-15035.84	10651.34
Fixation L	1	45	447014977	447142943	127966	1100.36	269.72	19	20	-1	13.58	13.58
Fixation R	1	46	447014977	447142943	127966	1100.36	269.72	19	20	-1	14.80	14.80
Saccade L	1	42	447142943	447182984	40041	1107.07	256.52	1347.24	258.57	5.10	310.27	0.40	127.28	14104.05	-13507.82	9353.50
Saccade R	1	43	447142943	447182984	40041	1107.07	256.52	1347.24	258.57	5.10	310.27	0.40	127.28	14104.05	-13507.82	9353.50
Fixation L	1	46	447182984	447370863	187879	1349.58	267.87	14	28	-1	13.54	13.54
Fixation R	1	47	447182984	447370863	187879	1349.58	267.87	14	28	-1	15.00	15.00
Saccade L	1	43	447370863	447438825	67962	1343.40	276.69	296.16	337.67	23.19	634.07	0.47	341.19	28093.43	-25805.44	16314.64
Saccade R	1	44	447370863	447438825	67962	1343.40	276.69	296.16	337.67	23.19	634.07	0.47	341.19	28093.43	-25805.44	16314.64
Fixation L	1	47	447438825	447598862	160037	294.31	330.16	14	35	-1	13.92	13.92
Fixation R	1	48	447438825	447598862	160037	294.31	330.16	14	35	-1	14.48	14.48
Saccade L	1	44	447598862	447626870	28008	302.37	315.45	393.61	313.09	1.86	134.20	0.57	66.32	5427.35	-5947.08	4197.08
Saccade R	1	45	447598862	447626870	28008	302.37	315.45	393.61	313.09	1.86	134.20	0.57	66.32	5427.35	-5947.08	4197.08
Fixation L	1	48	447626870	447958829	331959	396.90	318.12	32	30	-1	13.60	13.60
Fixation R	1	49	447626870	447958829	331959	396.90	318.12	32	30	-1	14.33	14.33
Saccade L	1	45	447958829	447990896	32067	393.04	313.75	586.30	324.94	4.03	273.43	0.50	125.59	12439.27	-12637.94	9070.07
Saccade R	1	46	447958829	447990896	32067	393.04	313.75	586.30	324.94	4.03	273.43	0.50	125.59	12439.27	-12637.94	9070.07
Fixation L	1	49	447990896	448118870	127974	583.85	325.71	19	18	-1	13.38	13.38
Fixation R	1	50	447990896	448118870	127974	583.85	325.71	19	18	-1	14.52	14.52
Saccade L	1	46	448118870	448146854	27984	594.55	331.44	504.24	334.16	1.88	145.74	0.57	67.33	6430.46	-5946.05	4537.52
Saccade R	1	47	448118870	448146854	27984	594.55	331.44	504.24	334.16	1.88	145.74	0.57	67.33	6430.46	-5946.05	4537.52
Fixation L	1	50	448146854	448282861	136007	501.27	320.56	32	20	-1	13.41	13.41
Fixation R	1	51	448146854	448282861	136007	501.27	320.56	32	20	-1	14.36	14.36
Saccade L	1	47	448282861	448334849	51988	517.56	325.55	242.19	305.16	6.42	305.15	0.31	123.41	14385.54	-11942.12	8037.68
Saccade R	1	48	448282861	448334849	51988	517.56	325.55	242.19	305.16	6.42	305.15	0.31	123.41	14385.54	-11942.12	8037.68
Fixation L	1	51	448334849	448454833	119984	239.90	307.49	26	33	-1	13.18	13.18
Fixation R	1	52	448334849	448454833	119984	239.90	307.49	26	33	-1	13.95	13.95
Saccade L	1	48	448470865	448502870	32005	224.21	324.14	364.07	325.10	3.03	210.58	0.50	94.78	7898.79	-9656.35	6290.85
Saccade R	1	49	448470865	448502870	32005	224.21	324.14	364.07	325.10	3.03	210.58	0.50	94.78	7898.79	-9656.35	6290.85
Fixation L	1	52	448502870	448566859	63989	373.89	335.84	23	27	-1	13.24	13.24
Fixation R	1	53	448502870	448566859	63989	373.89	335.84	23	27	-1	14.13	14.13
Saccade L	1	49	448566859	448590733	23874	388.08	336.11	393.67	306.31	0.70	41.60	0.66	29.17	1283.42	-1514.05	1029.48
Saccade R	1	50	448566859	448590733	23874	388.08	336.11	393.67	306.31	0.70	41.60	0.66	29.17	1283.42	-1514.05	1029.48
Fixation L	1	53	448590733	448718759	128026	378.60	310.45	31	31	-1	13.23	13.23
Fixation R	1	54	448590733	448718759	128026	378.60	310.45	31	31	-1	14.22	14.22
Saccade L	1	50	448718759	448750750	31991	372.43	315.86	211.68	382.63	3.75	280.62	0.50	117.23	12126.19	-11639.85	8572.75
Saccade R	1	51	448718759	448750750	31991	372.43	315.86	211.68	382.63	3.75	280.62	0.50	117.23	12126.19	-11639.85	8572.75
Fixation L	1	54	448750750	448886710	135960	222.19	402.98	28	42	-1	13.49	13.49
Fixation R	1	55	448750750	448886710	135960	222.19	402.98	28	42	-1	14.29	14.29
Saccade L	1	51	448886710	448914757	28047	220.57	401.43	425.67	408.20	4.25	338.97	0.43	151.38	15918.39	-15216.38	11391.55
Saccade R	1	52	448886710	448914757	28047	220.57	401.43	425.67	408.20	4.25	338.97	0.43	151.38	15918.39	-15216.38	11391.55
Fixation L	1	55	448914757	449054752	139995	445.63	400.37	26	19	-1	13.51	13.51
Fixation R	1	56	448914757	449054752	139995	445.63	400.37	26	19	-1	14.65	14.65
Saccade L	1	52	449054752	449090736	35984	450.82	407.73	639.36	404.37	3.91	275.50	0.44	108.68	12254.23	-11592.61	8301.65
Saccade R	1	53	449054752	449090736	35984	450.82	407.73	639.36	404.37	3.91	275.50	0.44	108.68	12254.23	-11592.61	8301.65
Fixation L	1	56	449090736	449254748	164012	643.20	402.34	10	16	-1	13.60	13.60
Fixation R	1	57	449090736	449254748	164012	643.20	402.34	10	16	-1	14.64	14.64
Saccade L	1	53	449254748	449282736	27988	649.55	398.29	810.80	406.89	3.31	255.72	0.43	118.36	11851.96	-11817.33	8649.20
Saccade R	1	54	449254748	449282736	27988	649.55	398.29	810.80	406.89	3.31	255.72	0.43	118.36	11851.96	-11817.33	8649.20
Fixation L	1	57	449282736	449598746	316010	809.61	401.91	23	32	-1	13.67	13.67
Fixation R	1	58	449282736	449598746	316010	809.61	401.91	23	32	-1	14.83	14.83
Saccade L	1	54	449598746	449642753	44007	802.80	413.36	0.00	0.00	22.75	2003.53	0.73	517.03	76627.45	-85002.97	39760.49
Fixation L	1	58	449762753	449922751	159998	477.92	320.54	12	27	-1	13.76	13.76
Fixation R	1	59	449762753	449922751	159998	477.92	320.54	12	27	-1	14.76	14.76
Saccade L	1	55	449922751	449962626	39875	480.19	314.35	311.17	304.22	3.54	190.43	0.40	88.71	8799.22	-7474.74	5611.18
Saccade R	1	55	449922751	449962626	39875	480.19	314.35	311.17	304.22	3.54	190.43	0.40	88.71	8799.22	-7474.74	5611.18
Fixation L	1	59	449962626	450134637	172011	314.75	305.15	23	25	-1	13.53	13.53
Fixation R	1	60	449962626	450134637	172011	314.75	305.15	23	25	-1	14.50	14.50
Saccade L	1	56	450134637	450178598	43961	303.15	323.14	543.29	332.86	5.09	323.28	0.55	115.83	14298.37	-14626.82	8786.14
Saccade R	1	56	450134637	450178598	43961	303.15	323.14	543.29	332.86	5.09	323.28	0.55	115.83	14298.37	-14626.82	8786.14
Fixation L	1	60	450178598	450494623	316025	548.35	321.73	27	28	-1	13.76	13.76
Fixation R	1	61	450178598	450494623	316025	548.35	321.73	27	28	-1	14.85	14.85
Saccade L	1	57	450494623	450542633	48010	564.02	312.42	1101.72	668.27	14.01	611.48	0.33	291.76	29661.40	-23694.22	18012.79
Saccade R	1	57	450494623	450542633	48010	564.02	312.42	1101.72	668.27	14.01	611.48	0.33	291.76	29661.40	-23694.22	18012.79
Fixation L	1	61	450542633	450766631	223998	1106.63	674.14	56	22	-1	13.69	13.69
Fixation R	1	62	450542633	450766631	223998	1106.63	674.14	56	22	-1	15.02	15.02
Saccade L	1	58	450766631	450806648	40017	1120.05	674.80	1029.18	471.31	4.78	280.96	0.60	119.46	12646.35	-12771.48	8541.11
Saccade R	1	58	450766631	450806648	40017	1120.05	674.80	1029.18	471.31	4.78	280.96	0.60	119.46	12646.35	-12771.48	8541.11
Fixation L	1	62	450806648	450934633	127985	1025.23	479.97	9	34	-1	13.45	13.45
Fixation R	1	63	450806648	450934633	127985	1025.23	479.97	9	34	-1	14.72	14.72
Saccade L	1	59	450934633	450958630	23997	1029.74	489.92	974.99	494.67	1.08	78.19	0.50	45.13	3310.16	-3299.04	2451.94
Saccade R	1	59	450934633	450958630	23997	1029.74	489.92	974.99	494.67	1.08	78.19	0.50	45.13	3310.16	-3299.04	2451.94
Fixation L	1	63	450958630	451026605	67975	969.46	491.89	15	12	-1	13.34	13.34
Fixation R	1	64	450958630	451026605	67975	969.46	491.89	15	12	-1	14.43	14.43
Saccade L	1	60	451026605	451062647	36042	967.98	488.23	1206.95	492.13	4.99	319.27	0.44	138.37	14828.59	-14657.85	10348.88
Saccade R	1	60	451026605	451062647	36042	967.98	488.23	1206.95	492.13	4.99	319.27	0.44	138.37	14828.59	-14657.85	10348.88
Fixation L	1	64	451062647	451250650	188003	1194.48	486.82	23	21	-1	13.08	13.08
Fixation R	1	65	451062647	451250650	188003	1194.48	486.82	23	21	-1	14.45	14.45
Saccade L	1	61	451250650	451302539	51889	1192.70	497.38	574.55	688.46	13.76	560.42	0.31	265.19	27565.13	-19980.02	15680.27
Saccade R	1	61	451250650	451302539	51889	1192.70	497.38	574.55	688.46	13.76	560.42	0.31	265.19	27565.13	-19980.02	15680.27
Fixation L	1	65	451302539	451450482	147943	563.02	698.46	17	19	-1	13.45	13.45
Fixation R	1	66	451302539	451450482	147943	563.02	698.46	17	19	-1	14.61	14.61
Saccade L	1	62	451450482	451474485	24003	561.62	703.14	480.83	707.34	1.67	150.30	0.50	69.60	6590.99	-6253.73	4656.57
Saccade R	1	62	451450482	451474485	24003	561.62	703.14	480.83	707.34	1.67	150.30	0.50	69.60	6590.99	-6253.73	4656.57
Fixation L	1	66	451474485	451682511	208026	472.74	730.28	18	37	-1	13.73	13.73
Fixation R	1	67	451474485	451682511	208026	472.74	730.28	18	37	-1	14.65	14.65
Saccade L	1	63	451682511	451730506	47995	465.81	744.17	1072.43	725.34	13.09	552.82	0.42	272.69	25884.49	-21742.61	16505.77
Saccade R	1	63	451682511	451730506	47995	465.81	744.17	1072.43	725.34	13.09	552.82	0.42	272.69	25884.49	-21742.61	16505.77
Fixation L	1	67	451730506	451950546	220040	1090.86	714.81	44	22	-1	13.74	13.74
Fixation R	1	68	451730506	451950546	220040	1090.86	714.81	44	22	-1	15.18	15.18
Saccade L	1	64	451950546	452010548	60002	1110.79	710.06	408.77	507.45	16.16	515.49	0.53	269.25	22253.23	-21973.78	14406.44
Saccade R	1	64	451950546	452010548	60002	1110.79	710.06	408.77	507.45	16.16	515.49	0.53	269.25	22253.23	-21973.78	14406.44
Fixation L	1	68	452010548	452166430	155882	411.43	506.24	11	17	-1	13.73	13.73
Fixation R	1	69	452010548	452166430	155882	411.43	506.24	11	17	-1	14.87	14.87
Saccade L	1	65	452166430	452206511	40081	419.98	506.79	626.28	503.16	4.42	290.15	0.40	110.26	13059.92	-12802.06	8394.24
Saccade R	1	65	452166430	452206511	40081	419.98	506.79	626.28	503.16	4.42	290.15	0.40	110.26	13059.92	-12802.06	8394.24
Fixation L	1	69	452206511	452450518	244007	628.39	506.47	17	46	-1	13.63	13.63
Fixation R	1	70	452206511	452450518	244007	628.39	506.47	17	46	-1	14.71	14.71
Saccade L	1	66	452450518	452498533	48015	628.11	512.98	476.71	758.06	6.49	344.84	0.41	135.17	16357.46	-14250.26	9406.13
Saccade R	1	66	452450518	452498533	48015	628.11	512.98	476.71	758.06	6.49	344.84	0.41	135.17	16357.46	-14250.26	9406.13
Fixation L	1	70	452498533	453234401	735868	475.45	776.26	35	38	-1	13.84	13.84
Fixation R	1	71	452498533	453234401	735868	475.45	776.26	35	38	-1	15.11	15.11
Saccade L	1	67	453234401	453270458	36057	489.47	757.51	538.36	856.05	2.25	125.40	0.44	62.46	5516.29	-5107.71	3822.62
Saccade R	1	67	453234401	453270458	36057	489.47	757.51	538.36	856.05	2.25	125.40	0.44	62.46	5516.29	-5107.71	3822.62
Fixation L	1	71	453270458	453478405	207947	540.76	864.11	20	16	-1	14.27	14.27
Fixation R	1	72	453270458	453478405	207947	540.76	864.11	20	16	-1	15.23	15.23
Saccade L	1	68	453478405	453530402	51997	536.60	869.68	1131.38	759.11	13.13	520.37	0.31	252.53	25764.70	-20685.07	15517.91
Saccade R	1	68	453478405	453530402	51997	536.60	869.68	1131.38	759.11	13.13	520.37	0.31	252.53	25764.70	-20685.07	15517.91
Fixation L	1	72	453530402	453794438	264036	1136.72	758.43	36	34	-1	14.19	14.19
Fixation R	1	73	453530402	453794438	264036	1136.72	758.43	36	34	-1	15.78	15.78
Saccade L	1	69	453794438	453818407	23969	1153.54	744.86	1219.16	767.50	1.46	124.77	0.50	61.02	4946.26	-4733.71	3572.90
Saccade R	1	69	453794438	453818407	23969	1153.54	744.86	1219.16	767.50	1.46	124.77	0.50	61.02	4946.26	-4733.71	3572.90
Fixation L	1	73	453818407	453970383	151976	1211.93	770.53	33	11	-1	14.11	14.11
Fixation R	1	74	453818407	453970383	151976	1211.93	770.53	33	11	-1	15.73	15.73
Saccade L	1	70	453970383	453994403	24020	1226.98	771.35	1074.69	776.71	2.94	258.33	0.50	122.49	10263.22	-10960.22	8008.23
Saccade R	1	70	453970383	453994403	24020	1226.98	771.35	1074.69	776.71	2.94	258.33	0.50	122.49	10263.22	-10960.22	8008.23
Fixation L	1	74	453994403	454142290	147887	1076.78	768.85	5	36	-1	13.71	13.71
Fixation R	1	75	453994403	454142290	147887	1076.78	768.85	5	36	-1	15.44	15.44
Saccade L	1	71	454142290	454174287	31997	1080.42	782.07	1088.59	680.02	2.13	130.66	0.37	66.62	5892.06	-6106.02	4460.66
Saccade R	1	71	454142290	454174287	31997	1080.42	782.07	1088.59	680.02	2.13	130.66	0.37	66.62	5892.06	-6106.02	4460.66
Fixation L	1	75	454174287	454330302	156015	1095.03	671.14	24	28	-1	13.55	13.55
Fixation R	1	76	454174287	454330302	156015	1095.03	671.14	24	28	-1	14.86	14.86
Saccade L	1	72	454330302	454374298	43996	1086.92	651.44	998.38	491.59	3.87	238.04	0.36	88.04	11171.58	-9959.89	5933.93
Saccade R	1	72	454330302	454374298	43996	1086.92	651.44	998.38	491.59	3.87	238.04	0.36	88.04	11171.58	-9959.89	5933.93
Fixation L	1	76	454374298	454602318	228020	1013.64	481.45	38	21	-1	13.39	13.39
Fixation R	1	77	454374298	454602318	228020	1013.64	481.45	38	21	-1	14.59	14.59
Saccade L	1	73	454602318	454662296	59978	1021.04	485.75	364.88	173.43	15.93	509.61	0.53	265.65	23508.09	-21675.16	14143.16
Saccade R	1	73	454602318	454662296	59978	1021.04	485.75	364.88	173.43	15.93	509.61	0.53	265.65	23508.09	-21675.16	14143.16
Fixation L	1	77	454662296	454774265	111969	348.17	184.69	25	31	-1	13.46	13.46
Fixation R	1	78	454662296	454774265	111969	348.17	184.69	25	31	-1	14.10	14.10
Saccade L	1	74	454774265	454798294	24029	341.92	198.99	350.33	166.21	0.65	42.26	0.50	27.03	1909.16	-1696.93	1328.76
Saccade R	1	74	454774265	454798294	24029	341.92	198.99	350.33	166.21	0.65	42.26	0.50	27.03	1909.16	-1696.93	1328.76
Saccade L	1	75	454826352	454882263	55911	343.08	170.40	264.49	224.97	2.42	115.28	0.29	43.26	4572.52	-3858.53	2006.40
Saccade R	1	75	454826352	454882263	55911	343.08	170.40	264.49	224.97	2.42	115.28	0.29	43.26	4572.52	-3858.53	2006.40
Fixation L	1	78	454882263	455058320	176057	234.61	226.76	44	26	-1	13.44	13.44
Fixation R	1	79	454882263	455058320	176057	234.61	226.76	44	26	-1	14.28	14.28
Saccade L	1	76	455058320	455090288	31968	228.88	214.54	224.06	160.59	1.26	71.40	0.50	39.47	2888.88	-2163.88	1813.54
Saccade R	1	76	455058320	455090288	31968	228.88	214.54	224.06	160.59	1.26	71.40	0.50	39.47	2888.88	-2163.88	1813.54
Fixation L	1	79	455090288	455238300	148012	247.14	130.37	51	36	-1	13.40	13.40
Fixation R	1	80	455090288	455238300	148012	247.14	130.37	51	36	-1	14.33	14.33
Saccade L	1	77	455238300	455278297	39997	260.09	130.72	549.69	148.10	6.23	421.43	0.30	155.64	19962.94	-19453.24	11742.49
Saccade R	1	77	455238300	455278297	39997	260.09	130.72	549.69	148.10	6.23	421.43	0.30	155.64	19962.94	-19453.24	11742.49
Fixation L	1	80	455278297	455470267	191970	554.26	148.84	25	26	-1	13.34	13.34
Fixation R	1	81	455278297	455470267	191970	554.26	148.84	25	26	-1	14.53	14.53
Saccade L	1	78	455470267	455510196	39929	536.27	151.04	437.39	147.50	2.11	133.69	0.30	52.94	5724.04	-5287.41	3212.33
Saccade R	1	78	455470267	455510196	39929	536.27	151.04	437.39	147.50	2.11	133.69	0.30	52.94	5724.04	-5287.41	3212.33
Fixation L	1	81	455510196	455626204	116008	450.99	133.91	28	22	-1	13.44	13.44
Fixation R	1	82	455510196	455626204	116008	450.99	133.91	28	22	-1	14.66	14.66
Saccade L	1	79	455626204	455682171	55967	436.70	143.98	761.80	148.91	7.06	372.41	0.36	126.14	17303.89	-16108.75	8774.62
Saccade R	1	79	455626204	455682171	55967	436.70	143.98	761.80	148.91	7.06	372.41	0.36	126.14	17303.89	-16108.75	8774.62
Fixation L	1	82	455682171	455818171	136000	774.08	145.02	21	11	-1	13.54	13.54
Fixation R	1	83	455682171	455818171	136000	774.08	145.02	21	11	-1	14.78	14.78
Saccade L	1	80	455818171	455870190	52019	781.28	146.51	176.20	233.41	13.06	485.18	0.31	250.98	24175.47	-19728.41	14779.47
Saccade R	1	80	455818171	455870190	52019	781.28	146.51	176.20	233.41	13.06	485.18	0.31	250.98	24175.47	-19728.41	14779.47
Saccade L	1	81	455898172	455934197	36025	182.58	255.59	211.70	219.08	1.23	61.63	0.44	34.27	2059.72	-1878.54	1311.05
Saccade R	1	81	455898172	455934197	36025	182.58	255.59	211.70	219.08	1.23	61.63	0.44	34.27	2059.72	-1878.54	1311.05
Fixation L	1	83	455934197	456014174	79977	228.87	232.50	27	31	-1	13.67	13.67
Fixation R	1	84	455934197	456014174	79977	228.87	232.50	27	31	-1	14.48	14.48
Saccade L	1	82	456014174	456050195	36021	219.37	248.53	392.68	243.97	3.83	231.97	0.33	106.31	9668.56	-9733.21	6676.44
Saccade R	1	82	456014174	456050195	36021	219.37	248.53	392.68	243.97	3.83	231.97	0.33	106.31	9668.56	-9733.21	6676.44
Fixation L	1	84	456050195	456198189	147994	396.49	242.12	28	23	-1	13.81	13.81
Fixation R	1	85	456050195	456198189	147994	396.49	242.12	28	23	-1	14.68	14.68
Saccade L	1	83	456198189	456222175	23986	394.50	255.08	565.18	247.30	3.44	310.19	0.50	143.22	13162.82	-12851.40	9736.32
Saccade R	1	83	456198189	456222175	23986	394.50	255.08	565.18	247.30	3.44	310.19	0.50	143.22	13162.82	-12851.40	9736.32
Fixation L	1	85	456222175	456422181	200006	576.56	236.48	25	30	-1	14.03	14.03
Fixation R	1	86	456222175	456422181	200006	576.56	236.48	25	30	-1	15.08	15.08
Saccade L	1	84	456422181	456454176	31995	567.10	215.01	754.17	219.09	3.94	277.21	0.50	123.29	12572.96	-12871.48	9324.98
Saccade R	1	84	456422181	456454176	31995	567.10	215.01	754.17	219.09	3.94	277.21	0.50	123.29	12572.96	-12871.48	9324.98
Fixation L	1	86	456454176	456594191	140015	766.63	226.65	32	25	-1	14.16	14.16
Fixation R	1	87	456454176	456594191	140015	766.63	226.65	32	25	-1	15.23	15.23
Saccade L	1	85	456594191	456622185	27994	740.21	239.31	889.85	242.65	3.12	251.32	0.57	111.54	10591.60	-10898.66	7691.82
Saccade R	1	85	456594191	456622185	27994	740.21	239.31	889.85	242.65	3.12	251.32	0.57	111.54	10591.60	-10898.66	7691.82
Fixation L	1	87	456622185	456802210	180025	907.77	226.21	37	32	-1	13.97	13.97
Fixation R	1	88	456622185	456802210	180025	907.77	226.21	37	32	-1	15.18	15.18
Saccade L	1	86	456802210	456838189	35979	912.17	217.09	1148.29	222.37	4.96	288.69	0.44	137.72	13256.19	-13387.92	9704.07
Saccade R	1	86	456802210	456838189	35979	912.17	217.09	1148.29	222.37	4.96	288.69	0.44	137.72	13256.19	-13387.92	9704.07
Fixation L	1	88	456838189	457022039	183850	1151.95	222.41	22	16	-1	13.75	13.75
Fixation R	1	89	456838189	457022039	183850	1151.95	222.41	22	16	-1	15.03	15.03
Saccade L	1	87	457022039	457050031	27992	1147.93	225.89	1301.17	219.46	3.11	246.72	0.57	111.26	10641.98	-11141.00	8019.54
Saccade R	1	87	457022039	457050031	27992	1147.93	225.89	1301.17	219.46	3.11	246.72	0.57	111.26	10641.98	-11141.00	8019.54
Fixation L	1	89	457050031	457274038	224007	1308.73	220.18	25	29	-1	13.69	13.69
Fixation R	1	90	457050031	457274038	224007	1308.73	220.18	25	29	-1	15.02	15.02
Saccade L	1	88	457274038	457302064	28026	1316.91	228.95	1175.63	232.64	2.92	228.61	0.43	104.30	10212.69	-10246.85	7458.86
Saccade R	1	88	457274038	457302064	28026	1316.91	228.95	1175.63	232.64	2.92	228.61	0.43	104.30	10212.69	-10246.85	7458.86
Fixation L	1	90	457302064	457450080	148016	1174.64	233.58	24	23	-1	14.01	14.01
Fixation R	1	91	457302064	457450080	148016	1174.64	233.58	24	23	-1	15.13	15.13
Saccade L	1	89	457450080	457478071	27991	1183.83	233.59	1266.80	225.54	1.88	141.02	0.43	67.29	6498.19	-6103.99	4597.36
Saccade R	1	89	457450080	457478071	27991	1183.83	233.59	1266.80	225.54	1.88	141.02	0.43	67.29	6498.19	-6103.99	4597.36
Fixation L	1	91	457478071	457930013	451942	1288.25	242.67	38	38	-1	14.18	14.18
Fixation R	1	92	457478071	457930013	451942	1288.25	242.67	38	38	-1	15.40	15.40
Saccade L	1	90	457930013	457978129	48116	1282.20	254.18	998.98	748.79	12.45	526.86	0.42	258.74	24689.29	-21827.25	15952.30
Saccade R	1	90	457930013	457978129	48116	1282.20	254.18	998.98	748.79	12.45	526.86	0.42	258.74	24689.29	-21827.25	15952.30
Fixation L	1	92	457978129	458703987	725858	323.26	251.22	1025	904	-1	12.93	12.72
Fixation R	1	93	457978129	458703987	725858	323.26	251.22	1025	904	-1	13.61	13.59
Saccade L	1	91	458703987	458729955	25968	0.00	0.00	805.68	1122.70	29.60	2655.61	0.64	1139.76	110758.33	-110638.82	83591.11
Saccade R	1	91	458703987	458729955	25968	0.00	0.00	805.68	1122.70	29.60	2655.61	0.64	1139.76	110758.33	-110638.82	83591.11
Saccade L	1	92	458745974	458770662	24688	804.72	1122.18	0.00	0.00	28.11	2653.62	0.48	1138.63	110596.92	-110658.42	83532.42
Saccade R	1	92	458745974	458770662	24688	804.72	1122.18	0.00	0.00	28.11	2653.62	0.48	1138.63	110596.92	-110658.42	83532.42
Fixation L	1	93	458770662	459429973	659311	0.00	0.00	0	0	-1	14.75	14.73
Fixation R	1	94	458770662	459429973	659311	0.00	0.00	0	0	-1	15.49	15.49
Fixation L	1	94	459497934	459733855	235921	950.44	359.36	31	44	-1	17.91	17.91
Fixation R	1	95	459497934	459733855	235921	950.44	359.36	31	44	-1	19.28	19.28
Fixation L	1	95	459745848	459929843	183995	951.99	327.47	29	34	-1	17.23	17.23
Fixation R	1	96	459745848	459929843	183995	951.99	327.47	29	34	-1	19.17	19.17
