[BeGaze]
Converted from:	D:\Kirillov\Results\ermolova_temp\Vika-eye_data.idf
Date:	17.04.2019 03:53:44
Version:	BeGaze 3.0.181
Sample Rate:	250
Subject:	Vika
Description:	Run30

Table Header for Fixations:
Event Type	Trial	Number	Start	End	Duration	Location X	Location Y	Dispersion X	Dispersion Y	Plane	Avg. Pupil Size X	Avg. Pupil Size Y

Table Header for Saccades:
Event Type	Trial	Number	Start	End	Duration	Start Loc.X	Start Loc.Y	End Loc.X	End Loc.Y	Amplitude	Peak Speed	Peak Speed At	Average Speed	Peak Accel.	Peak Decel.	Average Accel.

Table Header for User Events:
Event Type	Trial	Number	Start	Description

UserEvent	1	1	6255382116	# Message: experiment-15.jpg
Saccade L	1	1	6259376576	6259424537	47961	0.00	0.00	0.00	0.00	21.98	1058.46	0.25	458.30	42593.60	-38667.86	18994.94
Saccade R	1	1	6259376576	6259424537	47961	0.00	0.00	0.00	0.00	21.98	1058.46	0.25	458.30	42593.60	-38667.86	18994.94
Fixation L	1	1	6259424537	6259556537	132000	0.00	0.00	0	0	-1	11.71	11.71
Fixation R	1	1	6259424537	6259556537	132000	0.00	0.00	0	0	-1	11.38	11.38
Saccade L	1	2	6259556537	6259592552	36015	0.00	0.00	0.00	0.00	16.98	1009.89	0.33	471.45	41810.32	-42304.44	25594.43
Saccade R	1	2	6259556537	6259592552	36015	0.00	0.00	0.00	0.00	16.98	1009.89	0.33	471.45	41810.32	-42304.44	25594.43
Saccade L	1	3	6259636571	6259664569	27998	0.00	0.00	0.00	-0.42	4.94	235.16	0.43	176.31	12596.60	-12590.47	9373.89
Saccade R	1	3	6259636571	6259664569	27998	0.00	0.00	0.00	-0.42	4.94	235.16	0.43	176.31	12596.60	-12590.47	9373.89
Saccade L	1	4	6259672531	6259700534	28003	0.00	-0.40	0.00	0.01	7.02	334.37	0.43	250.74	17905.31	-17905.64	14133.11
Saccade R	1	4	6259672531	6259700534	28003	0.00	-0.40	0.00	0.01	7.02	334.37	0.43	250.74	17905.31	-17905.64	14133.11
Saccade L	1	5	6259716540	6259852541	136001	0.00	0.01	1214.42	513.01	46.27	972.65	0.21	340.25	36632.31	-27060.57	10922.63
Saccade R	1	5	6259716540	6259852541	136001	0.00	0.01	1214.42	513.01	46.27	972.65	0.21	340.25	36632.31	-27060.57	10922.63
Saccade L	1	6	6259852541	6259940545	88004	1214.42	513.01	1119.58	763.59	10.31	348.29	0.45	117.18	12052.22	-11345.02	4042.53
Saccade R	1	6	6259852541	6259940545	88004	1214.42	513.01	1119.58	763.59	10.31	348.29	0.45	117.18	12052.22	-11345.02	4042.53
Saccade L	1	7	6260112563	6260376437	263874	1053.67	635.80	923.80	562.49	37.37	421.30	0.62	141.62	10884.11	-11158.41	4269.13
Saccade R	1	7	6260112563	6260376437	263874	1053.67	635.80	923.80	562.49	37.37	421.30	0.62	141.62	10884.11	-11158.41	4269.13
Saccade L	1	8	6260376437	6260528481	152044	923.80	562.49	905.69	522.85	39.20	691.45	0.47	257.82	20034.16	-24370.00	10278.82
Saccade R	1	8	6260376437	6260528481	152044	923.80	562.49	905.69	522.85	39.20	691.45	0.47	257.82	20034.16	-24370.00	10278.82
Saccade L	1	9	6260548422	6260632418	83996	874.02	518.74	911.90	553.63	5.17	130.43	0.52	61.49	2788.92	-4230.18	1548.12
Saccade R	1	9	6260548422	6260632418	83996	874.02	518.74	911.90	553.63	5.17	130.43	0.52	61.49	2788.92	-4230.18	1548.12
Saccade L	1	10	6260632418	6260688482	56064	911.90	553.63	935.73	554.13	2.94	95.08	0.78	52.45	3706.00	-3431.55	1603.69
Saccade R	1	10	6260632418	6260688482	56064	911.90	553.63	935.73	554.13	2.94	95.08	0.78	52.45	3706.00	-3431.55	1603.69
Saccade L	1	11	6260688482	6260744437	55955	935.73	554.13	984.26	537.89	4.50	153.00	0.29	80.49	4221.84	-4776.24	2195.31
Saccade R	1	11	6260688482	6260744437	55955	935.73	554.13	984.26	537.89	4.50	153.00	0.29	80.49	4221.84	-4776.24	2195.31
Saccade L	1	12	6260912427	6260948456	36029	0.00	0.01	0.00	0.07	9.71	614.90	0.33	269.47	11057.56	-44491.99	14450.14
Saccade R	1	12	6260912427	6260948456	36029	0.00	0.01	0.00	0.07	9.71	614.90	0.33	269.47	11057.56	-44491.99	14450.14
Fixation L	1	2	6261436439	6261860368	423929	12.44	10.44	690	720	-1	5.36	5.39
Saccade R	1	13	6261436439	6261472465	36026	0.00	-1.11	0.00	0.00	20.64	1097.40	0.33	572.80	37625.97	-53464.14	29789.48
Fixation R	1	2	6261472465	6261860368	387903	0.00	0.00	0	0	-1	13.58	10.97
Saccade L	1	13	6262174577	6262274504	99927	0.00	0.00	0.00	-2.31	42.96	937.76	0.64	429.93	28682.77	-35127.85	11361.32
Saccade R	1	14	6262174577	6262274504	99927	0.00	0.00	0.00	-2.31	42.96	937.76	0.64	429.93	28682.77	-35127.85	11361.32
Saccade L	1	14	6262274504	6262322549	48045	0.00	-2.31	0.00	1.39	13.67	383.82	0.67	284.54	15926.22	-20340.10	8144.22
Saccade R	1	15	6262274504	6262322549	48045	0.00	-2.31	0.00	1.39	13.67	383.82	0.67	284.54	15926.22	-20340.10	8144.22
Saccade L	1	15	6262446452	6262474447	27995	-0.90	0.00	1.05	0.00	6.88	327.68	0.43	245.72	8761.64	-17535.33	11131.63
Saccade R	1	16	6262446452	6262474447	27995	-0.90	0.00	1.05	0.00	6.88	327.68	0.43	245.72	8761.64	-17535.33	11131.63
Saccade L	1	16	6262586460	6262634458	47998	0.00	-0.41	0.00	-1.59	12.39	556.22	0.75	258.24	7974.21	-14840.66	6729.37
Saccade R	1	17	6262586460	6262634458	47998	0.00	-0.41	0.00	-1.59	12.39	556.22	0.75	258.24	7974.21	-14840.66	6729.37
Saccade L	1	17	6262726473	6262758467	31994	0.00	-0.22	-94.60	370.93	8.11	760.87	0.25	253.56	25094.70	-29377.25	14399.52
Saccade R	1	18	6262726473	6262758467	31994	0.00	-0.22	-94.60	370.93	8.11	760.87	0.25	253.56	25094.70	-29377.25	14399.52
Saccade L	1	18	6262758467	6262830463	71996	-94.60	370.93	0.95	-0.51	13.83	298.11	0.33	192.06	13306.11	-13627.23	4384.79
Saccade R	1	19	6262758467	6262830463	71996	-94.60	370.93	0.95	-0.51	13.83	298.11	0.33	192.06	13306.11	-13627.23	4384.79
Saccade L	1	19	6262830463	6262874457	43994	0.95	-0.51	0.00	0.42	6.04	243.13	0.64	137.40	7448.34	-12960.43	6059.35
Saccade R	1	20	6262830463	6262874457	43994	0.95	-0.51	0.00	0.42	6.04	243.13	0.64	137.40	7448.34	-12960.43	6059.35
Saccade L	1	20	6262914465	6262994469	80004	0.00	0.00	-1.94	0.00	20.34	698.05	0.70	254.26	15680.69	-23458.70	10258.71
Saccade R	1	21	6262914465	6262994469	80004	0.00	0.00	-1.94	0.00	20.34	698.05	0.70	254.26	15680.69	-23458.70	10258.71
Saccade L	1	21	6263002455	6263070490	68035	-1.62	0.00	0.00	-1.42	37.59	1340.38	0.41	552.54	55313.13	-43175.77	20641.84
Saccade R	1	22	6263002455	6263070490	68035	-1.62	0.00	0.00	-1.42	37.59	1340.38	0.41	552.54	55313.13	-43175.77	20641.84
Fixation L	1	3	6263070490	6263390445	319955	28.94	1.44	831	285	-1	5.40	5.40
Saccade R	1	23	6263086460	6263122479	36019	0.00	-1.21	0.00	1.95	24.88	1487.17	0.33	690.61	61321.98	-62256.69	37091.91
Fixation R	1	3	6263122479	6263390445	267966	0.00	0.13	0	2	-1	6.39	5.76
Saccade L	1	22	6263390445	6263434467	44022	0.00	0.00	417.36	-92.21	26.49	1365.22	0.27	601.71	57534.72	-33870.27	24811.18
Saccade R	1	24	6263390445	6263434467	44022	0.00	0.00	417.36	-92.21	26.49	1365.22	0.27	601.71	57534.72	-33870.27	24811.18
Saccade L	1	23	6263434467	6263466496	32029	417.36	-92.21	417.96	-66.05	9.89	803.70	0.50	308.79	14616.53	-32946.39	15686.67
Saccade R	1	25	6263434467	6263466496	32029	417.36	-92.21	417.96	-66.05	9.89	803.70	0.50	308.79	14616.53	-32946.39	15686.67
Saccade L	1	24	6263466496	6263490472	23976	417.96	-66.05	420.75	-60.58	2.95	273.81	0.67	123.07	13338.53	-12221.71	9597.03
Saccade R	1	26	6263466496	6263490472	23976	417.96	-66.05	420.75	-60.58	2.95	273.81	0.67	123.07	13338.53	-12221.71	9597.03
Saccade L	1	25	6263490472	6263518500	28028	420.75	-60.58	0.00	-2.86	5.82	539.25	0.43	207.73	11978.04	-26133.97	12793.22
Saccade R	1	27	6263490472	6263518500	28028	420.75	-60.58	0.00	-2.86	5.82	539.25	0.43	207.73	11978.04	-26133.97	12793.22
Fixation L	1	4	6263518500	6263594471	75971	0.00	-0.47	0	2	-1	10.71	10.71
Fixation R	1	4	6263518500	6263594471	75971	0.00	-0.47	0	2	-1	11.45	11.45
Saccade L	1	26	6263594471	6263622466	27995	0.00	0.00	0.00	-0.07	5.26	250.56	0.43	187.90	13422.56	-13421.11	11184.39
Saccade R	1	28	6263594471	6263622466	27995	0.00	0.00	0.00	-0.07	5.26	250.56	0.43	187.90	13422.56	-13421.11	11184.39
Saccade L	1	27	6263634488	6263654356	19868	0.00	-0.07	0.00	-1.49	3.77	284.29	0.60	189.94	15228.03	2539.21	8007.93
Saccade R	1	29	6263634488	6263654356	19868	0.00	-0.07	0.00	-1.49	3.77	284.29	0.60	189.94	15228.03	2539.21	8007.93
Saccade L	1	28	6263654356	6263718345	63989	0.00	-1.49	0.00	-5.13	15.47	567.94	0.44	241.74	12120.83	-10685.93	3929.46
Saccade R	1	30	6263654356	6263718345	63989	0.00	-1.49	0.00	-5.13	15.47	567.94	0.44	241.74	12120.83	-10685.93	3929.46
Saccade L	1	29	6263926345	6263950348	24003	462.41	-4.25	444.24	-22.71	2.36	293.48	0.33	98.14	9164.53	-9200.70	4000.87
Saccade R	1	31	6263926345	6263950348	24003	462.41	-4.25	444.24	-22.71	2.36	293.48	0.33	98.14	9164.53	-9200.70	4000.87
Fixation L	1	5	6263950348	6264126429	176081	228.81	31.40	826	616	-1	10.22	10.22
Saccade L	1	30	6264126429	6264166377	39948	0.00	0.00	0.00	1.59	32.49	1659.28	0.30	813.30	69742.82	-68590.41	37880.03
Saccade R	1	32	6264126429	6264166377	39948	0.00	0.00	0.00	1.59	32.49	1659.28	0.30	813.30	69742.82	-68590.41	37880.03
Fixation L	1	6	6264166377	6264554357	387980	45.43	1.26	791	178	-1	8.62	8.62
Fixation R	1	5	6264166377	6264218366	51989	0.00	0.64	0	1	-1	8.91	8.91
Saccade R	1	33	6264218366	6264270372	52006	0.00	0.00	0.00	-2.46	31.65	1430.04	0.77	608.53	38562.26	-59909.03	26693.94
Fixation R	1	6	6264270372	6264554357	283985	0.00	-0.02	0	3	-1	10.60	10.60
Saccade L	1	31	6264554357	6264610359	56002	0.00	0.00	0.00	0.11	36.52	1565.72	0.79	652.05	63516.16	-65026.85	41510.21
Saccade R	1	34	6264554357	6264610359	56002	0.00	0.00	0.00	0.11	36.52	1565.72	0.79	652.05	63516.16	-65026.85	41510.21
Saccade R	1	35	6264638359	6264682364	44005	0.00	0.00	829.43	168.28	20.94	1773.07	0.27	475.96	74316.60	-68909.23	36912.28
Saccade R	1	36	6264682364	6264762373	80009	829.43	168.28	744.69	151.17	6.59	160.30	0.30	82.30	4689.78	-2296.03	1642.84
Fixation L	1	7	6264826360	6264930379	104019	0.00	0.00	0	0	-1	9.87	9.87
Fixation R	1	7	6264826360	6264930379	104019	0.00	0.00	0	0	-1	10.64	10.64
Saccade L	1	32	6265590269	6265614307	24038	287.28	416.68	283.66	416.70	0.53	44.08	0.33	22.17	205.09	-1600.90	764.77
Saccade R	1	37	6265590269	6265614307	24038	287.28	416.68	283.66	416.70	0.53	44.08	0.33	22.17	205.09	-1600.90	764.77
Saccade L	1	33	6265898255	6265926245	27990	691.08	246.31	813.78	287.54	2.30	158.43	0.43	82.22	4119.26	-6157.90	3331.33
Saccade R	1	38	6265898255	6265926245	27990	691.08	246.31	813.78	287.54	2.30	158.43	0.43	82.22	4119.26	-6157.90	3331.33
Saccade L	1	34	6265926245	6265978266	52021	813.78	287.54	866.61	374.33	2.90	118.44	0.23	55.76	2298.48	-2697.89	1467.34
Saccade R	1	39	6265926245	6265978266	52021	813.78	287.54	866.61	374.33	2.90	118.44	0.23	55.76	2298.48	-2697.89	1467.34
Fixation L	1	8	6265978266	6266090278	112012	843.49	302.10	213	218	-1	13.32	13.32
Saccade R	1	40	6265978266	6266090278	112012	866.61	374.33	823.93	246.05	8.64	220.25	0.50	77.11	5616.18	-3304.12	2171.85
Saccade L	1	35	6266090278	6266114260	23982	823.93	246.05	785.87	203.76	0.90	80.84	0.50	37.62	644.01	-1212.80	608.04
Saccade R	1	41	6266090278	6266114260	23982	823.93	246.05	785.87	203.76	0.90	80.84	0.50	37.62	644.01	-1212.80	608.04
Saccade L	1	36	6266114260	6266154271	40011	785.87	203.76	812.88	207.83	3.84	242.37	0.60	96.07	7682.67	-4255.28	3603.08
Saccade R	1	42	6266114260	6266154271	40011	785.87	203.76	812.88	207.83	3.84	242.37	0.60	96.07	7682.67	-4255.28	3603.08
