[BeGaze]
Converted from:	D:\Kirillov\Results\ermolova_temp\Ira-eye_data.idf
Date:	17.04.2019 03:52:42
Version:	BeGaze 3.0.181
Sample Rate:	250
Subject:	Ira
Description:	Run12

Table Header for Fixations:
Event Type	Trial	Number	Start	End	Duration	Location X	Location Y	Dispersion X	Dispersion Y	Plane	Avg. Pupil Size X	Avg. Pupil Size Y

Table Header for Saccades:
Event Type	Trial	Number	Start	End	Duration	Start Loc.X	Start Loc.Y	End Loc.X	End Loc.Y	Amplitude	Peak Speed	Peak Speed At	Average Speed	Peak Accel.	Peak Decel.	Average Accel.

Table Header for User Events:
Event Type	Trial	Number	Start	Description

UserEvent	1	1	2467818249	# Message: experiment-08.jpg
Fixation L	1	1	2467940542	2468072624	132082	525.59	413.65	28	14	-1	18.29	18.29
Fixation R	1	1	2467940542	2468072624	132082	525.59	413.65	28	14	-1	16.74	16.74
Saccade L	1	1	2468072624	2468136563	63939	515.61	426.53	820.05	710.46	9.62	435.30	0.37	150.53	21317.70	-19231.84	10290.14
Saccade R	1	1	2468072624	2468136563	63939	515.61	426.53	820.05	710.46	9.62	435.30	0.37	150.53	21317.70	-19231.84	10290.14
Fixation L	1	2	2468136563	2468372418	235855	821.13	708.25	24	26	-1	16.48	16.48
Fixation R	1	2	2468136563	2468372418	235855	821.13	708.25	24	26	-1	15.68	15.68
Saccade L	1	2	2468372418	2468400428	28010	815.96	694.37	858.56	688.79	0.86	55.55	0.57	30.55	2648.00	-2119.18	1751.00
Saccade R	1	2	2468372418	2468400428	28010	815.96	694.37	858.56	688.79	0.86	55.55	0.57	30.55	2648.00	-2119.18	1751.00
Fixation L	1	3	2468400428	2468500414	99986	859.00	679.32	7	15	-1	14.86	14.86
Fixation R	1	3	2468400428	2468500414	99986	859.00	679.32	7	15	-1	14.41	14.41
Saccade L	1	3	2468500414	2468536442	36028	853.21	678.52	983.73	675.72	2.70	174.47	0.33	74.90	8210.55	-7945.29	5476.38
Saccade R	1	3	2468500414	2468536442	36028	853.21	678.52	983.73	675.72	2.70	174.47	0.33	74.90	8210.55	-7945.29	5476.38
Fixation L	1	4	2468536442	2468656421	119979	984.76	682.17	9	15	-1	14.14	14.14
Fixation R	1	4	2468536442	2468656421	119979	984.76	682.17	9	15	-1	13.81	13.81
Fixation L	1	5	2468816416	2468908510	92094	1138.75	372.79	14	29	-1	13.54	13.54
Fixation R	1	5	2468816416	2468908510	92094	1138.75	372.79	14	29	-1	13.37	13.37
Saccade L	1	4	2468908510	2468948423	39913	1145.79	384.62	1213.21	387.46	1.42	84.66	0.40	35.58	3976.13	-3166.20	2347.21
Saccade R	1	4	2468908510	2468948423	39913	1145.79	384.62	1213.21	387.46	1.42	84.66	0.40	35.58	3976.13	-3166.20	2347.21
Fixation L	1	6	2468948423	2469076419	127996	1203.52	379.49	26	18	-1	13.74	13.74
Fixation R	1	6	2468948423	2469076419	127996	1203.52	379.49	26	18	-1	13.56	13.56
Saccade L	1	5	2469076419	2469104424	28005	1201.89	371.63	1249.03	370.88	0.99	73.71	0.43	35.35	3065.69	-3117.75	2252.14
Saccade R	1	5	2469076419	2469104424	28005	1201.89	371.63	1249.03	370.88	0.99	73.71	0.43	35.35	3065.69	-3117.75	2252.14
Fixation L	1	7	2469104424	2469720297	615873	1255.19	382.52	23	28	-1	14.07	14.07
Fixation R	1	7	2469104424	2469720297	615873	1255.19	382.52	23	28	-1	13.66	13.66
Saccade L	1	6	2469720297	2469768297	48000	1266.14	380.18	1225.98	363.77	0.95	41.39	0.25	19.72	1664.19	-1224.05	816.99
Saccade R	1	6	2469720297	2469768297	48000	1266.14	380.18	1225.98	363.77	0.95	41.39	0.25	19.72	1664.19	-1224.05	816.99
Fixation L	1	8	2469768297	2469908310	140013	1214.87	363.18	20	28	-1	13.95	13.95
Fixation R	1	8	2469768297	2469908310	140013	1214.87	363.18	20	28	-1	13.37	13.37
Saccade L	1	7	2469908310	2469972296	63986	1216.76	384.30	1264.27	366.49	1.37	51.92	0.38	21.48	1781.12	-1833.49	877.61
Saccade R	1	7	2469908310	2469972296	63986	1216.76	384.30	1264.27	366.49	1.37	51.92	0.38	21.48	1781.12	-1833.49	877.61
Fixation L	1	9	2469972296	2470760306	788010	1258.04	394.94	27	81	-1	14.35	14.35
Fixation R	1	9	2469972296	2470760306	788010	1258.04	394.94	27	81	-1	13.79	13.79
Saccade L	1	8	2470760306	2470812312	52006	1272.38	437.54	916.03	749.95	10.48	407.72	0.39	201.52	18984.22	-11959.83	11010.45
Saccade R	1	8	2470760306	2470812312	52006	1272.38	437.54	916.03	749.95	10.48	407.72	0.39	201.52	18984.22	-11959.83	11010.45
Fixation L	1	10	2470812312	2470980183	167871	910.85	730.43	24	39	-1	14.47	14.47
Fixation R	1	10	2470812312	2470980183	167871	910.85	730.43	24	39	-1	13.76	13.76
Saccade L	1	9	2470980183	2471032189	52006	925.30	731.64	985.38	690.44	1.70	73.15	0.38	32.63	3373.66	-2798.65	1829.16
Saccade R	1	9	2470980183	2471032189	52006	925.30	731.64	985.38	690.44	1.70	73.15	0.38	32.63	3373.66	-2798.65	1829.16
Fixation L	1	11	2471032189	2471192220	160031	988.41	691.06	12	8	-1	14.59	14.59
Fixation R	1	11	2471032189	2471192220	160031	988.41	691.06	12	8	-1	13.73	13.73
Saccade L	1	10	2471192220	2471264206	71986	993.83	687.60	1206.64	372.50	8.79	304.29	0.44	122.07	13660.29	-9474.03	6777.43
Saccade R	1	10	2471192220	2471264206	71986	993.83	687.60	1206.64	372.50	8.79	304.29	0.44	122.07	13660.29	-9474.03	6777.43
Fixation L	1	12	2471264206	2471428197	163991	1209.37	401.82	8	48	-1	14.37	14.37
Fixation R	1	12	2471264206	2471428197	163991	1209.37	401.82	8	48	-1	13.74	13.74
Saccade L	1	11	2471428197	2471472201	44004	1205.81	411.47	1241.62	393.05	0.87	44.99	0.36	19.84	1915.12	-1526.41	1030.74
Saccade R	1	11	2471428197	2471472201	44004	1205.81	411.47	1241.62	393.05	0.87	44.99	0.36	19.84	1915.12	-1526.41	1030.74
Fixation L	1	13	2471472201	2472184226	712025	1249.35	392.38	54	27	-1	14.62	14.62
Fixation R	1	13	2471472201	2472184226	712025	1249.35	392.38	54	27	-1	13.96	13.96
Saccade L	1	12	2472184226	2472212191	27965	1274.33	394.61	1195.62	394.16	1.58	118.65	0.57	56.33	5779.56	-5760.86	4259.19
Saccade R	1	12	2472184226	2472212191	27965	1274.33	394.61	1195.62	394.16	1.58	118.65	0.57	56.33	5779.56	-5760.86	4259.19
Fixation L	1	14	2472212191	2473580085	1367894	1200.73	379.50	33	57	-1	14.19	14.19
Fixation R	1	14	2472212191	2473580085	1367894	1200.73	379.50	33	57	-1	13.76	13.76
Saccade L	1	13	2473580085	2473624149	44064	1197.35	362.86	1135.51	366.34	1.32	71.88	0.27	29.99	3287.26	-2527.10	1711.38
Saccade R	1	13	2473580085	2473624149	44064	1197.35	362.86	1135.51	366.34	1.32	71.88	0.27	29.99	3287.26	-2527.10	1711.38
Fixation L	1	15	2473624149	2474123996	499847	1127.16	372.12	18	18	-1	14.62	14.62
Fixation R	1	15	2473624149	2474123996	499847	1127.16	372.12	18	18	-1	13.82	13.82
Saccade L	1	14	2474123996	2474163984	39988	1126.08	376.20	1180.89	367.05	1.22	62.90	0.40	30.54	2578.65	-2507.68	1809.47
Saccade R	1	14	2474123996	2474163984	39988	1126.08	376.20	1180.89	367.05	1.22	62.90	0.40	30.54	2578.65	-2507.68	1809.47
Fixation L	1	16	2474163984	2474864003	700019	1163.68	395.92	65	58	-1	14.36	14.36
Fixation R	1	16	2474163984	2474864003	700019	1163.68	395.92	65	58	-1	13.79	13.79
Fixation L	1	17	2474951986	2475327862	375876	883.48	746.27	60	18	-1	14.68	14.68
Fixation R	1	17	2474951986	2475327862	375876	883.48	746.27	60	18	-1	13.99	13.99
Saccade L	1	15	2475327862	2475371847	43985	905.24	749.88	891.16	841.78	2.03	134.90	0.36	46.18	5749.59	-5492.65	3321.82
Saccade R	1	15	2475327862	2475371847	43985	905.24	749.88	891.16	841.78	2.03	134.90	0.36	46.18	5749.59	-5492.65	3321.82
Fixation L	1	18	2475371847	2475467855	96008	892.96	853.29	7	16	-1	14.37	14.37
Fixation R	1	18	2475371847	2475467855	96008	892.96	853.29	7	16	-1	13.79	13.79
Saccade L	1	16	2475467855	2475519867	52012	887.57	857.04	903.89	681.04	3.92	216.42	0.31	75.40	9516.16	-8194.52	5012.06
Saccade R	1	16	2475467855	2475519867	52012	887.57	857.04	903.89	681.04	3.92	216.42	0.31	75.40	9516.16	-8194.52	5012.06
Fixation L	1	19	2475519867	2475711853	191986	896.61	668.43	11	15	-1	13.75	13.75
Fixation R	1	19	2475519867	2475711853	191986	896.61	668.43	11	15	-1	13.38	13.38
Saccade L	1	17	2475711853	2475739864	28011	895.95	668.42	968.15	668.25	1.46	113.80	0.43	52.23	5091.95	-4886.54	3662.24
Saccade R	1	17	2475711853	2475739864	28011	895.95	668.42	968.15	668.25	1.46	113.80	0.43	52.23	5091.95	-4886.54	3662.24
Fixation L	1	20	2475739864	2476023849	283985	976.66	668.13	17	19	-1	13.74	13.74
Fixation R	1	20	2475739864	2476023849	283985	976.66	668.13	17	19	-1	13.17	13.17
Saccade L	1	18	2476023849	2476063857	40008	976.37	672.77	854.14	683.04	2.63	166.33	0.40	65.79	7794.83	-7365.28	4816.50
Saccade R	1	18	2476023849	2476063857	40008	976.37	672.77	854.14	683.04	2.63	166.33	0.40	65.79	7794.83	-7365.28	4816.50
Fixation L	1	21	2476063857	2476291863	228006	837.54	695.77	34	23	-1	13.58	13.58
Fixation R	1	21	2476063857	2476291863	228006	837.54	695.77	34	23	-1	12.76	12.76
Saccade L	1	19	2476291863	2476367872	76009	862.68	706.72	1197.86	384.14	10.89	405.37	0.32	143.27	18689.90	-11157.93	8222.00
Saccade R	1	19	2476291863	2476367872	76009	862.68	706.72	1197.86	384.14	10.89	405.37	0.32	143.27	18689.90	-11157.93	8222.00
Fixation L	1	22	2476367872	2476619734	251862	1199.79	395.35	18	31	-1	13.40	13.40
Fixation R	1	22	2476367872	2476619734	251862	1199.79	395.35	18	31	-1	12.74	12.74
Saccade L	1	20	2476619734	2476663767	44033	1203.37	392.36	1242.84	360.01	1.06	48.03	0.27	24.08	2070.81	-1485.07	1151.15
Saccade R	1	20	2476619734	2476663767	44033	1203.37	392.36	1242.84	360.01	1.06	48.03	0.27	24.08	2070.81	-1485.07	1151.15
Fixation L	1	23	2476663767	2476939733	275966	1251.19	365.33	17	17	-1	13.29	13.29
Fixation R	1	23	2476663767	2476939733	275966	1251.19	365.33	17	17	-1	12.76	12.76
Fixation L	1	24	2477083746	2477139758	56012	1176.31	370.60	20	22	-1	13.12	13.12
Fixation R	1	24	2477083746	2477139758	56012	1176.31	370.60	20	22	-1	12.72	12.72
Saccade L	1	21	2477139758	2477215738	75980	1182.76	381.28	905.35	761.41	10.50	367.81	0.32	138.19	16727.45	-12050.26	7407.16
Saccade R	1	21	2477139758	2477215738	75980	1182.76	381.28	905.35	761.41	10.50	367.81	0.32	138.19	16727.45	-12050.26	7407.16
Fixation L	1	25	2477215738	2477451743	236005	899.33	782.98	29	29	-1	13.99	13.99
Fixation R	1	25	2477215738	2477451743	236005	899.33	782.98	29	29	-1	13.27	13.27
Saccade L	1	22	2477451743	2477507750	56007	898.97	784.06	877.35	869.75	2.00	107.03	0.28	35.79	4614.22	-4388.99	2224.01
Saccade R	1	22	2477451743	2477507750	56007	898.97	784.06	877.35	869.75	2.00	107.03	0.28	35.79	4614.22	-4388.99	2224.01
Fixation L	1	26	2477507750	2477603749	95999	879.87	870.39	7	6	-1	14.13	14.13
Fixation R	1	26	2477507750	2477603749	95999	879.87	870.39	7	6	-1	13.39	13.39
Saccade L	1	23	2477603749	2477663741	59992	884.59	874.63	799.44	857.21	1.91	92.75	0.33	31.89	4477.39	-3671.25	1904.32
Saccade R	1	23	2477603749	2477663741	59992	884.59	874.63	799.44	857.21	1.91	92.75	0.33	31.89	4477.39	-3671.25	1904.32
Fixation L	1	27	2477663741	2477975740	311999	809.30	866.11	22	25	-1	13.65	13.65
Fixation R	1	27	2477663741	2477975740	311999	809.30	866.11	22	25	-1	12.87	12.87
Saccade L	1	24	2477975740	2478063621	87881	815.95	872.37	1146.66	349.36	14.04	330.62	0.64	159.80	11142.31	-12928.81	6205.95
Saccade R	1	24	2477975740	2478063621	87881	815.95	872.37	1146.66	349.36	14.04	330.62	0.64	159.80	11142.31	-12928.81	6205.95
Fixation L	1	28	2478063621	2478647636	584015	1186.39	382.61	65	52	-1	13.77	13.77
Fixation R	1	28	2478063621	2478647636	584015	1186.39	382.61	65	52	-1	13.12	13.12
Saccade L	1	25	2478647636	2478715646	68010	1198.89	392.63	1010.22	375.84	4.22	245.81	0.24	62.09	12131.47	-11490.04	4419.46
Saccade R	1	25	2478647636	2478715646	68010	1198.89	392.63	1010.22	375.84	4.22	245.81	0.24	62.09	12131.47	-11490.04	4419.46
Fixation L	1	29	2478715646	2478907569	191923	1012.66	384.69	11	12	-1	13.53	13.53
Fixation R	1	29	2478715646	2478907569	191923	1012.66	384.69	11	12	-1	12.87	12.87
Saccade L	1	26	2478907569	2479019633	112064	1008.38	388.50	815.47	865.52	11.80	329.90	0.21	105.31	16040.59	-12397.01	5207.37
Saccade R	1	26	2478907569	2479019633	112064	1008.38	388.50	815.47	865.52	11.80	329.90	0.21	105.31	16040.59	-12397.01	5207.37
Fixation L	1	30	2479019633	2479155670	136037	797.54	862.02	34	22	-1	13.77	13.77
Fixation R	1	30	2479019633	2479155670	136037	797.54	862.02	34	22	-1	13.01	13.01
Saccade L	1	27	2479155670	2479207645	51975	788.89	871.18	709.53	838.67	2.20	139.00	0.23	42.36	6478.94	-5818.87	2865.12
Saccade R	1	27	2479155670	2479207645	51975	788.89	871.18	709.53	838.67	2.20	139.00	0.23	42.36	6478.94	-5818.87	2865.12
Fixation L	1	31	2479207645	2479339648	132003	714.30	837.41	6	6	-1	13.80	13.80
Fixation R	1	31	2479207645	2479339648	132003	714.30	837.41	6	6	-1	12.95	12.95
Saccade L	1	28	2479339648	2479375627	35979	713.50	833.27	777.99	764.45	2.05	134.08	0.44	57.04	6082.39	-5612.66	4122.48
Saccade R	1	28	2479339648	2479375627	35979	713.50	833.27	777.99	764.45	2.05	134.08	0.44	57.04	6082.39	-5612.66	4122.48
Fixation L	1	32	2479375627	2479451573	75946	785.65	767.35	10	10	-1	13.91	13.91
Fixation R	1	32	2479375627	2479451573	75946	785.65	767.35	10	10	-1	13.02	13.02
Saccade L	1	29	2479451573	2479483637	32064	785.95	773.12	842.44	781.83	1.21	84.35	0.50	37.60	3711.90	-3431.48	2541.48
Saccade R	1	29	2479451573	2479483637	32064	785.95	773.12	842.44	781.83	1.21	84.35	0.50	37.60	3711.90	-3431.48	2541.48
Fixation L	1	33	2479483637	2479699505	215868	847.32	789.91	10	15	-1	14.02	14.02
Fixation R	1	33	2479483637	2479699505	215868	847.32	789.91	10	15	-1	13.28	13.28
Saccade L	1	30	2479699505	2479743524	44019	848.71	785.61	893.85	799.09	1.04	49.49	0.27	23.72	2368.69	-1575.14	1133.29
Saccade R	1	30	2479699505	2479743524	44019	848.71	785.61	893.85	799.09	1.04	49.49	0.27	23.72	2368.69	-1575.14	1133.29
Fixation L	1	34	2479743524	2479867518	123994	901.44	793.59	13	16	-1	14.53	14.53
Fixation R	1	34	2479743524	2479867518	123994	901.44	793.59	13	16	-1	13.76	13.76
Saccade L	1	31	2479867518	2479911511	43993	902.36	786.12	829.28	791.36	1.58	78.89	0.36	35.86	3675.33	-2979.19	2190.07
Saccade R	1	31	2479867518	2479911511	43993	902.36	786.12	829.28	791.36	1.58	78.89	0.36	35.86	3675.33	-2979.19	2190.07
Fixation L	1	35	2479911511	2480011520	100009	821.12	793.47	10	4	-1	14.56	14.56
Fixation R	1	35	2479911511	2480011520	100009	821.12	793.47	10	4	-1	13.76	13.76
Saccade L	1	32	2480011520	2480079549	68029	819.00	791.39	1183.26	305.51	13.30	434.84	0.35	195.49	20924.41	-15144.88	10429.50
Saccade R	1	32	2480011520	2480079549	68029	819.00	791.39	1183.26	305.51	13.30	434.84	0.35	195.49	20924.41	-15144.88	10429.50
Fixation L	1	36	2480079549	2480879397	799848	1178.56	373.29	57	115	-1	14.61	14.61
Fixation R	1	36	2480079549	2480879397	799848	1178.56	373.29	57	115	-1	13.73	13.73
Saccade L	1	33	2480879397	2480967410	88013	1179.67	399.66	879.51	781.98	10.93	333.81	0.41	124.20	13959.37	-13972.96	6061.33
Saccade R	1	33	2480879397	2480967410	88013	1179.67	399.66	879.51	781.98	10.93	333.81	0.41	124.20	13959.37	-13972.96	6061.33
Fixation L	1	37	2480967410	2481087403	119993	882.88	775.37	18	18	-1	14.53	14.53
Fixation R	1	37	2480967410	2481087403	119993	882.88	775.37	18	18	-1	13.53	13.53
Saccade L	1	34	2481087403	2481143412	56009	894.05	767.98	1152.39	409.61	9.76	374.25	0.36	174.25	18046.12	-12018.96	10090.18
Saccade R	1	34	2481087403	2481143412	56009	894.05	767.98	1152.39	409.61	9.76	374.25	0.36	174.25	18046.12	-12018.96	10090.18
Fixation L	1	38	2481143412	2481587411	443999	1175.83	423.90	34	39	-1	14.68	14.68
Fixation R	1	38	2481143412	2481587411	443999	1175.83	423.90	34	39	-1	13.88	13.88
Saccade L	1	35	2481587411	2481643415	56004	1179.53	442.60	1229.30	415.35	1.25	41.53	0.29	22.28	1982.13	-1227.12	923.50
Saccade R	1	35	2481587411	2481643415	56004	1179.53	442.60	1229.30	415.35	1.25	41.53	0.29	22.28	1982.13	-1227.12	923.50
Fixation L	1	39	2481643415	2481763418	120003	1228.51	411.75	10	7	-1	14.65	14.65
Fixation R	1	39	2481643415	2481763418	120003	1228.51	411.75	10	7	-1	13.79	13.79
Saccade L	1	36	2481763418	2481795436	32018	1234.95	408.33	1111.50	409.41	2.54	173.48	0.50	79.37	8098.29	-7915.72	5854.99
Saccade R	1	36	2481763418	2481795436	32018	1234.95	408.33	1111.50	409.41	2.54	173.48	0.50	79.37	8098.29	-7915.72	5854.99
Fixation L	1	40	2481795436	2482267283	471847	1115.87	414.19	14	31	-1	14.76	14.76
Fixation R	1	40	2481795436	2482267283	471847	1115.87	414.19	14	31	-1	13.88	13.88
Saccade L	1	37	2482267283	2482307282	39999	1119.57	427.78	1188.43	425.11	1.48	68.80	0.60	37.07	2833.76	-3148.53	2162.28
Saccade R	1	37	2482267283	2482307282	39999	1119.57	427.78	1188.43	425.11	1.48	68.80	0.60	37.07	2833.76	-3148.53	2162.28
Fixation L	1	41	2482307282	2482579315	272033	1197.68	407.90	20	22	-1	14.17	14.17
Fixation R	1	41	2482307282	2482579315	272033	1197.68	407.90	20	22	-1	13.75	13.75
