[BeGaze]
Converted from:	D:\Kirillov\Results\ermolova_temp\Nastya 07-1-eye_data.idf
Date:	17.04.2019 03:53:35
Version:	BeGaze 3.0.181
Sample Rate:	250
Subject:	Nastya 07
Description:	Run27

Table Header for Fixations:
Event Type	Trial	Number	Start	End	Duration	Location X	Location Y	Dispersion X	Dispersion Y	Plane	Avg. Pupil Size X	Avg. Pupil Size Y

Table Header for Saccades:
Event Type	Trial	Number	Start	End	Duration	Start Loc.X	Start Loc.Y	End Loc.X	End Loc.Y	Amplitude	Peak Speed	Peak Speed At	Average Speed	Peak Accel.	Peak Decel.	Average Accel.

Table Header for User Events:
Event Type	Trial	Number	Start	Description

UserEvent	1	1	12321630667	# Message: experiment-09.jpg
Saccade L	1	1	12321641093	12321701104	60011	446.05	315.02	640.69	424.58	5.39	368.02	0.53	89.80	15991.33	-14856.99	6848.88
Saccade R	1	1	12321641093	12321701104	60011	446.05	315.02	640.69	424.58	5.39	368.02	0.53	89.80	15991.33	-14856.99	6848.88
Fixation L	1	1	12321701104	12321913100	211996	539.02	373.20	826	540	-1	13.08	13.08
Fixation R	1	1	12321701104	12321837111	136007	661.60	452.87	32	45	-1	15.42	15.42
Saccade L	1	2	12322041124	12322129145	88021	826.22	777.94	999.48	735.02	6.60	215.31	0.41	75.03	9253.37	-7195.82	3149.65
Saccade R	1	2	12322041124	12322129145	88021	826.22	777.94	999.48	735.02	6.60	215.31	0.41	75.03	9253.37	-7195.82	3149.65
Fixation L	1	2	12322129145	12322337114	207969	996.32	748.66	17	40	-1	14.31	14.31
Fixation R	1	2	12322129145	12322337114	207969	996.32	748.66	17	40	-1	14.91	14.91
Saccade L	1	3	12322337114	12322433021	95907	992.89	766.98	1242.39	409.81	10.09	323.24	0.42	105.17	14382.55	-10652.17	5526.51
Saccade R	1	3	12322337114	12322433021	95907	992.89	766.98	1242.39	409.81	10.09	323.24	0.42	105.17	14382.55	-10652.17	5526.51
Fixation L	1	3	12322433021	12322509020	75999	1240.67	413.91	11	18	-1	14.02	14.02
Fixation R	1	3	12322433021	12322509020	75999	1240.67	413.91	11	18	-1	14.36	14.36
Saccade L	1	4	12322509020	12322561008	51988	1239.23	410.16	1240.40	358.39	1.06	45.58	0.69	20.45	1396.17	-1376.44	672.92
Saccade R	1	4	12322509020	12322561008	51988	1239.23	410.16	1240.40	358.39	1.06	45.58	0.69	20.45	1396.17	-1376.44	672.92
Saccade L	1	5	12322561008	12322585007	23999	1240.40	358.39	1242.38	376.86	0.51	42.63	0.50	21.13	677.69	-1285.47	650.20
Saccade R	1	5	12322561008	12322585007	23999	1240.40	358.39	1242.38	376.86	0.51	42.63	0.50	21.13	677.69	-1285.47	650.20
Fixation L	1	4	12322585007	12322636994	51987	1242.09	389.24	20	20	-1	13.89	13.89
Fixation R	1	4	12322585007	12322636994	51987	1242.09	389.24	20	20	-1	14.38	14.38
Saccade L	1	6	12322636994	12322669022	32028	1242.63	392.75	1261.31	357.72	0.79	49.60	0.63	24.74	2215.80	-2086.17	1330.47
Saccade R	1	6	12322636994	12322669022	32028	1242.63	392.75	1261.31	357.72	0.79	49.60	0.63	24.74	2215.80	-2086.17	1330.47
Saccade L	1	7	12322693035	12322725043	32008	1266.44	362.29	1262.67	431.02	1.16	54.25	0.37	36.15	2069.34	-1534.99	1136.97
Saccade R	1	7	12322693035	12322725043	32008	1266.44	362.29	1262.67	431.02	1.16	54.25	0.37	36.15	2069.34	-1534.99	1136.97
Saccade L	1	8	12322725043	12322773064	48021	1262.67	431.02	1252.46	378.20	1.55	65.27	0.25	32.36	935.00	-1639.57	885.45
Saccade R	1	8	12322725043	12322773064	48021	1262.67	431.02	1252.46	378.20	1.55	65.27	0.25	32.36	935.00	-1639.57	885.45
Saccade L	1	9	12322773064	12322801003	27939	1252.46	378.20	1279.43	420.08	1.00	66.90	0.71	35.67	2918.86	-79.37	1410.79
Saccade R	1	9	12322773064	12322801003	27939	1252.46	378.20	1279.43	420.08	1.00	66.90	0.71	35.67	2918.86	-79.37	1410.79
Saccade L	1	10	12322801003	12322853004	52001	1279.43	420.08	1209.07	354.52	2.18	121.79	0.23	41.89	3038.09	-5107.95	1973.96
Saccade R	1	10	12322801003	12322853004	52001	1279.43	420.08	1209.07	354.52	2.18	121.79	0.23	41.89	3038.09	-5107.95	1973.96
Fixation L	1	5	12322853004	12323157047	304043	1224.85	363.12	37	59	-1	13.74	13.74
Fixation R	1	5	12322853004	12323157047	304043	1224.85	363.12	37	59	-1	14.22	14.22
Saccade L	1	11	12323157047	12323197012	39965	1218.44	345.99	1121.42	317.90	2.59	176.29	0.30	64.80	8005.11	-7544.97	4553.73
Saccade R	1	11	12323157047	12323197012	39965	1218.44	345.99	1121.42	317.90	2.59	176.29	0.30	64.80	8005.11	-7544.97	4553.73
Fixation L	1	6	12323197012	12323357039	160027	1121.60	343.84	18	66	-1	13.65	13.65
Fixation R	1	6	12323197012	12323357039	160027	1121.60	343.84	18	66	-1	14.01	14.01
Fixation L	1	7	12323444946	12323517014	72068	1080.16	348.83	10	23	-1	13.55	13.55
Fixation R	1	7	12323444946	12323517014	72068	1080.16	348.83	10	23	-1	14.02	14.02
Saccade L	1	12	12323517014	12323553027	36013	1075.01	336.00	1094.20	303.90	0.77	44.57	0.67	21.36	1796.75	-1595.14	1124.68
Saccade R	1	12	12323517014	12323553027	36013	1075.01	336.00	1094.20	303.90	0.77	44.57	0.67	21.36	1796.75	-1595.14	1124.68
Fixation L	1	8	12323553027	12323777030	224003	1136.61	329.67	62	62	-1	13.55	13.55
Fixation R	1	8	12323553027	12323777030	224003	1136.61	329.67	62	62	-1	14.22	14.22
Saccade L	1	13	12323777030	12323860908	83878	1134.96	327.53	976.04	763.13	10.68	292.07	0.43	127.31	13658.54	-9107.89	5830.63
Saccade R	1	13	12323777030	12323860908	83878	1134.96	327.53	976.04	763.13	10.68	292.07	0.43	127.31	13658.54	-9107.89	5830.63
Fixation L	1	9	12323860908	12324052906	191998	976.47	775.91	39	19	-1	13.81	13.81
Fixation R	1	9	12323860908	12324052906	191998	976.47	775.91	39	19	-1	14.41	14.41
Saccade L	1	14	12324052906	12324100923	48017	961.53	779.67	959.62	827.57	1.09	49.11	0.58	22.70	1699.94	-2003.26	1169.32
Saccade R	1	14	12324052906	12324100923	48017	961.53	779.67	959.62	827.57	1.09	49.11	0.58	22.70	1699.94	-2003.26	1169.32
Fixation L	1	10	12324100923	12324228967	128044	945.10	815.23	24	24	-1	14.05	14.05
Fixation R	1	10	12324100923	12324228967	128044	945.10	815.23	24	24	-1	14.65	14.65
Saccade L	1	15	12324228967	12324304914	75947	933.16	809.23	1129.31	334.35	11.61	373.24	0.32	152.81	15964.84	-12566.18	7590.26
Saccade R	1	15	12324228967	12324304914	75947	933.16	809.23	1129.31	334.35	11.61	373.24	0.32	152.81	15964.84	-12566.18	7590.26
Fixation L	1	11	12324304914	12324584934	280020	1143.50	299.15	31	62	-1	13.73	13.73
Fixation R	1	11	12324304914	12324584934	280020	1143.50	299.15	31	62	-1	14.40	14.40
Saccade L	1	16	12324584934	12324636925	51991	1145.32	270.90	1118.26	318.40	1.30	44.68	0.31	24.94	1996.80	-1207.53	985.87
Saccade R	1	16	12324584934	12324636925	51991	1145.32	270.90	1118.26	318.40	1.30	44.68	0.31	24.94	1996.80	-1207.53	985.87
Fixation L	1	12	12324636925	12325336803	699878	1119.94	361.34	57	91	-1	13.80	13.80
Fixation R	1	12	12324636925	12325336803	699878	1119.94	361.34	57	91	-1	14.39	14.39
Saccade L	1	17	12325336803	12325404801	67998	1148.10	313.38	1124.34	196.85	3.01	90.98	0.41	44.34	3718.10	-2690.08	1820.08
Saccade R	1	17	12325336803	12325404801	67998	1148.10	313.38	1124.34	196.85	3.01	90.98	0.41	44.34	3718.10	-2690.08	1820.08
Fixation L	1	13	12325404801	12325500819	96018	1115.13	163.15	17	60	-1	13.88	13.88
Fixation R	1	13	12325404801	12325500819	96018	1115.13	163.15	17	60	-1	14.29	14.29
Saccade L	1	18	12325500819	12325600806	99987	1111.17	140.63	1095.52	226.00	4.06	163.43	0.32	40.59	6661.23	-5532.36	1911.82
Saccade R	1	18	12325500819	12325600806	99987	1111.17	140.63	1095.52	226.00	4.06	163.43	0.32	40.59	6661.23	-5532.36	1911.82
Fixation L	1	14	12325600806	12326236821	636015	1091.06	246.83	35	67	-1	13.79	13.79
Fixation R	1	14	12325600806	12326236821	636015	1091.06	246.83	35	67	-1	14.25	14.25
Saccade L	1	19	12326236821	12326276827	40006	1114.24	277.65	1121.79	234.91	0.94	42.11	0.70	23.62	1245.72	-1839.66	1044.57
Saccade R	1	19	12326236821	12326276827	40006	1114.24	277.65	1121.79	234.91	0.94	42.11	0.70	23.62	1245.72	-1839.66	1044.57
Fixation L	1	15	12326276827	12326732712	455885	1111.07	258.19	24	56	-1	13.85	13.85
Fixation R	1	15	12326276827	12326732712	455885	1111.07	258.19	24	56	-1	14.24	14.24
Saccade L	1	20	12326732712	12326776714	44002	1121.41	253.37	1045.33	281.77	2.03	132.31	0.36	46.24	5052.87	-4892.48	2940.60
Saccade R	1	20	12326732712	12326776714	44002	1121.41	253.37	1045.33	281.77	2.03	132.31	0.36	46.24	5052.87	-4892.48	2940.60
Saccade L	1	21	12326776714	12326824708	47994	1045.33	281.77	1056.50	328.60	1.09	44.37	0.75	22.76	855.63	-1471.80	724.37
Saccade R	1	21	12326776714	12326824708	47994	1045.33	281.77	1056.50	328.60	1.09	44.37	0.75	22.76	855.63	-1471.80	724.37
Saccade L	1	22	12326872720	12326956743	84023	1058.40	317.77	948.88	877.87	12.95	300.76	0.43	154.18	12240.04	-8548.23	5695.81
Saccade R	1	22	12326872720	12326956743	84023	1058.40	317.77	948.88	877.87	12.95	300.76	0.43	154.18	12240.04	-8548.23	5695.81
Fixation L	1	16	12326956743	12327148740	191997	931.10	879.12	43	18	-1	14.30	14.30
Fixation R	1	16	12326956743	12327148740	191997	931.10	879.12	43	18	-1	14.93	14.93
Saccade L	1	23	12327148740	12327196714	47974	955.25	879.12	929.95	817.89	1.52	83.76	0.42	31.76	4037.94	-3351.89	2049.05
Saccade R	1	23	12327148740	12327196714	47974	955.25	879.12	929.95	817.89	1.52	83.76	0.42	31.76	4037.94	-3351.89	2049.05
Fixation L	1	17	12327196714	12327384723	188009	940.39	800.25	39	35	-1	14.69	14.69
Fixation R	1	17	12327196714	12327384723	188009	940.39	800.25	39	35	-1	15.34	15.34
Saccade L	1	24	12327384723	12327420720	35997	963.92	781.25	943.03	761.26	0.82	49.86	0.44	22.64	2036.37	-1959.27	1237.55
Saccade R	1	24	12327384723	12327420720	35997	963.92	781.25	943.03	761.26	0.82	49.86	0.44	22.64	2036.37	-1959.27	1237.55
Fixation L	1	18	12327420720	12327796765	376045	935.70	762.06	31	68	-1	14.30	14.30
Fixation R	1	18	12327420720	12327796765	376045	935.70	762.06	31	68	-1	14.92	14.92
Fixation L	1	19	12327924747	12328568635	643888	930.90	870.92	62	41	-1	14.27	14.27
Fixation R	1	19	12327924747	12328568635	643888	930.90	870.92	62	41	-1	15.06	15.06
Saccade L	1	25	12328672628	12328712640	40012	1175.87	270.97	1184.33	278.76	0.95	50.76	0.40	23.75	1576.50	-1443.26	816.02
Saccade R	1	25	12328672628	12328712640	40012	1175.87	270.97	1184.33	278.76	0.95	50.76	0.40	23.75	1576.50	-1443.26	816.02
Fixation L	1	20	12328712640	12328788625	75985	1179.23	286.34	15	39	-1	13.85	13.85
Fixation R	1	20	12328712640	12328788625	75985	1179.23	286.34	15	39	-1	14.77	14.77
Saccade L	1	26	12328788625	12328840633	52008	1164.79	302.94	1232.39	339.99	2.03	98.27	0.31	38.97	4152.93	-4067.26	2064.75
Saccade R	1	26	12328788625	12328840633	52008	1164.79	302.94	1232.39	339.99	2.03	98.27	0.31	38.97	4152.93	-4067.26	2064.75
Fixation L	1	21	12328840633	12328948657	108024	1232.34	361.33	21	36	-1	14.05	14.05
Fixation R	1	21	12328840633	12328948657	108024	1232.34	361.33	21	36	-1	14.70	14.70
Saccade R	1	27	12329096631	12329148648	52017	876.73	856.85	0.00	0.00	30.46	1855.62	0.77	585.62	68787.12	-88293.98	40790.25
Saccade R	1	28	12329188633	12329240678	52045	0.00	0.00	805.68	854.50	39.84	2574.28	0.54	765.52	68493.14	-104286.77	44668.97
Saccade L	1	27	12329240678	12329280634	39956	805.68	854.50	926.86	855.15	2.67	156.36	0.40	66.88	2886.64	-20197.74	5163.41
Saccade R	1	29	12329240678	12329280634	39956	805.68	854.50	926.86	855.15	2.67	156.36	0.40	66.88	2886.64	-20197.74	5163.41
Fixation L	1	22	12329280634	12329504535	223901	941.91	828.77	27	40	-1	14.68	14.68
Fixation R	1	22	12329280634	12329504535	223901	941.91	828.77	27	40	-1	15.51	15.51
Saccade L	1	28	12329504535	12329556532	51997	950.11	819.49	982.27	828.28	1.40	62.39	0.54	26.99	2563.77	-2005.30	1421.53
Saccade R	1	30	12329504535	12329556532	51997	950.11	819.49	982.27	828.28	1.40	62.39	0.54	26.99	2563.77	-2005.30	1421.53
Fixation L	1	23	12329556532	12329704536	148004	980.06	835.29	8	19	-1	14.93	14.93
Fixation R	1	23	12329556532	12329704536	148004	980.06	835.29	8	19	-1	15.75	15.75
Saccade L	1	29	12329704536	12329744538	40002	984.91	847.58	881.25	835.97	2.56	180.78	0.30	63.96	8720.35	-8153.79	4899.16
Saccade R	1	31	12329704536	12329744538	40002	984.91	847.58	881.25	835.97	2.56	180.78	0.30	63.96	8720.35	-8153.79	4899.16
Fixation L	1	24	12329744538	12329900534	155996	880.79	816.20	22	32	-1	14.68	14.68
Fixation R	1	24	12329744538	12329900534	155996	880.79	816.20	22	32	-1	15.51	15.51
Saccade L	1	30	12329900534	12329928562	28028	878.44	820.90	751.55	818.93	2.47	203.63	0.57	87.96	9278.08	-7976.08	6141.77
Saccade R	1	32	12329900534	12329928562	28028	878.44	820.90	751.55	818.93	2.47	203.63	0.57	87.96	9278.08	-7976.08	6141.77
Fixation L	1	25	12329928562	12330160556	231994	777.78	807.70	39	31	-1	14.52	14.52
Fixation R	1	25	12329928562	12330160556	231994	777.78	807.70	39	31	-1	15.28	15.28
