[BeGaze]
Converted from:	D:\Kirillov\Results\ermolova_temp\Nastya 07-1-eye_data.idf
Date:	17.04.2019 03:53:32
Version:	BeGaze 3.0.181
Sample Rate:	250
Subject:	Nastya 07
Description:	Run27

Table Header for Fixations:
Event Type	Trial	Number	Start	End	Duration	Location X	Location Y	Dispersion X	Dispersion Y	Plane	Avg. Pupil Size X	Avg. Pupil Size Y

Table Header for Saccades:
Event Type	Trial	Number	Start	End	Duration	Start Loc.X	Start Loc.Y	End Loc.X	End Loc.Y	Amplitude	Peak Speed	Peak Speed At	Average Speed	Peak Accel.	Peak Decel.	Average Accel.

Table Header for User Events:
Event Type	Trial	Number	Start	Description

UserEvent	1	1	12113266444	# Message: experiment-01.jpg
Fixation L	1	1	12113269462	12113489457	219995	184.71	753.27	14	14	-1	14.68	14.68
Fixation R	1	1	12113269462	12113489457	219995	184.71	753.27	14	14	-1	15.47	15.47
Saccade L	1	1	12113489457	12113545466	56009	180.53	747.16	397.79	567.06	6.82	309.68	0.36	121.71	14626.89	-11050.70	7854.59
Saccade R	1	1	12113489457	12113545466	56009	180.53	747.16	397.79	567.06	6.82	309.68	0.36	121.71	14626.89	-11050.70	7854.59
Fixation L	1	2	12113545466	12113753468	208002	418.32	548.50	29	33	-1	14.43	14.43
Fixation R	1	2	12113545466	12113753468	208002	418.32	548.50	29	33	-1	15.21	15.21
Saccade L	1	2	12113753468	12113809480	56012	425.13	540.94	527.16	464.21	2.79	145.40	0.21	49.89	6768.60	-4742.92	2725.36
Saccade R	1	2	12113753468	12113809480	56012	425.13	540.94	527.16	464.21	2.79	145.40	0.21	49.89	6768.60	-4742.92	2725.36
Fixation L	1	3	12113809480	12113925502	116022	542.12	454.95	20	14	-1	13.58	13.58
Fixation R	1	3	12113809480	12113925502	116022	542.12	454.95	20	14	-1	14.05	14.05
Saccade L	1	3	12113925502	12113977485	51983	546.51	449.58	620.77	468.80	1.83	104.53	0.38	35.22	4589.68	-4167.26	2283.86
Saccade R	1	3	12113925502	12113977485	51983	546.51	449.58	620.77	468.80	1.83	104.53	0.38	35.22	4589.68	-4167.26	2283.86
Fixation L	1	4	12113977485	12114125499	148014	616.88	467.55	18	16	-1	13.19	13.19
Fixation R	1	4	12113977485	12114125499	148014	616.88	467.55	18	16	-1	13.80	13.80
Saccade L	1	4	12114125499	12114193363	67864	615.66	464.57	1071.12	620.83	10.80	364.56	0.35	159.12	16736.93	-11482.13	8585.19
Saccade R	1	4	12114125499	12114193363	67864	615.66	464.57	1071.12	620.83	10.80	364.56	0.35	159.12	16736.93	-11482.13	8585.19
Fixation L	1	5	12114193363	12114329364	136001	1076.48	603.63	16	37	-1	13.12	13.12
Fixation R	1	5	12114193363	12114329364	136001	1076.48	603.63	16	37	-1	13.93	13.93
Saccade L	1	5	12114329364	12114405392	76028	1066.23	596.81	1089.58	516.36	2.74	123.40	0.47	36.04	5117.47	-4583.16	1881.51
Saccade R	1	5	12114329364	12114405392	76028	1066.23	596.81	1089.58	516.36	2.74	123.40	0.47	36.04	5117.47	-4583.16	1881.51
Fixation L	1	6	12114405392	12114529360	123968	1086.84	517.87	10	26	-1	13.14	13.14
Fixation R	1	6	12114405392	12114529360	123968	1086.84	517.87	10	26	-1	13.70	13.70
Saccade L	1	6	12114529360	12114629371	100011	1080.49	532.25	331.65	253.27	19.54	491.86	0.44	195.42	23704.19	-10281.24	8594.84
Saccade R	1	6	12114529360	12114629371	100011	1080.49	532.25	331.65	253.27	19.54	491.86	0.44	195.42	23704.19	-10281.24	8594.84
Fixation L	1	7	12114629371	12114753378	124007	309.03	214.16	36	61	-1	13.33	13.33
Fixation R	1	7	12114629371	12114753378	124007	309.03	214.16	36	61	-1	13.61	13.61
Saccade L	1	7	12114753378	12114805400	52022	313.22	192.42	250.52	189.41	1.99	101.85	0.31	38.25	4636.90	-4115.80	2166.96
Saccade R	1	7	12114753378	12114805400	52022	313.22	192.42	250.52	189.41	1.99	101.85	0.31	38.25	4636.90	-4115.80	2166.96
Fixation L	1	8	12114805400	12114985391	179991	247.11	185.83	33	42	-1	13.26	13.26
Fixation R	1	8	12114805400	12114985391	179991	247.11	185.83	33	42	-1	13.46	13.46
Saccade L	1	8	12114985391	12115037390	51999	234.21	162.62	440.80	173.36	4.51	239.85	0.38	86.83	10871.82	-9017.13	5890.44
Saccade R	1	8	12114985391	12115037390	51999	234.21	162.62	440.80	173.36	4.51	239.85	0.38	86.83	10871.82	-9017.13	5890.44
Fixation L	1	9	12115037390	12115173408	136018	436.79	169.16	56	35	-1	13.43	13.43
Fixation R	1	9	12115037390	12115173408	136018	436.79	169.16	56	35	-1	13.86	13.86
Saccade L	1	9	12115173408	12115237396	63988	399.12	136.27	557.68	162.62	3.59	187.84	0.50	56.16	7455.30	-7196.10	3277.10
Saccade R	1	9	12115173408	12115237396	63988	399.12	136.27	557.68	162.62	3.59	187.84	0.50	56.16	7455.30	-7196.10	3277.10
Fixation L	1	10	12115237396	12115377411	140015	555.69	155.85	32	24	-1	13.30	13.30
Fixation R	1	10	12115237396	12115377411	140015	555.69	155.85	32	24	-1	13.95	13.95
Saccade L	1	10	12115377411	12115453408	75997	544.09	143.48	710.60	127.23	3.99	186.47	0.42	52.46	7725.14	-7485.38	3076.05
Saccade R	1	10	12115377411	12115453408	75997	544.09	143.48	710.60	127.23	3.99	186.47	0.42	52.46	7725.14	-7485.38	3076.05
Fixation L	1	11	12115453408	12115601281	147873	728.52	119.52	26	16	-1	13.51	13.51
Fixation R	1	11	12115453408	12115601281	147873	728.52	119.52	26	16	-1	14.13	14.13
Saccade L	1	11	12115601281	12115641319	40038	742.06	136.10	904.79	117.94	3.74	238.86	0.30	93.46	9980.37	-9264.24	5966.05
Saccade R	1	11	12115601281	12115641319	40038	742.06	136.10	904.79	117.94	3.74	238.86	0.30	93.46	9980.37	-9264.24	5966.05
Fixation L	1	12	12115641319	12115801279	159960	890.77	117.45	28	21	-1	13.51	13.51
Fixation R	1	12	12115641319	12115801279	159960	890.77	117.45	28	21	-1	14.26	14.26
Saccade L	1	12	12115801279	12115893288	92009	903.46	120.42	280.80	235.46	14.39	421.38	0.22	156.38	19368.63	-13993.84	7609.77
Saccade R	1	12	12115801279	12115893288	92009	903.46	120.42	280.80	235.46	14.39	421.38	0.22	156.38	19368.63	-13993.84	7609.77
Fixation L	1	13	12115893288	12115993317	100029	284.82	229.77	27	28	-1	13.79	13.79
Fixation R	1	13	12115893288	12115993317	100029	284.82	229.77	27	28	-1	14.23	14.23
Saccade L	1	13	12115993317	12116017293	23976	301.84	214.83	249.47	205.59	0.97	82.18	0.50	40.34	3471.42	-3232.52	2358.59
Saccade R	1	13	12115993317	12116017293	23976	301.84	214.83	249.47	205.59	0.97	82.18	0.50	40.34	3471.42	-3232.52	2358.59
Fixation L	1	14	12116017293	12116093271	75978	249.47	213.09	23	12	-1	13.79	13.79
Fixation R	1	14	12116017293	12116093271	75978	249.47	213.09	23	12	-1	14.41	14.41
Saccade L	1	14	12116141279	12116177300	36021	219.59	217.42	224.53	175.67	0.94	42.52	0.44	26.10	1462.12	-1450.05	805.86
Saccade R	1	14	12116141279	12116177300	36021	219.59	217.42	224.53	175.67	0.94	42.52	0.44	26.10	1462.12	-1450.05	805.86
Saccade L	1	15	12116177300	12116213297	35997	224.53	175.67	223.72	216.26	1.18	73.39	0.44	32.83	2313.86	-2725.97	1523.88
Saccade R	1	15	12116177300	12116213297	35997	224.53	175.67	223.72	216.26	1.18	73.39	0.44	32.83	2313.86	-2725.97	1523.88
Saccade L	1	16	12116213297	12116285304	72007	223.72	216.26	444.47	218.43	5.83	290.32	0.44	80.92	11982.58	-10823.97	5041.99
Saccade R	1	16	12116213297	12116285304	72007	223.72	216.26	444.47	218.43	5.83	290.32	0.44	80.92	11982.58	-10823.97	5041.99
Fixation L	1	15	12116285304	12116401275	115971	453.58	226.36	20	45	-1	13.83	13.83
Fixation R	1	15	12116285304	12116401275	115971	453.58	226.36	20	45	-1	14.30	14.30
Saccade L	1	17	12116401275	12116437273	35998	455.04	254.59	444.31	50.64	3.66	228.46	0.66	101.66	9464.09	-4764.04	4292.28
Saccade R	1	17	12116401275	12116437273	35998	455.04	254.59	444.31	50.64	3.66	228.46	0.66	101.66	9464.09	-4764.04	4292.28
Saccade L	1	18	12116437273	12116465275	28002	444.31	50.64	450.67	179.75	2.37	276.71	0.29	84.75	4721.55	-9113.84	3839.95
Saccade R	1	18	12116437273	12116465275	28002	444.31	50.64	450.67	179.75	2.37	276.71	0.29	84.75	4721.55	-9113.84	3839.95
Saccade L	1	19	12116465275	12116521289	56014	450.67	179.75	650.02	113.03	6.60	271.52	0.36	117.78	11110.12	-7973.99	5846.81
Saccade R	1	19	12116465275	12116521289	56014	450.67	179.75	650.02	113.03	6.60	271.52	0.36	117.78	11110.12	-7973.99	5846.81
Saccade L	1	20	12116561278	12116589280	28002	652.28	116.05	668.67	234.26	2.78	261.47	0.57	99.22	9945.07	-3728.95	4920.44
Saccade R	1	20	12116561278	12116589280	28002	652.28	116.05	668.67	234.26	2.78	261.47	0.57	99.22	9945.07	-3728.95	4920.44
Saccade L	1	21	12116589280	12116625292	36012	668.67	234.26	667.54	99.65	3.28	277.53	0.33	91.15	5199.75	-10296.74	4487.10
Saccade R	1	21	12116589280	12116625292	36012	668.67	234.26	667.54	99.65	3.28	277.53	0.33	91.15	5199.75	-10296.74	4487.10
Saccade L	1	22	12116625292	12116657281	31989	667.54	99.65	649.49	235.95	3.20	277.42	0.63	100.00	10589.13	-11715.82	7071.08
Saccade R	1	22	12116625292	12116657281	31989	667.54	99.65	649.49	235.95	3.20	277.42	0.63	100.00	10589.13	-11715.82	7071.08
Fixation L	1	16	12116657281	12116721284	64003	655.66	238.41	15	4	-1	13.65	13.65
Fixation R	1	16	12116657281	12116721284	64003	655.66	238.41	15	4	-1	14.41	14.41
Saccade L	1	23	12116721284	12116785300	64016	664.53	237.55	954.63	254.86	7.99	259.39	0.38	124.84	12135.56	-11328.96	6608.99
Saccade R	1	23	12116721284	12116785300	64016	664.53	237.55	954.63	254.86	7.99	259.39	0.38	124.84	12135.56	-11328.96	6608.99
Saccade L	1	24	12116785300	12116809313	24013	954.63	254.86	925.84	86.55	2.18	213.93	0.33	90.79	3533.41	-6271.36	3161.19
Saccade R	1	24	12116785300	12116809313	24013	954.63	254.86	925.84	86.55	2.18	213.93	0.33	90.79	3533.41	-6271.36	3161.19
Saccade L	1	25	12116809313	12116829301	19988	925.84	86.55	926.10	93.94	1.57	145.75	0.40	78.48	3533.41	-1337.38	1464.97
Saccade R	1	25	12116809313	12116829301	19988	925.84	86.55	926.10	93.94	1.57	145.75	0.40	78.48	3533.41	-1337.38	1464.97
Fixation L	1	17	12116829301	12116933297	103996	913.97	268.81	17	196	-1	13.63	13.63
Fixation R	1	17	12116829301	12116933297	103996	913.97	268.81	17	196	-1	14.70	14.70
Saccade L	1	26	12116933297	12116953210	19913	909.63	264.77	918.25	138.13	2.69	287.31	0.60	135.18	12066.32	-929.17	5154.48
Saccade R	1	26	12116933297	12116953210	19913	909.63	264.77	918.25	138.13	2.69	287.31	0.60	135.18	12066.32	-929.17	5154.48
Saccade L	1	27	12116953210	12117001309	48099	918.25	138.13	1134.45	141.27	5.48	273.27	0.25	113.97	4537.36	-7579.44	4207.14
Saccade R	1	27	12116953210	12117001309	48099	918.25	138.13	1134.45	141.27	5.48	273.27	0.25	113.97	4537.36	-7579.44	4207.14
Fixation L	1	18	12117001309	12117089186	87877	1150.30	119.38	25	35	-1	13.71	13.71
Fixation R	1	18	12117001309	12117089186	87877	1150.30	119.38	25	35	-1	14.68	14.68
Saccade L	1	28	12117089186	12117145231	56045	1137.10	119.15	1278.82	146.15	3.45	197.05	0.43	61.57	8249.69	-7609.98	3948.25
Saccade R	1	28	12117089186	12117145231	56045	1137.10	119.15	1278.82	146.15	3.45	197.05	0.43	61.57	8249.69	-7609.98	3948.25
Fixation L	1	19	12117145231	12117253187	107956	1286.06	146.11	10	30	-1	13.94	13.94
Fixation R	1	19	12117145231	12117253187	107956	1286.06	146.11	10	30	-1	14.97	14.97
Saccade L	1	29	12117253187	12117341189	88002	1283.37	129.42	340.22	207.33	24.43	580.66	0.36	277.58	25472.46	-20097.98	10260.29
Saccade R	1	29	12117253187	12117341189	88002	1283.37	129.42	340.22	207.33	24.43	580.66	0.36	277.58	25472.46	-20097.98	10260.29
Saccade L	1	30	12117341189	12117381169	39980	340.22	207.33	341.66	138.99	1.61	66.26	0.70	40.18	1390.87	-2835.44	1435.99
Saccade R	1	30	12117341189	12117381169	39980	340.22	207.33	341.66	138.99	1.61	66.26	0.70	40.18	1390.87	-2835.44	1435.99
Fixation L	1	20	12117381169	12117549196	168027	346.05	131.39	25	42	-1	14.48	14.48
Fixation R	1	20	12117381169	12117549196	168027	346.05	131.39	25	42	-1	15.09	15.09
Saccade L	1	31	12117549196	12117589225	40029	356.47	136.31	361.02	272.31	4.29	338.36	0.30	107.11	13307.49	-11342.93	7149.01
Saccade R	1	31	12117549196	12117589225	40029	356.47	136.31	361.02	272.31	4.29	338.36	0.30	107.11	13307.49	-11342.93	7149.01
Saccade L	1	32	12117685196	12117753221	68025	606.76	284.69	590.68	94.69	6.79	230.36	0.47	99.82	5400.00	-4340.58	2267.63
Saccade R	1	32	12117685196	12117753221	68025	606.76	284.69	590.68	94.69	6.79	230.36	0.47	99.82	5400.00	-4340.58	2267.63
Saccade L	1	33	12117753221	12117789189	35968	590.68	94.69	585.83	251.66	4.13	310.98	0.78	114.83	7252.93	-5250.60	3408.44
Saccade R	1	33	12117753221	12117789189	35968	590.68	94.69	585.83	251.66	4.13	310.98	0.78	114.83	7252.93	-5250.60	3408.44
Saccade L	1	34	12117817126	12117881184	64058	587.48	260.62	806.85	131.92	7.37	266.67	0.25	115.09	7266.96	-5900.20	3916.09
Saccade R	1	34	12117817126	12117881184	64058	587.48	260.62	806.85	131.92	7.37	266.67	0.25	115.09	7266.96	-5900.20	3916.09
Fixation L	1	21	12117881184	12118009152	127968	813.14	144.36	10	59	-1	14.08	14.08
Fixation R	1	21	12117881184	12118009152	127968	813.14	144.36	10	59	-1	15.23	15.23
Saccade L	1	35	12118009152	12118085187	76035	805.44	165.42	1294.56	134.16	10.99	333.35	0.21	144.48	16333.41	-9968.48	6513.25
Saccade R	1	35	12118009152	12118085187	76035	805.44	165.42	1294.56	134.16	10.99	333.35	0.21	144.48	16333.41	-9968.48	6513.25
Fixation L	1	22	12118085187	12118149182	63995	1295.64	114.81	10	32	-1	14.06	14.06
Fixation R	1	22	12118085187	12118149182	63995	1295.64	114.81	10	32	-1	15.35	15.35
Saccade L	1	36	12118149182	12118181192	32010	1288.86	107.93	1283.24	147.85	0.91	48.43	0.62	28.46	2151.19	-1785.11	1421.22
Saccade R	1	36	12118149182	12118181192	32010	1288.86	107.93	1283.24	147.85	0.91	48.43	0.62	28.46	2151.19	-1785.11	1421.22
Fixation L	1	23	12118181192	12118245213	64021	1281.23	163.08	18	33	-1	13.96	13.96
Fixation R	1	23	12118181192	12118245213	64021	1281.23	163.08	18	33	-1	15.30	15.30
Fixation L	1	24	12118329109	12118417091	87982	1289.68	283.09	25	10	-1	13.97	13.97
Fixation R	1	24	12118329109	12118417091	87982	1289.68	283.09	25	10	-1	15.25	15.25
Saccade L	1	37	12118417091	12118457078	39987	1296.47	277.52	1131.29	130.11	6.23	300.50	0.30	155.92	12207.27	-11899.82	8571.45
Saccade R	1	37	12118417091	12118457078	39987	1296.47	277.52	1131.29	130.11	6.23	300.50	0.30	155.92	12207.27	-11899.82	8571.45
Fixation L	1	25	12118457078	12118645070	187992	1120.96	125.33	16	33	-1	14.04	14.04
Fixation R	1	25	12118457078	12118645070	187992	1120.96	125.33	16	33	-1	15.18	15.18
Saccade L	1	38	12118645070	12118689067	43997	1122.58	105.69	1132.99	190.09	1.72	89.24	0.46	39.16	3987.97	-3720.03	2474.52
Saccade R	1	38	12118645070	12118689067	43997	1122.58	105.69	1132.99	190.09	1.72	89.24	0.46	39.16	3987.97	-3720.03	2474.52
Fixation L	1	26	12118689067	12118793036	103969	1137.37	184.12	7	21	-1	14.06	14.06
Fixation R	1	26	12118689067	12118793036	103969	1137.37	184.12	7	21	-1	15.25	15.25
Saccade L	1	39	12118793036	12118881078	88042	1139.31	169.86	1329.00	168.66	4.95	234.80	0.32	56.18	10297.86	-10001.76	3408.21
Saccade R	1	39	12118793036	12118881078	88042	1139.31	169.86	1329.00	168.66	4.95	234.80	0.32	56.18	10297.86	-10001.76	3408.21
Saccade L	1	40	12118913090	12118945111	32021	1336.57	173.90	1339.85	219.02	0.90	49.73	0.38	28.01	2043.19	-1410.28	1099.37
Saccade R	1	40	12118913090	12118945111	32021	1336.57	173.90	1339.85	219.02	0.90	49.73	0.38	28.01	2043.19	-1410.28	1099.37
Saccade L	1	41	12118945111	12118989087	43976	1339.85	219.02	1419.26	223.67	2.41	143.79	0.73	54.74	4838.99	-6278.08	2939.89
Saccade R	1	41	12118945111	12118989087	43976	1339.85	219.02	1419.26	223.67	2.41	143.79	0.73	54.74	4838.99	-6278.08	2939.89
Fixation L	1	27	12118989087	12119049107	60020	1423.82	223.99	10	10	-1	13.82	13.82
Fixation R	1	27	12118989087	12119049107	60020	1423.82	223.99	10	10	-1	15.42	15.42
Saccade L	1	42	12119049107	12119177130	128023	1422.41	223.45	301.96	231.12	26.65	503.18	0.25	208.19	20680.40	-15142.45	6961.96
Saccade R	1	42	12119049107	12119177130	128023	1422.41	223.45	301.96	231.12	26.65	503.18	0.25	208.19	20680.40	-15142.45	6961.96
Fixation L	1	28	12119177130	12119377124	199994	296.75	228.26	21	22	-1	14.23	14.23
Fixation R	1	28	12119177130	12119377124	199994	296.75	228.26	21	22	-1	15.18	15.18
Saccade L	1	43	12119377124	12119433024	55900	303.44	224.09	531.47	222.36	5.34	286.20	0.36	95.45	13273.11	-10547.94	6470.79
Saccade R	1	43	12119377124	12119433024	55900	303.44	224.09	531.47	222.36	5.34	286.20	0.36	95.45	13273.11	-10547.94	6470.79
Fixation L	1	29	12119433024	12119589105	156081	543.07	232.06	21	61	-1	14.04	14.04
Fixation R	1	29	12119433024	12119589105	156081	543.07	232.06	21	61	-1	14.98	14.98
Saccade L	1	44	12119589105	12119649111	60006	541.17	250.73	364.76	340.25	4.43	190.50	0.33	73.80	9019.78	-7249.61	4284.83
Saccade R	1	44	12119589105	12119649111	60006	541.17	250.73	364.76	340.25	4.43	190.50	0.33	73.80	9019.78	-7249.61	4284.83
Fixation L	1	30	12119649111	12119793123	144012	353.09	326.89	25	28	-1	13.96	13.96
Fixation R	1	30	12119649111	12119793123	144012	353.09	326.89	25	28	-1	14.82	14.82
Saccade L	1	45	12119793123	12119836995	43872	357.45	340.04	315.80	340.44	1.26	58.83	0.45	28.76	1685.03	-1935.90	1017.92
Saccade R	1	45	12119793123	12119836995	43872	357.45	340.04	315.80	340.44	1.26	58.83	0.45	28.76	1685.03	-1935.90	1017.92
Fixation L	1	31	12119836995	12119945068	108073	296.03	356.21	29	45	-1	14.04	14.04
Fixation R	1	31	12119836995	12119945068	108073	296.03	356.21	29	45	-1	14.69	14.69
Saccade L	1	46	12119945068	12119984978	39910	284.49	376.26	446.62	383.71	3.38	195.21	0.50	84.79	9061.02	-8864.69	5905.08
Saccade R	1	46	12119945068	12119984978	39910	284.49	376.26	446.62	383.71	3.38	195.21	0.50	84.79	9061.02	-8864.69	5905.08
Fixation L	1	32	12119984978	12120120993	136015	460.78	372.85	23	24	-1	13.79	13.79
Fixation R	1	32	12119984978	12120120993	136015	460.78	372.85	23	24	-1	14.80	14.80
Saccade L	1	47	12120120993	12120185023	64030	464.61	367.04	604.43	367.66	3.19	172.20	0.25	49.79	7891.28	-7214.56	3217.77
Saccade R	1	47	12120120993	12120185023	64030	464.61	367.04	604.43	367.66	3.19	172.20	0.25	49.79	7891.28	-7214.56	3217.77
Fixation L	1	33	12120185023	12120313050	128027	610.43	363.27	8	35	-1	13.63	13.63
Fixation R	1	33	12120185023	12120313050	128027	610.43	363.27	8	35	-1	14.48	14.48
Saccade L	1	48	12120313050	12120360990	47940	612.15	381.25	758.28	402.12	3.33	214.77	0.25	69.41	8934.10	-8085.04	4440.94
Saccade R	1	48	12120313050	12120360990	47940	612.15	381.25	758.28	402.12	3.33	214.77	0.25	69.41	8934.10	-8085.04	4440.94
Fixation L	1	34	12120360990	12120485008	124018	760.59	400.42	19	20	-1	13.83	13.83
Fixation R	1	34	12120360990	12120485008	124018	760.59	400.42	19	20	-1	14.82	14.82
Saccade L	1	49	12120485008	12120569015	84007	750.92	389.84	464.53	483.93	7.10	319.85	0.24	84.53	15455.09	-13219.36	5342.55
Saccade R	1	49	12120485008	12120569015	84007	750.92	389.84	464.53	483.93	7.10	319.85	0.24	84.53	15455.09	-13219.36	5342.55
Fixation L	1	35	12120569015	12120732998	163983	464.84	519.55	7	61	-1	14.10	14.10
Fixation R	1	35	12120569015	12120732998	163983	464.84	519.55	7	61	-1	15.14	15.14
Saccade L	1	50	12120732998	12120776947	43949	462.23	545.26	576.41	532.27	2.63	174.56	0.55	59.77	7345.30	-7643.80	4454.35
Saccade R	1	50	12120732998	12120776947	43949	462.23	545.26	576.41	532.27	2.63	174.56	0.55	59.77	7345.30	-7643.80	4454.35
Fixation L	1	36	12120776947	12120856936	79989	584.98	513.14	20	29	-1	14.33	14.33
Fixation R	1	36	12120776947	12120856936	79989	584.98	513.14	20	29	-1	15.41	15.41
Saccade L	1	51	12120856936	12120925010	68074	594.22	509.12	0.00	0.00	24.94	1183.27	0.59	366.38	43193.83	-41714.74	16314.34
Fixation L	1	37	12121077020	12121153018	75998	446.73	552.28	13	34	-1	14.44	14.44
Fixation R	1	37	12121077020	12121153018	75998	446.73	552.28	13	34	-1	15.42	15.42
Saccade L	1	52	12121153018	12121228878	75860	438.46	570.88	365.47	502.75	3.29	149.23	0.21	43.34	6058.44	-4984.92	2053.42
Saccade R	1	51	12121153018	12121228878	75860	438.46	570.88	365.47	502.75	3.29	149.23	0.21	43.34	6058.44	-4984.92	2053.42
Fixation L	1	38	12121228878	12121308896	80018	358.78	503.23	13	7	-1	14.32	14.32
Fixation R	1	38	12121228878	12121308896	80018	358.78	503.23	13	7	-1	15.44	15.44
Saccade L	1	53	12121308896	12121380891	71995	358.04	499.05	421.72	762.52	5.99	217.69	0.28	83.17	10705.81	-8046.92	4441.09
Saccade R	1	52	12121308896	12121380891	71995	358.04	499.05	421.72	762.52	5.99	217.69	0.28	83.17	10705.81	-8046.92	4441.09
Fixation L	1	39	12121380891	12121524888	143997	424.10	773.79	20	20	-1	13.77	13.77
Fixation R	1	39	12121380891	12121524888	143997	424.10	773.79	20	20	-1	15.04	15.04
Saccade L	1	54	12121524888	12121580909	56021	413.53	777.56	479.91	761.89	1.52	49.07	0.29	27.15	2199.71	-985.42	957.57
Saccade R	1	53	12121524888	12121580909	56021	413.53	777.56	479.91	761.89	1.52	49.07	0.29	27.15	2199.71	-985.42	957.57
Fixation L	1	40	12121580909	12121860930	280021	514.33	798.79	60	52	-1	13.63	13.63
Fixation R	1	40	12121580909	12121860930	280021	514.33	798.79	60	52	-1	14.98	14.98
Saccade L	1	55	12121860930	12121912933	52003	540.68	806.20	604.92	779.02	1.71	77.09	0.31	32.81	3425.80	-3291.05	1864.76
Saccade R	1	54	12121860930	12121912933	52003	540.68	806.20	604.92	779.02	1.71	77.09	0.31	32.81	3425.80	-3291.05	1864.76
Fixation L	1	41	12121912933	12122104939	192006	611.15	775.45	26	29	-1	13.66	13.66
Fixation R	1	41	12121912933	12122104939	192006	611.15	775.45	26	29	-1	14.67	14.67
Saccade L	1	56	12122104939	12122164918	59979	596.70	794.05	1133.11	774.93	11.58	362.88	0.33	193.08	17461.97	-9459.87	9115.89
Saccade R	1	55	12122104939	12122164918	59979	596.70	794.05	1133.11	774.93	11.58	362.88	0.33	193.08	17461.97	-9459.87	9115.89
Fixation L	1	42	12122164918	12122324914	159996	1134.58	785.95	15	21	-1	13.64	13.64
Fixation R	1	42	12122164918	12122324914	159996	1134.58	785.95	15	21	-1	14.50	14.50
Saccade L	1	57	12122324914	12122368931	44017	1126.57	776.97	1034.40	521.78	6.06	273.28	0.45	137.64	13549.92	-12046.51	8917.78
Saccade R	1	56	12122324914	12122368931	44017	1126.57	776.97	1034.40	521.78	6.06	273.28	0.45	137.64	13549.92	-12046.51	8917.78
Fixation L	1	43	12122368931	12122516908	147977	1037.31	504.77	21	33	-1	13.54	13.54
Fixation R	1	43	12122368931	12122516908	147977	1037.31	504.77	21	33	-1	14.64	14.64
Saccade L	1	58	12122516908	12122544927	28019	1046.86	493.30	1198.30	498.46	3.06	237.63	0.57	109.10	11128.08	-11100.39	8141.18
Saccade R	1	57	12122516908	12122544927	28019	1046.86	493.30	1198.30	498.46	3.06	237.63	0.57	109.10	11128.08	-11100.39	8141.18
Fixation L	1	44	12122544927	12122668802	123875	1191.13	508.77	16	23	-1	13.44	13.44
Fixation R	1	44	12122544927	12122668802	123875	1191.13	508.77	16	23	-1	14.49	14.49
Saccade L	1	59	12122668802	12122720786	51984	1185.89	508.15	1266.03	476.73	2.03	80.08	0.62	39.03	2244.90	-3382.74	1814.25
Saccade R	1	58	12122668802	12122720786	51984	1185.89	508.15	1266.03	476.73	2.03	80.08	0.62	39.03	2244.90	-3382.74	1814.25
Fixation L	1	45	12122720786	12122904811	184025	1262.57	499.65	17	34	-1	13.54	13.54
Fixation R	1	45	12122720786	12122904811	184025	1262.57	499.65	17	34	-1	14.56	14.56
Saccade L	1	60	12122904811	12122964806	59995	1260.32	504.65	1163.33	782.52	6.65	281.74	0.33	110.81	13521.83	-10803.04	6825.88
Saccade R	1	59	12122904811	12122964806	59995	1260.32	504.65	1163.33	782.52	6.65	281.74	0.33	110.81	13521.83	-10803.04	6825.88
Fixation L	1	46	12122964806	12123220798	255992	1165.84	796.91	23	32	-1	13.75	13.75
Fixation R	1	46	12122964806	12123220798	255992	1165.84	796.91	23	32	-1	14.85	14.85
Saccade L	1	61	12123220798	12123288825	68027	1156.69	815.12	1026.28	629.60	6.00	228.49	0.29	88.17	10750.04	-5505.62	4151.42
Saccade R	1	60	12123220798	12123288825	68027	1156.69	815.12	1026.28	629.60	6.00	228.49	0.29	88.17	10750.04	-5505.62	4151.42
Fixation L	1	47	12123288825	12123476812	187987	1033.30	615.00	15	22	-1	14.07	14.07
Fixation R	1	47	12123288825	12123476812	187987	1033.30	615.00	15	22	-1	15.19	15.19
Saccade L	1	62	12123476812	12123540805	63993	1040.29	606.32	521.15	681.08	11.94	333.42	0.25	186.55	16270.65	-9052.06	8260.39
Saccade R	1	61	12123476812	12123540805	63993	1040.29	606.32	521.15	681.08	11.94	333.42	0.25	186.55	16270.65	-9052.06	8260.39
Fixation L	1	48	12123540805	12123716820	176015	519.67	691.11	16	19	-1	14.16	14.16
Fixation R	1	48	12123540805	12123716820	176015	519.67	691.11	16	19	-1	15.40	15.40
Saccade L	1	63	12123716820	12123768766	51946	512.26	687.99	413.87	507.41	4.84	260.67	0.31	93.21	12395.72	-9877.63	6287.78
Saccade R	1	62	12123716820	12123768766	51946	512.26	687.99	413.87	507.41	4.84	260.67	0.31	93.21	12395.72	-9877.63	6287.78
Fixation L	1	49	12123768766	12123920816	152050	413.04	520.13	23	24	-1	14.45	14.45
Fixation R	1	49	12123768766	12123920816	152050	413.04	520.13	23	24	-1	15.51	15.51
Saccade L	1	64	12123920816	12123960745	39929	425.24	512.43	331.10	371.44	3.88	212.24	0.60	97.07	10107.62	-9668.20	6866.66
Saccade R	1	63	12123920816	12123960745	39929	425.24	512.43	331.10	371.44	3.88	212.24	0.60	97.07	10107.62	-9668.20	6866.66
Fixation L	1	50	12123960745	12124124729	163984	358.63	360.49	42	50	-1	14.45	14.45
Fixation R	1	50	12123960745	12124124729	163984	358.63	360.49	42	50	-1	15.48	15.48
Saccade L	1	65	12124124729	12124192727	67998	371.13	334.97	279.79	123.18	6.69	376.02	0.35	98.46	16918.67	-14934.66	6859.35
Saccade R	1	64	12124124729	12124192727	67998	371.13	334.97	279.79	123.18	6.69	376.02	0.35	98.46	16918.67	-14934.66	6859.35
Saccade L	1	66	12124192727	12124224703	31976	279.79	123.18	294.55	117.94	2.16	107.83	0.50	67.60	3613.09	-4783.91	3321.88
Saccade R	1	65	12124192727	12124224703	31976	279.79	123.18	294.55	117.94	2.16	107.83	0.50	67.60	3613.09	-4783.91	3321.88
Saccade L	1	67	12124272733	12124368739	96006	296.75	114.63	269.37	337.36	7.24	172.76	0.67	75.36	5556.74	-5786.87	2551.55
Saccade R	1	66	12124272733	12124368739	96006	296.75	114.63	269.37	337.36	7.24	172.76	0.67	75.36	5556.74	-5786.87	2551.55
Fixation L	1	51	12124368739	12124532703	163964	254.29	358.20	26	45	-1	13.98	13.98
Fixation R	1	51	12124368739	12124532703	163964	254.29	358.20	26	45	-1	14.82	14.82
Saccade L	1	68	12124532703	12124596700	63997	244.02	372.68	508.43	460.76	6.18	293.85	0.31	96.54	14220.35	-12727.60	6431.49
Saccade R	1	67	12124532703	12124596700	63997	244.02	372.68	508.43	460.76	6.18	293.85	0.31	96.54	14220.35	-12727.60	6431.49
Fixation L	1	52	12124596700	12124740744	144044	525.42	432.13	24	73	-1	14.08	14.08
Fixation R	1	52	12124596700	12124740744	144044	525.42	432.13	24	73	-1	15.20	15.20
Saccade L	1	69	12124740744	12124800713	59969	515.81	386.89	669.88	411.77	3.52	185.85	0.27	58.75	8459.51	-7160.50	3497.96
Saccade R	1	68	12124740744	12124800713	59969	515.81	386.89	669.88	411.77	3.52	185.85	0.27	58.75	8459.51	-7160.50	3497.96
Fixation L	1	53	12124800713	12125020724	220011	686.68	440.76	24	59	-1	14.22	14.22
Fixation R	1	53	12124800713	12125020724	220011	686.68	440.76	24	59	-1	15.32	15.32
Saccade L	1	70	12125020724	12125064647	43923	678.37	462.09	749.43	460.69	1.52	73.94	0.27	34.70	3157.73	-1451.14	1482.43
Saccade R	1	69	12125020724	12125064647	43923	678.37	462.09	749.43	460.69	1.52	73.94	0.27	34.70	3157.73	-1451.14	1482.43
Fixation L	1	54	12125064647	12125184716	120069	756.26	450.95	14	19	-1	14.28	14.28
Fixation R	1	54	12125064647	12125184716	120069	756.26	450.95	14	19	-1	15.34	15.34
Saccade L	1	71	12125184716	12125268749	84033	751.84	441.42	523.25	651.89	7.47	199.50	0.57	88.94	5019.02	-8498.97	3312.55
Saccade R	1	70	12125184716	12125268749	84033	751.84	441.42	523.25	651.89	7.47	199.50	0.57	88.94	5019.02	-8498.97	3312.55
Fixation L	1	55	12125268749	12125388749	120000	528.83	664.00	14	17	-1	14.32	14.32
Fixation R	1	55	12125268749	12125388749	120000	528.83	664.00	14	17	-1	15.48	15.48
Saccade L	1	72	12125388749	12125428739	39990	522.65	666.76	380.81	542.79	4.10	228.25	0.50	102.42	10476.83	-10552.23	7343.71
Saccade R	1	71	12125388749	12125428739	39990	522.65	666.76	380.81	542.79	4.10	228.25	0.50	102.42	10476.83	-10552.23	7343.71
Fixation L	1	56	12125428739	12125600600	171861	376.55	542.34	23	35	-1	14.50	14.50
Fixation R	1	56	12125428739	12125600600	171861	376.55	542.34	23	35	-1	15.71	15.71
Saccade L	1	73	12125600600	12125660601	60001	370.49	540.73	533.60	527.16	3.67	188.36	0.33	61.11	8521.85	-6934.18	3726.38
Saccade R	1	72	12125600600	12125660601	60001	370.49	540.73	533.60	527.16	3.67	188.36	0.33	61.11	8521.85	-6934.18	3726.38
Fixation L	1	57	12125660601	12125760637	100036	552.11	508.47	26	32	-1	14.50	14.50
Fixation R	1	57	12125660601	12125760637	100036	552.11	508.47	26	32	-1	15.68	15.68
Saccade L	1	74	12125760637	12125844608	83971	559.23	504.16	212.18	197.18	13.37	614.17	0.29	159.23	28876.90	-22305.80	10368.19
Saccade R	1	73	12125760637	12125844608	83971	559.23	504.16	212.18	197.18	13.37	614.17	0.29	159.23	28876.90	-22305.80	10368.19
Fixation L	1	58	12125844608	12125952619	108011	223.11	187.78	25	14	-1	14.32	14.32
Fixation R	1	58	12125844608	12125952619	108011	223.11	187.78	25	14	-1	15.11	15.11
Saccade L	1	75	12125952619	12125988632	36013	229.99	192.03	210.63	98.72	1.95	128.40	0.44	54.17	5327.82	-5474.49	3734.49
Saccade R	1	74	12125952619	12125988632	36013	229.99	192.03	210.63	98.72	1.95	128.40	0.44	54.17	5327.82	-5474.49	3734.49
Fixation L	1	59	12125988632	12126176619	187987	192.40	106.51	30	42	-1	14.25	14.25
Fixation R	1	59	12125988632	12126176619	187987	192.40	106.51	30	42	-1	14.99	14.99
Saccade L	1	76	12126176619	12126232620	56001	194.45	114.16	428.99	173.70	5.36	304.49	0.50	95.80	13757.57	-12048.11	6808.95
Saccade R	1	75	12126176619	12126232620	56001	194.45	114.16	428.99	173.70	5.36	304.49	0.50	95.80	13757.57	-12048.11	6808.95
Fixation L	1	60	12126232620	12126396625	164005	439.24	177.09	35	10	-1	13.93	13.93
Fixation R	1	60	12126232620	12126396625	164005	439.24	177.09	35	10	-1	14.74	14.74
Saccade L	1	77	12126396625	12126444624	47999	449.80	178.00	579.71	168.15	2.90	159.48	0.33	60.35	7655.29	-7134.10	3866.66
Saccade R	1	76	12126396625	12126444624	47999	449.80	178.00	579.71	168.15	2.90	159.48	0.33	60.35	7655.29	-7134.10	3866.66
Fixation L	1	61	12126444624	12126496644	52020	586.65	164.82	13	7	-1	13.82	13.82
Fixation R	1	61	12126444624	12126496644	52020	586.65	164.82	13	7	-1	14.51	14.51
Saccade L	1	78	12126496644	12126544632	47988	586.59	165.02	542.78	190.99	1.09	43.05	0.33	22.77	1705.36	-1120.29	952.35
Saccade R	1	77	12126496644	12126544632	47988	586.59	165.02	542.78	190.99	1.09	43.05	0.33	22.77	1705.36	-1120.29	952.35
Fixation L	1	62	12126544632	12126600561	55929	551.61	196.90	17	13	-1	13.73	13.73
Fixation R	1	62	12126544632	12126600561	55929	551.61	196.90	17	13	-1	14.44	14.44
Saccade L	1	79	12126600561	12126672641	72080	559.01	207.12	723.81	146.38	4.09	216.05	0.22	56.68	9951.79	-7903.57	3468.27
Saccade R	1	78	12126600561	12126672641	72080	559.01	207.12	723.81	146.38	4.09	216.05	0.22	56.68	9951.79	-7903.57	3468.27
Fixation L	1	63	12126672641	12126792568	119927	736.88	143.65	33	7	-1	13.52	13.52
Fixation R	1	63	12126672641	12126792568	119927	736.88	143.65	33	7	-1	14.29	14.29
Saccade L	1	80	12126792568	12126860632	68064	755.02	144.21	899.69	104.89	3.91	176.34	0.41	57.42	7067.21	-6799.47	3371.23
Saccade R	1	79	12126792568	12126860632	68064	755.02	144.21	899.69	104.89	3.91	176.34	0.41	57.42	7067.21	-6799.47	3371.23
Fixation L	1	64	12126860632	12126964510	103878	913.48	91.15	27	26	-1	13.47	13.47
Fixation R	1	64	12126860632	12126964510	103878	913.48	91.15	27	26	-1	14.16	14.16
Fixation L	1	65	12127180514	12127268522	88008	286.06	241.08	34	19	-1	13.68	13.68
Fixation R	1	65	12127180514	12127268522	88008	286.06	241.08	34	19	-1	13.99	13.99
Saccade L	1	81	12127268522	12127308517	39995	297.66	231.60	248.59	213.94	1.22	63.90	0.50	30.50	2743.54	-2478.42	1718.71
Saccade R	1	80	12127268522	12127308517	39995	297.66	231.60	248.59	213.94	1.22	63.90	0.50	30.50	2743.54	-2478.42	1718.71
Fixation L	1	66	12127308517	12127364531	56014	247.39	205.74	7	13	-1	13.55	13.55
Fixation R	1	66	12127308517	12127364531	56014	247.39	205.74	7	13	-1	14.01	14.01
Saccade L	1	82	12127364531	12127416525	51994	244.60	199.56	518.72	217.95	6.58	284.40	0.38	126.48	13572.86	-9828.02	6549.76
Saccade R	1	81	12127364531	12127416525	51994	244.60	199.56	518.72	217.95	6.58	284.40	0.38	126.48	13572.86	-9828.02	6549.76
Saccade L	1	83	12127416525	12127456538	40013	518.72	217.95	507.12	228.70	4.44	270.70	0.60	110.89	7044.52	-7795.67	3026.92
Saccade R	1	82	12127416525	12127456538	40013	518.72	217.95	507.12	228.70	4.44	270.70	0.60	110.89	7044.52	-7795.67	3026.92
Saccade L	1	84	12127456538	12127484532	27994	507.12	228.70	496.21	218.30	1.55	191.38	0.29	55.52	1030.08	-7123.75	2958.61
Saccade R	1	83	12127456538	12127484532	27994	507.12	228.70	496.21	218.30	1.55	191.38	0.29	55.52	1030.08	-7123.75	2958.61
Fixation L	1	67	12127484532	12127576466	91934	501.39	217.09	10	12	-1	13.66	13.66
Fixation R	1	67	12127484532	12127576466	91934	501.39	217.09	10	12	-1	14.30	14.30
Saccade L	1	85	12127576466	12127604527	28061	496.97	218.35	662.93	67.83	4.16	293.08	0.57	148.07	13705.98	-5521.85	7402.47
Saccade R	1	84	12127576466	12127604527	28061	496.97	218.35	662.93	67.83	4.16	293.08	0.57	148.07	13705.98	-5521.85	7402.47
Saccade L	1	86	12127604527	12127632539	28012	662.93	67.83	679.23	240.31	2.13	215.45	0.29	75.97	-81.05	-9911.50	5426.26
Saccade R	1	85	12127604527	12127632539	28012	662.93	67.83	679.23	240.31	2.13	215.45	0.29	75.97	-81.05	-9911.50	5426.26
Fixation L	1	68	12127632539	12127708529	75990	683.54	228.40	17	24	-1	13.54	13.54
Fixation R	1	68	12127632539	12127708529	75990	683.54	228.40	17	24	-1	14.35	14.35
Saccade L	1	87	12127940532	12127980532	40000	870.56	230.84	859.72	92.62	3.16	190.61	0.50	79.11	7499.01	-7072.11	4795.65
Saccade R	1	86	12127940532	12127980532	40000	870.56	230.84	859.72	92.62	3.16	190.61	0.50	79.11	7499.01	-7072.11	4795.65
Saccade L	1	88	12127980532	12128012546	32014	859.72	92.62	849.39	94.37	2.40	113.50	0.50	74.95	5337.26	-2625.39	3131.80
Saccade R	1	87	12127980532	12128012546	32014	859.72	92.62	849.39	94.37	2.40	113.50	0.50	74.95	5337.26	-2625.39	3131.80
Saccade L	1	89	12128012546	12128084530	71984	849.39	94.37	1064.80	93.88	9.41	392.97	0.44	130.67	6400.58	-13521.64	5024.20
Saccade R	1	88	12128012546	12128084530	71984	849.39	94.37	1064.80	93.88	9.41	392.97	0.44	130.67	6400.58	-13521.64	5024.20
Fixation L	1	69	12128084530	12128288427	203897	1070.99	113.28	12	28	-1	13.54	13.54
Fixation R	1	69	12128084530	12128288427	203897	1070.99	113.28	12	28	-1	14.56	14.56
Saccade L	1	90	12128288427	12128356445	68018	1072.08	115.54	1217.93	144.64	3.59	147.64	0.41	52.84	5974.09	-5006.16	2878.58
Saccade R	1	89	12128288427	12128356445	68018	1072.08	115.54	1217.93	144.64	3.59	147.64	0.41	52.84	5974.09	-5006.16	2878.58
Fixation L	1	70	12128356445	12128508411	151966	1223.90	154.85	29	32	-1	13.53	13.53
Fixation R	1	70	12128356445	12128508411	151966	1223.90	154.85	29	32	-1	14.67	14.67
Saccade L	1	91	12128508411	12128548431	40020	1224.81	164.36	1270.11	138.15	1.14	64.11	0.50	28.55	2775.85	-2402.97	1612.06
Saccade R	1	90	12128508411	12128548431	40020	1224.81	164.36	1270.11	138.15	1.14	64.11	0.50	28.55	2775.85	-2402.97	1612.06
Fixation L	1	71	12128548431	12128748437	200006	1277.25	168.04	13	56	-1	13.47	13.47
Fixation R	1	71	12128548431	12128748437	200006	1277.25	168.04	13	56	-1	14.39	14.39
Saccade L	1	92	12128748437	12128832423	83986	1273.77	191.43	1122.47	778.54	13.88	300.45	0.48	165.31	10561.29	-8255.60	6033.17
Saccade R	1	91	12128748437	12128832423	83986	1273.77	191.43	1122.47	778.54	13.88	300.45	0.48	165.31	10561.29	-8255.60	6033.17
Fixation L	1	72	12128832423	12128988450	156027	1136.50	785.89	27	16	-1	13.99	13.99
Fixation R	1	72	12128832423	12128988450	156027	1136.50	785.89	27	16	-1	14.98	14.98
Saccade L	1	93	12128988450	12129032452	44002	1148.41	784.10	1228.88	787.63	1.76	82.87	0.27	39.98	3546.38	-2867.29	2023.94
Saccade R	1	92	12128988450	12129032452	44002	1148.41	784.10	1228.88	787.63	1.76	82.87	0.27	39.98	3546.38	-2867.29	2023.94
Fixation L	1	73	12129032452	12129212445	179993	943.96	605.85	1599	1008	-1	12.75	12.59
Fixation R	1	73	12129032452	12129124444	91992	1234.78	781.01	11	14	-1	15.40	15.40
Fixation L	1	74	12129312364	12129380451	68087	568.58	789.04	14	7	-1	14.49	14.49
Fixation R	1	74	12129312364	12129380451	68087	568.58	789.04	14	7	-1	15.65	15.65
Saccade L	1	94	12129380451	12129428452	48001	568.72	787.36	510.00	814.43	1.44	68.65	0.33	29.96	2969.03	-2446.54	1474.44
Saccade R	1	93	12129380451	12129428452	48001	568.72	787.36	510.00	814.43	1.44	68.65	0.33	29.96	2969.03	-2446.54	1474.44
Fixation L	1	75	12129428452	12129820347	391895	533.43	809.55	73	37	-1	14.73	14.73
Fixation R	1	75	12129428452	12129820347	391895	533.43	809.55	73	37	-1	15.82	15.82
Saccade L	1	95	12129820347	12129860315	39968	571.45	801.46	514.90	799.27	1.20	63.05	0.40	29.91	2293.22	-2175.38	1490.79
Saccade R	1	94	12129820347	12129860315	39968	571.45	801.46	514.90	799.27	1.20	63.05	0.40	29.91	2293.22	-2175.38	1490.79
Fixation L	1	76	12129860315	12130372357	512042	526.75	823.85	66	44	-1	14.56	14.56
Fixation R	1	76	12129860315	12130372357	512042	526.75	823.85	66	44	-1	15.95	15.95
Saccade L	1	96	12130372357	12130456339	83982	488.91	832.91	1062.48	832.39	12.68	338.48	0.29	150.94	16630.50	-10223.05	6938.62
Saccade R	1	95	12130372357	12130456339	83982	488.91	832.91	1062.48	832.39	12.68	338.48	0.29	150.94	16630.50	-10223.05	6938.62
Fixation L	1	77	12130456339	12130624257	167918	1058.83	835.01	19	21	-1	14.81	14.81
Fixation R	1	77	12130456339	12130624257	167918	1058.83	835.01	19	21	-1	16.20	16.20
Saccade L	1	97	12130624257	12130676348	52091	1053.56	848.12	1142.36	860.74	2.01	99.28	0.31	38.58	4765.06	-3233.55	2109.96
Saccade R	1	96	12130624257	12130676348	52091	1053.56	848.12	1142.36	860.74	2.01	99.28	0.31	38.58	4765.06	-3233.55	2109.96
Fixation L	1	78	12130676348	12130868344	191996	1150.41	841.72	34	30	-1	14.81	14.81
Fixation R	1	78	12130676348	12130868344	191996	1150.41	841.72	34	30	-1	16.21	16.21
Saccade L	1	98	12130868344	12130920357	52013	1133.44	850.90	1195.17	880.42	2.16	122.42	0.54	41.52	5223.06	-4576.23	2541.30
Saccade R	1	97	12130868344	12130920357	52013	1133.44	850.90	1195.17	880.42	2.16	122.42	0.54	41.52	5223.06	-4576.23	2541.30
Fixation L	1	79	12130920357	12131020343	99986	1213.56	882.72	29	21	-1	15.11	15.11
Fixation R	1	79	12130920357	12131020343	99986	1213.56	882.72	29	21	-1	16.38	16.38
Saccade L	1	99	12131020343	12131064353	44010	1212.43	888.22	1161.39	913.10	1.30	66.73	0.27	29.43	3120.57	-2242.10	1513.47
Saccade R	1	98	12131020343	12131064353	44010	1212.43	888.22	1161.39	913.10	1.30	66.73	0.27	29.43	3120.57	-2242.10	1513.47
Fixation L	1	80	12131064353	12131196255	131902	1173.69	919.81	24	11	-1	15.32	15.32
Fixation R	1	80	12131064353	12131196255	131902	1173.69	919.81	24	11	-1	16.46	16.46
Saccade L	1	100	12131196255	12131248234	51979	1178.52	923.68	1197.53	853.23	1.84	79.62	0.46	35.34	3270.58	-2620.84	1835.64
Saccade R	1	99	12131196255	12131248234	51979	1178.52	923.68	1197.53	853.23	1.84	79.62	0.46	35.34	3270.58	-2620.84	1835.64
Fixation L	1	81	12131248234	12131412235	164001	1192.47	869.87	17	44	-1	15.37	15.37
Fixation R	1	81	12131248234	12131412235	164001	1192.47	869.87	17	44	-1	16.88	16.88
Saccade L	1	101	12131412235	12131456238	44003	1178.62	857.72	1283.94	888.10	2.59	160.77	0.45	58.81	7625.85	-7214.85	4327.94
Saccade R	1	100	12131412235	12131456238	44003	1178.62	857.72	1283.94	888.10	2.59	160.77	0.45	58.81	7625.85	-7214.85	4327.94
Fixation L	1	82	12131456238	12131596235	139997	1282.69	886.29	23	8	-1	15.52	15.52
Fixation R	1	82	12131456238	12131596235	139997	1282.69	886.29	23	8	-1	17.08	17.08
Saccade L	1	102	12131596235	12131692242	96007	1290.55	887.12	1440.46	908.01	6.49	181.98	0.21	67.55	8168.70	-4832.28	2475.79
Saccade R	1	101	12131596235	12131692242	96007	1290.55	887.12	1440.46	908.01	6.49	181.98	0.21	67.55	8168.70	-4832.28	2475.79
Saccade L	1	103	12131724272	12131752230	27958	1412.66	894.22	1433.77	884.00	0.57	41.63	0.71	20.55	1475.35	-1321.51	846.53
Saccade R	1	102	12131724272	12131752230	27958	1412.66	894.22	1433.77	884.00	0.57	41.63	0.71	20.55	1475.35	-1321.51	846.53
Saccade L	1	104	12131772237	12131856246	84009	1430.34	892.44	0.00	0.00	51.92	2299.31	0.67	618.07	94056.76	-64118.16	28321.92
Saccade R	1	103	12131772237	12131856246	84009	1430.34	892.44	0.00	0.00	51.92	2299.31	0.67	618.07	94056.76	-64118.16	28321.92
Fixation L	1	83	12131856246	12133504146	1647900	0.00	0.00	0	0	-1	15.53	15.53
Fixation R	1	83	12131856246	12133504146	1647900	0.00	0.00	0	0	-1	16.34	16.34
Fixation L	1	84	12133588167	12133744176	156009	1051.56	917.39	58	18	-1	17.56	17.56
Fixation R	1	84	12133588167	12133744176	156009	1051.56	917.39	58	18	-1	19.11	19.11
Saccade L	1	105	12133744176	12133792179	48003	1043.49	911.97	992.83	867.65	2.18	120.09	0.25	45.33	5483.12	-4342.74	2396.74
Saccade R	1	104	12133744176	12133792179	48003	1043.49	911.97	992.83	867.65	2.18	120.09	0.25	45.33	5483.12	-4342.74	2396.74
Fixation L	1	85	12133792179	12134240051	447872	1019.28	836.06	49	64	-1	16.26	16.26
Fixation R	1	85	12133792179	12134240051	447872	1019.28	836.06	49	64	-1	17.48	17.48
Saccade L	1	106	12134240051	12134292068	52017	1025.83	820.65	704.81	707.35	7.53	304.08	0.46	144.84	14654.58	-13230.60	9304.70
Saccade R	1	105	12134240051	12134292068	52017	1025.83	820.65	704.81	707.35	7.53	304.08	0.46	144.84	14654.58	-13230.60	9304.70
Fixation L	1	86	12134292068	12134512033	219965	682.83	712.96	43	36	-1	14.77	14.77
Fixation R	1	86	12134292068	12134512033	219965	682.83	712.96	43	36	-1	15.86	15.86
Saccade L	1	107	12134512033	12134568051	56018	665.23	727.70	792.46	585.36	4.39	179.93	0.36	78.37	8611.92	-6477.50	4587.08
Saccade R	1	106	12134512033	12134568051	56018	665.23	727.70	792.46	585.36	4.39	179.93	0.36	78.37	8611.92	-6477.50	4587.08
Fixation L	1	87	12134568051	12134696047	127996	784.41	581.25	19	32	-1	14.58	14.58
Fixation R	1	87	12134568051	12134696047	127996	784.41	581.25	19	32	-1	15.67	15.67
Saccade L	1	108	12134696047	12134756064	60017	785.94	586.30	1036.76	797.25	7.57	281.07	0.40	126.17	12393.48	-10338.03	7108.43
Saccade R	1	107	12134696047	12134756064	60017	785.94	586.30	1036.76	797.25	7.57	281.07	0.40	126.17	12393.48	-10338.03	7108.43
Fixation L	1	88	12134756064	12134876052	119988	1050.34	811.97	28	22	-1	15.18	15.18
Fixation R	1	88	12134756064	12134876052	119988	1050.34	811.97	28	22	-1	15.86	15.86
Saccade L	1	109	12134876052	12134932066	56014	1054.00	812.63	1115.43	830.58	1.61	66.94	0.21	28.71	3142.93	-1398.91	1122.91
Saccade R	1	108	12134876052	12134932066	56014	1054.00	812.63	1115.43	830.58	1.61	66.94	0.21	28.71	3142.93	-1398.91	1122.91
Fixation L	1	89	12134932066	12135083980	151914	1119.77	832.87	11	15	-1	15.39	15.39
Fixation R	1	89	12134932066	12135083980	151914	1119.77	832.87	11	15	-1	16.23	16.23
Fixation L	1	90	12135152054	12135288070	136016	1091.68	781.10	28	24	-1	15.71	15.71
Fixation R	1	90	12135152054	12135288070	136016	1091.68	781.10	28	24	-1	16.53	16.53
Saccade L	1	110	12135288070	12135352072	64002	1091.10	793.18	1027.59	804.11	1.58	56.14	0.37	24.73	1978.31	-1539.01	921.71
Saccade R	1	109	12135288070	12135352072	64002	1091.10	793.18	1027.59	804.11	1.58	56.14	0.37	24.73	1978.31	-1539.01	921.71
Fixation L	1	91	12135352072	12135663954	311882	1027.44	809.35	29	35	-1	15.56	15.56
Fixation R	1	91	12135352072	12135663954	311882	1027.44	809.35	29	35	-1	16.26	16.26
Saccade L	1	111	12135663954	12135735938	71984	1013.42	816.71	373.68	614.36	14.98	413.84	0.33	208.12	19498.48	-9953.12	9156.63
Saccade R	1	110	12135663954	12135735938	71984	1013.42	816.71	373.68	614.36	14.98	413.84	0.33	208.12	19498.48	-9953.12	9156.63
Fixation L	1	92	12135783947	12135915959	132012	370.29	581.16	32	20	-1	15.51	15.51
Fixation R	1	92	12135783947	12135915959	132012	370.29	581.16	32	20	-1	16.21	16.21
Saccade L	1	112	12135915959	12135967953	51994	384.08	592.46	585.69	556.36	4.42	226.66	0.38	84.94	10534.55	-9387.58	5793.04
Saccade R	1	111	12135915959	12135967953	51994	384.08	592.46	585.69	556.36	4.42	226.66	0.38	84.94	10534.55	-9387.58	5793.04
Fixation L	1	93	12135967953	12136103949	135996	586.38	551.21	14	9	-1	15.50	15.50
Fixation R	1	93	12135967953	12136103949	135996	586.38	551.21	14	9	-1	16.64	16.64
Saccade L	1	113	12136103949	12136155990	52041	585.54	554.02	369.78	414.58	5.85	282.91	0.46	112.50	13569.17	-12143.30	7861.75
Saccade R	1	112	12136103949	12136155990	52041	585.54	554.02	369.78	414.58	5.85	282.91	0.46	112.50	13569.17	-12143.30	7861.75
Fixation L	1	94	12136155990	12136379901	223911	364.88	385.80	9	45	-1	15.52	15.52
Fixation R	1	94	12136155990	12136379901	223911	364.88	385.80	9	45	-1	16.55	16.55
Saccade L	1	114	12136379901	12136443884	63983	370.58	382.33	342.75	250.01	8.59	400.36	0.31	134.25	18408.97	-13086.51	7014.59
Saccade R	1	113	12136379901	12136443884	63983	370.58	382.33	342.75	250.01	8.59	400.36	0.31	134.25	18408.97	-13086.51	7014.59
Fixation L	1	95	12136443884	12136531958	88074	330.54	259.21	25	12	-1	15.57	15.57
Fixation R	1	95	12136443884	12136531958	88074	330.54	259.21	25	12	-1	16.03	16.03
Saccade L	1	115	12136531958	12136603889	71931	320.95	258.59	338.89	286.15	5.68	128.78	0.50	79.02	5197.31	-6059.85	3146.68
Saccade R	1	114	12136531958	12136603889	71931	320.95	258.59	338.89	286.15	5.68	128.78	0.50	79.02	5197.31	-6059.85	3146.68
Saccade L	1	116	12136635894	12136683881	47987	334.49	271.02	533.91	209.65	7.04	222.44	0.25	146.73	10221.39	-8329.15	5742.00
Saccade R	1	115	12136635894	12136683881	47987	334.49	271.02	533.91	209.65	7.04	222.44	0.25	146.73	10221.39	-8329.15	5742.00
Fixation L	1	96	12136683881	12136811855	127974	535.28	202.00	20	35	-1	15.21	15.21
Fixation R	1	96	12136683881	12136811855	127974	535.28	202.00	20	35	-1	16.18	16.18
Saccade L	1	117	12136811855	12136863867	52012	524.80	184.90	755.46	347.20	6.28	345.01	0.38	120.70	16178.66	-11993.04	7948.60
Saccade R	1	116	12136811855	12136863867	52012	524.80	184.90	755.46	347.20	6.28	345.01	0.38	120.70	16178.66	-11993.04	7948.60
Fixation L	1	97	12136863867	12136979862	115995	751.47	348.36	16	19	-1	14.97	14.97
Fixation R	1	97	12136863867	12136979862	115995	751.47	348.36	16	19	-1	16.07	16.07
Saccade L	1	118	12136979862	12137043863	64001	752.13	353.57	1098.82	642.49	10.19	348.36	0.38	159.21	16500.67	-8526.51	8462.18
Saccade R	1	117	12136979862	12137043863	64001	752.13	353.57	1098.82	642.49	10.19	348.36	0.38	159.21	16500.67	-8526.51	8462.18
Fixation L	1	98	12137043863	12137219884	176021	1098.41	622.90	14	53	-1	14.92	14.92
Fixation R	1	98	12137043863	12137219884	176021	1098.41	622.90	14	53	-1	16.19	16.19
Saccade L	1	119	12137219884	12137271844	51960	1096.46	587.82	1227.19	688.02	3.79	185.93	0.38	72.91	8375.78	-7489.58	4703.42
Saccade R	1	118	12137219884	12137271844	51960	1096.46	587.82	1227.19	688.02	3.79	185.93	0.38	72.91	8375.78	-7489.58	4703.42
Fixation L	1	99	12137271844	12137343880	72036	1231.88	693.18	8	7	-1	14.74	14.74
Fixation R	1	99	12137271844	12137343880	72036	1231.88	693.18	8	7	-1	16.07	16.07
Saccade L	1	120	12137343880	12137391863	47983	1229.76	690.73	1202.59	775.29	1.89	70.34	0.50	39.29	2964.90	-2909.20	2030.80
Saccade R	1	119	12137343880	12137391863	47983	1229.76	690.73	1202.59	775.29	1.89	70.34	0.50	39.29	2964.90	-2909.20	2030.80
Fixation L	1	100	12137391863	12137559873	168010	1187.10	778.02	23	8	-1	14.85	14.85
Fixation R	1	100	12137391863	12137559873	168010	1187.10	778.02	23	8	-1	16.07	16.07
Saccade L	1	121	12137559873	12137591867	31994	1180.29	780.95	1206.52	694.05	1.86	129.42	0.50	58.26	5771.33	-5364.56	3993.71
Saccade R	1	120	12137559873	12137591867	31994	1180.29	780.95	1206.52	694.05	1.86	129.42	0.50	58.26	5771.33	-5364.56	3993.71
Fixation L	1	101	12137591867	12137667859	75992	1219.76	699.61	32	8	-1	14.82	14.82
Fixation R	1	101	12137591867	12137667859	75992	1219.76	699.61	32	8	-1	15.98	15.98
Saccade L	1	122	12137667859	12137723781	55922	1234.27	698.80	1185.01	829.82	3.05	117.02	0.43	54.52	5044.24	-4531.75	2859.14
Saccade R	1	121	12137667859	12137723781	55922	1234.27	698.80	1185.01	829.82	3.05	117.02	0.43	54.52	5044.24	-4531.75	2859.14
Fixation L	1	102	12137723781	12137875869	152088	1172.94	838.41	17	18	-1	14.90	14.90
Fixation R	1	102	12137723781	12137875869	152088	1172.94	838.41	17	18	-1	16.26	16.26
Saccade L	1	123	12137875869	12137895889	20020	1179.09	849.20	1160.56	852.86	0.45	43.63	0.60	22.51	1597.40	-862.45	858.81
Saccade R	1	122	12137875869	12137895889	20020	1179.09	849.20	1160.56	852.86	0.45	43.63	0.60	22.51	1597.40	-862.45	858.81
Fixation L	1	103	12137895889	12138431744	535855	1120.18	846.65	75	22	-1	14.97	14.97
Fixation R	1	103	12137895889	12138431744	535855	1120.18	846.65	75	22	-1	16.11	16.11
Saccade L	1	124	12138659781	12138687750	27969	1291.03	742.12	1313.29	736.05	0.62	42.06	0.57	22.34	376.77	-1400.00	610.64
Saccade R	1	123	12138659781	12138687750	27969	1291.03	742.12	1313.29	736.05	0.62	42.06	0.57	22.34	376.77	-1400.00	610.64
Fixation L	1	104	12138687750	12138759760	72010	1324.89	717.57	39	38	-1	15.28	15.28
Fixation R	1	104	12138687750	12138759760	72010	1324.89	717.57	39	38	-1	16.54	16.54
Saccade L	1	125	12138759760	12138823758	63998	1344.21	702.03	1414.81	737.80	3.68	206.65	0.38	57.44	7960.55	-7875.35	3181.01
Saccade R	1	124	12138759760	12138823758	63998	1344.21	702.03	1414.81	737.80	3.68	206.65	0.38	57.44	7960.55	-7875.35	3181.01
Saccade L	1	126	12138867792	12138955757	87965	1418.96	763.98	1130.62	994.11	9.41	373.26	0.32	107.00	16214.11	-15013.69	6331.60
Saccade R	1	125	12138867792	12138955757	87965	1418.96	763.98	1130.62	994.11	9.41	373.26	0.32	107.00	16214.11	-15013.69	6331.60
Fixation L	1	105	12138955757	12139095772	140015	1137.56	984.28	22	19	-1	15.92	15.92
Fixation R	1	105	12138955757	12139239780	284023	759.84	664.54	1148	1003	-1	13.47	13.47
Fixation L	1	106	12139399770	12139611653	211883	349.12	355.39	843	750	-1	12.83	12.83
Fixation R	1	106	12139399770	12139463776	64006	0.00	0.00	0	0	-1	11.84	11.84
Saccade L	1	127	12139611653	12139643666	32013	496.90	537.52	494.23	550.90	0.80	45.96	0.25	25.01	1150.47	-1133.21	833.66
Saccade R	1	126	12139611653	12139643666	32013	496.90	537.52	494.23	550.90	0.80	45.96	0.25	25.01	1150.47	-1133.21	833.66
Saccade L	1	128	12139651669	12139703648	51979	497.32	558.77	441.33	393.44	4.29	181.20	0.54	82.58	7498.81	-7447.63	4881.51
Saccade R	1	127	12139651669	12139703648	51979	497.32	558.77	441.33	393.44	4.29	181.20	0.54	82.58	7498.81	-7447.63	4881.51
Saccade L	1	129	12139743717	12139827673	83956	435.34	377.40	454.31	375.05	2.95	80.33	0.29	35.17	3176.62	-1569.56	839.99
Saccade R	1	128	12139743717	12139827673	83956	435.34	377.40	454.31	375.05	2.95	80.33	0.29	35.17	3176.62	-1569.56	839.99
Saccade L	1	130	12139847665	12139883667	36002	447.18	391.80	426.19	380.49	1.19	55.48	0.22	33.09	3567.50	-726.73	936.05
Saccade R	1	129	12139847665	12139883667	36002	447.18	391.80	426.19	380.49	1.19	55.48	0.22	33.09	3567.50	-726.73	936.05
Saccade L	1	131	12139883667	12139979677	96010	426.19	380.49	789.72	181.33	11.52	319.85	0.25	119.98	15047.38	-9599.84	5145.66
Saccade R	1	130	12139883667	12139979677	96010	426.19	380.49	789.72	181.33	11.52	319.85	0.25	119.98	15047.38	-9599.84	5145.66
Saccade L	1	132	12139987685	12140015678	27993	788.63	169.09	798.70	153.48	0.76	55.59	0.71	27.06	2108.85	-1978.33	1295.43
Saccade R	1	131	12139987685	12140015678	27993	788.63	169.09	798.70	153.48	0.76	55.59	0.71	27.06	2108.85	-1978.33	1295.43
Saccade L	1	133	12140039671	12140083677	44006	792.37	148.29	780.05	134.12	1.53	66.97	0.27	34.86	2888.68	-947.60	1239.13
Saccade R	1	132	12140039671	12140083677	44006	792.37	148.29	780.05	134.12	1.53	66.97	0.27	34.86	2888.68	-947.60	1239.13
Fixation R	1	107	12140083677	12141575574	1491897	48.10	12.57	797	583	-1	14.70	14.70
Fixation L	1	107	12140187662	12141575574	1387912	0.00	0.00	0	0	-1	12.50	12.50
Saccade L	1	134	12141575574	12141615568	39994	0.00	0.00	1658.43	957.65	43.29	3808.02	0.30	1082.46	159412.72	-151957.33	86930.16
Saccade R	1	133	12141575574	12141615568	39994	0.00	0.00	1658.43	957.65	43.29	3808.02	0.30	1082.46	159412.72	-151957.33	86930.16
Fixation L	1	108	12141615568	12141763503	147935	1686.97	945.03	67	34	-1	15.09	15.09
Fixation R	1	108	12141615568	12141763503	147935	1686.97	945.03	67	34	-1	16.72	16.72
Fixation L	1	109	12141851580	12141955502	103922	1162.56	882.83	15	25	-1	15.61	15.61
Fixation R	1	109	12141851580	12141955502	103922	1162.56	882.83	15	25	-1	16.95	16.95
Saccade L	1	135	12141955502	12142019523	64021	1167.38	885.29	1049.26	831.44	3.33	169.16	0.25	52.07	7692.33	-6904.19	3018.73
Saccade R	1	134	12141955502	12142019523	64021	1167.38	885.29	1049.26	831.44	3.33	169.16	0.25	52.07	7692.33	-6904.19	3018.73
Fixation L	1	110	12142019523	12142123605	104082	1049.46	823.36	10	17	-1	15.67	15.67
Fixation R	1	110	12142019523	12142123605	104082	1049.46	823.36	10	17	-1	16.91	16.91
Saccade L	1	136	12142123605	12142191580	67975	1056.80	814.90	516.22	687.39	12.34	359.29	0.47	181.53	16976.37	-12818.07	9043.58
Saccade R	1	135	12142123605	12142191580	67975	1056.80	814.90	516.22	687.39	12.34	359.29	0.47	181.53	16976.37	-12818.07	9043.58
Fixation L	1	111	12142191580	12142367584	176004	506.72	675.64	15	22	-1	15.21	15.21
Fixation R	1	111	12142191580	12142367584	176004	506.72	675.64	15	22	-1	16.66	16.66
Saccade L	1	137	12142367584	12142403504	35920	502.53	672.82	531.79	718.36	1.29	76.81	0.55	36.05	3391.05	-2790.99	2103.24
Saccade R	1	136	12142367584	12142403504	35920	502.53	672.82	531.79	718.36	1.29	76.81	0.55	36.05	3391.05	-2790.99	2103.24
Fixation L	1	112	12142403504	12142495489	91985	538.62	731.59	12	23	-1	15.18	15.18
Fixation R	1	112	12142403504	12142495489	91985	538.62	731.59	12	23	-1	16.67	16.67
Fixation L	1	113	12142719462	12143223508	504046	0.00	0.02	0	1	-1	14.58	14.52
Fixation R	1	113	12142719462	12143223508	504046	0.00	0.02	0	1	-1	16.06	15.97
Fixation L	1	114	12143347492	12143399496	52004	852.27	709.39	27	39	-1	16.54	16.54
Fixation R	1	114	12143347492	12143399496	52004	852.27	709.39	27	39	-1	17.50	17.50
Saccade L	1	138	12143415481	12143439488	24007	863.02	676.35	867.90	662.77	0.56	47.89	0.67	23.32	6350.15	-924.24	1557.95
Saccade R	1	137	12143415481	12143439488	24007	863.02	676.35	867.90	662.77	0.56	47.89	0.67	23.32	6350.15	-924.24	1557.95
Saccade L	1	139	12143439488	12143499414	59926	867.90	662.77	1060.89	769.16	5.53	305.23	0.27	92.20	12300.90	-10530.97	5482.85
Saccade R	1	138	12143439488	12143499414	59926	867.90	662.77	1060.89	769.16	5.53	305.23	0.27	92.20	12300.90	-10530.97	5482.85
Fixation L	1	115	12143499414	12143663492	164078	1075.08	771.41	23	35	-1	16.21	16.21
Fixation R	1	115	12143499414	12143663492	164078	1075.08	771.41	23	35	-1	17.36	17.36
Saccade L	1	140	12143663492	12143699486	35994	1081.79	764.81	1057.89	787.56	0.88	45.36	0.33	24.39	1663.09	-1339.74	921.39
Saccade R	1	139	12143663492	12143699486	35994	1081.79	764.81	1057.89	787.56	0.88	45.36	0.33	24.39	1663.09	-1339.74	921.39
Fixation L	1	116	12143699486	12143927385	227899	1048.29	811.37	20	44	-1	15.75	15.75
Fixation R	1	116	12143699486	12143927385	227899	1048.29	811.37	20	44	-1	16.64	16.64
Saccade L	1	141	12143927385	12144003389	76004	1052.88	820.45	457.44	395.42	16.28	476.28	0.37	214.15	20542.85	-13262.49	10096.74
Saccade R	1	140	12143927385	12144003389	76004	1052.88	820.45	457.44	395.42	16.28	476.28	0.37	214.15	20542.85	-13262.49	10096.74
Saccade L	1	142	12144031391	12144079395	48004	447.17	389.08	473.50	409.65	1.23	59.22	0.58	25.73	1932.02	-2398.27	1114.17
Saccade R	1	141	12144031391	12144079395	48004	447.17	389.08	473.50	409.65	1.23	59.22	0.58	25.73	1932.02	-2398.27	1114.17
Saccade L	1	143	12144119372	12144199391	80019	479.16	407.83	274.12	101.41	10.62	422.59	0.30	132.73	20166.20	-16212.33	7523.49
Saccade R	1	142	12144119372	12144199391	80019	479.16	407.83	274.12	101.41	10.62	422.59	0.30	132.73	20166.20	-16212.33	7523.49
Saccade L	1	144	12144199391	12144251397	52006	274.12	101.41	270.86	154.87	1.33	48.20	0.39	25.63	1060.25	-1069.08	691.60
Saccade R	1	143	12144199391	12144251397	52006	274.12	101.41	270.86	154.87	1.33	48.20	0.39	25.63	1060.25	-1069.08	691.60
Fixation L	1	117	12144251397	12144311373	59976	274.42	158.25	13	36	-1	14.92	14.92
Fixation R	1	117	12144251397	12144311373	59976	274.42	158.25	13	36	-1	15.68	15.68
Saccade L	1	145	12144311373	12144331383	20010	284.66	137.23	285.16	178.39	0.58	54.53	0.40	28.80	1382.66	-2034.44	1203.42
Saccade R	1	144	12144311373	12144331383	20010	284.66	137.23	285.16	178.39	0.58	54.53	0.40	28.80	1382.66	-2034.44	1203.42
Saccade L	1	146	12144367374	12144451399	84025	280.81	176.61	1054.25	795.67	22.46	520.59	0.24	267.29	24625.34	-13644.77	10838.24
Saccade R	1	145	12144367374	12144451399	84025	280.81	176.61	1054.25	795.67	22.46	520.59	0.24	267.29	24625.34	-13644.77	10838.24
Fixation L	1	118	12144451399	12144595392	143993	1059.24	794.36	13	23	-1	14.76	14.76
Fixation R	1	118	12144451399	12144595392	143993	1059.24	794.36	13	23	-1	15.49	15.49
Saccade L	1	147	12144595392	12144647391	51999	1062.43	786.74	1122.71	835.82	2.02	94.03	0.23	38.82	3880.60	-2058.87	1484.35
Saccade R	1	146	12144595392	12144647391	51999	1062.43	786.74	1122.71	835.82	2.02	94.03	0.23	38.82	3880.60	-2058.87	1484.35
Fixation L	1	119	12144647391	12145047410	400019	1113.73	830.38	19	34	-1	14.65	14.65
Fixation R	1	119	12144647391	12145047410	400019	1113.73	830.38	19	34	-1	15.56	15.56
Saccade L	1	148	12145047410	12145115320	67910	1115.43	841.27	1191.72	508.14	7.60	249.34	0.47	111.94	10297.40	-11060.58	6004.30
Saccade R	1	147	12145047410	12145115320	67910	1115.43	841.27	1191.72	508.14	7.60	249.34	0.47	111.94	10297.40	-11060.58	6004.30
Fixation L	1	120	12145115320	12145283310	167990	1191.66	516.36	17	46	-1	14.84	14.84
Fixation R	1	120	12145115320	12145283310	167990	1191.66	516.36	17	46	-1	15.79	15.79
Saccade L	1	149	12145283310	12145331279	47969	1189.10	542.10	1288.73	550.44	2.58	132.10	0.50	53.83	5016.58	-5224.58	2930.76
Saccade R	1	148	12145283310	12145331279	47969	1189.10	542.10	1288.73	550.44	2.58	132.10	0.50	53.83	5016.58	-5224.58	2930.76
Fixation L	1	121	12145331279	12145427274	95995	1284.09	547.44	11	12	-1	14.95	14.95
Fixation R	1	121	12145331279	12145427274	95995	1284.09	547.44	11	12	-1	15.84	15.84
Saccade L	1	150	12145427274	12145475280	48006	1287.35	539.43	1083.69	555.27	4.33	278.15	0.42	90.28	13315.33	-12657.46	7106.39
Saccade R	1	149	12145427274	12145475280	48006	1287.35	539.43	1083.69	555.27	4.33	278.15	0.42	90.28	13315.33	-12657.46	7106.39
Fixation L	1	122	12145475280	12145639289	164009	1085.43	560.11	19	21	-1	14.77	14.77
Fixation R	1	122	12145475280	12145639289	164009	1085.43	560.11	19	21	-1	15.76	15.76
Saccade L	1	151	12145639289	12145711280	71991	1094.42	555.78	930.83	140.89	10.67	519.37	0.33	148.26	24731.36	-22980.90	10348.72
Saccade R	1	150	12145639289	12145711280	71991	1094.42	555.78	930.83	140.89	10.67	519.37	0.33	148.26	24731.36	-22980.90	10348.72
Saccade L	1	152	12145727313	12145763282	35969	922.91	135.76	917.43	93.80	0.98	46.25	0.33	27.32	1443.52	-1803.68	1228.49
Saccade R	1	151	12145727313	12145763282	35969	922.91	135.76	917.43	93.80	0.98	46.25	0.33	27.32	1443.52	-1803.68	1228.49
Fixation L	1	123	12145763282	12145919293	156011	930.56	100.53	32	34	-1	14.53	14.53
Fixation R	1	123	12145763282	12145919293	156011	930.56	100.53	32	34	-1	15.39	15.39
Saccade L	1	153	12145919293	12145983298	64005	933.86	120.12	1144.99	313.08	7.65	232.52	0.63	119.51	10604.81	-9323.02	5096.98
Saccade R	1	152	12145919293	12145983298	64005	933.86	120.12	1144.99	313.08	7.65	232.52	0.63	119.51	10604.81	-9323.02	5096.98
Fixation L	1	124	12145983298	12146127299	144001	1156.20	314.45	21	33	-1	14.43	14.43
Fixation R	1	124	12145983298	12146127299	144001	1156.20	314.45	21	33	-1	15.27	15.27
Saccade L	1	154	12146127299	12146171315	44016	1165.08	322.31	1201.58	604.25	6.19	287.25	0.36	140.65	14026.36	-12043.25	8975.61
Saccade R	1	153	12146127299	12146171315	44016	1165.08	322.31	1201.58	604.25	6.19	287.25	0.36	140.65	14026.36	-12043.25	8975.61
Fixation L	1	125	12146171315	12146355293	183978	1203.29	598.72	22	30	-1	14.47	14.47
Fixation R	1	125	12146171315	12146355293	183978	1203.29	598.72	22	30	-1	15.46	15.46
Saccade L	1	155	12146355293	12146407330	52037	1202.11	607.68	1230.29	796.93	4.15	166.55	0.31	79.84	7657.39	-4996.14	3739.91
Saccade R	1	154	12146355293	12146407330	52037	1202.11	607.68	1230.29	796.93	4.15	166.55	0.31	79.84	7657.39	-4996.14	3739.91
Fixation L	1	126	12146407330	12146727197	319867	1218.85	818.34	24	50	-1	14.76	14.76
Fixation R	1	126	12146407330	12146727197	319867	1218.85	818.34	24	50	-1	15.74	15.74
Saccade L	1	156	12146727197	12146767195	39998	1219.17	806.59	1221.93	862.23	1.16	48.52	0.50	29.06	2141.21	-1809.16	1426.33
Saccade R	1	155	12146727197	12146767195	39998	1219.17	806.59	1221.93	862.23	1.16	48.52	0.50	29.06	2141.21	-1809.16	1426.33
Fixation L	1	127	12146767195	12146887203	120008	1218.00	865.70	17	7	-1	15.02	15.02
Fixation R	1	127	12146767195	12146887203	120008	1218.00	865.70	17	7	-1	16.09	16.09
Saccade L	1	157	12146887203	12146935182	47979	1208.53	865.64	1155.31	881.83	1.22	52.51	0.25	25.50	2412.37	-1359.92	1114.56
Saccade R	1	156	12146887203	12146935182	47979	1208.53	865.64	1155.31	881.83	1.22	52.51	0.25	25.50	2412.37	-1359.92	1114.56
Fixation L	1	128	12146935182	12147215189	280007	1141.28	878.04	28	20	-1	14.87	14.87
Fixation R	1	128	12146935182	12147215189	280007	1141.28	878.04	28	20	-1	16.08	16.08
Saccade L	1	158	12147215189	12147295193	80004	1127.60	866.58	471.15	844.33	14.48	393.89	0.30	180.97	18785.02	-11983.15	8390.98
Saccade R	1	157	12147215189	12147295193	80004	1127.60	866.58	471.15	844.33	14.48	393.89	0.30	180.97	18785.02	-11983.15	8390.98
Fixation L	1	129	12147295193	12147707129	411936	495.27	814.73	49	42	-1	14.22	14.22
Fixation R	1	129	12147295193	12147707129	411936	495.27	814.73	49	42	-1	15.51	15.51
Saccade L	1	159	12147707129	12147763203	56074	504.77	802.97	435.75	533.99	6.10	199.83	0.36	108.77	9138.73	-8208.95	5267.73
Saccade R	1	158	12147707129	12147763203	56074	504.77	802.97	435.75	533.99	6.10	199.83	0.36	108.77	9138.73	-8208.95	5267.73
Fixation L	1	130	12147763203	12147971221	208018	448.65	544.69	22	38	-1	13.93	13.93
Fixation R	1	130	12147763203	12147971221	208018	448.65	544.69	22	38	-1	14.74	14.74
Saccade L	1	160	12147971221	12148027213	55992	458.69	572.93	429.66	383.17	4.39	198.15	0.21	78.41	9254.43	-7655.41	4511.13
Saccade R	1	159	12147971221	12148027213	55992	458.69	572.93	429.66	383.17	4.39	198.15	0.21	78.41	9254.43	-7655.41	4511.13
Fixation L	1	131	12148027213	12148243087	215874	444.76	362.08	24	52	-1	13.41	13.41
Fixation R	1	131	12148027213	12148243087	215874	444.76	362.08	24	52	-1	14.19	14.19
Saccade L	1	161	12148243087	12148291101	48014	450.55	383.23	348.43	386.45	2.49	118.23	0.42	51.83	5126.09	-4553.71	2987.37
Saccade R	1	160	12148243087	12148291101	48014	450.55	383.23	348.43	386.45	2.49	118.23	0.42	51.83	5126.09	-4553.71	2987.37
Fixation L	1	132	12148291101	12148475144	184043	335.01	351.07	28	66	-1	13.27	13.27
Fixation R	1	132	12148291101	12148475144	184043	335.01	351.07	28	66	-1	14.14	14.14
Saccade L	1	162	12148475144	12148507105	31961	319.54	338.57	335.12	374.47	0.91	63.64	0.37	28.41	2295.91	-2168.43	1450.54
Saccade R	1	161	12148475144	12148507105	31961	319.54	338.57	335.12	374.47	0.91	63.64	0.37	28.41	2295.91	-2168.43	1450.54
Saccade L	1	163	12148515107	12148559130	44023	338.15	355.14	596.97	396.56	5.68	261.09	0.36	129.01	12168.79	-8826.27	7201.75
Saccade R	1	162	12148515107	12148559130	44023	338.15	355.14	596.97	396.56	5.68	261.09	0.36	129.01	12168.79	-8826.27	7201.75
Saccade L	1	164	12148559130	12148607101	47971	596.97	396.56	608.16	387.11	1.72	60.60	0.75	35.84	811.75	-2529.67	946.21
Saccade R	1	163	12148559130	12148607101	47971	596.97	396.56	608.16	387.11	1.72	60.60	0.75	35.84	811.75	-2529.67	946.21
Saccade L	1	165	12148671136	12148703121	31985	605.07	417.04	602.69	398.13	0.86	63.48	0.25	26.87	376.60	-1682.41	652.32
Saccade R	1	164	12148671136	12148703121	31985	605.07	417.04	602.69	398.13	0.86	63.48	0.25	26.87	376.60	-1682.41	652.32
Fixation L	1	133	12148791103	12148911108	120005	610.32	404.43	18	45	-1	13.53	13.53
Fixation R	1	133	12148791103	12148911108	120005	610.32	404.43	18	45	-1	14.17	14.17
Saccade L	1	166	12148911108	12148963116	52008	616.93	385.33	344.11	403.68	6.20	252.41	0.31	119.27	11766.38	-8954.07	6744.00
Saccade R	1	165	12148911108	12148963116	52008	616.93	385.33	344.11	403.68	6.20	252.41	0.31	119.27	11766.38	-8954.07	6744.00
Fixation L	1	134	12148963116	12149031116	68000	338.67	399.20	10	24	-1	13.68	13.68
Fixation R	1	134	12148963116	12149031116	68000	338.67	399.20	10	24	-1	14.35	14.35
Fixation L	1	135	12149123138	12149527007	403869	0.13	0.00	2	0	-1	11.16	11.16
Saccade L	1	167	12150759428	12150947909	188481	0.00	0.00	929.04	684.66	139.97	2209.43	0.89	742.63	92210.73	-91681.85	62045.89
Fixation L	1	136	12150947909	12151075916	128007	925.98	668.44	19	38	-1	16.30	16.30
Fixation R	1	135	12150947909	12151075916	128007	925.98	668.44	19	38	-1	17.37	17.37
Saccade L	1	168	12151075916	12151151783	75867	917.68	658.63	1000.08	439.10	5.96	201.40	0.32	78.53	9758.98	-8721.88	4389.33
Saccade R	1	166	12151075916	12151151783	75867	917.68	658.63	1000.08	439.10	5.96	201.40	0.32	78.53	9758.98	-8721.88	4389.33
Saccade L	1	169	12151187821	12151271830	84009	1011.74	439.00	757.59	81.71	10.16	564.22	0.48	120.91	26186.28	-22948.57	8464.10
Saccade R	1	167	12151187821	12151271830	84009	1011.74	439.00	757.59	81.71	10.16	564.22	0.48	120.91	26186.28	-22948.57	8464.10
Fixation L	1	137	12151271830	12151335793	63963	757.76	105.09	28	33	-1	15.57	15.57
Fixation R	1	136	12151271830	12151335793	63963	757.76	105.09	28	33	-1	16.52	16.52
Saccade L	1	170	12151335793	12151379778	43985	758.87	113.52	764.71	102.50	1.30	55.54	0.27	29.51	2137.65	-1583.72	975.47
Saccade R	1	168	12151335793	12151379778	43985	758.87	113.52	764.71	102.50	1.30	55.54	0.27	29.51	2137.65	-1583.72	975.47
Fixation L	1	138	12151379778	12151435778	56000	753.74	103.73	36	26	-1	15.26	15.26
Fixation R	1	137	12151379778	12151435778	56000	753.74	103.73	36	26	-1	16.24	16.24
Saccade L	1	171	12151435778	12151487811	52033	749.05	111.44	789.89	47.25	1.90	74.28	0.62	36.52	2672.11	-2868.12	1675.32
Saccade R	1	169	12151435778	12151487811	52033	749.05	111.44	789.89	47.25	1.90	74.28	0.62	36.52	2672.11	-2868.12	1675.32
Saccade L	1	172	12151519787	12151547786	27999	779.37	46.76	764.62	66.58	0.70	41.24	0.71	24.90	1438.28	53.56	550.35
Saccade R	1	170	12151519787	12151547786	27999	779.37	46.76	764.62	66.58	0.70	41.24	0.71	24.90	1438.28	53.56	550.35
Saccade L	1	173	12151563789	12151607793	44004	795.26	65.63	779.96	54.24	1.39	56.05	0.27	31.51	944.23	-1537.06	904.81
Saccade R	1	171	12151563789	12151607793	44004	795.26	65.63	779.96	54.24	1.39	56.05	0.27	31.51	944.23	-1537.06	904.81
Saccade L	1	174	12151683804	12151703806	20002	768.78	78.52	807.33	91.77	0.53	50.52	0.60	26.28	1838.51	-997.85	730.49
Saccade R	1	172	12151683804	12151703806	20002	768.78	78.52	807.33	91.77	0.53	50.52	0.60	26.28	1838.51	-997.85	730.49
Saccade L	1	175	12151703806	12151811817	108011	807.33	91.77	1135.92	321.58	11.18	315.96	0.26	103.48	13992.02	-8612.05	4305.07
Saccade R	1	173	12151703806	12151811817	108011	807.33	91.77	1135.92	321.58	11.18	315.96	0.26	103.48	13992.02	-8612.05	4305.07
Saccade L	1	176	12151855795	12151915819	60024	1125.44	353.24	1109.28	607.71	5.72	286.61	0.40	95.24	12887.71	-11848.26	6357.22
Saccade R	1	174	12151855795	12151915819	60024	1125.44	353.24	1109.28	607.71	5.72	286.61	0.40	95.24	12887.71	-11848.26	6357.22
Fixation L	1	139	12151915819	12152023726	107907	1099.16	601.50	33	28	-1	14.27	14.27
Fixation R	1	138	12151915819	12152023726	107907	1099.16	601.50	33	28	-1	15.22	15.22
Saccade L	1	177	12152023726	12152083814	60088	1111.41	587.23	1151.86	823.42	5.33	230.14	0.27	88.76	10890.60	-7694.35	5176.44
Saccade R	1	175	12152023726	12152083814	60088	1111.41	587.23	1151.86	823.42	5.33	230.14	0.27	88.76	10890.60	-7694.35	5176.44
Fixation L	1	140	12152083814	12152419845	336031	1140.34	832.27	35	41	-1	14.80	14.80
Fixation R	1	139	12152083814	12152419845	336031	1140.34	832.27	35	41	-1	15.71	15.71
Saccade L	1	178	12152419845	12152447807	27962	1122.72	844.65	1075.62	851.12	1.14	89.34	0.57	40.81	3447.91	-3447.55	2527.16
Saccade R	1	176	12152419845	12152447807	27962	1122.72	844.65	1075.62	851.12	1.14	89.34	0.57	40.81	3447.91	-3447.55	2527.16
Fixation L	1	141	12152447807	12152639695	191888	1076.82	861.21	15	16	-1	15.07	15.07
Fixation R	1	140	12152447807	12152639695	191888	1076.82	861.21	15	16	-1	15.82	15.82
Saccade L	1	179	12152639695	12152683700	44005	1074.45	868.08	1082.69	754.98	2.49	165.86	0.27	56.48	7270.70	-6857.27	3795.00
Saccade R	1	177	12152639695	12152683700	44005	1074.45	868.08	1082.69	754.98	2.49	165.86	0.27	56.48	7270.70	-6857.27	3795.00
Fixation L	1	142	12152683700	12152799704	116004	1082.88	743.95	22	23	-1	14.68	14.68
Fixation R	1	141	12152683700	12152799704	116004	1082.88	743.95	22	23	-1	15.45	15.45
Saccade L	1	180	12152799704	12152887730	88026	1094.89	731.23	596.24	820.52	11.41	384.62	0.27	129.66	18144.12	-11822.31	6771.29
Saccade R	1	178	12152799704	12152887730	88026	1094.89	731.23	596.24	820.52	11.41	384.62	0.27	129.66	18144.12	-11822.31	6771.29
Fixation L	1	143	12152887730	12153043695	155965	584.11	796.85	16	35	-1	14.21	14.21
Fixation R	1	142	12152887730	12153043695	155965	584.11	796.85	16	35	-1	15.33	15.33
Saccade L	1	181	12153043695	12153103694	59999	584.06	785.64	1112.76	802.71	11.57	412.09	0.33	192.77	19307.71	-11902.45	10583.33
Saccade R	1	179	12153043695	12153103694	59999	584.06	785.64	1112.76	802.71	11.57	412.09	0.33	192.77	19307.71	-11902.45	10583.33
Fixation L	1	144	12153103694	12153551717	448023	1103.07	800.41	59	45	-1	14.60	14.60
Fixation R	1	143	12153103694	12153551717	448023	1103.07	800.41	59	45	-1	15.52	15.52
Saccade L	1	182	12153551717	12153611717	60000	1093.38	806.59	1028.86	847.07	1.81	68.55	0.27	30.19	3074.91	-1950.24	1248.09
Saccade R	1	180	12153551717	12153611717	60000	1093.38	806.59	1028.86	847.07	1.81	68.55	0.27	30.19	3074.91	-1950.24	1248.09
Fixation L	1	145	12153611717	12153947722	336005	1044.07	846.78	27	28	-1	14.68	14.68
Fixation R	1	144	12153611717	12153947722	336005	1044.07	846.78	27	28	-1	15.50	15.50
Saccade L	1	183	12153947722	12153975596	27874	1045.54	855.50	1126.50	855.51	1.73	143.92	0.57	61.95	6391.35	-6325.14	4670.82
Saccade R	1	181	12153947722	12153975596	27874	1045.54	855.50	1126.50	855.51	1.73	143.92	0.57	61.95	6391.35	-6325.14	4670.82
Fixation L	1	146	12153975596	12154251603	276007	1145.57	850.96	37	52	-1	14.56	14.56
Fixation R	1	145	12153975596	12154251603	276007	1145.57	850.96	37	52	-1	15.55	15.55
Saccade L	1	184	12154251603	12154303608	52005	1150.23	868.78	1071.79	908.21	2.07	113.91	0.31	39.87	5276.19	-4201.96	2311.09
Saccade R	1	182	12154251603	12154303608	52005	1150.23	868.78	1071.79	908.21	2.07	113.91	0.31	39.87	5276.19	-4201.96	2311.09
Fixation L	1	147	12154303608	12154455602	151994	1075.08	914.88	11	12	-1	14.54	14.54
Fixation R	1	146	12154303608	12154455602	151994	1075.08	914.88	11	12	-1	15.67	15.67
Saccade L	1	185	12154455602	12154483619	28017	1069.88	920.48	1111.93	913.72	0.87	64.40	0.57	31.12	2860.96	-2824.77	2116.78
Saccade R	1	183	12154455602	12154483619	28017	1069.88	920.48	1111.93	913.72	0.87	64.40	0.57	31.12	2860.96	-2824.77	2116.78
Fixation L	1	148	12154483619	12154647613	163994	1114.54	911.89	14	12	-1	14.79	14.79
Fixation R	1	147	12154483619	12154647613	163994	1114.54	911.89	14	12	-1	15.63	15.63
Saccade L	1	186	12154647613	12154679608	31995	1120.37	904.58	1065.84	905.76	1.41	103.90	0.38	44.05	4481.17	-4255.30	2969.84
Saccade R	1	184	12154647613	12154679608	31995	1120.37	904.58	1065.84	905.76	1.41	103.90	0.38	44.05	4481.17	-4255.30	2969.84
Fixation L	1	149	12154679608	12154951621	272013	1063.49	923.73	38	26	-1	14.83	14.83
Fixation R	1	148	12154679608	12154951621	272013	1063.49	923.73	38	26	-1	15.61	15.61
Saccade L	1	187	12154951621	12155027624	76003	1058.44	929.90	1416.34	737.01	11.82	276.42	0.21	155.46	13184.18	-7538.57	5843.44
Saccade R	1	185	12154951621	12155027624	76003	1058.44	929.90	1416.34	737.01	11.82	276.42	0.21	155.46	13184.18	-7538.57	5843.44
Fixation L	1	150	12155027624	12155099611	71987	1423.40	718.61	20	45	-1	14.61	14.61
Fixation R	1	149	12155027624	12155099611	71987	1423.40	718.61	20	45	-1	15.84	15.84
Saccade L	1	188	12155099611	12155147624	48013	1442.96	696.56	1460.45	732.45	1.25	49.02	0.50	26.10	1328.78	-1335.46	740.81
Saccade R	1	186	12155099611	12155147624	48013	1442.96	696.56	1460.45	732.45	1.25	49.02	0.50	26.10	1328.78	-1335.46	740.81
Saccade L	1	189	12155175552	12155215615	40063	1455.62	734.89	1419.47	698.91	1.16	54.98	0.30	28.97	2001.65	-1294.82	1143.40
Saccade R	1	187	12155175552	12155215615	40063	1455.62	734.89	1419.47	698.91	1.16	54.98	0.30	28.97	2001.65	-1294.82	1143.40
Fixation L	1	151	12155215615	12155327613	111998	1420.01	691.51	15	27	-1	14.83	14.83
Fixation R	1	150	12155215615	12155327613	111998	1420.01	691.51	15	27	-1	15.89	15.89
Saccade L	1	190	12155327613	12155407511	79898	1417.96	685.62	1094.06	914.47	11.04	506.06	0.35	138.12	22957.97	-17452.48	8573.27
Saccade R	1	188	12155327613	12155407511	79898	1417.96	685.62	1094.06	914.47	11.04	506.06	0.35	138.12	22957.97	-17452.48	8573.27
Fixation L	1	152	12155407511	12155707529	300018	1102.73	906.49	38	25	-1	15.33	15.33
Fixation R	1	151	12155407511	12155707529	300018	1102.73	906.49	38	25	-1	16.12	16.12
Saccade L	1	191	12155707529	12155755517	47988	1121.06	899.90	1060.34	902.93	1.29	63.50	0.33	26.88	2720.51	-1773.21	1291.79
Saccade R	1	189	12155707529	12155755517	47988	1121.06	899.90	1060.34	902.93	1.29	63.50	0.33	26.88	2720.51	-1773.21	1291.79
Fixation L	1	153	12155755517	12156119511	363994	1053.32	911.27	31	22	-1	14.74	14.74
Fixation R	1	152	12155755517	12156119511	363994	1053.32	911.27	31	22	-1	15.59	15.59
Saccade L	1	192	12156119511	12156143538	24027	1036.73	910.54	1108.62	913.41	1.56	144.73	0.50	64.88	6027.30	-5961.76	4436.61
Saccade R	1	190	12156119511	12156143538	24027	1036.73	910.54	1108.62	913.41	1.56	144.73	0.50	64.88	6027.30	-5961.76	4436.61
Fixation L	1	154	12156143538	12156367508	223970	1130.37	917.70	36	7	-1	14.55	14.55
Fixation R	1	153	12156143538	12156367508	223970	1130.37	917.70	36	7	-1	15.25	15.25
Saccade L	1	193	12156367508	12156403533	36025	1144.18	918.15	1056.79	909.88	1.84	123.12	0.33	51.03	5833.50	-5337.94	3650.06
Saccade R	1	191	12156367508	12156403533	36025	1144.18	918.15	1056.79	909.88	1.84	123.12	0.33	51.03	5833.50	-5337.94	3650.06
Fixation L	1	155	12156403533	12156559529	155996	1059.73	915.22	8	13	-1	14.41	14.41
Fixation R	1	154	12156403533	12156559529	155996	1059.73	915.22	8	13	-1	15.29	15.29
Saccade L	1	194	12156559529	12156591527	31998	1056.53	922.28	1141.72	924.95	1.69	123.32	0.50	52.68	5624.60	-5626.94	4031.85
Saccade R	1	192	12156559529	12156591527	31998	1056.53	922.28	1141.72	924.95	1.69	123.32	0.50	52.68	5624.60	-5626.94	4031.85
Fixation L	1	156	12156591527	12156723521	131994	1144.12	918.78	12	20	-1	14.46	14.46
Fixation R	1	155	12156591527	12156723521	131994	1144.12	918.78	12	20	-1	15.28	15.28
Saccade L	1	195	12156723521	12156779520	55999	1140.38	908.29	1216.60	930.06	1.80	68.61	0.29	32.06	3230.96	-2184.02	1591.98
Saccade R	1	193	12156723521	12156779520	55999	1140.38	908.29	1216.60	930.06	1.80	68.61	0.29	32.06	3230.96	-2184.02	1591.98
Fixation L	1	157	12156779520	12156955399	175879	1215.35	933.27	13	17	-1	14.40	14.40
Fixation R	1	156	12156779520	12156955399	175879	1215.35	933.27	13	17	-1	15.12	15.12
Saccade L	1	196	12156955399	12156991407	36008	1218.76	921.63	1219.81	884.14	0.85	43.38	0.56	23.47	1591.88	-1562.88	1155.97
Saccade R	1	194	12156955399	12156991407	36008	1218.76	921.63	1219.81	884.14	0.85	43.38	0.56	23.47	1591.88	-1562.88	1155.97
Fixation L	1	158	12156991407	12157163413	172006	1219.19	881.22	12	13	-1	14.45	14.45
Fixation R	1	157	12156991407	12157163413	172006	1219.19	881.22	12	13	-1	15.30	15.30
Saccade L	1	197	12157163413	12157195406	31993	1227.83	888.74	1141.49	885.45	1.75	122.48	0.38	54.64	5797.47	-5606.92	4011.02
Saccade R	1	195	12157163413	12157195406	31993	1227.83	888.74	1141.49	885.45	1.75	122.48	0.38	54.64	5797.47	-5606.92	4011.02
Fixation L	1	159	12157195406	12157463424	268018	1139.30	871.84	15	27	-1	14.61	14.61
Fixation R	1	158	12157195406	12157463424	268018	1139.30	871.84	15	27	-1	15.22	15.22
Saccade L	1	198	12157463424	12157511443	48019	1137.93	864.61	1250.09	903.96	2.79	142.66	0.58	58.03	6139.02	-6593.18	3841.14
Saccade R	1	196	12157463424	12157511443	48019	1137.93	864.61	1250.09	903.96	2.79	142.66	0.58	58.03	6139.02	-6593.18	3841.14
Fixation L	1	160	12157511443	12157711414	199971	1252.58	930.73	11	43	-1	14.37	14.37
Fixation R	1	159	12157511443	12157711414	199971	1252.58	930.73	11	43	-1	15.26	15.26
Saccade L	1	199	12157711414	12157763417	52003	1249.19	940.41	1334.64	923.93	4.24	165.23	0.31	81.58	7726.66	-6383.50	3902.20
Saccade R	1	197	12157711414	12157763417	52003	1249.19	940.41	1334.64	923.93	4.24	165.23	0.31	81.58	7726.66	-6383.50	3902.20
Fixation L	1	161	12157763417	12157899427	136010	1324.78	924.30	29	8	-1	14.41	14.41
Fixation R	1	160	12157763417	12157899427	136010	1324.78	924.30	29	8	-1	15.52	15.52
Saccade L	1	200	12157899427	12157987432	88005	1317.17	926.05	1731.40	876.07	9.77	288.86	0.27	111.04	13890.30	-11044.18	5503.57
Saccade R	1	198	12157899427	12157987432	88005	1317.17	926.05	1731.40	876.07	9.77	288.86	0.27	111.04	13890.30	-11044.18	5503.57
Saccade L	1	201	12157999432	12158023353	23921	1739.26	872.12	1706.14	868.88	0.70	53.84	0.50	29.45	2087.83	-2053.82	1511.15
Saccade R	1	199	12157999432	12158023353	23921	1739.26	872.12	1706.14	868.88	0.70	53.84	0.50	29.45	2087.83	-2053.82	1511.15
Fixation L	1	162	12158023353	12158083424	60071	1695.24	861.34	18	19	-1	14.47	14.47
Fixation R	1	161	12158023353	12158083424	60071	1695.24	861.34	18	19	-1	15.68	15.68
Saccade L	1	202	12158083424	12158123476	40052	1699.39	854.44	0.00	0.00	40.28	3661.38	0.70	1005.76	152038.11	-152862.23	83994.02
Saccade R	1	200	12158083424	12158123476	40052	1699.39	854.44	0.00	0.00	40.28	3661.38	0.70	1005.76	152038.11	-152862.23	83994.02
Fixation L	1	163	12158123476	12158259328	135852	0.00	0.00	0	0	-1	14.26	14.26
Fixation R	1	162	12158123476	12158259328	135852	0.00	0.00	0	0	-1	15.25	15.25
Saccade L	1	203	12158259328	12158279304	19976	0.00	0.00	875.68	133.31	15.16	1704.81	0.60	758.73	71053.24	-5.36	34715.24
Saccade R	1	201	12158259328	12158279304	19976	0.00	0.00	875.68	133.31	15.16	1704.81	0.60	758.73	71053.24	-5.36	34715.24
Fixation L	1	164	12158279304	12158751337	472033	14.84	2.24	875	133	-1	13.44	13.44
Saccade R	1	202	12158279304	12158299315	20011	875.68	133.31	0.00	0.01	15.18	1704.53	0.40	758.70	-5.36	-71058.45	34717.25
Fixation R	1	163	12158299315	12158751337	452022	0.00	0.00	0	0	-1	15.13	15.13
Saccade L	1	204	12159035324	12159083319	47995	682.98	268.68	720.43	306.95	1.72	68.67	0.25	35.78	2078.03	-1370.65	1066.38
Saccade R	1	203	12159035324	12159083319	47995	682.98	268.68	720.43	306.95	1.72	68.67	0.25	35.78	2078.03	-1370.65	1066.38
Saccade L	1	205	12159083319	12159107333	24014	720.43	306.95	718.08	360.92	0.96	127.43	0.67	39.88	3383.78	-846.16	1513.79
Saccade R	1	204	12159083319	12159107333	24014	720.43	306.95	718.08	360.92	0.96	127.43	0.67	39.88	3383.78	-846.16	1513.79
Saccade L	1	206	12159107333	12159143254	35921	718.08	360.92	694.97	313.74	1.11	56.69	0.33	31.04	-355.79	-2765.02	1175.45
Saccade R	1	205	12159107333	12159143254	35921	718.08	360.92	694.97	313.74	1.11	56.69	0.33	31.04	-355.79	-2765.02	1175.45
Saccade L	1	207	12159159243	12159359360	200117	695.94	315.60	197.68	323.92	21.36	339.60	0.26	106.74	14521.20	-9527.82	3621.51
Saccade R	1	206	12159159243	12159359360	200117	695.94	315.60	197.68	323.92	21.36	339.60	0.26	106.74	14521.20	-9527.82	3621.51
Saccade L	1	208	12159451340	12159531339	79999	222.86	294.48	251.82	440.14	5.06	173.08	0.45	63.23	6359.86	-5513.33	2826.13
Saccade R	1	207	12159451340	12159531339	79999	222.86	294.48	251.82	440.14	5.06	173.08	0.45	63.23	6359.86	-5513.33	2826.13
Fixation L	1	165	12159531339	12159775236	243897	246.03	421.97	21	48	-1	15.61	15.61
Fixation R	1	164	12159531339	12159775236	243897	246.03	421.97	21	48	-1	16.34	16.34
Saccade L	1	209	12159775236	12159799227	23991	250.33	413.59	251.07	380.69	0.71	52.00	0.67	29.46	2172.69	-421.13	983.73
Saccade R	1	208	12159775236	12159799227	23991	250.33	413.59	251.07	380.69	0.71	52.00	0.67	29.46	2172.69	-421.13	983.73
Saccade L	1	210	12159799227	12159819233	20006	251.07	380.69	238.66	350.25	0.69	63.79	0.60	34.45	2979.22	350.91	1416.27
Saccade R	1	209	12159799227	12159819233	20006	251.07	380.69	238.66	350.25	0.69	63.79	0.60	34.45	2979.22	350.91	1416.27
Fixation L	1	166	12159859215	12159927227	68012	254.25	416.63	29	45	-1	15.47	15.47
Fixation R	1	165	12159859215	12159927227	68012	254.25	416.63	29	45	-1	16.34	16.34
Saccade L	1	211	12159927227	12160003232	76005	246.23	407.41	1019.75	911.73	22.89	655.01	0.32	301.22	28912.73	-19907.36	14404.11
Saccade R	1	210	12159927227	12160003232	76005	246.23	407.41	1019.75	911.73	22.89	655.01	0.32	301.22	28912.73	-19907.36	14404.11
Fixation L	1	167	12160003232	12160179249	176017	1026.93	905.16	12	17	-1	15.17	15.17
Fixation R	1	166	12160003232	12160179249	176017	1026.93	905.16	12	17	-1	16.20	16.20
Saccade L	1	212	12160179249	12160207253	28004	1032.84	909.95	1067.06	908.82	0.68	46.43	0.57	24.43	2126.12	-1908.05	1485.28
Saccade R	1	211	12160179249	12160207253	28004	1032.84	909.95	1067.06	908.82	0.68	46.43	0.57	24.43	2126.12	-1908.05	1485.28
Fixation L	1	168	12160207253	12160399238	191985	1047.84	895.20	51	27	-1	14.68	14.68
Fixation R	1	167	12160207253	12160399238	191985	1047.84	895.20	51	27	-1	15.69	15.69
Saccade L	1	213	12160399238	12160427232	27994	1071.10	893.16	1069.50	862.04	0.78	48.10	0.57	28.02	1747.29	-1707.91	1233.77
Saccade R	1	212	12160399238	12160427232	27994	1071.10	893.16	1069.50	862.04	0.78	48.10	0.57	28.02	1747.29	-1707.91	1233.77
Fixation L	1	169	12160427232	12160635232	208000	1076.47	847.24	18	25	-1	14.19	14.19
Fixation R	1	168	12160427232	12160635232	208000	1076.47	847.24	18	25	-1	14.98	14.98
Saccade L	1	214	12160635232	12160679163	43931	1074.58	840.62	1053.65	891.31	1.31	58.87	0.46	29.75	2542.16	-2203.52	1575.82
Saccade R	1	213	12160635232	12160679163	43931	1074.58	840.62	1053.65	891.31	1.31	58.87	0.46	29.75	2542.16	-2203.52	1575.82
Fixation L	1	170	12160679163	12161019249	340086	1051.88	904.37	21	32	-1	14.06	14.06
Fixation R	1	169	12160679163	12161019249	340086	1051.88	904.37	21	32	-1	14.61	14.61
Saccade L	1	215	12161019249	12161063178	43929	1061.95	919.68	1149.62	903.08	1.95	117.30	0.36	44.46	5461.46	-4914.04	2982.91
Saccade R	1	214	12161019249	12161063178	43929	1061.95	919.68	1149.62	903.08	1.95	117.30	0.36	44.46	5461.46	-4914.04	2982.91
Fixation L	1	171	12161063178	12161155123	91945	1139.00	899.91	16	4	-1	14.26	14.26
Fixation R	1	170	12161063178	12161247172	183994	805.15	640.72	1296	1086	-1	11.30	11.26
Fixation L	1	172	12161327121	12161435125	108004	1108.49	713.04	19	24	-1	13.95	13.95
Fixation R	1	171	12161327121	12161435125	108004	1108.49	713.04	19	24	-1	14.85	14.85
Saccade L	1	216	12161435125	12161479126	44001	1113.79	720.68	1171.95	752.79	1.79	106.75	0.36	40.58	4913.47	-4312.24	2595.94
Saccade R	1	215	12161435125	12161479126	44001	1113.79	720.68	1171.95	752.79	1.79	106.75	0.36	40.58	4913.47	-4312.24	2595.94
Fixation L	1	173	12161479126	12161595137	116011	1165.55	763.27	17	15	-1	14.12	14.12
Fixation R	1	172	12161479126	12161595137	116011	1165.55	763.27	17	15	-1	14.84	14.84
Saccade L	1	217	12161595137	12161647140	52003	1164.60	768.59	1247.59	551.10	5.19	218.86	0.38	99.86	9963.63	-7574.26	5925.31
Saccade R	1	216	12161595137	12161647140	52003	1164.60	768.59	1247.59	551.10	5.19	218.86	0.38	99.86	9963.63	-7574.26	5925.31
Fixation L	1	174	12161647140	12161851148	204008	1254.16	569.81	15	47	-1	13.92	13.92
Fixation R	1	173	12161647140	12161851148	204008	1254.16	569.81	15	47	-1	14.81	14.81
Saccade L	1	218	12161851148	12161911139	59991	1246.63	588.48	1651.05	493.18	9.09	312.62	0.47	151.50	12489.92	-7742.38	7345.13
Saccade R	1	217	12161851148	12161911139	59991	1246.63	588.48	1651.05	493.18	9.09	312.62	0.47	151.50	12489.92	-7742.38	7345.13
Fixation L	1	175	12161911139	12161971158	60019	1646.41	502.41	14	26	-1	13.52	13.52
Fixation R	1	174	12161911139	12161971158	60019	1646.41	502.41	14	26	-1	14.62	14.62
Saccade L	1	219	12161971158	12162035168	64010	1639.06	516.61	1622.65	466.40	1.52	44.11	0.56	23.69	1380.25	-949.98	472.29
Saccade R	1	218	12161971158	12162035168	64010	1639.06	516.61	1622.65	466.40	1.52	44.11	0.56	23.69	1380.25	-949.98	472.29
Saccade L	1	220	12162067168	12162107169	40001	1653.14	455.56	1647.21	517.11	1.35	80.51	0.60	33.76	2949.50	-3336.08	1903.25
Saccade R	1	219	12162067168	12162107169	40001	1653.14	455.56	1647.21	517.11	1.35	80.51	0.60	33.76	2949.50	-3336.08	1903.25
Saccade L	1	221	12162151164	12162195163	43999	1639.38	509.04	1743.23	475.48	2.52	135.64	0.36	57.25	6464.69	-5750.97	3938.57
Saccade R	1	220	12162151164	12162195163	43999	1639.38	509.04	1743.23	475.48	2.52	135.64	0.36	57.25	6464.69	-5750.97	3938.57
Fixation L	1	176	12162195163	12162607024	411861	1752.32	445.91	30	56	-1	13.18	13.18
Fixation R	1	175	12162195163	12162607024	411861	1752.32	445.91	30	56	-1	14.38	14.38
Saccade L	1	222	12162607024	12162683041	76017	1769.21	440.79	1302.18	758.76	12.73	381.11	0.26	167.42	18039.96	-11538.47	7730.56
Saccade R	1	221	12162607024	12162683041	76017	1769.21	440.79	1302.18	758.76	12.73	381.11	0.26	167.42	18039.96	-11538.47	7730.56
Fixation L	1	177	12162683041	12162895048	212007	1264.18	774.80	57	29	-1	13.96	13.96
Fixation R	1	176	12162683041	12162895048	212007	1264.18	774.80	57	29	-1	14.60	14.60
Saccade L	1	223	12162895048	12162987046	91998	1282.85	778.57	1592.01	982.58	9.66	264.88	0.35	104.95	11752.00	-6980.64	4340.63
Saccade R	1	222	12162895048	12162987046	91998	1282.85	778.57	1592.01	982.58	9.66	264.88	0.35	104.95	11752.00	-6980.64	4340.63
Saccade L	1	224	12162987046	12163011036	23990	1592.01	982.58	1610.27	1037.45	0.63	47.44	0.33	26.11	596.63	-1998.47	912.92
Saccade R	1	223	12162987046	12163011036	23990	1592.01	982.58	1610.27	1037.45	0.63	47.44	0.33	26.11	596.63	-1998.47	912.92
Fixation L	1	178	12163011036	12163095049	84013	1625.63	1018.29	27	28	-1	14.11	14.11
Fixation R	1	177	12163011036	12163095049	84013	1625.63	1018.29	27	28	-1	15.30	15.30
Saccade L	1	225	12163095049	12163127047	31998	1638.95	1017.30	1743.27	951.52	2.62	173.35	0.50	81.87	7850.06	-6940.46	4823.69
Saccade R	1	224	12163095049	12163127047	31998	1638.95	1017.30	1743.27	951.52	2.62	173.35	0.50	81.87	7850.06	-6940.46	4823.69
Saccade L	1	226	12163155050	12163175039	19989	1737.93	945.14	1737.26	945.63	0.85	62.50	0.40	42.49	720.96	-1112.22	536.80
Saccade R	1	225	12163155050	12163175039	19989	1737.93	945.14	1737.26	945.63	0.85	62.50	0.40	42.49	720.96	-1112.22	536.80
Saccade L	1	227	12163247051	12163275041	27990	1748.90	948.92	1753.63	947.10	1.40	66.54	0.71	49.94	3314.13	-3356.07	2759.87
Saccade R	1	226	12163247051	12163275041	27990	1748.90	948.92	1753.63	947.10	1.40	66.54	0.71	49.94	3314.13	-3356.07	2759.87
Saccade L	1	228	12163291037	12163311048	20011	1756.35	946.44	1751.28	947.02	0.89	65.74	0.60	44.39	3333.74	139.20	1836.40
Saccade R	1	227	12163291037	12163311048	20011	1756.35	946.44	1751.28	947.02	0.89	65.74	0.60	44.39	3333.74	139.20	1836.40
Saccade L	1	229	12163311048	12163339041	27993	1751.28	947.02	1741.32	1009.66	1.24	155.82	0.29	44.20	1554.88	-4963.00	1842.34
Saccade R	1	228	12163311048	12163339041	27993	1751.28	947.02	1741.32	1009.66	1.24	155.82	0.29	44.20	1554.88	-4963.00	1842.34
Fixation L	1	179	12163339041	12163583051	244010	1717.65	1019.05	44	18	-1	14.42	14.42
Fixation R	1	178	12163339041	12163583051	244010	1717.65	1019.05	44	18	-1	15.77	15.77
Saccade L	1	230	12163583051	12163659054	76003	1700.29	1012.30	1218.69	907.89	11.38	275.77	0.26	149.69	13705.55	-11433.44	6176.86
Saccade R	1	229	12163583051	12163659054	76003	1700.29	1012.30	1218.69	907.89	11.38	275.77	0.26	149.69	13705.55	-11433.44	6176.86
Fixation L	1	180	12163659054	12163819063	160009	1232.74	897.86	36	26	-1	14.60	14.60
Fixation R	1	179	12163659054	12163819063	160009	1232.74	897.86	36	26	-1	15.66	15.66
Saccade L	1	231	12163819063	12163898928	79865	1246.61	883.23	558.48	875.74	15.23	384.12	0.25	190.71	18404.31	-12436.87	8485.59
Saccade R	1	230	12163819063	12163898928	79865	1246.61	883.23	558.48	875.74	15.23	384.12	0.25	190.71	18404.31	-12436.87	8485.59
Fixation L	1	181	12163898928	12164066953	168025	336.77	521.28	723	919	-1	12.13	12.13
Fixation R	1	180	12163898928	12163966950	68022	566.98	871.05	30	8	-1	15.18	15.18
Saccade L	1	232	12164066953	12164170963	104010	0.00	0.00	478.29	642.26	34.23	1222.82	0.23	329.14	35081.94	-50448.59	15460.27
Saccade L	1	233	12164206939	12164318940	112001	483.75	629.39	392.06	154.82	16.70	444.43	0.21	149.10	18904.99	-16669.89	6971.37
Saccade R	1	231	12164206939	12164318940	112001	483.75	629.39	392.06	154.82	16.70	444.43	0.21	149.10	18904.99	-16669.89	6971.37
Saccade L	1	234	12164318940	12164350935	31995	392.06	154.82	396.49	183.46	0.80	50.52	0.50	24.89	1262.42	-1482.59	845.46
Saccade R	1	232	12164318940	12164350935	31995	392.06	154.82	396.49	183.46	0.80	50.52	0.50	24.89	1262.42	-1482.59	845.46
Saccade L	1	235	12164350935	12164378947	28012	396.49	183.46	382.43	219.04	0.64	48.95	0.29	22.74	922.70	-1282.70	656.82
Saccade R	1	233	12164350935	12164378947	28012	396.49	183.46	382.43	219.04	0.64	48.95	0.29	22.74	922.70	-1282.70	656.82
Saccade L	1	236	12164378947	12164462969	84022	382.43	219.04	523.62	95.80	5.32	205.71	0.48	63.34	7862.85	-7450.85	3212.80
Saccade R	1	234	12164378947	12164462969	84022	382.43	219.04	523.62	95.80	5.32	205.71	0.48	63.34	7862.85	-7450.85	3212.80
Fixation L	1	182	12164462969	12164538949	75980	520.18	84.00	23	24	-1	14.16	14.16
Fixation R	1	181	12164462969	12164538949	75980	520.18	84.00	23	24	-1	14.99	14.99
Saccade L	1	237	12164538949	12164594945	55996	507.76	73.34	731.82	106.29	4.95	258.45	0.43	88.40	12483.92	-11197.38	6229.07
Saccade R	1	235	12164538949	12164594945	55996	507.76	73.34	731.82	106.29	4.95	258.45	0.43	88.40	12483.92	-11197.38	6229.07
Fixation L	1	183	12164594945	12164722948	128003	744.12	116.72	32	28	-1	13.78	13.78
Fixation R	1	182	12164594945	12164722948	128003	744.12	116.72	32	28	-1	14.59	14.59
Saccade L	1	238	12164722948	12164770955	48007	759.01	131.04	837.89	81.74	2.74	170.14	0.42	57.12	6957.67	-6515.03	3684.31
Saccade R	1	236	12164722948	12164770955	48007	759.01	131.04	837.89	81.74	2.74	170.14	0.42	57.12	6957.67	-6515.03	3684.31
Fixation L	1	184	12164770955	12164962866	191911	853.69	79.72	29	12	-1	13.41	13.41
Fixation R	1	183	12164770955	12164962866	191911	853.69	79.72	29	12	-1	14.39	14.39
Saccade L	1	239	12164962866	12165010956	48090	849.83	76.67	909.32	101.52	1.46	63.29	0.25	30.32	2829.08	-1618.94	1407.20
Saccade R	1	237	12164962866	12165010956	48090	849.83	76.67	909.32	101.52	1.46	63.29	0.25	30.32	2829.08	-1618.94	1407.20
Fixation L	1	185	12165010956	12165094954	83998	920.04	114.83	19	23	-1	13.20	13.20
Fixation R	1	184	12165010956	12165094954	83998	920.04	114.83	19	23	-1	14.09	14.09
Saccade L	1	240	12165094954	12165178963	84009	922.84	122.59	1149.73	849.14	18.05	529.49	0.38	214.88	16439.31	-12513.35	8596.77
Saccade R	1	238	12165094954	12165178963	84009	922.84	122.59	1149.73	849.14	18.05	529.49	0.38	214.88	16439.31	-12513.35	8596.77
Fixation L	1	186	12165178963	12165322860	143897	1144.27	866.63	10	29	-1	13.47	13.47
Fixation R	1	185	12165178963	12165322860	143897	1144.27	866.63	10	29	-1	14.35	14.35
Saccade L	1	241	12165322860	12165350861	28001	1140.97	860.73	1147.67	907.40	0.89	61.65	0.43	31.66	2385.61	-2540.01	1861.74
Saccade R	1	239	12165322860	12165350861	28001	1140.97	860.73	1147.67	907.40	0.89	61.65	0.43	31.66	2385.61	-2540.01	1861.74
Fixation L	1	187	12165350861	12165798848	447987	1141.27	922.18	22	26	-1	13.89	13.89
Fixation R	1	186	12165350861	12165798848	447987	1141.27	922.18	22	26	-1	14.75	14.75
Saccade L	1	242	12165798848	12165838871	40023	1143.14	906.35	1062.75	903.38	1.68	102.05	0.40	42.01	4784.76	-4324.67	2804.42
Saccade R	1	240	12165798848	12165838871	40023	1143.14	906.35	1062.75	903.38	1.68	102.05	0.40	42.01	4784.76	-4324.67	2804.42
Fixation L	1	188	12165838871	12166034863	195992	1050.77	905.19	18	13	-1	13.64	13.64
Fixation R	1	187	12165838871	12167278754	1439883	179.64	156.11	1067	1052	-1	12.08	12.06
Fixation L	1	189	12166098849	12167278754	1179905	0.00	0.00	0	0	-1	13.10	13.10
Fixation L	1	190	12167374760	12167470764	96004	808.68	870.97	32	18	-1	16.00	16.00
Fixation R	1	188	12167374760	12167470764	96004	808.68	870.97	32	18	-1	16.85	16.85
Saccade L	1	243	12167470764	12167554774	84010	819.17	860.43	538.33	466.09	11.30	472.86	0.38	134.45	22806.19	-15800.46	8015.55
Saccade R	1	241	12167470764	12167554774	84010	819.17	860.43	538.33	466.09	11.30	472.86	0.38	134.45	22806.19	-15800.46	8015.55
Fixation L	1	191	12167554774	12167698764	143990	539.57	454.96	13	52	-1	15.43	15.43
Fixation R	1	189	12167554774	12167698764	143990	539.57	454.96	13	52	-1	16.41	16.41
Saccade L	1	244	12167710768	12167738763	27995	537.27	453.00	534.89	437.95	0.89	62.27	0.57	31.81	1427.54	-585.60	523.41
Saccade R	1	242	12167710768	12167738763	27995	537.27	453.00	534.89	437.95	0.89	62.27	0.57	31.81	1427.54	-585.60	523.41
Saccade L	1	245	12167754771	12167782818	28047	534.09	485.34	537.25	473.16	0.91	74.42	0.29	32.53	1217.47	-1724.32	880.13
Saccade R	1	243	12167754771	12167782818	28047	534.09	485.34	537.25	473.16	0.91	74.42	0.29	32.53	1217.47	-1724.32	880.13
Saccade L	1	246	12167782818	12167818789	35971	537.25	473.16	540.22	473.34	1.27	69.99	0.22	35.37	1183.06	-1194.04	682.11
Saccade R	1	244	12167782818	12167818789	35971	537.25	473.16	540.22	473.34	1.27	69.99	0.22	35.37	1183.06	-1194.04	682.11
Saccade L	1	247	12167818789	12167838789	20000	540.22	473.34	539.40	438.84	0.61	54.20	0.60	30.51	990.08	60.75	338.46
Saccade R	1	245	12167818789	12167838789	20000	540.22	473.34	539.40	438.84	0.61	54.20	0.60	30.51	990.08	60.75	338.46
Saccade L	1	248	12167838789	12167894681	55892	539.40	438.84	727.67	442.95	4.48	247.53	0.43	80.08	10734.68	-9560.40	4992.76
Saccade R	1	246	12167838789	12167894681	55892	539.40	438.84	727.67	442.95	4.48	247.53	0.43	80.08	10734.68	-9560.40	4992.76
Fixation L	1	192	12167894681	12167946782	52101	731.92	434.93	12	19	-1	14.27	14.27
Fixation R	1	190	12167894681	12167946782	52101	731.92	434.93	12	19	-1	15.36	15.36
Saccade L	1	249	12167962784	12167994779	31995	743.99	408.79	735.98	431.67	0.86	52.07	0.25	26.77	467.78	-1552.73	526.49
Saccade R	1	247	12167962784	12167994779	31995	743.99	408.79	735.98	431.67	0.86	52.07	0.25	26.77	467.78	-1552.73	526.49
Saccade L	1	250	12168010771	12168062788	52017	739.50	455.54	421.94	376.98	7.64	332.37	0.46	146.95	15484.44	-13704.47	9131.89
Saccade R	1	248	12168010771	12168062788	52017	739.50	455.54	421.94	376.98	7.64	332.37	0.46	146.95	15484.44	-13704.47	9131.89
Saccade L	1	251	12168098644	12168122645	24001	419.15	383.68	406.96	348.45	0.77	54.58	0.50	32.26	1774.07	-2470.59	1540.05
Saccade R	1	249	12168098644	12168122645	24001	419.15	383.68	406.96	348.45	0.77	54.58	0.50	32.26	1774.07	-2470.59	1540.05
Fixation L	1	193	12168122645	12168190669	68024	402.29	357.38	8	31	-1	14.02	14.02
Fixation R	1	191	12168122645	12168190669	68024	402.29	357.38	8	31	-1	14.68	14.68
Saccade L	1	252	12168190669	12168230669	40000	405.83	375.50	397.02	347.49	0.96	52.71	0.50	23.98	1989.68	-1682.41	1113.62
Saccade R	1	250	12168190669	12168230669	40000	405.83	375.50	397.02	347.49	0.96	52.71	0.50	23.98	1989.68	-1682.41	1113.62
Saccade L	1	253	12168230669	12168266669	36000	397.02	347.49	289.64	348.71	2.26	157.67	0.67	62.72	7113.06	-7157.31	4499.41
Saccade R	1	251	12168230669	12168266669	36000	397.02	347.49	289.64	348.71	2.26	157.67	0.67	62.72	7113.06	-7157.31	4499.41
Fixation L	1	194	12168266669	12168374668	107999	296.16	346.46	15	34	-1	13.91	13.91
Fixation R	1	192	12168266669	12168374668	107999	296.16	346.46	15	34	-1	14.37	14.37
Saccade L	1	254	12168374668	12168410656	35988	303.79	351.38	298.58	395.16	0.90	45.06	0.44	25.02	1930.95	-1693.62	1173.46
Saccade R	1	252	12168374668	12168410656	35988	303.79	351.38	298.58	395.16	0.90	45.06	0.44	25.02	1930.95	-1693.62	1173.46
