[BeGaze]
Converted from:	D:\Kirillov\Results\ermolova_temp\Polina 04-eye_data.idf
Date:	17.04.2019 03:53:39
Version:	BeGaze 3.0.181
Sample Rate:	250
Subject:	Polina 04
Description:	Run28

Table Header for Fixations:
Event Type	Trial	Number	Start	End	Duration	Location X	Location Y	Dispersion X	Dispersion Y	Plane	Avg. Pupil Size X	Avg. Pupil Size Y

Table Header for Saccades:
Event Type	Trial	Number	Start	End	Duration	Start Loc.X	Start Loc.Y	End Loc.X	End Loc.Y	Amplitude	Peak Speed	Peak Speed At	Average Speed	Peak Accel.	Peak Decel.	Average Accel.

Table Header for User Events:
Event Type	Trial	Number	Start	Description

UserEvent	1	1	12620753633	# Message: experiment-16.jpg
Fixation L	1	1	12620754709	12620990729	236020	447.46	330.43	11	15	-1	16.87	16.87
Fixation R	1	1	12620754709	12620990729	236020	447.46	330.43	11	15	-1	17.35	17.35
Saccade L	1	1	12620990729	12621050733	60004	453.95	339.26	972.30	490.74	12.28	431.28	0.27	204.70	20539.67	-16419.85	10859.25
Saccade R	1	1	12620990729	12621050733	60004	453.95	339.26	972.30	490.74	12.28	431.28	0.27	204.70	20539.67	-16419.85	10859.25
Fixation L	1	2	12621050733	12621302756	252023	991.48	495.58	33	34	-1	16.61	16.61
Fixation R	1	2	12621050733	12621302756	252023	991.48	495.58	33	34	-1	17.50	17.50
Saccade L	1	2	12621302756	12621350738	47982	1003.56	481.08	1125.03	597.05	3.64	200.56	0.33	75.87	9621.42	-8108.67	5293.03
Saccade R	1	2	12621302756	12621350738	47982	1003.56	481.08	1125.03	597.05	3.64	200.56	0.33	75.87	9621.42	-8108.67	5293.03
Fixation L	1	3	12621350738	12621518732	167994	1127.06	592.67	11	13	-1	15.34	15.34
Fixation R	1	3	12621350738	12621518732	167994	1127.06	592.67	11	13	-1	15.98	15.98
Saccade L	1	3	12621518732	12621554730	35998	1128.05	590.89	1169.68	591.63	0.90	51.78	0.44	25.09	2387.69	-1983.00	1482.27
Saccade R	1	3	12621518732	12621554730	35998	1128.05	590.89	1169.68	591.63	0.90	51.78	0.44	25.09	2387.69	-1983.00	1482.27
Fixation L	1	4	12621554730	12621606742	52012	1174.52	588.77	7	5	-1	15.17	15.17
Fixation R	1	4	12621554730	12621606742	52012	1174.52	588.77	7	5	-1	15.75	15.75
Saccade L	1	4	12621606742	12621682739	75997	1174.18	585.03	502.22	247.02	16.99	428.58	0.32	223.57	21005.42	-14658.94	9730.26
Saccade R	1	4	12621606742	12621682739	75997	1174.18	585.03	502.22	247.02	16.99	428.58	0.32	223.57	21005.42	-14658.94	9730.26
Fixation L	1	5	12621682739	12621930610	247871	509.52	255.95	18	16	-1	15.33	15.33
Fixation R	1	5	12621682739	12622042669	359930	428.37	224.87	923	1069	-1	14.14	14.10
Fixation L	1	6	12622138614	12622338639	200025	1182.86	466.19	14	22	-1	15.82	15.82
Fixation R	1	6	12622138614	12622338639	200025	1182.86	466.19	14	22	-1	16.84	16.84
Saccade L	1	5	12622338639	12622366640	28001	1186.84	454.47	1190.58	496.58	0.98	76.99	0.57	34.83	3453.16	-2848.41	2298.72
Saccade R	1	5	12622338639	12622366640	28001	1186.84	454.47	1190.58	496.58	0.98	76.99	0.57	34.83	3453.16	-2848.41	2298.72
Fixation L	1	7	12622366640	12622570622	203982	1197.53	517.47	16	30	-1	16.16	16.16
Fixation R	1	7	12622366640	12622570622	203982	1197.53	517.47	16	30	-1	17.02	17.02
Saccade L	1	6	12622570622	12622642622	72000	1207.14	525.59	456.92	166.52	18.49	450.24	0.22	256.76	21959.93	-15548.30	9745.49
Saccade R	1	6	12622570622	12622642622	72000	1207.14	525.59	456.92	166.52	18.49	450.24	0.22	256.76	21959.93	-15548.30	9745.49
Fixation L	1	8	12622642622	12622822569	179947	475.67	177.67	29	45	-1	16.27	16.27
Fixation R	1	8	12622642622	12622822569	179947	475.67	177.67	29	45	-1	16.19	16.19
Saccade L	1	7	12622822569	12622850641	28072	481.98	202.82	463.59	79.82	2.48	193.53	0.43	88.50	8702.28	-8537.89	6441.49
Saccade R	1	7	12622822569	12622850641	28072	481.98	202.82	463.59	79.82	2.48	193.53	0.43	88.50	8702.28	-8537.89	6441.49
Fixation L	1	9	12622850641	12623450536	599895	465.83	102.77	24	46	-1	15.39	15.39
Fixation R	1	9	12622850641	12623450536	599895	465.83	102.77	24	46	-1	15.84	15.84
Saccade L	1	8	12623450536	12623550528	99992	476.04	125.91	1224.36	478.24	18.63	438.98	0.36	186.28	19671.83	-15147.79	7636.60
Saccade R	1	8	12623450536	12623550528	99992	476.04	125.91	1224.36	478.24	18.63	438.98	0.36	186.28	19671.83	-15147.79	7636.60
Fixation L	1	10	12623550528	12623758573	208045	1208.63	479.51	28	11	-1	15.96	15.96
Fixation R	1	10	12623550528	12623758573	208045	1208.63	479.51	28	11	-1	16.71	16.71
Saccade L	1	9	12623758573	12623782549	23976	1219.05	475.71	1163.79	476.33	1.04	84.87	0.67	43.23	4107.73	-3383.69	2716.81
Saccade R	1	9	12623758573	12623782549	23976	1219.05	475.71	1163.79	476.33	1.04	84.87	0.67	43.23	4107.73	-3383.69	2716.81
Fixation L	1	11	12623782549	12623942544	159995	1156.85	479.55	30	6	-1	16.28	16.28
Fixation R	1	11	12623782549	12623942544	159995	1156.85	479.55	30	6	-1	16.83	16.83
Saccade L	1	10	12623942544	12623974554	32010	1147.38	479.35	1146.59	437.90	0.92	59.94	0.50	28.63	2710.89	-2490.01	1867.83
Saccade R	1	10	12623942544	12623974554	32010	1147.38	479.35	1146.59	437.90	0.92	59.94	0.50	28.63	2710.89	-2490.01	1867.83
Fixation L	1	12	12623974554	12624346546	371992	1160.67	432.71	22	17	-1	16.41	16.41
Fixation R	1	12	12623974554	12624346546	371992	1160.67	432.71	22	17	-1	16.72	16.72
Saccade L	1	11	12624346546	12624394561	48015	1157.89	435.90	1132.35	517.01	2.01	122.73	0.33	41.79	5813.06	-5470.99	2863.27
Saccade R	1	11	12624346546	12624394561	48015	1157.89	435.90	1132.35	517.01	2.01	122.73	0.33	41.79	5813.06	-5470.99	2863.27
Fixation L	1	13	12624394561	12624774437	379876	1145.59	505.24	20	28	-1	16.89	16.89
Fixation R	1	13	12624394561	12624774437	379876	1145.59	505.24	20	28	-1	17.31	17.31
Saccade L	1	12	12624774437	12624830456	56019	1147.56	498.42	1033.54	438.32	4.00	220.24	0.29	71.36	10407.71	-8057.26	4616.61
Saccade R	1	12	12624774437	12624830456	56019	1147.56	498.42	1033.54	438.32	4.00	220.24	0.29	71.36	10407.71	-8057.26	4616.61
Saccade L	1	13	12624862441	12624914442	52001	1040.55	438.47	1105.69	469.81	1.95	107.82	0.31	37.58	5054.07	-3882.19	2146.37
Saccade R	1	13	12624862441	12624914442	52001	1040.55	438.47	1105.69	469.81	1.95	107.82	0.31	37.58	5054.07	-3882.19	2146.37
Fixation L	1	14	12624914442	12625462380	547938	1097.39	453.77	19	28	-1	16.45	16.45
Fixation R	1	14	12624914442	12625462380	547938	1097.39	453.77	19	28	-1	16.80	16.80
Saccade L	1	14	12625462380	12625494372	31992	1092.05	447.28	1133.44	445.40	0.94	67.37	0.50	29.35	3022.77	-2433.29	1792.22
Saccade R	1	14	12625462380	12625494372	31992	1092.05	447.28	1133.44	445.40	0.94	67.37	0.50	29.35	3022.77	-2433.29	1792.22
Fixation L	1	15	12625494372	12626078447	584075	1161.31	451.68	40	24	-1	16.33	16.33
Fixation R	1	15	12625494372	12626078447	584075	1161.31	451.68	40	24	-1	16.67	16.67
Saccade L	1	15	12626078447	12626134330	55883	1153.42	454.05	1177.02	608.73	3.71	230.34	0.28	66.32	10906.79	-10214.76	5048.23
Saccade R	1	15	12626078447	12626134330	55883	1153.42	454.05	1177.02	608.73	3.71	230.34	0.28	66.32	10906.79	-10214.76	5048.23
Fixation L	1	16	12626134330	12626334350	200020	1187.16	591.20	16	35	-1	16.38	16.38
Fixation R	1	16	12626134330	12626334350	200020	1187.16	591.20	16	35	-1	16.93	16.93
