[BeGaze]
Converted from:	D:\Kirillov\Results\ermolova_temp\Nikol-eye_data.idf
Date:	17.04.2019 03:54:31
Version:	BeGaze 3.0.181
Sample Rate:	250
Subject:	Nikol
Description:	Run39

Table Header for Fixations:
Event Type	Trial	Number	Start	End	Duration	Location X	Location Y	Dispersion X	Dispersion Y	Plane	Avg. Pupil Size X	Avg. Pupil Size Y

Table Header for Saccades:
Event Type	Trial	Number	Start	End	Duration	Start Loc.X	Start Loc.Y	End Loc.X	End Loc.Y	Amplitude	Peak Speed	Peak Speed At	Average Speed	Peak Accel.	Peak Decel.	Average Accel.

Table Header for User Events:
Event Type	Trial	Number	Start	Description

UserEvent	1	1	8664349425	# Message: Questionnaire17.jpg
Saccade L	1	1	8664350588	8664386580	35992	0.00	0.00	0.00	0.00	19.70	1512.89	0.67	547.37	19517.63	-25388.96	10337.14
Fixation L	1	1	8664474582	8664646591	172009	526.23	308.76	19	21	-1	12.17	12.17
Fixation R	1	1	8664474582	8664646591	172009	526.23	308.76	19	21	-1	13.45	13.45
Saccade L	1	2	8664646591	8664690585	43994	523.07	315.43	408.46	219.78	4.24	291.38	0.36	96.45	13200.69	-11552.55	7097.92
Saccade R	1	1	8664646591	8664690585	43994	523.07	315.43	408.46	219.78	4.24	291.38	0.36	96.45	13200.69	-11552.55	7097.92
Fixation L	1	2	8664690585	8665042476	351891	395.89	236.30	20	31	-1	12.20	12.20
Fixation R	1	2	8664690585	8665042476	351891	395.89	236.30	20	31	-1	13.74	13.74
Saccade L	1	3	8665042476	8665066483	24007	402.94	232.66	404.44	266.01	0.69	40.49	0.50	28.86	1556.91	-1519.20	1123.36
Saccade R	1	2	8665042476	8665066483	24007	402.94	232.66	404.44	266.01	0.69	40.49	0.50	28.86	1556.91	-1519.20	1123.36
Fixation L	1	3	8665066483	8665290480	223997	404.85	277.71	10	18	-1	12.31	12.31
Fixation R	1	3	8665066483	8665290480	223997	404.85	277.71	10	18	-1	14.06	14.06
Saccade L	1	4	8665290480	8665310486	20006	402.14	281.03	432.77	277.04	0.62	44.18	0.60	31.14	1902.15	-1553.88	1240.33
Saccade R	1	3	8665290480	8665310486	20006	402.14	281.03	432.77	277.04	0.62	44.18	0.60	31.14	1902.15	-1553.88	1240.33
Fixation L	1	4	8665310486	8665606485	295999	437.98	267.52	11	19	-1	12.24	12.24
Fixation R	1	4	8665310486	8665606485	295999	437.98	267.52	11	19	-1	13.99	13.99
UserEvent	1	2	8665538084	# Message: UE-mouseclick left x=388 y=293
Saccade L	1	5	8665606485	8665634518	28033	432.13	267.13	347.96	257.22	1.98	148.45	0.57	70.60	6151.92	-6330.97	4729.05
Saccade R	1	4	8665606485	8665634518	28033	432.13	267.13	347.96	257.22	1.98	148.45	0.57	70.60	6151.92	-6330.97	4729.05
Fixation L	1	5	8665634518	8666518403	883885	357.05	279.23	25	34	-1	11.97	11.97
Fixation R	1	5	8665634518	8666518403	883885	357.05	279.23	25	34	-1	13.66	13.66
UserEvent	1	3	8666410018	# Message: UE-mouseclick left x=356 y=301
Saccade L	1	6	8666518403	8666546387	27984	363.96	285.71	453.85	305.91	1.91	152.72	0.57	68.19	7032.59	-6712.25	5017.48
Saccade R	1	5	8666518403	8666546387	27984	363.96	285.71	453.85	305.91	1.91	152.72	0.57	68.19	7032.59	-6712.25	5017.48
Fixation L	1	6	8666546387	8666846389	300002	452.94	305.40	14	10	-1	11.80	11.80
Fixation R	1	6	8666546387	8666846389	300002	452.94	305.40	14	10	-1	13.32	13.32
Saccade L	1	7	8666846389	8666874381	27992	449.83	305.40	316.92	302.90	2.81	223.46	0.57	100.22	10621.72	-9467.38	7378.96
Saccade R	1	6	8666846389	8666874381	27992	449.83	305.40	316.92	302.90	2.81	223.46	0.57	100.22	10621.72	-9467.38	7378.96
Fixation L	1	7	8666874381	8667838413	964032	336.92	281.73	39	32	-1	12.04	12.04
Fixation R	1	7	8666874381	8667838413	964032	336.92	281.73	39	32	-1	13.68	13.68
UserEvent	1	4	8666938022	# Message: UE-mouseclick left x=359 y=305
UserEvent	1	5	8667650030	# Message: UE-mouseclick left x=360 y=305
Saccade L	1	8	8667838413	8667858302	19889	336.44	282.95	339.44	253.38	0.56	47.46	0.60	28.36	2044.10	-1744.91	1362.21
Saccade R	1	7	8667838413	8667858302	19889	336.44	282.95	339.44	253.38	0.56	47.46	0.60	28.36	2044.10	-1744.91	1362.21
Fixation L	1	8	8667858302	8668334309	476007	348.28	256.81	17	23	-1	12.46	12.46
Fixation R	1	8	8667858302	8668334309	476007	348.28	256.81	17	23	-1	14.13	14.13
Saccade L	1	9	8668334309	8668454296	119987	340.30	263.78	354.40	299.35	11.93	281.51	0.40	99.41	6364.51	-8143.43	3090.75
Saccade R	1	8	8668334309	8668454296	119987	340.30	263.78	354.40	299.35	11.93	281.51	0.40	99.41	6364.51	-8143.43	3090.75
Fixation L	1	9	8668454296	8668754302	300006	372.54	277.84	26	33	-1	12.64	12.64
Fixation R	1	9	8668454296	8668754302	300006	372.54	277.84	26	33	-1	14.69	14.69
Saccade L	1	10	8668754302	8668774325	20023	376.44	282.88	343.22	291.52	0.63	55.07	0.60	31.55	2631.31	-2107.35	1691.71
Saccade R	1	9	8668754302	8668774325	20023	376.44	282.88	343.22	291.52	0.63	55.07	0.60	31.55	2631.31	-2107.35	1691.71
Fixation L	1	10	8668774325	8669862197	1087872	338.99	291.57	26	37	-1	12.70	12.70
Fixation R	1	10	8668774325	8669862197	1087872	338.99	291.57	26	37	-1	14.74	14.74
UserEvent	1	6	8669378012	# Message: UE-mouseclick left x=359 y=304
Saccade L	1	11	8669862197	8669898214	36017	346.72	308.35	376.79	360.52	1.29	51.47	0.33	35.79	2152.68	-1704.03	1395.83
Saccade R	1	10	8669862197	8669898214	36017	346.72	308.35	376.79	360.52	1.29	51.47	0.33	35.79	2152.68	-1704.03	1395.83
Fixation L	1	11	8669898214	8670366126	467912	386.23	350.91	17	26	-1	12.66	12.66
Fixation R	1	11	8669898214	8670366126	467912	386.23	350.91	17	26	-1	14.62	14.62
Saccade L	1	12	8670366126	8670390226	24100	388.84	337.76	386.00	285.91	1.06	81.62	0.50	43.78	3547.54	-3400.55	2624.43
Saccade R	1	11	8670366126	8670390226	24100	388.84	337.76	386.00	285.91	1.06	81.62	0.50	43.78	3547.54	-3400.55	2624.43
Fixation L	1	12	8670390226	8670918097	527871	395.69	289.60	24	31	-1	12.52	12.52
Fixation R	1	12	8670390226	8670918097	527871	395.69	289.60	24	31	-1	14.50	14.50
UserEvent	1	7	8670754047	# Message: UE-mouseclick left x=379 y=385
