[BeGaze]
Converted from:	D:\Kirillov\Results\ermolova_temp\Veronika-eye_data.idf
Date:	17.04.2019 03:53:12
Version:	BeGaze 3.0.181
Sample Rate:	250
Subject:	Veronika
Description:	Run21

Table Header for Fixations:
Event Type	Trial	Number	Start	End	Duration	Location X	Location Y	Dispersion X	Dispersion Y	Plane	Avg. Pupil Size X	Avg. Pupil Size Y

Table Header for Saccades:
Event Type	Trial	Number	Start	End	Duration	Start Loc.X	Start Loc.Y	End Loc.X	End Loc.Y	Amplitude	Peak Speed	Peak Speed At	Average Speed	Peak Accel.	Peak Decel.	Average Accel.

Table Header for User Events:
Event Type	Trial	Number	Start	Description

UserEvent	1	1	7733470297	# Message: Questionnaire5.jpg
Fixation L	1	1	7733472234	7733736287	264053	1016.64	622.44	47	25	-1	13.94	13.94
Fixation R	1	1	7733472234	7733736287	264053	1016.64	622.44	47	25	-1	13.50	13.50
Saccade L	1	1	7733736287	7733796237	59950	1020.78	611.27	534.30	224.33	14.61	401.75	0.40	243.77	18915.87	-15580.52	11233.09
Saccade R	1	1	7733736287	7733796237	59950	1020.78	611.27	534.30	224.33	14.61	401.75	0.40	243.77	18915.87	-15580.52	11233.09
Fixation L	1	2	7733796237	7733916110	119873	527.07	233.11	15	26	-1	13.43	13.43
Fixation R	1	2	7733796237	7733916110	119873	527.07	233.11	15	26	-1	12.80	12.80
Saccade L	1	2	7733916110	7733948137	32027	531.37	243.63	405.06	256.23	2.62	168.07	0.50	81.94	7868.69	-7611.81	5646.67
Saccade R	1	2	7733916110	7733948137	32027	531.37	243.63	405.06	256.23	2.62	168.07	0.50	81.94	7868.69	-7611.81	5646.67
Fixation L	1	3	7733948137	7734136118	187981	403.15	286.63	21	46	-1	13.41	13.41
Fixation R	1	3	7733948137	7734136118	187981	403.15	286.63	21	46	-1	12.74	12.74
Saccade L	1	3	7734136118	7734156112	19994	402.67	301.71	370.27	289.88	0.62	51.71	0.60	30.87	2288.33	-2091.40	1624.20
Saccade R	1	3	7734136118	7734156112	19994	402.67	301.71	370.27	289.88	0.62	51.71	0.60	30.87	2288.33	-2091.40	1624.20
Fixation L	1	4	7734156112	7734488126	332014	367.97	298.67	19	18	-1	13.95	13.95
Fixation R	1	4	7734156112	7734488126	332014	367.97	298.67	19	18	-1	13.37	13.37
Saccade L	1	4	7734488126	7734512136	24010	375.10	303.87	356.06	387.81	1.77	143.40	0.50	73.73	5888.19	-6034.45	4394.02
Saccade R	1	4	7734488126	7734512136	24010	375.10	303.87	356.06	387.81	1.77	143.40	0.50	73.73	5888.19	-6034.45	4394.02
Fixation L	1	5	7734512136	7734836139	324003	338.00	371.78	39	33	-1	14.35	14.35
Fixation R	1	5	7734512136	7734836139	324003	338.00	371.78	39	33	-1	13.80	13.80
Saccade L	1	5	7734836139	7734860134	23995	332.64	358.70	340.40	323.85	0.73	47.16	0.50	30.43	2053.93	-1762.53	1417.50
Saccade R	1	5	7734836139	7734860134	23995	332.64	358.70	340.40	323.85	0.73	47.16	0.50	30.43	2053.93	-1762.53	1417.50
Fixation L	1	6	7734860134	7735872088	1011954	349.32	323.88	47	38	-1	14.53	14.53
Fixation R	1	6	7734860134	7735872088	1011954	349.32	323.88	47	38	-1	14.23	14.23
UserEvent	1	2	7735519154	# Message: UE-mouseclick left x=373 y=337
Saccade L	1	6	7735872088	7735896054	23966	369.56	336.95	365.93	380.59	0.90	67.75	0.50	37.42	2958.62	-2827.37	2163.65
Saccade R	1	6	7735872088	7735896054	23966	369.56	336.95	365.93	380.59	0.90	67.75	0.50	37.42	2958.62	-2827.37	2163.65
Fixation L	1	7	7735896054	7736092029	195975	364.63	371.13	21	21	-1	15.04	15.04
Fixation R	1	7	7735896054	7736092029	195975	364.63	371.13	21	21	-1	14.82	14.82
Saccade L	1	7	7736092029	7736124047	32018	362.93	368.75	407.37	376.38	0.96	50.12	0.37	29.94	2108.66	-1584.37	1358.47
Saccade R	1	7	7736092029	7736124047	32018	362.93	368.75	407.37	376.38	0.96	50.12	0.37	29.94	2108.66	-1584.37	1358.47
Fixation L	1	8	7736124047	7736360038	235991	409.09	396.82	13	31	-1	15.17	15.17
Fixation R	1	8	7736124047	7736360038	235991	409.09	396.82	13	31	-1	14.87	14.87
Saccade L	1	8	7736360038	7736392036	31998	414.78	401.78	393.49	330.07	1.53	98.83	0.50	47.74	4620.37	-4169.18	3169.90
Saccade R	1	8	7736360038	7736392036	31998	414.78	401.78	393.49	330.07	1.53	98.83	0.50	47.74	4620.37	-4169.18	3169.90
Fixation L	1	9	7736392036	7736540052	148016	394.61	331.36	15	16	-1	14.77	14.77
Fixation R	1	9	7736392036	7736540052	148016	394.61	331.36	15	16	-1	14.60	14.60
UserEvent	1	3	7736439161	# Message: UE-mouseclick left x=398 y=389
