[BeGaze]
Converted from:	D:\Kirillov\Results\ermolova_temp\Nastya 3kurs-eye_data.idf
Date:	17.04.2019 03:52:19
Version:	BeGaze 3.0.181
Sample Rate:	250
Subject:	Nastya 3kurs
Description:	Run3

Table Header for Fixations:
Event Type	Trial	Number	Start	End	Duration	Location X	Location Y	Dispersion X	Dispersion Y	Plane	Avg. Pupil Size X	Avg. Pupil Size Y

Table Header for Saccades:
Event Type	Trial	Number	Start	End	Duration	Start Loc.X	Start Loc.Y	End Loc.X	End Loc.Y	Amplitude	Peak Speed	Peak Speed At	Average Speed	Peak Accel.	Peak Decel.	Average Accel.

Table Header for User Events:
Event Type	Trial	Number	Start	Description

UserEvent	1	1	5218067578	# Message: Questionnaire11.jpg
Fixation L	1	1	5218068518	5218224515	155997	434.58	391.03	28	45	-1	13.85	13.85
Fixation R	1	1	5218068518	5218224515	155997	434.58	391.03	28	45	-1	12.46	12.46
Saccade L	1	1	5218224515	5218277707	53192	427.33	396.15	129.36	927.81	14.95	601.02	0.57	280.99	26270.10	-29182.11	18822.30
Saccade R	1	1	5218224515	5218277707	53192	427.33	396.15	129.36	927.81	14.95	601.02	0.57	280.99	26270.10	-29182.11	18822.30
Fixation L	1	2	5218277707	5218364979	87272	135.56	924.91	30	10	-1	14.50	14.50
Fixation R	1	2	5218277707	5218364979	87272	135.56	924.91	30	10	-1	12.88	12.88
Saccade L	1	2	5218364979	5218500510	135531	143.14	927.68	325.02	427.39	54.20	1740.99	0.26	399.93	67126.46	-59692.27	28546.31
Saccade R	1	2	5218364979	5218500510	135531	143.14	927.68	325.02	427.39	54.20	1740.99	0.26	399.93	67126.46	-59692.27	28546.31
Fixation L	1	3	5218500510	5218648509	147999	332.21	422.18	28	50	-1	14.45	14.45
Fixation R	1	3	5218500510	5218648509	147999	332.21	422.18	28	50	-1	13.17	13.17
Saccade L	1	3	5218648509	5218680510	32001	334.21	449.93	376.98	261.28	3.87	269.89	0.38	120.78	12330.23	-12362.47	8730.48
Saccade R	1	3	5218648509	5218680510	32001	334.21	449.93	376.98	261.28	3.87	269.89	0.38	120.78	12330.23	-12362.47	8730.48
Saccade L	1	4	5218708525	5218756523	47998	377.38	260.18	383.53	325.40	1.49	41.84	0.58	31.02	1227.67	-1059.86	673.94
Saccade R	1	4	5218708525	5218756523	47998	377.38	260.18	383.53	325.40	1.49	41.84	0.58	31.02	1227.67	-1059.86	673.94
Saccade L	1	5	5218756523	5218780532	24009	383.53	325.40	377.22	346.68	0.72	51.54	0.50	30.19	1080.38	-1476.12	974.30
Saccade R	1	5	5218756523	5218780532	24009	383.53	325.40	377.22	346.68	0.72	51.54	0.50	30.19	1080.38	-1476.12	974.30
Fixation L	1	4	5218780532	5218916537	136005	369.90	328.95	12	41	-1	14.46	14.46
Fixation R	1	4	5218780532	5218916537	136005	369.90	328.95	12	41	-1	13.41	13.41
Saccade L	1	6	5218964553	5218984532	19979	364.80	342.96	379.49	315.55	0.45	40.25	0.60	22.66	820.05	-660.99	483.88
Saccade R	1	6	5218964553	5218984532	19979	364.80	342.96	379.49	315.55	0.45	40.25	0.60	22.66	820.05	-660.99	483.88
Saccade L	1	7	5219004557	5219024528	19971	371.56	309.14	373.33	354.37	0.67	56.81	0.60	33.79	2156.35	-1373.85	1120.83
Saccade R	1	7	5219004557	5219024528	19971	371.56	309.14	373.33	354.37	0.67	56.81	0.60	33.79	2156.35	-1373.85	1120.83
Fixation L	1	5	5219024528	5219240538	216010	346.02	347.64	51	35	-1	14.77	14.77
Fixation R	1	5	5219024528	5219240538	216010	346.02	347.64	51	35	-1	13.46	13.46
UserEvent	1	2	5219100044	# Message: UE-mouseclick left x=1095 y=0
UserEvent	1	3	5219116332	# Message: UE-mouseclick right x=1110 y=0
Saccade L	1	8	5219240538	5219260535	19997	329.95	339.62	344.07	398.50	0.93	87.33	0.60	46.29	3444.58	-983.01	1786.20
Saccade R	1	8	5219240538	5219260535	19997	329.95	339.62	344.07	398.50	0.93	87.33	0.60	46.29	3444.58	-983.01	1786.20
Saccade L	1	9	5219260535	5219312522	51987	344.07	398.50	323.09	367.27	2.36	81.64	0.38	45.48	1407.09	-2525.89	1132.41
Saccade R	1	9	5219260535	5219312522	51987	344.07	398.50	323.09	367.27	2.36	81.64	0.38	45.48	1407.09	-2525.89	1132.41
Fixation L	1	6	5219372529	5219548412	175883	343.13	378.32	50	29	-1	15.13	15.13
Fixation R	1	6	5219372529	5219548412	175883	343.13	378.32	50	29	-1	13.78	13.78
Saccade L	1	10	5219548412	5219588401	39989	348.64	392.41	388.76	358.26	1.17	50.54	0.30	29.21	2054.83	-1292.18	1039.39
Saccade R	1	10	5219548412	5219588401	39989	348.64	392.41	388.76	358.26	1.17	50.54	0.30	29.21	2054.83	-1292.18	1039.39
Fixation L	1	7	5219588401	5219780414	192013	368.83	375.95	61	43	-1	15.70	15.70
Fixation R	1	7	5219588401	5219780414	192013	368.83	375.95	61	43	-1	14.24	14.24
Saccade L	1	11	5219780414	5219804419	24005	339.58	376.01	351.81	436.84	0.91	73.53	0.67	38.11	2762.74	-406.15	1313.40
Saccade R	1	11	5219780414	5219804419	24005	339.58	376.01	351.81	436.84	0.91	73.53	0.67	38.11	2762.74	-406.15	1313.40
Saccade L	1	12	5219804419	5219836425	32006	351.81	436.84	326.90	419.06	1.24	54.90	0.37	38.74	450.73	-1026.49	481.15
Saccade R	1	12	5219804419	5219836425	32006	351.81	436.84	326.90	419.06	1.24	54.90	0.37	38.74	450.73	-1026.49	481.15
Saccade L	1	13	5219836425	5219856430	20005	326.90	419.06	328.94	391.86	0.61	52.82	0.60	30.25	571.00	-409.31	381.22
Saccade R	1	13	5219836425	5219856430	20005	326.90	419.06	328.94	391.86	0.61	52.82	0.60	30.25	571.00	-409.31	381.22
Fixation L	1	8	5219872415	5219940408	67993	348.28	415.88	19	18	-1	16.05	16.05
Fixation R	1	8	5219872415	5219940408	67993	348.28	415.88	19	18	-1	14.57	14.57
Saccade L	1	14	5219940408	5219968407	27999	356.51	414.27	305.51	390.51	1.11	65.70	0.29	39.47	2382.45	-2193.35	1525.10
Saccade R	1	14	5219940408	5219968407	27999	356.51	414.27	305.51	390.51	1.11	65.70	0.29	39.47	2382.45	-2193.35	1525.10
Fixation L	1	9	5219968407	5220104407	136000	325.12	398.27	37	25	-1	16.13	16.13
Fixation R	1	9	5219968407	5220104407	136000	325.12	398.27	37	25	-1	14.52	14.52
Saccade L	1	15	5220104407	5220136410	32003	340.68	406.54	315.50	394.14	0.83	44.31	0.50	25.80	1553.60	-377.01	651.41
Saccade R	1	15	5220104407	5220136410	32003	340.68	406.54	315.50	394.14	0.83	44.31	0.50	25.80	1553.60	-377.01	651.41
Fixation L	1	10	5220136410	5220360417	224007	327.41	402.85	37	44	-1	16.15	16.15
Fixation R	1	10	5220136410	5220360417	224007	327.41	402.85	37	44	-1	14.38	14.38
Saccade L	1	16	5220360417	5220388415	27998	333.34	418.59	305.02	397.02	0.81	41.32	0.43	28.91	1659.91	-1245.72	1051.62
Saccade R	1	16	5220360417	5220388415	27998	333.34	418.59	305.02	397.02	0.81	41.32	0.43	28.91	1659.91	-1245.72	1051.62
Fixation L	1	11	5220388415	5220472421	84006	310.99	390.03	29	18	-1	16.04	16.04
Fixation R	1	11	5220388415	5220472421	84006	310.99	390.03	29	18	-1	14.31	14.31
Saccade L	1	17	5220472421	5220496415	23994	300.94	390.44	334.19	400.61	0.72	45.04	0.33	30.04	1471.30	-1888.27	1220.79
Saccade R	1	17	5220472421	5220496415	23994	300.94	390.44	334.19	400.61	0.72	45.04	0.33	30.04	1471.30	-1888.27	1220.79
Fixation L	1	12	5220496415	5220620473	124058	320.35	404.08	36	18	-1	15.90	15.90
Fixation R	1	12	5220496415	5220620473	124058	320.35	404.08	36	18	-1	14.29	14.29
Saccade L	1	18	5220620473	5220640428	19955	307.62	416.06	302.16	380.67	0.72	62.25	0.60	36.01	2047.97	-2096.68	1373.68
Saccade R	1	18	5220620473	5220640428	19955	307.62	416.06	302.16	380.67	0.72	62.25	0.60	36.01	2047.97	-2096.68	1373.68
UserEvent	1	4	5220628044	# Message: UE-mouseclick left x=366 y=304
Saccade L	1	19	5220680425	5220728471	48046	291.37	374.56	339.65	414.58	1.85	69.41	0.33	38.54	2621.90	-1890.06	1461.56
Saccade R	1	19	5220680425	5220728471	48046	291.37	374.56	339.65	414.58	1.85	69.41	0.33	38.54	2621.90	-1890.06	1461.56
Fixation L	1	13	5220728471	5220812297	83826	316.49	417.02	45	21	-1	15.83	15.83
Fixation R	1	13	5220728471	5220812297	83826	316.49	417.02	45	21	-1	14.24	14.24
Saccade L	1	20	5220812297	5220840297	28000	307.02	424.26	289.67	390.12	0.90	57.38	0.29	32.12	2390.62	-1831.37	1231.60
Saccade R	1	20	5220812297	5220840297	28000	307.02	424.26	289.67	390.12	0.90	57.38	0.29	32.12	2390.62	-1831.37	1231.60
Saccade L	1	21	5220840297	5220864306	24009	289.67	390.12	307.25	410.88	0.75	58.60	0.50	31.40	1481.33	-2046.67	1143.41
Saccade R	1	21	5220840297	5220864306	24009	289.67	390.12	307.25	410.88	0.75	58.60	0.50	31.40	1481.33	-2046.67	1143.41
