[BeGaze]
Converted from:	D:\Kirillov\Results\ermolova_temp\Julia-eye_data.idf
Date:	17.04.2019 03:54:35
Version:	BeGaze 3.0.181
Sample Rate:	250
Subject:	Julia
Description:	Run40

Table Header for Fixations:
Event Type	Trial	Number	Start	End	Duration	Location X	Location Y	Dispersion X	Dispersion Y	Plane	Avg. Pupil Size X	Avg. Pupil Size Y

Table Header for Saccades:
Event Type	Trial	Number	Start	End	Duration	Start Loc.X	Start Loc.Y	End Loc.X	End Loc.Y	Amplitude	Peak Speed	Peak Speed At	Average Speed	Peak Accel.	Peak Decel.	Average Accel.

Table Header for User Events:
Event Type	Trial	Number	Start	Description

UserEvent	1	1	9563572272	# Message: experiment-08.jpg
Fixation L	1	1	9563574336	9563778359	204023	323.84	275.57	15	23	-1	12.54	12.54
Fixation R	1	1	9563574336	9563778359	204023	323.84	275.57	15	23	-1	12.20	12.20
Saccade L	1	1	9563778359	9563830364	52005	329.39	265.99	712.33	340.36	8.51	371.95	0.46	163.62	17834.49	-13792.20	10252.37
Saccade R	1	1	9563778359	9563830364	52005	329.39	265.99	712.33	340.36	8.51	371.95	0.46	163.62	17834.49	-13792.20	10252.37
Fixation L	1	2	9563830364	9563954341	123977	716.95	343.02	8	13	-1	12.27	12.27
Fixation R	1	2	9563830364	9563954341	123977	716.95	343.02	8	13	-1	12.22	12.22
Saccade L	1	2	9563954341	9564002342	48001	705.71	346.89	1182.46	309.44	10.23	389.33	0.58	213.11	16156.96	-17986.41	11822.32
Saccade R	1	2	9563954341	9564002342	48001	705.71	346.89	1182.46	309.44	10.23	389.33	0.58	213.11	16156.96	-17986.41	11822.32
Fixation L	1	3	9564002342	9564214360	212018	1173.23	308.94	34	16	-1	11.19	11.19
Fixation R	1	3	9564002342	9564214360	212018	1173.23	308.94	34	16	-1	11.17	11.17
Saccade L	1	3	9564214360	9564270378	56018	1185.53	311.52	996.81	262.71	5.41	309.61	0.36	96.58	13941.59	-12877.29	6327.96
Saccade R	1	3	9564214360	9564270378	56018	1185.53	311.52	996.81	262.71	5.41	309.61	0.36	96.58	13941.59	-12877.29	6327.96
Fixation L	1	4	9564270378	9564406350	135972	998.63	239.83	22	39	-1	11.09	11.09
Fixation R	1	4	9564270378	9564406350	135972	998.63	239.83	22	39	-1	11.07	11.07
Saccade L	1	4	9564406350	9564434412	28062	1011.00	224.75	1164.77	229.66	3.55	270.56	0.43	126.35	11187.29	-10707.59	8282.48
Saccade R	1	4	9564406350	9564434412	28062	1011.00	224.75	1164.77	229.66	3.55	270.56	0.43	126.35	11187.29	-10707.59	8282.48
Saccade L	1	5	9564454347	9564486350	32003	1155.77	215.13	1291.62	86.11	3.90	306.79	0.38	121.95	12410.40	-12849.96	8800.62
Saccade R	1	5	9564454347	9564486350	32003	1155.77	215.13	1291.62	86.11	3.90	306.79	0.38	121.95	12410.40	-12849.96	8800.62
Fixation L	1	5	9564486350	9564706419	220069	1271.38	94.27	37	26	-1	11.12	11.12
Fixation R	1	5	9564486350	9564706419	220069	1271.38	94.27	37	26	-1	11.14	11.14
Saccade L	1	6	9564706419	9564726350	19931	1261.84	95.83	1256.91	261.26	3.17	348.73	0.60	159.22	14378.91	-9346.57	8461.71
Saccade R	1	6	9564706419	9564726350	19931	1261.84	95.83	1256.91	261.26	3.17	348.73	0.60	159.22	14378.91	-9346.57	8461.71
Saccade L	1	7	9564750354	9564770356	20002	1269.05	83.39	1233.00	89.73	1.49	148.79	0.40	74.33	2658.74	-3371.79	1587.16
Saccade R	1	7	9564750354	9564770356	20002	1269.05	83.39	1233.00	89.73	1.49	148.79	0.40	74.33	2658.74	-3371.79	1587.16
Saccade L	1	8	9564770356	9564850336	79980	1233.00	89.73	812.95	918.00	23.89	513.93	0.50	298.67	21696.85	-20831.44	9205.22
Saccade R	1	8	9564770356	9564850336	79980	1233.00	89.73	812.95	918.00	23.89	513.93	0.50	298.67	21696.85	-20831.44	9205.22
Saccade L	1	9	9564866362	9564914340	47978	798.36	898.57	777.78	821.20	1.66	56.96	0.67	34.59	1112.84	-1733.59	674.05
Saccade R	1	9	9564866362	9564914340	47978	798.36	898.57	777.78	821.20	1.66	56.96	0.67	34.59	1112.84	-1733.59	674.05
Saccade L	1	10	9564946424	9564982236	35812	774.35	832.84	812.15	713.13	2.40	145.35	0.44	66.97	5804.00	-5642.21	3922.91
Saccade R	1	10	9564946424	9564982236	35812	774.35	832.84	812.15	713.13	2.40	145.35	0.44	66.97	5804.00	-5642.21	3922.91
Fixation L	1	6	9564982236	9565330227	347991	811.09	757.20	37	79	-1	11.76	11.76
Fixation R	1	6	9564982236	9565330227	347991	811.09	757.20	37	79	-1	12.15	12.15
Saccade L	1	11	9565330227	9565378288	48061	797.29	730.11	762.81	550.35	4.54	259.81	0.50	94.36	11244.19	-11234.13	6556.85
Saccade R	1	11	9565330227	9565378288	48061	797.29	730.11	762.81	550.35	4.54	259.81	0.50	94.36	11244.19	-11234.13	6556.85
Saccade L	1	12	9565378288	9565402243	23955	762.81	550.35	772.01	425.00	2.63	229.13	0.50	109.67	8388.57	-8954.77	6365.82
Saccade R	1	12	9565378288	9565402243	23955	762.81	550.35	772.01	425.00	2.63	229.13	0.50	109.67	8388.57	-8954.77	6365.82
Fixation L	1	7	9565486245	9565646281	160036	773.62	387.24	45	29	-1	11.62	11.62
Fixation R	1	7	9565486245	9565646281	160036	773.62	387.24	45	29	-1	12.04	12.04
Saccade L	1	13	9565646281	9565678264	31983	790.76	383.91	785.66	573.11	3.92	268.07	0.37	122.71	11956.22	-11378.78	8348.25
Saccade R	1	13	9565646281	9565678264	31983	790.76	383.91	785.66	573.11	3.92	268.07	0.37	122.71	11956.22	-11378.78	8348.25
Fixation L	1	8	9565678264	9565874273	196009	790.08	556.54	10	33	-1	11.96	11.96
Fixation R	1	8	9565678264	9565874273	196009	790.08	556.54	10	33	-1	12.29	12.29
Saccade L	1	14	9565874273	9565934265	59992	785.24	565.66	545.89	770.56	9.18	394.62	0.33	153.04	18805.32	-15779.54	9435.59
Saccade R	1	14	9565874273	9565934265	59992	785.24	565.66	545.89	770.56	9.18	394.62	0.33	153.04	18805.32	-15779.54	9435.59
Fixation L	1	9	9565934265	9566082270	148005	546.79	766.38	22	21	-1	12.05	12.05
Fixation R	1	9	9565934265	9566082270	148005	546.79	766.38	22	21	-1	12.66	12.66
Saccade L	1	15	9566082270	9566102259	19989	558.82	769.76	562.23	803.52	1.23	117.73	0.60	61.49	5095.70	-4395.61	3253.74
Saccade R	1	15	9566082270	9566102259	19989	558.82	769.76	562.23	803.52	1.23	117.73	0.60	61.49	5095.70	-4395.61	3253.74
Saccade L	1	16	9566122291	9566150289	27998	576.43	849.76	549.72	795.96	0.77	40.50	0.71	27.41	945.01	-977.86	774.90
Saccade R	1	16	9566122291	9566150289	27998	576.43	849.76	549.72	795.96	0.77	40.50	0.71	27.41	945.01	-977.86	774.90
Fixation L	1	10	9566150289	9566218275	67986	558.53	806.60	22	50	-1	12.28	12.28
Fixation R	1	10	9566150289	9566218275	67986	558.53	806.60	22	50	-1	12.49	12.49
Saccade L	1	17	9566218275	9566266266	47991	565.89	814.62	0.00	0.00	26.98	2211.42	0.75	562.27	86573.41	-92912.44	43370.34
Saccade R	1	17	9566218275	9566266266	47991	565.89	814.62	0.00	0.00	26.98	2211.42	0.75	562.27	86573.41	-92912.44	43370.34
Fixation L	1	11	9566266266	9566418144	151878	0.00	0.00	0	0	-1	13.39	13.39
Fixation R	1	11	9566266266	9566418144	151878	0.00	0.00	0	0	-1	13.32	13.32
Saccade L	1	18	9566562144	9566594147	32003	655.47	781.74	677.26	817.25	1.04	51.84	0.62	32.60	1997.06	-303.27	738.88
Saccade R	1	18	9566562144	9566594147	32003	655.47	781.74	677.26	817.25	1.04	51.84	0.62	32.60	1997.06	-303.27	738.88
