[BeGaze]
Converted from:	D:\Kirillov\Results\ermolova_temp\Natalia-eye_data.idf
Date:	17.04.2019 03:53:11
Version:	BeGaze 3.0.181
Sample Rate:	250
Subject:	Natalia
Description:	Run20

Table Header for Fixations:
Event Type	Trial	Number	Start	End	Duration	Location X	Location Y	Dispersion X	Dispersion Y	Plane	Avg. Pupil Size X	Avg. Pupil Size Y

Table Header for Saccades:
Event Type	Trial	Number	Start	End	Duration	Start Loc.X	Start Loc.Y	End Loc.X	End Loc.Y	Amplitude	Peak Speed	Peak Speed At	Average Speed	Peak Accel.	Peak Decel.	Average Accel.

Table Header for User Events:
Event Type	Trial	Number	Start	Description

UserEvent	1	1	7359680722	# Message: Questionnaire15.jpg
Fixation L	1	1	7359684126	7359892141	208015	917.43	623.93	30	37	-1	12.35	12.35
Fixation R	1	1	7359684126	7359892141	208015	917.43	623.93	30	37	-1	12.91	12.91
Saccade L	1	1	7359892141	7360008147	116006	924.81	624.08	482.83	332.34	19.40	542.15	0.17	167.20	25279.24	-15758.30	8827.80
Saccade R	1	1	7359892141	7360008147	116006	924.81	624.08	482.83	332.34	19.40	542.15	0.17	167.20	25279.24	-15758.30	8827.80
Fixation L	1	2	7360032127	7360084134	52007	487.77	318.73	33	30	-1	12.36	12.36
Fixation R	1	2	7360032127	7360084134	52007	487.77	318.73	33	30	-1	12.91	12.91
Saccade L	1	2	7360084134	7360120164	36030	510.63	327.10	431.59	337.92	2.74	189.03	0.33	76.17	7232.98	-6281.37	4016.04
Saccade R	1	2	7360084134	7360120164	36030	510.63	327.10	431.59	337.92	2.74	189.03	0.33	76.17	7232.98	-6281.37	4016.04
Fixation L	1	3	7360120164	7360612163	491999	415.32	344.59	30	32	-1	12.73	12.73
Fixation R	1	3	7360120164	7360612163	491999	415.32	344.59	30	32	-1	13.30	13.30
Saccade L	1	3	7360612163	7360632138	19975	415.34	342.15	378.37	339.72	0.76	77.43	0.60	37.94	3193.38	-2732.36	1969.66
Saccade R	1	3	7360612163	7360632138	19975	415.34	342.15	378.37	339.72	0.76	77.43	0.60	37.94	3193.38	-2732.36	1969.66
Fixation L	1	4	7360632138	7360756082	123944	374.98	353.82	31	22	-1	13.02	13.02
Fixation R	1	4	7360632138	7360756082	123944	374.98	353.82	31	22	-1	14.00	14.00
Saccade L	1	4	7360756082	7360820030	63948	363.31	354.64	487.91	351.22	5.02	258.48	0.25	78.56	11088.71	-6953.55	4091.64
Saccade R	1	4	7360756082	7360820030	63948	363.31	354.64	487.91	351.22	5.02	258.48	0.25	78.56	11088.71	-6953.55	4091.64
Fixation L	1	5	7360820030	7360972033	152003	503.70	357.09	27	10	-1	13.06	13.06
Fixation R	1	5	7360820030	7360972033	152003	503.70	357.09	27	10	-1	13.85	13.85
Saccade L	1	5	7360972033	7361008058	36025	515.74	356.26	460.10	355.62	3.48	229.62	0.33	96.62	9325.57	-6538.51	4849.95
Saccade R	1	5	7360972033	7361008058	36025	515.74	356.26	460.10	355.62	3.48	229.62	0.33	96.62	9325.57	-6538.51	4849.95
Fixation L	1	6	7361008058	7361140077	132019	442.16	369.36	25	21	-1	13.08	13.08
Fixation R	1	6	7361008058	7361140077	132019	442.16	369.36	25	21	-1	13.70	13.70
Saccade L	1	6	7361140077	7361172069	31992	455.48	363.55	406.79	360.41	1.63	124.37	0.37	50.96	5178.79	-4392.75	3062.02
Saccade R	1	6	7361140077	7361172069	31992	455.48	363.55	406.79	360.41	1.63	124.37	0.37	50.96	5178.79	-4392.75	3062.02
Fixation L	1	7	7361172069	7361976070	804001	394.88	376.06	22	30	-1	13.07	13.07
Fixation R	1	7	7361172069	7361976070	804001	394.88	376.06	22	30	-1	13.62	13.62
UserEvent	1	2	7361551040	# Message: UE-mouseclick left x=412 y=334
Fixation L	1	8	7362040087	7362635945	595858	4.70	6.04	700	900	-1	7.46	7.46
Fixation R	1	8	7362040087	7362635945	595858	4.70	6.04	700	900	-1	8.73	8.73
