[BeGaze]
Converted from:	D:\Kirillov\Results\ermolova_temp\Vita-eye_data.idf
Date:	17.04.2019 03:54:20
Version:	BeGaze 3.0.181
Sample Rate:	250
Subject:	Vita
Description:	Run38

Table Header for Fixations:
Event Type	Trial	Number	Start	End	Duration	Location X	Location Y	Dispersion X	Dispersion Y	Plane	Avg. Pupil Size X	Avg. Pupil Size Y

Table Header for Saccades:
Event Type	Trial	Number	Start	End	Duration	Start Loc.X	Start Loc.Y	End Loc.X	End Loc.Y	Amplitude	Peak Speed	Peak Speed At	Average Speed	Peak Accel.	Peak Decel.	Average Accel.

Table Header for User Events:
Event Type	Trial	Number	Start	Description

UserEvent	1	1	6265308287	# Message: Questionnaire4.jpg
Fixation L	1	1	6265312060	6265492065	180005	251.43	488.98	29	19	-1	15.79	15.79
Fixation R	1	1	6265312060	6265492065	180005	251.43	488.98	29	19	-1	15.83	15.83
Saccade L	1	1	6265492065	6265536067	44002	257.39	491.51	627.63	488.50	8.59	487.62	0.36	195.33	24191.16	-22546.62	14609.74
Saccade R	1	1	6265492065	6265536067	44002	257.39	491.51	627.63	488.50	8.59	487.62	0.36	195.33	24191.16	-22546.62	14609.74
Saccade L	1	2	6265536067	6265592050	55983	627.63	488.50	336.09	339.71	8.81	402.08	0.57	157.39	18538.07	-18924.20	10811.57
Saccade R	1	2	6265536067	6265592050	55983	627.63	488.50	336.09	339.71	8.81	402.08	0.57	157.39	18538.07	-18924.20	10811.57
Fixation L	1	2	6265592050	6265764080	172030	309.00	349.54	40	27	-1	14.08	14.08
Fixation R	1	2	6265592050	6265764080	172030	309.00	349.54	40	27	-1	14.08	14.08
Saccade L	1	3	6265764080	6265800040	35960	312.22	363.79	331.40	318.61	1.28	71.34	0.44	35.72	3230.61	-2688.22	1933.21
Saccade R	1	3	6265764080	6265800040	35960	312.22	363.79	331.40	318.61	1.28	71.34	0.44	35.72	3230.61	-2688.22	1933.21
Fixation L	1	3	6265800040	6266008046	208006	341.07	306.04	17	22	-1	13.76	13.76
Fixation R	1	3	6265800040	6266008046	208006	341.07	306.04	17	22	-1	13.63	13.63
Saccade L	1	4	6266008046	6266028047	20001	346.74	302.35	348.90	270.14	0.59	45.23	0.60	29.65	1683.34	-1719.53	1255.70
Saccade R	1	4	6266008046	6266028047	20001	346.74	302.35	348.90	270.14	0.59	45.23	0.60	29.65	1683.34	-1719.53	1255.70
Fixation L	1	4	6266028047	6266579951	551904	363.20	266.30	57	19	-1	14.53	14.53
Fixation R	1	4	6266028047	6266579951	551904	363.20	266.30	57	19	-1	14.38	14.38
Saccade L	1	5	6266579951	6266607929	27978	399.20	255.41	456.62	258.00	1.35	100.51	0.57	48.34	4548.46	-4501.01	3326.35
Saccade R	1	5	6266579951	6266607929	27978	399.20	255.41	456.62	258.00	1.35	100.51	0.57	48.34	4548.46	-4501.01	3326.35
Fixation L	1	5	6266607929	6267487971	880042	451.42	294.19	59	69	-1	14.99	14.99
Fixation R	1	5	6266607929	6267487971	880042	451.42	294.19	59	69	-1	14.80	14.80
UserEvent	1	2	6266837929	# Message: UE-mouseclick left x=402 y=272
Saccade L	1	6	6267487971	6267511988	24017	459.12	300.67	401.78	288.34	1.20	86.06	0.50	50.16	3548.81	-3154.21	2457.80
Saccade R	1	6	6267487971	6267511988	24017	459.12	300.67	401.78	288.34	1.20	86.06	0.50	50.16	3548.81	-3154.21	2457.80
Fixation L	1	6	6267511988	6267727832	215844	401.01	285.81	17	24	-1	15.00	15.00
Fixation R	1	6	6267511988	6267727832	215844	401.01	285.81	17	24	-1	14.98	14.98
Saccade L	1	7	6267727832	6267767865	40033	394.77	294.99	492.64	288.84	3.42	201.38	0.40	85.35	9821.31	-7080.04	5116.10
Saccade R	1	7	6267727832	6267767865	40033	394.77	294.99	492.64	288.84	3.42	201.38	0.40	85.35	9821.31	-7080.04	5116.10
Fixation L	1	7	6267767865	6268007858	239993	498.61	286.54	14	20	-1	14.78	14.78
Fixation R	1	7	6267767865	6268007858	239993	498.61	286.54	14	20	-1	14.85	14.85
Saccade L	1	8	6268007858	6268063836	55978	493.66	275.77	346.88	430.02	5.74	349.48	0.29	102.62	16450.14	-14590.61	7176.29
Saccade R	1	8	6268007858	6268063836	55978	493.66	275.77	346.88	430.02	5.74	349.48	0.29	102.62	16450.14	-14590.61	7176.29
Fixation L	1	8	6268063836	6268418231	354395	360.56	406.56	48	41	-1	14.75	14.75
Fixation R	1	8	6268063836	6268418231	354395	360.56	406.56	48	41	-1	14.85	14.85
UserEvent	1	3	6268309988	# Message: UE-mouseclick left x=437 y=392
