[BeGaze]
Converted from:	D:\Kirillov\Results\ermolova_temp\Julia-eye_data.idf
Date:	17.04.2019 03:54:37
Version:	BeGaze 3.0.181
Sample Rate:	250
Subject:	Julia
Description:	Run40

Table Header for Fixations:
Event Type	Trial	Number	Start	End	Duration	Location X	Location Y	Dispersion X	Dispersion Y	Plane	Avg. Pupil Size X	Avg. Pupil Size Y

Table Header for Saccades:
Event Type	Trial	Number	Start	End	Duration	Start Loc.X	Start Loc.Y	End Loc.X	End Loc.Y	Amplitude	Peak Speed	Peak Speed At	Average Speed	Peak Accel.	Peak Decel.	Average Accel.

Table Header for User Events:
Event Type	Trial	Number	Start	Description

UserEvent	1	1	9672604747	# Message: experiment-18.jpg
Fixation L	1	1	9672615072	9673147142	532070	402.09	238.01	28	37	-1	11.55	11.55
Fixation R	1	1	9672615072	9673147142	532070	402.09	238.01	28	37	-1	11.64	11.64
Fixation L	1	2	9673215089	9673690991	475902	287.27	343.74	29	32	-1	10.87	10.87
Fixation R	1	2	9673215089	9673690991	475902	287.27	343.74	29	32	-1	11.17	11.17
Saccade L	1	1	9673690991	9673742973	51982	273.58	345.45	326.28	316.21	1.34	68.55	0.23	25.87	2575.66	-2730.07	1334.50
Saccade R	1	1	9673690991	9673742973	51982	273.58	345.45	326.28	316.21	1.34	68.55	0.23	25.87	2575.66	-2730.07	1334.50
Fixation L	1	3	9673742973	9674174981	432008	326.91	312.28	26	41	-1	11.48	11.48
Fixation R	1	3	9673742973	9674174981	432008	326.91	312.28	26	41	-1	11.44	11.44
Saccade L	1	2	9674174981	9674223009	48028	319.34	303.87	219.10	465.82	4.19	198.84	0.33	87.29	9049.48	-6778.08	5345.62
Saccade R	1	2	9674174981	9674223009	48028	319.34	303.87	219.10	465.82	4.19	198.84	0.33	87.29	9049.48	-6778.08	5345.62
Fixation L	1	4	9674223009	9674779117	556108	187.95	347.66	244	593	-1	10.33	10.33
Fixation R	1	4	9674223009	9674646989	423980	226.57	416.26	28	75	-1	11.47	11.47
Fixation L	1	5	9674874993	9675067020	192027	295.79	342.38	26	40	-1	11.55	11.55
Fixation R	1	5	9674874993	9675067020	192027	295.79	342.38	26	40	-1	11.59	11.59
Saccade L	1	3	9675067020	9675090872	23852	296.57	322.25	306.71	316.99	0.45	41.94	0.33	18.81	948.07	-959.49	637.58
Saccade R	1	3	9675067020	9675090872	23852	296.57	322.25	306.71	316.99	0.45	41.94	0.33	18.81	948.07	-959.49	637.58
Fixation L	1	6	9675090872	9675146893	56021	328.37	301.37	30	25	-1	11.66	11.66
Fixation R	1	6	9675090872	9675146893	56021	328.37	301.37	30	25	-1	11.81	11.81
Saccade L	1	4	9675146893	9675178880	31987	338.57	290.71	343.94	239.75	1.09	68.03	0.38	34.15	3127.47	-2887.67	2163.22
Saccade R	1	4	9675146893	9675178880	31987	338.57	290.71	343.94	239.75	1.09	68.03	0.38	34.15	3127.47	-2887.67	2163.22
Fixation L	1	7	9675178880	9675282855	103975	361.70	225.72	29	32	-1	11.64	11.64
Fixation R	1	7	9675178880	9675282855	103975	361.70	225.72	29	32	-1	11.85	11.85
Saccade L	1	5	9675282855	9675326876	44021	368.96	216.77	343.54	295.18	1.70	82.40	0.46	38.52	3481.92	-3298.48	2268.04
Saccade R	1	5	9675282855	9675326876	44021	368.96	216.77	343.54	295.18	1.70	82.40	0.46	38.52	3481.92	-3298.48	2268.04
Saccade L	1	6	9675370856	9675462933	92077	335.12	297.16	1076.73	432.02	18.85	549.29	0.39	204.67	19115.11	-16958.61	9442.98
Saccade R	1	6	9675370856	9675462933	92077	335.12	297.16	1076.73	432.02	18.85	549.29	0.39	204.67	19115.11	-16958.61	9442.98
Fixation L	1	8	9675462933	9675714860	251927	1057.31	401.45	35	60	-1	11.52	11.52
Fixation R	1	8	9675462933	9675714860	251927	1057.31	401.45	35	60	-1	11.38	11.38
Fixation L	1	9	9675782904	9676102959	320055	1160.60	352.20	35	37	-1	10.95	10.95
Fixation R	1	9	9675782904	9676102959	320055	1160.60	352.20	35	37	-1	10.80	10.80
Saccade L	1	7	9676102959	9676134964	32005	1150.56	373.38	1220.19	371.34	1.51	105.42	0.50	47.22	4530.73	-4384.00	3160.48
Saccade R	1	7	9676102959	9676134964	32005	1150.56	373.38	1220.19	371.34	1.51	105.42	0.50	47.22	4530.73	-4384.00	3160.48
Fixation L	1	10	9676134964	9676538787	403823	1220.65	360.76	25	22	-1	10.67	10.67
Fixation R	1	10	9676134964	9676538787	403823	1220.65	360.76	25	22	-1	10.45	10.45
Saccade L	1	8	9676538787	9676582818	44031	1223.61	368.36	1193.35	383.62	0.90	41.94	0.27	20.45	1732.04	-1038.57	725.44
Saccade R	1	8	9676538787	9676582818	44031	1223.61	368.36	1193.35	383.62	0.90	41.94	0.27	20.45	1732.04	-1038.57	725.44
Fixation L	1	11	9676582818	9676766805	183987	1202.77	375.81	22	15	-1	10.75	10.75
Fixation R	1	11	9676582818	9676766805	183987	1202.77	375.81	22	15	-1	10.48	10.48
Saccade L	1	9	9676766805	9676866806	100001	1202.19	378.66	231.56	378.37	22.59	617.50	0.24	225.91	29531.19	-15882.63	10290.41
Saccade R	1	9	9676766805	9676866806	100001	1202.19	378.66	231.56	378.37	22.59	617.50	0.24	225.91	29531.19	-15882.63	10290.41
Fixation L	1	12	9676866806	9677118799	251993	255.53	375.22	37	25	-1	11.09	11.09
Fixation R	1	12	9676866806	9677118799	251993	255.53	375.22	37	25	-1	11.10	11.10
Saccade L	1	10	9677118799	9677166805	48006	268.66	382.43	325.11	336.22	1.56	63.23	0.50	32.46	2469.68	-2434.60	1696.02
Saccade R	1	10	9677118799	9677166805	48006	268.66	382.43	325.11	336.22	1.56	63.23	0.50	32.46	2469.68	-2434.60	1696.02
Fixation L	1	13	9677166805	9677286855	120050	322.46	336.78	13	16	-1	11.44	11.44
Fixation R	1	13	9677166805	9677286855	120050	322.46	336.78	13	16	-1	11.41	11.41
Saccade L	1	11	9677286855	9677374814	87959	320.54	327.70	1254.03	383.11	21.06	522.65	0.36	239.38	19575.34	-22252.35	9540.50
Saccade R	1	11	9677286855	9677374814	87959	320.54	327.70	1254.03	383.11	21.06	522.65	0.36	239.38	19575.34	-22252.35	9540.50
Saccade L	1	12	9677374814	9677458800	83986	1254.03	383.11	1167.62	367.86	2.09	44.11	0.52	24.84	1123.07	-893.00	628.87
Saccade R	1	12	9677374814	9677458800	83986	1254.03	383.11	1167.62	367.86	2.09	44.11	0.52	24.84	1123.07	-893.00	628.87
Fixation L	1	14	9677458800	9677662807	204007	1168.70	365.84	36	24	-1	11.48	11.48
Fixation R	1	14	9677458800	9677662807	204007	1168.70	365.84	36	24	-1	11.26	11.26
Saccade L	1	13	9677662807	9677718825	56018	1196.00	380.92	1193.61	496.62	2.69	150.79	0.43	48.02	6383.54	-5988.14	3249.53
Saccade R	1	13	9677662807	9677718825	56018	1196.00	380.92	1193.61	496.62	2.69	150.79	0.43	48.02	6383.54	-5988.14	3249.53
Fixation L	1	15	9677718825	9678018684	299859	1187.58	478.08	34	41	-1	11.33	11.33
Fixation R	1	15	9677718825	9678018684	299859	1187.58	478.08	34	41	-1	11.22	11.22
Saccade L	1	14	9678018684	9678070731	52047	1189.47	482.03	1017.98	418.48	4.54	296.37	0.23	87.18	13176.02	-12079.66	6084.54
Saccade R	1	14	9678018684	9678070731	52047	1189.47	482.03	1017.98	418.48	4.54	296.37	0.23	87.18	13176.02	-12079.66	6084.54
Fixation L	1	16	9678070731	9678330703	259972	1052.60	461.99	55	69	-1	11.27	11.27
Fixation R	1	16	9678070731	9678330703	259972	1052.60	461.99	55	69	-1	11.20	11.20
Saccade L	1	15	9678330703	9678386692	55989	1063.94	485.22	1022.06	485.58	1.01	40.18	0.36	18.12	1581.13	-1014.54	682.81
Saccade R	1	15	9678330703	9678386692	55989	1063.94	485.22	1022.06	485.58	1.01	40.18	0.36	18.12	1581.13	-1014.54	682.81
Fixation L	1	17	9678386692	9678534762	148070	1033.50	493.61	36	19	-1	11.26	11.26
Fixation R	1	17	9678386692	9678534762	148070	1033.50	493.61	36	19	-1	11.29	11.29
Saccade L	1	16	9678534762	9678570698	35936	1041.38	501.45	1147.31	489.87	2.51	194.71	0.55	69.89	8864.22	-8895.42	5593.51
Saccade R	1	16	9678534762	9678570698	35936	1041.38	501.45	1147.31	489.87	2.51	194.71	0.55	69.89	8864.22	-8895.42	5593.51
Fixation L	1	18	9678570698	9678686703	116005	1142.33	489.64	28	19	-1	11.38	11.38
Fixation R	1	18	9678570698	9678686703	116005	1142.33	489.64	28	19	-1	11.31	11.31
Saccade L	1	17	9678686703	9678758715	72012	1124.30	481.69	220.08	423.02	20.36	693.07	0.39	282.75	33774.77	-18696.14	15410.47
Saccade R	1	17	9678686703	9678758715	72012	1124.30	481.69	220.08	423.02	20.36	693.07	0.39	282.75	33774.77	-18696.14	15410.47
Fixation L	1	19	9678758715	9679026721	268006	246.77	401.04	37	33	-1	11.49	11.49
Fixation R	1	19	9678758715	9679026721	268006	246.77	401.04	37	33	-1	11.37	11.37
Saccade L	1	18	9679026721	9679146716	119995	250.24	405.40	1171.78	472.33	23.79	553.17	0.30	198.23	19006.27	-19288.89	7864.98
Saccade R	1	18	9679026721	9679146716	119995	250.24	405.40	1171.78	472.33	23.79	553.17	0.30	198.23	19006.27	-19288.89	7864.98
Fixation L	1	20	9679146716	9679306716	160000	1153.39	459.34	34	25	-1	11.98	11.98
Fixation R	1	20	9679146716	9679306716	160000	1153.39	459.34	34	25	-1	11.94	11.94
Saccade L	1	19	9679306716	9679338601	31885	1154.54	443.88	1067.80	460.94	2.13	164.53	0.50	66.93	6854.08	-6583.63	4574.66
Saccade R	1	19	9679306716	9679338601	31885	1154.54	443.88	1067.80	460.94	2.13	164.53	0.50	66.93	6854.08	-6583.63	4574.66
Fixation L	1	21	9679338601	9679550598	211997	1051.01	467.88	27	24	-1	11.95	11.95
Fixation R	1	21	9679338601	9679550598	211997	1051.01	467.88	27	24	-1	11.80	11.80
Saccade L	1	20	9679550598	9679598602	48004	1045.32	466.09	1048.61	513.90	1.29	54.65	0.67	26.82	1948.72	-2137.26	1371.25
Saccade R	1	20	9679550598	9679598602	48004	1045.32	466.09	1048.61	513.90	1.29	54.65	0.67	26.82	1948.72	-2137.26	1371.25
Fixation L	1	22	9679598602	9679702603	104001	1056.13	532.40	15	24	-1	11.42	11.42
Fixation R	1	22	9679598602	9679702603	104001	1056.13	532.40	15	24	-1	11.52	11.52
Saccade L	1	21	9679702603	9679746598	43995	1055.92	538.46	1146.55	566.39	2.46	197.59	0.27	55.98	7908.14	-7541.27	3964.19
Saccade R	1	21	9679702603	9679746598	43995	1055.92	538.46	1146.55	566.39	2.46	197.59	0.27	55.98	7908.14	-7541.27	3964.19
Fixation L	1	23	9679746598	9679878602	132004	1140.98	561.05	22	17	-1	11.60	11.60
Fixation R	1	23	9679746598	9679878602	132004	1140.98	561.05	22	17	-1	11.66	11.66
Saccade L	1	22	9679878602	9679954620	76018	1144.73	559.64	235.44	391.97	21.06	607.39	0.42	277.02	28295.88	-20290.00	14033.67
Saccade R	1	22	9679878602	9679954620	76018	1144.73	559.64	235.44	391.97	21.06	607.39	0.42	277.02	28295.88	-20290.00	14033.67
Fixation L	1	24	9679954620	9681006512	1051892	284.11	355.98	71	56	-1	11.86	11.86
Fixation R	1	24	9679954620	9681006512	1051892	284.11	355.98	71	56	-1	11.87	11.87
Saccade L	1	23	9681006512	9681054502	47990	303.60	347.23	250.11	445.63	3.05	188.91	0.58	63.62	8201.13	-9067.01	4778.95
Saccade R	1	23	9681006512	9681054502	47990	303.60	347.23	250.11	445.63	3.05	188.91	0.58	63.62	8201.13	-9067.01	4778.95
Fixation L	1	25	9681054502	9681246487	191985	238.20	458.37	19	27	-1	11.73	11.73
Fixation R	1	25	9681054502	9681246487	191985	238.20	458.37	19	27	-1	11.99	11.99
Saccade L	1	24	9681246487	9681338487	92000	236.67	444.66	1151.02	615.49	20.80	440.49	0.39	226.09	18926.59	-15884.80	7974.35
Saccade R	1	24	9681246487	9681338487	92000	236.67	444.66	1151.02	615.49	20.80	440.49	0.39	226.09	18926.59	-15884.80	7974.35
Saccade L	1	25	9681350539	9681406551	56012	1149.39	617.38	1091.15	587.17	1.37	51.25	0.36	24.45	2098.54	-1171.22	996.89
Saccade R	1	25	9681350539	9681406551	56012	1149.39	617.38	1091.15	587.17	1.37	51.25	0.36	24.45	2098.54	-1171.22	996.89
Fixation L	1	26	9681406551	9681502516	95965	1103.11	589.29	25	8	-1	11.75	11.75
Fixation R	1	26	9681406551	9681502516	95965	1103.11	589.29	25	8	-1	11.88	11.88
Fixation L	1	27	9681578487	9681646484	67997	1013.64	612.94	33	19	-1	11.60	11.60
Fixation R	1	27	9681578487	9681646484	67997	1013.64	612.94	33	19	-1	12.08	12.08
Saccade L	1	26	9681646484	9681686515	40031	1032.65	620.00	830.35	625.43	5.16	340.52	0.40	129.01	16424.99	-15828.08	10044.03
Saccade R	1	26	9681646484	9681686515	40031	1032.65	620.00	830.35	625.43	5.16	340.52	0.40	129.01	16424.99	-15828.08	10044.03
Fixation L	1	28	9681686515	9681854581	168066	813.29	603.99	21	64	-1	11.17	11.17
Fixation R	1	28	9681686515	9681854581	168066	813.29	603.99	21	64	-1	12.14	12.14
