[BeGaze]
Converted from:	D:\Kirillov\Results\ermolova_temp\Sofia-eye_data.idf
Date:	17.04.2019 03:54:06
Version:	BeGaze 3.0.181
Sample Rate:	250
Subject:	Sofia
Description:	Run35

Table Header for Fixations:
Event Type	Trial	Number	Start	End	Duration	Location X	Location Y	Dispersion X	Dispersion Y	Plane	Avg. Pupil Size X	Avg. Pupil Size Y

Table Header for Saccades:
Event Type	Trial	Number	Start	End	Duration	Start Loc.X	Start Loc.Y	End Loc.X	End Loc.Y	Amplitude	Peak Speed	Peak Speed At	Average Speed	Peak Accel.	Peak Decel.	Average Accel.

Table Header for User Events:
Event Type	Trial	Number	Start	Description

UserEvent	1	1	3672611144	# Message: experiment-02.jpg
Saccade L	1	1	3672644555	3672697324	52769	0.00	0.00	573.48	403.57	20.72	1207.34	0.18	392.67	52243.38	-23860.79	18208.58
Saccade R	1	1	3672644555	3672697324	52769	0.00	0.00	573.48	403.57	20.72	1207.34	0.18	392.67	52243.38	-23860.79	18208.58
Fixation L	1	1	3672697324	3672889251	191927	586.57	424.67	19	37	-1	14.17	14.17
Fixation R	1	1	3672697324	3672889251	191927	586.57	424.67	19	37	-1	15.14	15.14
Saccade L	1	2	3672889251	3672925314	36063	585.37	410.42	487.70	474.08	2.49	156.46	0.45	68.97	7236.58	-6536.94	4859.86
Saccade R	1	2	3672889251	3672925314	36063	585.37	410.42	487.70	474.08	2.49	156.46	0.45	68.97	7236.58	-6536.94	4859.86
Fixation L	1	2	3672925314	3673173318	248004	483.53	479.80	14	17	-1	14.14	14.14
Fixation R	1	2	3672925314	3673173318	248004	483.53	479.80	14	17	-1	15.16	15.16
Saccade L	1	3	3673173318	3673229331	56013	489.08	482.24	473.12	543.32	1.40	68.97	0.36	25.03	2815.58	-2564.51	1331.84
Saccade R	1	3	3673173318	3673229331	56013	489.08	482.24	473.12	543.32	1.40	68.97	0.36	25.03	2815.58	-2564.51	1331.84
Fixation L	1	3	3673229331	3673589228	359897	477.66	574.04	23	60	-1	13.90	13.90
Fixation R	1	3	3673229331	3673589228	359897	477.66	574.04	23	60	-1	14.94	14.94
Saccade L	1	4	3673589228	3673629221	39993	484.96	579.65	545.22	592.65	1.39	81.21	0.50	34.87	3257.81	-3492.06	2187.04
Saccade R	1	4	3673589228	3673629221	39993	484.96	579.65	545.22	592.65	1.39	81.21	0.50	34.87	3257.81	-3492.06	2187.04
Saccade L	1	5	3673645203	3673693200	47997	549.14	582.26	1023.18	594.54	10.18	395.70	0.50	212.07	19529.76	-15208.56	12095.05
Saccade R	1	5	3673645203	3673693200	47997	549.14	582.26	1023.18	594.54	10.18	395.70	0.50	212.07	19529.76	-15208.56	12095.05
Fixation L	1	4	3673693200	3673841238	148038	1021.68	588.49	22	18	-1	14.24	14.24
Fixation R	1	4	3673693200	3673841238	148038	1021.68	588.49	22	18	-1	15.61	15.61
Saccade L	1	6	3673841238	3673893219	51981	1021.34	599.39	1074.03	624.16	1.34	65.90	0.31	25.70	3072.06	-2436.61	1367.33
Saccade R	1	6	3673841238	3673893219	51981	1021.34	599.39	1074.03	624.16	1.34	65.90	0.31	25.70	3072.06	-2436.61	1367.33
Fixation L	1	5	3673893219	3674049229	156010	1077.93	605.54	11	28	-1	14.28	14.28
Fixation R	1	5	3673893219	3674049229	156010	1077.93	605.54	11	28	-1	15.78	15.78
Saccade L	1	7	3674049229	3674101224	51995	1079.89	601.23	0.00	0.00	37.80	2763.96	0.77	726.97	93792.03	-115526.44	50900.17
Saccade R	1	7	3674049229	3674101224	51995	1079.89	601.23	0.00	0.00	37.80	2763.96	0.77	726.97	93792.03	-115526.44	50900.17
Fixation L	1	6	3674101224	3674661257	560033	0.00	0.00	0	0	-1	12.66	12.64
Fixation R	1	6	3674101224	3674661257	560033	0.00	0.00	0	0	-1	14.92	14.76
Fixation L	1	7	3674765149	3674941153	176004	412.81	658.37	13	12	-1	14.97	14.97
Fixation R	1	7	3674765149	3674941153	176004	412.81	658.37	13	12	-1	15.82	15.82
Saccade L	1	8	3674941153	3674973138	31985	403.50	663.18	456.00	549.35	2.55	181.98	0.50	79.61	8694.33	-8334.04	6134.22
Saccade R	1	8	3674941153	3674973138	31985	403.50	663.18	456.00	549.35	2.55	181.98	0.50	79.61	8694.33	-8334.04	6134.22
Fixation L	1	8	3674973138	3675145117	171979	468.85	547.17	17	17	-1	14.71	14.71
Fixation R	1	8	3674973138	3675145117	171979	468.85	547.17	17	17	-1	15.85	15.85
Saccade L	1	9	3675145117	3675177126	32009	472.24	540.24	483.41	460.44	1.55	95.52	0.63	48.29	4289.25	-3398.10	2710.88
Saccade R	1	9	3675145117	3675177126	32009	472.24	540.24	483.41	460.44	1.55	95.52	0.63	48.29	4289.25	-3398.10	2710.88
Fixation L	1	9	3675177126	3676009125	831999	497.57	471.77	61	38	-1	14.13	14.13
Fixation R	1	9	3675177126	3676009125	831999	497.57	471.77	61	38	-1	15.20	15.20
Saccade L	1	10	3676009125	3676061153	52028	513.85	453.02	416.61	488.08	2.45	103.08	0.46	47.02	4338.83	-4004.06	2712.59
Saccade R	1	10	3676009125	3676061153	52028	513.85	453.02	416.61	488.08	2.45	103.08	0.46	47.02	4338.83	-4004.06	2712.59
Fixation L	1	10	3676061153	3676173009	111856	414.86	487.51	18	10	-1	13.91	13.91
Fixation R	1	10	3676061153	3676173009	111856	414.86	487.51	18	10	-1	14.95	14.95
Saccade L	1	11	3676173009	3676229043	56034	422.95	489.80	378.31	481.65	1.08	45.01	0.79	19.34	1469.49	-1909.03	804.26
Saccade R	1	11	3676173009	3676229043	56034	422.95	489.80	378.31	481.65	1.08	45.01	0.79	19.34	1469.49	-1909.03	804.26
Fixation L	1	11	3676229043	3676813019	583976	340.73	464.17	60	39	-1	14.13	14.13
Fixation R	1	11	3676229043	3676813019	583976	340.73	464.17	60	39	-1	15.23	15.23
Saccade L	1	12	3676813019	3676885037	72018	339.95	480.23	410.61	416.64	2.25	74.06	0.33	31.24	3118.63	-2543.42	1420.82
Saccade R	1	12	3676813019	3676885037	72018	339.95	480.23	410.61	416.64	2.25	74.06	0.33	31.24	3118.63	-2543.42	1420.82
Fixation L	1	12	3676885037	3677053034	167997	330.51	367.10	654	873	-1	14.56	14.56
Fixation R	1	12	3676885037	3676985029	99992	404.37	411.92	15	7	-1	15.07	15.07
Fixation L	1	13	3677113044	3677164969	51925	386.32	391.13	14	10	-1	14.05	14.05
Fixation R	1	13	3677113044	3677164969	51925	386.32	391.13	14	10	-1	14.88	14.88
Saccade L	1	13	3677164969	3677209062	44093	381.20	392.59	279.99	151.45	5.70	363.75	0.64	129.26	15916.45	-16192.60	9962.52
Saccade R	1	13	3677164969	3677209062	44093	381.20	392.59	279.99	151.45	5.70	363.75	0.64	129.26	15916.45	-16192.60	9962.52
Saccade L	1	14	3677253040	3677276932	23892	283.60	162.60	386.22	359.96	4.40	424.25	0.50	184.18	17666.54	-17803.00	13331.82
Saccade R	1	14	3677253040	3677276932	23892	283.60	162.60	386.22	359.96	4.40	424.25	0.50	184.18	17666.54	-17803.00	13331.82
Fixation L	1	14	3677276932	3677477049	200117	389.90	364.84	13	25	-1	14.30	14.30
Fixation R	1	14	3677276932	3677477049	200117	389.90	364.84	13	25	-1	14.96	14.96
Saccade L	1	15	3677477049	3677564927	87878	384.42	354.67	1160.11	581.11	18.36	435.67	0.46	208.89	18552.03	-16062.10	8128.81
Saccade R	1	15	3677477049	3677564927	87878	384.42	354.67	1160.11	581.11	18.36	435.67	0.46	208.89	18552.03	-16062.10	8128.81
Fixation L	1	15	3677564927	3677644920	79993	1157.90	573.67	9	12	-1	13.78	13.78
Fixation R	1	15	3677564927	3677644920	79993	1157.90	573.67	9	12	-1	15.07	15.07
Saccade L	1	16	3677644920	3677692950	48030	1151.47	575.18	1092.61	614.82	1.83	114.91	0.58	38.02	4707.53	-4727.65	2506.12
Saccade R	1	16	3677644920	3677692950	48030	1151.47	575.18	1092.61	614.82	1.83	114.91	0.58	38.02	4707.53	-4727.65	2506.12
Fixation L	1	16	3677692950	3677888920	195970	1074.97	640.83	27	42	-1	13.74	13.74
Fixation R	1	16	3677692950	3677888920	195970	1074.97	640.83	27	42	-1	15.02	15.02
Saccade L	1	17	3677888920	3677956934	68014	1067.36	654.83	1142.27	600.17	2.18	84.89	0.53	32.07	3262.41	-3377.70	1627.67
Saccade R	1	17	3677888920	3677956934	68014	1067.36	654.83	1142.27	600.17	2.18	84.89	0.53	32.07	3262.41	-3377.70	1627.67
Fixation L	1	17	3677956934	3678164922	207988	1147.85	612.29	11	26	-1	13.45	13.45
Fixation R	1	17	3677956934	3678164922	207988	1147.85	612.29	11	26	-1	14.79	14.79
Saccade L	1	18	3678164922	3678200922	36000	1151.49	609.90	1154.51	682.32	2.07	167.44	0.44	57.39	7173.82	-6264.04	4051.58
Saccade R	1	18	3678164922	3678200922	36000	1151.49	609.90	1154.51	682.32	2.07	167.44	0.44	57.39	7173.82	-6264.04	4051.58
Fixation L	1	18	3678200922	3678316975	116053	1175.04	678.10	41	34	-1	13.32	13.32
Fixation R	1	18	3678200922	3678316975	116053	1175.04	678.10	41	34	-1	14.67	14.67
Saccade L	1	19	3678316975	3678396933	79958	1193.59	662.28	1146.25	577.54	3.32	141.39	0.60	41.46	6405.69	-6139.27	2486.04
Saccade R	1	19	3678316975	3678396933	79958	1193.59	662.28	1146.25	577.54	3.32	141.39	0.60	41.46	6405.69	-6139.27	2486.04
Fixation L	1	19	3678396933	3678512933	116000	1152.42	575.46	14	9	-1	13.45	13.45
Fixation R	1	19	3678396933	3678512933	116000	1152.42	575.46	14	9	-1	14.71	14.71
Saccade L	1	20	3678512933	3678544929	31996	1158.11	569.21	1229.93	585.78	1.55	100.32	0.50	48.34	4760.24	-4602.61	3386.80
Saccade R	1	20	3678512933	3678544929	31996	1158.11	569.21	1229.93	585.78	1.55	100.32	0.50	48.34	4760.24	-4602.61	3386.80
Fixation L	1	20	3678544929	3678888956	344027	1236.32	583.78	32	28	-1	13.56	13.56
Fixation R	1	20	3678544929	3678888956	344027	1236.32	583.78	32	28	-1	14.75	14.75
Saccade L	1	21	3678888956	3678944986	56030	1251.05	569.39	1162.39	517.83	2.58	123.03	0.36	46.05	5816.55	-5031.43	2880.58
Saccade R	1	21	3678888956	3678944986	56030	1251.05	569.39	1162.39	517.83	2.58	123.03	0.36	46.05	5816.55	-5031.43	2880.58
Fixation L	1	21	3678944986	3679096821	151835	1163.17	525.38	4	22	-1	13.84	13.84
Fixation R	1	21	3678944986	3679096821	151835	1163.17	525.38	4	22	-1	14.91	14.91
Saccade L	1	22	3679096821	3679184837	88016	1163.86	532.05	1249.77	509.74	2.03	52.50	0.36	23.08	1864.30	-1330.58	764.98
Saccade R	1	22	3679096821	3679184837	88016	1163.86	532.05	1249.77	509.74	2.03	52.50	0.36	23.08	1864.30	-1330.58	764.98
Fixation L	1	22	3679184837	3679276861	92024	1251.62	513.01	4	7	-1	13.89	13.89
Fixation R	1	22	3679184837	3679276861	92024	1251.62	513.01	4	7	-1	14.98	14.98
Saccade L	1	23	3679276861	3679336840	59979	1250.58	508.06	1167.96	510.10	1.81	69.87	0.27	30.22	3212.40	-2320.35	1505.42
Saccade R	1	23	3679276861	3679336840	59979	1250.58	508.06	1167.96	510.10	1.81	69.87	0.27	30.22	3212.40	-2320.35	1505.42
Fixation L	1	23	3679336840	3679440839	103999	1167.03	517.57	10	11	-1	13.89	13.89
Fixation R	1	23	3679336840	3679440839	103999	1167.03	517.57	10	11	-1	15.19	15.19
Saccade L	1	24	3679440839	3679492827	51988	1169.47	522.90	1265.85	505.59	2.26	137.46	0.31	43.42	5896.77	-5496.46	2972.11
Saccade R	1	24	3679440839	3679492827	51988	1169.47	522.90	1265.85	505.59	2.26	137.46	0.31	43.42	5896.77	-5496.46	2972.11
Fixation L	1	24	3679492827	3679628833	136006	1268.83	505.21	7	6	-1	13.98	13.98
Fixation R	1	24	3679492827	3679628833	136006	1268.83	505.21	7	6	-1	15.28	15.28
Saccade L	1	25	3679628833	3679676837	48004	1265.30	504.70	1062.93	527.26	4.37	212.70	0.33	90.98	9855.52	-7164.04	5728.28
Saccade R	1	25	3679628833	3679676837	48004	1265.30	504.70	1062.93	527.26	4.37	212.70	0.33	90.98	9855.52	-7164.04	5728.28
Fixation L	1	25	3679676837	3679736861	60024	1060.60	524.12	11	5	-1	14.31	14.31
Fixation R	1	25	3679676837	3679736861	60024	1060.60	524.12	11	5	-1	15.32	15.32
Saccade L	1	26	3679736861	3679816838	79977	1057.95	523.33	414.66	618.23	14.69	334.31	0.50	183.71	15619.71	-11917.56	6831.32
Saccade R	1	26	3679736861	3679816838	79977	1057.95	523.33	414.66	618.23	14.69	334.31	0.50	183.71	15619.71	-11917.56	6831.32
Fixation L	1	26	3679816838	3679968840	152002	406.70	624.73	18	8	-1	14.47	14.47
Fixation R	1	26	3679816838	3679968840	152002	406.70	624.73	18	8	-1	15.17	15.17
Saccade L	1	27	3679968840	3680016845	48005	410.65	625.14	450.24	660.20	1.36	81.38	0.25	28.40	3890.68	-2798.51	1637.65
Saccade R	1	27	3679968840	3680016845	48005	410.65	625.14	450.24	660.20	1.36	81.38	0.25	28.40	3890.68	-2798.51	1637.65
Fixation L	1	27	3680016845	3680376720	359875	462.34	666.59	23	22	-1	14.50	14.50
Fixation R	1	27	3680016845	3680376720	359875	462.34	666.59	23	22	-1	15.52	15.52
Saccade L	1	28	3680376720	3680400737	24017	459.23	667.99	510.02	685.96	1.04	88.48	0.50	43.17	3489.11	-3665.61	2629.02
Saccade R	1	28	3680376720	3680400737	24017	459.23	667.99	510.02	685.96	1.04	88.48	0.50	43.17	3489.11	-3665.61	2629.02
Fixation L	1	28	3680400737	3680732736	331999	497.18	695.67	25	16	-1	14.91	14.91
Fixation R	1	28	3680400737	3680732736	331999	497.18	695.67	25	16	-1	15.93	15.93
Saccade L	1	29	3680732736	3680816761	84025	486.43	702.24	1070.09	661.77	13.31	379.47	0.33	158.39	17704.68	-14142.48	7576.85
Saccade R	1	29	3680732736	3680816761	84025	486.43	702.24	1070.09	661.77	13.31	379.47	0.33	158.39	17704.68	-14142.48	7576.85
Fixation L	1	29	3680816761	3681136756	319995	1079.11	649.61	14	20	-1	14.61	14.61
Fixation R	1	29	3680816761	3681136756	319995	1079.11	649.61	14	20	-1	15.86	15.86
Saccade L	1	30	3681136756	3681232762	96006	1079.64	648.35	391.11	595.14	15.82	337.36	0.46	164.73	14273.19	-13558.45	6020.36
Saccade R	1	30	3681136756	3681232762	96006	1079.64	648.35	391.11	595.14	15.82	337.36	0.46	164.73	14273.19	-13558.45	6020.36
Fixation L	1	30	3681232762	3681828636	595874	397.51	600.45	21	50	-1	14.31	14.31
Fixation R	1	30	3681232762	3681828636	595874	397.51	600.45	21	50	-1	15.06	15.06
Saccade L	1	31	3681927234	3682028659	101425	0.00	0.00	476.54	440.26	50.28	2000.83	0.29	495.73	58871.87	-69583.60	19499.34
Saccade R	1	31	3681927234	3682028659	101425	0.00	0.00	476.54	440.26	50.28	2000.83	0.29	495.73	58871.87	-69583.60	19499.34
Fixation L	1	31	3682028659	3682324641	295982	470.49	417.90	28	48	-1	14.46	14.46
Fixation R	1	31	3682028659	3682324641	295982	470.49	417.90	28	48	-1	15.37	15.37
Saccade L	1	32	3682324641	3682372669	48028	483.79	426.59	444.18	379.54	1.27	57.08	0.33	26.45	2497.61	-2121.48	1378.51
Saccade R	1	32	3682324641	3682372669	48028	483.79	426.59	444.18	379.54	1.27	57.08	0.33	26.45	2497.61	-2121.48	1378.51
Fixation L	1	32	3682372669	3682856650	483981	419.68	401.90	49	35	-1	14.09	14.09
Fixation R	1	32	3682372669	3682856650	483981	419.68	401.90	49	35	-1	14.94	14.94
Saccade L	1	33	3682856650	3682888650	32000	401.88	413.21	408.17	375.09	0.80	47.08	0.38	24.88	2006.66	-1813.63	1406.12
Saccade R	1	33	3682856650	3682888650	32000	401.88	413.21	408.17	375.09	0.80	47.08	0.38	24.88	2006.66	-1813.63	1406.12
Fixation L	1	33	3682888650	3683216552	327902	417.12	373.53	17	25	-1	14.07	14.07
Fixation R	1	33	3682888650	3683216552	327902	417.12	373.53	17	25	-1	14.60	14.60
Saccade L	1	34	3683216552	3683312541	95989	418.37	365.60	1166.94	460.30	17.03	385.50	0.46	177.36	14567.07	-15074.76	7244.04
Saccade R	1	34	3683216552	3683312541	95989	418.37	365.60	1166.94	460.30	17.03	385.50	0.46	177.36	14567.07	-15074.76	7244.04
Fixation L	1	34	3683312541	3683488561	176020	1147.82	467.70	32	20	-1	13.73	13.73
Fixation R	1	34	3683312541	3683488561	176020	1147.82	467.70	32	20	-1	14.96	14.96
Saccade L	1	35	3683488561	3683524561	36000	1135.07	480.42	1267.75	489.39	2.76	213.53	0.67	76.73	9065.11	-8959.11	5544.12
Saccade R	1	35	3683488561	3683524561	36000	1135.07	480.42	1267.75	489.39	2.76	213.53	0.67	76.73	9065.11	-8959.11	5544.12
Fixation L	1	35	3683524561	3683856551	331990	1271.50	489.74	34	31	-1	13.53	13.53
Fixation R	1	35	3683524561	3683856551	331990	1271.50	489.74	34	31	-1	14.80	14.80
Saccade L	1	36	3683856551	3683928551	72000	1279.63	479.72	491.95	417.65	17.43	395.86	0.33	242.11	19065.21	-14147.29	9230.29
Saccade R	1	36	3683856551	3683928551	72000	1279.63	479.72	491.95	417.65	17.43	395.86	0.33	242.11	19065.21	-14147.29	9230.29
Fixation L	1	36	3683928551	3684460560	532009	445.03	382.91	74	54	-1	13.80	13.80
Fixation R	1	36	3683928551	3684460560	532009	445.03	382.91	74	54	-1	14.66	14.66
Saccade L	1	37	3684460560	3684624457	163897	436.43	386.07	1231.71	467.11	43.21	799.28	0.37	263.66	29949.95	-36585.27	12236.19
Saccade R	1	37	3684460560	3684624457	163897	436.43	386.07	1231.71	467.11	43.21	799.28	0.37	263.66	29949.95	-36585.27	12236.19
Saccade R	1	38	3684664454	3684716443	51989	1230.71	464.15	0.00	0.00	33.80	2987.70	0.77	650.06	115069.56	-128788.52	50179.48
Fixation R	1	37	3684716443	3684792681	76238	0.00	0.00	0	0	-1	9.67	9.67
Fixation L	1	37	3684884457	3685348471	464014	1302.29	585.43	49	65	-1	13.76	13.76
Fixation R	1	38	3684884457	3685348471	464014	1302.29	585.43	49	65	-1	14.80	14.80
Saccade L	1	38	3685348471	3685392456	43985	1291.85	604.69	1251.63	646.06	1.29	71.77	0.27	29.31	3438.84	-2688.78	1686.93
Saccade R	1	39	3685348471	3685392456	43985	1291.85	604.69	1251.63	646.06	1.29	71.77	0.27	29.31	3438.84	-2688.78	1686.93
Fixation L	1	38	3685392456	3685500476	108020	1248.00	660.10	17	24	-1	13.81	13.81
Fixation R	1	39	3685392456	3685500476	108020	1248.00	660.10	17	24	-1	14.64	14.64
Saccade L	1	39	3685500476	3685584474	83998	1239.24	670.26	461.16	439.00	18.02	359.31	0.38	214.51	17647.58	-11586.36	7568.76
Saccade R	1	40	3685500476	3685584474	83998	1239.24	670.26	461.16	439.00	18.02	359.31	0.38	214.51	17647.58	-11586.36	7568.76
Fixation L	1	39	3685584474	3685640464	55990	458.23	426.56	4	22	-1	13.87	13.87
Fixation R	1	40	3685584474	3685640464	55990	458.23	426.56	4	22	-1	14.33	14.33
Saccade L	1	40	3685640464	3685664461	23997	459.41	415.73	491.85	417.90	0.64	50.89	0.50	26.82	1967.55	-2040.07	1465.67
Saccade R	1	41	3685640464	3685664461	23997	459.41	415.73	491.85	417.90	0.64	50.89	0.50	26.82	1967.55	-2040.07	1465.67
Fixation L	1	40	3685664461	3685808482	144021	498.09	402.48	14	24	-1	13.72	13.72
Fixation R	1	41	3685664461	3685808482	144021	498.09	402.48	14	24	-1	14.41	14.41
Saccade L	1	41	3685808482	3685852465	43983	495.96	402.58	439.64	377.54	1.59	95.73	0.36	36.11	4588.70	-3649.58	2267.88
Saccade R	1	42	3685808482	3685852465	43983	495.96	402.58	439.64	377.54	1.59	95.73	0.36	36.11	4588.70	-3649.58	2267.88
Fixation L	1	41	3685852465	3686096343	243878	440.73	403.10	7	48	-1	13.91	13.91
Fixation R	1	42	3685852465	3686096343	243878	440.73	403.10	7	48	-1	14.52	14.52
Saccade L	1	42	3686096343	3686148350	52007	444.55	422.45	390.81	399.17	1.45	79.63	0.23	27.88	3582.31	-3109.68	1578.48
Saccade R	1	43	3686096343	3686148350	52007	444.55	422.45	390.81	399.17	1.45	79.63	0.23	27.88	3582.31	-3109.68	1578.48
Fixation L	1	42	3686148350	3686368351	220001	391.30	387.97	13	21	-1	14.06	14.06
Fixation R	1	43	3686148350	3686368351	220001	391.30	387.97	13	21	-1	14.79	14.79
Saccade L	1	43	3686368351	3686436373	68022	386.37	385.88	1168.05	485.38	17.40	419.21	0.59	255.85	20147.17	-15900.92	10318.83
Saccade R	1	44	3686368351	3686436373	68022	386.37	385.88	1168.05	485.38	17.40	419.21	0.59	255.85	20147.17	-15900.92	10318.83
Fixation L	1	43	3686436373	3686848362	411989	1168.06	498.28	23	48	-1	13.96	13.96
Fixation R	1	44	3686436373	3686848362	411989	1168.06	498.28	23	48	-1	15.13	15.13
Saccade L	1	44	3686848362	3686868389	20027	1161.42	507.86	1160.68	532.31	0.47	42.96	0.40	23.40	1686.88	-1491.66	1123.81
Saccade R	1	45	3686848362	3686868389	20027	1161.42	507.86	1160.68	532.31	0.47	42.96	0.40	23.40	1686.88	-1491.66	1123.81
Fixation L	1	44	3686868389	3687016382	147993	1159.04	547.69	15	29	-1	13.76	13.76
Fixation R	1	45	3686868389	3687016382	147993	1159.04	547.69	15	29	-1	14.77	14.77
Saccade L	1	45	3687016382	3687092279	75897	1149.82	562.65	409.59	484.17	16.40	347.82	0.32	216.11	15281.33	-13375.03	7457.97
Saccade R	1	46	3687016382	3687092279	75897	1149.82	562.65	409.59	484.17	16.40	347.82	0.32	216.11	15281.33	-13375.03	7457.97
Fixation L	1	45	3687092279	3687620286	528007	411.05	483.09	31	50	-1	13.86	13.86
Fixation R	1	46	3687092279	3687620286	528007	411.05	483.09	31	50	-1	14.63	14.63
Saccade L	1	46	3687620286	3687648253	27967	426.01	515.63	425.45	469.40	1.02	78.16	0.57	36.56	3062.35	-3116.51	2275.29
Saccade R	1	47	3687620286	3687648253	27967	426.01	515.63	425.45	469.40	1.02	78.16	0.57	36.56	3062.35	-3116.51	2275.29
Fixation L	1	46	3687648253	3687780263	132010	413.93	459.24	17	17	-1	14.37	14.37
Fixation R	1	47	3687648253	3687780263	132010	413.93	459.24	17	17	-1	15.35	15.35
Saccade L	1	47	3687780263	3687844270	64007	413.93	460.88	321.25	418.28	2.36	76.65	0.25	36.94	3667.14	-1770.39	1565.84
Saccade R	1	48	3687780263	3687844270	64007	413.93	460.88	321.25	418.28	2.36	76.65	0.25	36.94	3667.14	-1770.39	1565.84
Fixation L	1	47	3687844270	3688056277	212007	310.52	409.56	15	20	-1	14.35	14.35
Fixation R	1	48	3687844270	3688056277	212007	310.52	409.56	15	20	-1	15.16	15.16
Saccade L	1	48	3688056277	3688092293	36016	308.02	413.18	300.77	473.38	1.32	92.84	0.56	36.53	3729.31	-4043.88	2617.82
Saccade R	1	49	3688056277	3688092293	36016	308.02	413.18	300.77	473.38	1.32	92.84	0.56	36.53	3729.31	-4043.88	2617.82
Fixation L	1	48	3688092293	3688280270	187977	289.06	481.45	29	15	-1	14.39	14.39
Fixation R	1	49	3688092293	3688280270	187977	289.06	481.45	29	15	-1	15.23	15.23
Saccade L	1	49	3688280270	3688360289	80019	273.16	478.06	280.17	491.79	12.15	335.44	0.55	151.87	11326.21	-14900.89	6164.75
Saccade R	1	50	3688280270	3688360289	80019	273.16	478.06	280.17	491.79	12.15	335.44	0.55	151.87	11326.21	-14900.89	6164.75
Fixation L	1	49	3688360289	3688428291	68002	286.72	478.53	12	21	-1	14.22	14.22
Fixation R	1	50	3688360289	3688574474	214185	129.27	266.01	394	869	-1	11.88	11.88
Fixation L	1	50	3688652297	3688788288	135991	1164.69	449.46	34	55	-1	13.92	13.92
Fixation R	1	51	3688652297	3688788288	135991	1164.69	449.46	34	55	-1	15.17	15.17
Saccade L	1	50	3688788288	3688820291	32003	1150.12	481.77	1157.35	530.58	1.38	106.90	0.50	43.10	4569.61	-4068.38	2740.11
Saccade R	1	51	3688788288	3688820291	32003	1150.12	481.77	1157.35	530.58	1.38	106.90	0.50	43.10	4569.61	-4068.38	2740.11
Fixation L	1	51	3688820291	3689212190	391899	1148.00	538.69	71	51	-1	14.16	14.16
Fixation R	1	52	3688820291	3689212190	391899	1148.00	538.69	71	51	-1	15.37	15.37
Saccade L	1	51	3689212190	3689252176	39986	1116.47	511.80	1266.54	511.05	3.71	260.78	0.40	92.89	11864.88	-11166.84	7066.32
Saccade R	1	52	3689212190	3689252176	39986	1116.47	511.80	1266.54	511.05	3.71	260.78	0.40	92.89	11864.88	-11166.84	7066.32
Fixation L	1	52	3689252176	3689508179	256003	1282.58	496.75	22	24	-1	13.63	13.63
Fixation R	1	53	3689252176	3689508179	256003	1282.58	496.75	22	24	-1	14.90	14.90
Saccade L	1	52	3689508179	3689592190	84011	1287.10	493.24	428.00	481.76	19.14	440.20	0.24	227.88	21009.61	-12512.66	8567.11
Saccade R	1	53	3689508179	3689592190	84011	1287.10	493.24	428.00	481.76	19.14	440.20	0.24	227.88	21009.61	-12512.66	8567.11
Fixation L	1	53	3689592190	3689828188	235998	419.56	454.00	17	38	-1	13.84	13.84
Fixation R	1	54	3689592190	3689828188	235998	419.56	454.00	17	38	-1	14.56	14.56
