[BeGaze]
Converted from:	D:\Kirillov\Results\ermolova_temp\sasha-eye_data.idf
Date:	17.04.2019 03:52:36
Version:	BeGaze 3.0.181
Sample Rate:	250
Subject:	sasha
Description:	Run9

Table Header for Fixations:
Event Type	Trial	Number	Start	End	Duration	Location X	Location Y	Dispersion X	Dispersion Y	Plane	Avg. Pupil Size X	Avg. Pupil Size Y

Table Header for Saccades:
Event Type	Trial	Number	Start	End	Duration	Start Loc.X	Start Loc.Y	End Loc.X	End Loc.Y	Amplitude	Peak Speed	Peak Speed At	Average Speed	Peak Accel.	Peak Decel.	Average Accel.

Table Header for User Events:
Event Type	Trial	Number	Start	Description

UserEvent	1	1	1051642385	# Message: Questionnaire10.jpg
Saccade L	1	1	1051653075	1051717075	64000	756.28	847.90	488.31	317.79	13.29	678.36	0.25	207.70	32095.49	-29467.53	11443.27
Saccade R	1	1	1051653075	1051717075	64000	756.28	847.90	488.31	317.79	13.29	678.36	0.25	207.70	32095.49	-29467.53	11443.27
Fixation L	1	1	1051717075	1051904988	187913	522.33	319.82	46	11	-1	16.26	16.26
Fixation R	1	1	1051717075	1051904988	187913	522.33	319.82	46	11	-1	14.72	14.72
Saccade L	1	2	1051904988	1051933085	28097	526.13	322.41	436.00	318.43	2.22	185.85	0.63	79.02	8105.58	-7506.47	5578.53
Saccade R	1	2	1051904988	1051933085	28097	526.13	322.41	436.00	318.43	2.22	185.85	0.63	79.02	8105.58	-7506.47	5578.53
Fixation L	1	2	1051933085	1052732954	799869	437.27	336.58	58	39	-1	16.08	16.08
Fixation R	1	2	1051933085	1052732954	799869	437.27	336.58	58	39	-1	14.82	14.82
UserEvent	1	2	1052498647	# Message: UE-mouseclick left x=428 y=326
Saccade L	1	3	1052732954	1052760983	28029	467.70	353.39	420.35	352.16	0.93	58.11	0.57	33.24	2456.28	-2318.67	1791.73
Saccade R	1	3	1052732954	1052760983	28029	467.70	353.39	420.35	352.16	0.93	58.11	0.57	33.24	2456.28	-2318.67	1791.73
Fixation L	1	3	1052760983	1053176965	415982	412.54	358.27	65	19	-1	16.73	16.73
Fixation R	1	3	1052760983	1053176965	415982	412.54	358.27	65	19	-1	15.78	15.78
UserEvent	1	3	1052858646	# Message: UE-mouseclick left x=428 y=343
Saccade L	1	4	1053176965	1053201025	24060	380.84	363.05	382.35	417.00	1.14	84.61	0.50	47.39	3458.57	-2428.94	2131.53
Saccade R	1	4	1053176965	1053201025	24060	380.84	363.05	382.35	417.00	1.14	84.61	0.50	47.39	3458.57	-2428.94	2131.53
Saccade L	1	5	1053201025	1053224961	23936	382.35	417.00	410.26	431.56	0.65	47.93	0.50	27.08	270.98	-1548.00	810.81
Saccade R	1	5	1053201025	1053224961	23936	382.35	417.00	410.26	431.56	0.65	47.93	0.50	27.08	270.98	-1548.00	810.81
Fixation L	1	4	1053224961	1053348963	124002	424.12	432.99	23	18	-1	17.24	17.24
Fixation R	1	4	1053224961	1053348963	124002	424.12	432.99	23	18	-1	16.27	16.27
Saccade L	1	6	1053348963	1053372937	23974	428.27	439.78	402.72	458.01	0.72	63.52	0.50	29.89	2240.22	-2039.13	1643.45
Saccade R	1	6	1053348963	1053372937	23974	428.27	439.78	402.72	458.01	0.72	63.52	0.50	29.89	2240.22	-2039.13	1643.45
Fixation L	1	5	1053372937	1053468984	96047	398.29	461.17	24	16	-1	17.14	17.14
Fixation R	1	5	1053372937	1053468984	96047	398.29	461.17	24	16	-1	16.11	16.11
Saccade L	1	7	1053468984	1053496973	27989	411.42	451.11	407.17	361.43	1.85	145.58	0.43	66.10	6102.96	-5964.09	4323.01
Saccade R	1	7	1053468984	1053496973	27989	411.42	451.11	407.17	361.43	1.85	145.58	0.43	66.10	6102.96	-5964.09	4323.01
Saccade L	1	8	1053496973	1053520943	23970	407.17	361.43	416.34	396.98	0.75	66.54	0.67	31.10	1969.26	-3091.30	1474.01
Saccade R	1	8	1053496973	1053520943	23970	407.17	361.43	416.34	396.98	0.75	66.54	0.67	31.10	1969.26	-3091.30	1474.01
Fixation L	1	6	1053520943	1053649031	128088	424.74	405.38	22	16	-1	17.05	17.05
Fixation R	1	6	1053520943	1053649031	128088	424.74	405.38	22	16	-1	15.83	15.83
UserEvent	1	4	1053602665	# Message: UE-mouseclick left x=406 y=409
Saccade L	1	9	1053649031	1053696945	47914	437.42	402.92	365.67	253.44	4.18	257.70	0.33	87.21	10932.18	-8578.38	5157.77
Saccade R	1	9	1053649031	1053696945	47914	437.42	402.92	365.67	253.44	4.18	257.70	0.33	87.21	10932.18	-8578.38	5157.77
Fixation L	1	7	1053696945	1053780966	84021	365.19	253.25	35	16	-1	16.66	16.66
Fixation R	1	7	1053696945	1053780966	84021	365.19	253.25	35	16	-1	15.36	15.36
Fixation L	1	8	1053813000	1053916865	103865	397.13	233.43	28	16	-1	16.35	16.35
Fixation R	1	8	1053813000	1053916865	103865	397.13	233.43	28	16	-1	15.32	15.32
Saccade L	1	10	1053916865	1053940844	23979	403.61	238.64	388.62	386.09	2.86	248.78	0.50	119.26	11187.10	-10413.07	7961.23
Saccade R	1	10	1053916865	1053940844	23979	403.61	238.64	388.62	386.09	2.86	248.78	0.50	119.26	11187.10	-10413.07	7961.23
Fixation L	1	9	1053940844	1054132845	192001	420.18	390.80	65	45	-1	16.79	16.79
Fixation R	1	9	1053940844	1054132845	192001	420.18	390.80	65	45	-1	15.64	15.64
UserEvent	1	5	1054034658	# Message: UE-mouseclick left x=406 y=393
