[BeGaze]
Converted from:	D:\Kirillov\Results\ermolova_temp\Boris-eye_data.idf
Date:	17.04.2019 03:54:05
Version:	BeGaze 3.0.181
Sample Rate:	250
Subject:	Boris
Description:	Run34

Table Header for Fixations:
Event Type	Trial	Number	Start	End	Duration	Location X	Location Y	Dispersion X	Dispersion Y	Plane	Avg. Pupil Size X	Avg. Pupil Size Y

Table Header for Saccades:
Event Type	Trial	Number	Start	End	Duration	Start Loc.X	Start Loc.Y	End Loc.X	End Loc.Y	Amplitude	Peak Speed	Peak Speed At	Average Speed	Peak Accel.	Peak Decel.	Average Accel.

Table Header for User Events:
Event Type	Trial	Number	Start	Description

UserEvent	1	1	1779021017	# Message: experiment-21.jpg
Fixation L	1	1	1779022645	1779130644	107999	194.63	291.91	29	12	-1	13.59	13.59
Fixation R	1	1	1779022645	1779130644	107999	194.63	291.91	29	12	-1	13.99	13.99
Saccade L	1	1	1779130644	1779190541	59897	213.09	300.72	680.90	422.73	10.93	422.15	0.27	182.49	20050.51	-11862.89	9888.49
Saccade R	1	1	1779130644	1779190541	59897	213.09	300.72	680.90	422.73	10.93	422.15	0.27	182.49	20050.51	-11862.89	9888.49
Fixation L	1	2	1779190541	1779362647	172106	689.93	421.00	21	19	-1	13.52	13.52
Fixation R	1	2	1779190541	1779362647	172106	689.93	421.00	21	19	-1	14.02	14.02
Saccade L	1	2	1779362647	1779458684	96037	690.42	430.81	1024.21	510.47	25.74	688.41	0.37	267.99	22867.18	-13875.89	10650.03
Saccade R	1	2	1779362647	1779458684	96037	690.42	430.81	1024.21	510.47	25.74	688.41	0.37	267.99	22867.18	-13875.89	10650.03
Fixation L	1	3	1779458684	1779580650	121966	703.64	331.23	1663	688	-1	9.47	9.47
Fixation R	1	3	1779458684	1779580650	121966	703.64	331.23	1663	688	-1	13.39	13.39
Fixation L	1	4	1779638663	1780106871	468208	188.63	197.74	289	301	-1	10.13	10.13
Fixation R	1	4	1779638663	1780106871	468208	188.63	197.74	289	301	-1	9.73	9.73
Saccade L	1	3	1780106871	1780146549	39678	0.00	0.00	303.02	263.08	15.70	1188.28	0.29	395.59	54591.61	-32392.18	19217.66
Saccade R	1	3	1780106871	1780146549	39678	0.00	0.00	303.02	263.08	15.70	1188.28	0.29	395.59	54591.61	-32392.18	19217.66
Saccade L	1	4	1780146549	1780190551	44002	303.02	263.08	156.26	301.47	3.79	90.71	0.45	86.15	-811.49	-8006.55	3752.38
Saccade R	1	4	1780146549	1780190551	44002	303.02	263.08	156.26	301.47	3.79	90.71	0.45	86.15	-811.49	-8006.55	3752.38
Fixation L	1	5	1780190551	1780294559	104008	176.01	310.72	34	17	-1	12.91	12.91
Fixation R	1	5	1780190551	1780294559	104008	176.01	310.72	34	17	-1	12.87	12.87
Fixation L	1	6	1780518544	1780702520	183976	1050.02	589.22	38	31	-1	12.96	12.96
Fixation R	1	6	1780518544	1780702520	183976	1050.02	589.22	38	31	-1	13.20	13.20
Saccade L	1	5	1780702520	1780754563	52043	1037.98	583.86	1163.78	674.20	3.61	185.44	0.69	69.44	7723.97	-8627.08	4418.96
Saccade R	1	5	1780702520	1780754563	52043	1037.98	583.86	1163.78	674.20	3.61	185.44	0.69	69.44	7723.97	-8627.08	4418.96
Fixation L	1	7	1780754563	1780906568	152005	1156.64	670.29	28	26	-1	13.15	13.15
Fixation R	1	7	1780754563	1781025247	270684	753.23	437.43	1315	720	-1	10.91	10.91
Fixation L	1	8	1781110438	1781198409	87971	1117.66	627.85	30	25	-1	12.45	12.45
Fixation R	1	8	1781110438	1781390474	280036	481.22	273.56	1186	691	-1	10.09	10.09
Fixation L	1	9	1781482416	1781566460	84044	1142.66	632.99	20	14	-1	12.88	12.88
Fixation R	1	9	1781482416	1781566460	84044	1142.66	632.99	20	14	-1	13.04	13.04
Saccade L	1	6	1781566460	1781614485	48025	1154.92	639.72	1009.11	449.93	6.51	351.72	0.33	135.56	17113.23	-15479.59	8962.16
Saccade R	1	6	1781566460	1781614485	48025	1154.92	639.72	1009.11	449.93	6.51	351.72	0.33	135.56	17113.23	-15479.59	8962.16
Fixation L	1	10	1781614485	1781778461	163976	1010.03	446.92	26	15	-1	13.37	13.37
Fixation R	1	10	1781614485	1781778461	163976	1010.03	446.92	26	15	-1	13.33	13.33
Fixation R	1	11	1781846489	1781950469	103980	0.00	0.00	0	0	-1	4.60	4.60
Fixation L	1	11	1782022491	1782130460	107969	1177.21	574.76	18	42	-1	12.54	12.54
Fixation R	1	12	1782022491	1782130460	107969	1177.21	574.76	18	42	-1	12.83	12.83
Saccade L	1	7	1782130460	1782162438	31978	1177.26	593.59	1055.42	575.63	2.91	243.46	0.38	90.98	10386.62	-9693.16	6681.24
Saccade R	1	7	1782130460	1782162438	31978	1177.26	593.59	1055.42	575.63	2.91	243.46	0.38	90.98	10386.62	-9693.16	6681.24
Fixation L	1	12	1782162438	1782306472	144034	1056.33	564.77	28	18	-1	12.92	12.92
Fixation R	1	13	1782162438	1782306472	144034	1056.33	564.77	28	18	-1	13.04	13.04
Saccade L	1	8	1782306472	1782350493	44021	1071.45	555.31	1124.31	645.35	3.62	238.57	0.27	82.21	11282.16	-8800.64	5498.76
Saccade R	1	8	1782306472	1782350493	44021	1071.45	555.31	1124.31	645.35	3.62	238.57	0.27	82.21	11282.16	-8800.64	5498.76
Fixation L	1	13	1782350493	1782454476	103983	1142.09	657.98	27	23	-1	12.98	12.98
Fixation R	1	14	1782350493	1782454476	103983	1142.09	657.98	27	23	-1	13.10	13.10
Saccade L	1	9	1782454476	1782506344	51868	1153.47	664.60	176.31	416.23	21.44	740.67	0.38	413.45	36840.84	-25913.61	20822.26
Saccade R	1	9	1782454476	1782506344	51868	1153.47	664.60	176.31	416.23	21.44	740.67	0.38	413.45	36840.84	-25913.61	20822.26
Fixation L	1	14	1782506344	1782690376	184032	220.69	434.23	62	33	-1	12.73	12.73
Fixation R	1	15	1782506344	1782690376	184032	220.69	434.23	62	33	-1	12.58	12.58
Saccade L	1	10	1782690376	1782734352	43976	220.06	446.07	-1.05	232.33	7.20	458.95	0.36	163.71	20510.37	-19049.62	11958.57
Saccade R	1	10	1782690376	1782734352	43976	220.06	446.07	-1.05	232.33	7.20	458.95	0.36	163.71	20510.37	-19049.62	11958.57
Saccade L	1	11	1782750343	1782782351	32008	-8.11	236.34	53.13	254.39	1.18	56.14	0.50	36.97	2320.69	-2372.52	1813.14
Saccade R	1	11	1782750343	1782782351	32008	-8.11	236.34	53.13	254.39	1.18	56.14	0.50	36.97	2320.69	-2372.52	1813.14
Saccade L	1	12	1782818383	1782838362	19979	59.61	262.63	36.88	256.55	0.61	48.63	0.60	30.36	1950.10	-1476.63	1268.50
Saccade R	1	12	1782818383	1782838362	19979	59.61	262.63	36.88	256.55	0.61	48.63	0.60	30.36	1950.10	-1476.63	1268.50
Fixation L	1	15	1782838362	1782918347	79985	25.78	246.36	21	15	-1	12.50	12.50
Fixation R	1	16	1782838362	1782918347	79985	25.78	246.36	21	15	-1	12.58	12.58
Saccade L	1	13	1782918347	1782954348	36001	28.32	248.29	205.93	282.60	4.28	344.61	0.33	118.83	15404.26	-14302.99	9095.87
Saccade R	1	13	1782918347	1782954348	36001	28.32	248.29	205.93	282.60	4.28	344.61	0.33	118.83	15404.26	-14302.99	9095.87
Fixation L	1	16	1782954348	1783350362	396014	253.44	294.94	93	29	-1	12.57	12.57
Fixation R	1	17	1782954348	1783350362	396014	253.44	294.94	93	29	-1	12.54	12.54
Saccade L	1	14	1783350362	1783394375	44013	273.08	302.84	148.04	483.33	5.96	268.64	0.36	135.33	12799.59	-10410.21	8049.47
Saccade R	1	14	1783350362	1783394375	44013	273.08	302.84	148.04	483.33	5.96	268.64	0.36	135.33	12799.59	-10410.21	8049.47
Fixation L	1	17	1783394375	1783566364	171989	143.09	498.49	24	29	-1	12.59	12.59
Fixation R	1	18	1783394375	1783566364	171989	143.09	498.49	24	29	-1	12.42	12.42
Saccade L	1	15	1783566364	1783610388	44024	141.90	511.69	283.20	294.54	5.70	292.31	0.36	129.55	13962.38	-10490.20	7869.96
Saccade R	1	15	1783566364	1783610388	44024	141.90	511.69	283.20	294.54	5.70	292.31	0.36	129.55	13962.38	-10490.20	7869.96
Fixation L	1	18	1783610388	1783814379	203991	292.71	277.15	35	33	-1	12.72	12.72
Fixation R	1	19	1783610388	1783814379	203991	292.71	277.15	35	33	-1	12.74	12.74
Saccade L	1	16	1783814379	1783834371	19992	280.90	276.10	312.07	274.25	0.60	51.28	0.40	30.21	4828.92	-365.12	1812.40
Saccade R	1	16	1783814379	1783834371	19992	280.90	276.10	312.07	274.25	0.60	51.28	0.40	30.21	4828.92	-365.12	1812.40
Saccade L	1	17	1783834371	1783874258	39887	312.07	274.25	191.45	256.73	3.32	243.46	0.40	83.32	9380.77	-9146.52	5650.10
Saccade R	1	17	1783834371	1783874258	39887	312.07	274.25	191.45	256.73	3.32	243.46	0.40	83.32	9380.77	-9146.52	5650.10
Fixation L	1	19	1783874258	1783994226	119968	197.02	258.91	9	11	-1	12.64	12.64
Fixation R	1	20	1783874258	1783994226	119968	197.02	258.91	9	11	-1	12.58	12.58
Fixation L	1	20	1784250283	1784338274	87991	175.94	250.40	22	8	-1	12.71	12.71
Fixation R	1	21	1784250283	1784338274	87991	175.94	250.40	22	8	-1	12.72	12.72
Saccade L	1	18	1784338274	1784394256	55982	181.44	255.32	96.28	479.32	7.58	272.04	0.43	135.32	12766.45	-10133.36	7380.91
Saccade R	1	18	1784338274	1784394256	55982	181.44	255.32	96.28	479.32	7.58	272.04	0.43	135.32	12766.45	-10133.36	7380.91
Fixation L	1	21	1784394256	1784566269	172013	84.67	469.36	39	27	-1	13.32	13.32
Fixation R	1	22	1784394256	1784566269	172013	84.67	469.36	39	27	-1	13.29	13.29
Saccade L	1	19	1784566269	1784614265	47996	86.05	462.25	288.23	301.71	5.78	306.42	0.25	120.39	14634.11	-11842.50	7716.46
Saccade R	1	19	1784566269	1784614265	47996	86.05	462.25	288.23	301.71	5.78	306.42	0.25	120.39	14634.11	-11842.50	7716.46
Fixation L	1	22	1784614265	1785174312	560047	305.06	310.34	39	33	-1	13.05	13.05
Fixation R	1	23	1784614265	1785174312	560047	305.06	310.34	39	33	-1	13.27	13.27
Fixation L	1	23	1785182285	1785282178	99893	55.48	50.60	475	334	-1	7.61	7.61
Fixation R	1	24	1785182285	1785282178	99893	55.48	50.60	475	334	-1	5.41	5.41
Saccade L	1	20	1785282178	1785350185	68007	0.00	0.00	340.49	363.35	33.93	1450.66	0.29	498.85	66429.04	-43587.71	27335.95
Saccade R	1	20	1785282178	1785350185	68007	0.00	0.00	340.49	363.35	33.93	1450.66	0.29	498.85	66429.04	-43587.71	27335.95
Fixation L	1	24	1785350185	1785490161	139976	291.89	387.04	65	48	-1	13.18	13.18
Fixation R	1	25	1785350185	1785490161	139976	291.89	387.04	65	48	-1	13.37	13.37
Saccade L	1	21	1785490161	1785526156	35995	298.49	412.89	267.63	260.50	3.51	227.74	0.44	97.43	10213.40	-9509.59	7129.31
Saccade R	1	21	1785490161	1785526156	35995	298.49	412.89	267.63	260.50	3.51	227.74	0.44	97.43	10213.40	-9509.59	7129.31
Fixation L	1	25	1785526156	1785670191	144035	257.74	273.19	17	20	-1	13.53	13.53
Fixation R	1	26	1785526156	1785670191	144035	257.74	273.19	17	20	-1	13.86	13.86
Saccade L	1	22	1785670191	1785734194	64003	260.71	282.04	278.39	616.48	9.59	436.62	0.31	149.77	20498.30	-18256.34	9391.98
Saccade R	1	22	1785670191	1785734194	64003	260.71	282.04	278.39	616.48	9.59	436.62	0.31	149.77	20498.30	-18256.34	9391.98
Fixation L	1	26	1785734194	1785902166	167972	288.92	623.17	30	22	-1	13.82	13.82
Fixation R	1	27	1785734194	1785902166	167972	288.92	623.17	30	22	-1	14.22	14.22
Saccade L	1	23	1785902166	1785978203	76037	302.73	630.69	1251.36	692.76	21.58	616.68	0.21	283.75	30318.30	-15993.68	12632.25
Saccade R	1	23	1785902166	1785978203	76037	302.73	630.69	1251.36	692.76	21.58	616.68	0.21	283.75	30318.30	-15993.68	12632.25
Fixation L	1	27	1785978203	1786114176	135973	1246.52	689.79	18	14	-1	13.63	13.63
Fixation R	1	28	1785978203	1786114176	135973	1246.52	689.79	18	14	-1	14.36	14.36
Saccade L	1	24	1786114176	1786138147	23971	1239.72	691.07	1219.24	708.82	0.75	57.29	0.33	31.18	2517.44	-1657.56	1328.02
Saccade R	1	24	1786114176	1786138147	23971	1239.72	691.07	1219.24	708.82	0.75	57.29	0.33	31.18	2517.44	-1657.56	1328.02
Fixation L	1	28	1786138147	1786250186	112039	1193.17	695.77	35	33	-1	13.53	13.53
Fixation R	1	29	1786138147	1786250186	112039	1193.17	695.77	35	33	-1	14.17	14.17
Saccade L	1	25	1786250186	1786298207	48021	1185.79	680.53	1091.68	538.25	4.89	294.09	0.33	101.81	13719.80	-11235.39	7286.44
Saccade R	1	25	1786250186	1786298207	48021	1185.79	680.53	1091.68	538.25	4.89	294.09	0.33	101.81	13719.80	-11235.39	7286.44
Fixation L	1	29	1786298207	1786462150	163943	1084.60	536.43	23	20	-1	13.10	13.10
Fixation R	1	30	1786298207	1786462150	163943	1084.60	536.43	23	20	-1	13.74	13.74
Saccade L	1	26	1786462150	1786490215	28065	1072.13	546.34	1065.89	476.03	1.42	90.99	0.43	50.52	3985.08	-3668.48	2860.49
Saccade R	1	26	1786462150	1786490215	28065	1072.13	546.34	1065.89	476.03	1.42	90.99	0.43	50.52	3985.08	-3668.48	2860.49
Fixation L	1	30	1786490215	1786674165	183950	1062.19	465.15	12	18	-1	12.90	12.90
Fixation R	1	31	1786490215	1786674165	183950	1062.19	465.15	12	18	-1	13.29	13.29
Saccade L	1	27	1786674165	1786738070	63905	1066.57	465.80	301.53	476.17	17.18	551.46	0.31	268.80	26450.59	-18433.48	13335.37
Saccade R	1	27	1786674165	1786738070	63905	1066.57	465.80	301.53	476.17	17.18	551.46	0.31	268.80	26450.59	-18433.48	13335.37
Fixation L	1	31	1786738070	1786978060	239990	303.03	490.77	31	26	-1	13.04	13.04
Fixation R	1	32	1786738070	1786978060	239990	303.03	490.77	31	26	-1	13.33	13.33
Saccade L	1	28	1786978060	1787014063	36003	301.52	495.72	307.77	627.07	3.29	211.94	0.56	91.40	8867.65	-9361.58	6326.24
Saccade R	1	28	1786978060	1787014063	36003	301.52	495.72	307.77	627.07	3.29	211.94	0.56	91.40	8867.65	-9361.58	6326.24
Fixation L	1	32	1787014063	1787146089	132026	308.41	627.38	22	14	-1	13.25	13.25
Fixation R	1	33	1787014063	1787146089	132026	308.41	627.38	22	14	-1	13.59	13.59
Saccade L	1	29	1787146089	1787206043	59954	315.59	633.92	239.36	304.93	8.06	356.41	0.33	134.38	16921.91	-13106.09	8381.46
Saccade R	1	29	1787146089	1787206043	59954	315.59	633.92	239.36	304.93	8.06	356.41	0.33	134.38	16921.91	-13106.09	8381.46
Fixation L	1	33	1787206043	1787554078	348035	266.73	322.13	42	36	-1	13.78	13.78
Fixation R	1	34	1787206043	1787554078	348035	266.73	322.13	42	36	-1	14.18	14.18
Fixation L	1	34	1787562141	1787674054	111913	32.68	46.94	425	330	-1	9.64	9.64
Fixation R	1	35	1787562141	1787674054	111913	32.68	46.94	425	330	-1	7.84	7.84
Fixation L	1	35	1787766085	1788121986	355901	241.28	327.16	62	60	-1	13.80	13.80
Fixation R	1	36	1787766085	1788121986	355901	241.28	327.16	62	60	-1	14.28	14.28
Saccade L	1	30	1788121986	1788153979	31993	240.48	314.55	193.53	215.94	2.33	147.60	0.50	72.79	6787.51	-6746.81	4952.43
Saccade R	1	30	1788121986	1788153979	31993	240.48	314.55	193.53	215.94	2.33	147.60	0.50	72.79	6787.51	-6746.81	4952.43
Fixation L	1	36	1788153979	1788393989	240010	211.19	210.54	32	11	-1	13.83	13.83
Fixation R	1	37	1788153979	1788393989	240010	211.19	210.54	32	11	-1	14.03	14.03
Saccade L	1	31	1788393989	1788417983	23994	219.72	216.86	257.52	216.70	0.79	65.91	0.50	32.96	2810.55	-2108.25	1784.91
Saccade R	1	31	1788393989	1788417983	23994	219.72	216.86	257.52	216.70	0.79	65.91	0.50	32.96	2810.55	-2108.25	1784.91
Fixation L	1	37	1788417983	1788545976	127993	281.70	226.22	37	14	-1	13.70	13.70
Fixation R	1	38	1788417983	1788545976	127993	281.70	226.22	37	14	-1	13.88	13.88
Fixation L	1	38	1788713981	1788885996	172015	271.84	236.09	61	33	-1	13.52	13.52
Fixation R	1	39	1788713981	1788885996	172015	271.84	236.09	61	33	-1	13.59	13.59
Saccade L	1	32	1788885996	1788925992	39996	279.55	251.19	91.49	275.12	4.49	268.80	0.40	112.19	12475.32	-11695.42	7892.58
Saccade R	1	32	1788885996	1788925992	39996	279.55	251.19	91.49	275.12	4.49	268.80	0.40	112.19	12475.32	-11695.42	7892.58
Fixation L	1	39	1788925992	1789145965	219973	78.01	274.72	36	13	-1	13.75	13.75
Fixation R	1	40	1788925992	1789145965	219973	78.01	274.72	36	13	-1	14.08	14.08
Saccade L	1	33	1789145965	1789177939	31974	67.68	270.97	184.31	277.97	2.34	148.15	0.50	73.18	6729.31	-6774.27	4933.04
Saccade R	1	33	1789145965	1789177939	31974	67.68	270.97	184.31	277.97	2.34	148.15	0.50	73.18	6729.31	-6774.27	4933.04
Fixation L	1	40	1789177939	1789405995	228056	172.64	283.72	18	12	-1	13.42	13.42
Fixation R	1	41	1789177939	1789557870	379931	109.86	188.04	378	290	-1	10.39	10.39
Fixation L	1	41	1789621903	1789757883	135980	310.46	263.86	40	34	-1	13.28	13.28
Fixation R	1	42	1789621903	1789757883	135980	310.46	263.86	40	34	-1	13.49	13.49
Saccade L	1	34	1789757883	1789801876	43993	313.51	288.00	217.49	246.38	3.97	255.23	0.36	90.17	11196.70	-8374.58	5686.79
Saccade R	1	34	1789757883	1789801876	43993	313.51	288.00	217.49	246.38	3.97	255.23	0.36	90.17	11196.70	-8374.58	5686.79
Fixation L	1	42	1789801876	1789985891	184015	210.32	245.88	43	16	-1	13.66	13.66
Fixation R	1	43	1789801876	1789985891	184015	210.32	245.88	43	16	-1	13.84	13.84
Saccade L	1	35	1789985891	1790009939	24048	231.90	255.35	259.05	241.40	0.71	47.25	0.50	29.35	1760.42	-1634.00	1211.00
Saccade R	1	35	1789985891	1790009939	24048	231.90	255.35	259.05	241.40	0.71	47.25	0.50	29.35	1760.42	-1634.00	1211.00
Fixation L	1	43	1790009939	1790129912	119973	271.68	239.45	28	11	-1	13.48	13.48
Fixation R	1	44	1790009939	1790129912	119973	271.68	239.45	28	11	-1	13.66	13.66
Saccade L	1	36	1790129912	1790201891	71979	278.27	243.72	1083.23	467.18	18.97	546.18	0.28	263.49	26911.54	-15272.59	11799.84
Saccade R	1	36	1790129912	1790201891	71979	278.27	243.72	1083.23	467.18	18.97	546.18	0.28	263.49	26911.54	-15272.59	11799.84
Fixation L	1	44	1790201891	1790317889	115998	1099.40	475.58	27	17	-1	13.08	13.08
Fixation R	1	45	1790201891	1790317889	115998	1099.40	475.58	27	17	-1	13.49	13.49
Saccade L	1	37	1790317889	1790341903	24014	1110.68	485.03	1164.92	483.09	1.17	99.27	0.50	48.62	4223.85	-3879.45	2906.27
Saccade R	1	37	1790317889	1790341903	24014	1110.68	485.03	1164.92	483.09	1.17	99.27	0.50	48.62	4223.85	-3879.45	2906.27
Fixation L	1	45	1790341903	1790465901	123998	1159.43	471.00	8	25	-1	12.94	12.94
Fixation R	1	46	1790341903	1790465901	123998	1159.43	471.00	8	25	-1	13.42	13.42
Saccade L	1	38	1790465901	1790493893	27992	1157.14	458.11	1250.80	463.31	1.97	145.81	0.43	70.43	7039.86	-6367.92	4913.44
Saccade R	1	38	1790465901	1790493893	27992	1157.14	458.11	1250.80	463.31	1.97	145.81	0.43	70.43	7039.86	-6367.92	4913.44
Fixation L	1	46	1790493893	1790601870	107977	1255.37	466.89	6	5	-1	12.71	12.71
Fixation R	1	47	1790493893	1790601870	107977	1255.37	466.89	6	5	-1	13.19	13.19
Saccade L	1	39	1790601870	1790665924	64054	1258.57	464.47	273.15	278.69	22.14	572.50	0.56	345.66	24484.21	-26032.59	15245.31
Saccade R	1	39	1790601870	1790665924	64054	1258.57	464.47	273.15	278.69	22.14	572.50	0.56	345.66	24484.21	-26032.59	15245.31
Fixation L	1	47	1790665924	1790741908	75984	271.87	271.21	19	14	-1	12.59	12.59
Fixation R	1	48	1790665924	1790836981	171057	162.75	163.16	594	333	-1	9.08	9.08
Saccade L	1	40	1790741908	1790777912	36004	257.47	272.25	0.00	0.00	10.13	814.11	0.67	281.28	31829.93	-38010.93	20817.33
Fixation L	1	48	1790777912	1790836981	59069	0.00	0.00	0	0	-1	7.96	7.96
Fixation L	1	49	1790901901	1791161752	259851	212.97	226.89	30	32	-1	12.79	12.79
Fixation R	1	49	1790901901	1791161752	259851	212.97	226.89	30	32	-1	12.98	12.98
Saccade L	1	41	1791161752	1791185785	24033	217.98	239.04	279.90	236.39	1.27	105.40	0.50	52.92	4766.20	-4314.33	3390.55
Saccade R	1	40	1791161752	1791185785	24033	217.98	239.04	279.90	236.39	1.27	105.40	0.50	52.92	4766.20	-4314.33	3390.55
Fixation L	1	50	1791185785	1791429805	244020	283.95	228.85	17	13	-1	13.52	13.52
Fixation R	1	50	1791185785	1791429805	244020	283.95	228.85	17	13	-1	13.66	13.66
Saccade L	1	42	1791429805	1791513785	83980	291.12	225.16	1105.65	503.96	19.45	550.28	0.24	231.56	25979.29	-16857.92	10419.13
Saccade R	1	41	1791429805	1791513785	83980	291.12	225.16	1105.65	503.96	19.45	550.28	0.24	231.56	25979.29	-16857.92	10419.13
Fixation L	1	51	1791513785	1791625813	112028	1130.31	499.19	40	21	-1	13.04	13.04
Fixation R	1	51	1791513785	1791625813	112028	1130.31	499.19	40	21	-1	13.73	13.73
Saccade L	1	43	1791625813	1791653810	27997	1136.34	486.30	1257.74	486.05	2.54	188.34	0.57	90.83	8677.19	-8491.86	6397.27
Saccade R	1	42	1791625813	1791653810	27997	1136.34	486.30	1257.74	486.05	2.54	188.34	0.57	90.83	8677.19	-8491.86	6397.27
Fixation L	1	52	1791653810	1791813801	159991	1241.00	469.41	32	24	-1	12.84	12.84
Fixation R	1	52	1791653810	1791813801	159991	1241.00	469.41	32	24	-1	13.46	13.46
Saccade L	1	44	1791813801	1791845794	31993	1226.46	460.67	1349.03	574.79	3.45	253.88	0.50	107.68	11476.04	-10823.59	8154.21
Saccade R	1	43	1791813801	1791845794	31993	1226.46	460.67	1349.03	574.79	3.45	253.88	0.50	107.68	11476.04	-10823.59	8154.21
Fixation L	1	53	1791845794	1792137803	292009	1339.24	568.80	23	31	-1	12.64	12.64
Fixation R	1	53	1791845794	1792137803	292009	1339.24	568.80	23	31	-1	13.19	13.19
Saccade L	1	45	1792137803	1792205804	68001	1342.82	590.35	307.94	389.09	23.23	534.24	0.29	341.57	25142.55	-22281.78	13074.67
Saccade R	1	44	1792137803	1792205804	68001	1342.82	590.35	307.94	389.09	23.23	534.24	0.29	341.57	25142.55	-22281.78	13074.67
Fixation L	1	54	1792205804	1792313687	107883	307.54	378.60	17	17	-1	12.79	12.79
Fixation R	1	54	1792205804	1792313687	107883	307.54	378.60	17	17	-1	12.92	12.92
Fixation L	1	55	1792473710	1792617664	143954	203.83	256.77	41	21	-1	12.88	12.88
Fixation R	1	55	1792473710	1792617664	143954	203.83	256.77	41	21	-1	13.07	13.07
Saccade L	1	46	1792617664	1792657699	40035	208.47	258.09	99.33	239.01	3.25	215.75	0.40	81.29	9815.37	-8408.27	5404.57
Saccade R	1	45	1792617664	1792657699	40035	208.47	258.09	99.33	239.01	3.25	215.75	0.40	81.29	9815.37	-8408.27	5404.57
Fixation L	1	56	1792657699	1792785703	128004	78.32	228.08	27	13	-1	13.30	13.30
Fixation R	1	56	1792657699	1792785703	128004	78.32	228.08	27	13	-1	13.49	13.49
Saccade L	1	47	1792785703	1792821688	35985	72.74	229.15	193.16	247.25	3.22	252.81	0.33	89.50	10618.88	-9244.29	6001.69
Saccade R	1	46	1792785703	1792821688	35985	72.74	229.15	193.16	247.25	3.22	252.81	0.33	89.50	10618.88	-9244.29	6001.69
Fixation L	1	57	1792821688	1792961706	140018	206.22	262.00	27	22	-1	13.36	13.36
Fixation R	1	57	1792821688	1792961706	140018	206.22	262.00	27	22	-1	13.74	13.74
Saccade L	1	48	1792961706	1793025695	63989	213.20	261.51	1152.35	589.37	21.93	609.03	0.25	342.79	30513.35	-19562.94	14572.14
Saccade R	1	47	1792961706	1793025695	63989	213.20	261.51	1152.35	589.37	21.93	609.03	0.25	342.79	30513.35	-19562.94	14572.14
Fixation L	1	58	1793025695	1793137696	112001	1162.61	583.47	17	23	-1	12.91	12.91
Fixation R	1	58	1793025695	1793137696	112001	1162.61	583.47	17	23	-1	13.74	13.74
Saccade L	1	49	1793137696	1793189697	52001	1169.39	571.32	368.20	504.77	17.12	653.73	0.38	329.16	31944.21	-20830.50	18151.47
Saccade R	1	48	1793137696	1793189697	52001	1169.39	571.32	368.20	504.77	17.12	653.73	0.38	329.16	31944.21	-20830.50	18151.47
Fixation L	1	59	1793189697	1793337704	148007	391.58	499.36	35	14	-1	13.15	13.15
Fixation R	1	59	1793189697	1793337704	148007	391.58	499.36	35	14	-1	13.34	13.34
Saccade L	1	50	1793337704	1793381704	44000	392.61	502.84	224.70	264.56	6.43	390.57	0.36	146.11	17849.83	-16152.30	10503.89
Saccade R	1	49	1793337704	1793381704	44000	392.61	502.84	224.70	264.56	6.43	390.57	0.36	146.11	17849.83	-16152.30	10503.89
Fixation L	1	60	1793381704	1793741594	359890	191.17	221.18	270	302	-1	12.29	12.29
Fixation R	1	60	1793381704	1793741594	359890	191.17	221.18	270	302	-1	13.16	13.16
Saccade L	1	51	1793741594	1793821615	80021	0.00	0.00	207.73	296.19	31.20	1188.49	0.25	389.91	54429.96	-33241.80	18839.64
Saccade R	1	50	1793741594	1793821615	80021	0.00	0.00	207.73	296.19	31.20	1188.49	0.25	389.91	54429.96	-33241.80	18839.64
Fixation L	1	61	1793821615	1793973611	151996	229.85	306.44	51	27	-1	13.52	13.52
Fixation R	1	61	1793821615	1793973611	151996	229.85	306.44	51	27	-1	13.94	13.94
Saccade L	1	52	1793973611	1794045588	71977	219.27	306.48	398.33	700.15	11.97	560.68	0.28	166.37	27057.22	-22474.00	10990.91
Saccade R	1	51	1793973611	1794045588	71977	219.27	306.48	398.33	700.15	11.97	560.68	0.28	166.37	27057.22	-22474.00	10990.91
Fixation L	1	62	1794045588	1794169598	124010	407.25	713.77	20	41	-1	14.15	14.15
Fixation R	1	62	1794045588	1794169598	124010	407.25	713.77	20	41	-1	14.61	14.61
Saccade L	1	53	1794169598	1794217600	48002	415.98	738.30	279.19	336.76	9.22	506.50	0.42	192.04	23639.21	-21474.95	13871.97
Saccade R	1	52	1794169598	1794217600	48002	415.98	738.30	279.19	336.76	9.22	506.50	0.42	192.04	23639.21	-21474.95	13871.97
Fixation L	1	63	1794217600	1794493612	276012	264.47	325.01	26	45	-1	14.05	14.05
Fixation R	1	63	1794217600	1794493612	276012	264.47	325.01	26	45	-1	14.57	14.57
Saccade L	1	54	1794493612	1794525579	31967	251.35	299.95	169.27	284.72	1.99	149.76	0.38	62.24	6929.74	-6203.52	4384.86
Saccade R	1	53	1794493612	1794525579	31967	251.35	299.95	169.27	284.72	1.99	149.76	0.38	62.24	6929.74	-6203.52	4384.86
Fixation L	1	64	1794525579	1794805611	280032	198.32	297.42	40	33	-1	14.05	14.05
Fixation R	1	64	1794525579	1794805611	280032	198.32	297.42	40	33	-1	14.37	14.37
Saccade L	1	55	1794805611	1794833526	27915	207.91	312.05	142.26	281.74	1.72	122.51	0.43	61.49	5819.60	-5125.61	3952.12
Saccade R	1	54	1794805611	1794833526	27915	207.91	312.05	142.26	281.74	1.72	122.51	0.43	61.49	5819.60	-5125.61	3952.12
Fixation L	1	65	1794833526	1794981614	148088	139.32	256.53	16	34	-1	13.85	13.85
Fixation R	1	65	1794833526	1794981614	148088	139.32	256.53	16	34	-1	14.26	14.26
Saccade L	1	56	1794981614	1795029630	48016	137.85	245.06	209.02	559.03	8.69	400.55	0.33	181.04	19925.98	-16645.16	11922.08
Saccade R	1	55	1794981614	1795029630	48016	137.85	245.06	209.02	559.03	8.69	400.55	0.33	181.04	19925.98	-16645.16	11922.08
Fixation L	1	66	1795029630	1795233512	203882	220.06	569.11	27	18	-1	14.00	14.00
Fixation R	1	66	1795029630	1795233512	203882	220.06	569.11	27	18	-1	14.24	14.24
Saccade L	1	57	1795233512	1795281502	47990	225.20	568.18	234.05	298.58	5.94	257.41	0.50	123.75	11778.91	-9897.79	7283.61
Saccade R	1	56	1795233512	1795281502	47990	225.20	568.18	234.05	298.58	5.94	257.41	0.50	123.75	11778.91	-9897.79	7283.61
Fixation L	1	67	1795281502	1795469522	188020	225.57	308.81	34	21	-1	13.80	13.80
Fixation R	1	67	1795281502	1795469522	188020	225.57	308.81	34	21	-1	14.21	14.21
Saccade L	1	58	1795469522	1795537505	67983	226.81	321.45	1222.32	528.74	22.21	627.97	0.29	326.63	30724.92	-18120.71	14713.77
Saccade R	1	57	1795469522	1795537505	67983	226.81	321.45	1222.32	528.74	22.21	627.97	0.29	326.63	30724.92	-18120.71	14713.77
Fixation L	1	68	1795537505	1795753512	216007	1215.26	542.70	13	25	-1	13.68	13.68
Fixation R	1	68	1795537505	1795753512	216007	1215.26	542.70	13	25	-1	14.38	14.38
Saccade L	1	59	1795753512	1795793536	40024	1210.73	538.08	1315.10	596.79	3.33	231.22	0.40	83.16	10621.23	-9207.47	6016.20
Saccade R	1	58	1795753512	1795793536	40024	1210.73	538.08	1315.10	596.79	3.33	231.22	0.40	83.16	10621.23	-9207.47	6016.20
Fixation L	1	69	1795793536	1795945514	151978	1314.89	591.42	18	25	-1	13.33	13.33
Fixation R	1	69	1795793536	1795945514	151978	1314.89	591.42	18	25	-1	13.96	13.96
Saccade L	1	60	1795945514	1795977528	32014	1301.84	576.61	1261.05	691.39	2.96	208.77	0.38	92.43	8719.64	-8044.95	5862.74
Saccade R	1	59	1795945514	1795977528	32014	1301.84	576.61	1261.05	691.39	2.96	208.77	0.38	92.43	8719.64	-8044.95	5862.74
Fixation L	1	70	1795977528	1796101535	124007	1239.61	693.39	38	13	-1	13.26	13.26
Fixation R	1	70	1795977528	1796101535	124007	1239.61	693.39	38	13	-1	13.56	13.56
Saccade L	1	61	1796101535	1796133541	32006	1221.81	700.30	1084.28	591.99	3.69	266.38	0.50	115.38	12555.95	-12342.03	8910.26
Saccade R	1	60	1796101535	1796133541	32006	1221.81	700.30	1084.28	591.99	3.69	266.38	0.50	115.38	12555.95	-12342.03	8910.26
Fixation L	1	71	1796133541	1796313548	180007	1091.13	575.18	14	36	-1	12.98	12.98
Fixation R	1	71	1796133541	1796313548	180007	1091.13	575.18	14	36	-1	13.30	13.30
Saccade R	1	61	1796313548	1796349535	35987	1089.06	554.87	0.00	0.00	28.47	2701.43	0.67	791.01	105662.27	-116015.00	62783.28
Fixation L	1	72	1796453530	1796741403	287873	1065.85	461.81	23	64	-1	13.10	13.10
Fixation R	1	72	1796453530	1796741403	287873	1065.85	461.81	23	64	-1	13.51	13.51
Saccade L	1	62	1796741403	1796789401	47998	1071.23	483.79	1180.71	656.05	6.67	392.24	0.42	138.91	18438.49	-13965.96	9759.78
Saccade R	1	62	1796741403	1796789401	47998	1071.23	483.79	1180.71	656.05	6.67	392.24	0.42	138.91	18438.49	-13965.96	9759.78
Fixation L	1	73	1796789401	1796953418	164017	1174.96	661.64	19	30	-1	13.42	13.42
Fixation R	1	73	1796789401	1796953418	164017	1174.96	661.64	19	30	-1	13.85	13.85
Saccade L	1	63	1796953418	1797017408	63990	1178.34	675.06	193.88	333.06	23.16	672.84	0.38	361.88	31812.31	-24428.89	16939.71
Saccade R	1	63	1796953418	1797017408	63990	1178.34	675.06	193.88	333.06	23.16	672.84	0.38	361.88	31812.31	-24428.89	16939.71
Fixation L	1	74	1797037436	1797105437	68001	185.30	337.23	22	30	-1	13.41	13.41
Fixation R	1	74	1797037436	1797196145	158709	106.60	201.94	194	370	-1	9.37	9.37
Fixation L	1	75	1797273442	1797441441	167999	159.12	327.16	56	47	-1	13.47	13.47
Fixation R	1	75	1797273442	1797441441	167999	159.12	327.16	56	47	-1	13.71	13.71
Saccade L	1	64	1797441441	1797461434	19993	175.14	345.78	259.20	348.21	1.54	152.51	0.60	77.20	6766.59	-4984.92	3833.64
Saccade R	1	64	1797441441	1797461434	19993	175.14	345.78	259.20	348.21	1.54	152.51	0.60	77.20	6766.59	-4984.92	3833.64
Fixation L	1	76	1797473309	1797533420	60111	235.01	330.21	12	20	-1	14.11	14.11
Fixation R	1	76	1797473309	1797533420	60111	235.01	330.21	12	20	-1	14.26	14.26
Saccade L	1	65	1797533420	1797593442	60022	228.44	324.00	1118.88	528.33	19.74	676.13	0.33	328.92	33088.62	-15905.79	16738.84
Saccade R	1	65	1797533420	1797593442	60022	228.44	324.00	1118.88	528.33	19.74	676.13	0.33	328.92	33088.62	-15905.79	16738.84
Fixation L	1	77	1797593442	1797797421	203979	1125.37	540.36	52	23	-1	14.02	14.02
Fixation R	1	77	1797593442	1797797421	203979	1125.37	540.36	52	23	-1	14.97	14.97
Saccade L	1	66	1797797421	1797821442	24021	1133.31	540.28	1160.54	512.88	0.91	52.18	0.33	37.80	2473.40	-1801.09	1647.07
Saccade R	1	66	1797797421	1797821442	24021	1133.31	540.28	1160.54	512.88	0.91	52.18	0.33	37.80	2473.40	-1801.09	1647.07
Fixation L	1	78	1797821442	1798073305	251863	768.75	329.97	1687	672	-1	11.30	11.30
Fixation R	1	78	1797821442	1797953331	131889	1173.10	508.89	20	12	-1	14.46	14.46
Fixation L	1	79	1798161324	1798225359	64035	197.64	356.89	9	7	-1	13.09	13.09
Fixation R	1	79	1798161324	1798225359	64035	197.64	356.89	9	7	-1	13.24	13.24
Saccade L	1	67	1798225359	1798289341	63982	202.91	355.79	1176.47	465.63	21.25	639.23	0.31	332.09	31014.97	-14354.01	14695.68
Saccade R	1	67	1798225359	1798289341	63982	202.91	355.79	1176.47	465.63	21.25	639.23	0.31	332.09	31014.97	-14354.01	14695.68
Fixation L	1	80	1798289341	1798445329	155988	1153.50	475.88	31	23	-1	13.20	13.20
Fixation R	1	80	1798289341	1798445329	155988	1153.50	475.88	31	23	-1	13.93	13.93
Saccade L	1	68	1798445329	1798469311	23982	1160.00	489.57	1266.38	489.95	2.08	182.88	0.50	86.73	8065.80	-7833.08	5877.98
Saccade R	1	68	1798445329	1798469311	23982	1160.00	489.57	1266.38	489.95	2.08	182.88	0.50	86.73	8065.80	-7833.08	5877.98
Fixation L	1	81	1798469311	1798637356	168045	1254.69	488.61	22	9	-1	13.53	13.53
Fixation R	1	81	1798469311	1798637356	168045	1254.69	488.61	22	9	-1	14.14	14.14
Saccade L	1	69	1798637356	1798705336	67980	1248.05	486.73	226.96	370.01	22.90	657.81	0.29	336.79	32344.17	-20347.67	15231.22
Saccade R	1	69	1798637356	1798705336	67980	1248.05	486.73	226.96	370.01	22.90	657.81	0.29	336.79	32344.17	-20347.67	15231.22
Fixation L	1	82	1798705336	1799013340	308004	158.93	240.39	679	392	-1	10.36	10.36
Fixation R	1	82	1798705336	1798885339	180003	229.92	358.59	42	18	-1	13.38	13.38
Saccade L	1	70	1799013340	1799093337	79997	0.00	0.00	-36.47	370.20	32.79	1084.19	0.35	409.91	41835.48	-45567.39	15750.78
Fixation L	1	83	1799093337	1799193337	100000	-7.69	390.92	44	30	-1	13.11	13.11
Fixation R	1	83	1799093337	1799193337	100000	-7.69	390.92	44	30	-1	13.40	13.40
Saccade L	1	71	1799193337	1799273338	80001	-13.72	396.49	1212.14	478.09	27.12	697.83	0.25	339.03	34029.80	-13247.06	13755.33
Saccade R	1	70	1799193337	1799273338	80001	-13.72	396.49	1212.14	478.09	27.12	697.83	0.25	339.03	34029.80	-13247.06	13755.33
Fixation L	1	84	1799273338	1799729256	455918	1234.08	460.83	44	35	-1	13.34	13.34
Fixation R	1	84	1799273338	1799729256	455918	1234.08	460.83	44	35	-1	13.98	13.98
Saccade L	1	72	1799729256	1799753232	23976	1238.42	470.83	1114.42	473.01	2.40	204.78	0.50	100.20	9286.94	-8191.54	6513.12
Saccade R	1	71	1799729256	1799753232	23976	1238.42	470.83	1114.42	473.01	2.40	204.78	0.50	100.20	9286.94	-8191.54	6513.12
Fixation L	1	85	1799753232	1800177243	424011	1131.66	465.12	46	16	-1	12.86	12.86
Fixation R	1	85	1799753232	1800177243	424011	1131.66	465.12	46	16	-1	13.09	13.09
Saccade L	1	73	1800177243	1800205240	27997	1153.79	474.27	1028.85	477.61	2.52	195.82	0.43	90.01	9309.00	-9229.36	6867.11
Saccade R	1	72	1800177243	1800205240	27997	1153.79	474.27	1028.85	477.61	2.52	195.82	0.43	90.01	9309.00	-9229.36	6867.11
Fixation L	1	86	1800205240	1800305228	99988	1033.37	481.02	9	6	-1	12.99	12.99
Fixation R	1	86	1800205240	1800305228	99988	1033.37	481.02	9	6	-1	13.17	13.17
Saccade L	1	74	1800305228	1800365253	60025	1031.26	478.59	55.70	322.31	21.66	595.27	0.33	360.89	27643.31	-23832.18	15836.30
Saccade R	1	73	1800305228	1800365253	60025	1031.26	478.59	55.70	322.31	21.66	595.27	0.33	360.89	27643.31	-23832.18	15836.30
Fixation L	1	87	1800385253	1800511006	125753	32.99	167.62	506	355	-1	12.06	12.06
Fixation L	1	88	1800605237	1800821114	215877	55.34	349.16	37	20	-1	13.08	13.08
Fixation R	1	87	1800605237	1800821114	215877	55.34	349.16	37	20	-1	13.32	13.32
Saccade L	1	75	1800821114	1800857089	35975	60.17	361.20	314.40	627.37	7.75	487.75	0.44	215.46	23857.60	-23610.86	16522.72
Saccade R	1	74	1800821114	1800857089	35975	60.17	361.20	314.40	627.37	7.75	487.75	0.44	215.46	23857.60	-23610.86	16522.72
Fixation L	1	89	1800857089	1800977120	120031	299.12	614.70	31	17	-1	13.80	13.80
Fixation R	1	88	1800857089	1800977120	120031	299.12	614.70	31	17	-1	14.17	14.17
Fixation L	1	90	1801041149	1801169124	127975	140.02	308.91	31	6	-1	13.66	13.66
Fixation R	1	89	1801041149	1801169124	127975	140.02	308.91	31	6	-1	13.86	13.86
Saccade L	1	76	1801169124	1801241097	71973	148.22	307.34	1087.76	500.09	21.25	643.26	0.33	295.22	30773.22	-16014.37	14520.09
Saccade R	1	75	1801169124	1801241097	71973	148.22	307.34	1087.76	500.09	21.25	643.26	0.33	295.22	30773.22	-16014.37	14520.09
Fixation L	1	91	1801241097	1801385130	144033	1114.25	508.99	37	15	-1	13.27	13.27
Fixation R	1	90	1801241097	1801385130	144033	1114.25	508.99	37	15	-1	13.74	13.74
Saccade L	1	77	1801385130	1801409128	23998	1121.90	512.94	1159.67	481.10	1.14	91.38	0.50	47.44	3827.62	-3405.18	2686.80
Saccade R	1	76	1801385130	1801409128	23998	1121.90	512.94	1159.67	481.10	1.14	91.38	0.50	47.44	3827.62	-3405.18	2686.80
Fixation L	1	92	1801409128	1801541165	132037	1180.13	479.98	31	20	-1	13.29	13.29
Fixation R	1	91	1801409128	1801541165	132037	1180.13	479.98	31	20	-1	13.62	13.62
Saccade L	1	78	1801541165	1801561140	19975	1186.81	490.34	1212.32	490.19	0.50	40.16	0.60	25.00	1800.10	-1169.72	1083.33
Saccade R	1	77	1801541165	1801561140	19975	1186.81	490.34	1212.32	490.19	0.50	40.16	0.60	25.00	1800.10	-1169.72	1083.33
Fixation L	1	93	1801561140	1801713145	152005	1219.44	468.44	11	31	-1	13.02	13.02
Fixation R	1	92	1801561140	1801713145	152005	1219.44	468.44	11	31	-1	13.33	13.33
Saccade L	1	79	1801713145	1801749131	35986	1220.51	460.45	1274.48	613.32	3.50	210.59	0.44	97.22	10146.34	-9790.86	7032.26
Saccade R	1	78	1801713145	1801749131	35986	1220.51	460.45	1274.48	613.32	3.50	210.59	0.44	97.22	10146.34	-9790.86	7032.26
Fixation L	1	94	1801749131	1801925153	176022	1280.82	611.18	17	14	-1	12.84	12.84
Fixation R	1	93	1801749131	1801925153	176022	1280.82	611.18	17	14	-1	13.05	13.05
Saccade L	1	80	1801925153	1801965152	39999	1283.60	607.50	1142.22	592.23	3.53	231.46	0.40	88.30	11010.83	-9790.22	6510.42
Saccade R	1	79	1801925153	1801965152	39999	1283.60	607.50	1142.22	592.23	3.53	231.46	0.40	88.30	11010.83	-9790.22	6510.42
Fixation L	1	95	1801965152	1802217016	251864	1134.61	562.61	18	55	-1	12.74	12.74
Fixation R	1	94	1801965152	1802217016	251864	1134.61	562.61	18	55	-1	12.88	12.88
Saccade L	1	81	1802217016	1802257024	40008	1131.30	553.05	1109.60	435.24	2.53	135.34	0.40	63.23	5508.32	-5031.03	3640.63
Saccade R	1	80	1802217016	1802257024	40008	1131.30	553.05	1109.60	435.24	2.53	135.34	0.40	63.23	5508.32	-5031.03	3640.63
Fixation L	1	96	1802257024	1802341043	84019	1106.48	438.45	21	11	-1	12.81	12.81
Fixation R	1	95	1802257024	1802445030	188006	646.61	258.68	1635	668	-1	9.53	9.53
Fixation L	1	97	1802541027	1802605048	64021	1130.12	551.92	13	20	-1	12.49	12.49
Fixation R	1	96	1802541027	1802605048	64021	1130.12	551.92	13	20	-1	12.84	12.84
Saccade L	1	82	1802605048	1802633028	27980	1137.31	564.02	1201.68	569.47	1.33	91.98	0.57	47.60	3845.00	-4008.69	2900.69
Saccade R	1	81	1802605048	1802633028	27980	1137.31	564.02	1201.68	569.47	1.33	91.98	0.57	47.60	3845.00	-4008.69	2900.69
Fixation L	1	98	1802633028	1802801033	168005	1212.24	578.75	16	31	-1	13.01	13.01
Fixation R	1	97	1802633028	1802801033	168005	1212.24	578.75	16	31	-1	13.23	13.23
Saccade L	1	83	1802801033	1802825043	24010	1212.71	593.76	1267.76	590.05	1.15	99.74	0.50	48.03	4335.79	-4046.84	3078.38
Saccade R	1	82	1802801033	1802825043	24010	1212.71	593.76	1267.76	590.05	1.15	99.74	0.50	48.03	4335.79	-4046.84	3078.38
Fixation L	1	99	1802825043	1802945042	119999	1276.80	580.22	15	15	-1	13.28	13.28
Fixation R	1	98	1802825043	1802945042	119999	1276.80	580.22	15	15	-1	13.52	13.52
Saccade L	1	84	1802945042	1802977042	32000	1282.04	576.27	1229.56	637.55	2.13	128.98	0.38	66.51	5787.33	-4508.42	3617.76
Saccade R	1	83	1802945042	1802977042	32000	1282.04	576.27	1229.56	637.55	2.13	128.98	0.38	66.51	5787.33	-4508.42	3617.76
Fixation L	1	100	1802977042	1803209040	231998	1227.02	644.66	12	18	-1	13.03	13.03
Fixation R	1	99	1802977042	1803209040	231998	1227.02	644.66	12	18	-1	13.34	13.34
Saccade L	1	85	1803209040	1803233062	24022	1223.43	639.63	1291.02	652.93	1.63	132.78	0.67	67.66	6292.63	-6075.02	4466.29
Saccade R	1	84	1803209040	1803233062	24022	1223.43	639.63	1291.02	652.93	1.63	132.78	0.67	67.66	6292.63	-6075.02	4466.29
Fixation L	1	101	1803233062	1803369051	135989	1297.19	653.67	15	10	-1	12.90	12.90
Fixation R	1	100	1803233062	1803369051	135989	1297.19	653.67	15	10	-1	13.13	13.13
Saccade L	1	86	1803369051	1803393060	24009	1300.51	659.09	1368.43	672.36	1.52	129.51	0.50	63.26	5840.62	-5320.13	4111.94
Saccade R	1	85	1803369051	1803393060	24009	1300.51	659.09	1368.43	672.36	1.52	129.51	0.50	63.26	5840.62	-5320.13	4111.94
Fixation L	1	102	1803393060	1803636944	243884	1363.74	680.25	39	20	-1	12.88	12.88
Fixation R	1	101	1803393060	1803636944	243884	1363.74	680.25	39	20	-1	13.14	13.14
Saccade L	1	87	1803636944	1803696939	59995	1341.90	669.02	389.58	486.95	21.37	608.66	0.33	356.21	29432.48	-23072.40	16167.10
Saccade R	1	86	1803636944	1803696939	59995	1341.90	669.02	389.58	486.95	21.37	608.66	0.33	356.21	29432.48	-23072.40	16167.10
Fixation L	1	103	1803696939	1803804940	108001	396.61	485.12	43	33	-1	13.14	13.14
Fixation R	1	102	1803696939	1803804940	108001	396.61	485.12	43	33	-1	13.00	13.00
Fixation L	1	104	1803812933	1803885609	72676	100.83	118.44	590	515	-1	8.04	8.04
Fixation L	1	105	1803976908	1804108947	132039	192.70	275.74	28	19	-1	13.07	13.07
Fixation R	1	103	1803976908	1804108947	132039	192.70	275.74	28	19	-1	13.06	13.06
Saccade L	1	88	1804108947	1804152945	43998	187.31	278.34	69.90	264.14	4.45	285.97	0.27	101.12	13433.53	-10069.78	6379.96
Saccade R	1	87	1804108947	1804152945	43998	187.31	278.34	69.90	264.14	4.45	285.97	0.27	101.12	13433.53	-10069.78	6379.96
Fixation L	1	106	1804152945	1804268953	116008	72.19	265.98	45	7	-1	13.69	13.69
Fixation R	1	104	1804152945	1804268953	116008	72.19	265.98	45	7	-1	13.81	13.81
Saccade L	1	89	1804268953	1804296954	28001	52.33	265.50	226.50	270.37	3.52	268.79	0.57	125.84	11400.19	-11086.02	7988.31
Saccade R	1	88	1804268953	1804296954	28001	52.33	265.50	226.50	270.37	3.52	268.79	0.57	125.84	11400.19	-11086.02	7988.31
Fixation L	1	107	1804296954	1804516956	220002	207.37	267.00	36	11	-1	14.09	14.09
Fixation R	1	105	1804296954	1804516956	220002	207.37	267.00	36	11	-1	14.35	14.35
Saccade L	1	90	1804516956	1804600957	84001	184.80	272.17	1237.67	622.76	25.15	707.73	0.24	299.45	33815.51	-19973.53	12582.66
Saccade R	1	89	1804516956	1804600957	84001	184.80	272.17	1237.67	622.76	25.15	707.73	0.24	299.45	33815.51	-19973.53	12582.66
Fixation L	1	108	1804600957	1804744924	143967	1206.73	604.07	60	39	-1	13.55	13.55
Fixation R	1	106	1804600957	1804744924	143967	1206.73	604.07	60	39	-1	14.18	14.18
Saccade L	1	91	1804744924	1804768968	24044	1177.56	586.82	1107.65	585.53	1.53	133.81	0.50	63.62	5736.28	-5158.87	4004.51
Saccade R	1	90	1804744924	1804768968	24044	1177.56	586.82	1107.65	585.53	1.53	133.81	0.50	63.62	5736.28	-5158.87	4004.51
Fixation L	1	109	1804768968	1804972981	204013	1112.30	565.88	20	33	-1	13.27	13.27
Fixation R	1	107	1804768968	1804972981	204013	1112.30	565.88	20	33	-1	13.74	13.74
Saccade L	1	92	1804972981	1805012858	39877	1119.71	579.43	1242.56	575.48	2.48	110.63	0.40	62.19	5098.99	-3848.20	3258.04
Saccade R	1	91	1804972981	1805012858	39877	1119.71	579.43	1242.56	575.48	2.48	110.63	0.40	62.19	5098.99	-3848.20	3258.04
Fixation L	1	110	1805012858	1805180846	167988	1230.72	569.80	34	18	-1	12.96	12.96
Fixation R	1	108	1805012858	1805300857	287999	858.20	397.06	1712	814	-1	10.97	10.97
Fixation L	1	111	1805400812	1805460871	60059	1205.69	552.63	28	12	-1	12.94	12.94
Fixation R	1	109	1805400812	1805460871	60059	1205.69	552.63	28	12	-1	13.56	13.56
Saccade L	1	93	1805460871	1805484876	24005	1200.74	553.42	1056.89	548.71	2.69	230.32	0.50	112.25	11164.78	-9044.54	7277.05
Saccade R	1	92	1805460871	1805484876	24005	1200.74	553.42	1056.89	548.71	2.69	230.32	0.50	112.25	11164.78	-9044.54	7277.05
Fixation L	1	112	1805484876	1805612856	127980	1092.91	550.04	45	5	-1	13.28	13.28
Fixation R	1	110	1805484876	1805732859	247983	674.48	339.28	1370	640	-1	9.61	9.61
Saccade R	1	93	1805732859	1805816857	83998	0.00	0.00	1090.51	530.79	41.29	1818.56	0.29	491.58	64271.47	-79005.93	21934.67
Fixation L	1	113	1805816857	1805884855	67998	1080.40	536.04	22	13	-1	13.15	13.15
Fixation R	1	111	1805816857	1805884855	67998	1080.40	536.04	22	13	-1	13.62	13.62
Saccade L	1	94	1805884855	1805920855	36000	1076.11	543.49	1091.92	450.83	2.17	135.23	0.56	60.21	5795.56	-6393.93	4215.21
Saccade R	1	94	1805884855	1805920855	36000	1076.11	543.49	1091.92	450.83	2.17	135.23	0.56	60.21	5795.56	-6393.93	4215.21
Fixation L	1	114	1805920855	1806048850	127995	1082.97	463.04	18	28	-1	13.28	13.28
Fixation R	1	112	1805920855	1806048850	127995	1082.97	463.04	18	28	-1	13.69	13.69
Saccade L	1	95	1806048850	1806072858	24008	1086.95	474.01	1157.52	476.62	1.47	121.89	0.50	61.35	5493.60	-5235.84	4003.74
Saccade R	1	95	1806048850	1806072858	24008	1086.95	474.01	1157.52	476.62	1.47	121.89	0.50	61.35	5493.60	-5235.84	4003.74
Fixation L	1	115	1806072858	1806244869	172011	1165.08	466.23	12	17	-1	13.43	13.43
Fixation R	1	113	1806072858	1806244869	172011	1165.08	466.23	12	17	-1	13.77	13.77
Saccade L	1	96	1806244869	1806268890	24021	1166.29	464.97	1220.40	463.49	1.18	95.75	0.50	49.11	4391.45	-3930.59	3001.44
Saccade R	1	96	1806244869	1806268890	24021	1166.29	464.97	1220.40	463.49	1.18	95.75	0.50	49.11	4391.45	-3930.59	3001.44
Fixation L	1	116	1806268890	1806448768	179878	1232.16	455.88	20	19	-1	13.13	13.13
Fixation R	1	114	1806268890	1806448768	179878	1232.16	455.88	20	19	-1	13.38	13.38
Saccade L	1	97	1806448768	1806492753	43985	1227.71	459.61	988.33	465.36	5.17	315.55	0.36	117.52	14927.69	-12932.12	8124.00
Saccade R	1	97	1806448768	1806492753	43985	1227.71	459.61	988.33	465.36	5.17	315.55	0.36	117.52	14927.69	-12932.12	8124.00
Fixation L	1	117	1806492753	1806592741	99988	976.68	456.64	22	22	-1	13.10	13.10
Fixation R	1	115	1806492753	1806592741	99988	976.68	456.64	22	22	-1	13.12	13.12
Saccade L	1	98	1806592741	1806648743	56002	983.31	469.53	174.88	286.29	18.28	550.78	0.57	326.35	24986.14	-23057.83	15791.81
Saccade R	1	98	1806592741	1806648743	56002	983.31	469.53	174.88	286.29	18.28	550.78	0.57	326.35	24986.14	-23057.83	15791.81
Saccade L	1	99	1806648743	1806672737	23994	174.88	286.29	164.01	285.61	0.71	51.40	0.67	29.69	-190.78	-14278.08	4005.53
Saccade R	1	99	1806648743	1806672737	23994	174.88	286.29	164.01	285.61	0.71	51.40	0.67	29.69	-190.78	-14278.08	4005.53
Fixation L	1	118	1806672737	1806840749	168012	181.12	302.52	40	26	-1	13.08	13.08
Fixation R	1	116	1806672737	1806840749	168012	181.12	302.52	40	26	-1	12.95	12.95
