[BeGaze]
Converted from:	D:\Kirillov\Results\ermolova_temp\Nastya 3kurs-eye_data.idf
Date:	17.04.2019 03:52:20
Version:	BeGaze 3.0.181
Sample Rate:	250
Subject:	Nastya 3kurs
Description:	Run3

Table Header for Fixations:
Event Type	Trial	Number	Start	End	Duration	Location X	Location Y	Dispersion X	Dispersion Y	Plane	Avg. Pupil Size X	Avg. Pupil Size Y

Table Header for Saccades:
Event Type	Trial	Number	Start	End	Duration	Start Loc.X	Start Loc.Y	End Loc.X	End Loc.Y	Amplitude	Peak Speed	Peak Speed At	Average Speed	Peak Accel.	Peak Decel.	Average Accel.

Table Header for User Events:
Event Type	Trial	Number	Start	Description

UserEvent	1	1	5296948825	# Message: Questionnaire18.jpg
Fixation L	1	1	5296950708	5297122720	172012	981.17	619.46	24	14	-1	13.61	13.61
Fixation R	1	1	5296950708	5297122720	172012	981.17	619.46	24	14	-1	12.34	12.34
Saccade L	1	1	5297122720	5297190718	67998	994.78	623.20	546.82	421.76	11.42	387.83	0.29	167.95	18264.02	-9957.49	8090.93
Saccade R	1	1	5297122720	5297190718	67998	994.78	623.20	546.82	421.76	11.42	387.83	0.29	167.95	18264.02	-9957.49	8090.93
Saccade L	1	2	5297230716	5297298706	67990	570.50	380.06	430.02	391.67	6.77	205.99	0.79	99.60	8498.16	-9331.78	6575.54
Saccade R	1	2	5297230716	5297298706	67990	570.50	380.06	430.02	391.67	6.77	205.99	0.79	99.60	8498.16	-9331.78	6575.54
Fixation L	1	2	5297298706	5297438743	140037	411.07	390.20	40	38	-1	14.19	14.19
Fixation R	1	2	5297298706	5297438743	140037	411.07	390.20	40	38	-1	12.85	12.85
Saccade L	1	3	5297438743	5297482734	43991	397.35	369.90	407.92	316.88	2.03	108.39	0.27	46.04	4949.61	-2816.62	2149.29
Saccade R	1	3	5297438743	5297482734	43991	397.35	369.90	407.92	316.88	2.03	108.39	0.27	46.04	4949.61	-2816.62	2149.29
Fixation L	1	3	5297482734	5297706716	223982	405.55	324.94	34	38	-1	14.61	14.61
Fixation R	1	3	5297482734	5297706716	223982	405.55	324.94	34	38	-1	13.20	13.20
Saccade L	1	4	5297706716	5297738722	32006	408.71	350.46	413.82	308.51	0.82	40.60	0.38	25.54	1147.96	-1171.14	891.04
Saccade R	1	4	5297706716	5297738722	32006	408.71	350.46	413.82	308.51	0.82	40.60	0.38	25.54	1147.96	-1171.14	891.04
Fixation L	1	4	5297738722	5297794724	56002	416.47	297.09	12	22	-1	14.91	14.91
Fixation R	1	4	5297738722	5297794724	56002	416.47	297.09	12	22	-1	13.54	13.54
Saccade L	1	5	5297794724	5297830717	35993	412.27	288.23	425.03	322.81	1.06	46.51	0.33	29.56	2115.56	-1166.03	953.86
Saccade R	1	5	5297794724	5297830717	35993	412.27	288.23	425.03	322.81	1.06	46.51	0.33	29.56	2115.56	-1166.03	953.86
Saccade L	1	6	5297830717	5297866752	36035	425.03	322.81	422.39	295.76	1.03	42.57	0.67	28.53	806.80	-1204.54	576.90
Saccade R	1	6	5297830717	5297866752	36035	425.03	322.81	422.39	295.76	1.03	42.57	0.67	28.53	806.80	-1204.54	576.90
Fixation L	1	5	5297866752	5297946659	79907	411.54	313.52	22	31	-1	15.15	15.15
Fixation R	1	5	5297866752	5297946659	79907	411.54	313.52	22	31	-1	13.74	13.74
UserEvent	1	2	5297949205	# Message: UE-mouseclick left x=499 y=329
Fixation L	1	6	5297962737	5298090623	127886	424.14	338.77	29	24	-1	15.24	15.24
Fixation R	1	6	5297962737	5298090623	127886	424.14	338.77	29	24	-1	13.77	13.77
Saccade L	1	7	5298090623	5298118744	28121	433.77	344.29	410.05	368.90	0.77	48.21	0.57	27.46	1285.16	-1643.13	1064.02
Saccade R	1	7	5298090623	5298118744	28121	433.77	344.29	410.05	368.90	0.77	48.21	0.57	27.46	1285.16	-1643.13	1064.02
Fixation L	1	7	5298118744	5298282733	163989	425.39	366.70	42	29	-1	15.31	15.31
Fixation R	1	7	5298118744	5298282733	163989	425.39	366.70	42	29	-1	13.73	13.73
Saccade L	1	8	5298282733	5298310732	27999	407.09	387.73	399.01	487.79	1.91	146.76	0.57	68.33	5790.24	-6075.46	4325.66
Saccade R	1	8	5298282733	5298310732	27999	407.09	387.73	399.01	487.79	1.91	146.76	0.57	68.33	5790.24	-6075.46	4325.66
Saccade L	1	9	5298330746	5298358600	27854	392.57	478.83	366.53	449.83	0.83	45.38	0.43	29.65	1604.43	-1073.23	959.24
Saccade R	1	9	5298330746	5298358600	27854	392.57	478.83	366.53	449.83	0.83	45.38	0.43	29.65	1604.43	-1073.23	959.24
Fixation L	1	8	5298358600	5298458613	100013	352.44	437.71	21	24	-1	15.20	15.20
Fixation R	1	8	5298358600	5298458613	100013	352.44	437.71	21	24	-1	13.65	13.65
Saccade L	1	10	5298458613	5298482597	23984	345.24	451.02	327.30	415.95	0.86	65.49	0.50	35.84	2544.22	-2696.07	1938.37
Saccade R	1	10	5298458613	5298482597	23984	345.24	451.02	327.30	415.95	0.86	65.49	0.50	35.84	2544.22	-2696.07	1938.37
Saccade L	1	11	5298498606	5298534627	36021	329.07	417.02	462.23	332.98	3.59	226.71	0.44	99.80	10794.26	-9825.96	6733.94
Saccade R	1	11	5298498606	5298534627	36021	329.07	417.02	462.23	332.98	3.59	226.71	0.44	99.80	10794.26	-9825.96	6733.94
Fixation L	1	9	5298534627	5298702608	167981	456.86	327.58	18	49	-1	15.12	15.12
Fixation R	1	9	5298534627	5298702608	167981	456.86	327.58	18	49	-1	13.56	13.56
Saccade L	1	12	5298702608	5298746608	44000	458.17	296.98	414.92	431.44	3.18	136.64	0.55	72.36	6355.59	-5563.80	4269.09
Saccade R	1	12	5298702608	5298746608	44000	458.17	296.98	414.92	431.44	3.18	136.64	0.55	72.36	6355.59	-5563.80	4269.09
Fixation L	1	10	5298746608	5298866617	120009	399.46	419.79	28	37	-1	14.91	14.91
Fixation R	1	10	5298746608	5298866617	120009	399.46	419.79	28	37	-1	13.54	13.54
