[BeGaze]
Converted from:	D:\Kirillov\Results\ermolova_temp\Polina 03-eye_data.idf
Date:	17.04.2019 03:52:45
Version:	BeGaze 3.0.181
Sample Rate:	250
Subject:	Polina 03
Description:	Run13

Table Header for Fixations:
Event Type	Trial	Number	Start	End	Duration	Location X	Location Y	Dispersion X	Dispersion Y	Plane	Avg. Pupil Size X	Avg. Pupil Size Y

Table Header for Saccades:
Event Type	Trial	Number	Start	End	Duration	Start Loc.X	Start Loc.Y	End Loc.X	End Loc.Y	Amplitude	Peak Speed	Peak Speed At	Average Speed	Peak Accel.	Peak Decel.	Average Accel.

Table Header for User Events:
Event Type	Trial	Number	Start	Description

UserEvent	1	1	3277576913	# Message: experiment-12.jpg
Fixation L	1	1	3277579161	3277887225	308064	433.13	463.89	22	16	-1	11.42	11.42
Fixation R	1	1	3277579161	3277887225	308064	433.13	463.89	22	16	-1	10.59	10.59
Saccade L	1	1	3277887225	3277951193	63968	429.42	468.92	912.37	516.68	11.27	347.94	0.37	176.14	16239.11	-9779.32	8561.50
Saccade R	1	1	3277887225	3277951193	63968	429.42	468.92	912.37	516.68	11.27	347.94	0.37	176.14	16239.11	-9779.32	8561.50
Fixation L	1	2	3277951193	3278083196	132003	921.67	528.71	17	17	-1	11.26	11.26
Fixation R	1	2	3277951193	3278083196	132003	921.67	528.71	17	17	-1	10.79	10.79
Saccade L	1	2	3278083196	3278119185	35989	930.54	528.50	924.41	469.97	1.28	59.13	0.56	35.55	2474.29	-2145.87	1696.54
Saccade R	1	2	3278083196	3278119185	35989	930.54	528.50	924.41	469.97	1.28	59.13	0.56	35.55	2474.29	-2145.87	1696.54
Fixation L	1	3	3278119185	3278235199	116014	933.57	456.30	16	20	-1	10.86	10.86
Fixation R	1	3	3278119185	3278235199	116014	933.57	456.30	16	20	-1	10.42	10.42
Saccade L	1	3	3278235199	3278275197	39998	926.28	455.53	0.00	0.79	22.20	1418.88	0.70	554.97	46166.68	-50846.65	33404.62
Fixation L	1	4	3278275197	3278435210	160013	355.00	100.50	438	241	-1	9.54	9.54
Saccade L	1	4	3278435210	3278475089	39879	436.02	155.18	0.00	0.01	13.51	1074.65	0.70	338.88	40545.25	-47336.38	25015.05
Fixation L	1	5	3278475089	3278555075	79986	0.00	0.00	0	0	-1	9.49	9.49
Fixation L	1	6	3278619077	3278743088	124011	1011.65	523.53	47	15	-1	10.30	10.30
Fixation R	1	4	3278619077	3278743088	124011	1011.65	523.53	47	15	-1	9.95	9.95
Fixation L	1	7	3278827104	3278959047	131943	1435.73	1025.09	14	11	-1	10.42	10.42
Fixation R	1	5	3278827104	3278959047	131943	1435.73	1025.09	14	11	-1	10.18	10.18
Saccade L	1	5	3278959047	3279055106	96059	1447.52	1026.61	507.34	163.80	29.27	753.07	0.46	304.67	27190.50	-20157.20	10823.84
Saccade R	1	3	3278959047	3279055106	96059	1447.52	1026.61	507.34	163.80	29.27	753.07	0.46	304.67	27190.50	-20157.20	10823.84
Fixation L	1	8	3279055106	3279183048	127942	499.99	167.82	21	31	-1	10.64	10.64
Fixation R	1	6	3279055106	3279183048	127942	499.99	167.82	21	31	-1	9.90	9.90
Saccade L	1	6	3279183048	3279211082	28034	489.07	174.44	439.04	77.58	2.30	161.86	0.43	82.02	7300.35	-7352.02	5463.08
Saccade R	1	4	3279183048	3279211082	28034	489.07	174.44	439.04	77.58	2.30	161.86	0.43	82.02	7300.35	-7352.02	5463.08
Fixation L	1	9	3279211082	3279499088	288006	441.99	85.65	19	33	-1	10.59	10.59
Fixation R	1	7	3279211082	3279499088	288006	441.99	85.65	19	33	-1	9.75	9.75
Saccade L	1	7	3279499088	3279563075	63987	452.99	99.94	500.68	616.49	11.61	470.45	0.31	181.47	22823.18	-14144.37	10026.13
Saccade R	1	5	3279499088	3279563075	63987	452.99	99.94	500.68	616.49	11.61	470.45	0.31	181.47	22823.18	-14144.37	10026.13
Fixation L	1	10	3279563075	3279747101	184026	499.21	609.80	12	33	-1	10.90	10.90
Fixation R	1	8	3279563075	3279747101	184026	499.21	609.80	12	33	-1	9.94	9.94
Saccade L	1	8	3279747101	3279795148	48047	497.11	593.03	949.39	616.70	9.74	375.63	0.42	202.75	18517.65	-15014.27	11654.47
Saccade R	1	6	3279747101	3279795148	48047	497.11	593.03	949.39	616.70	9.74	375.63	0.42	202.75	18517.65	-15014.27	11654.47
Fixation L	1	11	3279795148	3280146988	351840	972.34	607.43	33	30	-1	10.63	10.63
Fixation R	1	9	3279795148	3280146988	351840	972.34	607.43	33	30	-1	10.32	10.32
Saccade L	1	9	3280146988	3280174952	27964	970.58	607.74	975.66	448.32	3.16	265.11	0.57	112.89	11838.99	-11234.04	8552.56
Saccade R	1	7	3280146988	3280174952	27964	970.58	607.74	975.66	448.32	3.16	265.11	0.57	112.89	11838.99	-11234.04	8552.56
Fixation L	1	12	3280174952	3280430970	256018	673.90	326.38	1219	1057	-1	10.54	10.54
Fixation R	1	10	3280174952	3280314986	140034	986.78	460.17	26	20	-1	10.26	10.26
Saccade L	1	10	3280430970	3280486972	56002	0.00	0.00	381.17	14.52	10.41	452.34	0.21	185.85	19434.54	-15661.52	7742.28
Fixation L	1	13	3280502963	3280710959	207996	421.67	57.16	37	74	-1	10.47	10.47
Fixation R	1	11	3280502963	3280710959	207996	421.67	57.16	37	74	-1	9.82	9.82
Saccade L	1	11	3280710959	3280786982	76023	431.81	97.79	1030.80	409.44	15.04	467.72	0.26	197.86	23326.89	-14149.20	9812.21
Saccade R	1	8	3280710959	3280786982	76023	431.81	97.79	1030.80	409.44	15.04	467.72	0.26	197.86	23326.89	-14149.20	9812.21
Fixation L	1	14	3280786982	3280978938	191956	1012.68	412.95	30	11	-1	10.79	10.79
Fixation R	1	12	3280786982	3280978938	191956	1012.68	412.95	30	11	-1	10.44	10.44
Saccade L	1	12	3280978938	3280998965	20027	1011.28	416.50	1005.77	454.06	0.78	62.88	0.60	38.82	2748.05	-2059.32	1792.36
Saccade R	1	9	3280978938	3280998965	20027	1011.28	416.50	1005.77	454.06	0.78	62.88	0.60	38.82	2748.05	-2059.32	1792.36
Fixation L	1	15	3280998965	3281322817	323852	1003.01	476.37	10	36	-1	10.85	10.85
Fixation R	1	13	3280998965	3281322817	323852	1003.01	476.37	10	36	-1	10.48	10.48
Saccade L	1	13	3281322817	3281362815	39998	1001.86	473.25	987.60	404.30	1.52	77.83	0.30	38.11	5866.94	-1945.83	2050.93
Saccade R	1	10	3281322817	3281362815	39998	1001.86	473.25	987.60	404.30	1.52	77.83	0.30	38.11	5866.94	-1945.83	2050.93
Saccade L	1	14	3281362815	3281426816	64001	987.60	404.30	417.64	130.96	14.01	407.48	0.38	218.87	19479.25	-13479.91	9649.19
Saccade R	1	11	3281362815	3281426816	64001	987.60	404.30	417.64	130.96	14.01	407.48	0.38	218.87	19479.25	-13479.91	9649.19
Fixation L	1	16	3281426816	3281682854	256038	410.18	122.46	38	17	-1	10.59	10.59
Fixation R	1	14	3281426816	3281826841	400025	298.13	100.08	631	1078	-1	8.47	8.47
Saccade R	1	12	3281826841	3281950868	124027	0.00	0.00	412.15	938.64	43.70	1227.16	0.23	352.37	57670.38	-43223.86	12561.35
Fixation L	1	17	3282038841	3282542863	504022	1019.71	549.47	57	37	-1	10.91	10.91
Fixation R	1	15	3282038841	3282542863	504022	1019.71	549.47	57	37	-1	10.56	10.56
Saccade L	1	15	3282542863	3282626852	83989	995.47	571.48	411.63	198.10	15.47	403.89	0.24	184.15	19805.76	-12472.42	7761.08
Saccade R	1	13	3282542863	3282626852	83989	995.47	571.48	411.63	198.10	15.47	403.89	0.24	184.15	19805.76	-12472.42	7761.08
Fixation L	1	18	3282626852	3282910727	283875	425.82	198.58	23	15	-1	10.66	10.66
Fixation R	1	16	3282626852	3282910727	283875	425.82	198.58	23	15	-1	9.96	9.96
Fixation L	1	19	3282970749	3283062729	91980	472.52	362.45	15	15	-1	10.74	10.74
Fixation R	1	17	3282970749	3283062729	91980	472.52	362.45	15	15	-1	10.02	10.02
Fixation L	1	20	3283142774	3283314738	171964	994.44	524.04	25	15	-1	10.77	10.77
Fixation R	1	18	3283142774	3283314738	171964	994.44	524.04	25	15	-1	10.46	10.46
Saccade L	1	16	3283314738	3283338752	24014	985.64	515.84	1079.61	520.96	1.80	152.40	0.50	75.09	6523.57	-6660.84	4945.50
Saccade R	1	14	3283314738	3283338752	24014	985.64	515.84	1079.61	520.96	1.80	152.40	0.50	75.09	6523.57	-6660.84	4945.50
Fixation L	1	21	3283338752	3283550743	211991	1078.84	515.72	12	14	-1	10.54	10.54
Fixation R	1	19	3283338752	3283550743	211991	1078.84	515.72	12	14	-1	10.29	10.29
Saccade L	1	17	3283550743	3283590798	40055	1084.66	520.89	1092.20	603.21	2.92	191.29	0.40	72.85	8957.50	-6523.49	4599.44
Saccade R	1	15	3283550743	3283590798	40055	1084.66	520.89	1092.20	603.21	2.92	191.29	0.40	72.85	8957.50	-6523.49	4599.44
Fixation L	1	22	3283590798	3283774769	183971	1085.02	625.27	10	32	-1	10.51	10.51
Fixation R	1	20	3283590798	3283774769	183971	1085.02	625.27	10	32	-1	10.05	10.05
Saccade L	1	18	3283774769	3283806755	31986	1086.10	635.41	1092.64	535.32	2.04	144.37	0.50	63.91	6638.78	-6356.78	4670.58
Saccade R	1	16	3283774769	3283806755	31986	1086.10	635.41	1092.64	535.32	2.04	144.37	0.50	63.91	6638.78	-6356.78	4670.58
Fixation L	1	23	3283806755	3284026767	220012	1085.60	525.31	24	22	-1	10.36	10.36
Fixation R	1	21	3283806755	3284026767	220012	1085.60	525.31	24	22	-1	10.14	10.14
Saccade L	1	19	3284026767	3284054637	27870	1073.00	524.73	1176.29	515.06	2.08	162.47	0.43	74.57	7412.65	-7449.38	5488.31
Saccade R	1	17	3284026767	3284054637	27870	1073.00	524.73	1176.29	515.06	2.08	162.47	0.43	74.57	7412.65	-7449.38	5488.31
Fixation L	1	24	3284054637	3284130592	75955	1179.31	517.31	8	5	-1	10.34	10.34
Fixation R	1	22	3284054637	3284130592	75955	1179.31	517.31	8	5	-1	9.99	9.99
Saccade L	1	20	3284130592	3284202612	72020	1183.58	516.62	475.22	169.50	17.57	455.94	0.28	243.97	22386.82	-13719.69	11062.31
Saccade R	1	18	3284130592	3284202612	72020	1183.58	516.62	475.22	169.50	17.57	455.94	0.28	243.97	22386.82	-13719.69	11062.31
Fixation L	1	25	3284202612	3284462616	260004	459.83	159.30	22	22	-1	10.44	10.44
Fixation R	1	23	3284202612	3284462616	260004	459.83	159.30	22	22	-1	9.68	9.68
Saccade L	1	21	3284462616	3284510635	48019	453.96	173.10	424.12	107.05	1.66	73.06	0.25	34.60	3022.97	-1962.00	1404.36
Saccade R	1	19	3284462616	3284510635	48019	453.96	173.10	424.12	107.05	1.66	73.06	0.25	34.60	3022.97	-1962.00	1404.36
Fixation L	1	26	3284510635	3284858640	348005	438.46	131.78	26	39	-1	10.57	10.57
Fixation R	1	24	3284510635	3284858640	348005	438.46	131.78	26	39	-1	9.98	9.98
Saccade L	1	22	3284858640	3284898624	39984	444.81	131.60	419.36	83.12	1.39	57.53	0.40	34.68	2516.70	-2019.77	1653.93
Saccade R	1	20	3284858640	3284898624	39984	444.81	131.60	419.36	83.12	1.39	57.53	0.40	34.68	2516.70	-2019.77	1653.93
Fixation L	1	27	3284898624	3284982589	83965	410.55	70.39	14	18	-1	10.62	10.62
Fixation R	1	25	3284898624	3284982589	83965	410.55	70.39	14	18	-1	10.08	10.08
Saccade L	1	23	3284982589	3285058631	76042	421.51	67.66	1102.57	457.30	17.56	456.85	0.26	230.93	22245.55	-15879.23	10268.54
Saccade R	1	21	3284982589	3285058631	76042	421.51	67.66	1102.57	457.30	17.56	456.85	0.26	230.93	22245.55	-15879.23	10268.54
Fixation L	1	28	3285058631	3285190641	132010	1105.94	469.40	11	16	-1	10.83	10.83
Fixation R	1	26	3285058631	3285190641	132010	1105.94	469.40	11	16	-1	10.34	10.34
Saccade L	1	24	3285190641	3285226624	35983	1113.65	470.34	1212.01	530.48	2.84	183.67	0.44	78.94	8036.99	-7376.45	5146.22
Saccade R	1	22	3285190641	3285226624	35983	1113.65	470.34	1212.01	530.48	2.84	183.67	0.44	78.94	8036.99	-7376.45	5146.22
Fixation L	1	29	3285226624	3285334647	108023	1236.02	536.06	32	11	-1	10.98	10.98
Fixation R	1	27	3285226624	3285334647	108023	1236.02	536.06	32	11	-1	10.40	10.40
Saccade L	1	25	3285334647	3285390637	55990	1237.79	536.89	893.14	529.85	7.49	361.92	0.36	133.83	16856.14	-14086.20	8667.96
Saccade R	1	23	3285334647	3285390637	55990	1237.79	536.89	893.14	529.85	7.49	361.92	0.36	133.83	16856.14	-14086.20	8667.96
Fixation L	1	30	3285390637	3285914860	524223	221.02	130.22	1090	552	-1	4.97	4.97
Fixation R	1	28	3285390637	3285914860	524223	221.02	130.22	1090	552	-1	10.72	10.72
