[BeGaze]
Converted from:	D:\Kirillov\Results\ermolova_temp\Nastya 05-eye_data.idf
Date:	17.04.2019 03:52:57
Version:	BeGaze 3.0.181
Sample Rate:	250
Subject:	Nastya 05
Description:	Run16

Table Header for Fixations:
Event Type	Trial	Number	Start	End	Duration	Location X	Location Y	Dispersion X	Dispersion Y	Plane	Avg. Pupil Size X	Avg. Pupil Size Y

Table Header for Saccades:
Event Type	Trial	Number	Start	End	Duration	Start Loc.X	Start Loc.Y	End Loc.X	End Loc.Y	Amplitude	Peak Speed	Peak Speed At	Average Speed	Peak Accel.	Peak Decel.	Average Accel.

Table Header for User Events:
Event Type	Trial	Number	Start	Description

UserEvent	1	1	4016289837	# Message: experiment-15.jpg
Fixation L	1	1	4016291123	4016587145	296022	395.85	313.75	11	31	-1	15.20	15.20
Fixation R	1	1	4016291123	4016587145	296022	395.85	313.75	11	31	-1	16.51	16.51
Fixation L	1	2	4016671138	4016847139	176001	967.66	458.59	14	9	-1	14.28	14.28
Fixation R	1	2	4016671138	4016847139	176001	967.66	458.59	14	9	-1	15.93	15.93
Saccade L	1	1	4016847139	4016887139	40000	968.23	460.79	1168.94	535.92	4.87	299.18	0.40	121.72	13969.90	-13275.26	8956.57
Saccade R	1	1	4016847139	4016887139	40000	968.23	460.79	1168.94	535.92	4.87	299.18	0.40	121.72	13969.90	-13275.26	8956.57
Fixation L	1	3	4016887139	4017047044	159905	1180.16	524.51	23	29	-1	13.23	13.23
Fixation R	1	3	4016887139	4017047044	159905	1180.16	524.51	23	29	-1	15.07	15.07
Saccade L	1	2	4017047044	4017119032	71988	1188.59	528.51	457.62	242.07	17.61	425.66	0.50	244.69	20149.46	-14041.08	9689.73
Saccade R	1	2	4017047044	4017119032	71988	1188.59	528.51	457.62	242.07	17.61	425.66	0.50	244.69	20149.46	-14041.08	9689.73
Fixation L	1	4	4017119032	4017267044	148012	438.27	225.81	33	32	-1	13.12	13.12
Fixation R	1	4	4017119032	4017267044	148012	438.27	225.81	33	32	-1	14.52	14.52
Saccade L	1	3	4017267044	4017303061	36017	454.25	244.18	455.80	31.13	4.44	241.56	0.55	123.15	11818.54	-11249.46	8440.18
Saccade R	1	3	4017267044	4017303061	36017	454.25	244.18	455.80	31.13	4.44	241.56	0.55	123.15	11818.54	-11249.46	8440.18
Fixation L	1	5	4017303061	4017931027	627966	446.60	11.29	80	81	-1	13.28	13.28
Fixation R	1	5	4017303061	4017931027	627966	446.60	11.29	80	81	-1	14.82	14.82
Saccade L	1	4	4017931027	4017967029	36002	416.14	-30.73	428.20	-33.42	1.90	100.71	0.56	52.72	3224.66	-2666.67	1760.58
Saccade R	1	4	4017931027	4017967029	36002	416.14	-30.73	428.20	-33.42	1.90	100.71	0.56	52.72	3224.66	-2666.67	1760.58
Saccade L	1	5	4018031028	4018055048	24020	518.05	-23.40	436.60	-48.97	1.40	152.02	0.33	58.29	1709.86	-3534.09	1208.76
Saccade R	1	5	4018031028	4018055048	24020	518.05	-23.40	436.60	-48.97	1.40	152.02	0.33	58.29	1709.86	-3534.09	1208.76
Saccade L	1	6	4018099046	4018175056	76010	455.12	-41.67	1086.45	485.37	19.14	594.83	0.37	251.82	27064.55	-19748.13	10959.46
Saccade R	1	6	4018099046	4018175056	76010	455.12	-41.67	1086.45	485.37	19.14	594.83	0.37	251.82	27064.55	-19748.13	10959.46
Saccade L	1	7	4018175056	4018198963	23907	1086.45	485.37	1143.34	517.76	1.19	94.17	0.50	49.68	2032.89	-4270.83	2187.35
Saccade R	1	7	4018175056	4018198963	23907	1086.45	485.37	1143.34	517.76	1.19	94.17	0.50	49.68	2032.89	-4270.83	2187.35
Fixation L	1	6	4018198963	4018383067	184104	1151.03	515.43	16	16	-1	14.72	14.72
Fixation R	1	6	4018198963	4018383067	184104	1151.03	515.43	16	16	-1	16.64	16.64
Saccade L	1	8	4018383067	4018411034	27967	1146.06	511.67	1157.53	527.62	0.74	44.89	0.28	26.29	1720.91	-966.89	858.77
Saccade R	1	8	4018383067	4018411034	27967	1146.06	511.67	1157.53	527.62	0.74	44.89	0.28	26.29	1720.91	-966.89	858.77
Fixation L	1	7	4018411034	4018546931	135897	1170.34	528.20	25	9	-1	14.57	14.57
Fixation R	1	7	4018411034	4018546931	135897	1170.34	528.20	25	9	-1	16.40	16.40
Saccade L	1	9	4018546931	4018602917	55986	1181.50	523.56	1142.38	605.75	3.65	163.27	0.21	65.14	7636.43	-4650.31	3014.09
Saccade R	1	9	4018546931	4018602917	55986	1181.50	523.56	1142.38	605.75	3.65	163.27	0.21	65.14	7636.43	-4650.31	3014.09
Fixation L	1	8	4018602917	4018730937	128020	1142.17	609.92	17	14	-1	13.93	13.93
Fixation R	1	8	4018602917	4018730937	128020	1142.17	609.92	17	14	-1	15.66	15.66
Saccade L	1	10	4018730937	4018754929	23992	1129.17	611.05	1080.22	611.01	1.11	93.30	0.50	46.25	4255.59	-3497.71	2708.22
Saccade R	1	10	4018730937	4018754929	23992	1129.17	611.05	1080.22	611.01	1.11	93.30	0.50	46.25	4255.59	-3497.71	2708.22
Fixation L	1	9	4018754929	4018890946	136017	1074.99	592.35	27	37	-1	13.94	13.94
Fixation R	1	9	4018754929	4018890946	136017	1074.99	592.35	27	37	-1	15.48	15.48
Saccade L	1	11	4018890946	4018974928	83982	1073.04	574.17	446.73	204.43	17.72	465.89	0.24	211.01	23264.15	-14714.94	9181.56
Saccade R	1	11	4018890946	4018974928	83982	1073.04	574.17	446.73	204.43	17.72	465.89	0.24	211.01	23264.15	-14714.94	9181.56
Fixation L	1	10	4018974928	4019142955	168027	463.35	208.15	25	25	-1	14.31	14.31
Fixation R	1	10	4018974928	4019142955	168027	463.35	208.15	25	25	-1	15.60	15.60
Saccade L	1	12	4019142955	4019162945	19990	472.65	191.18	467.79	157.76	0.62	55.70	0.60	31.08	2316.97	-1712.56	1345.15
Saccade R	1	12	4019142955	4019162945	19990	472.65	191.18	467.79	157.76	0.62	55.70	0.60	31.08	2316.97	-1712.56	1345.15
Fixation L	1	11	4019162945	4019390945	228000	459.67	141.98	32	50	-1	14.50	14.50
Fixation R	1	11	4019162945	4019390945	228000	459.67	141.98	32	50	-1	15.77	15.77
Saccade L	1	13	4019390945	4019418942	27997	481.08	139.72	486.79	86.30	1.59	131.48	0.43	56.75	5416.91	-4818.40	3453.18
Saccade R	1	13	4019390945	4019418942	27997	481.08	139.72	486.79	86.30	1.59	131.48	0.43	56.75	5416.91	-4818.40	3453.18
Fixation L	1	12	4019418942	4019530943	112001	503.06	73.77	22	19	-1	14.77	14.77
Fixation R	1	12	4019418942	4019530943	112001	503.06	73.77	22	19	-1	16.20	16.20
Saccade L	1	14	4019530943	4019602944	72001	508.75	71.79	1058.97	548.90	16.68	492.73	0.28	231.67	23224.70	-10974.01	9918.57
Saccade R	1	14	4019530943	4019602944	72001	508.75	71.79	1058.97	548.90	16.68	492.73	0.28	231.67	23224.70	-10974.01	9918.57
Fixation L	1	13	4019602944	4019742969	140025	1070.46	565.43	24	23	-1	14.94	14.94
Fixation R	1	13	4019602944	4019742969	140025	1070.46	565.43	24	23	-1	16.83	16.83
Saccade L	1	15	4019742969	4019778968	35999	1086.42	561.53	1075.35	522.23	1.93	124.60	0.33	53.53	4870.50	-3873.97	2524.87
Saccade R	1	15	4019742969	4019778968	35999	1086.42	561.53	1075.35	522.23	1.93	124.60	0.33	53.53	4870.50	-3873.97	2524.87
Fixation L	1	14	4019778968	4020006953	227985	1077.25	501.49	25	40	-1	15.00	15.00
Fixation R	1	14	4019778968	4020006953	227985	1077.25	501.49	25	40	-1	16.83	16.83
Saccade L	1	16	4020006953	4020034840	27887	1094.58	481.20	978.91	482.19	2.49	199.63	0.43	89.12	9165.21	-8565.92	6513.85
Saccade R	1	16	4020006953	4020034840	27887	1094.58	481.20	978.91	482.19	2.49	199.63	0.43	89.12	9165.21	-8565.92	6513.85
Fixation L	1	15	4020034840	4020202840	168000	966.92	481.14	29	8	-1	14.48	14.48
Fixation R	1	15	4020034840	4020202840	168000	966.92	481.14	29	8	-1	16.20	16.20
Saccade L	1	17	4020202840	4020222829	19989	960.45	482.23	905.19	492.66	0.92	80.27	0.60	45.98	3721.88	-2790.93	2188.11
Saccade R	1	17	4020202840	4020222829	19989	960.45	482.23	905.19	492.66	0.92	80.27	0.60	45.98	3721.88	-2790.93	2188.11
Fixation L	1	16	4020222829	4020286830	64001	914.13	502.81	26	16	-1	14.69	14.69
Fixation R	1	16	4020222829	4020286830	64001	914.13	502.81	26	16	-1	16.20	16.20
