[BeGaze]
Converted from:	D:\Kirillov\Results\ermolova_temp\Yaroslava-1-eye_data.idf
Date:	17.04.2019 03:52:38
Version:	BeGaze 3.0.181
Sample Rate:	250
Subject:	Yaroslava
Description:	Run10

Table Header for Fixations:
Event Type	Trial	Number	Start	End	Duration	Location X	Location Y	Dispersion X	Dispersion Y	Plane	Avg. Pupil Size X	Avg. Pupil Size Y

Table Header for Saccades:
Event Type	Trial	Number	Start	End	Duration	Start Loc.X	Start Loc.Y	End Loc.X	End Loc.Y	Amplitude	Peak Speed	Peak Speed At	Average Speed	Peak Accel.	Peak Decel.	Average Accel.

Table Header for User Events:
Event Type	Trial	Number	Start	Description

UserEvent	1	1	1519966802	# Message: experiment-09.jpg
Fixation L	1	1	1519970032	1520076849	106817	389.53	487.12	17	24	-1	13.67	13.67
Fixation R	1	1	1519970032	1520076849	106817	389.53	487.12	17	24	-1	14.38	14.38
Saccade L	1	1	1520076849	1520100843	23994	389.30	484.46	382.90	528.56	0.93	61.37	0.67	38.70	2592.37	-2293.78	1850.62
Saccade R	1	1	1520076849	1520100843	23994	389.30	484.46	382.90	528.56	0.93	61.37	0.67	38.70	2592.37	-2293.78	1850.62
Fixation L	1	2	1520100843	1520252865	152022	389.56	530.09	26	25	-1	13.56	13.56
Fixation R	1	2	1520100843	1520252865	152022	389.56	530.09	26	25	-1	14.32	14.32
Saccade L	1	2	1520252865	1520324846	71981	402.04	521.98	957.44	553.06	12.71	354.89	0.45	176.51	15691.74	-14093.03	7679.58
Saccade R	1	2	1520252865	1520324846	71981	402.04	521.98	957.44	553.06	12.71	354.89	0.45	176.51	15691.74	-14093.03	7679.58
Fixation L	1	3	1520324846	1520408856	84010	964.41	560.03	49	21	-1	13.29	13.29
Fixation R	1	3	1520324846	1520408856	84010	964.41	560.03	49	21	-1	14.26	14.26
Saccade L	1	3	1520472850	1520504873	32023	974.07	570.92	962.86	547.04	1.03	63.33	0.25	32.30	515.01	-1139.20	345.87
Saccade R	1	3	1520472850	1520504873	32023	974.07	570.92	962.86	547.04	1.03	63.33	0.25	32.30	515.01	-1139.20	345.87
Saccade L	1	4	1520736857	1520760880	24023	615.80	831.92	673.23	832.80	0.90	61.08	0.67	37.45	573.62	-1467.35	816.51
Saccade R	1	4	1520736857	1520760880	24023	615.80	831.92	673.23	832.80	0.90	61.08	0.67	37.45	573.62	-1467.35	816.51
Fixation L	1	4	1520760880	1520836722	75842	654.18	834.09	34	18	-1	12.15	12.15
Fixation R	1	4	1520760880	1520836722	75842	654.18	834.09	34	18	-1	12.26	12.26
Saccade L	1	5	1520836722	1520860727	24005	640.00	834.23	689.84	839.02	0.76	50.48	0.34	31.51	2008.25	-1405.25	1275.18
Saccade R	1	5	1520836722	1520860727	24005	640.00	834.23	689.84	839.02	0.76	50.48	0.34	31.51	2008.25	-1405.25	1275.18
Fixation L	1	5	1520908803	1520972741	63938	632.35	838.94	38	19	-1	11.64	11.64
Fixation R	1	5	1520908803	1520972741	63938	632.35	838.94	38	19	-1	12.22	12.22
Saccade L	1	6	1520972741	1521000734	27993	637.71	851.78	647.09	796.26	1.24	84.53	0.57	44.17	3607.24	-3664.51	2738.71
Saccade R	1	6	1520972741	1521000734	27993	637.71	851.78	647.09	796.26	1.24	84.53	0.57	44.17	3607.24	-3664.51	2738.71
Fixation L	1	6	1521000734	1521120742	120008	646.86	798.98	23	17	-1	11.85	11.85
Fixation R	1	6	1521000734	1521120742	120008	646.86	798.98	23	17	-1	12.32	12.32
Saccade L	1	7	1521120742	1521192760	72018	639.04	800.46	984.69	450.41	10.97	390.37	0.22	152.36	17835.56	-9552.62	6764.09
Saccade R	1	7	1521120742	1521192760	72018	639.04	800.46	984.69	450.41	10.97	390.37	0.22	152.36	17835.56	-9552.62	6764.09
Fixation L	1	7	1521192760	1521300742	107982	987.83	495.15	35	59	-1	12.35	12.35
Fixation R	1	7	1521192760	1521300742	107982	987.83	495.15	35	59	-1	12.41	12.41
Saccade L	1	8	1521300742	1521336736	35994	989.78	495.34	1007.23	477.83	1.03	44.55	0.78	28.51	975.09	-561.91	513.97
Saccade R	1	8	1521300742	1521336736	35994	989.78	495.34	1007.23	477.83	1.03	44.55	0.78	28.51	975.09	-561.91	513.97
Fixation L	1	8	1521336736	1521428746	92010	996.05	494.65	31	30	-1	12.36	12.36
Fixation R	1	8	1521336736	1521428746	92010	996.05	494.65	31	30	-1	12.30	12.30
Saccade L	1	9	1521484745	1521516744	31999	992.69	512.30	974.82	517.25	0.88	49.81	0.25	27.50	628.81	-1159.59	441.92
Saccade R	1	9	1521484745	1521516744	31999	992.69	512.30	974.82	517.25	0.88	49.81	0.25	27.50	628.81	-1159.59	441.92
Saccade L	1	10	1521544733	1521564735	20002	972.74	496.49	985.60	487.10	0.53	42.47	0.60	26.73	589.90	-897.54	487.66
Saccade R	1	10	1521544733	1521564735	20002	972.74	496.49	985.60	487.10	0.53	42.47	0.60	26.73	589.90	-897.54	487.66
Saccade L	1	11	1521584745	1521608735	23990	978.35	469.44	992.93	485.27	0.70	48.72	0.33	29.26	775.92	-730.97	312.09
Saccade R	1	11	1521584745	1521608735	23990	978.35	469.44	992.93	485.27	0.70	48.72	0.33	29.26	775.92	-730.97	312.09
Saccade L	1	12	1521608735	1521672731	63996	992.93	485.27	656.04	772.43	10.54	432.92	0.44	164.76	19406.35	-13401.19	9353.64
Saccade R	1	12	1521608735	1521672731	63996	992.93	485.27	656.04	772.43	10.54	432.92	0.44	164.76	19406.35	-13401.19	9353.64
Fixation L	1	9	1521672731	1521864741	192010	640.78	786.63	30	35	-1	12.30	12.30
Fixation R	1	9	1521672731	1521864741	192010	640.78	786.63	30	35	-1	12.07	12.07
Fixation L	1	10	1521880746	1522020732	139986	647.25	789.68	28	34	-1	12.48	12.48
Fixation R	1	10	1521880746	1522020732	139986	647.25	789.68	28	34	-1	12.22	12.22
Saccade L	1	13	1522020732	1522044752	24020	642.95	803.00	721.48	802.62	1.63	141.33	0.50	68.04	6063.68	-5708.31	4382.84
Saccade R	1	13	1522020732	1522044752	24020	642.95	803.00	721.48	802.62	1.63	141.33	0.50	68.04	6063.68	-5708.31	4382.84
Fixation L	1	11	1522044752	1522376624	331872	729.40	810.47	29	29	-1	12.88	12.88
Fixation R	1	11	1522044752	1522376624	331872	729.40	810.47	29	29	-1	12.50	12.50
Saccade L	1	14	1522376624	1522436614	59990	730.19	814.96	1093.86	532.64	10.14	341.72	0.33	169.10	15967.34	-10236.79	8153.23
Saccade R	1	14	1522376624	1522436614	59990	730.19	814.96	1093.86	532.64	10.14	341.72	0.33	169.10	15967.34	-10236.79	8153.23
Fixation L	1	12	1522436614	1522760615	324001	1066.61	490.10	47	82	-1	13.09	13.09
Fixation R	1	12	1522436614	1522760615	324001	1066.61	490.10	47	82	-1	12.75	12.75
Saccade L	1	15	1522760615	1522784615	24000	1058.57	470.24	967.96	469.86	1.88	161.79	0.50	78.51	6938.52	-6787.61	5189.64
Saccade R	1	15	1522760615	1522784615	24000	1058.57	470.24	967.96	469.86	1.88	161.79	0.50	78.51	6938.52	-6787.61	5189.64
Fixation L	1	13	1522784615	1523028644	244029	951.09	487.10	28	27	-1	13.01	13.01
Fixation R	1	13	1522784615	1523028644	244029	951.09	487.10	28	27	-1	12.64	12.64
Saccade L	1	16	1523028644	1523064642	35998	952.60	493.30	1084.04	488.97	2.83	184.82	0.44	78.48	8556.69	-7581.27	5399.10
Saccade R	1	16	1523028644	1523064642	35998	952.60	493.30	1084.04	488.97	2.83	184.82	0.44	78.48	8556.69	-7581.27	5399.10
Fixation L	1	14	1523064642	1523452641	387999	1091.95	481.94	30	76	-1	12.93	12.93
Fixation R	1	14	1523064642	1523452641	387999	1091.95	481.94	30	76	-1	12.50	12.50
Saccade L	1	17	1523452641	1523480623	27982	1092.39	462.52	1194.48	470.78	2.08	165.77	0.57	74.35	6465.62	-6283.91	4769.88
Saccade R	1	17	1523452641	1523480623	27982	1092.39	462.52	1194.48	470.78	2.08	165.77	0.57	74.35	6465.62	-6283.91	4769.88
Fixation L	1	15	1523480623	1523740629	260006	1185.43	482.53	36	37	-1	12.68	12.68
Fixation R	1	15	1523480623	1523740629	260006	1185.43	482.53	36	37	-1	12.37	12.37
Saccade L	1	18	1523740629	1523760501	19872	1173.39	468.46	1106.16	461.38	1.39	138.14	0.60	70.16	5713.50	-5112.17	3528.95
Saccade R	1	18	1523740629	1523760501	19872	1173.39	468.46	1106.16	461.38	1.39	138.14	0.60	70.16	5713.50	-5112.17	3528.95
Fixation L	1	16	1523760501	1523836502	76001	1109.99	459.50	33	14	-1	12.51	12.51
Fixation R	1	16	1523760501	1523836502	76001	1109.99	459.50	33	14	-1	12.20	12.20
Saccade L	1	19	1523872523	1523936522	63999	1134.48	472.39	726.31	772.62	11.67	468.92	0.25	182.41	21937.27	-16914.73	9940.63
Saccade R	1	19	1523872523	1523936522	63999	1134.48	472.39	726.31	772.62	11.67	468.92	0.25	182.41	21937.27	-16914.73	9940.63
Fixation L	1	17	1523936522	1524096528	160006	748.08	781.43	40	29	-1	12.38	12.38
Fixation R	1	17	1523936522	1524096528	160006	748.08	781.43	40	29	-1	12.02	12.02
Saccade L	1	20	1524096528	1524116504	19976	754.11	783.70	713.71	790.06	0.64	55.27	0.60	32.27	2193.19	-2077.86	1518.01
Saccade R	1	20	1524096528	1524116504	19976	754.11	783.70	713.71	790.06	0.64	55.27	0.60	32.27	2193.19	-2077.86	1518.01
Fixation L	1	18	1524116504	1524528522	412018	706.93	793.84	60	30	-1	12.13	12.13
Fixation R	1	18	1524116504	1524528522	412018	706.93	793.84	60	30	-1	11.90	11.90
Saccade L	1	21	1524528522	1524552521	23999	689.83	791.85	676.22	755.73	0.84	63.35	0.50	34.90	2708.92	-2234.71	1763.68
Saccade R	1	21	1524528522	1524552521	23999	689.83	791.85	676.22	755.73	0.84	63.35	0.50	34.90	2708.92	-2234.71	1763.68
Fixation L	1	19	1524552521	1524792515	239994	659.58	720.13	41	51	-1	12.00	12.00
Fixation R	1	19	1524552521	1524792515	239994	659.58	720.13	41	51	-1	11.69	11.69
Saccade L	1	22	1524792515	1524852528	60013	656.36	731.53	821.21	455.96	7.58	197.06	0.60	126.32	8434.27	-8565.58	4626.75
Saccade R	1	22	1524792515	1524852528	60013	656.36	731.53	821.21	455.96	7.58	197.06	0.60	126.32	8434.27	-8565.58	4626.75
Fixation L	1	20	1524852528	1525028418	175890	806.07	457.08	31	22	-1	12.07	12.07
Fixation R	1	20	1524852528	1525028418	175890	806.07	457.08	31	22	-1	11.48	11.48
Saccade L	1	23	1525028418	1525080405	51987	809.54	457.52	621.83	747.69	7.85	364.48	0.38	150.91	16511.83	-13514.81	9560.28
Saccade R	1	23	1525028418	1525080405	51987	809.54	457.52	621.83	747.69	7.85	364.48	0.38	150.91	16511.83	-13514.81	9560.28
Fixation L	1	21	1525080405	1525520418	440013	622.48	755.87	32	41	-1	12.52	12.52
Fixation R	1	21	1525080405	1525520418	440013	622.48	755.87	32	41	-1	11.97	11.97
Saccade L	1	24	1525520418	1525600426	80008	612.81	730.47	840.18	515.56	7.17	268.53	0.25	89.64	11967.64	-9941.39	4510.74
Saccade R	1	24	1525520418	1525600426	80008	612.81	730.47	840.18	515.56	7.17	268.53	0.25	89.64	11967.64	-9941.39	4510.74
Fixation L	1	22	1525600426	1525800405	199979	823.72	516.02	28	29	-1	12.70	12.70
Fixation R	1	22	1525600426	1525800405	199979	823.72	516.02	28	29	-1	12.11	12.11
Saccade L	1	25	1525800405	1525828410	28005	819.11	510.10	920.59	516.78	2.04	163.77	0.43	72.70	7118.77	-6931.30	5210.92
Saccade R	1	25	1525800405	1525828410	28005	819.11	510.10	920.59	516.78	2.04	163.77	0.43	72.70	7118.77	-6931.30	5210.92
Fixation L	1	23	1525828410	1526656274	827864	923.69	480.53	52	120	-1	12.73	12.73
Fixation R	1	23	1525828410	1526656274	827864	923.69	480.53	52	120	-1	12.34	12.34
Saccade L	1	26	1526656274	1526712278	56004	924.48	424.00	734.05	759.94	8.84	341.06	0.36	157.86	16221.15	-9962.91	8428.88
Saccade R	1	26	1526656274	1526712278	56004	924.48	424.00	734.05	759.94	8.84	341.06	0.36	157.86	16221.15	-9962.91	8428.88
Fixation L	1	24	1526712278	1526908314	196036	704.38	750.97	46	50	-1	12.79	12.79
Fixation R	1	24	1526712278	1526908314	196036	704.38	750.97	46	50	-1	12.50	12.50
Saccade L	1	27	1526908314	1526936302	27988	699.19	724.01	639.26	730.99	1.28	87.97	0.43	45.71	4054.34	-3662.19	2817.02
Saccade R	1	27	1526908314	1526936302	27988	699.19	724.01	639.26	730.99	1.28	87.97	0.43	45.71	4054.34	-3662.19	2817.02
Fixation L	1	25	1526936302	1527156293	219991	644.86	733.30	15	12	-1	12.79	12.79
Fixation R	1	25	1526936302	1527156293	219991	644.86	733.30	15	12	-1	12.71	12.71
Saccade L	1	28	1527156293	1527188303	32010	645.13	739.15	716.91	719.41	1.55	91.31	0.50	48.35	4118.65	-3590.43	2914.58
Saccade R	1	28	1527156293	1527188303	32010	645.13	739.15	716.91	719.41	1.55	91.31	0.50	48.35	4118.65	-3590.43	2914.58
Fixation L	1	26	1527188303	1527452310	264007	730.89	740.51	29	49	-1	12.81	12.81
Fixation R	1	26	1527188303	1527452310	264007	730.89	740.51	29	49	-1	12.76	12.76
Saccade L	1	29	1527452310	1527472306	19996	730.76	759.80	696.18	774.49	0.84	78.36	0.60	42.18	3031.13	-3051.87	2132.28
Saccade R	1	29	1527452310	1527472306	19996	730.76	759.80	696.18	774.49	0.84	78.36	0.60	42.18	3031.13	-3051.87	2132.28
Fixation L	1	27	1527472306	1528104163	631857	664.63	795.28	51	43	-1	12.42	12.42
Fixation R	1	27	1527472306	1528104163	631857	664.63	795.28	51	43	-1	12.64	12.64
Saccade L	1	30	1528104163	1528132177	28014	655.94	782.56	711.37	786.12	1.10	72.09	0.43	39.19	2878.22	-2874.08	2152.94
Saccade R	1	30	1528104163	1528132177	28014	655.94	782.56	711.37	786.12	1.10	72.09	0.43	39.19	2878.22	-2874.08	2152.94
Fixation L	1	28	1528132177	1528480165	347988	707.10	799.65	27	30	-1	12.33	12.33
Fixation R	1	28	1528132177	1528480165	347988	707.10	799.65	27	30	-1	12.45	12.45
Saccade L	1	31	1528480165	1528548217	68052	707.48	795.70	1026.58	517.39	10.51	387.78	0.29	154.47	16886.58	-7956.95	7113.76
Saccade R	1	31	1528480165	1528548217	68052	707.48	795.70	1026.58	517.39	10.51	387.78	0.29	154.47	16886.58	-7956.95	7113.76
Saccade L	1	32	1528548217	1528584179	35962	1026.58	517.39	1045.94	471.62	1.35	57.05	0.67	37.57	1395.11	-2129.28	1016.99
Saccade R	1	32	1528548217	1528584179	35962	1026.58	517.39	1045.94	471.62	1.35	57.05	0.67	37.57	1395.11	-2129.28	1016.99
Fixation L	1	29	1528584179	1528960169	375990	1049.78	498.82	28	75	-1	12.43	12.43
Fixation R	1	29	1528584179	1528960169	375990	1049.78	498.82	28	75	-1	12.35	12.35
Saccade L	1	33	1528960169	1529008190	48021	1042.26	470.91	1108.30	479.74	2.80	141.20	0.33	58.31	6418.27	-4982.31	3112.48
Saccade R	1	33	1528960169	1529008190	48021	1042.26	470.91	1108.30	479.74	2.80	141.20	0.33	58.31	6418.27	-4982.31	3112.48
Saccade L	1	34	1529052208	1529084174	31966	1130.29	513.86	1138.90	479.32	0.90	40.90	0.75	28.02	1199.47	-1637.39	1076.50
Saccade R	1	34	1529052208	1529084174	31966	1130.29	513.86	1138.90	479.32	0.90	40.90	0.75	28.02	1199.47	-1637.39	1076.50
Fixation L	1	30	1529084174	1529264052	179878	1128.78	488.10	30	47	-1	12.59	12.59
Fixation R	1	30	1529084174	1529264052	179878	1128.78	488.10	30	47	-1	12.24	12.24
Saccade L	1	35	1529308050	1529408089	100039	1137.12	492.57	748.78	814.50	11.77	373.94	0.44	117.67	16733.14	-12553.64	5846.26
Saccade R	1	35	1529308050	1529408089	100039	1137.12	492.57	748.78	814.50	11.77	373.94	0.44	117.67	16733.14	-12553.64	5846.26
Fixation L	1	31	1529408089	1529612058	203969	761.31	811.64	20	34	-1	13.19	13.19
Fixation R	1	31	1529408089	1529612058	203969	761.31	811.64	20	34	-1	12.42	12.42
Saccade L	1	36	1529612058	1529636141	24083	764.19	795.18	896.70	820.92	2.75	247.30	0.50	114.01	11062.34	-10306.05	7772.43
Saccade R	1	36	1529612058	1529636141	24083	764.19	795.18	896.70	820.92	2.75	247.30	0.50	114.01	11062.34	-10306.05	7772.43
Fixation L	1	32	1529636141	1529796072	159931	884.36	815.17	58	39	-1	13.00	13.00
Fixation R	1	32	1529636141	1529796072	159931	884.36	815.17	58	39	-1	12.50	12.50
Saccade L	1	37	1529796072	1529876062	79990	849.03	790.28	1170.70	400.49	12.30	377.27	0.25	153.75	17123.73	-10755.56	6995.03
Saccade R	1	37	1529796072	1529876062	79990	849.03	790.28	1170.70	400.49	12.30	377.27	0.25	153.75	17123.73	-10755.56	6995.03
Fixation L	1	33	1529876062	1529960080	84018	1150.86	411.70	42	23	-1	12.74	12.74
Fixation R	1	33	1529876062	1529960080	84018	1150.86	411.70	42	23	-1	12.33	12.33
Saccade L	1	38	1529960080	1530004073	43993	1161.07	412.99	1151.48	467.67	1.19	42.18	0.73	27.05	695.90	-1508.49	671.17
Saccade R	1	38	1529960080	1530004073	43993	1161.07	412.99	1151.48	467.67	1.19	42.18	0.73	27.05	695.90	-1508.49	671.17
Fixation L	1	34	1530004073	1530783935	779862	1138.70	423.78	67	73	-1	12.32	12.32
Fixation R	1	34	1530004073	1530783935	779862	1138.70	423.78	67	73	-1	11.86	11.86
Saccade L	1	39	1530783935	1530871959	88024	1143.59	415.93	845.24	756.43	10.95	413.55	0.45	124.45	19152.70	-12915.93	6715.70
Saccade R	1	39	1530783935	1530871959	88024	1143.59	415.93	845.24	756.43	10.95	413.55	0.45	124.45	19152.70	-12915.93	6715.70
Fixation L	1	35	1530871959	1531363954	491995	836.05	765.39	38	48	-1	12.86	12.86
Fixation R	1	35	1530871959	1531363954	491995	836.05	765.39	38	48	-1	12.55	12.55
Saccade L	1	40	1531363954	1531395982	32028	823.21	758.14	757.72	757.46	1.30	85.17	0.38	40.55	3519.53	-3177.90	2353.24
Saccade R	1	40	1531363954	1531395982	32028	823.21	758.14	757.72	757.46	1.30	85.17	0.38	40.55	3519.53	-3177.90	2353.24
Fixation L	1	36	1531395982	1531599957	203975	742.56	761.03	31	14	-1	13.00	13.00
Fixation R	1	36	1531395982	1531599957	203975	742.56	761.03	31	14	-1	12.48	12.48
Saccade L	1	41	1531599957	1531635949	35992	730.97	766.09	777.55	803.37	1.36	58.92	0.44	37.80	2156.95	-2048.00	1502.63
Saccade R	1	41	1531599957	1531635949	35992	730.97	766.09	777.55	803.37	1.36	58.92	0.44	37.80	2156.95	-2048.00	1502.63
Fixation L	1	37	1531635949	1531771950	136001	771.31	807.33	32	24	-1	12.88	12.88
Fixation R	1	37	1531635949	1531771950	136001	771.31	807.33	32	24	-1	12.64	12.64
Saccade L	1	42	1531771950	1531807965	36015	781.31	827.12	652.31	808.82	3.81	294.88	0.33	105.82	12163.09	-11082.20	6790.90
Saccade R	1	42	1531771950	1531807965	36015	781.31	827.12	652.31	808.82	3.81	294.88	0.33	105.82	12163.09	-11082.20	6790.90
Saccade L	1	43	1531807965	1531839961	31996	652.31	808.82	592.96	801.02	1.06	58.04	0.25	32.98	792.38	-2136.52	1065.80
Saccade R	1	43	1531807965	1531839961	31996	652.31	808.82	592.96	801.02	1.06	58.04	0.25	32.98	792.38	-2136.52	1065.80
Fixation L	1	38	1531839961	1532011951	171990	623.16	803.54	48	19	-1	12.83	12.83
Fixation R	1	38	1531839961	1532011951	171990	623.16	803.54	48	19	-1	12.60	12.60
Saccade L	1	44	1532011951	1532063846	51895	637.39	798.46	862.26	521.99	7.89	265.28	0.39	152.11	12591.38	-10800.70	7342.60
Saccade R	1	44	1532011951	1532063846	51895	637.39	798.46	862.26	521.99	7.89	265.28	0.39	152.11	12591.38	-10800.70	7342.60
Fixation L	1	39	1532063846	1532263828	199982	866.22	511.56	31	17	-1	13.05	13.05
Fixation R	1	39	1532063846	1532263828	199982	866.22	511.56	31	17	-1	12.62	12.62
Saccade L	1	45	1532263828	1532291856	28028	849.63	502.77	854.85	475.15	0.75	42.31	0.57	26.60	1300.77	-1121.78	891.00
Saccade R	1	45	1532263828	1532291856	28028	849.63	502.77	854.85	475.15	0.75	42.31	0.57	26.60	1300.77	-1121.78	891.00
Saccade L	1	46	1532319851	1532371839	51988	858.49	461.10	618.77	709.06	7.54	260.35	0.62	145.13	12042.94	-11707.18	8019.51
Saccade R	1	46	1532319851	1532371839	51988	858.49	461.10	618.77	709.06	7.54	260.35	0.62	145.13	12042.94	-11707.18	8019.51
Fixation L	1	40	1532371839	1532523848	152009	614.39	732.20	23	38	-1	12.87	12.87
Fixation R	1	40	1532371839	1532523848	152009	614.39	732.20	23	38	-1	12.52	12.52
Saccade L	1	47	1532523848	1532555835	31987	600.68	749.16	637.00	730.26	1.08	48.75	0.38	33.73	1874.49	-1478.52	1159.15
Saccade R	1	47	1532523848	1532555835	31987	600.68	749.16	637.00	730.26	1.08	48.75	0.38	33.73	1874.49	-1478.52	1159.15
Fixation L	1	41	1532555835	1532651831	95996	640.16	745.42	23	19	-1	13.05	13.05
Fixation R	1	41	1532555835	1532651831	95996	640.16	745.42	23	19	-1	12.55	12.55
Saccade L	1	48	1532651831	1532687832	36001	646.93	745.26	568.92	782.91	2.47	161.94	0.45	68.52	7268.62	-6724.71	4421.12
Saccade R	1	48	1532651831	1532687832	36001	646.93	745.26	568.92	782.91	2.47	161.94	0.45	68.52	7268.62	-6724.71	4421.12
Fixation L	1	42	1532687832	1532915863	228031	284.05	432.25	665	931	-1	7.90	7.87
Fixation R	1	42	1532687832	1532915863	228031	284.05	432.25	665	931	-1	7.37	7.37
