[BeGaze]
Converted from:	D:\Kirillov\Results\ermolova_temp\Yaroslava-1-eye_data.idf
Date:	17.04.2019 03:52:39
Version:	BeGaze 3.0.181
Sample Rate:	250
Subject:	Yaroslava
Description:	Run10

Table Header for Fixations:
Event Type	Trial	Number	Start	End	Duration	Location X	Location Y	Dispersion X	Dispersion Y	Plane	Avg. Pupil Size X	Avg. Pupil Size Y

Table Header for Saccades:
Event Type	Trial	Number	Start	End	Duration	Start Loc.X	Start Loc.Y	End Loc.X	End Loc.Y	Amplitude	Peak Speed	Peak Speed At	Average Speed	Peak Accel.	Peak Decel.	Average Accel.

Table Header for User Events:
Event Type	Trial	Number	Start	Description

UserEvent	1	1	1603461174	# Message: experiment-16.jpg
Saccade L	1	1	1603556316	1603776443	220127	0.00	0.00	389.32	421.74	85.69	1150.54	0.91	389.26	48099.59	-46742.70	31640.58
Saccade R	1	1	1603556316	1603776443	220127	0.00	0.00	389.32	421.74	85.69	1150.54	0.91	389.26	48099.59	-46742.70	31640.58
Fixation L	1	1	1603776443	1603852485	76042	395.79	424.09	13	17	-1	14.26	14.26
Fixation R	1	1	1603776443	1603852485	76042	395.79	424.09	13	17	-1	14.34	14.34
Saccade L	1	2	1603852485	1603884465	31980	399.41	433.41	400.37	133.33	5.80	409.98	0.62	181.26	18764.45	-16567.81	12897.54
Saccade R	1	2	1603852485	1603884465	31980	399.41	433.41	400.37	133.33	5.80	409.98	0.62	181.26	18764.45	-16567.81	12897.54
Saccade L	1	3	1603892460	1603920468	28008	400.35	178.75	393.31	149.61	1.13	74.61	0.57	40.44	665.42	-2886.98	1381.09
Saccade R	1	3	1603892460	1603920468	28008	400.35	178.75	393.31	149.61	1.13	74.61	0.57	40.44	665.42	-2886.98	1381.09
Fixation L	1	2	1603920468	1604012463	91995	400.38	149.45	24	36	-1	13.25	13.25
Fixation R	1	2	1603920468	1604012463	91995	400.38	149.45	24	36	-1	13.17	13.17
Saccade L	1	4	1604012463	1604048444	35981	385.71	140.23	393.98	140.32	1.83	93.55	0.33	50.87	2663.76	-2427.13	1796.02
Saccade R	1	4	1604012463	1604048444	35981	385.71	140.23	393.98	140.32	1.83	93.55	0.33	50.87	2663.76	-2427.13	1796.02
Fixation L	1	3	1604048444	1604140439	91995	397.70	156.86	11	34	-1	12.60	12.60
Fixation R	1	3	1604048444	1604140439	91995	397.70	156.86	11	34	-1	12.42	12.42
Fixation L	1	4	1604152446	1604368471	216025	394.36	137.31	13	56	-1	12.03	12.03
Fixation R	1	4	1604152446	1604368471	216025	394.36	137.31	13	56	-1	11.77	11.77
Saccade L	1	5	1604368471	1604392452	23981	390.50	146.88	390.44	16.03	2.51	209.11	0.50	104.54	9551.64	-8890.37	6536.85
Saccade R	1	5	1604368471	1604392452	23981	390.50	146.88	390.44	16.03	2.51	209.11	0.50	104.54	9551.64	-8890.37	6536.85
Fixation L	1	5	1604392452	1604696460	304008	399.98	33.52	22	59	-1	11.86	11.86
Fixation R	1	5	1604392452	1604696460	304008	399.98	33.52	22	59	-1	11.58	11.58
Saccade L	1	6	1604696460	1604768451	71991	410.58	43.08	1109.68	469.42	18.57	440.22	0.56	257.94	20827.78	-19869.27	9800.64
Saccade R	1	6	1604696460	1604768451	71991	410.58	43.08	1109.68	469.42	18.57	440.22	0.56	257.94	20827.78	-19869.27	9800.64
Fixation L	1	6	1604768451	1605160338	391887	1106.66	492.88	72	43	-1	12.27	12.27
Fixation R	1	6	1604768451	1605160338	391887	1106.66	492.88	72	43	-1	12.39	12.39
Saccade L	1	7	1605160338	1605228349	68011	1085.98	508.95	438.68	271.79	15.52	474.31	0.29	228.16	22200.47	-13161.98	10853.36
Saccade R	1	7	1605160338	1605228349	68011	1085.98	508.95	438.68	271.79	15.52	474.31	0.29	228.16	22200.47	-13161.98	10853.36
Fixation L	1	7	1605228349	1605452348	223999	408.53	277.02	43	38	-1	12.33	12.33
Fixation R	1	7	1605228349	1605452348	223999	408.53	277.02	43	38	-1	11.86	11.86
Saccade L	1	8	1605452348	1605484337	31989	403.84	282.80	400.90	83.27	4.07	293.20	0.50	127.24	12755.53	-13019.51	9230.15
Saccade R	1	8	1605452348	1605484337	31989	403.84	282.80	400.90	83.27	4.07	293.20	0.50	127.24	12755.53	-13019.51	9230.15
Saccade L	1	9	1605504363	1605532347	27984	403.58	87.95	400.25	32.47	1.14	72.06	0.57	40.62	3265.30	-3270.13	2348.30
Saccade R	1	9	1605504363	1605532347	27984	403.58	87.95	400.25	32.47	1.14	72.06	0.57	40.62	3265.30	-3270.13	2348.30
Fixation L	1	8	1605532347	1605684393	152046	401.08	41.52	16	48	-1	12.24	12.24
Fixation R	1	8	1605532347	1605684393	152046	401.08	41.52	16	48	-1	11.62	11.62
Saccade L	1	10	1605696365	1605716364	19999	407.75	68.16	419.01	43.12	0.48	44.64	0.40	23.82	769.28	-1067.73	684.27
Saccade R	1	10	1605696365	1605716364	19999	407.75	68.16	419.01	43.12	0.48	44.64	0.40	23.82	769.28	-1067.73	684.27
Fixation L	1	9	1605716364	1605824361	107997	408.97	48.29	16	22	-1	12.26	12.26
Fixation R	1	9	1605716364	1605824361	107997	408.97	48.29	16	22	-1	11.65	11.65
Saccade L	1	11	1605824361	1605848335	23974	407.54	30.91	410.51	76.24	0.69	44.08	0.67	28.80	1544.33	-1585.64	1241.27
Saccade R	1	11	1605824361	1605848335	23974	407.54	30.91	410.51	76.24	0.69	44.08	0.67	28.80	1544.33	-1585.64	1241.27
Fixation L	1	10	1605848335	1606304363	456028	444.22	31.99	56	79	-1	12.28	12.28
Fixation R	1	10	1605848335	1606304363	456028	444.22	31.99	56	79	-1	11.68	11.68
Saccade L	1	12	1606304363	1606324371	20008	455.36	1.04	452.19	38.26	0.68	64.26	0.60	34.01	2495.48	-2512.51	1724.69
Saccade R	1	12	1606304363	1606324371	20008	455.36	1.04	452.19	38.26	0.68	64.26	0.60	34.01	2495.48	-2512.51	1724.69
Fixation L	1	11	1606324371	1606516252	191881	459.71	25.19	20	46	-1	12.35	12.35
Fixation R	1	11	1606324371	1606516252	191881	459.71	25.19	20	46	-1	11.77	11.77
Saccade L	1	13	1606516252	1606584216	67964	444.60	22.91	996.48	586.72	17.45	449.86	0.23	256.81	21868.39	-14529.45	9965.91
Saccade R	1	13	1606516252	1606584216	67964	444.60	22.91	996.48	586.72	17.45	449.86	0.23	256.81	21868.39	-14529.45	9965.91
Saccade L	1	14	1606584216	1606612233	28017	996.48	586.72	1023.03	604.69	0.73	46.65	0.29	25.98	427.98	-5215.82	1293.60
Saccade R	1	14	1606584216	1606612233	28017	996.48	586.72	1023.03	604.69	0.73	46.65	0.29	25.98	427.98	-5215.82	1293.60
Fixation L	1	12	1606612233	1606784218	171985	1034.01	593.07	18	27	-1	12.55	12.55
Fixation R	1	12	1606612233	1606784218	171985	1034.01	593.07	18	27	-1	12.29	12.29
Fixation L	1	13	1606800216	1606952240	152024	1063.68	598.41	25	24	-1	12.71	12.71
Fixation R	1	13	1606800216	1606952240	152024	1063.68	598.41	25	24	-1	12.42	12.42
Saccade L	1	15	1606952240	1606980230	27990	1060.55	599.71	1097.82	605.02	1.03	65.61	0.57	36.96	2935.93	-2425.10	2002.78
Saccade R	1	15	1606952240	1606980230	27990	1060.55	599.71	1097.82	605.02	1.03	65.61	0.57	36.96	2935.93	-2425.10	2002.78
Fixation L	1	14	1606980230	1607112234	132004	1115.47	602.67	30	21	-1	12.58	12.58
Fixation R	1	14	1606980230	1607112234	132004	1115.47	602.67	30	21	-1	12.18	12.18
Saccade L	1	16	1607112234	1607192227	79993	1114.17	597.98	400.17	323.20	17.34	548.78	0.25	216.75	26773.96	-15638.07	10092.86
Saccade R	1	16	1607112234	1607192227	79993	1114.17	597.98	400.17	323.20	17.34	548.78	0.25	216.75	26773.96	-15638.07	10092.86
Fixation L	1	15	1607192227	1607364242	172015	400.67	326.94	13	27	-1	12.44	12.44
Fixation R	1	15	1607192227	1607364242	172015	400.67	326.94	13	27	-1	11.78	11.78
Saccade L	1	17	1607364242	1607396313	32071	397.65	343.96	395.31	197.89	2.94	205.84	0.37	91.74	8944.97	-8740.99	6235.74
Saccade R	1	17	1607364242	1607396313	32071	397.65	343.96	395.31	197.89	2.94	205.84	0.37	91.74	8944.97	-8740.99	6235.74
Fixation L	1	16	1607396313	1607580241	183928	402.18	202.82	14	24	-1	12.42	12.42
Fixation R	1	16	1607396313	1607580241	183928	402.18	202.82	14	24	-1	11.81	11.81
Fixation L	1	17	1607596231	1607660239	64008	407.37	223.35	13	30	-1	12.43	12.43
Fixation R	1	17	1607596231	1607660239	64008	407.37	223.35	13	30	-1	11.92	11.92
Saccade L	1	18	1607660239	1607740223	79984	400.62	214.98	961.02	608.85	15.60	387.62	0.30	195.07	17757.15	-13177.98	7788.69
Saccade R	1	18	1607660239	1607740223	79984	400.62	214.98	961.02	608.85	15.60	387.62	0.30	195.07	17757.15	-13177.98	7788.69
Fixation L	1	18	1607740223	1607916123	175900	975.54	597.47	24	21	-1	12.78	12.78
Fixation R	1	18	1607740223	1607916123	175900	975.54	597.47	24	21	-1	12.42	12.42
Saccade L	1	19	1607916123	1607936101	19978	970.21	607.98	1012.65	623.22	0.90	82.99	0.40	45.10	3228.12	-3309.88	2245.91
Saccade R	1	19	1607916123	1607936101	19978	970.21	607.98	1012.65	623.22	0.90	82.99	0.40	45.10	3228.12	-3309.88	2245.91
Fixation L	1	19	1607936101	1608096105	160004	1021.92	604.56	27	43	-1	13.04	13.04
Fixation R	1	19	1607936101	1608096105	160004	1021.92	604.56	27	43	-1	12.63	12.63
Saccade L	1	20	1608096105	1608120114	24009	1021.58	590.79	993.67	617.97	0.81	53.46	0.50	33.88	1866.65	-1712.22	1312.92
Saccade R	1	20	1608096105	1608120114	24009	1021.58	590.79	993.67	617.97	0.81	53.46	0.50	33.88	1866.65	-1712.22	1312.92
Fixation L	1	20	1608120114	1608328110	207996	969.48	618.51	53	21	-1	13.04	13.04
Fixation R	1	20	1608120114	1608328110	207996	969.48	618.51	53	21	-1	12.57	12.57
Saccade L	1	21	1608328110	1608356119	28009	949.77	622.04	990.77	667.82	1.37	91.03	0.57	48.96	3807.83	-3937.07	2886.87
Saccade R	1	21	1608328110	1608356119	28009	949.77	622.04	990.77	667.82	1.37	91.03	0.57	48.96	3807.83	-3937.07	2886.87
Fixation L	1	21	1608356119	1608748111	391992	1026.22	688.08	71	42	-1	12.85	12.85
Fixation R	1	21	1608356119	1608748111	391992	1026.22	688.08	71	42	-1	12.34	12.34
Saccade L	1	22	1608748111	1608780127	32016	1055.71	701.91	1037.23	485.35	4.45	312.73	0.50	139.12	13666.61	-12971.74	9898.91
Saccade R	1	22	1608748111	1608780127	32016	1055.71	701.91	1037.23	485.35	4.45	312.73	0.50	139.12	13666.61	-12971.74	9898.91
Saccade L	1	23	1608828122	1608876108	47986	1033.26	478.93	1065.63	504.02	1.39	50.88	0.33	28.96	1925.98	-1396.29	918.33
Saccade R	1	23	1608828122	1608876108	47986	1033.26	478.93	1065.63	504.02	1.39	50.88	0.33	28.96	1925.98	-1396.29	918.33
Fixation L	1	22	1608876108	1609088123	212015	1051.74	498.66	42	46	-1	12.75	12.75
Fixation R	1	22	1608876108	1609088123	212015	1051.74	498.66	42	46	-1	12.26	12.26
Saccade L	1	24	1609088123	1609116144	28021	1051.64	499.78	1132.35	512.74	1.77	133.87	0.57	63.31	4984.01	-6091.55	4071.27
Saccade R	1	24	1609088123	1609116144	28021	1051.64	499.78	1132.35	512.74	1.77	133.87	0.57	63.31	4984.01	-6091.55	4071.27
Fixation L	1	23	1609116144	1609352001	235857	1129.15	519.87	28	38	-1	12.65	12.65
Fixation R	1	23	1609116144	1609352001	235857	1129.15	519.87	28	38	-1	12.10	12.10
Saccade L	1	25	1609352001	1609471990	119989	1134.45	521.66	419.21	233.26	19.10	476.75	0.40	159.16	23031.61	-12387.52	6287.15
Saccade R	1	25	1609352001	1609471990	119989	1134.45	521.66	419.21	233.26	19.10	476.75	0.40	159.16	23031.61	-12387.52	6287.15
Fixation L	1	24	1609471990	1609632005	160015	422.01	255.48	9	64	-1	12.53	12.53
Fixation R	1	24	1609471990	1609632005	160015	422.01	255.48	9	64	-1	11.83	11.83
Saccade L	1	26	1609632005	1609759965	127960	426.10	274.44	409.84	149.48	14.56	264.61	0.91	113.76	10471.38	-10050.71	7608.94
Saccade R	1	26	1609632005	1609759965	127960	426.10	274.44	409.84	149.48	14.56	264.61	0.91	113.76	10471.38	-10050.71	7608.94
Fixation L	1	25	1609759965	1609928020	168055	396.08	138.28	27	33	-1	12.40	12.40
Fixation R	1	25	1609759965	1609928020	168055	396.08	138.28	27	33	-1	11.62	11.62
Saccade L	1	27	1609928020	1610003996	75976	389.73	123.89	1061.95	705.22	19.81	450.83	0.21	260.68	21863.67	-14704.65	8863.81
Saccade R	1	27	1609928020	1610003996	75976	389.73	123.89	1061.95	705.22	19.81	450.83	0.21	260.68	21863.67	-14704.65	8863.81
Fixation L	1	26	1610003996	1610436009	432013	1065.83	699.86	41	50	-1	12.47	12.47
Fixation R	1	26	1610003996	1610436009	432013	1065.83	699.86	41	50	-1	12.03	12.03
Saccade L	1	28	1610436009	1610507935	71926	1059.46	691.38	407.23	113.31	19.54	474.51	0.22	271.61	22985.56	-20608.90	10413.90
Saccade R	1	28	1610436009	1610507935	71926	1059.46	691.38	407.23	113.31	19.54	474.51	0.22	271.61	22985.56	-20608.90	10413.90
Fixation L	1	27	1610507935	1610759879	251944	394.56	90.50	18	63	-1	12.42	12.42
Fixation R	1	27	1610507935	1610759879	251944	394.56	90.50	18	63	-1	11.39	11.39
Fixation L	1	28	1610827898	1610911877	83979	372.21	-22.71	22	52	-1	12.19	12.19
Fixation R	1	28	1610827898	1610911877	83979	372.21	-22.71	22	52	-1	11.44	11.44
Saccade L	1	29	1610911877	1610931899	20022	388.40	-43.91	392.80	-9.60	0.58	54.15	0.40	29.00	683.37	-736.65	551.90
Saccade R	1	29	1610911877	1610931899	20022	388.40	-43.91	392.80	-9.60	0.58	54.15	0.40	29.00	683.37	-736.65	551.90
Saccade L	1	30	1610931899	1610979896	47997	392.80	-9.60	392.53	54.40	1.77	62.60	0.50	36.88	2380.78	-1876.58	1384.63
Saccade R	1	30	1610931899	1610979896	47997	392.80	-9.60	392.53	54.40	1.77	62.60	0.50	36.88	2380.78	-1876.58	1384.63
Fixation L	1	29	1610979896	1611119881	139985	399.57	41.81	16	46	-1	12.41	12.41
Fixation R	1	29	1610979896	1611119881	139985	399.57	41.81	16	46	-1	11.59	11.59
Fixation L	1	30	1611191900	1611419902	228002	1162.63	564.09	15	39	-1	12.67	12.67
Fixation R	1	30	1611191900	1611419902	228002	1162.63	564.09	15	39	-1	12.12	12.12
Saccade L	1	31	1611419902	1611443885	23983	1157.76	562.55	1134.87	597.82	0.96	68.97	0.67	40.08	2634.22	-3149.16	2037.89
Saccade R	1	31	1611419902	1611443885	23983	1157.76	562.55	1134.87	597.82	0.96	68.97	0.67	40.08	2634.22	-3149.16	2037.89
Fixation L	1	31	1611443885	1611599885	156000	1126.56	602.08	25	30	-1	12.69	12.69
Fixation R	1	31	1611443885	1611599885	156000	1126.56	602.08	25	30	-1	12.32	12.32
Saccade L	1	32	1611599885	1611627905	28020	1137.08	619.94	1129.35	727.65	2.15	155.49	0.57	76.81	7126.58	-6800.34	5216.29
Saccade R	1	32	1611599885	1611627905	28020	1137.08	619.94	1129.35	727.65	2.15	155.49	0.57	76.81	7126.58	-6800.34	5216.29
Fixation L	1	32	1611627905	1611771979	144074	1119.20	716.13	21	28	-1	12.74	12.74
Fixation R	1	32	1611627905	1611771979	144074	1119.20	716.13	21	28	-1	12.08	12.08
Saccade L	1	33	1611771979	1611807907	35928	1124.16	698.75	1059.50	681.18	1.41	88.62	0.33	39.19	3587.00	-2657.42	1883.49
Saccade R	1	33	1611771979	1611807907	35928	1124.16	698.75	1059.50	681.18	1.41	88.62	0.33	39.19	3587.00	-2657.42	1883.49
Fixation L	1	33	1611807907	1612135769	327862	1070.59	696.95	31	30	-1	12.77	12.77
Fixation R	1	33	1611807907	1612135769	327862	1070.59	696.95	31	30	-1	12.05	12.05
Saccade L	1	34	1612135769	1612163762	27993	1065.81	708.77	953.70	704.48	2.17	159.96	0.57	77.48	6705.93	-6519.97	4804.23
Saccade R	1	34	1612135769	1612163762	27993	1065.81	708.77	953.70	704.48	2.17	159.96	0.57	77.48	6705.93	-6519.97	4804.23
Fixation L	1	34	1612163762	1612363770	200008	961.78	697.76	17	22	-1	12.52	12.52
Fixation R	1	34	1612163762	1612363770	200008	961.78	697.76	17	22	-1	12.12	12.12
Saccade L	1	35	1612363770	1612403770	40000	955.73	699.32	811.80	679.57	3.79	269.88	0.30	94.72	11787.02	-10762.94	6365.98
Saccade R	1	35	1612363770	1612403770	40000	955.73	699.32	811.80	679.57	3.79	269.88	0.30	94.72	11787.02	-10762.94	6365.98
Fixation L	1	35	1612403770	1612575775	172005	800.00	677.29	22	24	-1	12.41	12.41
Fixation R	1	35	1612403770	1612575775	172005	800.00	677.29	22	24	-1	12.05	12.05
Saccade L	1	36	1612575775	1612615783	40008	798.75	661.96	942.38	584.09	3.27	205.71	0.40	81.67	9002.47	-8178.29	5436.98
Saccade R	1	36	1612575775	1612615783	40008	798.75	661.96	942.38	584.09	3.27	205.71	0.40	81.67	9002.47	-8178.29	5436.98
Fixation L	1	36	1612615783	1612783800	168017	941.62	592.60	28	23	-1	12.33	12.33
Fixation R	1	36	1612615783	1612783800	168017	941.62	592.60	28	23	-1	12.21	12.21
Fixation L	1	37	1612847770	1612991766	143996	1031.22	497.68	19	27	-1	12.22	12.22
Fixation R	1	37	1612847770	1612991766	143996	1031.22	497.68	19	27	-1	12.18	12.18
Saccade L	1	37	1612991766	1613019773	28007	1031.76	503.77	1083.24	512.33	1.01	63.49	0.43	36.09	2612.62	-2738.64	2053.56
Saccade R	1	37	1612991766	1613019773	28007	1031.76	503.77	1083.24	512.33	1.01	63.49	0.43	36.09	2612.62	-2738.64	2053.56
Fixation L	1	38	1613019773	1613163775	144002	1074.29	510.10	19	26	-1	12.21	12.21
Fixation R	1	38	1613019773	1613163775	144002	1074.29	510.10	19	26	-1	12.07	12.07
Saccade L	1	38	1613163775	1613183808	20033	1067.07	499.49	1125.09	501.05	1.06	97.52	0.60	52.99	3444.76	-3692.25	2637.65
Saccade R	1	38	1613163775	1613183808	20033	1067.07	499.49	1125.09	501.05	1.06	97.52	0.60	52.99	3444.76	-3692.25	2637.65
Fixation L	1	39	1613183808	1613379675	195867	1139.27	506.39	38	20	-1	12.24	12.24
Fixation R	1	39	1613183808	1613379675	195867	1139.27	506.39	38	20	-1	12.05	12.05
Saccade L	1	39	1613379675	1613423649	43974	1137.48	489.38	1129.84	652.95	3.67	211.77	0.45	83.50	9572.19	-9473.86	5852.41
Saccade R	1	39	1613379675	1613423649	43974	1137.48	489.38	1129.84	652.95	3.67	211.77	0.45	83.50	9572.19	-9473.86	5852.41
Fixation L	1	40	1613423649	1613551645	127996	1117.84	675.26	27	45	-1	12.33	12.33
Fixation R	1	40	1613423649	1613551645	127996	1117.84	675.26	27	45	-1	12.17	12.17
Saccade L	1	40	1613551645	1613647651	96006	1123.04	687.93	481.21	47.79	22.19	534.21	0.21	231.18	24950.86	-17202.21	9340.36
Saccade R	1	40	1613551645	1613647651	96006	1123.04	687.93	481.21	47.79	22.19	534.21	0.21	231.18	24950.86	-17202.21	9340.36
Saccade L	1	41	1613675673	1613695663	19990	467.52	53.58	468.90	-15.05	1.09	110.20	0.60	54.61	2569.92	-4069.52	2265.93
Saccade R	1	41	1613675673	1613695663	19990	467.52	53.58	468.90	-15.05	1.09	110.20	0.60	54.61	2569.92	-4069.52	2265.93
Fixation L	1	41	1613719652	1613991669	272017	463.57	23.57	25	50	-1	12.39	12.39
Fixation R	1	41	1613719652	1613991669	272017	463.57	23.57	25	50	-1	11.92	11.92
Saccade L	1	42	1613991669	1614011659	19990	449.99	40.89	412.79	43.37	1.01	87.01	0.60	50.42	3364.51	-3228.03	2218.31
Saccade R	1	42	1613991669	1614011659	19990	449.99	40.89	412.79	43.37	1.01	87.01	0.60	50.42	3364.51	-3228.03	2218.31
Fixation L	1	42	1614011659	1614359659	348000	399.94	95.79	41	91	-1	12.44	12.44
Fixation R	1	42	1614011659	1614359659	348000	399.94	95.79	41	91	-1	11.84	11.84
Saccade L	1	43	1614359659	1614435673	76014	406.05	95.31	1075.59	705.76	20.05	418.61	0.26	263.74	19880.57	-12904.80	8855.90
Saccade R	1	43	1614359659	1614435673	76014	406.05	95.31	1075.59	705.76	20.05	418.61	0.26	263.74	19880.57	-12904.80	8855.90
Fixation L	1	43	1614495660	1614667672	172012	1062.41	700.99	45	19	-1	13.01	13.01
Fixation R	1	43	1614495660	1614667672	172012	1062.41	700.99	45	19	-1	12.65	12.65
Saccade L	1	44	1614667672	1614715681	48009	1060.84	698.84	827.68	680.95	5.84	333.15	0.33	121.68	15647.86	-14540.53	8633.04
Saccade R	1	44	1614667672	1614715681	48009	1060.84	698.84	827.68	680.95	5.84	333.15	0.33	121.68	15647.86	-14540.53	8633.04
Fixation L	1	44	1614715681	1614827561	111880	810.37	674.81	24	17	-1	13.00	13.00
Fixation R	1	44	1614715681	1614827561	111880	810.37	674.81	24	17	-1	12.56	12.56
Fixation L	1	45	1615725807	1615873795	147988	815.75	671.91	17	23	-1	13.87	13.87
Fixation R	1	45	1615725807	1615873795	147988	815.75	671.91	17	23	-1	13.75	13.75
Saccade L	1	45	1615873795	1615897807	24012	816.57	682.20	850.54	704.75	0.87	61.45	0.50	36.41	2739.82	-1971.12	1700.38
Saccade R	1	45	1615873795	1615897807	24012	816.57	682.20	850.54	704.75	0.87	61.45	0.50	36.41	2739.82	-1971.12	1700.38
Fixation L	1	46	1615897807	1615949809	52002	866.66	696.32	22	15	-1	13.92	13.92
Fixation R	1	46	1615897807	1615949809	52002	866.66	696.32	22	15	-1	13.88	13.88
