[BeGaze]
Converted from:	D:\Kirillov\Results\ermolova_temp\Sofia-eye_data.idf
Date:	17.04.2019 03:54:08
Version:	BeGaze 3.0.181
Sample Rate:	250
Subject:	Sofia
Description:	Run35

Table Header for Fixations:
Event Type	Trial	Number	Start	End	Duration	Location X	Location Y	Dispersion X	Dispersion Y	Plane	Avg. Pupil Size X	Avg. Pupil Size Y

Table Header for Saccades:
Event Type	Trial	Number	Start	End	Duration	Start Loc.X	Start Loc.Y	End Loc.X	End Loc.Y	Amplitude	Peak Speed	Peak Speed At	Average Speed	Peak Accel.	Peak Decel.	Average Accel.

Table Header for User Events:
Event Type	Trial	Number	Start	Description

UserEvent	1	1	3827928375	# Message: experiment-12.jpg
Fixation L	1	1	3827930920	3828142941	212021	421.77	344.09	31	36	-1	12.83	12.83
Fixation R	1	1	3827930920	3828142941	212021	421.77	344.09	31	36	-1	13.60	13.60
Saccade L	1	1	3828142941	3828214938	71997	423.43	362.75	1003.62	379.20	12.74	302.83	0.56	176.98	13632.00	-11818.39	6885.71
Saccade R	1	1	3828142941	3828214938	71997	423.43	362.75	1003.62	379.20	12.74	302.83	0.56	176.98	13632.00	-11818.39	6885.71
Fixation L	1	2	3828214938	3828342932	127994	995.13	383.60	12	7	-1	12.53	12.53
Fixation R	1	2	3828214938	3828342932	127994	995.13	383.60	12	7	-1	13.69	13.69
Saccade L	1	2	3828342932	3828402815	59883	992.01	382.02	482.43	320.96	11.20	347.12	0.33	187.07	17010.61	-12637.39	9607.18
Saccade R	1	2	3828342932	3828402815	59883	992.01	382.02	482.43	320.96	11.20	347.12	0.33	187.07	17010.61	-12637.39	9607.18
Fixation L	1	3	3828402815	3828554841	152026	486.44	308.37	13	20	-1	12.54	12.54
Fixation R	1	3	3828402815	3828554841	152026	486.44	308.37	13	20	-1	13.41	13.41
Saccade L	1	3	3828554841	3828586809	31968	489.68	318.08	441.71	154.80	3.53	196.08	0.50	110.39	9016.85	-8900.19	6898.49
Saccade R	1	3	3828554841	3828586809	31968	489.68	318.08	441.71	154.80	3.53	196.08	0.50	110.39	9016.85	-8900.19	6898.49
Fixation L	1	4	3828586809	3828654812	68003	422.46	151.67	36	17	-1	12.15	12.15
Fixation R	1	4	3828586809	3828654812	68003	422.46	151.67	36	17	-1	13.05	13.05
Saccade L	1	4	3828654812	3828674830	20018	414.04	153.27	408.83	126.58	0.70	68.20	0.60	35.16	2941.04	-2438.83	1983.07
Saccade R	1	4	3828654812	3828674830	20018	414.04	153.27	408.83	126.58	0.70	68.20	0.60	35.16	2941.04	-2438.83	1983.07
Fixation L	1	5	3828674830	3828890847	216017	400.86	106.04	21	29	-1	12.21	12.21
Fixation R	1	5	3828674830	3828890847	216017	400.86	106.04	21	29	-1	13.20	13.20
Saccade L	1	5	3828890847	3828918823	27976	403.92	120.69	402.36	70.18	1.01	77.39	0.57	36.02	3314.81	-3180.16	2405.12
Saccade R	1	5	3828890847	3828918823	27976	403.92	120.69	402.36	70.18	1.01	77.39	0.57	36.02	3314.81	-3180.16	2405.12
Fixation L	1	6	3828918823	3829042823	124000	411.78	65.14	15	14	-1	12.32	12.32
Fixation R	1	6	3828918823	3829042823	124000	411.78	65.14	15	14	-1	13.19	13.19
Saccade L	1	6	3829050854	3829086837	35983	407.24	77.53	0.00	0.96	17.47	1152.64	0.67	485.46	44784.72	-52724.59	33078.19
Fixation R	1	7	3829050854	3829155282	104428	111.72	63.48	518	893	-1	14.19	14.19
Fixation L	1	7	3829086837	3829155282	68445	0.00	0.18	0	0	-1	4.18	4.18
Fixation L	1	8	3829262832	3829846734	583902	448.15	92.62	35	52	-1	12.75	12.75
Fixation R	1	8	3829262832	3829846734	583902	448.15	92.62	35	52	-1	13.79	13.79
Saccade L	1	7	3829846734	3829910713	63979	461.31	84.84	1153.26	435.59	17.53	512.23	0.25	273.93	24965.33	-17155.96	12559.40
Saccade R	1	6	3829846734	3829910713	63979	461.31	84.84	1153.26	435.59	17.53	512.23	0.25	273.93	24965.33	-17155.96	12559.40
Fixation L	1	9	3829910713	3830202757	292044	1151.77	451.49	17	29	-1	12.73	12.73
Fixation R	1	9	3829910713	3830202757	292044	1151.77	451.49	17	29	-1	14.24	14.24
Fixation L	1	10	3830402734	3830650730	247996	1212.13	487.63	12	51	-1	12.32	12.32
Fixation R	1	10	3830402734	3830650730	247996	1212.13	487.63	12	51	-1	13.82	13.82
Saccade L	1	8	3830650730	3830690733	40003	1210.36	505.18	1067.76	444.48	3.39	181.60	0.60	84.74	8361.21	-8454.25	5974.86
Saccade R	1	7	3830650730	3830690733	40003	1210.36	505.18	1067.76	444.48	3.39	181.60	0.60	84.74	8361.21	-8454.25	5974.86
Fixation L	1	11	3830690733	3830818735	128002	1069.23	442.81	18	14	-1	12.61	12.61
Fixation R	1	11	3830690733	3830818735	128002	1069.23	442.81	18	14	-1	14.20	14.20
Saccade L	1	9	3830818735	3830886748	68013	1059.00	447.64	478.30	285.46	13.65	366.59	0.24	200.71	17601.65	-13287.03	7924.45
Saccade R	1	8	3830818735	3830886748	68013	1059.00	447.64	478.30	285.46	13.65	366.59	0.24	200.71	17601.65	-13287.03	7924.45
Fixation L	1	12	3830886748	3831142780	256032	467.88	260.19	14	37	-1	12.90	12.90
Fixation R	1	12	3830886748	3831142780	256032	467.88	260.19	14	37	-1	13.85	13.85
Saccade L	1	10	3831142780	3831206629	63849	468.57	248.16	1115.60	321.09	14.37	410.22	0.37	225.04	19103.50	-16111.04	10732.77
Saccade R	1	9	3831142780	3831206629	63849	468.57	248.16	1115.60	321.09	14.37	410.22	0.37	225.04	19103.50	-16111.04	10732.77
Fixation L	1	13	3831206629	3831354624	147995	1111.80	318.57	15	26	-1	12.91	12.91
Fixation R	1	13	3831206629	3831354624	147995	1111.80	318.57	15	26	-1	14.38	14.38
Saccade L	1	11	3831354624	3831378625	24001	1109.58	331.44	1128.67	354.56	0.61	51.22	0.50	25.40	2361.82	-1702.45	1514.67
Saccade R	1	10	3831354624	3831378625	24001	1109.58	331.44	1128.67	354.56	0.61	51.22	0.50	25.40	2361.82	-1702.45	1514.67
Saccade L	1	12	3831410633	3831446656	36023	1140.90	358.30	1084.57	389.54	1.68	114.22	0.44	46.51	4881.93	-4533.27	2959.86
Saccade R	1	11	3831410633	3831446656	36023	1140.90	358.30	1084.57	389.54	1.68	114.22	0.44	46.51	4881.93	-4533.27	2959.86
Fixation L	1	14	3831446656	3831666656	220000	1071.47	407.19	23	44	-1	13.38	13.38
Fixation R	1	14	3831446656	3831666656	220000	1071.47	407.19	23	44	-1	14.60	14.60
Saccade L	1	13	3831666656	3831742639	75983	1077.25	433.02	476.37	240.25	14.35	380.46	0.26	188.83	17526.54	-13237.52	7625.12
Saccade R	1	12	3831666656	3831742639	75983	1077.25	433.02	476.37	240.25	14.35	380.46	0.26	188.83	17526.54	-13237.52	7625.12
Fixation L	1	15	3831742639	3831930660	188021	481.62	234.25	13	13	-1	13.37	13.37
Fixation R	1	15	3831742639	3831930660	188021	481.62	234.25	13	13	-1	14.47	14.47
Saccade L	1	14	3831930660	3831950577	19917	484.20	226.94	480.96	203.40	0.68	56.66	0.40	33.97	2462.43	-1574.83	1460.78
Saccade R	1	13	3831930660	3831950577	19917	484.20	226.94	480.96	203.40	0.68	56.66	0.40	33.97	2462.43	-1574.83	1460.78
Fixation L	1	16	3831950577	3832290645	340068	491.03	159.25	35	58	-1	13.38	13.38
Fixation R	1	16	3831950577	3832290645	340068	491.03	159.25	35	58	-1	14.44	14.44
Saccade L	1	15	3832290645	3832310669	20024	497.57	164.61	514.79	217.03	0.99	100.31	0.60	49.23	4149.73	-2905.14	2526.92
Saccade R	1	14	3832290645	3832310669	20024	497.57	164.61	514.79	217.03	0.99	100.31	0.60	49.23	4149.73	-2905.14	2526.92
Saccade L	1	16	3832318585	3832350585	32000	516.98	212.43	529.37	238.61	0.69	41.64	0.25	21.53	286.62	-971.56	518.76
Saccade R	1	15	3832318585	3832350585	32000	516.98	212.43	529.37	238.61	0.69	41.64	0.25	21.53	286.62	-971.56	518.76
Fixation L	1	17	3832350585	3832750532	399947	531.01	253.56	17	24	-1	13.56	13.56
Fixation R	1	17	3832350585	3832750532	399947	531.01	253.56	17	24	-1	14.72	14.72
Saccade R	1	16	3832750532	3832806553	56021	537.96	245.82	0.00	0.00	25.81	1564.70	0.79	460.65	50799.37	-59692.62	27371.69
Fixation L	1	18	3832910559	3833378556	467997	1081.57	497.70	23	25	-1	13.64	13.64
Fixation R	1	18	3832910559	3833378556	467997	1081.57	497.70	23	25	-1	14.79	14.79
Saccade L	1	17	3833378556	3833410574	32018	1072.86	478.57	1013.35	474.04	1.23	68.27	0.37	38.33	2953.53	-2733.80	2074.98
Saccade R	1	17	3833378556	3833410574	32018	1072.86	478.57	1013.35	474.04	1.23	68.27	0.37	38.33	2953.53	-2733.80	2074.98
Fixation L	1	19	3833410574	3833574557	163983	998.07	468.24	25	9	-1	13.20	13.20
Fixation R	1	19	3833410574	3833574557	163983	998.07	468.24	25	9	-1	14.22	14.22
Saccade L	1	18	3833574557	3833606560	32003	990.37	466.02	1076.09	455.87	1.84	125.21	0.50	57.38	5843.09	-5540.16	4150.34
Saccade R	1	18	3833574557	3833606560	32003	990.37	466.02	1076.09	455.87	1.84	125.21	0.50	57.38	5843.09	-5540.16	4150.34
Fixation L	1	20	3833606560	3833830548	223988	1080.99	460.36	25	26	-1	13.06	13.06
Fixation R	1	20	3833606560	3833830548	223988	1080.99	460.36	25	26	-1	14.19	14.19
