[BeGaze]
Converted from:	D:\Kirillov\Results\ermolova_temp\Yulia-eye_data.idf
Date:	17.04.2019 03:53:17
Version:	BeGaze 3.0.181
Sample Rate:	250
Subject:	Yulia
Description:	Run22

Table Header for Fixations:
Event Type	Trial	Number	Start	End	Duration	Location X	Location Y	Dispersion X	Dispersion Y	Plane	Avg. Pupil Size X	Avg. Pupil Size Y

Table Header for Saccades:
Event Type	Trial	Number	Start	End	Duration	Start Loc.X	Start Loc.Y	End Loc.X	End Loc.Y	Amplitude	Peak Speed	Peak Speed At	Average Speed	Peak Accel.	Peak Decel.	Average Accel.

Table Header for User Events:
Event Type	Trial	Number	Start	Description

UserEvent	1	1	9313107553	# Message: Questionnaire7.jpg
Fixation L	1	1	9313111237	9313295161	183924	408.90	435.50	21	70	-1	14.76	14.76
Fixation R	1	1	9313111237	9313295161	183924	408.90	435.50	21	70	-1	12.10	12.10
Saccade L	1	1	9313295161	9313323307	28146	410.24	399.52	397.39	450.74	1.05	64.18	0.43	37.23	2600.73	-2286.37	1785.13
Saccade R	1	1	9313295161	9313323307	28146	410.24	399.52	397.39	450.74	1.05	64.18	0.43	37.23	2600.73	-2286.37	1785.13
Saccade L	1	2	9313347237	9313371305	24068	391.61	453.97	403.84	429.06	0.60	41.14	0.50	24.93	1377.60	-971.06	882.09
Saccade R	1	2	9313347237	9313371305	24068	391.61	453.97	403.84	429.06	0.60	41.14	0.50	24.93	1377.60	-971.06	882.09
Fixation L	1	2	9313463241	9313635250	172009	474.38	357.96	28	69	-1	15.46	15.46
Fixation R	1	2	9313463241	9313635250	172009	474.38	357.96	28	69	-1	12.78	12.78
Saccade L	1	3	9313635250	9313667242	31992	482.04	394.22	468.18	342.67	1.05	53.48	0.63	32.83	1913.29	-2050.18	1448.04
Saccade R	1	3	9313635250	9313667242	31992	482.04	394.22	468.18	342.67	1.05	53.48	0.63	32.83	1913.29	-2050.18	1448.04
Fixation L	1	3	9313667242	9313723271	56029	468.05	361.70	7	38	-1	15.34	15.34
Fixation R	1	3	9313667242	9313723271	56029	468.05	361.70	7	38	-1	12.67	12.67
Saccade L	1	4	9313723271	9313751257	27986	463.74	376.34	470.10	337.87	0.79	41.77	0.29	28.07	1253.08	-1485.93	1067.76
Saccade R	1	4	9313723271	9313751257	27986	463.74	376.34	470.10	337.87	0.79	41.77	0.29	28.07	1253.08	-1485.93	1067.76
Fixation L	1	4	9313751257	9313879123	127866	445.39	356.13	52	41	-1	15.20	15.20
Fixation R	1	4	9313751257	9313879123	127866	445.39	356.13	52	41	-1	12.49	12.49
Fixation L	1	5	9313895130	9313963142	68012	405.81	353.97	141	24	-1	15.04	15.04
Fixation R	1	5	9313895130	9313963142	68012	405.81	353.97	141	24	-1	12.56	12.56
Saccade L	1	5	9313963142	9314011145	48003	418.37	340.41	434.66	377.08	5.08	241.97	0.25	105.87	10128.85	-6420.54	4828.78
Saccade R	1	5	9313963142	9314011145	48003	418.37	340.41	434.66	377.08	5.08	241.97	0.25	105.87	10128.85	-6420.54	4828.78
Saccade L	1	6	9314027121	9314059125	32004	428.44	375.43	418.51	328.70	0.90	50.93	0.38	28.13	1981.91	-2024.52	1268.48
Saccade R	1	6	9314027121	9314059125	32004	428.44	375.43	418.51	328.70	0.90	50.93	0.38	28.13	1981.91	-2024.52	1268.48
Fixation L	1	6	9314059125	9314131134	72009	427.03	345.66	16	29	-1	14.79	14.79
Fixation R	1	6	9314059125	9314131134	72009	427.03	345.66	16	29	-1	12.48	12.48
UserEvent	1	2	9314121394	# Message: UE-mouseclick left x=363 y=312
Saccade L	1	7	9314131134	9314155135	24001	433.29	349.73	325.22	480.79	3.42	323.77	0.50	142.52	13223.88	-12884.38	9814.13
Saccade R	1	7	9314131134	9314155135	24001	433.29	349.73	325.22	480.79	3.42	323.77	0.50	142.52	13223.88	-12884.38	9814.13
Saccade L	1	8	9314175146	9314207185	32039	317.08	479.37	418.16	356.30	3.58	315.14	0.37	111.77	12619.21	-12521.48	8496.19
Saccade R	1	8	9314175146	9314207185	32039	317.08	479.37	418.16	356.30	3.58	315.14	0.37	111.77	12619.21	-12521.48	8496.19
Fixation L	1	7	9314207185	9314427160	219975	418.36	363.74	10	35	-1	14.57	14.57
Fixation R	1	7	9314207185	9314427160	219975	418.36	363.74	10	35	-1	12.28	12.28
Saccade L	1	9	9314427160	9314459166	32006	413.59	340.52	427.59	382.00	2.08	105.84	0.63	64.98	4140.01	-3841.05	3073.03
Saccade R	1	9	9314427160	9314459166	32006	413.59	340.52	427.59	382.00	2.08	105.84	0.63	64.98	4140.01	-3841.05	3073.03
Fixation L	1	8	9314459166	9314671165	211999	444.65	397.75	24	38	-1	14.23	14.23
Fixation R	1	8	9314459166	9314671165	211999	444.65	397.75	24	38	-1	12.29	12.29
Saccade L	1	10	9314671165	9314751183	80018	449.81	399.44	502.53	344.66	5.05	190.09	0.25	63.11	6481.64	-7246.47	2770.03
Saccade R	1	10	9314671165	9314751183	80018	449.81	399.44	502.53	344.66	5.05	190.09	0.25	63.11	6481.64	-7246.47	2770.03
Fixation L	1	9	9314751183	9315223032	471849	508.16	363.95	28	57	-1	13.99	13.99
Fixation R	1	9	9314751183	9315223032	471849	508.16	363.95	28	57	-1	12.12	12.12
UserEvent	1	3	9315057635	# Message: UE-mouseclick left x=409 y=403
