[BeGaze]
Converted from:	D:\Kirillov\Results\ermolova_temp\Vika-eye_data.idf
Date:	17.04.2019 03:53:43
Version:	BeGaze 3.0.181
Sample Rate:	250
Subject:	Vika
Description:	Run30

Table Header for Fixations:
Event Type	Trial	Number	Start	End	Duration	Location X	Location Y	Dispersion X	Dispersion Y	Plane	Avg. Pupil Size X	Avg. Pupil Size Y

Table Header for Saccades:
Event Type	Trial	Number	Start	End	Duration	Start Loc.X	Start Loc.Y	End Loc.X	End Loc.Y	Amplitude	Peak Speed	Peak Speed At	Average Speed	Peak Accel.	Peak Decel.	Average Accel.

Table Header for User Events:
Event Type	Trial	Number	Start	Description

UserEvent	1	1	6150288292	# Message: Questionnaire6.jpg
Saccade R	1	1	6151915436	6151967415	51979	0.00	0.00	316.33	110.95	13.08	709.56	0.23	251.65	30706.80	-15426.80	12054.00
Saccade L	1	1	6152171413	6152419413	248000	446.99	349.18	330.09	369.44	34.16	626.72	0.39	137.72	15585.74	-25986.99	4011.82
Saccade R	1	2	6152171413	6152419413	248000	446.99	349.18	330.09	369.44	34.16	626.72	0.39	137.72	15585.74	-25986.99	4011.82
Saccade R	1	3	6152419413	6152475435	56022	330.09	369.44	342.62	288.79	2.84	134.41	0.36	50.76	2704.46	-3966.36	1628.53
Fixation R	1	1	6152475435	6152535446	60011	354.35	279.34	26	24	-1	13.00	13.00
Saccade R	1	4	6152535446	6152603437	67991	367.44	285.38	384.95	368.96	2.96	94.57	0.47	43.58	2102.06	-2844.59	1592.84
Saccade L	1	2	6152603437	6152675407	71970	384.95	368.96	337.37	255.04	3.88	137.25	0.56	53.97	3784.55	-3926.37	2150.24
Saccade R	1	5	6152603437	6152675407	71970	384.95	368.96	337.37	255.04	3.88	137.25	0.56	53.97	3784.55	-3926.37	2150.24
Fixation L	1	1	6152675407	6152787414	112007	346.26	285.07	40	47	-1	10.63	10.63
Fixation R	1	2	6152675407	6152787414	112007	346.26	285.07	40	47	-1	12.88	12.88
Saccade L	1	3	6152787414	6152819444	32030	361.55	281.89	363.16	328.59	1.14	82.02	0.38	35.46	2787.80	-2271.73	1697.54
Saccade R	1	6	6152787414	6152819444	32030	361.55	281.89	363.16	328.59	1.14	82.02	0.38	35.46	2787.80	-2271.73	1697.54
Saccade L	1	4	6152835414	6152855411	19997	362.61	360.64	360.76	353.58	0.58	58.16	0.60	28.82	1458.26	-1853.99	1183.62
Saccade R	1	7	6152835414	6152855411	19997	362.61	360.64	360.76	353.58	0.58	58.16	0.60	28.82	1458.26	-1853.99	1183.62
Saccade L	1	5	6152871315	6152907302	35987	364.36	340.63	333.19	330.45	1.12	53.59	0.22	31.25	-122.23	-1727.16	984.41
Saccade R	1	8	6152871315	6152907302	35987	364.36	340.63	333.19	330.45	1.12	53.59	0.22	31.25	-122.23	-1727.16	984.41
Saccade L	1	6	6152919292	6152959314	40022	338.78	336.57	357.85	333.53	1.40	75.51	0.40	34.94	3107.66	-1768.90	1559.14
Saccade R	1	9	6152919292	6152959314	40022	338.78	336.57	357.85	333.53	1.40	75.51	0.40	34.94	3107.66	-1768.90	1559.14
Saccade L	1	7	6152959314	6152991319	32005	357.85	333.53	313.90	331.85	1.55	82.68	0.37	48.56	2277.22	-2815.90	1812.55
Saccade R	1	10	6152959314	6152991319	32005	357.85	333.53	313.90	331.85	1.55	82.68	0.37	48.56	2277.22	-2815.90	1812.55
Saccade L	1	8	6152991319	6153027289	35970	313.90	331.85	393.64	335.81	2.10	151.72	0.44	58.31	5927.89	-5587.41	3293.96
Saccade R	1	11	6152991319	6153027289	35970	313.90	331.85	393.64	335.81	2.10	151.72	0.44	58.31	5927.89	-5587.41	3293.96
Saccade L	1	9	6153027289	6153063298	36009	393.64	335.81	348.48	256.79	1.91	100.08	0.56	53.14	6704.44	-1736.71	2419.95
Saccade R	1	12	6153027289	6153063298	36009	393.64	335.81	348.48	256.79	1.91	100.08	0.56	53.14	6704.44	-1736.71	2419.95
UserEvent	1	2	6153088263	# Message: UE-mouseclick left x=365 y=276
Saccade L	1	10	6153159291	6153215288	55997	255.14	349.09	300.65	351.08	2.09	74.74	0.21	37.25	2166.02	-1428.98	770.17
Saccade R	1	13	6153159291	6153215288	55997	255.14	349.09	300.65	351.08	2.09	74.74	0.21	37.25	2166.02	-1428.98	770.17
Saccade L	1	11	6153239299	6153279295	39996	271.14	348.34	346.63	378.62	1.64	91.97	0.60	41.06	3980.60	-3379.21	2256.57
Saccade R	1	14	6153239299	6153279295	39996	271.14	348.34	346.63	378.62	1.64	91.97	0.60	41.06	3980.60	-3379.21	2256.57
Saccade L	1	12	6153299289	6153351299	52010	336.80	375.47	313.87	448.13	2.07	77.82	0.46	39.77	2910.13	-1935.00	1548.86
Saccade R	1	15	6153299289	6153351299	52010	336.80	375.47	313.87	448.13	2.07	77.82	0.46	39.77	2910.13	-1935.00	1548.86
Saccade L	1	13	6153351299	6153395319	44020	313.87	448.13	300.16	447.32	2.06	104.27	0.27	46.71	2910.13	-2100.41	1152.25
Saccade R	1	16	6153351299	6153395319	44020	313.87	448.13	300.16	447.32	2.06	104.27	0.27	46.71	2910.13	-2100.41	1152.25
Saccade L	1	14	6153395319	6153479341	84022	300.16	447.32	368.68	405.88	7.00	218.38	0.43	83.26	8366.97	-6769.79	3363.50
Saccade R	1	17	6153395319	6153479341	84022	300.16	447.32	368.68	405.88	7.00	218.38	0.43	83.26	8366.97	-6769.79	3363.50
Fixation R	1	3	6153543304	6153799321	256017	0.09	0.00	2	0	-1	12.49	12.49
Saccade R	1	18	6153883323	6153927296	43973	376.66	482.92	318.03	453.37	1.57	64.94	0.55	35.72	2258.12	-1879.57	1127.34
Saccade R	1	19	6153943318	6153975307	31989	329.12	455.95	347.41	469.63	0.81	47.42	0.50	25.45	1434.86	-969.61	666.23
Saccade L	1	15	6153975307	6154031306	55999	347.41	469.63	394.03	415.36	1.57	50.49	0.29	28.09	1631.51	-1292.61	798.67
Saccade R	1	20	6153975307	6154031306	55999	347.41	469.63	394.03	415.36	1.57	50.49	0.29	28.09	1631.51	-1292.61	798.67
Fixation L	1	2	6154031306	6154427183	395877	407.56	416.57	74	88	-1	1.31	1.31
Fixation R	1	4	6154031306	6154167334	136028	387.86	410.16	26	21	-1	11.85	11.85
Saccade R	1	21	6154167334	6154187330	19996	390.02	406.63	405.93	405.20	0.46	42.50	0.60	23.06	1340.40	-1387.03	1014.18
Fixation R	1	5	6154187330	6154427183	239853	418.94	420.93	51	88	-1	11.56	11.56
Saccade L	1	16	6154427183	6154467188	40005	434.14	465.55	395.87	472.55	1.05	41.55	0.40	26.33	3064.87	-524.57	752.16
Saccade R	1	22	6154427183	6154467188	40005	434.14	465.55	395.87	472.55	1.05	41.55	0.40	26.33	3064.87	-524.57	752.16
Saccade R	1	23	6154475197	6154571187	95990	394.83	477.58	366.67	449.54	13.77	434.76	0.46	143.46	7582.81	-10971.63	4775.54
Saccade R	1	24	6154571187	6154659194	88007	366.67	449.54	350.06	367.88	7.32	330.97	0.41	83.18	13050.08	-8874.59	3957.03
Fixation L	1	3	6154659194	6154783209	124015	366.86	320.80	37	121	-1	5.03	5.03
Fixation R	1	6	6154659194	6154711203	52009	360.01	357.34	22	36	-1	11.73	11.73
Saccade R	1	25	6154711203	6154751232	40029	365.85	364.02	367.48	270.11	1.95	92.57	0.70	48.67	2747.74	-3870.66	2399.65
