[BeGaze]
Converted from:	D:\Kirillov\Results\ermolova_temp\Veronika-eye_data.idf
Date:	17.04.2019 03:53:14
Version:	BeGaze 3.0.181
Sample Rate:	250
Subject:	Veronika
Description:	Run21

Table Header for Fixations:
Event Type	Trial	Number	Start	End	Duration	Location X	Location Y	Dispersion X	Dispersion Y	Plane	Avg. Pupil Size X	Avg. Pupil Size Y

Table Header for Saccades:
Event Type	Trial	Number	Start	End	Duration	Start Loc.X	Start Loc.Y	End Loc.X	End Loc.Y	Amplitude	Peak Speed	Peak Speed At	Average Speed	Peak Accel.	Peak Decel.	Average Accel.

Table Header for User Events:
Event Type	Trial	Number	Start	Description

UserEvent	1	1	7911216620	# Message: Questionnaire15.jpg
Saccade L	1	1	7911258081	7911302090	44009	985.30	694.87	952.28	481.97	4.65	218.08	0.27	105.77	10260.12	-6401.43	5680.94
Saccade R	1	1	7911258081	7911302090	44009	985.30	694.87	952.28	481.97	4.65	218.08	0.27	105.77	10260.12	-6401.43	5680.94
Fixation L	1	1	7911302090	7911514107	212017	931.67	476.63	31	16	-1	14.58	14.58
Fixation R	1	1	7911302090	7911514107	212017	931.67	476.63	31	16	-1	14.00	14.00
Saccade L	1	2	7911514107	7911570189	56082	919.20	467.05	431.68	246.55	11.73	345.16	0.57	209.20	15773.19	-13424.19	9829.63
Saccade R	1	2	7911514107	7911570189	56082	919.20	467.05	431.68	246.55	11.73	345.16	0.57	209.20	15773.19	-13424.19	9829.63
Fixation L	1	2	7911570189	7911742097	171908	426.89	238.33	26	14	-1	13.06	13.06
Fixation R	1	2	7911570189	7911742097	171908	426.89	238.33	26	14	-1	12.40	12.40
Saccade L	1	3	7911742097	7911770105	28008	417.91	245.30	366.57	259.84	1.03	60.88	0.57	36.60	2864.12	-2119.78	1875.63
Saccade R	1	3	7911742097	7911770105	28008	417.91	245.30	366.57	259.84	1.03	60.88	0.57	36.60	2864.12	-2119.78	1875.63
Fixation L	1	3	7911770105	7911934132	164027	363.94	274.04	10	27	-1	13.14	13.14
Fixation R	1	3	7911770105	7911934132	164027	363.94	274.04	10	27	-1	12.81	12.81
Saccade L	1	4	7911934132	7911962121	27989	365.83	288.72	431.09	284.57	1.37	86.21	0.57	49.02	3670.79	-3566.16	2716.53
Saccade R	1	4	7911934132	7911962121	27989	365.83	288.72	431.09	284.57	1.37	86.21	0.57	49.02	3670.79	-3566.16	2716.53
Fixation L	1	4	7911962121	7912238109	275988	432.06	276.96	12	17	-1	13.72	13.72
Fixation R	1	4	7911962121	7912238109	275988	432.06	276.96	12	17	-1	13.35	13.35
Saccade L	1	5	7912238109	7912258041	19932	436.93	265.34	456.00	263.74	0.51	43.50	0.40	25.65	1716.99	-1448.59	1125.32
Saccade R	1	5	7912238109	7912258041	19932	436.93	265.34	456.00	263.74	0.51	43.50	0.40	25.65	1716.99	-1448.59	1125.32
Fixation L	1	5	7912258041	7912574008	315967	475.70	273.43	33	22	-1	14.22	14.22
Fixation R	1	5	7912258041	7912574008	315967	475.70	273.43	33	22	-1	13.83	13.83
UserEvent	1	2	7912274987	# Message: UE-mouseclick left x=480 y=258
Saccade L	1	6	7912574008	7912605991	31983	490.90	263.42	382.07	269.62	2.21	159.18	0.50	69.14	7062.11	-7008.27	5089.62
Saccade R	1	6	7912574008	7912605991	31983	490.90	263.42	382.07	269.62	2.21	159.18	0.50	69.14	7062.11	-7008.27	5089.62
Fixation L	1	6	7912605991	7912958010	352019	382.32	295.44	13	52	-1	14.59	14.59
Fixation R	1	6	7912605991	7912958010	352019	382.32	295.44	13	52	-1	13.98	13.98
UserEvent	1	3	7912675021	# Message: UE-mouseclick left x=474 y=263
Saccade L	1	7	7912958010	7912986005	27995	390.63	320.83	396.64	410.70	1.83	140.22	0.43	65.29	6187.79	-5906.38	4474.58
Saccade R	1	7	7912958010	7912986005	27995	390.63	320.83	396.64	410.70	1.83	140.22	0.43	65.29	6187.79	-5906.38	4474.58
Fixation L	1	7	7912986005	7913178028	192023	403.32	415.89	15	13	-1	14.91	14.91
Fixation R	1	7	7912986005	7913178028	192023	403.32	415.89	15	13	-1	14.43	14.43
Saccade L	1	8	7913178028	7913198051	20023	392.86	416.48	426.86	423.97	0.69	57.06	0.60	34.48	2549.22	-1995.49	1625.99
Saccade R	1	8	7913178028	7913198051	20023	392.86	416.48	426.86	423.97	0.69	57.06	0.60	34.48	2549.22	-1995.49	1625.99
Fixation L	1	8	7913198051	7913385999	187948	437.88	421.31	18	18	-1	15.04	15.04
Fixation R	1	8	7913198051	7913385999	187948	437.88	421.31	18	18	-1	14.63	14.63
Saccade L	1	9	7913385999	7913458013	72014	429.80	412.83	890.77	320.56	10.86	308.17	0.44	150.75	10799.63	-10069.28	6463.99
Saccade R	1	9	7913385999	7913458013	72014	429.80	412.83	890.77	320.56	10.86	308.17	0.44	150.75	10799.63	-10069.28	6463.99
UserEvent	1	4	7913443044	# Message: UE-mouseclick left x=454 y=388
Fixation L	1	9	7913458013	7913522013	64000	891.97	317.96	6	9	-1	14.46	14.46
Fixation R	1	9	7913458013	7913522013	64000	891.97	317.96	6	9	-1	14.87	14.87
