[BeGaze]
Converted from:	D:\Kirillov\Results\ermolova_temp\versh-eye_data.idf
Date:	17.04.2019 03:53:46
Version:	BeGaze 3.0.181
Sample Rate:	250
Subject:	versh
Description:	Run31

Table Header for Fixations:
Event Type	Trial	Number	Start	End	Duration	Location X	Location Y	Dispersion X	Dispersion Y	Plane	Avg. Pupil Size X	Avg. Pupil Size Y

Table Header for Saccades:
Event Type	Trial	Number	Start	End	Duration	Start Loc.X	Start Loc.Y	End Loc.X	End Loc.Y	Amplitude	Peak Speed	Peak Speed At	Average Speed	Peak Accel.	Peak Decel.	Average Accel.

Table Header for User Events:
Event Type	Trial	Number	Start	Description

UserEvent	1	1	8072055883	# Message: experiment-02.jpg
Saccade L	1	1	8072066768	8072118768	52000	461.42	609.77	305.65	685.49	4.30	202.42	0.54	82.67	7704.22	-8591.36	4487.90
Saccade R	1	1	8072066768	8072118768	52000	461.42	609.77	305.65	685.49	4.30	202.42	0.54	82.67	7704.22	-8591.36	4487.90
Fixation L	1	1	8072118768	8072194793	76025	299.55	655.25	8	55	-1	13.81	13.81
Fixation R	1	1	8072118768	8072194793	76025	299.55	655.25	8	55	-1	13.92	13.92
Saccade L	1	2	8072194793	8072218767	23974	300.64	630.58	335.73	627.61	0.64	49.18	0.50	26.49	1899.43	-1694.25	1354.80
Saccade R	1	2	8072194793	8072218767	23974	300.64	630.58	335.73	627.61	0.64	49.18	0.50	26.49	1899.43	-1694.25	1354.80
Fixation L	1	2	8072218767	8072442670	223903	308.01	624.70	83	44	-1	13.85	13.85
Fixation R	1	2	8072218767	8072442670	223903	308.01	624.70	83	44	-1	14.00	14.00
Saccade L	1	3	8072442670	8072518679	76009	261.47	637.80	1001.15	863.76	17.65	485.26	0.53	232.16	20808.49	-21082.01	10925.07
Saccade R	1	3	8072442670	8072518679	76009	261.47	637.80	1001.15	863.76	17.65	485.26	0.53	232.16	20808.49	-21082.01	10925.07
Fixation L	1	3	8072518679	8072678706	160027	1005.04	872.69	19	24	-1	14.17	14.17
Fixation R	1	3	8072518679	8072678706	160027	1005.04	872.69	19	24	-1	14.86	14.86
Saccade R	1	4	8072706675	8072750672	43997	958.99	879.26	0.00	0.00	29.89	1877.46	0.73	679.42	66022.15	-76354.55	43076.49
Fixation R	1	4	8072750672	8073338692	588020	0.00	0.00	0	0	-1	11.67	11.67
Saccade R	1	5	8073870554	8074079059	208505	0.00	0.00	594.03	702.99	83.88	1791.56	0.81	402.31	75663.02	-70282.95	31242.60
Saccade L	1	4	8074103051	8074127067	24016	589.28	676.68	574.70	665.38	0.50	40.34	0.67	20.65	1170.12	-1066.10	724.46
Saccade R	1	6	8074103051	8074127067	24016	589.28	676.68	574.70	665.38	0.50	40.34	0.67	20.65	1170.12	-1066.10	724.46
Fixation L	1	4	8074127067	8074227022	99955	588.32	682.35	22	43	-1	17.33	17.33
Fixation R	1	5	8074127067	8074227022	99955	588.32	682.35	22	43	-1	17.50	17.50
Saccade L	1	5	8074227022	8074319058	92036	590.04	697.38	869.52	878.34	13.05	324.50	0.26	141.81	15320.87	-11617.96	6137.62
Saccade R	1	7	8074227022	8074319058	92036	590.04	697.38	869.52	878.34	13.05	324.50	0.26	141.81	15320.87	-11617.96	6137.62
Saccade L	1	6	8074319058	8074391051	71993	869.52	878.34	963.31	917.88	2.49	108.14	0.33	34.61	4842.55	-4437.10	2001.70
Saccade R	1	8	8074319058	8074391051	71993	869.52	878.34	963.31	917.88	2.49	108.14	0.33	34.61	4842.55	-4437.10	2001.70
Fixation L	1	5	8074391051	8074515014	123963	983.39	922.29	34	16	-1	15.76	15.76
Fixation R	1	6	8074391051	8074515014	123963	983.39	922.29	34	16	-1	16.16	16.16
Saccade L	1	7	8074515014	8074590997	75983	989.05	926.21	406.69	767.75	13.63	381.73	0.47	179.36	15600.25	-15526.83	8275.82
Saccade R	1	9	8074515014	8074590997	75983	989.05	926.21	406.69	767.75	13.63	381.73	0.47	179.36	15600.25	-15526.83	8275.82
Fixation L	1	6	8074590997	8074774962	183965	207.90	378.51	528	817	-1	10.50	10.50
Fixation R	1	7	8074590997	8074774962	183965	207.90	378.51	528	817	-1	11.33	11.33
Fixation L	1	7	8074882931	8075034931	152000	435.11	774.30	41	15	-1	13.82	13.82
Fixation R	1	8	8074882931	8075034931	152000	435.11	774.30	41	15	-1	14.07	14.07
Saccade L	1	8	8075034931	8075094938	60007	425.06	776.70	343.14	827.45	2.37	102.82	0.40	39.47	4644.77	-4140.66	2305.69
Saccade R	1	10	8075034931	8075094938	60007	425.06	776.70	343.14	827.45	2.37	102.82	0.40	39.47	4644.77	-4140.66	2305.69
Fixation L	1	8	8075094938	8075462889	367951	251.84	619.88	390	842	-1	12.34	12.34
Fixation R	1	9	8075094938	8075338945	244007	338.94	830.47	16	21	-1	14.79	14.79
Saccade L	1	9	8075594942	8075614956	20014	359.39	745.91	328.74	754.63	0.49	49.17	0.60	24.28	1744.04	-557.61	915.74
Saccade R	1	11	8075594942	8075614956	20014	359.39	745.91	328.74	754.63	0.49	49.17	0.60	24.28	1744.04	-557.61	915.74
Fixation L	1	9	8075614956	8075862881	247925	337.10	739.17	34	39	-1	13.93	13.93
Fixation R	1	10	8075614956	8075862881	247925	337.10	739.17	34	39	-1	13.97	13.97
Saccade L	1	10	8075862881	8075898969	36088	327.62	729.64	377.27	801.25	1.91	115.89	0.44	52.93	5062.91	-5308.75	3487.85
Saccade R	1	12	8075862881	8075898969	36088	327.62	729.64	377.27	801.25	1.91	115.89	0.44	52.93	5062.91	-5308.75	3487.85
Fixation L	1	10	8075898969	8076114857	215888	398.16	817.80	29	30	-1	14.50	14.50
Fixation R	1	11	8075898969	8076114857	215888	398.16	817.80	29	30	-1	14.47	14.47
Saccade L	1	11	8076114857	8076170836	55979	398.64	823.79	332.06	755.46	2.28	92.21	0.29	40.73	4247.04	-3787.73	2318.74
Saccade R	1	13	8076114857	8076170836	55979	398.64	823.79	332.06	755.46	2.28	92.21	0.29	40.73	4247.04	-3787.73	2318.74
Saccade L	1	12	8076198894	8076254825	55931	327.02	765.97	322.57	714.48	1.26	41.16	0.50	22.52	1002.21	-1036.12	579.62
Saccade R	1	14	8076198894	8076254825	55931	327.02	765.97	322.57	714.48	1.26	41.16	0.50	22.52	1002.21	-1036.12	579.62
Saccade L	1	13	8076254825	8076294895	40070	322.57	714.48	320.74	727.90	0.96	40.21	0.70	23.87	813.23	-1430.42	755.04
Saccade R	1	15	8076254825	8076294895	40070	322.57	714.48	320.74	727.90	0.96	40.21	0.70	23.87	813.23	-1430.42	755.04
Fixation L	1	11	8076294895	8076442828	147933	93.19	221.55	642	732	-1	7.51	7.51
Fixation L	1	12	8076562833	8076678833	116000	377.04	654.21	13	48	-1	13.83	13.83
Fixation R	1	12	8076562833	8076678833	116000	377.04	654.21	13	48	-1	13.85	13.85
Fixation L	1	13	8076714852	8077090835	375983	246.97	451.26	378	751	-1	11.56	11.56
Fixation R	1	13	8076714852	8076938863	224011	370.08	653.43	17	43	-1	14.23	14.23
Saccade L	1	14	8077242839	8077266854	24015	279.40	601.25	0.00	0.00	12.87	1216.24	0.50	535.96	46341.27	-25171.59	24642.94
Saccade R	1	16	8077242839	8077266854	24015	279.40	601.25	0.00	0.00	12.87	1216.24	0.50	535.96	46341.27	-25171.59	24642.94
Saccade L	1	15	8077266854	8077314842	47988	0.00	0.00	0.00	0.00	27.65	1236.08	0.75	576.18	24034.25	-51807.38	20717.11
Saccade R	1	17	8077266854	8077314842	47988	0.00	0.00	0.00	0.00	27.65	1236.08	0.75	576.18	24034.25	-51807.38	20717.11
Fixation L	1	14	8077314842	8077702739	387897	0.00	0.00	0	0	-1	13.56	13.56
Fixation R	1	14	8077314842	8077702739	387897	0.00	0.00	0	0	-1	13.03	13.03
Fixation L	1	15	8081432425	8081488411	55986	338.60	662.92	18	16	-1	14.07	14.07
Fixation R	1	15	8081432425	8081488411	55986	338.60	662.92	18	16	-1	13.89	13.89
Saccade L	1	16	8081508402	8081536471	28069	349.48	640.79	350.23	650.64	0.86	77.04	0.29	30.56	1207.54	-2039.72	973.59
Saccade R	1	18	8081508402	8081536471	28069	349.48	640.79	350.23	650.64	0.86	77.04	0.29	30.56	1207.54	-2039.72	973.59
Saccade L	1	17	8081552417	8081572418	20001	339.33	681.46	355.51	662.98	0.48	42.01	0.40	23.90	524.28	-1312.55	702.84
Saccade R	1	19	8081552417	8081572418	20001	339.33	681.46	355.51	662.98	0.48	42.01	0.40	23.90	524.28	-1312.55	702.84
Fixation L	1	16	8081572418	8081712414	139996	354.01	658.02	21	24	-1	14.21	14.21
Fixation R	1	16	8081572418	8081712414	139996	354.01	658.02	21	24	-1	14.18	14.18
Saccade L	1	18	8081712414	8081792342	79928	363.76	664.35	312.01	589.51	6.17	250.01	0.60	77.15	27809.46	-5873.69	4533.58
Saccade R	1	20	8081712414	8081792342	79928	363.76	664.35	312.01	589.51	6.17	250.01	0.60	77.15	27809.46	-5873.69	4533.58
Saccade L	1	19	8081792342	8081820441	28099	312.01	589.51	0.00	0.00	13.44	1261.90	0.57	478.15	51405.90	-52625.38	37830.01
Saccade R	1	21	8081792342	8081820441	28099	312.01	589.51	0.00	0.00	13.44	1261.90	0.57	478.15	51405.90	-52625.38	37830.01
Saccade L	1	20	8081868408	8081908422	40014	0.00	0.00	0.00	0.00	33.04	1703.33	0.30	825.61	71247.15	-70791.40	38018.91
Saccade R	1	22	8081868408	8081908422	40014	0.00	0.00	0.00	0.00	33.04	1703.33	0.30	825.61	71247.15	-70791.40	38018.91
Fixation L	1	17	8081908422	8082096344	187922	0.00	0.00	0	0	-1	13.36	13.36
Fixation R	1	17	8081908422	8082096344	187922	0.00	0.00	0	0	-1	13.27	13.27
Saccade L	1	21	8082320353	8082364416	44063	331.37	829.02	273.24	699.54	3.30	262.77	0.46	74.81	10576.06	-10570.34	5895.30
Saccade R	1	23	8082320353	8082364416	44063	331.37	829.02	273.24	699.54	3.30	262.77	0.46	74.81	10576.06	-10570.34	5895.30
Fixation L	1	18	8082364416	8082424307	59891	273.18	698.84	14	9	-1	13.67	13.67
Fixation R	1	18	8082364416	8082424307	59891	273.18	698.84	14	9	-1	13.45	13.45
Saccade L	1	22	8082424307	8082456317	32010	276.12	696.44	228.56	747.32	1.49	92.23	0.37	46.67	4254.78	-2920.84	2534.26
Saccade R	1	24	8082424307	8082456317	32010	276.12	696.44	228.56	747.32	1.49	92.23	0.37	46.67	4254.78	-2920.84	2534.26
Saccade L	1	23	8082456317	8082484308	27991	228.56	747.32	237.09	688.71	1.47	133.85	0.43	52.40	3185.28	-4483.83	2549.86
Saccade R	1	25	8082456317	8082484308	27991	228.56	747.32	237.09	688.71	1.47	133.85	0.43	52.40	3185.28	-4483.83	2549.86
Saccade L	1	24	8082484308	8082524303	39995	237.09	688.71	274.85	792.34	2.65	193.63	0.40	66.30	7433.96	-7769.16	4445.74
Saccade R	1	26	8082484308	8082524303	39995	237.09	688.71	274.85	792.34	2.65	193.63	0.40	66.30	7433.96	-7769.16	4445.74
Saccade L	1	25	8082524303	8082544310	20007	274.85	792.34	258.05	781.99	0.50	46.74	0.60	25.11	1020.85	-1289.85	823.33
Saccade R	1	27	8082524303	8082544310	20007	274.85	792.34	258.05	781.99	0.50	46.74	0.60	25.11	1020.85	-1289.85	823.33
Fixation L	1	19	8082544310	8082604293	59983	254.51	779.20	28	10	-1	13.71	13.71
Fixation R	1	19	8082544310	8082604293	59983	254.51	779.20	28	10	-1	13.52	13.52
Saccade L	1	26	8082604293	8082640358	36065	236.08	773.01	267.33	752.75	1.48	87.09	0.44	40.92	2816.42	-1924.25	1279.60
Saccade R	1	28	8082604293	8082640358	36065	236.08	773.01	267.33	752.75	1.48	87.09	0.44	40.92	2816.42	-1924.25	1279.60
Saccade L	1	27	8082640358	8082680330	39972	267.33	752.75	254.88	812.91	3.01	191.17	0.60	75.19	4940.46	-7882.40	3671.58
Saccade R	1	29	8082640358	8082680330	39972	267.33	752.75	254.88	812.91	3.01	191.17	0.60	75.19	4940.46	-7882.40	3671.58
Saccade L	1	28	8082680330	8082720352	40022	254.88	812.91	271.02	814.13	3.04	154.60	0.70	75.99	6300.84	-7054.94	4513.13
Saccade R	1	30	8082680330	8082720352	40022	254.88	812.91	271.02	814.13	3.04	154.60	0.70	75.99	6300.84	-7054.94	4513.13
Saccade L	1	29	8082768309	8082812310	44001	264.59	805.90	143.42	719.48	3.39	166.87	0.27	76.94	7685.47	-5477.97	4197.01
Saccade R	1	31	8082768309	8082812310	44001	264.59	805.90	143.42	719.48	3.39	166.87	0.27	76.94	7685.47	-5477.97	4197.01
Saccade L	1	30	8082832307	8082856316	24009	145.96	722.26	261.36	780.94	1.64	172.40	0.67	68.20	8051.33	-1410.68	4289.12
Saccade R	1	32	8082832307	8082856316	24009	145.96	722.26	261.36	780.94	1.64	172.40	0.67	68.20	8051.33	-1410.68	4289.12
Saccade L	1	31	8082896351	8082924321	27970	160.14	738.90	153.20	731.39	2.23	184.90	0.43	79.69	7351.45	-2154.17	3284.71
Saccade R	1	33	8082896351	8082924321	27970	160.14	738.90	153.20	731.39	2.23	184.90	0.43	79.69	7351.45	-2154.17	3284.71
Saccade L	1	32	8082924321	8082948302	23981	153.20	731.39	253.01	787.34	1.42	149.08	0.33	59.37	1752.01	-6836.08	3420.65
Saccade R	1	34	8082924321	8082948302	23981	153.20	731.39	253.01	787.34	1.42	149.08	0.33	59.37	1752.01	-6836.08	3420.65
Fixation L	1	20	8082948302	8083148314	200012	213.26	757.75	72	61	-1	13.73	13.73
Fixation R	1	20	8082948302	8083148314	200012	213.26	757.75	72	61	-1	13.45	13.45
Saccade L	1	33	8083148314	8083172320	24006	191.38	744.69	126.87	683.70	1.45	127.99	0.67	60.54	5679.05	844.74	3193.33
Saccade R	1	35	8083148314	8083172320	24006	191.38	744.69	126.87	683.70	1.45	127.99	0.67	60.54	5679.05	844.74	3193.33
Saccade L	1	34	8083172320	8083220315	47995	126.87	683.70	329.57	767.04	4.65	188.27	0.25	96.81	5012.16	-4653.58	3745.29
Saccade R	1	36	8083172320	8083220315	47995	126.87	683.70	329.57	767.04	4.65	188.27	0.25	96.81	5012.16	-4653.58	3745.29
Fixation L	1	21	8083220315	8083504327	284012	201.73	450.01	1106	1077	-1	9.98	9.98
Fixation R	1	21	8083220315	8083284314	63999	315.96	761.78	24	12	-1	13.49	13.49
Saccade L	1	35	8083628312	8083672312	44000	356.71	564.96	350.51	613.90	4.39	231.63	0.64	99.83	7042.14	-7917.81	4258.15
Saccade R	1	37	8083628312	8083672312	44000	356.71	564.96	350.51	613.90	4.39	231.63	0.64	99.83	7042.14	-7917.81	4258.15
Saccade L	1	36	8083672312	8083720314	48002	350.51	613.90	298.78	600.21	5.72	300.02	0.33	119.16	11097.22	-11669.53	6949.89
Saccade R	1	38	8083672312	8083720314	48002	350.51	613.90	298.78	600.21	5.72	300.02	0.33	119.16	11097.22	-11669.53	6949.89
Saccade L	1	37	8083720314	8083804192	83878	298.78	600.21	453.10	686.29	4.36	222.10	0.38	51.99	9577.68	-9285.36	3255.54
Saccade R	1	39	8083720314	8083804192	83878	298.78	600.21	453.10	686.29	4.36	222.10	0.38	51.99	9577.68	-9285.36	3255.54
Saccade L	1	38	8083804192	8083844214	40022	453.10	686.29	458.22	704.69	0.93	43.98	0.40	23.18	989.74	-1303.00	683.42
Saccade R	1	40	8083804192	8083844214	40022	453.10	686.29	458.22	704.69	0.93	43.98	0.40	23.18	989.74	-1303.00	683.42
Saccade L	1	39	8083880211	8083968221	88010	456.00	699.58	403.80	628.02	2.17	71.32	0.32	24.62	2906.46	-2539.97	1065.21
Saccade R	1	41	8083880211	8083968221	88010	456.00	699.58	403.80	628.02	2.17	71.32	0.32	24.62	2906.46	-2539.97	1065.21
Saccade L	1	40	8083984200	8084044213	60013	401.87	621.99	298.12	767.69	4.98	218.96	0.47	82.95	7422.56	-6172.26	3857.40
Saccade R	1	42	8083984200	8084044213	60013	401.87	621.99	298.12	767.69	4.98	218.96	0.47	82.95	7422.56	-6172.26	3857.40
Saccade L	1	41	8084044213	8084076190	31977	298.12	767.69	364.01	792.42	1.45	117.58	0.25	45.35	1966.74	-4304.44	2024.25
Saccade R	1	43	8084044213	8084076190	31977	298.12	767.69	364.01	792.42	1.45	117.58	0.25	45.35	1966.74	-4304.44	2024.25
Saccade L	1	42	8084076190	8084116227	40037	364.01	792.42	294.31	786.83	1.81	117.66	0.50	45.23	4274.05	-5064.77	2870.93
Saccade R	1	44	8084076190	8084116227	40037	364.01	792.42	294.31	786.83	1.81	117.66	0.50	45.23	4274.05	-5064.77	2870.93
Fixation L	1	22	8084116227	8084292213	175986	291.01	770.93	52	35	-1	14.23	14.23
Fixation R	1	22	8084116227	8084292213	175986	291.01	770.93	52	35	-1	13.83	13.83
Saccade L	1	43	8084292213	8084348233	56020	255.34	750.49	238.93	743.75	3.05	135.74	0.79	54.41	3433.07	-1585.85	1671.73
Saccade R	1	45	8084292213	8084348233	56020	255.34	750.49	238.93	743.75	3.05	135.74	0.79	54.41	3433.07	-1585.85	1671.73
Saccade L	1	44	8084408208	8084468210	60002	378.32	804.93	360.31	427.61	8.31	416.61	0.40	138.57	19993.43	-19167.74	10193.77
Saccade R	1	46	8084408208	8084468210	60002	378.32	804.93	360.31	427.61	8.31	416.61	0.40	138.57	19993.43	-19167.74	10193.77
Saccade L	1	45	8084492206	8084532224	40018	360.72	427.07	238.03	358.89	3.08	217.60	0.30	77.04	9707.95	-9273.71	5647.18
Saccade R	1	47	8084492206	8084532224	40018	360.72	427.07	238.03	358.89	3.08	217.60	0.30	77.04	9707.95	-9273.71	5647.18
Saccade L	1	46	8084532224	8084572204	39980	238.03	358.89	319.60	376.45	2.33	186.49	0.40	58.30	6940.84	-7176.00	4113.51
Saccade R	1	48	8084532224	8084572204	39980	238.03	358.89	319.60	376.45	2.33	186.49	0.40	58.30	6940.84	-7176.00	4113.51
Saccade L	1	47	8084580141	8084624213	44072	317.23	374.77	309.13	569.23	4.85	403.11	0.46	109.96	16158.39	-15594.16	9203.92
Saccade R	1	49	8084580141	8084624213	44072	317.23	374.77	309.13	569.23	4.85	403.11	0.46	109.96	16158.39	-15594.16	9203.92
Saccade L	1	48	8084916214	8084972212	55998	350.35	577.83	346.46	685.29	2.35	110.53	0.79	42.00	3469.75	-4348.62	1824.25
Saccade R	1	50	8084916214	8084972212	55998	350.35	577.83	346.46	685.29	2.35	110.53	0.79	42.00	3469.75	-4348.62	1824.25
Saccade L	1	49	8084980209	8085048223	68014	345.63	679.12	358.61	588.73	2.41	97.05	0.47	35.39	4149.40	-3576.56	1846.38
Saccade R	1	51	8084980209	8085048223	68014	345.63	679.12	358.61	588.73	2.41	97.05	0.47	35.39	4149.40	-3576.56	1846.38
Saccade L	1	50	8085048223	8085072156	23933	358.61	588.73	358.67	600.45	0.50	45.67	0.67	20.86	1537.78	-401.94	639.00
Saccade R	1	52	8085048223	8085072156	23933	358.61	588.73	358.67	600.45	0.50	45.67	0.67	20.86	1537.78	-401.94	639.00
Saccade L	1	51	8085072156	8085112242	40086	358.67	600.45	362.76	618.53	0.71	40.06	0.30	17.78	356.84	-1110.25	359.79
Saccade R	1	53	8085072156	8085112242	40086	358.67	600.45	362.76	618.53	0.71	40.06	0.30	17.78	356.84	-1110.25	359.79
Saccade L	1	52	8085112242	8085176219	63977	362.76	618.53	331.74	632.76	6.06	239.97	0.69	94.73	12015.90	-4591.34	3949.67
Saccade R	1	54	8085112242	8085176219	63977	362.76	618.53	331.74	632.76	6.06	239.97	0.69	94.73	12015.90	-4591.34	3949.67
Fixation R	1	23	8085176219	8085324107	147888	27.68	118.95	499	739	-1	5.74	5.74
Fixation L	1	23	8085508107	8085560105	51998	0.00	0.00	0	0	-1	13.95	13.95
Fixation R	1	24	8085508107	8085560105	51998	0.00	0.00	0	0	-1	13.23	13.23
Saccade L	1	53	8086012128	8086060071	47943	305.85	623.64	317.66	545.17	2.91	156.75	0.25	60.65	4291.62	-3909.83	2214.40
Saccade R	1	55	8086012128	8086060071	47943	305.85	623.64	317.66	545.17	2.91	156.75	0.25	60.65	4291.62	-3909.83	2214.40
Saccade L	1	54	8086244101	8086304105	60004	306.69	608.31	247.43	605.00	4.81	213.17	0.47	80.18	6830.71	-6679.17	3224.40
Saccade R	1	56	8086244101	8086304105	60004	306.69	608.31	247.43	605.00	4.81	213.17	0.47	80.18	6830.71	-6679.17	3224.40
Saccade L	1	55	8086304105	8086344102	39997	247.43	605.00	0.00	0.00	17.72	1467.19	0.70	443.13	53998.79	-61332.82	31826.06
Saccade R	1	57	8086304105	8086344102	39997	247.43	605.00	0.00	0.00	17.72	1467.19	0.70	443.13	53998.79	-61332.82	31826.06
Fixation L	1	24	8086636041	8087020009	383968	0.00	0.00	0	0	-1	13.21	13.21
Fixation R	1	25	8086636041	8087020009	383968	0.00	0.00	0	0	-1	13.16	13.16
Saccade L	1	56	8088782799	8088846769	63970	446.83	659.61	438.19	677.48	1.84	44.59	0.37	28.80	1339.61	-923.42	568.01
Saccade R	1	58	8088782799	8088846769	63970	446.83	659.61	438.19	677.48	1.84	44.59	0.37	28.80	1339.61	-923.42	568.01
Saccade L	1	57	8088846769	8088870776	24007	438.19	677.48	440.56	706.19	0.62	48.34	0.50	25.77	1172.57	-817.20	592.23
Saccade R	1	59	8088846769	8088870776	24007	438.19	677.48	440.56	706.19	0.62	48.34	0.50	25.77	1172.57	-817.20	592.23
Saccade L	1	58	8088978795	8089038769	59974	461.03	723.82	355.40	643.38	3.39	194.73	0.53	56.58	8848.36	-8713.44	4152.74
Saccade R	1	60	8088978795	8089038769	59974	461.03	723.82	355.40	643.38	3.39	194.73	0.53	56.58	8848.36	-8713.44	4152.74
Fixation L	1	25	8089038769	8089126776	88007	350.30	632.91	13	30	-1	14.49	14.49
Fixation R	1	26	8089038769	8089126776	88007	350.30	632.91	13	30	-1	14.19	14.19
Saccade L	1	59	8089406777	8089526670	119893	407.93	598.90	401.25	603.34	10.33	319.55	0.57	86.19	12033.31	-12718.15	3418.86
Saccade R	1	61	8089406777	8089526670	119893	407.93	598.90	401.25	603.34	10.33	319.55	0.57	86.19	12033.31	-12718.15	3418.86
Saccade L	1	60	8089542680	8089658681	116001	404.29	576.21	1119.08	886.61	21.80	525.25	0.21	187.96	20462.29	-19295.32	7383.82
Saccade R	1	62	8089542680	8089658681	116001	404.29	576.21	1119.08	886.61	21.80	525.25	0.21	187.96	20462.29	-19295.32	7383.82
Saccade L	1	61	8089694668	8089746697	52029	1171.64	876.76	1130.08	811.68	2.28	87.45	0.31	43.86	1974.44	-2323.55	1198.22
Saccade R	1	63	8089694668	8089746697	52029	1171.64	876.76	1130.08	811.68	2.28	87.45	0.31	43.86	1974.44	-2323.55	1198.22
Saccade L	1	62	8089746697	8089962694	215997	1130.08	811.68	1318.58	660.98	46.75	659.20	0.70	216.46	20805.37	-24525.87	8474.61
Saccade R	1	64	8089746697	8089962694	215997	1130.08	811.68	1318.58	660.98	46.75	659.20	0.70	216.46	20805.37	-24525.87	8474.61
Saccade L	1	63	8090142672	8090174667	31995	350.81	690.25	387.81	698.77	1.01	86.87	0.25	31.68	595.92	-3087.83	1222.48
Saccade R	1	65	8090142672	8090174667	31995	350.81	690.25	387.81	698.77	1.01	86.87	0.25	31.68	595.92	-3087.83	1222.48
Saccade L	1	64	8090182659	8090226663	44004	384.95	699.85	348.06	630.55	1.51	66.40	0.64	34.32	5823.98	-748.92	1831.62
Saccade R	1	66	8090182659	8090226663	44004	384.95	699.85	348.06	630.55	1.51	66.40	0.64	34.32	5823.98	-748.92	1831.62
Saccade L	1	65	8090226663	8090258684	32021	348.06	630.55	339.01	746.04	2.14	188.06	0.25	66.94	5823.98	-7561.65	3808.09
Saccade R	1	67	8090226663	8090258684	32021	348.06	630.55	339.01	746.04	2.14	188.06	0.25	66.94	5823.98	-7561.65	3808.09
Saccade L	1	66	8090258684	8090358675	99991	339.01	746.04	416.93	737.47	16.09	718.82	0.40	160.90	23696.42	-27527.32	8799.23
Saccade R	1	68	8090258684	8090358675	99991	339.01	746.04	416.93	737.47	16.09	718.82	0.40	160.90	23696.42	-27527.32	8799.23
Saccade L	1	67	8090358675	8090406692	48017	416.93	737.47	399.26	690.66	2.59	134.73	0.50	53.93	5650.67	-4529.40	2911.85
Saccade R	1	69	8090358675	8090406692	48017	416.93	737.47	399.26	690.66	2.59	134.73	0.50	53.93	5650.67	-4529.40	2911.85
Saccade L	1	68	8090406692	8090430684	23992	399.26	690.66	422.78	675.46	0.48	56.47	0.33	20.21	2612.59	-2248.64	1221.62
Saccade R	1	70	8090406692	8090430684	23992	399.26	690.66	422.78	675.46	0.48	56.47	0.33	20.21	2612.59	-2248.64	1221.62
Fixation R	1	27	8090494670	8091046619	551949	0.00	0.00	0	0	-1	12.56	12.56
Saccade R	1	71	8091520811	8091556810	35999	0.00	0.00	500.51	740.86	18.62	1577.50	0.33	517.21	67416.70	-61401.40	39410.81
Fixation L	1	26	8091556810	8091756833	200023	492.80	750.77	50	24	-1	16.43	16.43
Fixation R	1	28	8091556810	8091756833	200023	492.80	750.77	50	24	-1	16.44	16.44
Saccade L	1	69	8091756833	8091812817	55984	484.13	756.80	379.86	642.01	3.48	148.73	0.64	62.17	5296.74	-6846.57	3794.05
Saccade R	1	72	8091756833	8091812817	55984	484.13	756.80	379.86	642.01	3.48	148.73	0.64	62.17	5296.74	-6846.57	3794.05
Fixation L	1	27	8091812817	8091924833	112016	378.85	623.10	10	34	-1	15.48	15.48
Fixation R	1	29	8091812817	8091924833	112016	378.85	623.10	10	34	-1	15.44	15.44
Saccade L	1	70	8091924833	8092028835	104002	379.03	611.19	1150.39	867.62	18.84	516.67	0.46	181.12	23218.91	-19516.39	8630.51
Saccade R	1	73	8091924833	8092028835	104002	379.03	611.19	1150.39	867.62	18.84	516.67	0.46	181.12	23218.91	-19516.39	8630.51
Saccade L	1	71	8092028835	8092060837	32002	1150.39	867.62	1149.72	862.55	1.33	99.17	0.50	41.56	3857.68	-836.25	1515.18
Saccade R	1	74	8092028835	8092060837	32002	1150.39	867.62	1149.72	862.55	1.33	99.17	0.50	41.56	3857.68	-836.25	1515.18
Saccade L	1	72	8092060837	8092132832	71995	1149.72	862.55	1136.79	855.51	6.02	282.36	0.50	83.65	5915.20	-10481.33	3381.84
Saccade R	1	75	8092060837	8092132832	71995	1149.72	862.55	1136.79	855.51	6.02	282.36	0.50	83.65	5915.20	-10481.33	3381.84
Saccade L	1	73	8092160814	8092224836	64022	1140.97	857.14	1261.20	846.98	3.34	120.24	0.38	52.10	5058.46	-3942.09	2753.25
Saccade R	1	76	8092160814	8092224836	64022	1140.97	857.14	1261.20	846.98	3.34	120.24	0.38	52.10	5058.46	-3942.09	2753.25
Saccade L	1	74	8092232848	8092260820	27972	1257.68	846.45	1322.57	863.05	1.39	127.75	0.71	49.59	5244.63	451.29	2646.59
Saccade R	1	77	8092232848	8092260820	27972	1257.68	846.45	1322.57	863.05	1.39	127.75	0.71	49.59	5244.63	451.29	2646.59
Saccade L	1	75	8092260820	8092284890	24070	1322.57	863.05	1244.11	852.97	1.64	160.05	0.33	68.15	8513.65	-2328.09	2375.20
Saccade R	1	78	8092260820	8092284890	24070	1322.57	863.05	1244.11	852.97	1.64	160.05	0.33	68.15	8513.65	-2328.09	2375.20
Saccade L	1	76	8092356828	8092384847	28019	1241.92	842.47	1263.85	906.89	1.47	117.49	0.43	52.32	5001.48	-4282.98	3229.99
Saccade R	1	79	8092356828	8092384847	28019	1241.92	842.47	1263.85	906.89	1.47	117.49	0.43	52.32	5001.48	-4282.98	3229.99
Saccade L	1	77	8092384847	8092420848	36001	1263.85	906.89	1315.46	878.33	1.30	74.32	0.44	36.21	2653.37	-2385.56	1435.92
Saccade R	1	80	8092384847	8092420848	36001	1263.85	906.89	1315.46	878.33	1.30	74.32	0.44	36.21	2653.37	-2385.56	1435.92
Saccade L	1	78	8092420848	8092528831	107983	1315.46	878.33	393.95	577.35	23.13	549.12	0.41	214.18	16882.14	-15226.33	7966.15
Saccade R	1	81	8092420848	8092528831	107983	1315.46	878.33	393.95	577.35	23.13	549.12	0.41	214.18	16882.14	-15226.33	7966.15
Fixation L	1	28	8092528831	8092724832	196001	222.52	352.41	608	791	-1	10.30	10.30
Fixation R	1	30	8092528831	8092724832	196001	222.52	352.41	608	791	-1	11.20	11.20
Fixation L	1	29	8092872845	8093132799	259954	356.32	618.14	20	48	-1	13.42	13.42
Fixation R	1	31	8092872845	8093132799	259954	356.32	618.14	20	48	-1	13.62	13.62
Saccade L	1	79	8093132799	8093160703	27904	356.61	622.33	265.91	607.88	2.01	186.89	0.43	72.07	7313.55	-7143.59	5019.72
Saccade R	1	82	8093132799	8093160703	27904	356.61	622.33	265.91	607.88	2.01	186.89	0.43	72.07	7313.55	-7143.59	5019.72
Saccade L	1	80	8093208733	8093284715	75982	271.94	591.63	297.93	653.85	4.37	132.36	0.68	57.53	4242.98	-5600.55	2330.25
Saccade R	1	83	8093208733	8093284715	75982	271.94	591.63	297.93	653.85	4.37	132.36	0.68	57.53	4242.98	-5600.55	2330.25
Fixation L	1	30	8093284715	8093676719	392004	301.85	707.81	35	89	-1	13.72	13.72
Fixation R	1	32	8093284715	8093676719	392004	301.85	707.81	35	89	-1	13.87	13.87
Saccade L	1	81	8093676719	8093816718	139999	314.45	724.59	1265.57	935.38	24.41	503.80	0.40	174.33	18355.54	-16551.64	6831.51
Saccade R	1	84	8093676719	8093816718	139999	314.45	724.59	1265.57	935.38	24.41	503.80	0.40	174.33	18355.54	-16551.64	6831.51
Saccade L	1	82	8093816718	8093864718	48000	1265.57	935.38	1248.39	882.99	1.34	66.89	0.33	27.92	2501.70	-2507.14	1411.54
Saccade R	1	85	8093816718	8093864718	48000	1265.57	935.38	1248.39	882.99	1.34	66.89	0.33	27.92	2501.70	-2507.14	1411.54
Saccade L	1	83	8093864718	8093908719	44001	1248.39	882.99	1149.37	884.12	2.35	162.47	0.55	53.46	6760.91	-5841.86	3630.85
Saccade R	1	86	8093864718	8093908719	44001	1248.39	882.99	1149.37	884.12	2.35	162.47	0.55	53.46	6760.91	-5841.86	3630.85
Saccade L	1	84	8093908719	8093932720	24001	1149.37	884.12	1231.52	879.98	1.82	175.50	0.50	76.00	6258.79	-6759.41	4528.13
Saccade R	1	87	8093908719	8093932720	24001	1149.37	884.12	1231.52	879.98	1.82	175.50	0.50	76.00	6258.79	-6759.41	4528.13
Fixation L	1	31	8093932720	8094140718	207998	1212.10	923.26	56	67	-1	13.44	13.44
Fixation R	1	33	8093932720	8094140718	207998	1212.10	923.26	56	67	-1	13.98	13.98
Saccade L	1	85	8094140718	8094200736	60018	1192.29	945.20	1147.22	793.60	4.29	300.47	0.60	71.42	12732.01	-11801.54	5508.09
Saccade R	1	88	8094140718	8094200736	60018	1192.29	945.20	1147.22	793.60	4.29	300.47	0.60	71.42	12732.01	-11801.54	5508.09
Fixation L	1	32	8094200736	8094316729	115993	1133.77	795.91	23	12	-1	13.00	13.00
Fixation R	1	34	8094200736	8094316729	115993	1133.77	795.91	23	12	-1	13.66	13.66
Saccade L	1	86	8094316729	8094372609	55880	1125.31	800.62	1195.83	822.10	1.64	71.87	0.36	29.29	3266.39	-2797.21	1641.32
Saccade R	1	89	8094316729	8094372609	55880	1125.31	800.62	1195.83	822.10	1.64	71.87	0.36	29.29	3266.39	-2797.21	1641.32
Saccade L	1	87	8094400597	8094468637	68040	1192.18	817.67	1257.72	891.54	9.80	439.76	0.65	143.99	66900.27	-15180.04	11192.26
Saccade R	1	90	8094400597	8094468637	68040	1192.18	817.67	1257.72	891.54	9.80	439.76	0.65	143.99	66900.27	-15180.04	11192.26
Saccade L	1	88	8094468637	8094524672	56035	1257.72	891.54	0.00	0.00	67.83	2708.26	0.78	1210.50	91917.79	-118873.93	52700.27
Saccade R	1	91	8094468637	8094524672	56035	1257.72	891.54	0.00	0.00	67.83	2708.26	0.78	1210.50	91917.79	-118873.93	52700.27
Fixation L	1	33	8094524672	8094908623	383951	0.00	0.00	0	0	-1	8.08	8.08
Fixation R	1	35	8094524672	8094908623	383951	0.00	0.00	0	0	-1	8.80	8.80
