[BeGaze]
Converted from:	D:\Kirillov\Results\ermolova_temp\Anna-eye_data.idf
Date:	17.04.2019 03:52:52
Version:	BeGaze 3.0.181
Sample Rate:	250
Subject:	Anna
Description:	Run15

Table Header for Fixations:
Event Type	Trial	Number	Start	End	Duration	Location X	Location Y	Dispersion X	Dispersion Y	Plane	Avg. Pupil Size X	Avg. Pupil Size Y

Table Header for Saccades:
Event Type	Trial	Number	Start	End	Duration	Start Loc.X	Start Loc.Y	End Loc.X	End Loc.Y	Amplitude	Peak Speed	Peak Speed At	Average Speed	Peak Accel.	Peak Decel.	Average Accel.

Table Header for User Events:
Event Type	Trial	Number	Start	Description

UserEvent	1	1	3369858841	# Message: experiment-05.jpg
Fixation L	1	1	3369859619	3370095605	235986	430.56	420.35	30	58	-1	13.18	13.18
Fixation R	1	1	3369859619	3370095605	235986	430.56	420.35	30	58	-1	13.65	13.65
Saccade L	1	1	3370095605	3370147636	52031	426.64	444.69	902.68	465.24	10.36	430.33	0.38	199.05	18961.10	-16530.47	12104.43
Saccade R	1	1	3370095605	3370147636	52031	426.64	444.69	902.68	465.24	10.36	430.33	0.38	199.05	18961.10	-16530.47	12104.43
Fixation L	1	2	3370147636	3370227494	79858	913.21	450.10	17	25	-1	13.17	13.17
Fixation R	1	2	3370147636	3370227494	79858	913.21	450.10	17	25	-1	13.60	13.60
Saccade L	1	2	3370227494	3370255498	28004	920.22	442.47	968.39	473.40	1.48	113.06	0.57	52.91	5011.29	-4617.06	3426.58
Saccade R	1	2	3370227494	3370255498	28004	920.22	442.47	968.39	473.40	1.48	113.06	0.57	52.91	5011.29	-4617.06	3426.58
Fixation L	1	3	3370255498	3370539515	284017	975.80	469.06	38	19	-1	12.08	12.08
Fixation R	1	3	3370255498	3370539515	284017	975.80	469.06	38	19	-1	12.59	12.59
Saccade L	1	3	3370539515	3370595542	56027	962.27	467.29	324.64	461.65	13.90	503.80	0.36	248.09	23650.04	-18501.16	14072.59
Saccade R	1	3	3370539515	3370595542	56027	962.27	467.29	324.64	461.65	13.90	503.80	0.36	248.09	23650.04	-18501.16	14072.59
Fixation L	1	4	3370595542	3370835501	239959	352.84	460.16	45	13	-1	12.08	12.08
Fixation R	1	4	3370595542	3370835501	239959	352.84	460.16	45	13	-1	12.23	12.23
Saccade L	1	4	3370835501	3370871506	36005	365.93	453.50	375.27	502.36	1.03	52.78	0.33	28.59	2072.99	-1604.20	1349.33
Saccade R	1	4	3370835501	3370871506	36005	365.93	453.50	375.27	502.36	1.03	52.78	0.33	28.59	2072.99	-1604.20	1349.33
Fixation L	1	5	3370871506	3371035497	163991	373.54	506.39	13	12	-1	12.57	12.57
Fixation R	1	5	3370871506	3371035497	163991	373.54	506.39	13	12	-1	12.65	12.65
Saccade L	1	5	3371035497	3371091520	56023	384.53	513.64	962.26	562.19	12.70	448.16	0.43	226.64	21280.10	-16258.58	12249.52
Saccade R	1	5	3371035497	3371091520	56023	384.53	513.64	962.26	562.19	12.70	448.16	0.43	226.64	21280.10	-16258.58	12249.52
Fixation L	1	6	3371091520	3371259503	167983	958.55	530.66	17	48	-1	12.86	12.86
Fixation R	1	6	3371091520	3371259503	167983	958.55	530.66	17	48	-1	13.23	13.23
Saccade L	1	6	3371259503	3371291527	32024	945.76	527.03	0.00	0.00	25.29	2194.10	0.62	789.87	87017.49	-93393.85	60707.52
Saccade R	1	6	3371259503	3371291527	32024	945.76	527.03	0.00	0.00	25.29	2194.10	0.62	789.87	87017.49	-93393.85	60707.52
Fixation L	1	7	3371435511	3371635389	199878	513.68	285.77	1064	836	-1	11.17	11.17
Fixation R	1	7	3371435511	3371635389	199878	513.68	285.77	1064	836	-1	12.22	12.22
Saccade L	1	7	3371635389	3371707398	72009	0.00	0.00	1018.06	623.11	35.57	1937.76	0.33	493.95	54383.66	-74261.32	26119.65
Saccade R	1	7	3371635389	3371707398	72009	0.00	0.00	1018.06	623.11	35.57	1937.76	0.33	493.95	54383.66	-74261.32	26119.65
Saccade L	1	8	3371707398	3371763406	56008	1018.06	623.11	455.91	590.53	12.24	434.80	0.50	218.61	15783.38	-18274.93	11021.38
Saccade R	1	8	3371707398	3371763406	56008	1018.06	623.11	455.91	590.53	12.24	434.80	0.50	218.61	15783.38	-18274.93	11021.38
Fixation L	1	8	3371763406	3371899447	136041	470.09	575.31	39	28	-1	13.51	13.51
Fixation R	1	8	3371763406	3371899447	136041	470.09	575.31	39	28	-1	13.54	13.54
Saccade L	1	9	3371899447	3371927398	27951	496.62	573.30	405.85	593.71	1.84	126.49	0.43	65.81	5365.96	-5496.64	4013.01
Saccade R	1	9	3371899447	3371927398	27951	496.62	573.30	405.85	593.71	1.84	126.49	0.43	65.81	5365.96	-5496.64	4013.01
Fixation L	1	9	3371927398	3372203413	276015	403.46	601.22	15	15	-1	13.46	13.46
Fixation R	1	9	3371927398	3372203413	276015	403.46	601.22	15	15	-1	13.78	13.78
Saccade L	1	10	3372203413	3372243408	39995	401.17	610.20	413.02	421.75	3.87	200.06	0.40	96.83	9435.92	-8359.17	6303.29
Saccade R	1	10	3372203413	3372243408	39995	401.17	610.20	413.02	421.75	3.87	200.06	0.40	96.83	9435.92	-8359.17	6303.29
Fixation L	1	10	3372243408	3372431427	188019	409.99	405.03	25	61	-1	13.23	13.23
Fixation R	1	10	3372243408	3372431427	188019	409.99	405.03	25	61	-1	13.65	13.65
Saccade L	1	11	3372431427	3372491423	59996	413.34	388.83	1076.45	494.03	14.78	423.88	0.40	246.35	20002.59	-14321.01	11418.38
Saccade R	1	11	3372431427	3372491423	59996	413.34	388.83	1076.45	494.03	14.78	423.88	0.40	246.35	20002.59	-14321.01	11418.38
Fixation L	1	11	3372491423	3373463330	971907	1085.51	473.16	120	72	-1	11.72	11.72
Fixation R	1	11	3372491423	3373463330	971907	1085.51	473.16	120	72	-1	12.61	12.61
Saccade L	1	12	3373463330	3373535314	71984	1151.52	482.47	440.65	425.07	15.98	507.53	0.39	222.00	17668.02	-18337.31	10895.01
Saccade R	1	12	3373463330	3373535314	71984	1151.52	482.47	440.65	425.07	15.98	507.53	0.39	222.00	17668.02	-18337.31	10895.01
Fixation L	1	12	3373535314	3373675327	140013	479.73	426.56	72	37	-1	12.35	12.35
Fixation R	1	12	3373535314	3373675327	140013	479.73	426.56	72	37	-1	12.31	12.31
Saccade L	1	13	3373675327	3373703323	27996	493.21	419.49	412.56	428.78	1.66	120.76	0.43	59.36	4517.69	-4646.84	3383.49
Saccade R	1	13	3373675327	3373703323	27996	493.21	419.49	412.56	428.78	1.66	120.76	0.43	59.36	4517.69	-4646.84	3383.49
Fixation L	1	13	3373703323	3373875351	172028	389.65	438.42	30	26	-1	12.22	12.22
Fixation R	1	13	3373703323	3373875351	172028	389.65	438.42	30	26	-1	12.21	12.21
Saccade L	1	14	3373875351	3373931316	55965	384.06	448.29	992.31	635.56	14.20	484.74	0.43	253.71	20930.59	-18007.05	13046.08
Saccade R	1	14	3373875351	3373931316	55965	384.06	448.29	992.31	635.56	14.20	484.74	0.43	253.71	20930.59	-18007.05	13046.08
Fixation L	1	14	3373931316	3374127352	196036	991.88	634.13	33	30	-1	12.32	12.32
Fixation R	1	14	3373931316	3374127352	196036	991.88	634.13	33	30	-1	13.00	13.00
Saccade L	1	15	3374127352	3374167345	39993	965.10	626.67	1000.31	663.00	1.08	44.99	0.30	27.05	1595.94	-1005.27	824.19
Saccade R	1	15	3374127352	3374167345	39993	965.10	626.67	1000.31	663.00	1.08	44.99	0.30	27.05	1595.94	-1005.27	824.19
Fixation L	1	15	3374167345	3374343333	175988	996.50	659.64	34	23	-1	12.15	12.15
Fixation R	1	15	3374167345	3374343333	175988	996.50	659.64	34	23	-1	12.93	12.93
Saccade L	1	16	3374343333	3374375316	31983	980.24	662.51	987.14	616.91	0.97	41.05	0.38	30.32	1827.19	-1127.04	1088.59
Saccade R	1	16	3374343333	3374375316	31983	980.24	662.51	987.14	616.91	0.97	41.05	0.38	30.32	1827.19	-1127.04	1088.59
Saccade L	1	17	3374419195	3374447201	28006	994.32	611.79	1007.91	505.55	2.21	166.07	0.43	78.76	7620.84	-7058.36	5400.43
Saccade R	1	17	3374419195	3374447201	28006	994.32	611.79	1007.91	505.55	2.21	166.07	0.43	78.76	7620.84	-7058.36	5400.43
Fixation L	1	16	3374447201	3375287231	840030	976.61	539.25	83	83	-1	11.75	11.75
Fixation R	1	16	3374447201	3375287231	840030	976.61	539.25	83	83	-1	12.65	12.65
Saccade L	1	18	3375287231	3375335223	47992	967.91	545.41	572.69	526.33	8.52	390.01	0.50	177.52	17446.61	-17291.68	11547.25
Saccade R	1	18	3375287231	3375335223	47992	967.91	545.41	572.69	526.33	8.52	390.01	0.50	177.52	17446.61	-17291.68	11547.25
Saccade L	1	19	3375359217	3375403150	43933	578.84	515.56	0.00	0.00	18.98	1642.79	0.73	432.12	63722.45	-69680.16	33476.14
Fixation L	1	17	3375403150	3375487243	84093	0.00	0.00	0	0	-1	10.17	10.17
Fixation L	1	18	3375567244	3375707246	140002	634.61	424.72	24	33	-1	13.14	13.14
Fixation R	1	17	3375567244	3375707246	140002	634.61	424.72	24	33	-1	13.32	13.32
Saccade L	1	20	3375707246	3375747231	39985	626.07	437.13	467.83	495.40	3.61	210.79	0.40	90.32	9603.81	-8000.28	5838.41
Saccade R	1	19	3375707246	3375747231	39985	626.07	437.13	467.83	495.40	3.61	210.79	0.40	90.32	9603.81	-8000.28	5838.41
Fixation L	1	19	3375747231	3375895107	147876	468.85	493.74	21	30	-1	13.90	13.90
Fixation R	1	18	3375747231	3375895107	147876	468.85	493.74	21	30	-1	13.72	13.72
Saccade L	1	21	3375895107	3375915130	20023	483.15	514.21	462.29	532.02	0.47	42.24	0.60	23.71	1370.89	-1223.10	968.72
Saccade R	1	20	3375895107	3375915130	20023	483.15	514.21	462.29	532.02	0.47	42.24	0.60	23.71	1370.89	-1223.10	968.72
Fixation L	1	20	3375915130	3376059103	143973	460.45	534.30	14	17	-1	13.88	13.88
Fixation R	1	19	3375915130	3376155115	239985	314.96	383.26	497	835	-1	13.25	13.25
Saccade L	1	22	3376059103	3376095155	36052	458.41	540.52	-0.13	0.00	19.87	1496.08	0.67	551.23	64278.82	-68486.85	42747.03
Fixation L	1	21	3376095155	3376155115	59960	-0.04	0.00	0	0	-1	9.68	9.68
Fixation L	1	22	3376251118	3377067141	816023	445.68	613.73	84	68	-1	13.94	13.94
Fixation R	1	20	3376251118	3377067141	816023	445.68	613.73	84	68	-1	14.51	14.51
Saccade L	1	23	3377067141	3377123144	56003	447.79	614.40	993.87	515.50	11.97	403.57	0.50	213.80	17437.93	-14358.71	11134.30
Saccade R	1	21	3377067141	3377123144	56003	447.79	614.40	993.87	515.50	11.97	403.57	0.50	213.80	17437.93	-14358.71	11134.30
Fixation L	1	23	3377123144	3377259040	135896	977.55	495.82	32	38	-1	13.21	13.21
Fixation R	1	21	3377123144	3377259040	135896	977.55	495.82	32	38	-1	14.55	14.55
Saccade L	1	24	3377259040	3377283017	23977	961.41	482.55	990.12	473.20	0.61	45.26	0.50	25.46	1866.83	-1881.88	1407.99
Saccade R	1	22	3377259040	3377283017	23977	961.41	482.55	990.12	473.20	0.61	45.26	0.50	25.46	1866.83	-1881.88	1407.99
Fixation L	1	24	3377283017	3377499056	216039	1004.16	467.84	36	17	-1	12.75	12.75
Fixation R	1	22	3377283017	3377499056	216039	1004.16	467.84	36	17	-1	14.11	14.11
Saccade L	1	25	3377499056	3377527016	27960	1018.33	456.39	1020.11	505.09	0.98	55.78	0.43	34.94	2657.00	-2168.20	1805.61
Saccade R	1	23	3377499056	3377527016	27960	1018.33	456.39	1020.11	505.09	0.98	55.78	0.43	34.94	2657.00	-2168.20	1805.61
Fixation L	1	25	3377527016	3377671033	144017	1022.41	517.96	9	16	-1	11.85	11.85
Fixation R	1	23	3377527016	3377671033	144017	1022.41	517.96	9	16	-1	13.42	13.42
Saccade L	1	26	3377671033	3377711052	40019	1019.36	519.57	0.00	0.00	35.08	2507.11	0.70	876.54	99750.77	-113302.34	65050.88
Saccade R	1	24	3377671033	3377711052	40019	1019.36	519.57	0.00	0.00	35.08	2507.11	0.70	876.54	99750.77	-113302.34	65050.88
Fixation L	1	26	3377711052	3377927028	215976	357.70	440.27	865	913	-1	13.04	13.04
Fixation R	1	24	3377711052	3377771027	59975	0.00	0.00	0	0	-1	14.11	14.11
Saccade R	1	25	3377771027	3377847038	76011	0.00	0.00	529.18	655.45	31.53	1484.46	0.26	414.87	60702.93	-45900.41	22988.02
Fixation R	1	25	3377847038	3377927028	79990	512.63	649.40	23	14	-1	13.35	13.35
Saccade L	1	27	3377927028	3377979035	52007	504.97	654.39	445.67	615.85	1.53	53.64	0.23	29.35	2245.63	-1519.95	968.68
Saccade R	1	26	3377927028	3377979035	52007	504.97	654.39	445.67	615.85	1.53	53.64	0.23	29.35	2245.63	-1519.95	968.68
Fixation L	1	27	3377979035	3378159065	180030	429.87	646.72	28	52	-1	13.36	13.36
Fixation R	1	26	3377979035	3378159065	180030	429.87	646.72	28	52	-1	14.04	14.04
Saccade L	1	28	3378159065	3378183045	23980	444.49	657.04	452.83	615.78	0.80	51.38	0.50	33.28	2004.59	-2287.04	1610.79
Saccade R	1	27	3378159065	3378183045	23980	444.49	657.04	452.83	615.78	0.80	51.38	0.50	33.28	2004.59	-2287.04	1610.79
Fixation L	1	28	3378183045	3379918999	1735954	453.57	634.51	51	60	-1	14.10	14.10
Fixation R	1	27	3378183045	3379918999	1735954	453.57	634.51	51	60	-1	14.66	14.66
Saccade L	1	29	3379918999	3379958945	39946	461.13	646.88	0.00	0.00	19.59	1535.47	0.70	490.37	63354.76	-66108.55	38217.58
Saccade R	1	28	3379918999	3379958945	39946	461.13	646.88	0.00	0.00	19.59	1535.47	0.70	490.37	63354.76	-66108.55	38217.58
Fixation L	1	29	3380066838	3380254840	188002	1003.07	493.54	47	83	-1	13.46	13.46
Fixation R	1	28	3380066838	3380254840	188002	1003.07	493.54	47	83	-1	14.93	14.93
Saccade L	1	30	3380254840	3380298858	44018	973.78	477.40	931.38	427.18	1.47	56.57	0.27	33.32	2379.76	-1192.15	1214.32
Saccade R	1	29	3380254840	3380298858	44018	973.78	477.40	931.38	427.18	1.47	56.57	0.27	33.32	2379.76	-1192.15	1214.32
Fixation R	1	29	3380298858	3381166850	867992	88.48	57.23	1112	1006	-1	11.84	11.84
Fixation L	1	30	3380390854	3381286761	895907	49.98	8.92	1716	1181	-1	12.34	12.34
Saccade R	1	30	3381166850	3381250875	84025	0.00	0.00	0.00	0.00	92.31	2962.78	0.43	1098.61	69336.79	-57786.41	34412.29
Saccade L	1	31	3381286761	3381326872	40111	0.00	0.00	1412.15	-66.31	29.94	1795.99	0.30	746.50	72148.91	-70693.99	50469.25
Saccade R	1	31	3381286761	3381326872	40111	0.00	0.00	1412.15	-66.31	29.94	1795.99	0.30	746.50	72148.91	-70693.99	50469.25
Saccade L	1	32	3381334762	3381358842	24080	1388.88	-70.55	1382.60	-47.76	0.86	56.03	0.67	35.89	4602.67	411.15	1363.48
Saccade R	1	32	3381334762	3381358842	24080	1388.88	-70.55	1382.60	-47.76	0.86	56.03	0.67	35.89	4602.67	411.15	1363.48
Saccade L	1	33	3381358842	3381422736	63894	1382.60	-47.76	1622.79	-4.51	7.29	351.85	0.31	114.03	13167.67	-11639.65	5489.95
Saccade R	1	33	3381358842	3381422736	63894	1382.60	-47.76	1622.79	-4.51	7.29	351.85	0.31	114.03	13167.67	-11639.65	5489.95
Fixation L	1	31	3381466726	3381554731	88005	1622.64	-25.88	49	15	-1	14.47	14.47
Fixation R	1	30	3381466726	3381554731	88005	1622.64	-25.88	49	15	-1	15.37	15.37
Saccade L	1	34	3381574741	3381594732	19991	1595.88	-22.48	1635.17	-21.08	1.00	118.81	0.40	50.21	2547.78	-3575.60	1803.48
Saccade R	1	34	3381574741	3381594732	19991	1595.88	-22.48	1635.17	-21.08	1.00	118.81	0.40	50.21	2547.78	-3575.60	1803.48
Saccade L	1	35	3381630725	3381658725	28000	1648.08	-16.38	1685.90	5.23	1.03	58.44	0.29	36.78	2077.67	-1181.97	1173.96
Saccade R	1	35	3381630725	3381658725	28000	1648.08	-16.38	1685.90	5.23	1.03	58.44	0.29	36.78	2077.67	-1181.97	1173.96
Fixation L	1	32	3381698741	3381798734	99993	1649.33	32.08	47	26	-1	14.27	14.27
Fixation R	1	31	3381698741	3381798734	99993	1649.33	32.08	47	26	-1	15.07	15.07
Saccade L	1	36	3381798734	3381862747	64013	1639.71	41.89	1719.79	-5.85	3.30	109.22	0.38	51.54	3163.74	-4476.85	1812.41
Saccade R	1	36	3381798734	3381862747	64013	1639.71	41.89	1719.79	-5.85	3.30	109.22	0.38	51.54	3163.74	-4476.85	1812.41
Fixation L	1	33	3381862747	3382442744	579997	1687.38	9.06	52	61	-1	13.89	13.89
Fixation R	1	32	3381862747	3382442744	579997	1687.38	9.06	52	61	-1	14.58	14.58
Saccade L	1	37	3382454670	3382538765	84095	1619.51	60.56	1709.65	41.75	4.12	88.82	0.71	49.00	1514.77	-2663.73	979.67
Saccade R	1	37	3382454670	3382538765	84095	1619.51	60.56	1709.65	41.75	4.12	88.82	0.71	49.00	1514.77	-2663.73	979.67
Saccade L	1	38	3382602749	3382646673	43924	1700.04	46.68	1716.15	42.57	1.84	75.52	0.36	41.97	1992.71	-2366.28	1444.59
Saccade R	1	38	3382602749	3382646673	43924	1700.04	46.68	1716.15	42.57	1.84	75.52	0.36	41.97	1992.71	-2366.28	1444.59
Saccade L	1	39	3382674772	3382706752	31980	1721.01	47.24	1708.29	60.67	0.81	49.27	0.62	25.31	1000.41	-1373.69	651.71
Saccade R	1	39	3382674772	3382706752	31980	1721.01	47.24	1708.29	60.67	0.81	49.27	0.62	25.31	1000.41	-1373.69	651.71
Saccade L	1	40	3382814774	3382858776	44002	1684.17	65.61	1705.98	53.55	2.20	90.25	0.45	50.06	2179.95	-1764.09	1016.96
Saccade R	1	40	3382814774	3382858776	44002	1684.17	65.61	1705.98	53.55	2.20	90.25	0.45	50.06	2179.95	-1764.09	1016.96
Saccade L	1	41	3382858776	3382886781	28005	1705.98	53.55	1695.19	61.55	1.23	102.46	0.57	43.80	1916.05	-2287.23	1482.67
Saccade R	1	41	3382858776	3382886781	28005	1705.98	53.55	1695.19	61.55	1.23	102.46	0.57	43.80	1916.05	-2287.23	1482.67
Saccade L	1	42	3382934789	3382962635	27846	1713.71	44.48	1717.63	-18.14	1.31	93.11	0.57	47.12	3654.82	-2668.32	1966.11
Saccade R	1	42	3382934789	3382962635	27846	1713.71	44.48	1717.63	-18.14	1.31	93.11	0.57	47.12	3654.82	-2668.32	1966.11
Saccade L	1	43	3382962635	3382986638	24003	1717.63	-18.14	1720.35	-15.06	0.78	40.29	0.67	32.45	-56.45	-2668.32	960.73
Saccade R	1	43	3382962635	3382986638	24003	1717.63	-18.14	1720.35	-15.06	0.78	40.29	0.67	32.45	-56.45	-2668.32	960.73
Fixation L	1	34	3383062655	3383178636	115981	1696.79	3.06	36	58	-1	14.62	14.62
Fixation R	1	33	3383062655	3383178636	115981	1696.79	3.06	36	58	-1	15.41	15.41
Fixation L	1	35	3383246655	3383530667	284012	1696.58	31.64	19	67	-1	14.70	14.70
Fixation R	1	34	3383246655	3383530667	284012	1696.58	31.64	19	67	-1	15.73	15.73
Fixation L	1	36	3383570672	3384890555	1319883	0.00	0.04	0	5	-1	13.39	13.39
Fixation R	1	35	3383570672	3384890555	1319883	0.00	0.04	0	5	-1	15.05	15.05
Saccade L	1	44	3384890555	3384910589	20034	0.00	0.00	0.00	0.03	23.61	2350.10	0.60	1178.27	115408.11	-84212.50	61479.04
Saccade R	1	44	3384890555	3384910589	20034	0.00	0.00	0.00	0.03	23.61	2350.10	0.60	1178.27	115408.11	-84212.50	61479.04
Fixation L	1	37	3384974557	3385042574	68017	0.00	0.01	0	0	-1	14.80	14.80
Fixation R	1	36	3384974557	3385042574	68017	0.00	0.01	0	0	-1	15.57	15.57
Saccade L	1	45	3385042574	3385070572	27998	0.00	0.00	0.00	0.01	24.72	1177.33	0.43	883.00	63071.21	-63071.14	52559.30
Saccade R	1	45	3385042574	3385070572	27998	0.00	0.00	0.00	0.01	24.72	1177.33	0.43	883.00	63071.21	-63071.14	52559.30
Saccade L	1	46	3385158579	3385202572	43993	0.00	0.00	0.00	0.25	34.97	1186.84	0.27	794.96	63580.04	-63241.63	32276.92
Saccade R	1	46	3385158579	3385202572	43993	0.00	0.00	0.00	0.25	34.97	1186.84	0.27	794.96	63580.04	-63241.63	32276.92
Fixation L	1	38	3385202572	3386106459	903887	0.00	0.01	0	0	-1	9.46	9.46
Fixation R	1	37	3385202572	3386106459	903887	0.00	0.01	0	0	-1	15.80	15.80
Saccade R	1	47	3386106459	3386158488	52029	0.00	0.00	0.00	1.25	52.54	1180.64	0.23	1009.76	63248.10	-62867.51	27874.18
Saccade R	1	48	3386166464	3386190462	23998	0.00	0.17	1843.68	4.73	24.33	2355.88	0.50	1013.68	84343.11	-31534.41	43620.03
Saccade R	1	49	3386190462	3386234514	44052	1843.68	4.73	0.00	6.00	60.74	3530.36	0.73	1378.79	62916.26	-147021.14	57717.35
Saccade R	1	50	3386318457	3386346460	28003	0.00	0.11	0.00	-1.14	24.64	1173.25	0.43	879.97	62850.71	-62845.26	52372.32
Fixation L	1	39	3386346460	3386438472	92012	0.00	-0.32	0	1	-1	7.46	7.46
Fixation R	1	38	3386346460	3386438472	92012	0.00	-0.32	0	1	-1	16.46	16.46
Saccade L	1	47	3386454472	3386486468	31996	0.00	0.42	0.00	1.77	29.12	2334.98	0.75	910.24	83154.60	-20857.39	29980.22
Saccade R	1	51	3386454472	3386486468	31996	0.00	0.42	0.00	1.77	29.12	2334.98	0.75	910.24	83154.60	-20857.39	29980.22
Saccade L	1	48	3386526454	3386554500	28046	0.00	0.28	0.00	0.01	24.84	1180.70	0.57	885.54	63222.33	-63251.28	52695.65
Saccade R	1	52	3386526454	3386554500	28046	0.00	0.28	0.00	0.01	24.84	1180.70	0.57	885.54	63222.33	-63251.28	52695.65
Saccade R	1	53	3386598467	3386626469	28002	0.00	0.00	0.00	0.71	24.84	1182.93	0.43	887.20	63371.09	-52806.03	42231.29
Saccade L	1	49	3386706496	3386726482	19986	0.00	1.22	0.00	2.06	15.72	2344.11	0.40	786.79	-26.39	-94147.63	31686.91
Saccade R	1	54	3386706496	3386726482	19986	0.00	1.22	0.00	2.06	15.72	2344.11	0.40	786.79	-26.39	-94147.63	31686.91
Saccade L	1	50	3386754466	3386786486	32020	0.00	0.00	0.00	1.67	42.01	2352.37	0.38	1312.06	115484.25	-115454.80	70477.33
Saccade R	1	55	3386754466	3386786486	32020	0.00	0.00	0.00	1.67	42.01	2352.37	0.38	1312.06	115484.25	-115454.80	70477.33
Saccade L	1	51	3386826387	3386854465	28078	0.00	0.00	0.00	0.61	24.79	1177.35	0.43	883.02	63016.64	-63068.49	52536.44
Saccade R	1	56	3386826387	3386854465	28078	0.00	0.00	0.00	0.61	24.79	1177.35	0.43	883.02	63016.64	-63068.49	52536.44
Saccade R	1	57	3386942502	3386978474	35972	0.00	4.10	0.00	5.95	38.14	2352.58	0.78	1060.39	83954.53	-62921.54	46143.39
Saccade R	1	58	3386978474	3387006501	28027	0.00	5.95	1841.21	9.29	24.86	2357.94	0.57	887.05	63142.65	-62785.64	35468.39
Saccade R	1	59	3387122340	3387174351	52011	0.00	0.13	0.00	3.89	87.26	3508.55	0.54	1677.63	146349.94	-93613.55	53007.78
Saccade R	1	60	3387174351	3387230344	55993	0.00	3.89	1827.58	8.56	57.56	2353.88	0.43	1027.94	94019.64	-82629.84	32707.10
Saccade R	1	61	3387262380	3387282364	19984	0.00	4.59	1827.17	26.38	23.50	2339.32	0.60	1175.85	-10174.22	-51891.53	31134.50
Fixation L	1	40	3388770774	3388914648	143874	422.58	90.85	1947	1220	-1	13.82	13.82
Fixation R	1	39	3388770774	3388914648	143874	422.58	90.85	1947	1220	-1	13.46	13.46
Saccade L	1	52	3388946662	3389006643	59981	440.49	-41.67	388.40	-80.53	8.41	323.80	0.40	140.14	14059.14	-12973.51	8252.84
Saccade R	1	62	3388946662	3389006643	59981	440.49	-41.67	388.40	-80.53	8.41	323.80	0.40	140.14	14059.14	-12973.51	8252.84
Saccade L	1	53	3389006643	3389058660	52017	388.40	-80.53	885.41	143.52	11.78	548.78	0.38	226.55	23691.99	-16332.19	12690.11
Saccade R	1	63	3389006643	3389058660	52017	388.40	-80.53	885.41	143.52	11.78	548.78	0.38	226.55	23691.99	-16332.19	12690.11
Saccade L	1	54	3389066684	3389090661	23977	887.60	148.62	767.58	155.56	2.38	223.13	0.50	99.13	8639.57	-8999.33	6299.18
Saccade R	1	64	3389066684	3389090661	23977	887.60	148.62	767.58	155.56	2.38	223.13	0.50	99.13	8639.57	-8999.33	6299.18
Fixation L	1	41	3389090661	3389290681	200020	768.00	134.66	84	73	-1	15.74	15.74
Fixation R	1	40	3389090661	3389290681	200020	768.00	134.66	84	73	-1	15.74	15.74
Saccade L	1	55	3389290681	3389334662	43981	725.12	88.14	474.89	427.05	9.15	450.64	0.64	208.13	18605.10	-21571.00	13824.34
Saccade R	1	65	3389290681	3389334662	43981	725.12	88.14	474.89	427.05	9.15	450.64	0.64	208.13	18605.10	-21571.00	13824.34
Fixation L	1	42	3389334662	3389394674	60012	472.24	425.41	11	19	-1	14.72	14.72
Fixation R	1	41	3389334662	3389394674	60012	472.24	425.41	11	19	-1	14.96	14.96
Saccade L	1	56	3389394674	3389430664	35990	472.16	419.08	3.76	0.00	21.57	1772.98	0.67	599.30	53273.76	-78757.37	37228.01
Saccade R	1	66	3389394674	3389430664	35990	472.16	419.08	3.76	0.00	21.57	1772.98	0.67	599.30	53273.76	-78757.37	37228.01
Fixation R	1	42	3389626696	3389698670	71974	0.00	0.00	0	0	-1	11.48	11.48
Fixation L	1	43	3389786661	3390110679	324018	432.60	638.37	32	36	-1	14.44	14.44
Fixation R	1	43	3389786661	3390110679	324018	432.60	638.37	32	36	-1	14.55	14.55
Saccade L	1	57	3390110679	3390154554	43875	423.67	628.00	861.49	637.03	9.25	386.31	0.46	210.83	18182.26	-16155.91	12311.46
Saccade R	1	67	3390110679	3390154554	43875	423.67	628.00	861.49	637.03	9.25	386.31	0.46	210.83	18182.26	-16155.91	12311.46
Fixation L	1	44	3390154554	3390386568	232014	867.54	626.52	27	23	-1	13.46	13.46
Fixation R	1	44	3390154554	3390386568	232014	867.54	626.52	27	23	-1	14.06	14.06
Saccade L	1	58	3390386568	3390434560	47992	860.75	628.92	1066.91	990.24	9.05	342.05	0.50	188.64	15915.13	-15429.15	11102.78
Saccade R	1	68	3390386568	3390434560	47992	860.75	628.92	1066.91	990.24	9.05	342.05	0.50	188.64	15915.13	-15429.15	11102.78
Fixation L	1	45	3390434560	3390498579	64019	1068.23	989.01	8	10	-1	13.09	13.09
Fixation R	1	45	3390434560	3390498579	64019	1068.23	989.01	8	10	-1	13.94	13.94
Saccade L	1	59	3390498579	3390530557	31978	1076.94	981.06	886.89	1079.01	4.47	302.05	0.50	139.73	13715.40	-13405.95	9995.80
Saccade R	1	69	3390498579	3390530557	31978	1076.94	981.06	886.89	1079.01	4.47	302.05	0.50	139.73	13715.40	-13405.95	9995.80
Fixation L	1	46	3390530557	3390606556	75999	872.47	1074.40	27	47	-1	12.85	12.85
Fixation R	1	46	3390530557	3390606556	75999	872.47	1074.40	27	47	-1	13.58	13.58
Saccade L	1	60	3390606556	3390642556	36000	857.45	1080.04	908.54	1045.22	1.28	53.52	0.44	35.57	1975.89	-1582.34	1036.57
Saccade R	1	70	3390606556	3390642556	36000	857.45	1080.04	908.54	1045.22	1.28	53.52	0.44	35.57	1975.89	-1582.34	1036.57
Saccade L	1	61	3390642556	3390674572	32016	908.54	1045.22	853.77	1046.08	1.30	71.01	0.75	40.63	2475.92	-2628.36	1529.75
Saccade R	1	71	3390642556	3390674572	32016	908.54	1045.22	853.77	1046.08	1.30	71.01	0.75	40.63	2475.92	-2628.36	1529.75
Fixation L	1	47	3390674572	3390938570	263998	862.08	1063.01	36	28	-1	14.17	14.17
Fixation R	1	47	3390674572	3390938570	263998	862.08	1063.01	36	28	-1	14.38	14.38
Saccade L	1	62	3390938570	3390978557	39987	856.03	1058.82	1062.61	1136.09	4.55	272.88	0.40	113.82	12984.82	-12193.10	8446.45
Saccade R	1	72	3390938570	3390978557	39987	856.03	1058.82	1062.61	1136.09	4.55	272.88	0.40	113.82	12984.82	-12193.10	8446.45
Fixation L	1	48	3390978557	3391094570	116013	1071.48	1138.33	28	6	-1	15.46	15.46
Fixation R	1	48	3390978557	3391094570	116013	1071.48	1138.33	28	6	-1	15.41	15.41
Saccade L	1	63	3391094570	3391126480	31910	1078.14	1138.44	1027.57	1136.78	1.10	59.25	0.38	34.54	2577.68	-2255.92	1714.06
Saccade R	1	73	3391094570	3391126480	31910	1078.14	1138.44	1027.57	1136.78	1.10	59.25	0.38	34.54	2577.68	-2255.92	1714.06
Fixation L	1	49	3391126480	3391998448	871968	1018.48	1142.97	108	11	-1	16.65	16.65
Fixation R	1	49	3391126480	3391998448	871968	1018.48	1142.97	108	11	-1	16.50	16.50
Saccade L	1	64	3391998448	3392030448	32000	951.02	1136.69	1098.98	1144.26	3.22	228.31	0.50	100.57	10501.48	-9860.08	7312.41
Saccade R	1	74	3391998448	3392030448	32000	951.02	1136.69	1098.98	1144.26	3.22	228.31	0.50	100.57	10501.48	-9860.08	7312.41
Fixation L	1	50	3392066460	3392174483	108023	1071.73	1110.54	1123	1154	-1	11.95	11.95
Fixation R	1	50	3392066460	3392174483	108023	1071.73	1110.54	1123	1154	-1	17.06	17.06
Saccade L	1	65	3392194489	3392226454	31965	1113.38	1153.21	1086.12	1152.09	14.86	1031.06	0.38	464.87	27088.87	-54417.90	29259.34
Saccade R	1	75	3392194489	3392226454	31965	1113.38	1153.21	1086.12	1152.09	14.86	1031.06	0.38	464.87	27088.87	-54417.90	29259.34
Saccade L	1	66	3392238497	3392278457	39960	1088.88	1151.93	1105.92	1150.95	1.35	58.93	0.30	33.69	2471.50	-1404.82	1227.40
Saccade R	1	76	3392238497	3392278457	39960	1088.88	1151.93	1105.92	1150.95	1.35	58.93	0.30	33.69	2471.50	-1404.82	1227.40
Saccade L	1	67	3392314463	3392338381	23918	1096.63	1151.32	1083.63	1150.42	0.76	66.50	0.33	31.88	1394.93	-3004.83	1409.18
Saccade R	1	77	3392314463	3392338381	23918	1096.63	1151.32	1083.63	1150.42	0.76	66.50	0.33	31.88	1394.93	-3004.83	1409.18
Fixation R	1	51	3392338381	3392470458	132077	699.84	708.19	1248	1150	-1	14.97	14.97
Saccade L	1	68	3392590481	3392626382	35901	999.08	550.28	980.71	511.21	1.13	57.33	0.67	31.57	2030.19	-1475.01	1204.94
Saccade R	1	78	3392590481	3392626382	35901	999.08	550.28	980.71	511.21	1.13	57.33	0.67	31.57	2030.19	-1475.01	1204.94
Fixation L	1	51	3392626382	3392750497	124115	982.37	510.45	27	24	-1	16.48	16.48
Fixation R	1	52	3392626382	3392750497	124115	982.37	510.45	27	24	-1	16.62	16.62
Saccade L	1	69	3392750497	3392802371	51874	985.71	502.18	1020.64	593.72	2.31	107.69	0.23	44.52	5149.85	-3969.80	2242.07
Saccade R	1	79	3392750497	3392802371	51874	985.71	502.18	1020.64	593.72	2.31	107.69	0.23	44.52	5149.85	-3969.80	2242.07
Fixation L	1	52	3392802371	3392970350	167979	1027.08	595.86	8	19	-1	14.70	14.70
Fixation R	1	53	3392802371	3392970350	167979	1027.08	595.86	8	19	-1	15.11	15.11
Saccade L	1	70	3392970350	3392994408	24058	1029.65	582.45	1032.18	637.10	1.13	98.57	0.50	47.15	3993.46	-3967.70	2789.14
Saccade R	1	80	3392970350	3392994408	24058	1029.65	582.45	1032.18	637.10	1.13	98.57	0.50	47.15	3993.46	-3967.70	2789.14
Fixation L	1	53	3392994408	3393294389	299981	1025.86	642.67	19	29	-1	13.40	13.40
Fixation R	1	54	3392994408	3393294389	299981	1025.86	642.67	19	29	-1	14.07	14.07
Saccade L	1	71	3393294389	3393358389	64000	1022.47	649.31	261.02	571.59	16.71	461.19	0.62	261.03	21084.20	-20301.33	12040.58
Saccade R	1	81	3393294389	3393358389	64000	1022.47	649.31	261.02	571.59	16.71	461.19	0.62	261.03	21084.20	-20301.33	12040.58
Fixation L	1	54	3393358389	3393502360	143971	271.42	564.97	23	15	-1	13.55	13.55
Fixation R	1	55	3393358389	3393502360	143971	271.42	564.97	23	15	-1	13.59	13.59
Saccade L	1	72	3393502360	3393534387	32027	284.51	574.36	379.06	576.61	1.95	132.71	0.50	60.81	5897.05	-5284.78	4062.73
Saccade R	1	82	3393502360	3393534387	32027	284.51	574.36	379.06	576.61	1.95	132.71	0.50	60.81	5897.05	-5284.78	4062.73
Fixation L	1	55	3393534387	3394462262	927875	421.78	613.14	73	69	-1	14.02	14.02
Fixation R	1	56	3393534387	3394462262	927875	421.78	613.14	73	69	-1	14.49	14.49
Saccade L	1	73	3394462262	3394502287	40025	428.87	628.23	242.57	540.02	4.44	261.95	0.50	110.95	11871.66	-11053.86	7801.64
Saccade R	1	83	3394462262	3394502287	40025	428.87	628.23	242.57	540.02	4.44	261.95	0.50	110.95	11871.66	-11053.86	7801.64
Fixation L	1	56	3394502287	3394618270	115983	236.65	534.08	13	20	-1	13.82	13.82
Fixation R	1	57	3394502287	3394618270	115983	236.65	534.08	13	20	-1	14.18	14.18
Saccade L	1	74	3394618270	3394690275	72005	237.81	545.74	1041.70	556.34	17.60	447.81	0.39	244.40	20610.14	-15411.11	11020.49
Saccade R	1	84	3394618270	3394690275	72005	237.81	545.74	1041.70	556.34	17.60	447.81	0.39	244.40	20610.14	-15411.11	11020.49
Fixation L	1	57	3394690275	3394902271	211996	1025.53	549.35	30	24	-1	13.55	13.55
Fixation R	1	58	3394690275	3394902271	211996	1025.53	549.35	30	24	-1	14.67	14.67
Saccade L	1	75	3394902271	3394934302	32031	1035.31	559.31	0.00	0.00	26.35	2394.48	0.62	822.66	95322.33	-100976.83	65099.44
Saccade R	1	85	3394902271	3394934302	32031	1035.31	559.31	0.00	0.00	26.35	2394.48	0.62	822.66	95322.33	-100976.83	65099.44
Fixation L	1	58	3395046264	3395130305	84041	1041.76	511.89	15	16	-1	12.66	12.66
Fixation R	1	59	3395046264	3395130305	84041	1041.76	511.89	15	16	-1	13.67	13.67
Saccade L	1	76	3395130305	3395150277	19972	1035.43	527.51	1030.04	498.17	0.50	40.67	0.60	24.94	1180.33	-1484.01	900.94
Saccade R	1	86	3395130305	3395150277	19972	1035.43	527.51	1030.04	498.17	0.50	40.67	0.60	24.94	1180.33	-1484.01	900.94
Fixation L	1	59	3395150277	3395570305	420028	1025.01	515.96	20	67	-1	12.42	12.42
Fixation R	1	60	3395150277	3395570305	420028	1025.01	515.96	20	67	-1	13.33	13.33
Saccade L	1	77	3395570305	3395642314	72009	1017.76	556.44	255.14	538.25	16.96	470.06	0.39	235.49	19617.03	-16721.25	10635.47
Saccade R	1	87	3395570305	3395642314	72009	1017.76	556.44	255.14	538.25	16.96	470.06	0.39	235.49	19617.03	-16721.25	10635.47
Fixation L	1	60	3395642314	3395926171	283857	278.86	558.09	44	43	-1	12.81	12.81
Fixation R	1	61	3395642314	3395926171	283857	278.86	558.09	44	43	-1	13.14	13.14
Saccade L	1	78	3395926171	3395954192	28021	295.01	573.70	365.05	561.27	1.55	111.27	0.43	55.48	5055.72	-4757.03	3622.15
Saccade R	1	88	3395926171	3395954192	28021	295.01	573.70	365.05	561.27	1.55	111.27	0.43	55.48	5055.72	-4757.03	3622.15
Fixation L	1	61	3395954192	3396166176	211984	351.01	554.97	27	20	-1	13.32	13.32
Fixation R	1	62	3395954192	3396166176	211984	351.01	554.97	27	20	-1	13.82	13.82
Saccade L	1	79	3396166176	3396234227	68051	344.70	561.26	1070.97	616.96	15.94	485.43	0.35	234.21	21539.49	-13234.85	11425.45
Saccade R	1	89	3396166176	3396234227	68051	344.70	561.26	1070.97	616.96	15.94	485.43	0.35	234.21	21539.49	-13234.85	11425.45
Fixation L	1	62	3396234227	3396502195	267968	1044.88	594.13	45	46	-1	12.95	12.95
Fixation R	1	63	3396234227	3396502195	267968	1044.88	594.13	45	46	-1	13.85	13.85
Saccade L	1	80	3396502195	3396562187	59992	1030.48	571.37	331.13	528.31	15.44	462.83	0.47	257.44	19457.70	-21254.46	13158.37
Saccade R	1	90	3396502195	3396562187	59992	1030.48	571.37	331.13	528.31	15.44	462.83	0.47	257.44	19457.70	-21254.46	13158.37
Fixation L	1	63	3396562187	3396954242	392055	351.05	518.99	35	22	-1	12.84	12.84
Fixation R	1	64	3396562187	3396954242	392055	351.05	518.99	35	22	-1	13.00	13.00
Saccade L	1	81	3396954242	3397018227	63985	358.57	516.63	1007.08	582.77	14.36	426.03	0.37	224.38	20111.13	-16563.90	11414.85
Saccade R	1	91	3396954242	3397018227	63985	358.57	516.63	1007.08	582.77	14.36	426.03	0.37	224.38	20111.13	-16563.90	11414.85
Fixation L	1	64	3397018227	3397174088	155861	1018.36	594.77	38	20	-1	12.74	12.74
Fixation R	1	65	3397018227	3397174088	155861	1018.36	594.77	38	20	-1	13.70	13.70
Saccade L	1	82	3397174088	3397198095	24007	1027.70	601.88	1096.99	597.53	1.34	111.70	0.50	55.69	4977.42	-4919.56	3586.14
Saccade R	1	92	3397174088	3397198095	24007	1027.70	601.88	1096.99	597.53	1.34	111.70	0.50	55.69	4977.42	-4919.56	3586.14
Fixation L	1	65	3397198095	3397538091	339996	1095.93	592.41	26	17	-1	12.13	12.13
Fixation R	1	66	3397198095	3397538091	339996	1095.93	592.41	26	17	-1	13.45	13.45
Saccade L	1	83	3397538091	3397574070	35979	1106.49	597.85	1062.44	568.44	1.15	59.79	0.33	31.93	2458.72	-1702.31	1373.65
Saccade R	1	93	3397538091	3397574070	35979	1106.49	597.85	1062.44	568.44	1.15	59.79	0.33	31.93	2458.72	-1702.31	1373.65
Fixation L	1	66	3397574070	3397658151	84081	1054.73	562.98	11	8	-1	11.83	11.83
Fixation R	1	67	3397574070	3397658151	84081	1054.73	562.98	11	8	-1	12.86	12.86
Saccade L	1	84	3397658151	3397726090	67939	1055.06	567.39	434.16	304.36	15.41	462.61	0.41	226.75	20555.59	-16028.21	11303.72
Saccade R	1	94	3397658151	3397726090	67939	1055.06	567.39	434.16	304.36	15.41	462.61	0.41	226.75	20555.59	-16028.21	11303.72
Fixation L	1	67	3397726090	3397878094	152004	438.26	334.05	11	57	-1	12.38	12.38
Fixation R	1	68	3397726090	3397878094	152004	438.26	334.05	11	57	-1	12.18	12.18
Saccade L	1	85	3397878094	3397906082	27988	443.69	344.29	385.51	349.63	1.24	87.78	0.57	44.14	4125.01	-2871.48	2574.40
Saccade R	1	95	3397878094	3397906082	27988	443.69	344.29	385.51	349.63	1.24	87.78	0.57	44.14	4125.01	-2871.48	2574.40
Fixation L	1	68	3397906082	3398562097	656015	380.94	395.41	79	79	-1	12.94	12.94
Fixation R	1	69	3397906082	3398562097	656015	380.94	395.41	79	79	-1	13.26	13.26
Saccade L	1	86	3398562097	3398625994	63897	403.44	371.59	1082.62	525.11	15.33	465.31	0.31	239.96	20934.58	-13553.11	11453.11
Saccade R	1	96	3398562097	3398625994	63897	403.44	371.59	1082.62	525.11	15.33	465.31	0.31	239.96	20934.58	-13553.11	11453.11
Fixation L	1	69	3398625994	3399226012	600018	1092.00	502.98	40	48	-1	12.07	12.07
Fixation R	1	70	3398625994	3399226012	600018	1092.00	502.98	40	48	-1	13.16	13.16
Saccade L	1	87	3399226012	3399289996	63984	1082.05	486.53	363.65	301.82	16.29	500.40	0.50	254.65	20277.77	-19578.36	12704.23
Saccade R	1	97	3399226012	3399289996	63984	1082.05	486.53	363.65	301.82	16.29	500.40	0.50	254.65	20277.77	-19578.36	12704.23
Fixation L	1	70	3399289996	3399669996	380000	381.32	357.84	31	97	-1	12.53	12.53
Fixation R	1	71	3399289996	3399669996	380000	381.32	357.84	31	97	-1	12.68	12.68
Saccade L	1	88	3399669996	3399730008	60012	378.44	386.29	1025.90	478.97	14.33	489.93	0.33	238.78	22449.39	-14472.24	12072.44
Saccade R	1	98	3399669996	3399730008	60012	378.44	386.29	1025.90	478.97	14.33	489.93	0.33	238.78	22449.39	-14472.24	12072.44
Fixation L	1	71	3399730008	3399962006	231998	1025.15	486.18	17	44	-1	12.81	12.81
Fixation R	1	72	3399730008	3399962006	231998	1025.15	486.18	17	44	-1	13.65	13.65
Saccade L	1	89	3399962006	3399985911	23905	1018.37	498.86	1060.96	497.17	0.83	59.44	0.50	34.66	2485.88	-2183.89	1780.23
Saccade R	1	99	3399962006	3399985911	23905	1018.37	498.86	1060.96	497.17	0.83	59.44	0.50	34.66	2485.88	-2183.89	1780.23
Fixation L	1	72	3399985911	3400069891	83980	1069.37	497.22	14	9	-1	12.41	12.41
Fixation R	1	73	3399985911	3400069891	83980	1069.37	497.22	14	9	-1	13.42	13.42
Saccade L	1	90	3400069891	3400101896	32005	1073.09	497.03	0.00	0.00	28.14	2499.85	0.63	879.11	96996.08	-107708.38	66387.66
Saccade L	1	91	3400121894	3400209887	87993	0.00	0.00	1089.71	502.49	57.65	2640.41	0.36	655.21	61231.31	-86830.03	27804.14
Fixation L	1	73	3400209887	3400313914	104027	1080.67	488.52	17	19	-1	12.18	12.18
Fixation R	1	74	3400209887	3400313914	104027	1080.67	488.52	17	19	-1	13.21	13.21
Saccade L	1	92	3400313914	3400373900	59986	1073.81	482.64	318.41	471.26	16.61	465.54	0.47	276.97	20357.26	-20725.13	12487.79
Saccade R	1	100	3400313914	3400373900	59986	1073.81	482.64	318.41	471.26	16.61	465.54	0.47	276.97	20357.26	-20725.13	12487.79
Fixation L	1	74	3400373900	3400769891	395991	328.17	474.26	35	49	-1	12.88	12.88
Fixation R	1	75	3400373900	3400769891	395991	328.17	474.26	35	49	-1	13.18	13.18
Saccade L	1	93	3400769891	3400801899	32008	315.84	489.16	293.63	392.56	1.99	126.14	0.50	62.22	5915.15	-5422.71	4186.34
Saccade R	1	101	3400769891	3400801899	32008	315.84	489.16	293.63	392.56	1.99	126.14	0.50	62.22	5915.15	-5422.71	4186.34
Fixation L	1	75	3400801899	3400945918	144019	288.71	385.72	26	46	-1	12.67	12.67
Fixation R	1	76	3400801899	3400945918	144019	288.71	385.72	26	46	-1	13.22	13.22
Saccade L	1	94	3401005948	3401037944	31996	255.27	357.69	322.84	387.89	1.36	73.73	0.37	42.48	2885.62	-2638.64	2014.19
Saccade R	1	102	3401005948	3401037944	31996	255.27	357.69	322.84	387.89	1.36	73.73	0.37	42.48	2885.62	-2638.64	2014.19
Fixation L	1	76	3401037944	3401173922	135978	329.02	379.95	23	38	-1	12.59	12.59
Fixation R	1	77	3401037944	3401173922	135978	329.02	379.95	23	38	-1	13.09	13.09
Saccade L	1	95	3401173922	3401205913	31991	342.85	363.03	311.70	474.05	2.30	158.39	0.50	71.92	7514.29	-7108.82	5168.88
Saccade R	1	103	3401173922	3401205913	31991	342.85	363.03	311.70	474.05	2.30	158.39	0.50	71.92	7514.29	-7108.82	5168.88
Fixation L	1	77	3401205913	3401461814	255901	309.89	476.53	16	18	-1	12.98	12.98
Fixation R	1	78	3401205913	3401461814	255901	309.89	476.53	16	18	-1	13.11	13.11
Saccade L	1	96	3401461814	3401493793	31979	318.44	477.53	358.86	531.67	1.58	97.92	0.50	49.49	4564.62	-3940.16	3031.85
Saccade R	1	104	3401461814	3401493793	31979	318.44	477.53	358.86	531.67	1.58	97.92	0.50	49.49	4564.62	-3940.16	3031.85
Fixation L	1	78	3401493793	3401669793	176000	366.73	545.77	12	19	-1	13.04	13.04
Fixation R	1	79	3401493793	3401669793	176000	366.73	545.77	12	19	-1	13.35	13.35
Saccade L	1	97	3401669793	3401709802	40009	365.45	552.43	359.53	431.69	2.51	147.88	0.30	62.63	6476.05	-4898.41	3679.79
Saccade R	1	105	3401669793	3401709802	40009	365.45	552.43	359.53	431.69	2.51	147.88	0.30	62.63	6476.05	-4898.41	3679.79
Fixation L	1	79	3401709802	3401905846	196044	367.88	405.36	25	50	-1	13.24	13.24
Fixation R	1	80	3401709802	3401905846	196044	367.88	405.36	25	50	-1	13.45	13.45
Saccade L	1	98	3401905846	3401937794	31948	363.66	395.07	412.51	386.71	1.15	71.40	0.38	36.01	2837.37	-2732.51	2070.76
Saccade R	1	106	3401905846	3401937794	31948	363.66	395.07	412.51	386.71	1.15	71.40	0.38	36.01	2837.37	-2732.51	2070.76
Fixation L	1	80	3401937794	3402409807	472013	416.41	367.22	34	44	-1	12.94	12.94
Fixation R	1	81	3401937794	3402409807	472013	416.41	367.22	34	44	-1	13.31	13.31
Saccade L	1	99	3402409807	3402481840	72033	403.12	365.60	1074.67	593.43	15.92	455.30	0.33	221.03	21687.36	-11293.95	10221.84
Saccade R	1	107	3402409807	3402481840	72033	403.12	365.60	1074.67	593.43	15.92	455.30	0.33	221.03	21687.36	-11293.95	10221.84
Fixation L	1	81	3402481840	3402617845	136005	1062.46	581.40	37	20	-1	12.62	12.62
Fixation R	1	82	3402481840	3402617845	136005	1062.46	581.40	37	20	-1	13.40	13.40
Saccade L	1	100	3402617845	3402641848	24003	1042.26	578.10	1085.70	580.24	0.84	54.05	0.50	34.88	2444.70	-2057.81	1653.17
Saccade R	1	108	3402617845	3402641848	24003	1042.26	578.10	1085.70	580.24	0.84	54.05	0.50	34.88	2444.70	-2057.81	1653.17
Fixation L	1	82	3402641848	3402857694	215846	1089.13	561.20	14	35	-1	12.39	12.39
Fixation R	1	83	3402641848	3402857694	215846	1089.13	561.20	14	35	-1	13.26	13.26
Saccade L	1	101	3402857694	3402881714	24020	1085.01	552.46	1111.22	569.67	0.66	40.93	0.50	27.67	1923.10	-1161.61	1147.71
Saccade R	1	109	3402857694	3402881714	24020	1085.01	552.46	1111.22	569.67	0.66	40.93	0.50	27.67	1923.10	-1161.61	1147.71
Fixation L	1	83	3402881714	3403109695	227981	1125.07	580.98	17	16	-1	12.01	12.01
Fixation R	1	84	3402881714	3403109695	227981	1125.07	580.98	17	16	-1	13.10	13.10
Saccade L	1	102	3403109695	3403137701	28006	1123.89	579.28	1001.11	577.47	2.47	188.42	0.57	88.05	8503.52	-8689.41	6396.38
Saccade R	1	110	3403109695	3403137701	28006	1123.89	579.28	1001.11	577.47	2.47	188.42	0.57	88.05	8503.52	-8689.41	6396.38
Fixation L	1	84	3403137701	3403325730	188029	996.93	571.67	15	16	-1	12.14	12.14
Fixation R	1	85	3403137701	3403325730	188029	996.93	571.67	15	16	-1	12.81	12.81
Saccade L	1	103	3403325730	3403357714	31984	989.84	571.19	0.00	0.00	29.26	2471.65	0.63	914.83	95302.93	-105925.30	67242.44
Saccade R	1	111	3403325730	3403357714	31984	989.84	571.19	0.00	0.00	29.26	2471.65	0.63	914.83	95302.93	-105925.30	67242.44
Fixation L	1	85	3403465700	3403861743	396043	1127.77	546.42	35	47	-1	12.19	12.19
Fixation R	1	86	3403465700	3403861743	396043	1127.77	546.42	35	47	-1	13.11	13.11
Saccade L	1	104	3403861743	3403893723	31980	1136.13	536.34	1091.89	553.53	1.10	66.59	0.38	34.26	2941.93	-1971.67	1745.71
Saccade R	1	112	3403861743	3403893723	31980	1136.13	536.34	1091.89	553.53	1.10	66.59	0.38	34.26	2941.93	-1971.67	1745.71
Fixation L	1	86	3403893723	3404037729	144006	1087.05	558.05	9	13	-1	12.05	12.05
Fixation R	1	87	3403893723	3404037729	144006	1087.05	558.05	9	13	-1	12.77	12.77
