[BeGaze]
Converted from:	D:\Kirillov\Results\ermolova_temp\Vita-eye_data.idf
Date:	17.04.2019 03:54:22
Version:	BeGaze 3.0.181
Sample Rate:	250
Subject:	Vita
Description:	Run38

Table Header for Fixations:
Event Type	Trial	Number	Start	End	Duration	Location X	Location Y	Dispersion X	Dispersion Y	Plane	Avg. Pupil Size X	Avg. Pupil Size Y

Table Header for Saccades:
Event Type	Trial	Number	Start	End	Duration	Start Loc.X	Start Loc.Y	End Loc.X	End Loc.Y	Amplitude	Peak Speed	Peak Speed At	Average Speed	Peak Accel.	Peak Decel.	Average Accel.

Table Header for User Events:
Event Type	Trial	Number	Start	Description

UserEvent	1	1	6335657235	# Message: Questionnaire11.jpg
Fixation L	1	1	6335659380	6335899339	239959	503.96	571.23	21	19	-1	15.64	15.64
Fixation R	1	1	6335659380	6335899339	239959	503.96	571.23	21	19	-1	15.52	15.52
Saccade L	1	1	6335899339	6335943989	44650	499.09	570.83	331.06	331.24	6.57	394.89	0.27	147.04	18599.70	-16210.55	10217.59
Saccade R	1	1	6335899339	6335943989	44650	499.09	570.83	331.06	331.24	6.57	394.89	0.27	147.04	18599.70	-16210.55	10217.59
Fixation L	1	2	6335943989	6336139357	195368	322.61	311.34	24	35	-1	13.79	13.79
Fixation R	1	2	6335943989	6336139357	195368	322.61	311.34	24	35	-1	13.47	13.47
Saccade L	1	2	6336139357	6336183326	43969	324.24	293.25	353.18	255.05	1.25	56.02	0.45	28.37	2098.75	-1924.84	1342.52
Saccade R	1	2	6336139357	6336183326	43969	324.24	293.25	353.18	255.05	1.25	56.02	0.45	28.37	2098.75	-1924.84	1342.52
Fixation L	1	3	6336183326	6336639354	456028	344.52	266.20	28	36	-1	13.12	13.12
Fixation R	1	3	6336183326	6336639354	456028	344.52	266.20	28	36	-1	12.98	12.98
Saccade L	1	3	6336639354	6336679337	39983	340.12	284.43	375.03	303.39	1.05	62.81	0.30	26.26	2565.70	-2024.27	1292.70
Saccade R	1	3	6336639354	6336679337	39983	340.12	284.43	375.03	303.39	1.05	62.81	0.30	26.26	2565.70	-2024.27	1292.70
Fixation L	1	4	6336679337	6337179238	499901	386.71	292.12	27	28	-1	14.20	14.20
Fixation R	1	4	6336679337	6337179238	499901	386.71	292.12	27	28	-1	14.07	14.07
UserEvent	1	2	6336751464	# Message: UE-mouseclick left x=389 y=294
Saccade L	1	4	6337179238	6337207221	27983	400.26	289.65	331.92	292.78	1.52	121.44	0.57	54.25	5745.42	-5287.30	3997.21
Saccade R	1	4	6337179238	6337207221	27983	400.26	289.65	331.92	292.78	1.52	121.44	0.57	54.25	5745.42	-5287.30	3997.21
Fixation L	1	5	6337207221	6337479220	271999	336.68	294.48	23	18	-1	14.96	14.96
Fixation R	1	5	6337207221	6337479220	271999	336.68	294.48	23	18	-1	14.89	14.89
Saccade L	1	5	6337479220	6337511218	31998	344.37	301.74	391.74	309.15	1.47	107.58	0.37	45.91	4595.11	-4080.67	2724.17
Saccade R	1	5	6337479220	6337511218	31998	344.37	301.74	391.74	309.15	1.47	107.58	0.37	45.91	4595.11	-4080.67	2724.17
Fixation L	1	6	6337511218	6337699237	188019	408.15	310.44	25	12	-1	15.17	15.17
Fixation R	1	6	6337511218	6337699237	188019	408.15	310.44	25	12	-1	15.34	15.34
UserEvent	1	3	6337631479	# Message: UE-mouseclick left x=409 y=308
Saccade L	1	6	6337699237	6337719224	19987	416.29	309.92	385.14	311.00	0.61	59.38	0.60	30.54	2322.52	-2296.09	1587.57
Saccade R	1	6	6337699237	6337719224	19987	416.29	309.92	385.14	311.00	0.61	59.38	0.60	30.54	2322.52	-2296.09	1587.57
Fixation L	1	7	6337719224	6338115107	395883	382.28	307.64	28	39	-1	14.73	14.73
Fixation R	1	7	6337719224	6338115107	395883	382.28	307.64	28	39	-1	14.85	14.85
Saccade L	1	7	6338115107	6338139164	24057	396.34	300.18	390.99	378.46	1.61	155.02	0.67	67.04	6933.26	-5901.61	4377.95
Saccade R	1	7	6338115107	6338139164	24057	396.34	300.18	390.99	378.46	1.61	155.02	0.67	67.04	6933.26	-5901.61	4377.95
Fixation L	1	8	6338139164	6338363118	223954	388.38	374.67	16	22	-1	14.79	14.79
Fixation R	1	8	6338139164	6338363118	223954	388.38	374.67	16	22	-1	14.86	14.86
UserEvent	1	4	6338247525	# Message: UE-mouseclick left x=423 y=399
