[BeGaze]
Converted from:	D:\Kirillov\Results\ermolova_temp\Ignat2-eye_data.idf
Date:	17.04.2019 03:54:15
Version:	BeGaze 3.0.181
Sample Rate:	250
Subject:	Ignat2
Description:	Run37

Table Header for Fixations:
Event Type	Trial	Number	Start	End	Duration	Location X	Location Y	Dispersion X	Dispersion Y	Plane	Avg. Pupil Size X	Avg. Pupil Size Y

Table Header for Saccades:
Event Type	Trial	Number	Start	End	Duration	Start Loc.X	Start Loc.Y	End Loc.X	End Loc.Y	Amplitude	Peak Speed	Peak Speed At	Average Speed	Peak Accel.	Peak Decel.	Average Accel.

Table Header for User Events:
Event Type	Trial	Number	Start	Description

UserEvent	1	1	5561624335	# Message: Questionnaire16.jpg
Fixation L	1	1	5561649651	5561765667	116016	495.75	481.27	13	32	-1	12.56	12.56
Fixation R	1	1	5561649651	5561765667	116016	495.75	481.27	13	32	-1	12.01	12.01
Saccade L	1	1	5561865650	5561925665	60015	497.20	528.21	568.41	104.78	9.86	545.81	0.40	164.34	25609.27	-23704.33	12562.71
Saccade R	1	1	5561865650	5561925665	60015	497.20	528.21	568.41	104.78	9.86	545.81	0.40	164.34	25609.27	-23704.33	12562.71
Saccade L	1	2	5561925665	5561969652	43987	568.41	104.78	552.13	141.04	1.72	99.65	0.36	39.16	3724.51	-2802.21	1996.17
Saccade R	1	2	5561925665	5561969652	43987	568.41	104.78	552.13	141.04	1.72	99.65	0.36	39.16	3724.51	-2802.21	1996.17
Saccade L	1	3	5562066440	5562117681	51241	539.34	154.69	526.83	198.37	1.86	87.42	0.77	36.33	2844.44	-1592.13	1145.13
Saccade R	1	3	5562066440	5562117681	51241	539.34	154.69	526.83	198.37	1.86	87.42	0.77	36.33	2844.44	-1592.13	1145.13
Fixation L	1	2	5562181674	5562241667	59993	578.90	100.73	8	32	-1	11.40	11.40
Fixation R	1	2	5562181674	5562241667	59993	578.90	100.73	8	32	-1	10.94	10.94
Saccade L	1	4	5562241667	5562293660	51993	582.93	88.09	571.59	125.75	2.23	106.35	0.23	42.82	3294.17	-2499.22	1760.98
Saccade R	1	4	5562241667	5562293660	51993	582.93	88.09	571.59	125.75	2.23	106.35	0.23	42.82	3294.17	-2499.22	1760.98
Saccade L	1	5	5562373661	5562401537	27876	573.12	94.15	568.88	130.00	0.76	45.02	0.43	27.34	10895.58	-1776.56	2828.68
Saccade R	1	5	5562373661	5562401537	27876	573.12	94.15	568.88	130.00	0.76	45.02	0.43	27.34	10895.58	-1776.56	2828.68
Saccade L	1	6	5562401537	5562445559	44022	568.88	130.00	585.59	49.55	5.20	312.03	0.27	118.04	10895.58	-7319.96	4787.88
Saccade R	1	6	5562401537	5562445559	44022	568.88	130.00	585.59	49.55	5.20	312.03	0.27	118.04	10895.58	-7319.96	4787.88
Saccade L	1	7	5562473540	5562501670	28130	734.28	166.42	595.50	47.05	3.87	353.88	0.57	137.43	13465.66	-14530.78	9282.53
Saccade R	1	7	5562473540	5562501670	28130	734.28	166.42	595.50	47.05	3.87	353.88	0.57	137.43	13465.66	-14530.78	9282.53
UserEvent	1	2	5562502700	# Message: UE-mouseclick left x=345 y=328
Saccade L	1	8	5562617545	5562669543	51998	534.10	98.58	545.01	127.63	1.33	57.77	0.38	25.62	1355.93	-1919.01	941.31
Saccade R	1	8	5562617545	5562669543	51998	534.10	98.58	545.01	127.63	1.33	57.77	0.38	25.62	1355.93	-1919.01	941.31
Fixation L	1	3	5562669543	5562897545	228002	533.25	111.87	51	59	-1	11.44	11.44
Fixation R	1	3	5562669543	5562897545	228002	533.25	111.87	51	59	-1	11.17	11.17
Saccade L	1	9	5562897545	5562941558	44013	516.33	137.75	580.24	76.04	2.02	93.76	0.45	45.91	3828.65	-3773.40	2510.17
Saccade R	1	9	5562897545	5562941558	44013	516.33	137.75	580.24	76.04	2.02	93.76	0.45	45.91	3828.65	-3773.40	2510.17
Fixation L	1	4	5562941558	5563145566	204008	587.94	64.38	42	46	-1	11.36	11.36
Fixation R	1	4	5562941558	5563145566	204008	587.94	64.38	42	46	-1	11.14	11.14
UserEvent	1	3	5563014647	# Message: UE-mouseclick left x=367 y=331
Saccade L	1	10	5563145566	5563193570	48004	566.19	79.05	502.56	133.65	2.76	148.86	0.50	57.54	5598.91	-5520.54	3389.69
Saccade R	1	10	5563145566	5563193570	48004	566.19	79.05	502.56	133.65	2.76	148.86	0.50	57.54	5598.91	-5520.54	3389.69
Fixation L	1	5	5563193570	5563329566	135996	518.47	132.77	28	33	-1	11.25	11.25
Fixation R	1	5	5563193570	5563329566	135996	518.47	132.77	28	33	-1	10.97	10.97
Saccade L	1	11	5563329566	5563409561	79995	524.67	137.53	522.67	210.95	3.73	187.57	0.30	46.58	8295.14	-6825.47	2718.77
Saccade R	1	11	5563329566	5563409561	79995	524.67	137.53	522.67	210.95	3.73	187.57	0.30	46.58	8295.14	-6825.47	2718.77
Fixation L	1	6	5563409561	5563529558	119997	517.72	212.46	17	22	-1	11.30	11.30
Fixation R	1	6	5563409561	5563529558	119997	517.72	212.46	17	22	-1	10.85	10.85
UserEvent	1	4	5563454685	# Message: UE-mouseclick left x=359 y=388
