[BeGaze]
Converted from:	D:\Kirillov\Results\ermolova_temp\Dima-eye_data.idf
Date:	17.04.2019 03:53:55
Version:	BeGaze 3.0.181
Sample Rate:	250
Subject:	Dima
Description:	Run33

Table Header for Fixations:
Event Type	Trial	Number	Start	End	Duration	Location X	Location Y	Dispersion X	Dispersion Y	Plane	Avg. Pupil Size X	Avg. Pupil Size Y

Table Header for Saccades:
Event Type	Trial	Number	Start	End	Duration	Start Loc.X	Start Loc.Y	End Loc.X	End Loc.Y	Amplitude	Peak Speed	Peak Speed At	Average Speed	Peak Accel.	Peak Decel.	Average Accel.

Table Header for User Events:
Event Type	Trial	Number	Start	Description

UserEvent	1	1	699803698	# Message: experiment-02.jpg
Fixation L	1	1	699804870	700004720	199850	386.94	412.48	19	38	-1	15.78	15.78
Fixation R	1	1	699804870	700004720	199850	386.94	412.48	19	38	-1	16.17	16.17
Saccade L	1	1	700004720	700060759	56039	388.20	393.94	915.21	552.99	12.18	517.18	0.43	217.28	23536.20	-19173.84	13474.48
Saccade R	1	1	700004720	700060759	56039	388.20	393.94	915.21	552.99	12.18	517.18	0.43	217.28	23536.20	-19173.84	13474.48
Saccade L	1	2	700060759	700112750	51991	915.21	552.99	864.48	516.80	1.43	42.31	0.61	27.52	763.62	-3824.32	870.78
Saccade R	1	2	700060759	700112750	51991	915.21	552.99	864.48	516.80	1.43	42.31	0.61	27.52	763.62	-3824.32	870.78
Fixation L	1	2	700112750	700164781	52031	860.50	512.18	9	7	-1	15.40	15.40
Fixation R	1	2	700112750	700164781	52031	860.50	512.18	9	7	-1	16.34	16.34
Saccade L	1	3	700164781	700208744	43963	868.03	508.35	1025.47	531.46	3.51	192.97	0.36	79.73	8450.80	-6536.73	4994.81
Saccade R	1	3	700164781	700208744	43963	868.03	508.35	1025.47	531.46	3.51	192.97	0.36	79.73	8450.80	-6536.73	4994.81
Fixation L	1	3	700208744	700368740	159996	286.30	141.50	1419	576	-1	11.53	11.53
Saccade R	1	4	700224725	700260759	36034	1029.49	532.45	0.00	0.00	27.76	2577.43	0.67	770.26	102045.26	-111510.58	60603.03
Fixation R	1	3	700260759	700368740	107981	0.00	0.00	0	0	-1	7.41	7.53
Fixation L	1	4	700436733	700616728	179995	1071.25	502.10	168	53	-1	14.20	14.20
Fixation R	1	4	700436733	700616728	179995	1071.25	502.10	168	53	-1	15.36	15.36
Saccade L	1	4	700616728	700684769	68041	1072.98	503.14	1082.51	574.32	2.32	56.45	0.24	34.13	1884.91	-1047.97	1008.27
Saccade R	1	5	700616728	700684769	68041	1072.98	503.14	1082.51	574.32	2.32	56.45	0.24	34.13	1884.91	-1047.97	1008.27
Fixation L	1	5	700684769	700960756	275987	503.29	325.16	1116	691	-1	11.81	11.81
Fixation R	1	5	700684769	700776714	91945	1075.84	585.81	11	20	-1	15.57	15.57
Fixation L	1	6	701048765	701220753	171988	384.21	532.73	31	48	-1	14.09	14.09
Fixation R	1	6	701048765	701220753	171988	384.21	532.73	31	48	-1	14.80	14.80
Saccade L	1	5	701220753	701276634	55881	377.19	547.00	1139.07	600.92	16.52	611.74	0.36	295.64	28949.50	-19745.46	16209.09
Saccade R	1	6	701220753	701276634	55881	377.19	547.00	1139.07	600.92	16.52	611.74	0.36	295.64	28949.50	-19745.46	16209.09
Saccade L	1	6	701276634	701320624	43990	1139.07	600.92	1063.87	579.97	1.69	59.76	0.64	38.40	1786.22	-5162.46	1759.24
Saccade R	1	7	701276634	701320624	43990	1139.07	600.92	1063.87	579.97	1.69	59.76	0.64	38.40	1786.22	-5162.46	1759.24
Fixation L	1	7	701320624	701500643	180019	1059.03	580.06	14	13	-1	14.01	14.01
Fixation R	1	7	701320624	701500643	180019	1059.03	580.06	14	13	-1	15.12	15.12
Saccade L	1	7	701500643	701536625	35982	1053.68	579.62	1108.19	558.29	1.30	67.26	0.44	36.18	3060.67	-2138.23	1813.07
Saccade R	1	8	701500643	701536625	35982	1053.68	579.62	1108.19	558.29	1.30	67.26	0.44	36.18	3060.67	-2138.23	1813.07
Fixation L	1	8	701536625	701964636	428011	1087.73	545.37	45	59	-1	13.66	13.66
Fixation R	1	8	701536625	701964636	428011	1087.73	545.37	45	59	-1	14.75	14.75
Saccade L	1	8	701964636	702020634	55998	1089.23	546.08	314.70	633.12	16.91	586.01	0.43	302.01	26344.69	-23538.99	16536.36
Saccade R	1	9	701964636	702020634	55998	1089.23	546.08	314.70	633.12	16.91	586.01	0.43	302.01	26344.69	-23538.99	16536.36
Saccade L	1	9	702020634	702072637	52003	314.70	633.12	379.09	593.39	1.76	52.91	0.54	33.78	1962.31	-9060.91	1892.62
Saccade R	1	10	702020634	702072637	52003	314.70	633.12	379.09	593.39	1.76	52.91	0.54	33.78	1962.31	-9060.91	1892.62
Fixation L	1	9	702072637	702184673	112036	397.36	604.08	24	23	-1	13.90	13.90
Fixation R	1	9	702072637	702184673	112036	397.36	604.08	24	23	-1	14.34	14.34
Saccade L	1	10	702184673	702224666	39993	402.53	610.36	448.29	551.47	1.60	64.75	0.40	39.95	2929.30	-2144.54	1830.95
Saccade R	1	11	702184673	702224666	39993	402.53	610.36	448.29	551.47	1.60	64.75	0.40	39.95	2929.30	-2144.54	1830.95
Fixation L	1	10	702224666	702420668	196002	443.65	560.98	20	23	-1	14.03	14.03
Fixation R	1	10	702224666	702420668	196002	443.65	560.98	20	23	-1	14.66	14.66
Saccade L	1	11	702420668	702472670	52002	436.10	564.30	301.98	513.70	3.38	134.97	0.23	64.96	6229.44	-4113.27	3180.91
Saccade R	1	12	702420668	702472670	52002	436.10	564.30	301.98	513.70	3.38	134.97	0.23	64.96	6229.44	-4113.27	3180.91
Fixation L	1	11	702472670	702576649	103979	308.40	506.16	16	13	-1	13.90	13.90
Fixation R	1	11	702472670	702576649	103979	308.40	506.16	16	13	-1	14.75	14.75
Saccade L	1	12	702576649	702636558	59909	309.10	510.40	1104.43	571.57	17.47	626.06	0.47	291.67	29337.19	-24524.87	16990.67
Saccade R	1	13	702576649	702636558	59909	309.10	510.40	1104.43	571.57	17.47	626.06	0.47	291.67	29337.19	-24524.87	16990.67
Saccade L	1	13	702636558	702672559	36001	1104.43	571.57	1059.43	533.55	1.21	56.49	0.33	33.66	829.63	-3372.02	1175.50
Saccade R	1	14	702636558	702672559	36001	1104.43	571.57	1059.43	533.55	1.21	56.49	0.33	33.66	829.63	-3372.02	1175.50
Fixation L	1	12	702672559	702724523	51964	1053.15	526.47	15	16	-1	14.05	14.05
Fixation R	1	12	702672559	702724523	51964	1053.15	526.47	15	16	-1	15.09	15.09
Saccade L	1	14	702724523	702752545	28022	1044.32	518.37	1034.99	553.35	0.77	41.07	0.43	27.54	1595.88	-1251.30	1081.72
Saccade R	1	15	702724523	702752545	28022	1044.32	518.37	1034.99	553.35	0.77	41.07	0.43	27.54	1595.88	-1251.30	1081.72
Fixation L	1	13	702752545	702820547	68002	1019.98	563.90	21	18	-1	14.06	14.06
Fixation R	1	13	702752545	702820547	68002	1019.98	563.90	21	18	-1	15.16	15.16
Saccade L	1	15	702820547	702864532	43985	1014.87	569.96	1079.20	512.94	1.78	68.20	0.55	40.54	1969.52	-2520.21	1621.67
Saccade R	1	16	702820547	702864532	43985	1014.87	569.96	1079.20	512.94	1.78	68.20	0.55	40.54	1969.52	-2520.21	1621.67
Fixation L	1	14	702864532	703076558	212026	1077.98	520.81	14	43	-1	13.97	13.97
Fixation R	1	14	702864532	703076558	212026	1077.98	520.81	14	43	-1	14.97	14.97
Saccade L	1	16	703076558	703120566	44008	1079.28	503.67	1157.70	586.05	2.34	96.77	0.45	53.10	3906.38	-3741.03	2707.35
Saccade R	1	17	703076558	703120566	44008	1079.28	503.67	1157.70	586.05	2.34	96.77	0.45	53.10	3906.38	-3741.03	2707.35
Fixation L	1	15	703120566	703300565	179999	1142.77	584.52	35	16	-1	13.75	13.75
Fixation R	1	15	703120566	703300565	179999	1142.77	584.52	35	16	-1	14.76	14.76
Saccade L	1	17	703300565	703324520	23955	1134.26	581.88	1167.40	585.84	0.64	44.69	0.50	26.59	1922.24	-973.49	1082.42
Saccade R	1	18	703300565	703324520	23955	1134.26	581.88	1167.40	585.84	0.64	44.69	0.50	26.59	1922.24	-973.49	1082.42
Fixation L	1	16	703324520	703508571	184051	1186.88	587.08	33	30	-1	13.79	13.79
Fixation R	1	16	703324520	703508571	184051	1186.88	587.08	33	30	-1	14.73	14.73
Saccade L	1	18	703508571	703544570	35999	1182.32	613.76	1235.20	590.10	1.27	62.42	0.33	35.27	2020.33	-1894.06	1437.57
Saccade R	1	19	703508571	703544570	35999	1182.32	613.76	1235.20	590.10	1.27	62.42	0.33	35.27	2020.33	-1894.06	1437.57
Fixation L	1	17	703544570	703632543	87973	1240.39	575.54	9	20	-1	13.77	13.77
Fixation R	1	17	703544570	703632543	87973	1240.39	575.54	9	20	-1	14.59	14.59
Saccade L	1	19	703632543	703696581	64038	1237.89	577.88	290.58	625.47	21.34	634.68	0.44	333.20	28949.63	-22733.40	16025.69
Saccade R	1	20	703632543	703696581	64038	1237.89	577.88	290.58	625.47	21.34	634.68	0.44	333.20	28949.63	-22733.40	16025.69
Saccade L	1	20	703696581	703724549	27968	290.58	625.47	352.50	611.25	1.37	75.26	0.43	49.09	978.67	-9728.23	2948.66
Saccade R	1	21	703696581	703724549	27968	290.58	625.47	352.50	611.25	1.37	75.26	0.43	49.09	978.67	-9728.23	2948.66
Fixation L	1	18	703724549	703896554	172005	376.11	596.04	39	29	-1	14.12	14.12
Fixation R	1	18	703724549	703896554	172005	376.11	596.04	39	29	-1	14.45	14.45
Saccade L	1	21	703896554	704012520	115966	377.91	603.71	1124.97	517.44	21.01	582.14	0.24	181.13	25195.43	-18100.25	8441.30
Saccade R	1	22	703896554	704012520	115966	377.91	603.71	1124.97	517.44	21.01	582.14	0.24	181.13	25195.43	-18100.25	8441.30
Fixation L	1	19	704012520	704100448	87928	1122.93	524.87	9	18	-1	13.81	13.81
Fixation R	1	19	704012520	704100448	87928	1122.93	524.87	9	18	-1	14.49	14.49
Saccade L	1	22	704100448	704132430	31982	1121.68	536.52	1071.35	533.78	1.06	46.85	0.63	33.27	1673.62	-1666.23	1293.69
Saccade R	1	23	704100448	704132430	31982	1121.68	536.52	1071.35	533.78	1.06	46.85	0.63	33.27	1673.62	-1666.23	1293.69
Fixation L	1	20	704132430	704304432	172002	1067.90	522.33	11	28	-1	13.89	13.89
Fixation R	1	20	704132430	704304432	172002	1067.90	522.33	11	28	-1	14.78	14.78
Saccade L	1	23	704304432	704352439	48007	1062.86	504.47	1144.76	481.88	2.00	85.26	0.25	41.58	3823.86	-1856.37	1561.18
Saccade R	1	24	704304432	704352439	48007	1062.86	504.47	1144.76	481.88	2.00	85.26	0.25	41.58	3823.86	-1856.37	1561.18
Fixation L	1	21	704352439	704600452	248013	1155.38	479.04	25	17	-1	13.75	13.75
Fixation R	1	21	704352439	704600452	248013	1155.38	479.04	25	17	-1	14.60	14.60
Saccade L	1	24	704600452	704644446	43994	1152.26	483.84	1239.71	487.92	1.74	66.07	0.45	39.65	2810.32	-2213.69	1811.53
Saccade R	1	25	704600452	704644446	43994	1152.26	483.84	1239.71	487.92	1.74	66.07	0.45	39.65	2810.32	-2213.69	1811.53
Fixation L	1	22	704644446	704776470	132024	1234.49	487.70	14	16	-1	13.61	13.61
Fixation R	1	22	704644446	704776470	132024	1234.49	487.70	14	16	-1	14.66	14.66
Saccade L	1	25	704776470	704820465	43995	1232.26	493.14	1094.77	508.22	2.91	174.83	0.36	66.07	7703.38	-6587.35	4334.34
Saccade R	1	26	704776470	704820465	43995	1232.26	493.14	1094.77	508.22	2.91	174.83	0.36	66.07	7703.38	-6587.35	4334.34
Fixation L	1	23	704820465	704936451	115986	1090.49	499.07	9	22	-1	13.91	13.91
Fixation R	1	23	704820465	704936451	115986	1090.49	499.07	9	22	-1	14.88	14.88
Saccade L	1	26	704936451	704976469	40018	1088.52	491.14	1181.71	492.72	1.90	89.05	0.30	47.43	4066.33	-2392.35	2274.90
Saccade R	1	27	704936451	704976469	40018	1088.52	491.14	1181.71	492.72	1.90	89.05	0.30	47.43	4066.33	-2392.35	2274.90
Fixation L	1	24	704976469	705088458	111989	1175.99	486.55	15	10	-1	13.98	13.98
Fixation R	1	24	704976469	705088458	111989	1175.99	486.55	15	10	-1	14.88	14.88
Saccade L	1	27	705088458	705188478	100020	1172.54	489.54	363.20	443.05	21.97	583.62	0.24	219.70	27648.54	-21058.90	10230.05
Saccade R	1	28	705088458	705188478	100020	1172.54	489.54	363.20	443.05	21.97	583.62	0.24	219.70	27648.54	-21058.90	10230.05
Fixation L	1	25	705188478	705400486	212008	372.60	444.81	16	19	-1	14.24	14.24
Fixation R	1	25	705188478	705400486	212008	372.60	444.81	16	19	-1	14.63	14.63
Saccade L	1	28	705400486	705444349	43863	366.66	437.41	341.17	359.13	1.85	58.39	0.27	42.23	2801.34	-2326.89	1677.61
Saccade R	1	29	705400486	705444349	43863	366.66	437.41	341.17	359.13	1.85	58.39	0.27	42.23	2801.34	-2326.89	1677.61
Fixation L	1	26	705444349	706176348	731999	358.13	363.05	32	60	-1	14.40	14.40
Fixation R	1	26	705444349	706176348	731999	358.13	363.05	32	60	-1	14.87	14.87
Saccade L	1	29	706176348	706244370	68022	366.41	370.80	1160.35	669.40	19.04	537.50	0.41	279.87	24410.19	-19559.02	13305.46
Saccade R	1	30	706176348	706244370	68022	366.41	370.80	1160.35	669.40	19.04	537.50	0.41	279.87	24410.19	-19559.02	13305.46
Fixation L	1	27	706296376	706556351	259975	1085.82	599.17	42	43	-1	14.48	14.48
Fixation R	1	27	706296376	706556351	259975	1085.82	599.17	42	43	-1	15.44	15.44
Fixation L	1	28	706600360	706880255	279895	1069.67	697.23	38	17	-1	14.55	14.55
Fixation R	1	28	706600360	706880255	279895	1069.67	697.23	38	17	-1	15.31	15.31
Saccade L	1	30	706880255	706940244	59989	1074.17	701.30	1172.30	683.21	2.18	70.99	0.40	36.35	2446.17	-2355.35	1450.94
Saccade R	1	31	706880255	706940244	59989	1074.17	701.30	1172.30	683.21	2.18	70.99	0.40	36.35	2446.17	-2355.35	1450.94
Fixation L	1	29	706940244	707068250	128006	1162.09	694.11	20	39	-1	14.34	14.34
Fixation R	1	29	706940244	707068250	128006	1162.09	694.11	20	39	-1	15.31	15.31
Saccade L	1	31	707068250	707116256	48006	1155.22	678.72	1077.37	683.38	1.71	66.94	0.50	35.64	2360.05	-2063.84	1532.86
Saccade R	1	32	707068250	707116256	48006	1155.22	678.72	1077.37	683.38	1.71	66.94	0.50	35.64	2360.05	-2063.84	1532.86
Fixation L	1	30	707116256	707304252	187996	1066.71	677.44	20	14	-1	14.10	14.10
Fixation R	1	30	707116256	707304252	187996	1066.71	677.44	20	14	-1	15.02	15.02
Saccade L	1	32	707304252	707408282	104030	1060.84	683.52	562.27	625.49	14.33	442.29	0.23	137.76	19902.19	-18432.99	7189.03
Saccade R	1	33	707304252	707408282	104030	1060.84	683.52	562.27	625.49	14.33	442.29	0.23	137.76	19902.19	-18432.99	7189.03
Fixation L	1	31	707408282	707484258	75976	570.70	634.45	13	20	-1	14.14	14.14
Fixation R	1	31	707408282	707484258	75976	570.70	634.45	13	20	-1	14.61	14.61
Saccade L	1	33	707484258	707528278	44020	565.21	645.18	389.51	568.40	4.11	168.39	0.27	93.45	8013.10	-6017.98	5098.73
Saccade R	1	34	707484258	707528278	44020	565.21	645.18	389.51	568.40	4.11	168.39	0.27	93.45	8013.10	-6017.98	5098.73
Fixation L	1	32	707528278	707728269	199991	403.08	565.36	22	17	-1	14.20	14.20
Fixation R	1	32	707528278	707728269	199991	403.08	565.36	22	17	-1	14.69	14.69
Saccade L	1	34	707728269	707788292	60023	401.35	567.93	1226.63	666.99	18.16	601.29	0.40	302.60	28069.08	-20820.35	16042.73
Saccade R	1	35	707728269	707788292	60023	401.35	567.93	1226.63	666.99	18.16	601.29	0.40	302.60	28069.08	-20820.35	16042.73
Saccade L	1	35	707788292	707816288	27996	1226.63	666.99	1181.04	654.70	1.03	61.55	0.43	36.70	599.02	-6364.16	1881.58
Saccade R	1	36	707788292	707816288	27996	1226.63	666.99	1181.04	654.70	1.03	61.55	0.43	36.70	599.02	-6364.16	1881.58
Fixation L	1	33	707816288	708132294	316006	1161.74	677.38	32	63	-1	14.19	14.19
Fixation R	1	33	707816288	708132294	316006	1161.74	677.38	32	63	-1	15.27	15.27
Saccade L	1	36	708132294	708168275	35981	1155.56	713.16	1229.34	722.60	1.57	67.91	0.33	43.56	3121.56	-2730.24	2249.29
Saccade R	1	37	708132294	708168275	35981	1155.56	713.16	1229.34	722.60	1.57	67.91	0.33	43.56	3121.56	-2730.24	2249.29
Fixation L	1	34	708168275	708328169	159894	1237.48	705.46	17	38	-1	14.12	14.12
Fixation R	1	34	708168275	708328169	159894	1237.48	705.46	17	38	-1	15.37	15.37
Saccade L	1	37	708328169	708432174	104005	1249.29	683.77	398.43	426.07	24.85	605.20	0.31	238.90	25456.17	-18556.68	10218.30
Saccade R	1	38	708328169	708432174	104005	1249.29	683.77	398.43	426.07	24.85	605.20	0.31	238.90	25456.17	-18556.68	10218.30
Fixation L	1	35	708432174	708608182	176008	390.40	413.08	20	38	-1	14.06	14.06
Fixation R	1	35	708432174	708608182	176008	390.40	413.08	20	38	-1	14.48	14.48
Saccade L	1	38	708608182	708660173	51991	382.13	386.52	1227.75	532.06	18.82	668.05	0.46	361.95	30849.36	-28684.95	20433.85
Saccade R	1	39	708608182	708660173	51991	382.13	386.52	1227.75	532.06	18.82	668.05	0.46	361.95	30849.36	-28684.95	20433.85
Saccade L	1	39	708668157	708708155	39998	1237.19	525.00	1154.80	502.01	1.79	78.59	0.60	44.81	2667.30	-2975.48	1900.38
Saccade R	1	40	708668157	708708155	39998	1237.19	525.00	1154.80	502.01	1.79	78.59	0.60	44.81	2667.30	-2975.48	1900.38
Fixation L	1	36	708708155	709060177	352022	1106.87	504.00	72	40	-1	13.82	13.82
Fixation R	1	36	708708155	709060177	352022	1106.87	504.00	72	40	-1	14.75	14.75
Saccade L	1	40	709060177	709092195	32018	1085.78	510.97	1148.55	504.41	1.28	62.91	0.63	40.05	2547.76	-2533.82	1902.25
Saccade R	1	41	709060177	709092195	32018	1085.78	510.97	1148.55	504.41	1.28	62.91	0.63	40.05	2547.76	-2533.82	1902.25
Fixation L	1	37	709092195	709180186	87991	1151.53	488.85	11	22	-1	13.70	13.70
Fixation R	1	37	709092195	709180186	87991	1151.53	488.85	11	22	-1	14.63	14.63
Saccade L	1	41	709180186	709224187	44001	1143.55	488.69	971.76	498.01	3.60	183.21	0.36	81.85	8815.81	-7019.91	5303.45
Saccade R	1	42	709180186	709224187	44001	1143.55	488.69	971.76	498.01	3.60	183.21	0.36	81.85	8815.81	-7019.91	5303.45
Fixation L	1	38	709224187	709464188	240001	953.22	495.56	451	73	-1	13.76	13.76
Fixation R	1	38	709224187	709464188	240001	953.22	495.56	451	73	-1	14.44	14.44
