[BeGaze]
Converted from:	D:\Kirillov\Results\ermolova_temp\Ignat-eye_data.idf
Date:	17.04.2019 03:54:13
Version:	BeGaze 3.0.181
Sample Rate:	250
Subject:	Ignat
Description:	Run36

Table Header for Fixations:
Event Type	Trial	Number	Start	End	Duration	Location X	Location Y	Dispersion X	Dispersion Y	Plane	Avg. Pupil Size X	Avg. Pupil Size Y

Table Header for Saccades:
Event Type	Trial	Number	Start	End	Duration	Start Loc.X	Start Loc.Y	End Loc.X	End Loc.Y	Amplitude	Peak Speed	Peak Speed At	Average Speed	Peak Accel.	Peak Decel.	Average Accel.

Table Header for User Events:
Event Type	Trial	Number	Start	Description

UserEvent	1	1	5453112158	# Message: experiment-12.jpg
Fixation L	1	1	5453112926	5453348922	235996	492.11	392.28	18	37	-1	11.52	11.52
Fixation R	1	1	5453112926	5453348922	235996	492.11	392.28	18	37	-1	11.02	11.02
Saccade L	1	1	5453348922	5453405013	56091	488.38	405.42	928.22	413.82	9.56	314.07	0.36	170.48	14872.09	-13975.83	9279.91
Saccade R	1	1	5453348922	5453405013	56091	488.38	405.42	928.22	413.82	9.56	314.07	0.36	170.48	14872.09	-13975.83	9279.91
Fixation L	1	2	5453405013	5453708935	303922	934.70	410.95	18	29	-1	10.99	10.99
Fixation R	1	2	5453405013	5453708935	303922	934.70	410.95	18	29	-1	10.71	10.71
Saccade L	1	2	5453708935	5453736922	27987	940.34	396.98	868.69	400.06	1.48	112.49	0.43	52.74	5178.62	-4892.43	3694.58
Saccade R	1	2	5453708935	5453736922	27987	940.34	396.98	868.69	400.06	1.48	112.49	0.43	52.74	5178.62	-4892.43	3694.58
Fixation L	1	3	5453736922	5453904810	167888	877.30	399.36	29	19	-1	10.52	10.52
Fixation R	1	3	5453736922	5453904810	167888	877.30	399.36	29	19	-1	10.22	10.22
Saccade L	1	3	5453904810	5453956822	52012	883.79	409.56	396.16	154.64	11.84	400.47	0.62	227.54	18066.07	-19077.50	12637.41
Saccade R	1	3	5453904810	5453956822	52012	883.79	409.56	396.16	154.64	11.84	400.47	0.62	227.54	18066.07	-19077.50	12637.41
Fixation L	1	4	5453956822	5454336824	380002	412.14	168.12	52	40	-1	10.45	10.45
Fixation R	1	4	5453956822	5454336824	380002	412.14	168.12	52	40	-1	9.97	9.97
Saccade L	1	4	5454336824	5454368823	31999	413.37	158.91	411.44	121.93	0.86	43.32	0.37	26.82	1402.60	-1016.88	869.50
Saccade R	1	4	5454336824	5454368823	31999	413.37	158.91	411.44	121.93	0.86	43.32	0.37	26.82	1402.60	-1016.88	869.50
Fixation L	1	5	5454368823	5454492825	124002	402.97	108.75	26	21	-1	10.81	10.81
Fixation R	1	5	5454368823	5454492825	124002	402.97	108.75	26	21	-1	10.36	10.36
Saccade L	1	5	5454492825	5454540764	47939	391.16	117.36	497.91	379.18	6.12	268.96	0.42	127.71	12525.77	-9573.78	7646.32
Saccade R	1	5	5454492825	5454540764	47939	391.16	117.36	497.91	379.18	6.12	268.96	0.42	127.71	12525.77	-9573.78	7646.32
Fixation L	1	6	5454540764	5454752842	212078	508.80	400.33	19	31	-1	11.11	11.11
Fixation R	1	6	5454540764	5454752842	212078	508.80	400.33	19	31	-1	10.81	10.81
Saccade L	1	6	5454752842	5454800840	47998	505.84	386.28	926.40	424.17	9.07	338.49	0.42	188.88	16361.27	-14445.29	10834.01
Saccade R	1	6	5454752842	5454800840	47998	505.84	386.28	926.40	424.17	9.07	338.49	0.42	188.88	16361.27	-14445.29	10834.01
Fixation L	1	7	5454800840	5455112833	311993	929.23	424.69	54	33	-1	11.13	11.13
Fixation R	1	7	5454800840	5455112833	311993	929.23	424.69	54	33	-1	11.03	11.03
Saccade L	1	7	5455112833	5455164836	52003	894.98	425.39	925.68	612.68	4.18	220.89	0.31	80.32	10329.07	-8513.73	5018.66
Saccade R	1	7	5455112833	5455164836	52003	894.98	425.39	925.68	612.68	4.18	220.89	0.31	80.32	10329.07	-8513.73	5018.66
Fixation L	1	8	5455164836	5455396711	231875	933.36	613.02	24	33	-1	11.01	11.01
Fixation R	1	8	5455164836	5455396711	231875	933.36	613.02	24	33	-1	10.73	10.73
Saccade L	1	8	5455396711	5455424739	28028	928.76	613.78	831.35	624.57	2.06	163.25	0.43	73.45	6434.64	-6598.05	4785.61
Saccade R	1	8	5455396711	5455424739	28028	928.76	613.78	831.35	624.57	2.06	163.25	0.43	73.45	6434.64	-6598.05	4785.61
Fixation L	1	9	5455424739	5455548782	124043	820.99	605.53	13	36	-1	11.03	11.03
Fixation R	1	9	5455424739	5455548782	124043	820.99	605.53	13	36	-1	10.69	10.69
Saccade L	1	9	5455548782	5455584733	35951	820.53	605.89	892.47	599.00	1.50	79.10	0.44	41.84	3517.08	-3055.63	2307.31
Saccade R	1	9	5455548782	5455584733	35951	820.53	605.89	892.47	599.00	1.50	79.10	0.44	41.84	3517.08	-3055.63	2307.31
Fixation L	1	10	5455584733	5455680746	96013	892.70	595.64	12	31	-1	11.09	11.09
Fixation R	1	10	5455584733	5455680746	96013	892.70	595.64	12	31	-1	10.73	10.73
Saccade L	1	10	5455680746	5455728731	47985	893.41	609.24	457.16	738.75	9.81	389.27	0.42	204.49	17578.05	-16861.87	12131.45
Saccade R	1	10	5455680746	5455728731	47985	893.41	609.24	457.16	738.75	9.81	389.27	0.42	204.49	17578.05	-16861.87	12131.45
Fixation L	1	11	5455728731	5455936725	207994	460.42	729.53	15	46	-1	11.35	11.35
Fixation R	1	11	5455728731	5455936725	207994	460.42	729.53	15	46	-1	10.78	10.78
Saccade L	1	11	5455936725	5455988731	52006	462.39	747.10	591.45	520.63	5.62	280.24	0.31	108.16	13184.31	-11403.24	7147.28
Saccade R	1	11	5455936725	5455988731	52006	462.39	747.10	591.45	520.63	5.62	280.24	0.31	108.16	13184.31	-11403.24	7147.28
Fixation L	1	12	5455988731	5456080738	92007	591.21	526.70	7	15	-1	11.33	11.33
Fixation R	1	12	5455988731	5456080738	92007	591.21	526.70	7	15	-1	11.09	11.09
Saccade R	1	12	5456080738	5456108672	27934	592.88	530.62	0.00	0.00	16.77	1616.19	0.57	600.18	65958.95	-68299.43	47506.83
Fixation L	1	13	5456228732	5456292730	63998	933.61	577.76	20	54	-1	11.22	11.22
Fixation R	1	13	5456228732	5456292730	63998	933.61	577.76	20	54	-1	11.06	11.06
Saccade L	1	12	5456292730	5456336736	44006	926.82	604.99	938.42	590.92	1.35	63.11	0.45	30.65	1928.05	-1621.99	901.75
Saccade R	1	13	5456292730	5456336736	44006	926.82	604.99	938.42	590.92	1.35	63.11	0.45	30.65	1928.05	-1621.99	901.75
Fixation L	1	14	5456336736	5456408731	71995	928.59	603.61	19	23	-1	11.37	11.37
Fixation R	1	14	5456336736	5456408731	71995	928.59	603.61	19	23	-1	11.02	11.02
Saccade L	1	13	5456408731	5456472734	64003	921.88	598.77	491.40	274.64	12.00	419.95	0.44	187.53	19642.16	-17058.08	10932.82
Saccade R	1	14	5456408731	5456472734	64003	921.88	598.77	491.40	274.64	12.00	419.95	0.44	187.53	19642.16	-17058.08	10932.82
Fixation L	1	15	5456472734	5456604775	132041	490.23	276.59	23	18	-1	11.48	11.48
Fixation R	1	15	5456472734	5456604775	132041	490.23	276.59	23	18	-1	10.86	10.86
Saccade L	1	14	5456604775	5456636620	31845	484.51	265.79	399.87	93.77	3.87	263.75	0.50	121.50	12470.36	-12664.88	9021.58
Saccade R	1	15	5456604775	5456636620	31845	484.51	265.79	399.87	93.77	3.87	263.75	0.50	121.50	12470.36	-12664.88	9021.58
Fixation L	1	16	5456636620	5456916647	280027	402.18	106.56	19	24	-1	11.04	11.04
Fixation R	1	16	5456636620	5456916647	280027	402.18	106.56	19	24	-1	10.50	10.50
Saccade L	1	15	5456916647	5457000641	83994	393.28	109.57	919.97	525.75	15.23	476.65	0.43	181.37	21494.52	-15897.84	9213.22
Saccade R	1	16	5456916647	5457000641	83994	393.28	109.57	919.97	525.75	15.23	476.65	0.43	181.37	21494.52	-15897.84	9213.22
Fixation L	1	17	5457000641	5457100673	100032	904.77	526.28	27	11	-1	11.10	11.10
Fixation R	1	17	5457000641	5457100673	100032	904.77	526.28	27	11	-1	10.78	10.78
Saccade L	1	16	5457100673	5457124624	23951	902.19	530.60	907.28	573.11	0.86	68.94	0.50	35.77	2530.18	-2122.15	1769.41
Saccade R	1	17	5457100673	5457124624	23951	902.19	530.60	907.28	573.11	0.86	68.94	0.50	35.77	2530.18	-2122.15	1769.41
Fixation L	1	18	5457124624	5457432635	308011	932.61	593.63	53	30	-1	11.23	11.23
Fixation R	1	18	5457124624	5457432635	308011	932.61	593.63	53	30	-1	10.81	10.81
Saccade L	1	17	5457432635	5457484579	51944	957.96	586.86	463.09	742.23	11.29	393.86	0.38	217.38	17988.78	-16002.70	11279.47
Saccade R	1	18	5457432635	5457484579	51944	957.96	586.86	463.09	742.23	11.29	393.86	0.38	217.38	17988.78	-16002.70	11279.47
Fixation L	1	19	5457484579	5457632642	148063	458.77	734.52	16	23	-1	11.22	11.22
Fixation R	1	19	5457484579	5457632642	148063	458.77	734.52	16	23	-1	10.59	10.59
Saccade L	1	18	5457632642	5457688633	55991	447.51	743.93	502.07	351.95	8.62	394.02	0.36	154.00	17880.43	-16615.61	10034.82
Saccade R	1	19	5457632642	5457688633	55991	447.51	743.93	502.07	351.95	8.62	394.02	0.36	154.00	17880.43	-16615.61	10034.82
Fixation L	1	20	5457688633	5457876660	188027	498.90	349.21	8	13	-1	11.16	11.16
Fixation R	1	20	5457688633	5457876660	188027	498.90	349.21	8	13	-1	10.56	10.56
Saccade L	1	19	5457876660	5457936655	59995	500.87	356.55	941.16	569.92	10.81	374.06	0.33	180.13	17237.28	-12736.10	9736.00
Saccade R	1	20	5457876660	5457936655	59995	500.87	356.55	941.16	569.92	10.81	374.06	0.33	180.13	17237.28	-12736.10	9736.00
Fixation L	1	21	5457936655	5458132519	195864	941.22	577.82	18	16	-1	11.10	11.10
Fixation R	1	21	5457936655	5458132519	195864	941.22	577.82	18	16	-1	11.05	11.05
Saccade L	1	20	5458132519	5458164520	32001	938.97	569.79	870.33	628.88	1.84	102.35	0.38	57.36	4689.47	-4495.32	3402.81
Saccade R	1	21	5458132519	5458164520	32001	938.97	569.79	870.33	628.88	1.84	102.35	0.38	57.36	4689.47	-4495.32	3402.81
Fixation L	1	22	5458164520	5458284545	120025	878.41	611.11	14	43	-1	11.11	11.11
Fixation R	1	22	5458164520	5458284545	120025	878.41	611.11	14	43	-1	10.94	10.94
Fixation L	1	23	5458344524	5459352552	1008028	26.57	28.00	994	1098	-1	11.53	11.53
Fixation R	1	23	5458344524	5459352552	1008028	26.57	28.00	994	1098	-1	11.09	11.09
