[BeGaze]
Converted from:	D:\Kirillov\Results\ermolova_temp\Kate 04-eye_data.idf
Date:	17.04.2019 03:52:48
Version:	BeGaze 3.0.181
Sample Rate:	250
Subject:	Kate 04
Description:	Run14

Table Header for Fixations:
Event Type	Trial	Number	Start	End	Duration	Location X	Location Y	Dispersion X	Dispersion Y	Plane	Avg. Pupil Size X	Avg. Pupil Size Y

Table Header for Saccades:
Event Type	Trial	Number	Start	End	Duration	Start Loc.X	Start Loc.Y	End Loc.X	End Loc.Y	Amplitude	Peak Speed	Peak Speed At	Average Speed	Peak Accel.	Peak Decel.	Average Accel.

Table Header for User Events:
Event Type	Trial	Number	Start	Description

UserEvent	1	1	4046308981	# Message: experiment-10.jpg
Fixation L	1	1	4046312191	4046532199	220008	473.93	396.21	28	25	-1	14.67	14.67
Fixation R	1	1	4046312191	4046532199	220008	473.93	396.21	28	25	-1	13.56	13.56
Saccade L	1	1	4046532199	4046572185	39986	477.73	414.70	694.57	551.24	5.55	284.68	0.40	138.84	13406.80	-12153.16	8936.06
Saccade R	1	1	4046532199	4046572185	39986	477.73	414.70	694.57	551.24	5.55	284.68	0.40	138.84	13406.80	-12153.16	8936.06
Fixation L	1	2	4046572185	4046736195	164010	717.31	562.82	36	40	-1	14.36	14.36
Fixation R	1	2	4046572185	4046736195	164010	717.31	562.82	36	40	-1	13.37	13.37
Saccade L	1	2	4046736195	4046788172	51977	732.87	575.64	1113.55	431.71	8.85	321.44	0.38	170.20	15360.12	-13330.94	9707.18
Saccade R	1	2	4046736195	4046788172	51977	732.87	575.64	1113.55	431.71	8.85	321.44	0.38	170.20	15360.12	-13330.94	9707.18
Fixation L	1	3	4046788172	4047056185	268013	1130.09	409.29	29	41	-1	12.79	12.79
Fixation R	1	3	4046788172	4047056185	268013	1130.09	409.29	29	41	-1	12.10	12.10
Saccade L	1	3	4047056185	4047084182	27997	1141.57	395.08	1076.79	408.69	1.41	82.95	0.43	50.25	3867.60	-3777.39	2848.38
Saccade R	1	3	4047056185	4047084182	27997	1141.57	395.08	1076.79	408.69	1.41	82.95	0.43	50.25	3867.60	-3777.39	2848.38
Fixation L	1	4	4047084182	4047220190	136008	1072.66	400.62	7	35	-1	12.67	12.67
Fixation R	1	4	4047084182	4047220190	136008	1072.66	400.62	7	35	-1	11.86	11.86
Saccade L	1	4	4047220190	4047264199	44009	1072.05	395.73	0.00	0.00	30.13	1654.35	0.45	684.67	76413.28	-47205.42	40795.81
Saccade R	1	4	4047220190	4047264199	44009	1072.05	395.73	0.00	0.00	30.13	1654.35	0.45	684.67	76413.28	-47205.42	40795.81
Fixation L	1	5	4047264199	4047352355	88156	0.00	0.00	0	0	-1	10.16	10.16
Fixation R	1	5	4047264199	4047352355	88156	0.00	0.00	0	0	-1	9.55	9.55
Saccade L	1	5	4047500076	4047540074	39998	821.10	692.53	782.67	705.19	1.24	56.46	0.60	30.90	1936.26	-1820.66	1253.83
Saccade R	1	5	4047500076	4047540074	39998	821.10	692.53	782.67	705.19	1.24	56.46	0.60	30.90	1936.26	-1820.66	1253.83
Fixation L	1	6	4047540074	4047776072	235998	774.74	689.65	25	29	-1	13.41	13.41
Fixation R	1	6	4047540074	4047776072	235998	774.74	689.65	25	29	-1	12.48	12.48
Saccade L	1	6	4047776072	4047812072	36000	761.83	680.26	773.15	778.72	2.07	111.33	0.44	57.51	5149.04	-5137.87	3719.06
Saccade R	1	6	4047776072	4047812072	36000	761.83	680.26	773.15	778.72	2.07	111.33	0.44	57.51	5149.04	-5137.87	3719.06
Fixation L	1	7	4047812072	4048060070	247998	770.22	795.13	14	34	-1	13.24	13.24
Fixation R	1	7	4047812072	4048060070	247998	770.22	795.13	14	34	-1	12.30	12.30
Saccade L	1	7	4048060070	4048088078	28008	777.71	781.74	769.54	826.50	0.88	44.36	0.43	31.44	1683.77	-1518.70	1207.01
Saccade R	1	7	4048060070	4048088078	28008	777.71	781.74	769.54	826.50	0.88	44.36	0.43	31.44	1683.77	-1518.70	1207.01
Fixation L	1	8	4048088078	4048484072	395994	576.03	622.70	858	838	-1	10.99	10.99
Fixation R	1	8	4048088078	4048484072	395994	576.03	622.70	858	838	-1	10.70	10.70
Fixation L	1	9	4048672101	4048955949	283848	766.76	692.84	33	84	-1	13.28	13.28
Fixation R	1	9	4048672101	4048955949	283848	766.76	692.84	33	84	-1	12.22	12.22
Saccade L	1	8	4048955949	4048979950	24001	765.25	699.71	770.40	667.36	0.69	41.24	0.50	28.79	1285.24	-1533.47	1025.32
Saccade R	1	8	4048955949	4048979950	24001	765.25	699.71	770.40	667.36	0.69	41.24	0.50	28.79	1285.24	-1533.47	1025.32
Saccade L	1	9	4049023943	4049083958	60015	763.90	667.60	1160.95	389.55	10.93	352.74	0.40	182.07	16657.17	-11046.33	8970.63
Saccade R	1	9	4049023943	4049083958	60015	763.90	667.60	1160.95	389.55	10.93	352.74	0.40	182.07	16657.17	-11046.33	8970.63
Fixation L	1	10	4049083958	4049251966	168008	1175.81	387.32	21	11	-1	12.66	12.66
Fixation R	1	10	4049083958	4049251966	168008	1175.81	387.32	21	11	-1	11.91	11.91
Saccade L	1	10	4049251966	4049291947	39981	1169.77	388.39	1220.74	346.03	1.38	62.04	0.30	34.41	2878.90	-1785.94	1497.21
Saccade R	1	10	4049251966	4049291947	39981	1169.77	388.39	1220.74	346.03	1.38	62.04	0.30	34.41	2878.90	-1785.94	1497.21
Fixation L	1	11	4049291947	4049835952	544005	1222.97	337.69	30	33	-1	12.48	12.48
Fixation R	1	11	4049291947	4049835952	544005	1222.97	337.69	30	33	-1	11.58	11.58
Saccade L	1	11	4049835952	4049867967	32015	1225.54	329.68	1120.01	348.75	2.44	146.71	0.38	76.24	6938.61	-6548.13	5066.73
Saccade R	1	11	4049835952	4049867967	32015	1225.54	329.68	1120.01	348.75	2.44	146.71	0.38	76.24	6938.61	-6548.13	5066.73
Fixation L	1	12	4049867967	4050035967	168000	1108.85	347.16	27	25	-1	12.70	12.70
Fixation R	1	12	4049867967	4050035967	168000	1108.85	347.16	27	25	-1	11.83	11.83
Saccade L	1	12	4050035967	4050075960	39993	1112.41	334.65	1226.47	345.84	2.41	119.21	0.40	60.23	5222.56	-4831.96	3545.11
Saccade R	1	12	4050035967	4050075960	39993	1112.41	334.65	1226.47	345.84	2.41	119.21	0.40	60.23	5222.56	-4831.96	3545.11
Fixation L	1	13	4050075960	4050227836	151876	1228.93	352.96	10	12	-1	12.71	12.71
Fixation R	1	13	4050075960	4050227836	151876	1228.93	352.96	10	12	-1	11.95	11.95
Saccade L	1	13	4050227836	4050247840	20004	1235.41	352.94	1265.95	355.77	0.64	58.20	0.60	31.99	2541.05	-1916.15	1585.90
Saccade R	1	13	4050227836	4050247840	20004	1235.41	352.94	1265.95	355.77	0.64	58.20	0.60	31.99	2541.05	-1916.15	1585.90
Fixation L	1	14	4050247840	4050955862	708022	1261.25	360.45	51	40	-1	13.14	13.14
Fixation R	1	14	4050247840	4050955862	708022	1261.25	360.45	51	40	-1	12.04	12.04
Saccade L	1	14	4050955862	4051031849	75987	1250.81	361.50	759.18	687.39	13.20	333.87	0.42	173.73	11896.35	-10632.21	6547.13
Saccade R	1	14	4050955862	4051031849	75987	1250.81	361.50	759.18	687.39	13.20	333.87	0.42	173.73	11896.35	-10632.21	6547.13
Fixation L	1	15	4051031849	4051139869	108020	754.51	695.54	8	14	-1	13.19	13.19
Fixation R	1	15	4051031849	4051139869	108020	754.51	695.54	8	14	-1	11.89	11.89
Saccade L	1	15	4051139869	4051215842	75973	757.85	694.87	1195.80	360.44	12.28	304.72	0.53	161.65	12823.93	-10057.41	6017.44
Saccade R	1	15	4051139869	4051215842	75973	757.85	694.87	1195.80	360.44	12.28	304.72	0.53	161.65	12823.93	-10057.41	6017.44
Fixation L	1	16	4051215842	4051387857	172015	1211.52	355.62	23	16	-1	12.78	12.78
Fixation R	1	16	4051215842	4051387857	172015	1211.52	355.62	23	16	-1	11.70	11.70
Saccade L	1	16	4051387857	4051431875	44018	1215.12	349.63	1118.93	433.82	3.28	182.06	0.36	74.61	8372.07	-6171.99	4480.51
Saccade R	1	16	4051387857	4051431875	44018	1215.12	349.63	1118.93	433.82	3.28	182.06	0.36	74.61	8372.07	-6171.99	4480.51
Saccade L	1	17	4051475839	4051535856	60017	1119.25	452.27	811.17	747.63	9.50	303.79	0.27	158.26	14197.73	-13023.76	7704.91
Saccade R	1	17	4051475839	4051535856	60017	1119.25	452.27	811.17	747.63	9.50	303.79	0.27	158.26	14197.73	-13023.76	7704.91
Fixation L	1	17	4051535856	4051671722	135866	786.92	756.06	33	13	-1	13.09	13.09
Fixation R	1	17	4051535856	4051671722	135866	786.92	756.06	33	13	-1	11.91	11.91
Saccade L	1	18	4051671722	4051695753	24031	781.23	754.44	867.82	758.67	1.70	148.32	0.50	70.63	6647.21	-5793.18	4563.63
Saccade R	1	18	4051671722	4051695753	24031	781.23	754.44	867.82	758.67	1.70	148.32	0.50	70.63	6647.21	-5793.18	4563.63
Fixation L	1	18	4051695753	4051811730	115977	862.99	755.27	22	9	-1	13.51	13.51
Fixation R	1	18	4051695753	4051811730	115977	862.99	755.27	22	9	-1	12.13	12.13
Saccade L	1	19	4051811730	4051831733	20003	872.77	750.92	902.44	761.20	0.65	59.96	0.60	32.29	2688.22	-2226.57	1742.98
Saccade R	1	19	4051811730	4051831733	20003	872.77	750.92	902.44	761.20	0.65	59.96	0.60	32.29	2688.22	-2226.57	1742.98
Fixation L	1	19	4051831733	4052203732	371999	925.08	772.98	51	35	-1	13.45	13.45
Fixation R	1	19	4051831733	4052203732	371999	925.08	772.98	51	35	-1	12.37	12.37
Saccade L	1	20	4052203732	4052235745	32013	944.30	784.04	932.03	842.20	1.19	66.90	0.50	37.26	3094.68	-2983.22	2283.23
Saccade R	1	20	4052203732	4052235745	32013	944.30	784.04	932.03	842.20	1.19	66.90	0.50	37.26	3094.68	-2983.22	2283.23
Fixation L	1	20	4052235745	4052431769	196024	931.88	844.64	16	13	-1	12.73	12.73
Fixation R	1	20	4052235745	4052431769	196024	931.88	844.64	16	13	-1	11.95	11.95
Saccade L	1	21	4052431769	4052467670	35901	941.27	840.12	929.55	738.87	2.31	134.55	0.67	64.40	5027.68	-5224.89	3626.18
Saccade R	1	21	4052431769	4052467670	35901	941.27	840.12	929.55	738.87	2.31	134.55	0.67	64.40	5027.68	-5224.89	3626.18
Fixation L	1	21	4052467670	4052607759	140089	921.07	735.55	11	12	-1	12.75	12.75
Fixation R	1	21	4052467670	4052607759	140089	921.07	735.55	11	12	-1	12.04	12.04
Saccade L	1	22	4052607759	4052651739	43980	920.23	740.08	770.92	762.06	3.21	150.69	0.36	72.88	7256.74	-4572.31	3909.73
Saccade R	1	22	4052607759	4052651739	43980	920.23	740.08	770.92	762.06	3.21	150.69	0.36	72.88	7256.74	-4572.31	3909.73
Fixation L	1	22	4052651739	4053047755	396016	774.36	775.13	24	20	-1	12.79	12.79
Fixation R	1	22	4052651739	4053047755	396016	774.36	775.13	24	20	-1	11.96	11.96
Saccade L	1	23	4053047755	4053119639	71884	774.30	778.92	947.05	345.14	10.31	320.31	0.44	143.36	8653.07	-10135.94	6474.27
Saccade R	1	23	4053047755	4053119639	71884	774.30	778.92	947.05	345.14	10.31	320.31	0.44	143.36	8653.07	-10135.94	6474.27
Fixation L	1	23	4053119639	4053379618	259979	946.52	332.79	16	20	-1	13.03	13.03
Fixation R	1	23	4053119639	4053379618	259979	946.52	332.79	16	20	-1	12.42	12.42
Saccade L	1	24	4053379618	4053415613	35995	946.96	333.47	1083.12	351.03	2.86	186.58	0.33	79.58	8389.43	-7806.18	5407.19
Saccade R	1	24	4053379618	4053415613	35995	946.96	333.47	1083.12	351.03	2.86	186.58	0.33	79.58	8389.43	-7806.18	5407.19
Fixation L	1	24	4053415613	4053703612	287999	1085.62	365.81	16	24	-1	13.28	13.28
Fixation R	1	24	4053415613	4053703612	287999	1085.62	365.81	16	24	-1	12.53	12.53
Saccade L	1	25	4053703612	4053723612	20000	1092.02	375.44	1127.93	373.72	0.63	45.78	0.60	31.26	2152.16	-1940.88	1493.31
Saccade R	1	25	4053703612	4053723612	20000	1092.02	375.44	1127.93	373.72	0.63	45.78	0.60	31.26	2152.16	-1940.88	1493.31
Fixation L	1	25	4053723612	4053803620	80008	1129.02	373.67	12	7	-1	13.73	13.73
Fixation R	1	25	4053723612	4053803620	80008	1129.02	373.67	12	7	-1	12.80	12.80
Saccade L	1	26	4053803620	4053839625	36005	1125.21	376.35	1182.85	350.50	1.36	71.57	0.33	37.67	3013.91	-1678.35	1595.34
Saccade R	1	26	4053803620	4053839625	36005	1125.21	376.35	1182.85	350.50	1.36	71.57	0.33	37.67	3013.91	-1678.35	1595.34
Fixation L	1	26	4053839625	4054271638	432013	1173.93	353.34	57	43	-1	13.99	13.99
Fixation R	1	26	4053839625	4054271638	432013	1173.93	353.34	57	43	-1	12.84	12.84
Saccade L	1	27	4054271638	4054295565	23927	1139.58	376.19	1102.93	380.00	0.72	51.52	0.50	29.95	2171.25	-1563.56	1400.42
Saccade R	1	27	4054271638	4054295565	23927	1139.58	376.19	1102.93	380.00	0.72	51.52	0.50	29.95	2171.25	-1563.56	1400.42
Fixation L	1	27	4054295565	4054707493	411928	1089.33	376.43	22	32	-1	13.54	13.54
Fixation R	1	27	4054295565	4054707493	411928	1089.33	376.43	22	32	-1	12.59	12.59
Saccade L	1	28	4054707493	4054731505	24012	1087.55	364.39	1119.59	379.20	0.87	70.82	0.50	36.42	3043.33	-2074.98	1945.60
Saccade R	1	28	4054707493	4054731505	24012	1087.55	364.39	1119.59	379.20	0.87	70.82	0.50	36.42	3043.33	-2074.98	1945.60
Fixation L	1	28	4054731505	4055011511	280006	1140.51	392.85	35	17	-1	13.46	13.46
Fixation R	1	28	4054731505	4055011511	280006	1140.51	392.85	35	17	-1	12.47	12.47
Saccade L	1	29	4055011511	4055083514	72003	1153.22	396.81	852.78	772.95	10.70	296.84	0.44	148.58	8560.25	-9339.44	5937.39
Saccade R	1	29	4055011511	4055083514	72003	1153.22	396.81	852.78	772.95	10.70	296.84	0.44	148.58	8560.25	-9339.44	5937.39
Fixation L	1	29	4055083514	4055227509	143995	840.09	788.08	17	25	-1	13.65	13.65
Fixation R	1	29	4055083514	4055227509	143995	840.09	788.08	17	25	-1	12.54	12.54
Fixation L	1	30	4055243503	4055403524	160021	828.29	821.60	13	24	-1	13.56	13.56
Fixation R	1	30	4055243503	4055403524	160021	828.29	821.60	13	24	-1	12.33	12.33
Saccade L	1	30	4055403524	4055427512	23988	820.23	828.74	780.83	833.70	0.87	65.04	0.50	36.48	3036.70	-2639.24	2115.62
Saccade R	1	30	4055403524	4055427512	23988	820.23	828.74	780.83	833.70	0.87	65.04	0.50	36.48	3036.70	-2639.24	2115.62
Fixation L	1	31	4055427512	4055607531	180019	771.65	838.56	20	20	-1	13.28	13.28
Fixation R	1	31	4055427512	4055607531	180019	771.65	838.56	20	20	-1	12.20	12.20
Saccade L	1	31	4055607531	4055639544	32013	766.38	829.39	771.47	754.32	1.47	82.66	0.50	45.93	3889.51	-3429.85	2759.95
Saccade R	1	31	4055607531	4055639544	32013	766.38	829.39	771.47	754.32	1.47	82.66	0.50	45.93	3889.51	-3429.85	2759.95
Fixation L	1	32	4055639544	4055795399	155855	768.60	754.80	19	23	-1	13.16	13.16
Fixation R	1	32	4055639544	4055795399	155855	768.60	754.80	19	23	-1	12.06	12.06
Saccade L	1	32	4055795399	4055823422	28023	756.62	739.21	706.05	750.71	1.16	78.19	0.43	41.56	3510.02	-3578.85	2650.97
Saccade R	1	32	4055795399	4055823422	28023	756.62	739.21	706.05	750.71	1.16	78.19	0.43	41.56	3510.02	-3578.85	2650.97
Fixation L	1	33	4055823422	4056319407	495985	685.27	763.93	38	23	-1	13.09	13.09
Fixation R	1	33	4055823422	4056319407	495985	685.27	763.93	38	23	-1	12.33	12.33
Saccade L	1	33	4056319407	4056355437	36030	684.69	759.94	743.48	746.48	1.27	55.64	0.44	35.23	2460.15	-2051.27	1657.84
Saccade R	1	33	4056319407	4056355437	36030	684.69	759.94	743.48	746.48	1.27	55.64	0.44	35.23	2460.15	-2051.27	1657.84
Fixation L	1	34	4056355437	4056583397	227960	753.35	724.09	87	237	-1	13.16	13.16
Fixation R	1	34	4056355437	4056583397	227960	753.35	724.09	87	237	-1	12.06	12.06
