[BeGaze]
Converted from:	D:\Kirillov\Results\ermolova_temp\Yulia 02-eye_data.idf
Date:	17.04.2019 03:53:21
Version:	BeGaze 3.0.181
Sample Rate:	250
Subject:	Yulia 02
Description:	Run23

Table Header for Fixations:
Event Type	Trial	Number	Start	End	Duration	Location X	Location Y	Dispersion X	Dispersion Y	Plane	Avg. Pupil Size X	Avg. Pupil Size Y

Table Header for Saccades:
Event Type	Trial	Number	Start	End	Duration	Start Loc.X	Start Loc.Y	End Loc.X	End Loc.Y	Amplitude	Peak Speed	Peak Speed At	Average Speed	Peak Accel.	Peak Decel.	Average Accel.

Table Header for User Events:
Event Type	Trial	Number	Start	Description

UserEvent	1	1	9724283690	# Message: experiment-10.jpg
Fixation L	1	1	9724285673	9724529680	244007	392.79	394.06	25	31	-1	12.72	12.72
Fixation R	1	1	9724285673	9724529680	244007	392.79	394.06	25	31	-1	12.48	12.48
Saccade L	1	1	9724529680	9724581734	52054	393.78	402.74	776.64	647.11	10.69	484.11	0.46	205.42	23313.02	-21116.63	14090.61
Saccade R	1	1	9724529680	9724581734	52054	393.78	402.74	776.64	647.11	10.69	484.11	0.46	205.42	23313.02	-21116.63	14090.61
Fixation L	1	2	9724581734	9724769691	187957	805.49	655.72	44	19	-1	12.53	12.53
Fixation R	1	2	9724581734	9724769691	187957	805.49	655.72	44	19	-1	12.57	12.57
Saccade L	1	2	9724769691	9724821716	52025	820.01	665.49	1118.04	424.16	8.45	442.07	0.31	162.39	20610.62	-18803.58	10910.95
Saccade R	1	2	9724769691	9724821716	52025	820.01	665.49	1118.04	424.16	8.45	442.07	0.31	162.39	20610.62	-18803.58	10910.95
Fixation L	1	3	9724821716	9725069689	247973	1149.58	411.23	43	20	-1	11.78	11.78
Fixation R	1	3	9724821716	9725069689	247973	1149.58	411.23	43	20	-1	11.96	11.96
Saccade L	1	3	9725069689	9725109711	40022	1146.91	417.59	888.52	400.18	5.43	337.89	0.50	135.70	16413.31	-15242.33	10485.83
Saccade R	1	3	9725069689	9725109711	40022	1146.91	417.59	888.52	400.18	5.43	337.89	0.50	135.70	16413.31	-15242.33	10485.83
Fixation L	1	4	9725109711	9725241717	132006	884.51	392.62	16	26	-1	11.75	11.75
Fixation R	1	4	9725109711	9725241717	132006	884.51	392.62	16	26	-1	11.76	11.76
Saccade L	1	4	9725241717	9725285717	44000	887.49	380.50	1091.56	345.23	5.41	311.78	0.36	122.88	15000.63	-13337.31	8377.02
Saccade R	1	4	9725241717	9725285717	44000	887.49	380.50	1091.56	345.23	5.41	311.78	0.36	122.88	15000.63	-13337.31	8377.02
Fixation L	1	5	9725285717	9725429717	144000	1105.14	344.91	19	18	-1	11.68	11.68
Fixation R	1	5	9725285717	9725429717	144000	1105.14	344.91	19	18	-1	11.69	11.69
Saccade L	1	5	9725429717	9725469697	39980	1110.42	355.99	1231.33	361.35	3.37	229.51	0.30	84.32	10957.61	-9309.51	5879.49
Saccade R	1	5	9725429717	9725469697	39980	1110.42	355.99	1231.33	361.35	3.37	229.51	0.30	84.32	10957.61	-9309.51	5879.49
Fixation L	1	6	9725469697	9726117589	647892	1238.42	373.18	33	22	-1	11.84	11.84
Fixation R	1	6	9725469697	9726117589	647892	1238.42	373.18	33	22	-1	11.83	11.83
Saccade L	1	6	9726117589	9726181591	64002	1225.60	380.56	894.49	873.78	13.11	376.83	0.25	204.87	18197.69	-12879.55	9533.97
Saccade R	1	6	9726117589	9726181591	64002	1225.60	380.56	894.49	873.78	13.11	376.83	0.25	204.87	18197.69	-12879.55	9533.97
Fixation L	1	7	9726181591	9726245612	64021	893.42	880.93	9	16	-1	11.70	11.70
Fixation R	1	7	9726181591	9726245612	64021	893.42	880.93	9	16	-1	11.79	11.79
Saccade L	1	7	9726245612	9726273596	27984	885.13	885.65	880.51	785.50	2.07	160.19	0.57	73.82	6793.70	-6686.98	4963.73
Saccade R	1	7	9726245612	9726273596	27984	885.13	885.65	880.51	785.50	2.07	160.19	0.57	73.82	6793.70	-6686.98	4963.73
Fixation L	1	8	9726273596	9726397619	124023	889.98	801.84	13	24	-1	11.49	11.49
Fixation R	1	8	9726273596	9726397619	124023	889.98	801.84	13	24	-1	11.38	11.38
Saccade L	1	8	9726397619	9726421625	24006	889.43	810.96	927.41	802.59	0.84	59.18	0.50	34.79	2559.07	-2307.75	1833.35
Saccade R	1	8	9726397619	9726421625	24006	889.43	810.96	927.41	802.59	0.84	59.18	0.50	34.79	2559.07	-2307.75	1833.35
Fixation L	1	9	9726421625	9726529586	107961	931.29	802.02	8	10	-1	11.55	11.55
Fixation R	1	9	9726421625	9726529586	107961	931.29	802.02	8	10	-1	11.76	11.76
Saccade L	1	9	9726529586	9726565619	36033	929.18	802.08	957.18	738.21	2.14	140.15	0.45	59.44	6544.93	-5315.50	3599.34
Saccade R	1	9	9726529586	9726565619	36033	929.18	802.08	957.18	738.21	2.14	140.15	0.45	59.44	6544.93	-5315.50	3599.34
Fixation L	1	10	9726565619	9726785602	219983	954.63	717.57	13	27	-1	11.65	11.65
Fixation R	1	10	9726565619	9726785602	219983	954.63	717.57	13	27	-1	11.62	11.62
Saccade L	1	10	9726785602	9726817593	31991	947.39	715.13	929.91	652.08	1.54	106.33	0.50	48.08	4522.56	-4258.35	3110.03
Saccade R	1	10	9726785602	9726817593	31991	947.39	715.13	929.91	652.08	1.54	106.33	0.50	48.08	4522.56	-4258.35	3110.03
Fixation L	1	11	9726817593	9727121517	303924	932.71	654.56	27	24	-1	11.65	11.65
Fixation R	1	11	9726817593	9727121517	303924	932.71	654.56	27	24	-1	11.40	11.40
Saccade L	1	11	9727121517	9727153503	31986	951.96	660.07	952.57	720.97	1.40	86.55	0.50	43.65	3743.50	-4045.97	2838.50
Saccade R	1	11	9727121517	9727153503	31986	951.96	660.07	952.57	720.97	1.40	86.55	0.50	43.65	3743.50	-4045.97	2838.50
Fixation L	1	12	9727153503	9727489497	335994	962.67	736.05	34	28	-1	11.47	11.47
Fixation R	1	12	9727153503	9727489497	335994	962.67	736.05	34	28	-1	11.28	11.28
Saccade L	1	12	9727489497	9727517483	27986	971.76	748.29	751.98	752.39	4.45	331.79	0.57	158.85	15934.86	-13875.76	11160.69
Saccade R	1	12	9727489497	9727517483	27986	971.76	748.29	751.98	752.39	4.45	331.79	0.57	158.85	15934.86	-13875.76	11160.69
Fixation L	1	13	9727533513	9727725490	191977	764.91	765.11	21	20	-1	11.82	11.82
Fixation R	1	13	9727533513	9727725490	191977	764.91	765.11	21	20	-1	11.48	11.48
Saccade L	1	13	9727725490	9727749409	23919	773.36	754.89	853.30	752.35	1.61	135.38	0.50	67.24	6053.50	-5911.78	4392.51
Saccade R	1	13	9727725490	9727749409	23919	773.36	754.89	853.30	752.35	1.61	135.38	0.50	67.24	6053.50	-5911.78	4392.51
Fixation L	1	14	9727749409	9728093507	344098	864.69	778.51	30	54	-1	11.83	11.83
Fixation R	1	14	9727749409	9728093507	344098	864.69	778.51	30	54	-1	11.78	11.78
Saccade L	1	14	9728093507	9728117505	23998	859.45	808.95	915.53	806.09	1.16	92.92	0.50	48.50	3890.11	-4002.45	2873.82
Saccade R	1	14	9728093507	9728117505	23998	859.45	808.95	915.53	806.09	1.16	92.92	0.50	48.50	3890.11	-4002.45	2873.82
Fixation L	1	15	9728117505	9728281509	164004	924.99	793.22	13	27	-1	11.78	11.78
Fixation R	1	15	9728117505	9728281509	164004	924.99	793.22	13	27	-1	11.73	11.73
Saccade L	1	15	9728281509	9728357423	75914	925.36	802.48	1133.35	453.29	9.22	301.88	0.21	121.42	13948.33	-8818.84	5327.93
Saccade R	1	15	9728281509	9728357423	75914	925.36	802.48	1133.35	453.29	9.22	301.88	0.21	121.42	13948.33	-8818.84	5327.93
Fixation L	1	16	9728357423	9728501397	143974	1142.87	446.07	19	14	-1	11.90	11.90
Fixation R	1	16	9728357423	9728501397	143974	1142.87	446.07	19	14	-1	11.54	11.54
Saccade L	1	16	9728501397	9728525415	24018	1150.79	439.12	1170.59	388.63	1.13	81.13	0.50	47.17	3667.18	-3118.85	2481.68
Saccade R	1	16	9728501397	9728525415	24018	1150.79	439.12	1170.59	388.63	1.13	81.13	0.50	47.17	3667.18	-3118.85	2481.68
Fixation L	1	17	9728525415	9728733386	207971	1181.06	386.62	18	16	-1	11.89	11.89
Fixation R	1	17	9728525415	9728733386	207971	1181.06	386.62	18	16	-1	11.54	11.54
Saccade L	1	17	9728733386	9728757444	24058	1189.28	390.35	1221.58	374.01	0.81	64.97	0.50	33.51	2732.86	-2792.98	2016.10
Saccade R	1	17	9728733386	9728757444	24058	1189.28	390.35	1221.58	374.01	0.81	64.97	0.50	33.51	2732.86	-2792.98	2016.10
Fixation L	1	18	9728757444	9729149416	391972	1241.22	368.80	30	18	-1	11.57	11.57
Fixation R	1	18	9728757444	9729149416	391972	1241.22	368.80	30	18	-1	11.49	11.49
Saccade L	1	18	9729149416	9729173420	24004	1240.65	373.73	1191.19	361.20	1.00	70.69	0.50	41.75	3354.76	-3128.05	2378.55
Saccade R	1	18	9729149416	9729173420	24004	1240.65	373.73	1191.19	361.20	1.00	70.69	0.50	41.75	3354.76	-3128.05	2378.55
Fixation L	1	19	9729173420	9729497407	323987	1179.75	366.15	27	17	-1	11.61	11.61
Fixation R	1	19	9729173420	9729497407	323987	1179.75	366.15	27	17	-1	11.47	11.47
Saccade L	1	19	9729497407	9729581428	84021	1187.07	376.73	757.12	819.80	14.66	360.95	0.76	174.48	10486.02	-15902.98	6946.26
Saccade R	1	19	9729497407	9729581428	84021	1187.07	376.73	757.12	819.80	14.66	360.95	0.76	174.48	10486.02	-15902.98	6946.26
Fixation L	1	20	9729581428	9729657426	75998	751.79	820.37	15	20	-1	11.92	11.92
Fixation R	1	20	9729581428	9729657426	75998	751.79	820.37	15	20	-1	11.89	11.89
Saccade L	1	20	9729657426	9729685346	27920	758.28	828.47	804.95	775.70	1.80	127.07	0.43	64.32	5260.36	-5227.94	3829.82
Saccade R	1	20	9729657426	9729685346	27920	758.28	828.47	804.95	775.70	1.80	127.07	0.43	64.32	5260.36	-5227.94	3829.82
Fixation L	1	21	9729685346	9729793321	107975	815.65	768.55	18	14	-1	12.07	12.07
Fixation R	1	21	9729685346	9729793321	107975	815.65	768.55	18	14	-1	11.62	11.62
Saccade L	1	21	9729793321	9729813345	20024	820.72	769.97	854.37	758.84	0.68	49.76	0.40	33.98	2416.43	-2252.74	1662.05
Saccade R	1	21	9729793321	9729813345	20024	820.72	769.97	854.37	758.84	0.68	49.76	0.40	33.98	2416.43	-2252.74	1662.05
Fixation L	1	22	9729813345	9729981308	167963	855.38	753.63	8	9	-1	12.13	12.13
Fixation R	1	22	9729813345	9729981308	167963	855.38	753.63	8	9	-1	11.71	11.71
Saccade L	1	22	9729981308	9730005318	24010	855.73	749.03	715.18	752.90	2.66	258.22	0.67	110.88	11687.40	-8936.05	7067.10
Saccade R	1	22	9729981308	9730005318	24010	855.73	749.03	715.18	752.90	2.66	258.22	0.67	110.88	11687.40	-8936.05	7067.10
Fixation L	1	23	9730005318	9730145316	139998	743.42	757.86	40	8	-1	12.13	12.13
Fixation R	1	23	9730005318	9730145316	139998	743.42	757.86	40	8	-1	11.77	11.77
Saccade L	1	23	9730145316	9730165354	20038	733.40	756.38	659.76	751.82	1.30	126.24	0.60	65.11	5025.59	-4380.13	3156.16
Saccade R	1	23	9730145316	9730165354	20038	733.40	756.38	659.76	751.82	1.30	126.24	0.60	65.11	5025.59	-4380.13	3156.16
Fixation L	1	24	9730165354	9730329296	163942	679.40	747.91	26	16	-1	12.12	12.12
Fixation R	1	24	9730165354	9730329296	163942	679.40	747.91	26	16	-1	11.71	11.71
