[BeGaze]
Converted from:	D:\Kirillov\Results\ermolova_temp\Vita-eye_data.idf
Date:	17.04.2019 03:54:21
Version:	BeGaze 3.0.181
Sample Rate:	250
Subject:	Vita
Description:	Run38

Table Header for Fixations:
Event Type	Trial	Number	Start	End	Duration	Location X	Location Y	Dispersion X	Dispersion Y	Plane	Avg. Pupil Size X	Avg. Pupil Size Y

Table Header for Saccades:
Event Type	Trial	Number	Start	End	Duration	Start Loc.X	Start Loc.Y	End Loc.X	End Loc.Y	Amplitude	Peak Speed	Peak Speed At	Average Speed	Peak Accel.	Peak Decel.	Average Accel.

Table Header for User Events:
Event Type	Trial	Number	Start	Description

UserEvent	1	1	6295987151	# Message: experiment-07.jpg
Fixation L	1	1	6295989971	6296205949	215978	387.26	424.23	13	12	-1	15.24	15.24
Fixation R	1	1	6295989971	6296205949	215978	387.26	424.23	13	12	-1	15.31	15.31
Saccade L	1	1	6296205949	6296265956	60007	387.98	427.01	954.92	636.08	13.47	511.36	0.40	224.40	24284.77	-21838.71	14010.28
Saccade R	1	1	6296205949	6296265956	60007	387.98	427.01	954.92	636.08	13.47	511.36	0.40	224.40	24284.77	-21838.71	14010.28
Fixation L	1	2	6296265956	6296421971	156015	959.26	645.33	20	14	-1	14.84	14.84
Fixation R	1	2	6296265956	6296421971	156015	959.26	645.33	20	14	-1	15.18	15.18
Saccade L	1	2	6296421971	6296441963	19992	966.65	635.46	964.32	665.93	0.70	65.72	0.60	34.92	2269.58	-2375.50	1653.37
Saccade R	1	2	6296421971	6296441963	19992	966.65	635.46	964.32	665.93	0.70	65.72	0.60	34.92	2269.58	-2375.50	1653.37
Fixation L	1	3	6296441963	6296509976	68013	962.17	681.58	7	25	-1	14.24	14.24
Fixation R	1	3	6296441963	6296509976	68013	962.17	681.58	7	25	-1	14.81	14.81
Saccade L	1	3	6296509976	6296549970	39994	959.55	691.30	0.00	0.00	31.54	2680.32	0.70	788.64	97245.06	-113627.41	59037.76
Saccade L	1	4	6296597573	6296645981	48408	0.00	0.00	958.60	656.20	33.93	2614.87	0.25	700.92	113376.75	-95735.51	47706.41
Fixation L	1	4	6296645981	6296809968	163987	958.93	680.56	31	34	-1	14.08	14.08
Fixation R	1	4	6296645981	6296809968	163987	958.93	680.56	31	34	-1	14.24	14.24
Saccade L	1	5	6296809968	6296837963	27995	973.17	672.16	910.78	663.05	1.44	117.78	0.57	51.36	5007.70	-5160.66	3656.03
Saccade R	1	3	6296809968	6296837963	27995	973.17	672.16	910.78	663.05	1.44	117.78	0.57	51.36	5007.70	-5160.66	3656.03
Fixation L	1	5	6296837963	6297241876	403913	912.27	686.39	37	38	-1	13.95	13.95
Fixation R	1	5	6296837963	6297241876	403913	912.27	686.39	37	38	-1	13.93	13.93
Saccade L	1	6	6297241876	6297277863	35987	902.00	684.30	850.07	673.20	1.39	98.49	0.44	38.76	4245.39	-3831.02	2525.01
Saccade R	1	4	6297241876	6297277863	35987	902.00	684.30	850.07	673.20	1.39	98.49	0.44	38.76	4245.39	-3831.02	2525.01
Fixation L	1	6	6297277863	6297409860	131997	845.83	675.72	10	13	-1	13.35	13.35
Fixation R	1	6	6297277863	6297409860	131997	845.83	675.72	10	13	-1	13.20	13.20
Saccade L	1	7	6297409860	6297457849	47989	851.72	672.51	1081.18	386.66	8.23	388.32	0.42	171.54	18170.70	-14176.45	11233.04
Saccade R	1	5	6297409860	6297457849	47989	851.72	672.51	1081.18	386.66	8.23	388.32	0.42	171.54	18170.70	-14176.45	11233.04
Fixation L	1	7	6297457849	6297609883	152034	1081.64	380.16	16	16	-1	13.16	13.16
Fixation R	1	7	6297457849	6297609883	152034	1081.64	380.16	16	16	-1	13.18	13.18
Saccade L	1	8	6297609883	6297649854	39971	1073.32	387.74	1201.75	384.03	2.90	205.89	0.40	72.65	9130.84	-9028.87	5697.98
Saccade R	1	6	6297609883	6297649854	39971	1073.32	387.74	1201.75	384.03	2.90	205.89	0.40	72.65	9130.84	-9028.87	5697.98
Fixation L	1	8	6297649854	6297833895	184041	1199.84	377.73	12	13	-1	13.15	13.15
Fixation R	1	8	6297649854	6297833895	184041	1199.84	377.73	12	13	-1	13.16	13.16
Saccade L	1	9	6297833895	6297857858	23963	1199.24	378.20	1232.70	380.37	0.67	51.94	0.50	28.01	2291.57	-1925.36	1556.64
Saccade R	1	7	6297833895	6297857858	23963	1199.24	378.20	1232.70	380.37	0.67	51.94	0.50	28.01	2291.57	-1925.36	1556.64
Fixation L	1	9	6297857858	6298297867	440009	1237.59	359.56	32	62	-1	13.15	13.15
Fixation R	1	9	6297857858	6298297867	440009	1237.59	359.56	32	62	-1	13.10	13.10
Saccade L	1	10	6298297867	6298345900	48033	1242.72	343.30	1204.32	293.91	1.38	67.96	0.25	28.72	2923.67	-2344.54	1469.64
Saccade R	1	8	6298297867	6298345900	48033	1242.72	343.30	1204.32	293.91	1.38	67.96	0.25	28.72	2923.67	-2344.54	1469.64
Fixation L	1	10	6298345900	6299473774	1127874	1214.18	300.43	41	52	-1	13.39	13.39
Fixation R	1	10	6298345900	6299473774	1127874	1214.18	300.43	41	52	-1	13.16	13.16
Saccade L	1	11	6299473774	6299517776	44002	1239.28	289.18	1177.55	327.50	1.55	98.94	0.36	35.20	4500.59	-3615.91	2270.32
Saccade R	1	9	6299473774	6299517776	44002	1239.28	289.18	1177.55	327.50	1.55	98.94	0.36	35.20	4500.59	-3615.91	2270.32
Fixation L	1	11	6299517776	6300593674	1075898	1179.73	320.21	28	28	-1	13.57	13.57
Fixation R	1	11	6299517776	6300593674	1075898	1179.73	320.21	28	28	-1	13.42	13.42
Saccade L	1	12	6300593674	6300665671	71997	1172.41	304.96	809.23	605.32	10.93	254.21	0.22	151.81	12202.84	-11601.20	5693.30
Saccade R	1	10	6300593674	6300665671	71997	1172.41	304.96	809.23	605.32	10.93	254.21	0.22	151.81	12202.84	-11601.20	5693.30
Fixation L	1	12	6300665671	6300817684	152013	800.81	611.24	11	15	-1	13.78	13.78
Fixation R	1	12	6300665671	6300817684	152013	800.81	611.24	11	15	-1	13.43	13.43
Saccade L	1	13	6300817684	6300841693	24009	802.81	621.31	778.95	643.67	0.70	53.61	0.50	28.98	2144.68	-1660.33	1410.43
Saccade R	1	11	6300817684	6300841693	24009	802.81	621.31	778.95	643.67	0.70	53.61	0.50	28.98	2144.68	-1660.33	1410.43
Fixation L	1	13	6300841693	6300997700	156007	761.72	663.14	25	36	-1	13.87	13.87
Fixation R	1	13	6300841693	6300997700	156007	761.72	663.14	25	36	-1	13.35	13.35
Saccade L	1	14	6300997700	6301029698	31998	759.14	664.30	838.95	666.55	1.91	155.87	0.50	59.65	6581.19	-6661.49	4352.48
Saccade R	1	12	6300997700	6301029698	31998	759.14	664.30	838.95	666.55	1.91	155.87	0.50	59.65	6581.19	-6661.49	4352.48
Fixation L	1	14	6301029698	6301129699	100001	844.84	669.83	9	17	-1	13.54	13.54
Fixation R	1	14	6301029698	6301129699	100001	844.84	669.83	9	17	-1	13.18	13.18
Saccade L	1	15	6301129699	6301161709	32010	841.29	678.32	924.51	681.05	1.99	174.72	0.37	62.30	7272.32	-6877.03	4656.07
Saccade R	1	13	6301129699	6301161709	32010	841.29	678.32	924.51	681.05	1.99	174.72	0.37	62.30	7272.32	-6877.03	4656.07
Fixation L	1	15	6301161709	6301389688	227979	924.26	685.19	24	11	-1	13.34	13.34
Fixation R	1	15	6301161709	6301777611	615902	925.46	730.89	565	209	-1	12.51	12.50
Saccade L	1	16	6301389688	6301473579	83891	917.31	690.12	927.92	748.58	10.30	397.86	0.38	122.75	12388.80	-10839.62	5794.33
Fixation L	1	16	6301473579	6301777611	304032	926.79	769.26	13	25	-1	13.37	13.37
Saccade L	1	17	6301777611	6301821578	43967	925.32	768.86	837.26	748.35	1.94	105.32	0.36	44.20	4583.64	-4198.86	2706.25
Saccade R	1	14	6301777611	6301821578	43967	925.32	768.86	837.26	748.35	1.94	105.32	0.36	44.20	4583.64	-4198.86	2706.25
Fixation L	1	17	6301821578	6301973577	151999	839.01	741.70	17	19	-1	13.44	13.44
Fixation R	1	16	6301821578	6301973577	151999	839.01	741.70	17	19	-1	12.95	12.95
Saccade L	1	18	6301973577	6302041586	68009	833.08	728.70	1149.35	355.40	11.29	416.34	0.29	166.05	20548.64	-12788.17	9521.38
Saccade R	1	15	6301973577	6302041586	68009	833.08	728.70	1149.35	355.40	11.29	416.34	0.29	166.05	20548.64	-12788.17	9521.38
Fixation L	1	18	6302041586	6302457586	416000	1154.22	335.99	16	30	-1	13.04	13.04
Fixation R	1	17	6302041586	6302457586	416000	1154.22	335.99	16	30	-1	12.80	12.80
Saccade L	1	19	6302457586	6302489580	31994	1146.40	330.19	1054.16	322.50	1.93	141.48	0.50	60.31	6276.20	-6156.69	4546.73
Saccade R	1	16	6302457586	6302489580	31994	1146.40	330.19	1054.16	322.50	1.93	141.48	0.50	60.31	6276.20	-6156.69	4546.73
Fixation L	1	19	6302489580	6303305482	815902	1058.93	341.13	38	37	-1	13.36	13.36
Fixation R	1	18	6302489580	6303305482	815902	1058.93	341.13	38	37	-1	13.13	13.13
Saccade L	1	20	6303305482	6303333483	28001	1076.09	336.41	1035.55	348.92	0.89	68.22	0.43	31.85	3016.97	-2951.14	2202.13
Saccade R	1	17	6303305482	6303333483	28001	1076.09	336.41	1035.55	348.92	0.89	68.22	0.43	31.85	3016.97	-2951.14	2202.13
Fixation L	1	20	6303333483	6304461394	1127911	1031.26	349.32	40	42	-1	13.75	13.75
Fixation R	1	19	6303333483	6304461394	1127911	1031.26	349.32	40	42	-1	13.58	13.58
Saccade L	1	21	6304461394	6304509375	47981	1030.60	324.62	1155.78	326.33	3.39	223.55	0.33	70.65	10529.56	-9246.17	5320.42
Saccade R	1	18	6304461394	6304509375	47981	1030.60	324.62	1155.78	326.33	3.39	223.55	0.33	70.65	10529.56	-9246.17	5320.42
Fixation L	1	21	6304509375	6304741394	232019	1153.73	327.30	19	20	-1	13.59	13.59
Fixation R	1	20	6304509375	6304741394	232019	1153.73	327.30	19	20	-1	13.24	13.24
Saccade L	1	22	6304741394	6304765383	23989	1168.58	335.70	1103.33	338.09	1.25	102.40	0.50	52.09	4259.75	-4545.98	3206.16
Saccade R	1	19	6304741394	6304765383	23989	1168.58	335.70	1103.33	338.09	1.25	102.40	0.50	52.09	4259.75	-4545.98	3206.16
Fixation L	1	22	6304765383	6305053391	288008	1099.77	356.75	24	29	-1	13.99	13.99
Fixation R	1	21	6304765383	6305053391	288008	1099.77	356.75	24	29	-1	13.64	13.64
Saccade L	1	23	6305053391	6305081407	28016	1102.09	353.76	1047.32	372.16	1.18	86.16	0.57	42.00	3946.56	-3819.25	2853.41
Saccade R	1	20	6305053391	6305081407	28016	1102.09	353.76	1047.32	372.16	1.18	86.16	0.57	42.00	3946.56	-3819.25	2853.41
Fixation L	1	23	6305081407	6306125324	1043917	1033.00	384.00	40	39	-1	13.88	13.88
Fixation R	1	22	6305081407	6306125324	1043917	1033.00	384.00	40	39	-1	13.76	13.76
Saccade L	1	24	6306125324	6306193298	67974	1034.47	381.64	876.28	927.42	12.44	282.33	0.35	182.98	13551.66	-10192.92	6617.46
Saccade R	1	21	6306125324	6306193298	67974	1034.47	381.64	876.28	927.42	12.44	282.33	0.35	182.98	13551.66	-10192.92	6617.46
Fixation L	1	24	6306193298	6306317292	123994	866.35	908.80	22	30	-1	14.04	14.04
Fixation R	1	23	6306193298	6306317292	123994	866.35	908.80	22	30	-1	13.90	13.90
Saccade L	1	25	6306317292	6306345315	28023	857.38	897.55	849.49	844.38	1.16	84.29	0.57	41.28	3956.57	-3693.31	2790.79
Saccade R	1	22	6306317292	6306345315	28023	857.38	897.55	849.49	844.38	1.16	84.29	0.57	41.28	3956.57	-3693.31	2790.79
Fixation L	1	25	6306345315	6306509330	164015	845.82	830.79	8	24	-1	13.80	13.80
Fixation R	1	24	6306345315	6306509330	164015	845.82	830.79	8	24	-1	13.64	13.64
Saccade L	1	26	6306509330	6306545295	35965	846.49	820.97	855.42	751.67	1.81	123.13	0.44	50.22	5829.45	-5072.28	3373.96
Saccade R	1	23	6306509330	6306545295	35965	846.49	820.97	855.42	751.67	1.81	123.13	0.44	50.22	5829.45	-5072.28	3373.96
Fixation L	1	26	6306545295	6306749303	204008	865.93	745.50	23	23	-1	13.03	13.03
Fixation R	1	25	6306545295	6306749303	204008	865.93	745.50	23	23	-1	13.11	13.11
Saccade L	1	27	6306749303	6306781299	31996	880.70	745.34	883.23	795.49	1.43	116.97	0.38	44.79	4698.48	-4258.73	2763.80
Saccade R	1	24	6306749303	6306781299	31996	880.70	745.34	883.23	795.49	1.43	116.97	0.38	44.79	4698.48	-4258.73	2763.80
Fixation L	1	27	6306781299	6306933315	152016	895.17	803.85	31	16	-1	12.68	12.68
Fixation R	1	26	6306781299	6306933315	152016	895.17	803.85	31	16	-1	12.80	12.80
Saccade L	1	28	6306933315	6306969279	35964	881.71	810.91	900.32	768.81	1.31	87.56	0.45	36.33	3554.84	-3108.91	2137.29
Saccade R	1	25	6306933315	6306969279	35964	881.71	810.91	900.32	768.81	1.31	87.56	0.45	36.33	3554.84	-3108.91	2137.29
Fixation L	1	28	6306969279	6307461196	491917	912.04	751.84	30	36	-1	12.69	12.69
Fixation R	1	27	6306969279	6307461196	491917	912.04	751.84	30	36	-1	12.70	12.70
Saccade L	1	29	6307461196	6307509207	48011	921.43	758.90	875.96	728.81	1.37	76.63	0.25	28.44	3080.04	-2582.74	1371.96
Saccade R	1	26	6307461196	6307509207	48011	921.43	758.90	875.96	728.81	1.37	76.63	0.25	28.44	3080.04	-2582.74	1371.96
Fixation L	1	29	6307509207	6307585192	75985	878.23	729.74	6	4	-1	12.45	12.45
Fixation R	1	28	6307509207	6307585192	75985	878.23	729.74	6	4	-1	12.33	12.33
Saccade L	1	30	6307585192	6307621197	36005	873.20	733.00	977.11	739.89	2.76	206.94	0.33	76.72	9657.48	-8772.33	5556.64
Saccade R	1	27	6307585192	6307621197	36005	873.20	733.00	977.11	739.89	2.76	206.94	0.33	76.72	9657.48	-8772.33	5556.64
Fixation L	1	30	6307621197	6307749193	127996	990.11	742.42	21	13	-1	12.44	12.44
Fixation R	1	29	6307621197	6307749193	127996	990.11	742.42	21	13	-1	12.51	12.51
Saccade L	1	31	6307749193	6307793216	44023	1000.84	748.05	809.82	748.35	4.39	282.92	0.36	99.75	13369.15	-12961.15	7645.46
Saccade R	1	28	6307749193	6307793216	44023	1000.84	748.05	809.82	748.35	4.39	282.92	0.36	99.75	13369.15	-12961.15	7645.46
Fixation L	1	31	6307793216	6308025229	232013	823.61	754.20	21	24	-1	12.64	12.64
Fixation R	1	30	6307793216	6308025229	232013	823.61	754.20	21	24	-1	12.67	12.67
Saccade L	1	32	6308025229	6308053217	27988	827.40	745.81	826.63	828.59	1.69	130.38	0.43	60.37	6149.04	-6022.41	4495.11
Saccade R	1	29	6308025229	6308053217	27988	827.40	745.81	826.63	828.59	1.69	130.38	0.43	60.37	6149.04	-6022.41	4495.11
Fixation L	1	32	6308053217	6308221205	167988	833.39	838.60	10	22	-1	13.21	13.21
Fixation R	1	31	6308053217	6308221205	167988	833.39	838.60	10	22	-1	13.05	13.05
Saccade L	1	33	6308221205	6308269207	48002	833.26	835.30	816.53	658.37	4.75	249.95	0.33	98.86	11890.13	-9951.73	6562.09
Saccade R	1	30	6308221205	6308269207	48002	833.26	835.30	816.53	658.37	4.75	249.95	0.33	98.86	11890.13	-9951.73	6562.09
Fixation L	1	33	6308269207	6308437212	168005	814.02	654.97	9	14	-1	13.48	13.48
Fixation R	1	32	6308269207	6308437212	168005	814.02	654.97	9	14	-1	13.44	13.44
Saccade L	1	34	6308437212	6308465118	27906	820.15	651.70	910.69	654.55	2.00	177.59	0.43	71.75	7397.63	-7346.80	5168.86
Saccade R	1	31	6308437212	6308465118	27906	820.15	651.70	910.69	654.55	2.00	177.59	0.43	71.75	7397.63	-7346.80	5168.86
Fixation L	1	34	6308465118	6308745136	280018	908.95	656.75	30	19	-1	13.69	13.69
Fixation R	1	33	6308465118	6308745136	280018	908.95	656.75	30	19	-1	13.45	13.45
Saccade L	1	35	6308745136	6308773095	27959	914.38	645.84	943.40	649.70	0.63	43.47	0.57	22.43	1635.99	-1450.62	1126.91
Saccade R	1	32	6308745136	6308773095	27959	914.38	645.84	943.40	649.70	0.63	43.47	0.57	22.43	1635.99	-1450.62	1126.91
Fixation L	1	35	6308773095	6308921131	148036	960.39	657.15	22	14	-1	13.38	13.38
Fixation R	1	34	6308773095	6308921131	148036	960.39	657.15	22	14	-1	13.22	13.22
Saccade L	1	36	6308921131	6308965099	43968	966.35	654.22	681.14	670.70	6.03	333.03	0.36	137.24	16099.62	-13554.69	9805.97
Saccade R	1	33	6308921131	6308965099	43968	966.35	654.22	681.14	670.70	6.03	333.03	0.36	137.24	16099.62	-13554.69	9805.97
Fixation L	1	36	6308965099	6309197111	232012	683.04	671.96	8	13	-1	13.71	13.71
Fixation R	1	35	6308965099	6310178018	1212919	158.67	157.46	845	1061	-1	13.22	13.20
Saccade L	1	37	6309197111	6309233106	35995	686.09	672.93	0.00	0.00	21.50	1804.60	0.67	597.17	67406.90	-75288.05	43784.00
Fixation L	1	37	6309233106	6310178018	944912	0.00	0.00	0	0	-1	13.41	13.41
