[BeGaze]
Converted from:	D:\Kirillov\Results\ermolova_temp\Nastya 05-eye_data.idf
Date:	17.04.2019 03:52:57
Version:	BeGaze 3.0.181
Sample Rate:	250
Subject:	Nastya 05
Description:	Run16

Table Header for Fixations:
Event Type	Trial	Number	Start	End	Duration	Location X	Location Y	Dispersion X	Dispersion Y	Plane	Avg. Pupil Size X	Avg. Pupil Size Y

Table Header for Saccades:
Event Type	Trial	Number	Start	End	Duration	Start Loc.X	Start Loc.Y	End Loc.X	End Loc.Y	Amplitude	Peak Speed	Peak Speed At	Average Speed	Peak Accel.	Peak Decel.	Average Accel.

Table Header for User Events:
Event Type	Trial	Number	Start	Description

UserEvent	1	1	3982083996	# Message: experiment-12.jpg
Fixation L	1	1	3982097377	3982397383	300006	1217.88	487.47	72	30	-1	15.29	15.29
Fixation R	1	1	3982097377	3982397383	300006	1217.88	487.47	72	30	-1	17.14	17.14
Saccade L	1	1	3982397383	3982453399	56016	1240.92	494.24	878.38	464.89	8.42	386.28	0.36	150.33	18905.34	-11839.45	9017.54
Saccade R	1	1	3982397383	3982453399	56016	1240.92	494.24	878.38	464.89	8.42	386.28	0.36	150.33	18905.34	-11839.45	9017.54
Saccade L	1	2	3982453399	3982473407	20008	878.38	464.89	831.78	450.91	0.75	70.47	0.40	37.72	1427.60	-2989.57	1737.08
Saccade R	1	2	3982453399	3982473407	20008	878.38	464.89	831.78	450.91	0.75	70.47	0.40	37.72	1427.60	-2989.57	1737.08
Fixation L	1	2	3982473407	3982637418	164011	837.65	451.83	16	20	-1	14.56	14.56
Fixation R	1	2	3982473407	3982637418	164011	837.65	451.83	16	20	-1	15.81	15.81
Saccade L	1	3	3982637418	3982709384	71966	847.05	438.40	446.44	341.32	9.23	357.30	0.22	128.26	17052.27	-8434.38	6808.10
Saccade R	1	3	3982637418	3982709384	71966	847.05	438.40	446.44	341.32	9.23	357.30	0.22	128.26	17052.27	-8434.38	6808.10
Fixation L	1	3	3982709384	3982865421	156037	443.94	311.38	7	48	-1	13.35	13.35
Fixation R	1	3	3982709384	3982865421	156037	443.94	311.38	7	48	-1	14.88	14.88
Saccade L	1	4	3982865421	3982885395	19974	445.21	310.69	449.68	355.36	0.71	75.13	0.60	35.33	2925.62	-1992.24	1732.55
Saccade R	1	4	3982865421	3982885395	19974	445.21	310.69	449.68	355.36	0.71	75.13	0.60	35.33	2925.62	-1992.24	1732.55
Saccade L	1	5	3982893389	3982917416	24027	451.67	337.55	463.85	364.19	0.51	43.63	0.33	21.16	638.56	-1224.15	646.56
Saccade R	1	5	3982893389	3982917416	24027	451.67	337.55	463.85	364.19	0.51	43.63	0.33	21.16	638.56	-1224.15	646.56
Fixation L	1	4	3982917416	3983017316	99900	469.41	341.96	9	33	-1	13.70	13.70
Fixation R	1	4	3982917416	3983017316	99900	469.41	341.96	9	33	-1	14.79	14.79
Saccade L	1	6	3983017316	3983073393	56077	470.33	328.94	425.86	72.64	6.16	281.85	0.36	109.84	12805.82	-9761.47	6936.61
Saccade R	1	6	3983017316	3983073393	56077	470.33	328.94	425.86	72.64	6.16	281.85	0.36	109.84	12805.82	-9761.47	6936.61
Fixation L	1	5	3983073393	3983329296	255903	443.59	62.33	41	28	-1	13.85	13.85
Fixation R	1	5	3983073393	3983329296	255903	443.59	62.33	41	28	-1	15.13	15.13
Saccade L	1	7	3983349282	3983385299	36017	453.39	38.61	608.92	41.87	3.15	185.11	0.67	87.54	31561.54	1402.57	8376.49
Saccade R	1	7	3983349282	3983385299	36017	453.39	38.61	608.92	41.87	3.15	185.11	0.67	87.54	31561.54	1402.57	8376.49
Saccade R	1	8	3983385299	3983429280	43981	608.92	41.87	0.00	4.28	23.73	1663.87	0.55	539.53	46177.12	-67391.65	33355.98
Fixation R	1	6	3983429280	3984125307	696027	449.95	92.42	704	942	-1	15.66	15.66
Fixation L	1	6	3983545288	3984125307	580019	461.85	85.26	50	77	-1	14.31	14.31
Saccade L	1	8	3984125307	3984157295	31988	486.50	67.69	486.40	131.15	1.37	78.99	0.38	42.75	3335.36	-3645.77	2621.21
Saccade R	1	9	3984125307	3984157295	31988	486.50	67.69	486.40	131.15	1.37	78.99	0.38	42.75	3335.36	-3645.77	2621.21
Fixation L	1	7	3984157295	3985345214	1187919	474.79	115.02	55	96	-1	14.66	14.66
Fixation R	1	7	3984157295	3985345214	1187919	474.79	115.02	55	96	-1	16.14	16.14
Saccade L	1	9	3985345214	3985373204	27990	491.19	69.79	516.43	68.57	0.89	78.60	0.43	31.75	3319.44	-2513.14	1859.08
Saccade R	1	10	3985345214	3985373204	27990	491.19	69.79	516.43	68.57	0.89	78.60	0.43	31.75	3319.44	-2513.14	1859.08
Fixation L	1	8	3985373204	3986121088	747884	545.28	54.63	48	54	-1	14.54	14.54
Fixation R	1	8	3985373204	3986121088	747884	545.28	54.63	48	54	-1	16.01	16.01
Saccade L	1	10	3986121088	3986149086	27998	538.79	41.84	546.30	101.96	1.21	84.68	0.43	43.28	3890.72	-3615.41	2787.89
Saccade R	1	11	3986121088	3986149086	27998	538.79	41.84	546.30	101.96	1.21	84.68	0.43	43.28	3890.72	-3615.41	2787.89
Fixation L	1	9	3986149086	3986677095	528009	542.42	117.31	44	43	-1	13.85	13.85
Fixation R	1	9	3986149086	3986677095	528009	542.42	117.31	44	43	-1	15.42	15.42
Saccade L	1	11	3986677095	3986717100	40005	527.34	102.94	499.23	242.23	3.47	193.82	0.40	86.81	8910.13	-8263.67	5772.16
Saccade R	1	12	3986677095	3986717100	40005	527.34	102.94	499.23	242.23	3.47	193.82	0.40	86.81	8910.13	-8263.67	5772.16
Fixation L	1	10	3986717100	3986989132	272032	472.05	243.53	46	26	-1	14.42	14.42
Fixation R	1	10	3986717100	3986989132	272032	472.05	243.53	46	26	-1	16.01	16.01
Saccade L	1	12	3986989132	3987093137	104005	488.28	236.78	502.31	61.98	4.77	152.23	0.35	45.85	6578.93	-5668.81	2195.79
Saccade R	1	13	3986989132	3987093137	104005	488.28	236.78	502.31	61.98	4.77	152.23	0.35	45.85	6578.93	-5668.81	2195.79
Fixation L	1	11	3987093137	3987261124	167987	496.82	62.68	25	29	-1	14.70	14.70
Fixation R	1	11	3987093137	3987261124	167987	496.82	62.68	25	29	-1	16.10	16.10
Fixation L	1	12	3987365123	3987437116	71993	1121.39	414.00	8	25	-1	14.26	14.26
Fixation R	1	12	3987365123	3987437116	71993	1121.39	414.00	8	25	-1	16.28	16.28
Saccade L	1	13	3987437116	3987461123	24007	1126.91	397.45	1176.51	431.55	1.25	104.21	0.50	52.02	4484.34	-4440.43	3228.45
Saccade R	1	14	3987437116	3987461123	24007	1126.91	397.45	1176.51	431.55	1.25	104.21	0.50	52.02	4484.34	-4440.43	3228.45
Fixation L	1	13	3987461123	3988341009	879886	1198.09	470.26	65	60	-1	13.49	13.49
Fixation R	1	13	3987461123	3988341009	879886	1198.09	470.26	65	60	-1	15.37	15.37
Saccade L	1	14	3988341009	3988397027	56018	1221.16	488.91	1165.32	535.35	2.33	117.01	0.29	41.58	5285.57	-4084.88	2133.95
Saccade R	1	15	3988341009	3988397027	56018	1221.16	488.91	1165.32	535.35	2.33	117.01	0.29	41.58	5285.57	-4084.88	2133.95
Fixation L	1	14	3988397027	3988521013	123986	1165.41	540.68	9	13	-1	13.54	13.54
Fixation R	1	14	3988397027	3988521013	123986	1165.41	540.68	9	13	-1	15.34	15.34
Saccade L	1	15	3988521013	3988573013	52000	1166.77	550.59	1083.85	496.59	3.32	196.64	0.31	63.78	8332.95	-6459.91	3720.29
Saccade R	1	16	3988521013	3988573013	52000	1166.77	550.59	1083.85	496.59	3.32	196.64	0.31	63.78	8332.95	-6459.91	3720.29
Fixation L	1	15	3988573013	3988693042	120029	1093.01	496.95	15	13	-1	13.80	13.80
Fixation R	1	15	3988573013	3988693042	120029	1093.01	496.95	15	13	-1	15.33	15.33
Saccade L	1	16	3988693042	3988785032	91990	1097.12	488.43	462.83	272.88	15.42	408.18	0.22	167.67	19993.03	-13820.26	6953.11
Saccade R	1	17	3988693042	3988785032	91990	1097.12	488.43	462.83	272.88	15.42	408.18	0.22	167.67	19993.03	-13820.26	6953.11
Fixation L	1	16	3988785032	3989004934	219902	477.43	258.50	29	25	-1	13.93	13.93
Fixation R	1	16	3988785032	3989004934	219902	477.43	258.50	29	25	-1	15.47	15.47
Saccade L	1	17	3989004934	3989048917	43983	477.46	247.93	465.41	116.84	2.95	116.39	0.73	66.98	4737.68	-4904.44	3364.38
Saccade R	1	18	3989004934	3989048917	43983	477.46	247.93	465.41	116.84	2.95	116.39	0.73	66.98	4737.68	-4904.44	3364.38
Fixation L	1	17	3989048917	3989244904	195987	471.92	127.20	26	29	-1	14.32	14.32
Fixation R	1	17	3989048917	3989244904	195987	471.92	127.20	26	29	-1	15.86	15.86
Saccade L	1	18	3989244904	3989268903	23999	481.43	138.25	452.87	130.03	0.54	42.18	0.50	22.64	1422.92	-1321.26	1037.99
Saccade R	1	19	3989244904	3989268903	23999	481.43	138.25	452.87	130.03	0.54	42.18	0.50	22.64	1422.92	-1321.26	1037.99
Fixation L	1	18	3989268903	3989444924	176021	456.42	136.61	12	36	-1	14.86	14.86
Fixation R	1	18	3989268903	3989444924	176021	456.42	136.61	12	36	-1	16.42	16.42
Saccade L	1	19	3989444924	3989520937	76013	460.08	150.01	1060.20	553.75	16.22	480.15	0.37	213.35	23101.90	-17253.96	9722.62
Saccade R	1	20	3989444924	3989520937	76013	460.08	150.01	1060.20	553.75	16.22	480.15	0.37	213.35	23101.90	-17253.96	9722.62
Saccade L	1	20	3989520937	3989556930	35993	1060.20	553.75	1098.43	573.49	1.01	50.50	0.33	28.03	1165.88	-1880.36	1030.74
Saccade R	1	21	3989520937	3989556930	35993	1060.20	553.75	1098.43	573.49	1.01	50.50	0.33	28.03	1165.88	-1880.36	1030.74
Fixation L	1	19	3989556930	3989716915	159985	1089.20	559.56	23	28	-1	14.95	14.95
Fixation R	1	19	3989556930	3989716915	159985	1089.20	559.56	23	28	-1	17.07	17.07
Saccade L	1	21	3989716915	3989748914	31999	1084.81	552.36	1089.22	593.10	1.27	88.87	0.37	39.75	3707.47	-3033.24	2041.13
Saccade R	1	22	3989716915	3989748914	31999	1084.81	552.36	1089.22	593.10	1.27	88.87	0.37	39.75	3707.47	-3033.24	2041.13
Fixation L	1	20	3989748914	3989864915	116001	1084.81	600.91	8	12	-1	14.68	14.68
Fixation R	1	20	3989748914	3989864915	116001	1084.81	600.91	8	12	-1	16.71	16.71
Saccade L	1	22	3989864915	3989908915	44000	1081.54	598.61	1082.21	487.63	2.82	201.29	0.36	63.99	8822.92	-8015.43	4809.71
Saccade R	1	23	3989864915	3989908915	44000	1081.54	598.61	1082.21	487.63	2.82	201.29	0.36	63.99	8822.92	-8015.43	4809.71
Fixation L	1	21	3989908915	3990204923	296008	1080.45	476.68	14	17	-1	14.09	14.09
Fixation R	1	21	3989908915	3990204923	296008	1080.45	476.68	14	17	-1	15.87	15.87
Saccade L	1	23	3990204923	3990256935	52012	1078.39	469.79	1070.87	405.53	2.13	89.95	0.54	40.90	3541.46	-2800.40	1948.19
Saccade R	1	24	3990204923	3990256935	52012	1078.39	469.79	1070.87	405.53	2.13	89.95	0.54	40.90	3541.46	-2800.40	1948.19
Fixation L	1	22	3990256935	3990424811	167876	1069.68	396.95	24	25	-1	13.80	13.80
Fixation R	1	22	3990256935	3990424811	167876	1069.68	396.95	24	25	-1	15.56	15.56
Fixation L	1	23	3990512816	3990712809	199993	474.65	258.92	21	22	-1	13.98	13.98
Fixation R	1	23	3990512816	3990712809	199993	474.65	258.92	21	22	-1	15.47	15.47
Saccade L	1	24	3990712809	3990756828	44019	474.15	265.27	492.12	170.91	2.04	118.18	0.36	46.30	5051.73	-4357.56	3055.66
Saccade R	1	25	3990712809	3990756828	44019	474.15	265.27	492.12	170.91	2.04	118.18	0.36	46.30	5051.73	-4357.56	3055.66
Fixation L	1	24	3990756828	3991252848	496020	497.60	138.89	23	80	-1	14.49	14.49
Fixation R	1	24	3990756828	3991252848	496020	497.60	138.89	23	80	-1	15.92	15.92
Fixation L	1	25	3991336839	3991724879	388040	520.32	222.46	20	26	-1	14.73	14.73
Fixation R	1	25	3991336839	3991724879	388040	520.32	222.46	20	26	-1	16.59	16.59
Saccade L	1	25	3991724879	3991776713	51834	519.56	225.32	485.91	237.16	2.26	102.00	0.31	43.56	4164.24	-2539.82	1979.99
Saccade R	1	26	3991724879	3991776713	51834	519.56	225.32	485.91	237.16	2.26	102.00	0.31	43.56	4164.24	-2539.82	1979.99
Fixation L	1	26	3991776713	3992000736	224023	491.24	221.16	25	27	-1	14.81	14.81
Fixation R	1	26	3991776713	3992000736	224023	491.24	221.16	25	27	-1	16.47	16.47
Saccade L	1	26	3992000736	3992032734	31998	496.32	209.66	491.13	371.09	3.34	234.03	0.62	104.45	11389.66	-10256.32	7828.34
Saccade R	1	27	3992000736	3992032734	31998	496.32	209.66	491.13	371.09	3.34	234.03	0.62	104.45	11389.66	-10256.32	7828.34
Saccade L	1	27	3992040735	3992072745	32010	476.29	357.17	477.08	410.95	1.12	55.19	0.50	34.95	1617.93	-2087.42	1187.73
Saccade R	1	28	3992040735	3992072745	32010	476.29	357.17	477.08	410.95	1.12	55.19	0.50	34.95	1617.93	-2087.42	1187.73
Fixation L	1	27	3992072745	3992288747	216002	479.95	398.79	19	30	-1	15.04	15.04
Fixation R	1	27	3992072745	3992288747	216002	479.95	398.79	19	30	-1	16.83	16.83
Saccade L	1	28	3992288747	3992356720	67973	478.67	383.27	463.94	490.39	2.91	97.57	0.24	42.81	4395.66	-2846.04	1886.61
Saccade R	1	29	3992288747	3992356720	67973	478.67	383.27	463.94	490.39	2.91	97.57	0.24	42.81	4395.66	-2846.04	1886.61
Fixation L	1	28	3992356720	3992512739	156019	455.91	478.05	17	28	-1	15.25	15.25
Fixation R	1	28	3992356720	3992512739	156019	455.91	478.05	17	28	-1	16.85	16.85
Saccade L	1	29	3992512739	3992540741	28002	448.38	476.33	449.87	351.07	2.46	187.41	0.57	87.80	8669.74	-7959.37	6203.59
Saccade R	1	30	3992512739	3992540741	28002	448.38	476.33	449.87	351.07	2.46	187.41	0.57	87.80	8669.74	-7959.37	6203.59
Fixation L	1	29	3992540741	3992768664	227923	458.17	363.48	17	19	-1	15.15	15.15
Fixation R	1	29	3992540741	3992768664	227923	458.17	363.48	17	19	-1	16.63	16.63
Saccade L	1	30	3992768664	3992808757	40093	454.28	367.80	450.99	275.90	1.91	108.63	0.30	47.74	5192.12	-4160.91	2971.75
Saccade R	1	31	3992768664	3992808757	40093	454.28	367.80	450.99	275.90	1.91	108.63	0.30	47.74	5192.12	-4160.91	2971.75
Fixation L	1	30	3992808757	3992980762	172005	458.15	271.56	11	20	-1	14.87	14.87
Fixation R	1	30	3992808757	3992980762	172005	458.15	271.56	11	20	-1	16.38	16.38
Saccade L	1	31	3992980762	3993028742	47980	455.68	287.12	496.61	180.91	2.68	122.52	0.58	55.96	4418.47	-5001.14	3088.72
Saccade R	1	32	3992980762	3993028742	47980	455.68	287.12	496.61	180.91	2.68	122.52	0.58	55.96	4418.47	-5001.14	3088.72
Fixation L	1	31	3993028742	3993344626	315884	503.72	171.18	30	40	-1	14.65	14.65
Fixation R	1	31	3993028742	3993344626	315884	503.72	171.18	30	40	-1	16.06	16.06
Saccade L	1	32	3993344626	3993368637	24011	502.89	161.13	517.15	178.95	0.54	42.52	0.33	22.49	1475.88	-1205.38	910.85
Saccade R	1	33	3993344626	3993368637	24011	502.89	161.13	517.15	178.95	0.54	42.52	0.33	22.49	1475.88	-1205.38	910.85
Fixation L	1	32	3993368637	3993996643	628006	523.88	152.72	25	69	-1	14.16	14.16
Fixation R	1	32	3993368637	3993996643	628006	523.88	152.72	25	69	-1	15.57	15.57
Saccade L	1	33	3993996643	3994036637	39994	523.11	135.88	505.19	92.23	1.09	60.87	0.30	27.32	2476.82	-1974.78	1408.19
Saccade R	1	34	3993996643	3994036637	39994	523.11	135.88	505.19	92.23	1.09	60.87	0.30	27.32	2476.82	-1974.78	1408.19
Fixation L	1	33	3994036637	3994248657	212020	503.97	91.12	13	17	-1	13.88	13.88
Fixation R	1	33	3994036637	3994248657	212020	503.97	91.12	13	17	-1	15.47	15.47
Saccade L	1	34	3994248657	3994292640	43983	495.91	99.31	494.36	182.65	1.82	99.87	0.64	41.43	3031.27	-3888.11	2334.29
Saccade R	1	35	3994248657	3994292640	43983	495.91	99.31	494.36	182.65	1.82	99.87	0.64	41.43	3031.27	-3888.11	2334.29
Fixation L	1	34	3994292640	3994560681	268041	489.29	168.40	21	54	-1	13.60	13.60
Fixation R	1	34	3994292640	3994560681	268041	489.29	168.40	21	54	-1	15.58	15.58
Saccade L	1	35	3994560681	3994600520	39839	489.21	142.12	484.24	241.68	2.33	165.19	0.50	58.46	7295.30	-7334.52	4612.00
Saccade R	1	36	3994560681	3994600520	39839	489.21	142.12	484.24	241.68	2.33	165.19	0.50	58.46	7295.30	-7334.52	4612.00
Fixation L	1	35	3994600520	3994868539	268019	489.03	267.42	20	39	-1	14.23	14.23
Fixation R	1	35	3994600520	3994868539	268019	489.03	267.42	20	39	-1	16.06	16.06
Saccade L	1	36	3994868539	3994904526	35987	487.44	261.58	474.58	260.44	1.47	82.05	0.44	40.83	3720.32	-2078.72	1708.66
Saccade R	1	37	3994868539	3994904526	35987	487.44	261.58	474.58	260.44	1.47	82.05	0.44	40.83	3720.32	-2078.72	1708.66
Saccade L	1	37	3994904526	3994936530	32004	474.58	260.44	452.76	243.19	0.72	51.24	0.25	22.54	186.55	-1769.81	872.46
Saccade R	1	38	3994904526	3994936530	32004	474.58	260.44	452.76	243.19	0.72	51.24	0.25	22.54	186.55	-1769.81	872.46
Fixation L	1	36	3994936530	3995124532	188002	449.65	252.20	11	14	-1	14.51	14.51
Fixation R	1	36	3994936530	3995124532	188002	449.65	252.20	11	14	-1	16.19	16.19
Saccade L	1	38	3995124532	3995160534	36002	447.09	254.52	429.77	197.31	1.40	73.14	0.67	38.78	3098.45	-2666.20	2165.23
Saccade R	1	39	3995124532	3995160534	36002	447.09	254.52	429.77	197.31	1.40	73.14	0.67	38.78	3098.45	-2666.20	2165.23
Fixation L	1	37	3995160534	3995316551	156017	429.12	197.00	14	17	-1	14.19	14.19
Fixation R	1	37	3995160534	3995316551	156017	429.12	197.00	14	17	-1	16.01	16.01
Saccade L	1	39	3995316551	3995388559	72008	429.50	202.99	458.61	381.88	4.88	277.21	0.22	67.78	12585.22	-11973.58	4610.12
Saccade R	1	40	3995316551	3995388559	72008	429.50	202.99	458.61	381.88	4.88	277.21	0.22	67.78	12585.22	-11973.58	4610.12
Fixation L	1	38	3995388559	3995884586	496027	459.91	376.30	31	28	-1	14.50	14.50
Fixation R	1	38	3995388559	3995884586	496027	459.91	376.30	31	28	-1	15.97	15.97
Saccade L	1	40	3995884586	3995940550	55964	458.72	364.26	411.72	374.98	1.88	84.95	0.36	33.54	3779.07	-2540.91	1529.87
Saccade R	1	41	3995884586	3995940550	55964	458.72	364.26	411.72	374.98	1.88	84.95	0.36	33.54	3779.07	-2540.91	1529.87
Fixation L	1	39	3995940550	3996360442	419892	424.83	395.89	35	44	-1	14.19	14.19
Fixation R	1	39	3995940550	3996360442	419892	424.83	395.89	35	44	-1	15.79	15.79
Saccade L	1	41	3996360442	3996408446	48004	419.53	417.42	438.21	254.64	3.51	157.27	0.33	73.02	7368.98	-4134.51	3969.58
Saccade R	1	42	3996360442	3996408446	48004	419.53	417.42	438.21	254.64	3.51	157.27	0.33	73.02	7368.98	-4134.51	3969.58
Fixation L	1	40	3996408446	3996624452	216006	443.40	251.60	31	39	-1	14.44	14.44
Fixation R	1	40	3996408446	3996624452	216006	443.40	251.60	31	39	-1	15.97	15.97
Saccade L	1	42	3996624452	3996696448	71996	458.35	268.52	1017.34	452.24	13.53	448.49	0.28	187.90	20914.46	-11198.23	9239.88
Saccade R	1	43	3996624452	3996696448	71996	458.35	268.52	1017.34	452.24	13.53	448.49	0.28	187.90	20914.46	-11198.23	9239.88
Fixation L	1	41	3996696448	3996824462	128014	1038.83	444.30	33	30	-1	14.45	14.45
Fixation R	1	41	3996696448	3996824462	128014	1038.83	444.30	33	30	-1	16.22	16.22
Saccade L	1	43	3996824462	3996852452	27990	1052.03	434.11	1061.27	408.79	0.59	40.41	0.57	21.22	1495.74	-1505.30	1094.73
Saccade R	1	44	3996824462	3996852452	27990	1052.03	434.11	1061.27	408.79	0.59	40.41	0.57	21.22	1495.74	-1505.30	1094.73
Fixation L	1	42	3996852452	3997108464	256012	1069.06	411.38	12	18	-1	13.99	13.99
Fixation R	1	42	3996852452	3997108464	256012	1069.06	411.38	12	18	-1	15.79	15.79
Saccade L	1	44	3997108464	3997144456	35992	1072.65	409.11	1146.59	403.07	1.51	102.73	0.44	42.08	4663.94	-4389.24	3113.00
Saccade R	1	45	3997108464	3997144456	35992	1072.65	409.11	1146.59	403.07	1.51	102.73	0.44	42.08	4663.94	-4389.24	3113.00
Fixation L	1	43	3997144456	3997296433	151977	1152.08	395.67	16	18	-1	13.44	13.44
Fixation R	1	43	3997144456	3997296433	151977	1152.08	395.67	16	18	-1	14.97	14.97
Saccade L	1	45	3997296433	3997344390	47957	1159.01	392.40	994.53	400.57	3.90	237.62	0.42	81.40	10719.64	-10594.72	6147.52
Saccade R	1	46	3997296433	3997344390	47957	1159.01	392.40	994.53	400.57	3.90	237.62	0.42	81.40	10719.64	-10594.72	6147.52
Fixation L	1	44	3997344390	3997588336	243946	979.66	394.95	20	19	-1	13.54	13.54
Fixation R	1	44	3997344390	3997588336	243946	979.66	394.95	20	19	-1	15.13	15.13
Saccade L	1	46	3997588336	3997624365	36029	989.04	393.45	901.94	407.46	2.28	167.67	0.33	63.39	7932.78	-7252.86	4547.88
Saccade R	1	47	3997588336	3997624365	36029	989.04	393.45	901.94	407.46	2.28	167.67	0.33	63.39	7932.78	-7252.86	4547.88
Fixation L	1	45	3997624365	3997844366	220001	847.63	379.96	429	190	-1	13.94	13.94
Fixation R	1	45	3997624365	3997844366	220001	847.63	379.96	429	190	-1	15.48	15.48
