[BeGaze]
Converted from:	D:\Kirillov\Results\ermolova_temp\Nastya 07-1-eye_data.idf
Date:	17.04.2019 03:53:35
Version:	BeGaze 3.0.181
Sample Rate:	250
Subject:	Nastya 07
Description:	Run27

Table Header for Fixations:
Event Type	Trial	Number	Start	End	Duration	Location X	Location Y	Dispersion X	Dispersion Y	Plane	Avg. Pupil Size X	Avg. Pupil Size Y

Table Header for Saccades:
Event Type	Trial	Number	Start	End	Duration	Start Loc.X	Start Loc.Y	End Loc.X	End Loc.Y	Amplitude	Peak Speed	Peak Speed At	Average Speed	Peak Accel.	Peak Decel.	Average Accel.

Table Header for User Events:
Event Type	Trial	Number	Start	Description

UserEvent	1	1	12307462626	# Message: Questionnaire10.jpg
Fixation L	1	1	12307466042	12307602049	136007	405.63	342.75	29	43	-1	14.28	14.28
Fixation R	1	1	12307466042	12307602049	136007	405.63	342.75	29	43	-1	14.60	14.60
Saccade L	1	1	12307602049	12307654045	51996	404.46	354.84	384.17	253.94	2.30	94.99	0.54	44.22	2935.22	-3675.16	2034.80
Saccade R	1	1	12307602049	12307654045	51996	404.46	354.84	384.17	253.94	2.30	94.99	0.54	44.22	2935.22	-3675.16	2034.80
Fixation L	1	2	12307654045	12307818048	164003	392.56	276.91	46	62	-1	14.14	14.14
Fixation R	1	2	12307654045	12307818048	164003	392.56	276.91	46	62	-1	14.62	14.62
Saccade L	1	2	12307818048	12307850069	32021	416.74	316.20	412.50	206.43	2.20	151.82	0.50	68.75	6557.76	-5654.54	4527.35
Saccade R	1	2	12307818048	12307850069	32021	416.74	316.20	412.50	206.43	2.20	151.82	0.50	68.75	6557.76	-5654.54	4527.35
Fixation L	1	3	12307850069	12308010050	159981	415.74	232.28	15	65	-1	14.24	14.24
Fixation R	1	3	12307850069	12308010050	159981	415.74	232.28	15	65	-1	14.79	14.79
Saccade L	1	3	12308010050	12308045958	35908	423.00	249.61	368.68	245.69	1.31	66.94	0.33	36.51	2493.41	-2304.34	1505.99
Saccade R	1	3	12308010050	12308045958	35908	423.00	249.61	368.68	245.69	1.31	66.94	0.33	36.51	2493.41	-2304.34	1505.99
Saccade L	1	4	12308074075	12308109995	35920	361.42	262.89	367.18	185.02	1.47	70.22	0.44	40.93	3178.65	-2075.90	1577.34
Saccade R	1	4	12308074075	12308109995	35920	361.42	262.89	367.18	185.02	1.47	70.22	0.44	40.93	3178.65	-2075.90	1577.34
Saccade L	1	5	12308109995	12308130095	20100	367.18	185.02	383.95	218.40	0.71	51.66	0.40	35.21	628.16	-1723.31	863.43
Saccade R	1	5	12308109995	12308130095	20100	367.18	185.02	383.95	218.40	0.71	51.66	0.40	35.21	628.16	-1723.31	863.43
Saccade L	1	6	12308190062	12308214091	24029	381.61	198.07	359.71	168.15	0.75	43.35	0.33	31.31	636.36	-1189.81	630.92
Saccade R	1	6	12308190062	12308214091	24029	381.61	198.07	359.71	168.15	0.75	43.35	0.33	31.31	636.36	-1189.81	630.92
Fixation L	1	4	12308214091	12308293971	79880	372.56	168.76	20	41	-1	14.34	14.34
Fixation R	1	4	12308214091	12308293971	79880	372.56	168.76	20	41	-1	14.83	14.83
Saccade L	1	7	12308293971	12308325965	31994	376.09	177.85	375.29	244.15	1.20	66.11	0.62	37.40	2648.26	-2642.60	2059.58
Saccade R	1	7	12308293971	12308325965	31994	376.09	177.85	375.29	244.15	1.20	66.11	0.62	37.40	2648.26	-2642.60	2059.58
Saccade L	1	8	12308337937	12308357943	20006	373.71	228.85	370.97	260.90	0.74	70.32	0.60	36.91	2642.28	-1976.45	1441.74
Saccade R	1	8	12308337937	12308357943	20006	373.71	228.85	370.97	260.90	0.74	70.32	0.60	36.91	2642.28	-1976.45	1441.74
Fixation L	1	5	12308381990	12308809960	427970	396.35	267.28	37	63	-1	14.31	14.31
Fixation R	1	5	12308381990	12308809960	427970	396.35	267.28	37	63	-1	14.53	14.53
UserEvent	1	2	12308626295	# Message: UE-mouseclick left x=379 y=336
Saccade L	1	9	12308809960	12308841943	31983	390.45	299.98	406.14	362.47	1.40	73.63	0.50	43.84	3600.66	-2926.82	2335.45
Saccade R	1	9	12308809960	12308841943	31983	390.45	299.98	406.14	362.47	1.40	73.63	0.50	43.84	3600.66	-2926.82	2335.45
Saccade L	1	10	12308889941	12308909965	20024	423.74	367.85	417.83	339.43	0.62	48.45	0.60	31.08	2036.48	-1384.63	1284.78
Saccade R	1	10	12308889941	12308909965	20024	423.74	367.85	417.83	339.43	0.62	48.45	0.60	31.08	2036.48	-1384.63	1284.78
Fixation L	1	6	12308909965	12309149960	239995	421.64	317.35	21	62	-1	14.30	14.30
Fixation R	1	6	12308909965	12309149960	239995	421.64	317.35	21	62	-1	14.49	14.49
Saccade L	1	11	12309149960	12309181903	31943	423.89	318.56	426.17	254.06	1.30	82.66	0.38	40.61	3515.60	-2977.70	1995.33
Saccade R	1	11	12309149960	12309181903	31943	423.89	318.56	426.17	254.06	1.30	82.66	0.38	40.61	3515.60	-2977.70	1995.33
Saccade L	1	12	12309209970	12309233979	24009	403.82	271.02	403.04	308.86	0.70	57.51	0.67	29.27	1265.93	-1377.58	914.75
Saccade R	1	12	12309209970	12309233979	24009	403.82	271.02	403.04	308.86	0.70	57.51	0.67	29.27	1265.93	-1377.58	914.75
Fixation L	1	7	12309233979	12309425963	191984	443.48	306.47	50	30	-1	14.49	14.49
Fixation R	1	7	12309233979	12309425963	191984	443.48	306.47	50	30	-1	14.69	14.69
Saccade L	1	13	12309425963	12309449974	24011	433.00	315.45	416.07	335.14	0.62	40.97	0.50	25.82	886.63	-1262.26	757.85
Saccade R	1	13	12309425963	12309449974	24011	433.00	315.45	416.07	335.14	0.62	40.97	0.50	25.82	886.63	-1262.26	757.85
Fixation L	1	8	12309449974	12309561974	112000	413.67	344.20	8	12	-1	14.23	14.23
Fixation R	1	8	12309449974	12309561974	112000	413.67	344.20	8	12	-1	14.76	14.76
UserEvent	1	3	12309538318	# Message: UE-mouseclick left x=438 y=398
Saccade L	1	14	12309561974	12309597969	35995	411.25	343.69	436.14	231.72	2.61	169.36	0.33	72.58	8349.62	-7288.84	5039.13
Saccade R	1	14	12309561974	12309597969	35995	411.25	343.69	436.14	231.72	2.61	169.36	0.33	72.58	8349.62	-7288.84	5039.13
