[BeGaze]
Converted from:	D:\Kirillov\Results\ermolova_temp\Dasha-eye_data.idf
Date:	17.04.2019 03:53:24
Version:	BeGaze 3.0.181
Sample Rate:	250
Subject:	Dasha
Description:	Run24

Table Header for Fixations:
Event Type	Trial	Number	Start	End	Duration	Location X	Location Y	Dispersion X	Dispersion Y	Plane	Avg. Pupil Size X	Avg. Pupil Size Y

Table Header for Saccades:
Event Type	Trial	Number	Start	End	Duration	Start Loc.X	Start Loc.Y	End Loc.X	End Loc.Y	Amplitude	Peak Speed	Peak Speed At	Average Speed	Peak Accel.	Peak Decel.	Average Accel.

Table Header for User Events:
Event Type	Trial	Number	Start	Description

UserEvent	1	1	11055954514	# Message: experiment-05.jpg
Fixation L	1	1	11055957449	11056213406	255957	484.97	408.86	30	22	-1	13.59	13.59
Fixation R	1	1	11055957449	11056213406	255957	484.97	408.86	30	22	-1	13.72	13.72
Saccade L	1	1	11056213406	11056269441	56035	480.00	421.07	1011.10	511.36	12.00	453.39	0.36	214.22	22342.02	-12469.96	11793.30
Saccade R	1	1	11056213406	11056269441	56035	480.00	421.07	1011.10	511.36	12.00	453.39	0.36	214.22	22342.02	-12469.96	11793.30
Fixation L	1	2	11056269441	11056365343	95902	1028.54	525.77	23	22	-1	13.32	13.32
Fixation R	1	2	11056269441	11056365343	95902	1028.54	525.77	23	22	-1	13.84	13.84
Saccade L	1	2	11056365343	11056389288	23945	1030.52	538.98	1014.94	477.89	0.69	52.08	0.33	28.95	1401.24	-1229.04	824.41
Saccade R	1	2	11056365343	11056389288	23945	1030.52	538.98	1014.94	477.89	0.69	52.08	0.33	28.95	1401.24	-1229.04	824.41
Fixation L	1	3	11056389288	11056441315	52027	1009.30	523.61	8	56	-1	13.09	13.09
Fixation R	1	3	11056389288	11056441315	52027	1009.30	523.61	8	56	-1	13.46	13.46
Saccade L	1	3	11056441315	11056465304	23989	1010.49	518.06	1023.31	631.10	2.32	200.31	0.50	96.78	8718.57	-8519.09	6319.87
Saccade R	1	3	11056441315	11056465304	23989	1010.49	518.06	1023.31	631.10	2.32	200.31	0.50	96.78	8718.57	-8519.09	6319.87
Fixation L	1	4	11056465304	11056809314	344010	1043.55	651.51	39	48	-1	12.72	12.72
Fixation R	1	4	11056465304	11056809314	344010	1043.55	651.51	39	48	-1	13.26	13.26
Saccade L	1	4	11056809314	11056865303	55989	1057.66	631.98	388.41	499.74	14.84	500.87	0.36	265.00	23285.69	-17402.27	12581.39
Saccade R	1	4	11056809314	11056865303	55989	1057.66	631.98	388.41	499.74	14.84	500.87	0.36	265.00	23285.69	-17402.27	12581.39
Fixation L	1	5	11056865303	11057181310	316007	368.20	502.43	41	26	-1	12.59	12.59
Fixation R	1	5	11056865303	11057181310	316007	368.20	502.43	41	26	-1	12.26	12.26
Saccade L	1	5	11057181310	11057241333	60023	347.92	505.61	1075.07	646.52	16.58	485.68	0.33	276.20	22273.27	-17457.88	12985.27
Saccade R	1	5	11057181310	11057241333	60023	347.92	505.61	1075.07	646.52	16.58	485.68	0.33	276.20	22273.27	-17457.88	12985.27
Fixation L	1	6	11057241333	11057393321	151988	1092.02	625.75	33	28	-1	12.64	12.64
Fixation R	1	6	11057241333	11057393321	151988	1092.02	625.75	33	28	-1	13.12	13.12
Saccade L	1	6	11057393321	11057429325	36004	1099.62	633.55	1059.34	569.36	1.48	84.27	0.22	41.18	3377.23	-2587.25	1804.17
Saccade R	1	6	11057393321	11057429325	36004	1099.62	633.55	1059.34	569.36	1.48	84.27	0.22	41.18	3377.23	-2587.25	1804.17
Fixation L	1	7	11057429325	11057665331	236006	1053.06	577.14	22	58	-1	12.82	12.82
Fixation R	1	7	11057429325	11057665331	236006	1053.06	577.14	22	58	-1	13.22	13.22
Saccade L	1	7	11057665331	11057741353	76022	1043.45	596.42	1021.32	499.10	6.05	254.77	0.21	79.53	10920.03	-7882.96	3378.94
Saccade R	1	7	11057665331	11057741353	76022	1043.45	596.42	1021.32	499.10	6.05	254.77	0.21	79.53	10920.03	-7882.96	3378.94
Saccade L	1	8	11057741353	11057761214	19861	1021.32	499.10	1016.42	460.36	0.72	73.26	0.60	36.34	693.69	-2356.87	1011.27
Saccade R	1	8	11057741353	11057761214	19861	1021.32	499.10	1016.42	460.36	0.72	73.26	0.60	36.34	693.69	-2356.87	1011.27
Saccade R	1	9	11057777205	11057813221	36016	1017.00	458.27	1077.72	450.95	1.63	78.69	0.67	45.18	2641.15	-2814.55	1870.84
Saccade L	1	9	11057785204	11057813221	28017	1027.97	487.23	1077.72	450.95	1.36	78.69	0.57	48.67	2641.15	-2814.55	1996.02
Saccade L	1	10	11057813221	11057833194	19973	1077.72	450.95	1047.93	451.26	0.56	56.80	0.40	28.22	-380.58	-1814.66	1058.31
Saccade R	1	10	11057813221	11057833194	19973	1077.72	450.95	1047.93	451.26	0.56	56.80	0.40	28.22	-380.58	-1814.66	1058.31
Fixation L	1	8	11057833194	11057977230	144036	656.70	310.70	1047	649	-1	14.49	14.49
Fixation R	1	8	11057833194	11057885206	52012	1036.90	460.33	22	14	-1	12.86	12.86
Saccade R	1	11	11057885206	11057941199	55993	1021.40	465.12	0.00	0.00	25.19	1676.37	0.79	449.80	64657.76	-72932.50	32015.75
Fixation L	1	9	11058105200	11058181211	76011	1025.54	489.71	11	32	-1	12.57	12.57
Fixation R	1	9	11058105200	11058181211	76011	1025.54	489.71	11	32	-1	12.88	12.88
Saccade L	1	11	11058181211	11058249205	67994	1025.53	498.43	397.65	515.69	14.16	459.81	0.53	208.19	20490.47	-15629.98	10462.96
Saccade R	1	12	11058181211	11058249205	67994	1025.53	498.43	397.65	515.69	14.16	459.81	0.53	208.19	20490.47	-15629.98	10462.96
Saccade L	1	12	11058257220	11058285255	28035	403.67	508.95	366.10	548.00	1.10	68.49	0.29	39.12	2362.11	-2839.30	1759.33
Saccade R	1	13	11058257220	11058285255	28035	403.67	508.95	366.10	548.00	1.10	68.49	0.29	39.12	2362.11	-2839.30	1759.33
Fixation L	1	10	11058285255	11058593224	307969	379.63	517.36	46	46	-1	13.14	13.14
Fixation R	1	10	11058285255	11058593224	307969	379.63	517.36	46	46	-1	13.22	13.22
Saccade L	1	13	11058593224	11058641219	47995	416.06	530.45	354.09	523.36	1.81	65.43	0.25	37.65	2248.04	-1590.27	1196.26
Saccade R	1	14	11058593224	11058641219	47995	416.06	530.45	354.09	523.36	1.81	65.43	0.25	37.65	2248.04	-1590.27	1196.26
Saccade L	1	14	11058677218	11058697229	20011	346.80	537.35	328.71	468.73	0.76	62.02	0.40	37.79	1207.67	-538.81	649.76
Saccade R	1	15	11058677218	11058697229	20011	346.80	537.35	328.71	468.73	0.76	62.02	0.40	37.79	1207.67	-538.81	649.76
Fixation L	1	11	11058721236	11058841216	119980	323.86	474.43	13	16	-1	13.11	13.11
Fixation R	1	11	11058721236	11058841216	119980	323.86	474.43	13	16	-1	13.14	13.14
Saccade L	1	15	11058841216	11058873211	31995	324.78	476.85	286.29	450.33	1.04	49.80	0.25	32.65	2212.34	-1299.89	1129.12
Saccade R	1	16	11058841216	11058873211	31995	324.78	476.85	286.29	450.33	1.04	49.80	0.25	32.65	2212.34	-1299.89	1129.12
Saccade L	1	16	11058901238	11058929236	27998	274.12	440.51	324.45	471.47	1.18	70.36	0.43	42.04	3067.07	-2704.06	2174.85
Saccade R	1	17	11058901238	11058929236	27998	274.12	440.51	324.45	471.47	1.18	70.36	0.43	42.04	3067.07	-2704.06	2174.85
Saccade L	1	17	11058957225	11058981221	23996	330.01	478.78	371.72	512.47	1.19	90.33	0.50	49.46	3927.30	-3185.20	2623.72
Saccade R	1	18	11058957225	11058981221	23996	330.01	478.78	371.72	512.47	1.19	90.33	0.50	49.46	3927.30	-3185.20	2623.72
Fixation L	1	12	11058981221	11059165105	183884	391.37	539.23	38	64	-1	13.50	13.50
Fixation R	1	12	11058981221	11059165105	183884	391.37	539.23	38	64	-1	13.74	13.74
Saccade L	1	18	11059165105	11059189096	23991	379.99	578.87	382.66	525.75	0.98	69.56	0.33	40.98	2839.50	-2607.03	1995.86
Saccade R	1	19	11059165105	11059189096	23991	379.99	578.87	382.66	525.75	0.98	69.56	0.33	40.98	2839.50	-2607.03	1995.86
Saccade L	1	19	11059201115	11059237122	36007	387.21	558.23	365.25	416.20	4.83	327.98	0.33	134.04	13811.99	-11430.16	7265.18
Saccade R	1	20	11059201115	11059237122	36007	387.21	558.23	365.25	416.20	4.83	327.98	0.33	134.04	13811.99	-11430.16	7265.18
Saccade L	1	20	11059237122	11059265128	28006	365.25	416.20	357.32	412.00	1.25	68.98	0.43	44.53	386.72	-2868.27	1848.14
Saccade R	1	21	11059237122	11059265128	28006	365.25	416.20	357.32	412.00	1.25	68.98	0.43	44.53	386.72	-2868.27	1848.14
Saccade L	1	21	11059289095	11059317120	28025	357.35	416.35	386.66	464.11	1.27	87.96	0.43	45.37	3489.89	-2980.45	2378.76
Saccade R	1	22	11059289095	11059317120	28025	357.35	416.35	386.66	464.11	1.27	87.96	0.43	45.37	3489.89	-2980.45	2378.76
Fixation L	1	13	11059317120	11059393120	76000	399.91	476.03	38	16	-1	13.99	13.99
Fixation R	1	13	11059317120	11059393120	76000	399.91	476.03	38	16	-1	13.94	13.94
Saccade L	1	22	11059393120	11059417100	23980	416.66	479.57	364.64	455.82	1.08	89.54	0.50	45.02	3157.66	-2609.27	2074.08
Saccade R	1	23	11059393120	11059417100	23980	416.66	479.57	364.64	455.82	1.08	89.54	0.50	45.02	3157.66	-2609.27	2074.08
Fixation L	1	14	11059417100	11059617102	200002	371.54	428.74	21	34	-1	13.73	13.73
Fixation R	1	14	11059417100	11059617102	200002	371.54	428.74	21	34	-1	13.97	13.97
Saccade L	1	23	11059617102	11059673127	56025	372.17	425.66	961.68	569.73	13.05	451.68	0.29	232.96	22396.86	-14413.89	11719.94
Saccade R	1	24	11059617102	11059673127	56025	372.17	425.66	961.68	569.73	13.05	451.68	0.29	232.96	22396.86	-14413.89	11719.94
Saccade L	1	24	11059673127	11059705124	31997	961.68	569.73	1026.85	631.01	2.10	123.77	0.37	65.64	4846.43	-5791.92	3660.09
Saccade R	1	25	11059673127	11059705124	31997	961.68	569.73	1026.85	631.01	2.10	123.77	0.37	65.64	4846.43	-5791.92	3660.09
Saccade L	1	25	11059737140	11059789115	51975	1023.37	623.11	966.11	568.72	2.52	83.72	0.23	48.44	3835.65	-2610.87	1815.60
Saccade R	1	26	11059737140	11059789115	51975	1023.37	623.11	966.11	568.72	2.52	83.72	0.23	48.44	3835.65	-2610.87	1815.60
Fixation L	1	15	11059789115	11059861111	71996	975.34	587.13	16	37	-1	13.37	13.37
Fixation R	1	15	11059789115	11059861111	71996	975.34	587.13	16	37	-1	13.90	13.90
Saccade L	1	26	11059861111	11059881129	20018	981.48	606.07	1025.92	601.55	0.83	70.86	0.60	41.46	2314.41	-2790.00	1674.21
Saccade R	1	27	11059861111	11059881129	20018	981.48	606.07	1025.92	601.55	0.83	70.86	0.60	41.46	2314.41	-2790.00	1674.21
Saccade L	1	27	11059957134	11059981117	23983	1025.58	593.62	1024.79	530.93	0.86	89.12	0.50	36.07	2567.81	-1108.72	1366.51
Saccade R	1	28	11059957134	11059981117	23983	1025.58	593.62	1024.79	530.93	0.86	89.12	0.50	36.07	2567.81	-1108.72	1366.51
Saccade L	1	28	11059981117	11060005127	24010	1024.79	530.93	1023.06	580.05	1.03	96.28	0.50	42.99	2268.81	-1370.96	1320.30
Saccade R	1	29	11059981117	11060005127	24010	1024.79	530.93	1023.06	580.05	1.03	96.28	0.50	42.99	2268.81	-1370.96	1320.30
Saccade L	1	29	11060005127	11060065145	60018	1023.06	580.05	431.52	382.48	13.81	617.43	0.40	230.16	28884.94	-23974.03	13625.63
Saccade R	1	30	11060005127	11060065145	60018	1023.06	580.05	431.52	382.48	13.81	617.43	0.40	230.16	28884.94	-23974.03	13625.63
Fixation L	1	16	11060065145	11060257132	191987	441.54	373.27	31	30	-1	12.76	12.76
Fixation R	1	16	11060065145	11060257132	191987	441.54	373.27	31	30	-1	12.78	12.78
Saccade L	1	30	11060257132	11060281134	24002	431.85	355.13	340.90	343.66	1.89	160.94	0.50	78.59	6814.25	-6856.12	5101.14
Saccade R	1	31	11060257132	11060281134	24002	431.85	355.13	340.90	343.66	1.89	160.94	0.50	78.59	6814.25	-6856.12	5101.14
Fixation L	1	17	11060281134	11060445163	164029	339.75	341.79	14	31	-1	12.46	12.46
Fixation R	1	17	11060281134	11060445163	164029	339.75	341.79	14	31	-1	12.54	12.54
Saccade L	1	31	11060445163	11060497155	51992	343.69	356.83	357.73	364.96	3.48	146.66	0.77	66.90	5693.24	-5487.85	3080.53
Saccade R	1	32	11060445163	11060497155	51992	343.69	356.83	357.73	364.96	3.48	146.66	0.77	66.90	5693.24	-5487.85	3080.53
Saccade L	1	32	11060505160	11060544998	39838	360.69	375.60	411.07	524.98	4.78	293.11	0.60	119.93	11423.19	-12837.40	7680.97
Saccade R	1	33	11060505160	11060544998	39838	360.69	375.60	411.07	524.98	4.78	293.11	0.60	119.93	11423.19	-12837.40	7680.97
Fixation L	1	18	11060544998	11060801016	256018	426.61	535.62	40	48	-1	13.20	13.20
Fixation R	1	18	11060544998	11060801016	256018	426.61	535.62	40	48	-1	13.12	13.12
Saccade L	1	33	11060801016	11060825027	24011	424.33	511.98	371.09	522.03	1.19	84.73	0.50	49.37	2982.37	-3525.36	2399.94
Saccade R	1	34	11060801016	11060825027	24011	424.33	511.98	371.09	522.03	1.19	84.73	0.50	49.37	2982.37	-3525.36	2399.94
Fixation L	1	19	11060825027	11060889008	63981	364.62	526.16	10	9	-1	13.31	13.31
Fixation R	1	19	11060825027	11060889008	63981	364.62	526.16	10	9	-1	13.43	13.43
Fixation L	1	20	11060921039	11061025014	103975	357.97	524.80	36	26	-1	13.63	13.63
Fixation R	1	20	11060921039	11061025014	103975	357.97	524.80	36	26	-1	13.69	13.69
Saccade R	1	35	11061025014	11061081009	55995	356.08	527.42	2.07	0.00	20.58	1148.31	0.79	367.53	32465.36	-49687.57	20565.96
Fixation R	1	21	11061081009	11061181033	100024	0.36	0.00	2	0	-1	11.88	11.88
Saccade L	1	34	11061301045	11061333034	31989	336.60	374.30	329.97	416.55	1.07	54.06	0.50	33.33	1687.79	-3824.20	1431.09
Saccade R	1	36	11061301045	11061333034	31989	336.60	374.30	329.97	416.55	1.07	54.06	0.50	33.33	1687.79	-3824.20	1431.09
Fixation L	1	21	11061333034	11061489031	155997	317.57	435.52	16	53	-1	14.52	14.52
Fixation R	1	22	11061333034	11061489031	155997	317.57	435.52	16	53	-1	14.49	14.49
Saccade L	1	35	11061489031	11061525023	35992	320.49	432.63	317.54	329.76	2.55	188.06	0.45	70.80	8972.70	-8330.16	5377.39
Saccade R	1	37	11061489031	11061525023	35992	320.49	432.63	317.54	329.76	2.55	188.06	0.45	70.80	8972.70	-8330.16	5377.39
Fixation L	1	22	11061525023	11061761032	236009	316.15	318.11	28	40	-1	14.23	14.23
Fixation R	1	23	11061525023	11061761032	236009	316.15	318.11	28	40	-1	14.04	14.04
Saccade L	1	36	11061761032	11061797056	36024	305.96	306.79	300.58	461.31	3.23	202.68	0.56	89.65	8606.41	-9121.70	6168.51
Saccade R	1	38	11061761032	11061797056	36024	305.96	306.79	300.58	461.31	3.23	202.68	0.56	89.65	8606.41	-9121.70	6168.51
Fixation L	1	23	11061797056	11061988921	191865	280.78	463.08	39	24	-1	13.47	13.47
Fixation R	1	24	11061797056	11061988921	191865	280.78	463.08	39	24	-1	13.36	13.36
Saccade L	1	37	11061988921	11062048931	60010	264.31	456.14	954.37	506.53	15.44	515.88	0.33	257.22	25479.92	-16037.04	13253.34
Saccade R	1	39	11061988921	11062048931	60010	264.31	456.14	954.37	506.53	15.44	515.88	0.33	257.22	25479.92	-16037.04	13253.34
Saccade L	1	38	11062048931	11062068925	19994	954.37	506.53	980.86	526.40	0.50	45.16	0.60	24.84	-52.67	-5772.93	1802.78
Saccade R	1	40	11062048931	11062068925	19994	954.37	506.53	980.86	526.40	0.50	45.16	0.60	24.84	-52.67	-5772.93	1802.78
Fixation L	1	24	11062068925	11062212912	143987	980.36	517.43	16	29	-1	13.29	13.29
Fixation R	1	25	11062068925	11062212912	143987	980.36	517.43	16	29	-1	13.76	13.76
Fixation L	1	25	11062228916	11062456944	228028	1023.51	539.84	35	37	-1	13.14	13.14
Fixation R	1	26	11062228916	11062456944	228028	1023.51	539.84	35	37	-1	13.67	13.67
Saccade L	1	39	11062456944	11062480945	24001	1032.89	541.86	1032.81	481.93	1.31	113.92	0.50	54.59	4742.24	-4181.05	3414.73
Saccade R	1	41	11062456944	11062480945	24001	1032.89	541.86	1032.81	481.93	1.31	113.92	0.50	54.59	4742.24	-4181.05	3414.73
Fixation L	1	26	11062504921	11062580918	75997	1033.58	468.67	17	38	-1	12.60	12.60
Fixation R	1	27	11062504921	11062580918	75997	1033.58	468.67	17	38	-1	13.26	13.26
Saccade L	1	40	11062580918	11062612930	32012	1039.04	479.45	1037.37	466.84	0.91	45.87	0.25	28.27	1129.62	-1109.81	776.77
Saccade R	1	42	11062580918	11062612930	32012	1039.04	479.45	1037.37	466.84	0.91	45.87	0.25	28.27	1129.62	-1109.81	776.77
Saccade L	1	41	11062648938	11062688928	39990	1034.41	474.42	975.70	503.78	1.54	94.94	0.30	38.46	4018.99	-3178.13	2192.89
Saccade R	1	43	11062648938	11062688928	39990	1034.41	474.42	975.70	503.78	1.54	94.94	0.30	38.46	4018.99	-3178.13	2192.89
Fixation L	1	27	11062688928	11062756932	68004	973.65	505.51	5	18	-1	12.46	12.46
Fixation R	1	28	11062688928	11062756932	68004	973.65	505.51	5	18	-1	13.17	13.17
Fixation L	1	28	11062772931	11062868933	96002	842.06	450.52	590	214	-1	12.54	12.54
Fixation R	1	29	11062772931	11062868933	96002	842.06	450.52	590	214	-1	13.10	13.10
