[BeGaze]
Converted from:	D:\Kirillov\Results\ermolova_temp\Nastya 3kurs-eye_data.idf
Date:	17.04.2019 03:52:19
Version:	BeGaze 3.0.181
Sample Rate:	250
Subject:	Nastya 3kurs
Description:	Run3

Table Header for Fixations:
Event Type	Trial	Number	Start	End	Duration	Location X	Location Y	Dispersion X	Dispersion Y	Plane	Avg. Pupil Size X	Avg. Pupil Size Y

Table Header for Saccades:
Event Type	Trial	Number	Start	End	Duration	Start Loc.X	Start Loc.Y	End Loc.X	End Loc.Y	Amplitude	Peak Speed	Peak Speed At	Average Speed	Peak Accel.	Peak Decel.	Average Accel.

Table Header for User Events:
Event Type	Trial	Number	Start	Description

UserEvent	1	1	5269021029	# Message: Pie chart-4.jpg
Fixation L	1	1	5269024781	5269180794	156013	315.92	249.99	18	44	-1	15.22	15.22
Fixation R	1	1	5269024781	5269180794	156013	315.92	249.99	18	44	-1	13.96	13.96
Fixation L	1	2	5269196809	5269248777	51968	337.06	283.14	11	21	-1	15.26	15.26
Fixation R	1	2	5269196809	5269248777	51968	337.06	283.14	11	21	-1	14.00	14.00
Saccade L	1	1	5269248777	5269364823	116046	328.38	279.76	1283.83	389.70	28.54	569.05	0.21	245.93	26008.85	-16689.67	9615.60
Saccade R	1	1	5269248777	5269364823	116046	328.38	279.76	1283.83	389.70	28.54	569.05	0.21	245.93	26008.85	-16689.67	9615.60
Fixation L	1	3	5269364823	5269484788	119965	1272.71	378.64	19	21	-1	14.73	14.73
Fixation R	1	3	5269364823	5269484788	119965	1272.71	378.64	19	21	-1	13.84	13.84
Saccade L	1	2	5269484788	5269512785	27997	1281.16	375.33	1432.96	420.45	3.20	237.82	0.57	114.22	10741.05	-10172.27	7781.99
Saccade R	1	2	5269484788	5269512785	27997	1281.16	375.33	1432.96	420.45	3.20	237.82	0.57	114.22	10741.05	-10172.27	7781.99
Fixation L	1	4	5269512785	5269584796	72011	1396.34	415.01	66	19	-1	13.74	13.74
Fixation R	1	4	5269512785	5269584796	72011	1396.34	415.01	66	19	-1	13.01	13.01
Saccade L	1	3	5269632796	5269664796	32000	1386.30	400.11	1388.39	331.74	1.27	84.37	0.25	39.75	3078.11	-3125.79	1899.31
Saccade R	1	3	5269632796	5269664796	32000	1386.30	400.11	1388.39	331.74	1.27	84.37	0.25	39.75	3078.11	-3125.79	1899.31
Saccade L	1	4	5269676818	5269712806	35988	1387.30	336.00	1378.65	370.60	1.02	42.82	0.67	28.29	942.11	-673.08	579.89
Saccade R	1	4	5269676818	5269712806	35988	1387.30	336.00	1378.65	370.60	1.02	42.82	0.67	28.29	942.11	-673.08	579.89
Saccade L	1	5	5269712806	5269756788	43982	1378.65	370.60	1412.39	482.71	2.57	123.72	0.64	58.42	3829.55	-5069.01	2807.54
Saccade R	1	5	5269712806	5269756788	43982	1378.65	370.60	1412.39	482.71	2.57	123.72	0.64	58.42	3829.55	-5069.01	2807.54
Fixation L	1	5	5269756788	5269916791	160003	1419.19	484.12	46	23	-1	13.13	13.13
Fixation R	1	5	5269756788	5269916791	160003	1419.19	484.12	46	23	-1	12.19	12.19
Saccade L	1	6	5269916791	5269984808	68017	1447.52	485.77	395.05	360.44	23.48	677.84	0.29	345.16	31439.89	-19090.55	15048.33
Saccade R	1	6	5269916791	5269984808	68017	1447.52	485.77	395.05	360.44	23.48	677.84	0.29	345.16	31439.89	-19090.55	15048.33
Fixation L	1	6	5269984808	5270092792	107984	395.67	344.78	24	46	-1	13.04	13.04
Fixation R	1	6	5269984808	5270092792	107984	395.67	344.78	24	46	-1	11.70	11.70
Saccade L	1	7	5270092792	5270120827	28035	379.69	320.72	369.60	310.66	1.63	85.11	0.29	58.31	3816.10	-2562.64	1942.50
Saccade R	1	7	5270092792	5270120827	28035	379.69	320.72	369.60	310.66	1.63	85.11	0.29	58.31	3816.10	-2562.64	1942.50
Saccade L	1	8	5270120827	5270148815	27988	369.60	310.66	363.60	302.99	1.60	83.83	0.42	57.23	1309.18	-3579.43	2101.16
Saccade R	1	8	5270120827	5270148815	27988	369.60	310.66	363.60	302.99	1.60	83.83	0.42	57.23	1309.18	-3579.43	2101.16
Fixation L	1	7	5270148815	5270240670	91855	372.02	288.78	12	21	-1	12.92	12.92
Fixation R	1	7	5270148815	5270240670	91855	372.02	288.78	12	21	-1	11.68	11.68
Saccade L	1	9	5270240670	5270264680	24010	374.41	284.78	337.08	293.89	0.79	57.91	0.50	32.88	2611.89	-1477.79	1499.26
Saccade R	1	9	5270240670	5270264680	24010	374.41	284.78	337.08	293.89	0.79	57.91	0.50	32.88	2611.89	-1477.79	1499.26
Fixation L	1	8	5270264680	5270492670	227990	324.53	322.36	29	47	-1	13.31	13.31
Fixation R	1	8	5270264680	5270492670	227990	324.53	322.36	29	47	-1	12.09	12.09
Saccade L	1	10	5270560683	5270588695	28012	491.44	308.28	442.93	284.69	1.44	112.75	0.29	51.50	-320.05	-3433.46	2068.85
Saccade R	1	10	5270560683	5270588695	28012	491.44	308.28	442.93	284.69	1.44	112.75	0.29	51.50	-320.05	-3433.46	2068.85
Saccade L	1	11	5270608672	5270640690	32018	448.88	304.55	424.05	281.74	1.24	88.56	0.75	38.70	2627.45	-1135.51	1055.99
Saccade R	1	11	5270608672	5270640690	32018	448.88	304.55	424.05	281.74	1.24	88.56	0.75	38.70	2627.45	-1135.51	1055.99
Saccade L	1	12	5270656674	5270688690	32016	452.86	294.42	346.78	363.68	2.67	156.94	0.50	83.27	5693.69	-6469.70	4559.16
Saccade R	1	12	5270656674	5270688690	32016	452.86	294.42	346.78	363.68	2.67	156.94	0.50	83.27	5693.69	-6469.70	4559.16
Fixation L	1	9	5270688690	5270808713	120023	334.99	370.65	28	23	-1	13.77	13.77
Fixation R	1	9	5270688690	5270808713	120023	334.99	370.65	28	23	-1	12.78	12.78
Saccade L	1	13	5270808713	5270900623	91910	333.46	383.90	1420.25	500.08	26.08	577.40	0.48	283.80	20857.54	-26042.42	10873.33
Saccade R	1	13	5270808713	5270900623	91910	333.46	383.90	1420.25	500.08	26.08	577.40	0.48	283.80	20857.54	-26042.42	10873.33
Saccade L	1	14	5270916636	5270940711	24075	1414.74	493.28	1219.84	450.27	3.95	366.62	0.50	164.18	15382.36	-7863.25	7817.39
Saccade R	1	14	5270916636	5270940711	24075	1414.74	493.28	1219.84	450.27	3.95	366.62	0.50	164.18	15382.36	-7863.25	7817.39
Saccade L	1	15	5270940711	5270964706	23995	1219.84	450.27	1392.47	499.50	3.61	345.72	0.50	150.44	6203.92	-13708.42	6906.74
Saccade R	1	15	5270940711	5270964706	23995	1219.84	450.27	1392.47	499.50	3.61	345.72	0.50	150.44	6203.92	-13708.42	6906.74
Saccade L	1	16	5270996682	5271060686	64004	1393.26	503.00	1481.89	508.19	7.56	263.42	0.56	118.11	8304.56	-9471.08	5363.03
Saccade R	1	16	5270996682	5271060686	64004	1393.26	503.00	1481.89	508.19	7.56	263.42	0.56	118.11	8304.56	-9471.08	5363.03
Fixation L	1	10	5271060686	5271164698	104012	1459.13	519.42	39	18	-1	13.98	13.98
Fixation R	1	10	5271060686	5271164698	104012	1459.13	519.42	39	18	-1	12.77	12.77
Saccade L	1	17	5271164698	5271200688	35990	1449.66	522.03	1333.48	496.69	2.85	200.17	0.45	79.29	9003.68	-9114.99	6042.33
Saccade R	1	17	5271164698	5271200688	35990	1449.66	522.03	1333.48	496.69	2.85	200.17	0.45	79.29	9003.68	-9114.99	6042.33
Fixation L	1	11	5271200688	5271336694	136006	1322.69	491.72	27	14	-1	13.63	13.63
Fixation R	1	11	5271200688	5271336694	136006	1322.69	491.72	27	14	-1	12.34	12.34
Fixation L	1	12	5271397154	5271600564	203410	205.67	240.17	567	785	-1	11.74	11.74
Fixation R	1	12	5271397154	5271475840	78686	1.05	0.00	3	0	-1	11.79	11.79
Saccade R	1	18	5271475840	5271564583	88743	0.00	0.00	366.56	370.47	27.08	764.55	0.28	305.14	31613.86	-18412.41	10948.74
Saccade L	1	18	5271600564	5271628564	28000	373.18	359.88	342.32	345.03	0.79	43.93	0.57	28.06	1836.65	-1338.69	1174.39
Saccade R	1	19	5271600564	5271628564	28000	373.18	359.88	342.32	345.03	0.79	43.93	0.57	28.06	1836.65	-1338.69	1174.39
Fixation L	1	13	5271628564	5271744567	116003	339.33	361.34	36	23	-1	13.10	13.10
Fixation R	1	13	5271628564	5271744567	116003	339.33	361.34	36	23	-1	11.86	11.86
Saccade L	1	19	5271744567	5271764578	20011	326.42	358.88	322.59	393.43	0.62	50.49	0.60	31.02	1313.22	68.42	796.29
Saccade R	1	20	5271744567	5271764578	20011	326.42	358.88	322.59	393.43	0.62	50.49	0.60	31.02	1313.22	68.42	796.29
Saccade L	1	20	5271764578	5271816594	52016	322.59	393.43	387.83	412.26	3.19	124.83	0.62	61.32	2916.46	-4314.04	2277.32
Saccade R	1	21	5271764578	5271816594	52016	322.59	393.43	387.83	412.26	3.19	124.83	0.62	61.32	2916.46	-4314.04	2277.32
Fixation L	1	14	5271816594	5271932569	115975	378.46	407.91	25	23	-1	13.32	13.32
Fixation R	1	14	5271816594	5271932569	115975	378.46	407.91	25	23	-1	12.18	12.18
Saccade L	1	21	5271932569	5271956567	23998	365.59	402.06	342.66	415.51	0.83	65.97	0.67	34.61	2622.31	-1681.93	1431.13
Saccade R	1	22	5271932569	5271956567	23998	365.59	402.06	342.66	415.51	0.83	65.97	0.67	34.61	2622.31	-1681.93	1431.13
Saccade L	1	22	5271992578	5272012605	20027	341.64	395.32	342.25	428.59	0.74	59.23	0.60	36.72	2214.39	-936.43	1074.89
Saccade R	1	23	5271992578	5272012605	20027	341.64	395.32	342.25	428.59	0.74	59.23	0.60	36.72	2214.39	-936.43	1074.89
Saccade L	1	23	5272012605	5272036570	23965	342.25	428.59	309.78	421.00	0.74	40.04	0.33	30.95	233.79	-936.43	372.94
Saccade R	1	24	5272012605	5272036570	23965	342.25	428.59	309.78	421.00	0.74	40.04	0.33	30.95	233.79	-936.43	372.94
Saccade L	1	24	5272036570	5272060576	24006	309.78	421.00	303.13	390.10	0.63	40.06	0.50	26.28	90.71	-749.21	283.16
Saccade R	1	25	5272036570	5272060576	24006	309.78	421.00	303.13	390.10	0.63	40.06	0.50	26.28	90.71	-749.21	283.16
Fixation L	1	15	5272060576	5272140579	80003	306.09	370.06	19	32	-1	13.62	13.62
Fixation R	1	15	5272060576	5272140579	80003	306.09	370.06	19	32	-1	12.67	12.67
Saccade L	1	25	5272140579	5272244577	103998	303.47	376.56	1414.00	586.39	26.92	573.41	0.50	258.85	23588.78	-22497.86	9579.22
Saccade R	1	26	5272140579	5272244577	103998	303.47	376.56	1414.00	586.39	26.92	573.41	0.50	258.85	23588.78	-22497.86	9579.22
Fixation L	1	16	5272244577	5272364578	120001	1383.37	563.88	54	29	-1	13.41	13.41
Fixation R	1	16	5272244577	5272364578	120001	1383.37	563.88	54	29	-1	12.49	12.49
Fixation L	1	17	5272380580	5272508590	128010	1382.19	574.55	35	10	-1	13.31	13.31
Fixation R	1	17	5272380580	5272508590	128010	1382.19	574.55	35	10	-1	12.31	12.31
Saccade L	1	26	5272508590	5272540608	32018	1363.08	574.47	1333.05	601.39	0.87	40.11	0.37	27.27	1717.47	-1259.51	1111.12
Saccade R	1	27	5272508590	5272540608	32018	1363.08	574.47	1333.05	601.39	0.87	40.11	0.37	27.27	1717.47	-1259.51	1111.12
Fixation L	1	18	5272540608	5272668581	127973	1345.61	604.26	33	13	-1	13.07	13.07
Fixation R	1	18	5272540608	5272668581	127973	1345.61	604.26	33	13	-1	11.99	11.99
Saccade L	1	27	5272668581	5272700582	32001	1347.82	597.62	1313.38	471.82	2.86	186.69	0.50	89.48	8766.34	-8550.82	6333.63
Saccade R	1	28	5272668581	5272700582	32001	1347.82	597.62	1313.38	471.82	2.86	186.69	0.50	89.48	8766.34	-8550.82	6333.63
Fixation L	1	19	5272700582	5272872599	172017	1316.90	457.01	14	28	-1	12.90	12.90
Fixation R	1	19	5272700582	5272872599	172017	1316.90	457.01	14	28	-1	11.65	11.65
Saccade L	1	28	5272872599	5272908614	36015	1308.03	457.25	1378.75	479.93	1.67	95.04	0.44	46.49	4173.06	-3591.82	2682.10
Saccade R	1	29	5272872599	5272908614	36015	1308.03	457.25	1378.75	479.93	1.67	95.04	0.44	46.49	4173.06	-3591.82	2682.10
Fixation L	1	20	5272908614	5273072490	163876	1362.96	487.25	47	19	-1	12.78	12.78
Fixation R	1	20	5272908614	5273072490	163876	1362.96	487.25	47	19	-1	11.64	11.64
Saccade L	1	29	5273072490	5273120482	47992	1335.98	485.19	1373.11	601.49	2.69	134.83	0.25	56.12	5694.66	-4708.14	2756.49
Saccade R	1	30	5273072490	5273120482	47992	1335.98	485.19	1373.11	601.49	2.69	134.83	0.25	56.12	5694.66	-4708.14	2756.49
Fixation L	1	21	5273120482	5273280464	159982	1391.44	624.72	26	29	-1	13.26	13.26
Fixation R	1	21	5273120482	5273280464	159982	1391.44	624.72	26	29	-1	11.83	11.83
Saccade L	1	30	5273280464	5273300499	20035	1390.21	629.01	1346.71	631.13	0.77	67.66	0.60	38.50	2887.43	-2730.53	1987.56
Saccade R	1	31	5273280464	5273300499	20035	1390.21	629.01	1346.71	631.13	0.77	67.66	0.60	38.50	2887.43	-2730.53	1987.56
Fixation L	1	22	5273300499	5273440478	139979	1339.79	628.12	31	15	-1	13.39	13.39
Fixation R	1	22	5273300499	5273440478	139979	1339.79	628.12	31	15	-1	11.79	11.79
Saccade L	1	31	5273456465	5273500494	44029	1314.22	626.03	1305.29	480.37	3.29	161.59	0.45	74.64	6788.38	-6672.00	4254.08
Saccade R	1	32	5273456465	5273500494	44029	1314.22	626.03	1305.29	480.37	3.29	161.59	0.45	74.64	6788.38	-6672.00	4254.08
Fixation L	1	23	5273548506	5273652472	103966	1303.40	487.35	38	29	-1	13.36	13.36
Fixation R	1	23	5273548506	5273652472	103966	1303.40	487.35	38	29	-1	11.93	11.93
Saccade L	1	32	5273652472	5273684478	32006	1308.01	501.40	1282.23	400.91	2.18	141.42	0.50	68.24	6414.24	-6391.52	4428.58
Saccade R	1	33	5273652472	5273684478	32006	1308.01	501.40	1282.23	400.91	2.18	141.42	0.50	68.24	6414.24	-6391.52	4428.58
Fixation L	1	24	5273684478	5273772496	88018	1280.40	388.77	14	25	-1	13.25	13.25
Fixation R	1	24	5273684478	5273772496	88018	1280.40	388.77	14	25	-1	11.87	11.87
Saccade L	1	33	5273772496	5273792504	20008	1280.40	385.93	1246.75	367.52	0.71	62.30	0.40	35.47	2688.67	-2334.85	1616.30
Saccade R	1	34	5273772496	5273792504	20008	1280.40	385.93	1246.75	367.52	0.71	62.30	0.40	35.47	2688.67	-2334.85	1616.30
Saccade L	1	34	5273824507	5273896477	71970	1253.05	365.32	405.22	390.22	18.83	553.96	0.33	261.60	26309.95	-15485.30	12402.72
Saccade R	1	35	5273824507	5273896477	71970	1253.05	365.32	405.22	390.22	18.83	553.96	0.33	261.60	26309.95	-15485.30	12402.72
Saccade L	1	35	5273916496	5273940474	23978	404.87	403.49	368.22	401.07	0.79	51.38	0.67	33.03	1852.19	-2219.66	1470.57
Saccade R	1	36	5273916496	5273940474	23978	404.87	403.49	368.22	401.07	0.79	51.38	0.67	33.03	1852.19	-2219.66	1470.57
Fixation L	1	25	5273940474	5274168484	228010	385.93	411.01	45	24	-1	13.41	13.41
Fixation R	1	25	5273940474	5274168484	228010	385.93	411.01	45	24	-1	11.92	11.92
Saccade L	1	36	5274168484	5274200484	32000	374.76	399.61	368.58	336.32	1.23	65.02	0.38	38.55	2591.94	-2002.55	1679.56
Saccade R	1	37	5274168484	5274200484	32000	374.76	399.61	368.58	336.32	1.23	65.02	0.38	38.55	2591.94	-2002.55	1679.56
Fixation L	1	26	5274200484	5274264485	64001	363.92	369.51	12	56	-1	13.57	13.57
Fixation R	1	26	5274200484	5274264485	64001	363.92	369.51	12	56	-1	12.20	12.20
Saccade L	1	37	5274264485	5274308504	44019	365.65	391.54	380.27	348.49	1.75	78.13	0.64	39.74	2254.42	-2516.33	1601.36
Saccade R	1	38	5274264485	5274308504	44019	365.65	391.54	380.27	348.49	1.75	78.13	0.64	39.74	2254.42	-2516.33	1601.36
Saccade L	1	38	5274308504	5274344490	35986	380.27	348.49	358.64	364.04	1.04	42.53	0.22	29.03	774.35	-1222.80	624.02
Saccade R	1	39	5274308504	5274344490	35986	380.27	348.49	358.64	364.04	1.04	42.53	0.22	29.03	774.35	-1222.80	624.02
Fixation L	1	27	5274344490	5274788364	443874	334.37	312.44	62	87	-1	13.39	13.39
Fixation R	1	27	5274344490	5274788364	443874	334.37	312.44	62	87	-1	12.28	12.28
Saccade L	1	39	5274788364	5274872369	84005	318.63	282.68	1242.30	465.95	21.91	558.53	0.62	260.76	18412.95	-21125.04	10986.52
Saccade R	1	40	5274788364	5274872369	84005	318.63	282.68	1242.30	465.95	21.91	558.53	0.62	260.76	18412.95	-21125.04	10986.52
Fixation L	1	28	5274872369	5275048372	176003	1249.21	499.47	50	70	-1	13.02	13.02
Fixation R	1	28	5274872369	5275048372	176003	1249.21	499.47	50	70	-1	12.05	12.05
Saccade L	1	40	5275048372	5275084390	36018	1222.02	534.88	1300.30	547.96	1.67	99.18	0.33	46.32	3718.35	-3283.13	2363.15
Saccade R	1	41	5275048372	5275084390	36018	1222.02	534.88	1300.30	547.96	1.67	99.18	0.33	46.32	3718.35	-3283.13	2363.15
Fixation L	1	29	5275084390	5275260369	175979	1291.32	537.88	36	38	-1	13.12	13.12
Fixation R	1	29	5275084390	5275260369	175979	1291.32	537.88	36	38	-1	12.13	12.13
Saccade L	1	41	5275260369	5275292374	32005	1299.54	555.17	1197.03	593.60	2.64	192.65	0.38	82.59	8187.79	-7826.31	5306.51
Saccade R	1	42	5275260369	5275292374	32005	1299.54	555.17	1197.03	593.60	2.64	192.65	0.38	82.59	8187.79	-7826.31	5306.51
Fixation L	1	30	5275292374	5275432434	140060	1194.35	613.37	16	33	-1	13.44	13.44
Fixation R	1	30	5275292374	5275432434	140060	1194.35	613.37	16	33	-1	12.31	12.31
Saccade L	1	42	5275432434	5275460386	27952	1186.85	615.73	1185.77	521.42	1.79	120.78	0.43	63.95	5249.88	-5171.49	3904.42
Saccade R	1	43	5275432434	5275460386	27952	1186.85	615.73	1185.77	521.42	1.79	120.78	0.43	63.95	5249.88	-5171.49	3904.42
Fixation L	1	31	5275460386	5275660382	199996	1198.43	533.44	19	40	-1	13.79	13.79
Fixation R	1	31	5275460386	5275660382	199996	1198.43	533.44	19	40	-1	12.53	12.53
Saccade L	1	43	5275660382	5275728397	68015	1194.58	559.37	328.16	460.09	19.13	480.35	0.29	281.26	23289.67	-15772.59	11140.13
Saccade R	1	44	5275660382	5275728397	68015	1194.58	559.37	328.16	460.09	19.13	480.35	0.29	281.26	23289.67	-15772.59	11140.13
Saccade L	1	44	5275776268	5275796254	19986	337.83	460.67	330.51	432.10	0.59	42.15	0.60	29.71	1987.81	-854.19	964.29
Saccade R	1	45	5275776268	5275796254	19986	337.83	460.67	330.51	432.10	0.59	42.15	0.60	29.71	1987.81	-854.19	964.29
Fixation L	1	32	5275796254	5275904282	108028	305.92	444.45	32	40	-1	13.95	13.95
Fixation R	1	32	5275796254	5275904282	108028	305.92	444.45	32	40	-1	12.57	12.57
Saccade L	1	45	5275904282	5275932274	27992	300.35	426.50	271.54	471.68	1.24	78.77	0.43	44.20	2700.62	-3108.04	2217.88
Saccade R	1	46	5275904282	5275932274	27992	300.35	426.50	271.54	471.68	1.24	78.77	0.43	44.20	2700.62	-3108.04	2217.88
Fixation L	1	33	5275932274	5276068267	135993	284.43	446.00	24	36	-1	13.91	13.91
Fixation R	1	33	5275932274	5276068267	135993	284.43	446.00	24	36	-1	12.64	12.64
Saccade L	1	46	5276068267	5276148288	80021	288.83	446.60	1214.20	525.50	22.59	530.59	0.40	282.26	19591.02	-19652.57	11331.18
Saccade R	1	47	5276068267	5276148288	80021	288.83	446.60	1214.20	525.50	22.59	530.59	0.40	282.26	19591.02	-19652.57	11331.18
Fixation L	1	34	5276148288	5276332267	183979	1232.01	537.80	36	45	-1	14.03	14.03
Fixation R	1	34	5276148288	5276332267	183979	1232.01	537.80	36	45	-1	12.96	12.96
Saccade L	1	47	5276332267	5276352295	20028	1217.49	564.98	1217.99	536.00	0.53	40.42	0.60	26.32	1453.50	-1120.97	838.10
Saccade R	1	48	5276332267	5276352295	20028	1217.49	564.98	1217.99	536.00	0.53	40.42	0.60	26.32	1453.50	-1120.97	838.10
Fixation L	1	35	5276352295	5276432277	79982	1238.36	543.34	29	25	-1	14.16	14.16
Fixation R	1	35	5276352295	5276432277	79982	1238.36	543.34	29	25	-1	13.03	13.03
Saccade L	1	48	5276432277	5276456277	24000	1241.48	555.68	1215.91	537.64	0.70	43.01	0.50	29.33	1765.14	-1496.06	1183.98
Saccade R	1	49	5276432277	5276456277	24000	1241.48	555.68	1215.91	537.64	0.70	43.01	0.50	29.33	1765.14	-1496.06	1183.98
Fixation L	1	36	5276456277	5276532267	75990	1208.97	531.92	16	13	-1	13.86	13.86
Fixation R	1	36	5276456277	5276532267	75990	1208.97	531.92	16	13	-1	12.56	12.56
Saccade L	1	49	5276532267	5276644269	112002	1200.88	526.87	1070.62	508.00	65.45	1568.54	0.43	584.33	38965.11	-33919.52	19059.53
Saccade R	1	50	5276532267	5276644269	112002	1200.88	526.87	1070.62	508.00	65.45	1568.54	0.43	584.33	38965.11	-33919.52	19059.53
Saccade L	1	50	5276656292	5276728272	71980	1070.57	515.91	285.71	540.84	17.51	465.22	0.44	243.22	21032.60	-13621.86	10854.64
Saccade R	1	51	5276656292	5276728272	71980	1070.57	515.91	285.71	540.84	17.51	465.22	0.44	243.22	21032.60	-13621.86	10854.64
Saccade L	1	51	5276728272	5276748279	20007	285.71	540.84	268.05	522.79	0.50	46.39	0.40	24.81	186.05	-3242.88	1200.39
Saccade R	1	52	5276728272	5276748279	20007	285.71	540.84	268.05	522.79	0.50	46.39	0.40	24.81	186.05	-3242.88	1200.39
Fixation L	1	37	5276748279	5276844272	95993	282.95	508.04	35	22	-1	13.47	13.47
Fixation R	1	37	5276748279	5276844272	95993	282.95	508.04	35	22	-1	12.17	12.17
Saccade L	1	52	5276844272	5276880284	36012	304.31	505.77	308.47	483.22	1.33	66.19	0.78	37.04	1732.45	-372.69	956.62
Saccade R	1	53	5276844272	5276880284	36012	304.31	505.77	308.47	483.22	1.33	66.19	0.78	37.04	1732.45	-372.69	956.62
Saccade L	1	53	5276896272	5276920271	23999	266.40	481.07	293.86	474.63	0.68	42.49	0.50	28.37	172.75	-1712.96	832.08
Saccade R	1	54	5276896272	5276920271	23999	266.40	481.07	293.86	474.63	0.68	42.49	0.50	28.37	172.75	-1712.96	832.08
Saccade L	1	54	5276948302	5277004270	55968	314.35	457.50	332.94	395.31	6.73	362.89	0.21	120.24	14007.27	-12264.91	6121.72
Saccade R	1	55	5276948302	5277004270	55968	314.35	457.50	332.94	395.31	6.73	362.89	0.21	120.24	14007.27	-12264.91	6121.72
Fixation L	1	38	5277064297	5277164281	99984	325.88	387.37	20	34	-1	13.55	13.55
Fixation R	1	38	5277064297	5277164281	99984	325.88	387.37	20	34	-1	12.45	12.45
Saccade L	1	55	5277164281	5277188164	23883	326.58	378.49	321.89	415.76	1.04	69.97	0.67	43.42	3010.84	175.53	1716.76
Saccade R	1	56	5277164281	5277188164	23883	326.58	378.49	321.89	415.76	1.04	69.97	0.67	43.42	3010.84	175.53	1716.76
Saccade L	1	56	5277188164	5277220153	31989	321.89	415.76	333.96	324.10	2.12	117.05	0.25	66.38	3441.70	-5072.21	3143.58
Saccade R	1	57	5277188164	5277220153	31989	321.89	415.76	333.96	324.10	2.12	117.05	0.25	66.38	3441.70	-5072.21	3143.58
Fixation L	1	39	5277220153	5277412163	192010	310.58	307.99	41	31	-1	13.39	13.39
Fixation R	1	39	5277220153	5277412163	192010	310.58	307.99	41	31	-1	12.49	12.49
Saccade L	1	57	5277412163	5277448160	35997	303.90	319.23	341.33	287.06	1.00	46.55	0.22	27.67	1676.89	-1546.64	784.48
Saccade R	1	58	5277412163	5277448160	35997	303.90	319.23	341.33	287.06	1.00	46.55	0.22	27.67	1676.89	-1546.64	784.48
Fixation L	1	40	5277448160	5277556176	108016	349.19	293.79	28	22	-1	13.37	13.37
Fixation R	1	40	5277448160	5277556176	108016	349.19	293.79	28	22	-1	12.58	12.58
Saccade L	1	58	5277556176	5277608178	52002	335.22	293.33	262.61	386.92	2.96	144.62	0.31	56.84	5873.24	-4774.26	2893.64
Saccade R	1	59	5277556176	5277608178	52002	335.22	293.33	262.61	386.92	2.96	144.62	0.31	56.84	5873.24	-4774.26	2893.64
Fixation L	1	41	5277644174	5277776155	131981	257.66	390.57	26	42	-1	13.40	13.40
Fixation R	1	41	5277644174	5277776155	131981	257.66	390.57	26	42	-1	12.60	12.60
Saccade L	1	59	5277776155	5277796166	20011	237.45	411.50	268.14	416.83	0.56	46.85	0.40	27.93	294.05	-1467.61	618.94
Saccade R	1	60	5277776155	5277796166	20011	237.45	411.50	268.14	416.83	0.56	46.85	0.40	27.93	294.05	-1467.61	618.94
Saccade L	1	60	5277808160	5277832165	24005	275.65	408.88	213.50	413.98	1.13	85.41	0.50	47.11	3479.02	-2580.55	2185.49
Saccade R	1	61	5277808160	5277832165	24005	275.65	408.88	213.50	413.98	1.13	85.41	0.50	47.11	3479.02	-2580.55	2185.49
Fixation L	1	42	5277848164	5278104167	256003	240.64	452.86	35	53	-1	13.74	13.74
Fixation R	1	42	5277848164	5278104167	256003	240.64	452.86	35	53	-1	12.71	12.71
Saccade L	1	61	5278104167	5278136169	32002	238.14	468.00	267.96	435.48	1.04	41.40	0.25	32.60	1481.98	-1643.76	1039.43
Saccade R	1	62	5278104167	5278136169	32002	238.14	468.00	267.96	435.48	1.04	41.40	0.25	32.60	1481.98	-1643.76	1039.43
Fixation L	1	43	5278136169	5278288198	152029	272.28	420.78	27	40	-1	14.37	14.37
Fixation R	1	43	5278136169	5278288198	152029	272.28	420.78	27	40	-1	13.18	13.18
Saccade L	1	62	5278288198	5278364167	75969	273.82	442.36	1232.24	461.94	21.62	530.23	0.53	284.56	19608.44	-18942.55	11542.48
Saccade R	1	63	5278288198	5278364167	75969	273.82	442.36	1232.24	461.94	21.62	530.23	0.53	284.56	19608.44	-18942.55	11542.48
Fixation L	1	44	5278364167	5278500168	136001	1237.84	458.83	40	21	-1	14.47	14.47
Fixation R	1	44	5278364167	5278500168	136001	1237.84	458.83	40	21	-1	13.48	13.48
Saccade L	1	63	5278500168	5278568190	68022	1244.52	445.20	1244.63	546.49	2.74	76.27	0.29	40.27	2811.09	-2179.49	1220.90
Saccade R	1	64	5278500168	5278568190	68022	1244.52	445.20	1244.63	546.49	2.74	76.27	0.29	40.27	2811.09	-2179.49	1220.90
Fixation L	1	45	5278568190	5278744088	175898	1222.35	543.46	38	30	-1	14.53	14.53
Fixation R	1	45	5278568190	5278744088	175898	1222.35	543.46	38	30	-1	13.29	13.29
Saccade L	1	64	5278760061	5278836068	76007	1222.56	524.37	315.94	469.12	20.34	458.29	0.53	267.58	20243.38	-13991.68	9980.31
Saccade R	1	65	5278760061	5278836068	76007	1222.56	524.37	315.94	469.12	20.34	458.29	0.53	267.58	20243.38	-13991.68	9980.31
Fixation L	1	46	5278836068	5278996069	160001	307.66	469.06	18	46	-1	14.03	14.03
Fixation R	1	46	5278836068	5278996069	160001	307.66	469.06	18	46	-1	12.58	12.58
Saccade L	1	65	5278996069	5279024050	27981	310.75	459.56	317.44	424.17	0.67	40.11	0.72	23.87	1183.02	-1369.03	865.34
Saccade R	1	66	5278996069	5279024050	27981	310.75	459.56	317.44	424.17	0.67	40.11	0.72	23.87	1183.02	-1369.03	865.34
