[BeGaze]
Converted from:	D:\Kirillov\Results\ermolova_temp\Sofia-eye_data.idf
Date:	17.04.2019 03:54:10
Version:	BeGaze 3.0.181
Sample Rate:	250
Subject:	Sofia
Description:	Run35

Table Header for Fixations:
Event Type	Trial	Number	Start	End	Duration	Location X	Location Y	Dispersion X	Dispersion Y	Plane	Avg. Pupil Size X	Avg. Pupil Size Y

Table Header for Saccades:
Event Type	Trial	Number	Start	End	Duration	Start Loc.X	Start Loc.Y	End Loc.X	End Loc.Y	Amplitude	Peak Speed	Peak Speed At	Average Speed	Peak Accel.	Peak Decel.	Average Accel.

Table Header for User Events:
Event Type	Trial	Number	Start	Description

UserEvent	1	1	3923110011	# Message: experiment-20.jpg
Fixation L	1	1	3923112480	3923812519	700039	421.11	336.42	35	70	-1	12.66	12.66
Fixation R	1	1	3923112480	3923812519	700039	421.11	336.42	35	70	-1	13.52	13.52
Saccade L	1	1	3923812519	3923844506	31987	409.18	380.71	427.93	337.58	0.98	49.22	0.50	30.61	2363.93	-1550.40	1435.33
Saccade R	1	1	3923812519	3923844506	31987	409.18	380.71	427.93	337.58	0.98	49.22	0.50	30.61	2363.93	-1550.40	1435.33
Fixation L	1	2	3923844506	3924204523	360017	419.62	330.82	24	44	-1	12.30	12.30
Fixation R	1	2	3923844506	3924204523	360017	419.62	330.82	24	44	-1	13.11	13.11
Saccade L	1	2	3924204523	3924240415	35892	407.52	347.07	0.00	0.00	16.54	1361.12	0.66	460.73	49790.66	-60051.33	33316.42
Saccade R	1	2	3924204523	3924240415	35892	407.52	347.07	0.00	0.00	16.54	1361.12	0.66	460.73	49790.66	-60051.33	33316.42
Fixation L	1	3	3924240415	3924312402	71987	0.00	0.00	0	0	-1	7.26	7.26
Fixation R	1	3	3924240415	3924312402	71987	0.00	0.00	0	0	-1	12.30	12.30
Fixation L	1	4	3924388395	3924512396	124001	435.16	398.41	34	20	-1	12.83	12.83
Fixation R	1	4	3924388395	3924512396	124001	435.16	398.41	34	20	-1	13.50	13.50
Saccade L	1	3	3924512396	3924580436	68040	421.46	399.31	1180.08	513.33	17.90	456.03	0.35	263.13	21444.42	-19723.38	12059.67
Saccade R	1	3	3924512396	3924580436	68040	421.46	399.31	1180.08	513.33	17.90	456.03	0.35	263.13	21444.42	-19723.38	12059.67
Fixation L	1	5	3924580436	3924716404	135968	1175.88	526.22	15	22	-1	12.79	12.79
Fixation R	1	5	3924580436	3924716404	135968	1175.88	526.22	15	22	-1	13.81	13.81
Saccade L	1	4	3924716404	3924740399	23995	1175.29	534.32	1234.90	553.81	1.16	96.49	0.50	48.30	4589.81	-3954.84	3125.08
Saccade R	1	4	3924716404	3924740399	23995	1175.29	534.32	1234.90	553.81	1.16	96.49	0.50	48.30	4589.81	-3954.84	3125.08
Fixation L	1	6	3924740399	3925088405	348006	1247.53	577.78	32	32	-1	12.76	12.76
Fixation R	1	6	3924740399	3925088405	348006	1247.53	577.78	32	32	-1	13.82	13.82
Saccade L	1	5	3925088405	3925172409	84004	1243.26	581.46	421.09	423.33	18.73	372.79	0.33	222.92	16585.76	-10197.93	7533.63
Saccade R	1	5	3925088405	3925172409	84004	1243.26	581.46	421.09	423.33	18.73	372.79	0.33	222.92	16585.76	-10197.93	7533.63
Fixation L	1	7	3925172409	3925244420	72011	414.76	407.36	12	36	-1	12.76	12.76
Fixation R	1	7	3925172409	3925244420	72011	414.76	407.36	12	36	-1	13.35	13.35
Saccade L	1	6	3925244420	3925276405	31985	409.94	383.39	0.00	0.00	13.57	1205.17	0.62	424.22	46748.58	-51124.42	32122.86
Saccade R	1	6	3925244420	3925276405	31985	409.94	383.39	0.00	0.00	13.57	1205.17	0.62	424.22	46748.58	-51124.42	32122.86
Fixation L	1	8	3925276405	3925363957	87552	0.00	0.00	0	0	-1	3.35	3.35
Fixation R	1	8	3925276405	3925363957	87552	0.00	0.00	0	0	-1	10.18	10.18
Fixation L	1	9	3925452429	3925768308	315879	329.48	387.51	14	27	-1	12.83	12.83
Fixation R	1	9	3925452429	3925768308	315879	329.48	387.51	14	27	-1	13.35	13.35
Saccade L	1	7	3925768308	3925817136	48828	332.82	395.67	0.00	0.00	21.99	1475.12	0.74	450.26	58614.57	-72349.19	29073.47
Saccade R	1	7	3925768308	3925817136	48828	332.82	395.67	0.00	0.00	21.99	1475.12	0.74	450.26	58614.57	-72349.19	29073.47
Saccade L	1	8	3925854207	3925904298	50091	0.00	0.00	275.23	380.44	26.41	1818.88	0.20	527.18	79416.49	-48236.65	31369.63
Saccade R	1	8	3925854207	3925904298	50091	0.00	0.00	275.23	380.44	26.41	1818.88	0.20	527.18	79416.49	-48236.65	31369.63
Saccade L	1	9	3925904298	3925932327	28029	275.23	380.44	338.27	378.15	1.13	74.29	0.57	40.40	2421.85	-3480.60	2043.09
Saccade R	1	9	3925904298	3925932327	28029	275.23	380.44	338.27	378.15	1.13	74.29	0.57	40.40	2421.85	-3480.60	2043.09
Fixation L	1	10	3925932327	3926992331	1060004	359.49	423.38	37	78	-1	12.95	12.95
Fixation R	1	10	3925932327	3926992331	1060004	359.49	423.38	37	78	-1	13.71	13.71
Saccade L	1	10	3926992331	3927016317	23986	352.39	448.78	406.38	444.70	1.06	81.11	0.50	44.33	3618.16	-3046.93	2519.50
Saccade R	1	10	3926992331	3927016317	23986	352.39	448.78	406.38	444.70	1.06	81.11	0.50	44.33	3618.16	-3046.93	2519.50
Fixation L	1	11	3927016317	3928452104	1435787	407.12	392.85	66	90	-1	12.71	12.71
Fixation R	1	11	3927016317	3928452104	1435787	407.12	392.85	66	90	-1	13.46	13.46
Saccade L	1	11	3928452104	3928532110	80006	387.07	424.33	1189.23	577.76	18.51	400.59	0.50	231.32	18444.58	-15977.36	8666.59
Saccade R	1	11	3928452104	3928532110	80006	387.07	424.33	1189.23	577.76	18.51	400.59	0.50	231.32	18444.58	-15977.36	8666.59
Fixation L	1	12	3928532110	3928664118	132008	1201.20	591.80	20	25	-1	12.28	12.28
Fixation R	1	12	3928532110	3928664118	132008	1201.20	591.80	20	25	-1	13.64	13.64
Saccade L	1	12	3928664118	3928688108	23990	1199.36	605.67	1208.02	642.12	0.90	75.00	0.50	37.32	2851.05	-2668.01	1959.75
Saccade R	1	12	3928664118	3928688108	23990	1199.36	605.67	1208.02	642.12	0.90	75.00	0.50	37.32	2851.05	-2668.01	1959.75
Fixation L	1	13	3928688108	3928848115	160007	1236.36	648.13	42	13	-1	12.36	12.36
Fixation R	1	13	3928688108	3928848115	160007	1236.36	648.13	42	13	-1	13.69	13.69
Saccade L	1	13	3928848115	3928888156	40041	1246.98	647.26	0.00	0.00	40.19	3472.03	0.70	1003.61	122582.16	-146235.01	74120.70
Saccade R	1	13	3928848115	3928888156	40041	1246.98	647.26	0.00	0.00	40.19	3472.03	0.70	1003.61	122582.16	-146235.01	74120.70
Fixation L	1	14	3928888156	3929012123	123967	0.00	0.00	0	0	-1	5.71	5.71
Fixation R	1	14	3928888156	3929012123	123967	0.00	0.00	0	0	-1	9.92	9.88
Fixation L	1	15	3929072133	3929196124	123991	1232.81	630.06	39	43	-1	12.09	12.09
Fixation R	1	15	3929072133	3929196124	123991	1232.81	630.06	39	43	-1	13.31	13.31
Saccade L	1	14	3929196124	3929220117	23993	1237.60	636.88	1200.13	642.31	0.85	69.57	0.50	35.63	2464.15	-2287.41	1773.72
Saccade R	1	14	3929196124	3929220117	23993	1237.60	636.88	1200.13	642.31	0.85	69.57	0.50	35.63	2464.15	-2287.41	1773.72
Fixation L	1	16	3929220117	3929404134	184017	1187.66	652.25	18	14	-1	12.63	12.63
Fixation R	1	16	3929220117	3929404134	184017	1187.66	652.25	18	14	-1	13.82	13.82
Saccade L	1	15	3929404134	3929484137	80003	1186.05	652.74	415.95	479.94	17.43	343.16	0.65	217.93	12015.00	-12739.08	6526.96
Saccade R	1	15	3929404134	3929484137	80003	1186.05	652.74	415.95	479.94	17.43	343.16	0.65	217.93	12015.00	-12739.08	6526.96
Fixation L	1	17	3929484137	3929696152	212015	424.25	453.06	25	55	-1	13.15	13.15
Fixation R	1	17	3929484137	3929696152	212015	424.25	453.06	25	55	-1	13.75	13.75
Saccade L	1	16	3929696152	3929716150	19998	410.25	427.90	398.95	401.66	0.57	41.25	0.60	28.42	1545.00	-1310.25	1052.72
Saccade R	1	16	3929696152	3929716150	19998	410.25	427.90	398.95	401.66	0.57	41.25	0.60	28.42	1545.00	-1310.25	1052.72
Fixation L	1	18	3929716150	3930096030	379880	386.61	380.13	17	29	-1	13.13	13.13
Fixation R	1	18	3929716150	3930096030	379880	386.61	380.13	17	29	-1	13.82	13.82
Fixation L	1	19	3930112009	3930288041	176032	422.55	393.73	24	41	-1	13.23	13.23
Fixation R	1	19	3930112009	3930288041	176032	422.55	393.73	24	41	-1	14.08	14.08
Saccade R	1	17	3930288041	3930328036	39995	436.16	419.66	0.00	0.00	17.67	1351.66	0.70	441.74	50041.08	-58086.48	31860.88
Fixation R	1	20	3930328036	3930429784	101748	0.00	0.00	0	0	-1	11.90	11.90
Fixation L	1	20	3930492037	3930796064	304027	1231.56	567.24	25	48	-1	13.15	13.15
Fixation R	1	21	3930492037	3930796064	304027	1231.56	567.24	25	48	-1	14.32	14.32
Saccade L	1	17	3930796064	3930820035	23971	1236.49	593.93	1190.23	585.85	0.97	76.91	0.50	40.26	3284.96	-3132.52	2423.78
Saccade R	1	18	3930796064	3930820035	23971	1236.49	593.93	1190.23	585.85	0.97	76.91	0.50	40.26	3284.96	-3132.52	2423.78
Fixation L	1	21	3930820035	3930956047	136012	1177.21	586.42	18	16	-1	12.89	12.89
Fixation R	1	22	3930820035	3930956047	136012	1177.21	586.42	18	16	-1	14.34	14.34
Saccade L	1	18	3930956047	3930980047	24000	1173.62	575.70	1115.58	575.24	1.12	87.34	0.33	46.64	3943.23	-3191.64	2489.36
Saccade R	1	19	3930956047	3930980047	24000	1173.62	575.70	1115.58	575.24	1.12	87.34	0.33	46.64	3943.23	-3191.64	2489.36
Fixation L	1	22	3930980047	3931208035	227988	1098.99	569.97	25	15	-1	12.82	12.82
Fixation R	1	23	3930980047	3931208035	227988	1098.99	569.97	25	15	-1	13.86	13.86
