[BeGaze]
Converted from:	D:\Kirillov\Results\ermolova_temp\Nikol-eye_data.idf
Date:	17.04.2019 03:54:27
Version:	BeGaze 3.0.181
Sample Rate:	250
Subject:	Nikol
Description:	Run39

Table Header for Fixations:
Event Type	Trial	Number	Start	End	Duration	Location X	Location Y	Dispersion X	Dispersion Y	Plane	Avg. Pupil Size X	Avg. Pupil Size Y

Table Header for Saccades:
Event Type	Trial	Number	Start	End	Duration	Start Loc.X	Start Loc.Y	End Loc.X	End Loc.Y	Amplitude	Peak Speed	Peak Speed At	Average Speed	Peak Accel.	Peak Decel.	Average Accel.

Table Header for User Events:
Event Type	Trial	Number	Start	Description

UserEvent	1	1	8456943955	# Message: experiment-05.jpg
Fixation L	1	1	8456947568	8457235567	287999	436.78	370.64	31	50	-1	12.64	12.64
Fixation R	1	1	8456947568	8457235567	287999	436.78	370.64	31	50	-1	14.80	14.80
Saccade L	1	1	8457235567	8457299593	64026	429.65	375.50	1029.15	497.98	14.37	493.95	0.31	224.44	23914.24	-15195.79	11919.73
Saccade R	1	1	8457235567	8457299593	64026	429.65	375.50	1029.15	497.98	14.37	493.95	0.31	224.44	23914.24	-15195.79	11919.73
Fixation L	1	2	8457339595	8457439596	100001	1079.93	523.45	22	16	-1	12.11	12.11
Fixation R	1	2	8457339595	8457439596	100001	1079.93	523.45	22	16	-1	13.96	13.96
Saccade L	1	2	8457439596	8457479580	39984	1096.06	515.65	1008.11	432.99	2.56	163.28	0.30	63.96	7800.80	-6997.78	4490.43
Saccade R	1	2	8457439596	8457479580	39984	1096.06	515.65	1008.11	432.99	2.56	163.28	0.30	63.96	7800.80	-6997.78	4490.43
Fixation L	1	3	8457479580	8457787585	308005	766.69	323.36	1138	544	-1	10.67	10.67
Fixation R	1	3	8457479580	8457691595	212015	991.36	415.03	24	27	-1	13.35	13.35
Saccade R	1	3	8457691595	8457723577	31982	997.39	410.26	0.00	0.00	23.64	2110.32	0.63	739.22	89242.27	-92227.50	60705.42
Fixation R	1	4	8457723577	8458435478	711901	895.44	374.86	1222	1117	-1	12.46	12.46
Fixation L	1	4	8457867575	8458435478	567903	1002.19	407.03	70	31	-1	11.44	11.44
Saccade L	1	3	8458435478	8458475487	40009	1012.10	406.48	1116.86	413.38	2.52	172.53	0.40	63.11	8447.59	-7860.22	4746.45
Saccade R	1	4	8458435478	8458475487	40009	1012.10	406.48	1116.86	413.38	2.52	172.53	0.40	63.11	8447.59	-7860.22	4746.45
Fixation L	1	5	8458475487	8458611493	136006	1122.90	415.39	19	13	-1	11.03	11.03
Fixation R	1	5	8458475487	8458611493	136006	1122.90	415.39	19	13	-1	12.13	12.13
Saccade L	1	4	8458611493	8458651477	39984	1123.71	408.95	1059.42	409.81	1.38	90.64	0.40	34.40	3855.99	-3550.90	2224.04
Saccade R	1	5	8458611493	8458651477	39984	1123.71	408.95	1059.42	409.81	1.38	90.64	0.40	34.40	3855.99	-3550.90	2224.04
Fixation L	1	6	8458651477	8458751476	99999	1052.85	404.36	15	10	-1	10.91	10.91
Fixation R	1	6	8458651477	8458751476	99999	1052.85	404.36	15	10	-1	12.06	12.06
Saccade L	1	5	8458751476	8458819493	68017	1044.22	400.11	376.48	401.31	14.65	364.96	0.35	215.31	17649.44	-15271.69	8940.75
Saccade R	1	6	8458751476	8458819493	68017	1044.22	400.11	376.48	401.31	14.65	364.96	0.35	215.31	17649.44	-15271.69	8940.75
Fixation L	1	7	8458819493	8459267513	448020	364.50	417.83	32	41	-1	10.96	10.96
Fixation R	1	7	8458819493	8459267513	448020	364.50	417.83	32	41	-1	12.15	12.15
Saccade L	1	6	8459267513	8459307493	39980	363.06	429.99	0.00	0.00	21.17	1784.72	0.70	529.47	62559.74	-80653.79	36337.56
Fixation L	1	8	8459307493	8459359480	51987	0.00	0.00	0	0	-1	11.16	11.16
Fixation L	1	9	8459435503	8459551359	115856	987.98	475.42	20	24	-1	11.35	11.35
Fixation R	1	8	8459435503	8459551359	115856	987.98	475.42	20	24	-1	12.71	12.71
Saccade L	1	7	8459551359	8459571376	20017	981.27	478.76	990.73	436.73	0.87	86.15	0.60	43.69	3482.37	-3367.45	2306.20
Saccade R	1	7	8459551359	8459571376	20017	981.27	478.76	990.73	436.73	0.87	86.15	0.60	43.69	3482.37	-3367.45	2306.20
Fixation L	1	10	8459571376	8459839369	267993	1008.26	415.17	33	41	-1	11.51	11.51
Fixation R	1	9	8459571376	8459839369	267993	1008.26	415.17	33	41	-1	12.55	12.55
Saccade L	1	8	8459839369	8459879386	40017	1024.24	407.63	1012.24	547.92	3.06	172.74	0.40	76.59	8067.15	-7670.67	5370.22
Saccade R	1	8	8459839369	8459879386	40017	1024.24	407.63	1012.24	547.92	3.06	172.74	0.40	76.59	8067.15	-7670.67	5370.22
Fixation L	1	11	8459879386	8460055393	176007	1005.17	558.92	21	27	-1	11.43	11.43
Fixation R	1	10	8459879386	8460055393	176007	1005.17	558.92	21	27	-1	12.47	12.47
Saccade L	1	9	8460055393	8460103393	48000	996.47	566.68	1015.96	525.15	0.97	48.23	0.25	20.19	1846.27	-1808.37	886.05
Saccade R	1	9	8460055393	8460103393	48000	996.47	566.68	1015.96	525.15	0.97	48.23	0.25	20.19	1846.27	-1808.37	886.05
Fixation L	1	12	8460103393	8460663410	560017	1012.90	517.56	21	35	-1	11.38	11.38
Fixation R	1	11	8460103393	8460663410	560017	1012.90	517.56	21	35	-1	12.46	12.46
Fixation L	1	13	8460743405	8460951266	207861	409.05	382.62	54	21	-1	11.25	11.25
Fixation R	1	12	8460743405	8460951266	207861	409.05	382.62	54	21	-1	12.42	12.42
Saccade L	1	10	8460951266	8460987290	36024	430.78	378.33	0.00	0.00	15.62	1287.30	0.67	433.71	48914.93	-53811.63	32221.87
Saccade R	1	10	8460951266	8460987290	36024	430.78	378.33	0.00	0.00	15.62	1287.30	0.67	433.71	48914.93	-53811.63	32221.87
Fixation R	1	13	8460987290	8461111281	123991	378.70	273.83	1132	1106	-1	10.14	10.14
Saccade R	1	11	8461111281	8461203287	92006	925.71	542.16	510.33	370.15	10.68	297.14	0.26	116.05	13447.31	-10078.83	4874.35
Saccade L	1	11	8461115278	8461203287	88009	920.60	542.30	510.33	370.15	10.46	297.14	0.23	118.86	13447.31	-10078.83	4983.67
Fixation L	1	14	8461203287	8461315286	111999	508.42	370.12	9	4	-1	11.53	11.53
Fixation R	1	14	8461203287	8461315286	111999	508.42	370.12	9	4	-1	12.98	12.98
Saccade L	1	12	8461315286	8461363277	47991	503.39	371.01	379.28	467.36	3.89	230.98	0.33	81.06	10876.27	-10157.81	6075.10
Saccade R	1	12	8461315286	8461363277	47991	503.39	371.01	379.28	467.36	3.89	230.98	0.33	81.06	10876.27	-10157.81	6075.10
Fixation L	1	15	8461363277	8461571292	208015	366.23	493.11	25	51	-1	11.68	11.68
Fixation R	1	15	8461363277	8461571292	208015	366.23	493.11	25	51	-1	13.32	13.32
Saccade L	1	13	8461571292	8461603295	32003	365.48	502.27	399.29	510.72	0.97	69.69	0.50	30.31	3011.40	-2710.41	1923.60
Saccade R	1	13	8461571292	8461603295	32003	365.48	502.27	399.29	510.72	0.97	69.69	0.50	30.31	3011.40	-2710.41	1923.60
Fixation L	1	16	8461603295	8461931299	328004	442.27	519.70	71	54	-1	12.03	12.03
Fixation R	1	16	8461603295	8461931299	328004	442.27	519.70	71	54	-1	13.74	13.74
Saccade L	1	14	8461931299	8461963300	32001	466.03	496.95	0.00	0.00	16.45	1518.39	0.62	513.93	59893.64	-64659.94	39442.00
Fixation L	1	17	8461963300	8462035646	72346	0.00	0.00	0	0	-1	6.78	6.78
Fixation L	1	18	8462123304	8462647188	523884	316.60	413.08	719	623	-1	10.35	10.35
Fixation R	1	17	8462123304	8462483177	359873	418.52	549.67	31	43	-1	14.02	14.02
Saccade L	1	15	8462647188	8462691188	44000	0.00	0.00	481.02	558.61	28.56	1731.48	0.36	649.03	88415.31	-56398.11	40855.88
Saccade L	1	16	8462691188	8462819187	127999	481.02	558.61	468.66	487.03	7.33	236.00	0.28	57.29	6178.43	-13189.78	2370.51
Saccade R	1	14	8462691188	8462819187	127999	481.02	558.61	468.66	487.03	7.33	236.00	0.28	57.29	6178.43	-13189.78	2370.51
Fixation L	1	19	8462819187	8463163219	344032	316.73	334.83	476	822	-1	10.42	10.42
Fixation R	1	18	8462819187	8463015200	196013	472.33	486.42	7	9	-1	14.26	14.26
Saccade L	1	17	8463163219	8463203208	39989	0.00	0.00	478.39	496.38	15.94	1086.22	0.30	398.53	46961.09	-37171.49	26633.13
Fixation L	1	20	8463279284	8463727215	447931	311.53	382.97	664	597	-1	11.77	11.77
Fixation R	1	19	8463279284	8463603198	323914	382.68	472.07	18	15	-1	14.11	14.11
Fixation L	1	21	8463843093	8464139093	296000	399.92	449.82	22	25	-1	12.09	12.09
Fixation R	1	20	8463843093	8464139093	296000	399.92	449.82	22	25	-1	13.81	13.81
Saccade L	1	18	8464139093	8464183102	44009	412.28	463.48	0.00	0.00	21.46	1693.21	0.73	487.59	56099.86	-75409.60	32304.62
Saccade R	1	15	8464139093	8464183102	44009	412.28	463.48	0.00	0.00	21.46	1693.21	0.73	487.59	56099.86	-75409.60	32304.62
Fixation L	1	22	8464183102	8464260643	77541	0.00	0.00	0	0	-1	8.78	8.78
Fixation R	1	21	8464183102	8464260643	77541	0.00	0.00	0	0	-1	10.16	10.16
Saccade L	1	19	8464260643	8464323110	62467	0.00	0.00	654.66	500.44	30.55	2143.97	0.42	489.09	51434.17	-69951.07	27366.79
Saccade R	1	16	8464260643	8464323110	62467	0.00	0.00	654.66	500.44	30.55	2143.97	0.42	489.09	51434.17	-69951.07	27366.79
Saccade L	1	20	8464323110	8464375119	52009	654.66	500.44	462.36	507.17	3.25	155.14	0.38	62.53	3850.57	-5053.94	2356.06
Saccade R	1	17	8464323110	8464375119	52009	654.66	500.44	462.36	507.17	3.25	155.14	0.38	62.53	3850.57	-5053.94	2356.06
Fixation L	1	23	8464375119	8464483094	107975	466.39	509.89	6	15	-1	12.15	12.15
Fixation R	1	22	8464375119	8464483094	107975	466.39	509.89	6	15	-1	14.00	14.00
Saccade L	1	21	8464483094	8464539096	56002	469.68	513.41	403.38	546.45	2.18	143.41	0.21	38.88	6102.66	-5163.18	2327.26
Saccade R	1	18	8464483094	8464539096	56002	469.68	513.41	403.38	546.45	2.18	143.41	0.21	38.88	6102.66	-5163.18	2327.26
Fixation L	1	24	8464539096	8464639108	100012	406.41	553.09	4	8	-1	12.20	12.20
Fixation R	1	23	8464539096	8464639108	100012	406.41	553.09	4	8	-1	14.21	14.21
Saccade L	1	22	8464639108	8464675119	36011	405.44	552.29	0.00	0.00	15.80	1415.43	0.67	438.77	54931.35	-59801.40	34318.14
Saccade R	1	19	8464639108	8464675119	36011	405.44	552.29	0.00	0.00	15.80	1415.43	0.67	438.77	54931.35	-59801.40	34318.14
Fixation L	1	25	8464675119	8464799283	124164	0.00	0.00	0	0	-1	3.19	3.19
Fixation R	1	24	8464675119	8465179130	504011	268.30	384.54	479	629	-1	12.34	12.34
Fixation L	1	26	8464923043	8465179130	256087	365.24	495.20	13	20	-1	12.04	12.04
Saccade L	1	23	8465179130	8465218986	39856	361.71	498.97	300.40	551.01	2.24	128.39	0.30	56.25	5574.39	-4117.39	3183.16
Saccade R	1	20	8465179130	8465218986	39856	361.71	498.97	300.40	551.01	2.24	128.39	0.30	56.25	5574.39	-4117.39	3183.16
Fixation L	1	27	8465218986	8465463010	244024	295.61	541.79	22	36	-1	11.93	11.93
Fixation R	1	25	8465218986	8465463010	244024	295.61	541.79	22	36	-1	14.20	14.20
Saccade L	1	24	8465463010	8465539000	75990	284.87	539.92	518.90	594.52	5.50	281.21	0.26	72.33	12716.58	-9794.77	4571.37
Saccade R	1	21	8465463010	8465539000	75990	284.87	539.92	518.90	594.52	5.50	281.21	0.26	72.33	12716.58	-9794.77	4571.37
Fixation L	1	28	8465539000	8465775016	236016	526.95	582.06	23	37	-1	11.70	11.70
Fixation R	1	26	8465539000	8465775016	236016	526.95	582.06	23	37	-1	13.86	13.86
Fixation L	1	29	8465847007	8465938997	91990	0.00	0.00	0	0	-1	8.65	8.65
Fixation R	1	27	8465847007	8466391014	544007	426.90	390.76	744	1028	-1	12.54	12.53
Fixation L	1	30	8466023013	8466391014	368001	511.08	453.85	50	40	-1	11.75	11.75
Saccade L	1	25	8466391014	8466431029	40015	515.70	444.64	456.10	420.31	1.61	97.77	0.40	40.11	4501.57	-3971.95	2611.37
Saccade R	1	22	8466391014	8466431029	40015	515.70	444.64	456.10	420.31	1.61	97.77	0.40	40.11	4501.57	-3971.95	2611.37
Fixation L	1	31	8466431029	8466798916	367887	326.20	314.43	575	834	-1	9.93	9.93
Fixation R	1	28	8466431029	8466662897	231868	445.18	422.39	18	23	-1	13.53	13.53
Fixation L	1	32	8466882909	8467070907	187998	471.41	450.19	34	9	-1	11.70	11.70
Fixation R	1	29	8466882909	8467070907	187998	471.41	450.19	34	9	-1	13.24	13.24
Saccade L	1	26	8467070907	8467110904	39997	483.71	447.82	402.67	544.22	2.96	183.75	0.30	73.94	8708.62	-8313.35	5263.12
Saccade R	1	23	8467070907	8467110904	39997	483.71	447.82	402.67	544.22	2.96	183.75	0.30	73.94	8708.62	-8313.35	5263.12
Fixation L	1	33	8467110904	8467738159	627255	361.15	513.72	640	1048	-1	11.62	11.62
Fixation R	1	30	8467110904	8467646855	535951	397.62	563.72	16	40	-1	13.97	13.97
Saccade L	1	27	8467738159	8467886927	148768	0.00	0.00	347.31	585.93	45.79	1665.86	0.22	307.78	48912.09	-51621.55	11051.69
Fixation L	1	34	8467886927	8468358806	471879	345.85	568.78	12	47	-1	12.19	12.19
Fixation R	1	31	8467886927	8468358806	471879	345.85	568.78	12	47	-1	14.17	14.17
Saccade L	1	28	8468358806	8468402814	44008	346.65	568.07	494.36	575.98	3.19	196.23	0.27	72.43	9478.72	-8354.51	5040.03
Saccade R	1	24	8468358806	8468402814	44008	346.65	568.07	494.36	575.98	3.19	196.23	0.27	72.43	9478.72	-8354.51	5040.03
Fixation L	1	35	8468402814	8468550825	148011	502.90	595.06	11	35	-1	12.15	12.15
Fixation R	1	32	8468402814	8468550825	148011	502.90	595.06	11	35	-1	14.27	14.27
Saccade L	1	29	8468550825	8468586818	35993	505.76	597.24	0.00	0.00	18.50	1625.21	0.67	513.95	65334.69	-69217.67	40871.00
Saccade R	1	25	8468550825	8468586818	35993	505.76	597.24	0.00	0.00	18.50	1625.21	0.67	513.95	65334.69	-69217.67	40871.00
Fixation L	1	36	8468586818	8468659677	72859	0.00	0.00	0	0	-1	9.29	9.29
Fixation R	1	33	8468586818	8468659677	72859	0.00	0.00	0	0	-1	11.67	11.61
Fixation L	1	37	8468738809	8468890844	152035	537.01	557.72	8	42	-1	11.95	11.95
Fixation R	1	34	8468738809	8468890844	152035	537.01	557.72	8	42	-1	14.10	14.10
Saccade L	1	30	8468890844	8468966760	75916	534.45	568.45	914.55	465.91	8.93	403.11	0.21	117.62	19600.70	-15481.33	7522.11
Saccade R	1	26	8468890844	8468966760	75916	534.45	568.45	914.55	465.91	8.93	403.11	0.21	117.62	19600.70	-15481.33	7522.11
Fixation L	1	38	8468966760	8469150833	184073	918.85	471.74	13	8	-1	11.99	11.99
Fixation R	1	35	8468966760	8469150833	184073	918.85	471.74	13	8	-1	14.20	14.20
Saccade L	1	31	8469150833	8469206840	56007	919.92	471.87	987.34	480.92	3.92	194.56	0.29	70.06	8840.00	-4901.54	3656.93
Saccade R	1	27	8469150833	8469206840	56007	919.92	471.87	987.34	480.92	3.92	194.56	0.29	70.06	8840.00	-4901.54	3656.93
Fixation L	1	39	8469206840	8469410702	203862	987.58	486.13	29	21	-1	11.64	11.64
Fixation R	1	36	8469206840	8469410702	203862	987.58	486.13	29	21	-1	13.89	13.89
Saccade L	1	32	8469410702	8469482711	72009	977.92	501.40	293.37	457.39	15.38	470.45	0.28	213.54	22370.03	-13856.78	10263.30
Saccade R	1	28	8469410702	8469482711	72009	977.92	501.40	293.37	457.39	15.38	470.45	0.28	213.54	22370.03	-13856.78	10263.30
Fixation L	1	40	8469482711	8469790743	308032	270.55	468.53	29	21	-1	11.39	11.39
Fixation R	1	37	8469482711	8469790743	308032	270.55	468.53	29	21	-1	13.49	13.49
Saccade L	1	33	8469790743	8469854720	63977	272.06	473.74	912.40	545.76	14.12	399.47	0.25	220.65	19458.76	-12840.39	9912.73
Saccade R	1	29	8469790743	8469854720	63977	272.06	473.74	912.40	545.76	14.12	399.47	0.25	220.65	19458.76	-12840.39	9912.73
Fixation L	1	41	8469854720	8470074731	220011	928.33	551.85	41	14	-1	11.88	11.88
Fixation R	1	38	8469854720	8470074731	220011	928.33	551.85	41	14	-1	13.99	13.99
Saccade L	1	34	8470074731	8470126737	52006	946.12	544.03	1003.23	513.38	1.62	74.50	0.23	31.09	3324.97	-2141.76	1339.00
Saccade R	1	30	8470074731	8470126737	52006	946.12	544.03	1003.23	513.38	1.62	74.50	0.23	31.09	3324.97	-2141.76	1339.00
Fixation L	1	42	8470126737	8470298746	172009	1004.79	510.37	23	15	-1	12.12	12.12
Fixation R	1	39	8470126737	8470298746	172009	1004.79	510.37	23	15	-1	14.18	14.18
Saccade L	1	35	8470298746	8470326726	27980	994.57	503.09	1123.70	519.12	2.66	201.13	0.57	94.93	9751.36	-9070.75	6945.36
Saccade R	1	31	8470298746	8470326726	27980	994.57	503.09	1123.70	519.12	2.66	201.13	0.57	94.93	9751.36	-9070.75	6945.36
Fixation L	1	43	8470326726	8470498739	172013	1118.38	536.50	21	29	-1	12.18	12.18
Fixation R	1	40	8470326726	8470498739	172013	1118.38	536.50	21	29	-1	13.99	13.99
Saccade L	1	36	8470498739	8470530725	31986	1108.93	536.61	1026.15	518.33	2.01	172.69	0.50	62.98	7300.59	-7030.42	4941.72
Saccade R	1	32	8470498739	8470530725	31986	1108.93	536.61	1026.15	518.33	2.01	172.69	0.50	62.98	7300.59	-7030.42	4941.72
Fixation L	1	44	8470530725	8470666731	136006	1029.19	511.34	21	12	-1	12.00	12.00
Fixation R	1	41	8470530725	8470666731	136006	1029.19	511.34	21	12	-1	13.81	13.81
Saccade L	1	37	8470666731	8470698746	32015	1021.12	516.69	905.71	518.53	2.47	181.34	0.62	77.21	8347.36	-7983.05	5702.83
Saccade R	1	33	8470666731	8470698746	32015	1021.12	516.69	905.71	518.53	2.47	181.34	0.62	77.21	8347.36	-7983.05	5702.83
Fixation L	1	45	8470698746	8470862632	163886	915.23	518.00	14	17	-1	11.92	11.92
Fixation R	1	42	8470698746	8470862632	163886	915.23	518.00	14	17	-1	13.52	13.52
Saccade L	1	38	8470862632	8470926617	63985	912.69	527.83	1030.96	602.24	4.14	221.42	0.25	64.75	10534.97	-8580.06	4103.76
Saccade R	1	34	8470862632	8470926617	63985	912.69	527.83	1030.96	602.24	4.14	221.42	0.25	64.75	10534.97	-8580.06	4103.76
Fixation L	1	46	8470926617	8471042639	116022	1034.13	599.03	10	11	-1	12.22	12.22
Fixation R	1	43	8470926617	8471222628	296011	921.85	560.89	1040	1019	-1	12.58	12.58
Saccade L	1	39	8471042639	8471166646	124007	1030.58	604.52	935.63	498.42	52.06	2450.41	0.48	419.81	75877.74	-80580.95	21991.95
Fixation L	1	47	8471166646	8471230622	63976	931.71	500.38	11	3	-1	12.22	12.22
Saccade R	1	35	8471222628	8471340442	117814	927.17	500.82	0.00	0.00	102.52	2021.89	0.88	870.19	84092.05	-84442.45	63636.45
Fixation L	1	48	8471330675	8472674527	1343852	0.00	0.00	0	0	-1	12.74	12.74
Fixation R	1	44	8471340442	8472674527	1334085	0.00	0.00	0	0	-1	14.80	14.80
Fixation L	1	49	8472798533	8473842428	1043895	209.52	133.41	1303	1026	-1	12.02	11.99
Fixation R	1	45	8472798533	8472926564	128031	1015.47	624.64	42	34	-1	16.16	16.16
Fixation R	1	46	8473014555	8473842428	827873	0.00	0.00	0	0	-1	14.16	14.16
Fixation L	1	50	8473950430	8474086435	136005	1007.15	447.18	39	23	-1	13.48	13.48
Fixation R	1	47	8473950430	8474086435	136005	1007.15	447.18	39	23	-1	15.52	15.52
Saccade L	1	40	8474086435	8474130439	44004	981.45	445.89	998.70	541.76	2.65	161.72	0.36	60.29	7391.71	-6644.47	3811.28
Saccade R	1	36	8474086435	8474130439	44004	981.45	445.89	998.70	541.76	2.65	161.72	0.36	60.29	7391.71	-6644.47	3811.28
