[BeGaze]
Converted from:	D:\Kirillov\Results\ermolova_temp\Kate 04-eye_data.idf
Date:	17.04.2019 03:52:48
Version:	BeGaze 3.0.181
Sample Rate:	250
Subject:	Kate 04
Description:	Run14

Table Header for Fixations:
Event Type	Trial	Number	Start	End	Duration	Location X	Location Y	Dispersion X	Dispersion Y	Plane	Avg. Pupil Size X	Avg. Pupil Size Y

Table Header for Saccades:
Event Type	Trial	Number	Start	End	Duration	Start Loc.X	Start Loc.Y	End Loc.X	End Loc.Y	Amplitude	Peak Speed	Peak Speed At	Average Speed	Peak Accel.	Peak Decel.	Average Accel.

Table Header for User Events:
Event Type	Trial	Number	Start	Description

UserEvent	1	1	4058857289	# Message: experiment-08.jpg
Fixation L	1	1	4058859182	4059155188	296006	547.47	332.28	37	11	-1	14.35	14.35
Fixation R	1	1	4058859182	4059155188	296006	547.47	332.28	37	11	-1	13.01	13.01
Saccade L	1	1	4059155188	4059215162	59974	550.53	329.02	745.97	555.45	6.54	251.63	0.53	109.06	6919.62	-11584.07	6113.97
Saccade R	1	1	4059155188	4059215162	59974	550.53	329.02	745.97	555.45	6.54	251.63	0.53	109.06	6919.62	-11584.07	6113.97
Saccade L	1	2	4059247178	4059319163	71985	749.01	556.59	1164.72	401.45	9.90	359.55	0.28	137.54	16657.74	-13106.06	7877.92
Saccade R	1	2	4059247178	4059319163	71985	749.01	556.59	1164.72	401.45	9.90	359.55	0.28	137.54	16657.74	-13106.06	7877.92
Fixation L	1	2	4059319163	4060219056	899893	1196.59	376.41	77	60	-1	12.60	12.60
Fixation R	1	2	4059319163	4060219056	899893	1196.59	376.41	77	60	-1	11.81	11.81
Saccade L	1	3	4060219056	4060263074	44018	1215.10	363.40	1249.74	377.80	0.98	43.70	0.64	22.34	1419.76	-1803.93	971.00
Saccade R	1	3	4060219056	4060263074	44018	1215.10	363.40	1249.74	377.80	0.98	43.70	0.64	22.34	1419.76	-1803.93	971.00
Fixation L	1	3	4060263074	4060383050	119976	1247.67	370.60	13	16	-1	12.37	12.37
Fixation R	1	3	4060263074	4060383050	119976	1247.67	370.60	13	16	-1	11.48	11.48
Saccade L	1	4	4060383050	4060455081	72031	1250.96	363.11	1002.94	691.26	9.07	253.89	0.28	125.93	12018.51	-5575.75	5472.92
Saccade R	1	4	4060383050	4060455081	72031	1250.96	363.11	1002.94	691.26	9.07	253.89	0.28	125.93	12018.51	-5575.75	5472.92
Fixation L	1	4	4060455081	4060623044	167963	1001.87	700.42	6	15	-1	12.59	12.59
Fixation R	1	4	4060455081	4060623044	167963	1001.87	700.42	6	15	-1	11.77	11.77
Saccade L	1	5	4060623044	4060667076	44032	1004.72	701.30	834.44	707.45	3.59	202.64	0.36	81.62	9230.13	-7768.19	5586.64
Saccade R	1	5	4060623044	4060667076	44032	1004.72	701.30	834.44	707.45	3.59	202.64	0.36	81.62	9230.13	-7768.19	5586.64
Fixation L	1	5	4060667076	4060723053	55977	833.33	702.73	5	10	-1	12.73	12.73
Fixation R	1	5	4060667076	4060723053	55977	833.33	702.73	5	10	-1	11.64	11.64
Saccade L	1	6	4060723053	4060759059	36006	833.44	697.21	963.89	729.21	3.26	227.84	0.33	90.63	10945.96	-10205.96	6677.51
Saccade R	1	6	4060723053	4060759059	36006	833.44	697.21	963.89	729.21	3.26	227.84	0.33	90.63	10945.96	-10205.96	6677.51
Fixation L	1	6	4060759059	4061163062	404003	990.01	749.59	47	53	-1	12.69	12.69
Fixation R	1	6	4060759059	4061163062	404003	990.01	749.59	47	53	-1	11.73	11.73
Saccade L	1	7	4061163062	4061319088	156026	992.01	761.39	1206.27	365.11	86.58	2386.42	0.72	554.92	75961.24	-91326.06	23654.85
Saccade R	1	7	4061163062	4061319088	156026	992.01	761.39	1206.27	365.11	86.58	2386.42	0.72	554.92	75961.24	-91326.06	23654.85
Fixation L	1	7	4061319088	4061690958	371870	1228.44	362.55	33	33	-1	12.77	12.77
Fixation R	1	7	4061319088	4061795764	476676	1056.49	315.07	1618	927	-1	10.92	10.92
Fixation L	1	8	4061882947	4061954988	72041	1230.86	375.17	16	27	-1	12.59	12.59
Fixation R	1	8	4061882947	4061954988	72041	1230.86	375.17	16	27	-1	11.77	11.77
Saccade L	1	8	4061954988	4062010931	55943	1229.45	383.05	1026.61	661.31	7.68	234.80	0.29	137.31	11420.39	-9882.67	6807.33
Saccade R	1	8	4061954988	4062010931	55943	1229.45	383.05	1026.61	661.31	7.68	234.80	0.29	137.31	11420.39	-9882.67	6807.33
Fixation L	1	9	4062010931	4062282931	272000	1003.21	657.70	37	36	-1	12.70	12.70
Fixation R	1	9	4062010931	4062282931	272000	1003.21	657.70	37	36	-1	11.91	11.91
Saccade L	1	9	4062282931	4062326963	44032	998.82	673.46	972.17	784.04	2.63	166.40	0.36	59.74	7441.05	-7286.19	4251.34
Saccade R	1	9	4062282931	4062326963	44032	998.82	673.46	972.17	784.04	2.63	166.40	0.36	59.74	7441.05	-7286.19	4251.34
Fixation L	1	10	4062326963	4062462948	135985	978.87	793.92	31	22	-1	12.78	12.78
Fixation R	1	10	4062326963	4062462948	135985	978.87	793.92	31	22	-1	11.92	11.92
Saccade L	1	10	4062462948	4062534974	72026	998.70	790.89	1219.97	407.36	10.25	352.91	0.28	142.29	17330.05	-9495.06	7731.76
Saccade R	1	10	4062462948	4062534974	72026	998.70	790.89	1219.97	407.36	10.25	352.91	0.28	142.29	17330.05	-9495.06	7731.76
Fixation L	1	11	4062534974	4062834961	299987	1222.49	404.57	19	20	-1	12.28	12.28
Fixation R	1	11	4062534974	4062834961	299987	1222.49	404.57	19	20	-1	11.50	11.50
Saccade L	1	11	4062834961	4062886828	51867	1218.77	404.48	1251.15	333.10	1.79	62.13	0.46	34.44	2130.38	-2246.09	1488.18
Saccade R	1	11	4062834961	4062886828	51867	1218.77	404.48	1251.15	333.10	1.79	62.13	0.46	34.44	2130.38	-2246.09	1488.18
Fixation L	1	12	4062886828	4063190828	304000	1261.25	333.71	28	16	-1	12.61	12.61
Fixation R	1	12	4062886828	4063190828	304000	1261.25	333.71	28	16	-1	11.80	11.80
Saccade L	1	12	4063190828	4063242828	52000	1265.67	339.39	1191.82	363.10	1.75	78.73	0.31	33.64	3642.98	-2814.04	1862.26
Saccade R	1	12	4063190828	4063242828	52000	1265.67	339.39	1191.82	363.10	1.75	78.73	0.31	33.64	3642.98	-2814.04	1862.26
Fixation L	1	13	4063242828	4063510826	267998	1194.24	377.86	15	25	-1	12.76	12.76
Fixation R	1	13	4063242828	4063510826	267998	1194.24	377.86	15	25	-1	11.85	11.85
Saccade L	1	13	4063510826	4063574825	63999	1193.52	380.26	1013.35	765.50	9.42	247.16	0.31	147.17	11347.32	-10595.08	6270.79
Saccade R	1	13	4063510826	4063574825	63999	1193.52	380.26	1013.35	765.50	9.42	247.16	0.31	147.17	11347.32	-10595.08	6270.79
Fixation L	1	14	4063574825	4063710849	136024	987.35	783.60	38	26	-1	12.93	12.93
Fixation R	1	14	4063574825	4063710849	136024	987.35	783.60	38	26	-1	12.02	12.02
Saccade L	1	14	4063710849	4063758844	47995	987.40	787.91	912.17	766.92	1.69	82.31	0.25	35.15	3749.14	-3293.65	1931.77
Saccade R	1	14	4063710849	4063758844	47995	987.40	787.91	912.17	766.92	1.69	82.31	0.25	35.15	3749.14	-3293.65	1931.77
Fixation L	1	15	4063758844	4063958853	200009	915.59	762.76	16	13	-1	13.11	13.11
Fixation R	1	15	4063758844	4063958853	200009	915.59	762.76	16	13	-1	12.21	12.21
Saccade L	1	15	4063958853	4063986852	27999	920.62	758.62	885.21	768.60	0.79	52.03	0.57	28.21	2374.84	-2161.70	1607.54
Saccade R	1	15	4063958853	4063986852	27999	920.62	758.62	885.21	768.60	0.79	52.03	0.57	28.21	2374.84	-2161.70	1607.54
Fixation L	1	16	4063986852	4064178834	191982	875.39	755.62	24	30	-1	13.32	13.32
Fixation R	1	16	4063986852	4064178834	191982	875.39	755.62	24	30	-1	11.96	11.96
Saccade L	1	16	4064178834	4064210842	32008	864.27	766.75	848.44	769.21	0.88	52.96	0.50	27.55	2215.69	-1326.58	1078.89
Saccade R	1	16	4064178834	4064210842	32008	864.27	766.75	848.44	769.21	0.88	52.96	0.50	27.55	2215.69	-1326.58	1078.89
Saccade L	1	17	4064210842	4064234843	24001	848.44	769.21	832.08	802.71	0.67	48.88	0.50	27.96	1171.10	-2027.57	1064.75
Saccade R	1	17	4064210842	4064234843	24001	848.44	769.21	832.08	802.71	0.67	48.88	0.50	27.96	1171.10	-2027.57	1064.75
Fixation L	1	17	4064234843	4064470708	235865	839.35	808.28	16	32	-1	12.95	12.95
Fixation R	1	17	4064234843	4064470708	235865	839.35	808.28	16	32	-1	11.99	11.99
Saccade L	1	18	4064470708	4064514759	44051	845.73	799.12	769.21	818.06	1.75	74.93	0.45	39.78	3447.15	-2904.36	2203.90
Saccade R	1	18	4064470708	4064514759	44051	845.73	799.12	769.21	818.06	1.75	74.93	0.45	39.78	3447.15	-2904.36	2203.90
Fixation L	1	18	4064514759	4064658714	143955	758.83	815.16	16	19	-1	13.39	13.39
Fixation R	1	18	4064514759	4064658714	143955	758.83	815.16	16	19	-1	12.06	12.06
Saccade L	1	19	4064658714	4064730727	72013	763.35	826.58	1142.73	384.55	12.89	398.02	0.28	179.04	17842.53	-10997.65	8270.52
Saccade R	1	19	4064658714	4064730727	72013	763.35	826.58	1142.73	384.55	12.89	398.02	0.28	179.04	17842.53	-10997.65	8270.52
Fixation L	1	19	4064730727	4065182722	451995	1159.75	393.17	34	28	-1	13.46	13.46
Fixation R	1	19	4064730727	4065182722	451995	1159.75	393.17	34	28	-1	12.51	12.51
Saccade L	1	20	4065182722	4065266725	84003	1154.44	412.92	829.17	840.36	12.13	243.09	0.52	144.43	9578.20	-8872.37	4973.98
Saccade R	1	20	4065182722	4065266725	84003	1154.44	412.92	829.17	840.36	12.13	243.09	0.52	144.43	9578.20	-8872.37	4973.98
Fixation L	1	20	4065266725	4065370749	104024	812.70	834.47	22	25	-1	14.10	14.10
Fixation R	1	20	4065266725	4065370749	104024	812.70	834.47	22	25	-1	12.97	12.97
Saccade L	1	21	4065370749	4065410599	39850	811.67	829.45	756.23	853.61	1.39	71.56	0.50	34.90	2777.72	-2881.11	1926.50
Saccade R	1	21	4065370749	4065410599	39850	811.67	829.45	756.23	853.61	1.39	71.56	0.50	34.90	2777.72	-2881.11	1926.50
Fixation L	1	21	4065410599	4065542715	132116	740.19	857.59	26	13	-1	13.72	13.72
Fixation R	1	21	4065410599	4065542715	132116	740.19	857.59	26	13	-1	12.71	12.71
Saccade L	1	22	4065542715	4065602729	60014	734.84	853.55	778.17	761.71	2.56	104.39	0.27	42.73	4838.83	-4255.75	2389.04
Saccade R	1	22	4065542715	4065602729	60014	734.84	853.55	778.17	761.71	2.56	104.39	0.27	42.73	4838.83	-4255.75	2389.04
Fixation L	1	22	4065602729	4065826619	223890	776.81	743.25	17	32	-1	13.29	13.29
Fixation R	1	22	4065602729	4065826619	223890	776.81	743.25	17	32	-1	12.20	12.20
Saccade L	1	23	4065826619	4065850605	23986	769.07	732.05	765.16	697.79	0.66	48.40	0.50	27.59	2055.26	-1784.51	1459.66
Saccade R	1	23	4065826619	4065850605	23986	769.07	732.05	765.16	697.79	0.66	48.40	0.50	27.59	2055.26	-1784.51	1459.66
Fixation L	1	23	4065850605	4065962601	111996	782.19	689.89	29	19	-1	13.02	13.02
Fixation R	1	23	4065850605	4065962601	111996	782.19	689.89	29	19	-1	12.23	12.23
Saccade L	1	24	4065962601	4065998601	36000	794.04	695.68	852.61	675.32	1.37	90.00	0.44	38.09	4032.24	-3732.19	2547.00
Saccade R	1	24	4065962601	4065998601	36000	794.04	695.68	852.61	675.32	1.37	90.00	0.44	38.09	4032.24	-3732.19	2547.00
Fixation L	1	24	4065998601	4066182606	184005	863.99	675.52	24	22	-1	12.96	12.96
Fixation R	1	24	4065998601	4066182606	184005	863.99	675.52	24	22	-1	12.18	12.18
Saccade L	1	25	4066182606	4066234603	51997	873.19	679.20	926.82	650.59	1.45	79.22	0.46	27.82	3192.69	-2921.02	1536.80
Saccade R	1	25	4066182606	4066234603	51997	873.19	679.20	926.82	650.59	1.45	79.22	0.46	27.82	3192.69	-2921.02	1536.80
Fixation L	1	25	4066234603	4066462605	228002	917.21	656.02	15	24	-1	13.03	13.03
Fixation R	1	25	4066234603	4066462605	228002	917.21	656.02	15	24	-1	12.09	12.09
Saccade L	1	26	4066462605	4066514611	52006	915.20	668.83	834.77	789.40	3.25	123.32	0.23	62.45	5793.12	-3057.13	2868.34
Saccade R	1	26	4066462605	4066514611	52006	915.20	668.83	834.77	789.40	3.25	123.32	0.23	62.45	5793.12	-3057.13	2868.34
Saccade L	1	27	4066554617	4066594629	40012	825.79	800.58	722.20	831.53	2.51	156.50	0.40	62.72	7177.56	-6702.74	4410.42
Saccade R	1	27	4066554617	4066594629	40012	825.79	800.58	722.20	831.53	2.51	156.50	0.40	62.72	7177.56	-6702.74	4410.42
Fixation L	1	26	4066594629	4066830614	235985	725.89	821.30	19	25	-1	12.88	12.88
Fixation R	1	26	4066594629	4066830614	235985	725.89	821.30	19	25	-1	11.71	11.71
Saccade L	1	28	4066830614	4066882701	52087	717.54	813.74	759.69	850.94	1.32	50.76	0.31	25.40	2269.79	-1139.76	1012.44
Saccade R	1	28	4066830614	4066882701	52087	717.54	813.74	759.69	850.94	1.32	50.76	0.31	25.40	2269.79	-1139.76	1012.44
Saccade L	1	29	4066882701	4066926611	43910	759.69	850.94	691.00	851.76	1.59	107.74	0.73	36.20	4074.48	-4323.48	2198.52
Saccade R	1	29	4066882701	4066926611	43910	759.69	850.94	691.00	851.76	1.59	107.74	0.73	36.20	4074.48	-4323.48	2198.52
