[BeGaze]
Converted from:	D:\Kirillov\Results\ermolova_temp\Ignat-eye_data.idf
Date:	17.04.2019 03:54:11
Version:	BeGaze 3.0.181
Sample Rate:	250
Subject:	Ignat
Description:	Run36

Table Header for Fixations:
Event Type	Trial	Number	Start	End	Duration	Location X	Location Y	Dispersion X	Dispersion Y	Plane	Avg. Pupil Size X	Avg. Pupil Size Y

Table Header for Saccades:
Event Type	Trial	Number	Start	End	Duration	Start Loc.X	Start Loc.Y	End Loc.X	End Loc.Y	Amplitude	Peak Speed	Peak Speed At	Average Speed	Peak Accel.	Peak Decel.	Average Accel.

Table Header for User Events:
Event Type	Trial	Number	Start	Description

UserEvent	1	1	5306832575	# Message: experiment-06.jpg
Saccade L	1	1	5306859747	5306903755	44008	377.34	413.68	437.30	431.45	2.79	147.74	0.27	63.51	6825.96	-3827.91	3068.84
Saccade R	1	1	5306859747	5306903755	44008	377.34	413.68	437.30	431.45	2.79	147.74	0.27	63.51	6825.96	-3827.91	3068.84
Saccade L	1	2	5307055741	5307087746	32005	484.23	365.12	518.36	420.81	1.35	63.44	0.50	42.14	3057.18	-1855.24	1788.56
Saccade R	1	2	5307055741	5307087746	32005	484.23	365.12	518.36	420.81	1.35	63.44	0.50	42.14	3057.18	-1855.24	1788.56
Saccade L	1	3	5307127749	5307179752	52003	486.36	437.77	936.03	477.13	9.68	339.24	0.38	186.23	16713.94	-14119.20	10253.57
Saccade R	1	3	5307127749	5307179752	52003	486.36	437.77	936.03	477.13	9.68	339.24	0.38	186.23	16713.94	-14119.20	10253.57
Fixation L	1	1	5307179752	5307387772	208020	951.97	481.48	27	20	-1	11.00	11.00
Fixation R	1	1	5307179752	5307387772	208020	951.97	481.48	27	20	-1	10.87	10.87
Saccade L	1	4	5307387772	5307415763	27991	956.84	486.24	1011.60	432.64	1.57	114.72	0.43	55.94	4889.60	-4755.14	3556.93
Saccade R	1	4	5307387772	5307415763	27991	956.84	486.24	1011.60	432.64	1.57	114.72	0.43	55.94	4889.60	-4755.14	3556.93
Fixation L	1	2	5307415763	5307555753	139990	1010.66	443.26	16	28	-1	11.07	11.07
Fixation R	1	2	5307415763	5307555753	139990	1010.66	443.26	16	28	-1	10.83	10.83
Saccade L	1	5	5307555753	5307595657	39904	1001.13	452.83	950.15	485.99	1.37	63.82	0.30	34.34	2479.61	-2066.67	1541.53
Saccade R	1	5	5307555753	5307595657	39904	1001.13	452.83	950.15	485.99	1.37	63.82	0.30	34.34	2479.61	-2066.67	1541.53
Fixation L	1	3	5307595657	5307755664	160007	949.91	479.46	25	16	-1	10.81	10.81
Fixation R	1	3	5307595657	5307755664	160007	949.91	479.46	25	16	-1	10.44	10.44
Saccade L	1	6	5307755664	5307807655	51991	927.72	470.89	527.83	456.78	8.76	302.15	0.38	168.46	13838.98	-13446.03	9292.16
Saccade R	1	6	5307755664	5307807655	51991	927.72	470.89	527.83	456.78	8.76	302.15	0.38	168.46	13838.98	-13446.03	9292.16
Fixation L	1	4	5307807655	5308015654	207999	524.62	446.51	15	22	-1	10.93	10.93
Fixation R	1	4	5307807655	5308134992	327337	376.60	327.58	736	838	-1	9.01	9.01
Fixation L	1	5	5308199642	5308551653	352011	992.55	485.24	34	73	-1	11.49	11.49
Fixation R	1	5	5308199642	5308551653	352011	992.55	485.24	34	73	-1	11.37	11.37
Saccade L	1	7	5308551653	5308575671	24018	979.63	491.11	939.05	488.37	0.88	62.04	0.50	36.77	2633.57	-1909.95	1654.44
Saccade R	1	7	5308551653	5308575671	24018	979.63	491.11	939.05	488.37	0.88	62.04	0.50	36.77	2633.57	-1909.95	1654.44
Fixation L	1	6	5308575671	5308663671	88000	930.57	473.77	15	21	-1	11.38	11.38
Fixation R	1	6	5308575671	5308663671	88000	930.57	473.77	15	21	-1	11.18	11.18
Saccade L	1	8	5308663671	5308711682	48011	932.67	473.49	550.87	483.05	8.25	310.89	0.58	171.74	13442.38	-14938.30	9955.53
Saccade R	1	8	5308663671	5308711682	48011	932.67	473.49	550.87	483.05	8.25	310.89	0.58	171.74	13442.38	-14938.30	9955.53
Fixation L	1	7	5308711682	5308959668	247986	544.73	458.50	19	34	-1	11.21	11.21
Fixation R	1	7	5308711682	5308959668	247986	544.73	458.50	19	34	-1	10.73	10.73
Saccade L	1	9	5308959668	5309011538	51870	543.54	455.60	993.03	544.29	9.85	348.26	0.38	189.99	16382.48	-14649.11	10363.92
Saccade R	1	9	5308959668	5309011538	51870	543.54	455.60	993.03	544.29	9.85	348.26	0.38	189.99	16382.48	-14649.11	10363.92
Fixation L	1	8	5309011538	5309279552	268014	996.60	545.72	13	25	-1	11.08	11.08
Fixation R	1	8	5309011538	5309279552	268014	996.60	545.72	13	25	-1	11.03	11.03
Saccade L	1	10	5309279552	5309307541	27989	988.13	557.94	953.52	478.58	1.67	115.08	0.43	59.64	4713.23	-4913.66	3456.43
Saccade R	1	10	5309279552	5309307541	27989	988.13	557.94	953.52	478.58	1.67	115.08	0.43	59.64	4713.23	-4913.66	3456.43
Fixation L	1	9	5309307541	5309479556	172015	949.56	466.48	8	20	-1	11.32	11.32
Fixation R	1	9	5309307541	5309479556	172015	949.56	466.48	8	20	-1	11.01	11.01
Saccade L	1	11	5309479556	5309507558	28002	954.67	456.01	949.17	566.98	2.25	177.95	0.57	80.45	7723.64	-7762.65	5707.23
Saccade R	1	11	5309479556	5309507558	28002	954.67	456.01	949.17	566.98	2.25	177.95	0.57	80.45	7723.64	-7762.65	5707.23
Fixation L	1	10	5309507558	5309675554	167996	934.61	590.92	23	58	-1	11.38	11.38
Fixation R	1	10	5309507558	5309675554	167996	934.61	590.92	23	58	-1	10.84	10.84
Saccade L	1	12	5309675554	5309715553	39999	952.16	593.64	993.04	544.91	1.44	55.53	0.40	35.92	1983.55	-1791.27	1420.88
Saccade R	1	12	5309675554	5309715553	39999	952.16	593.64	993.04	544.91	1.44	55.53	0.40	35.92	1983.55	-1791.27	1420.88
Fixation L	1	11	5309715553	5309883572	168019	495.83	296.76	1101	1052	-1	7.75	7.75
Fixation R	1	11	5309715553	5309883572	168019	495.83	296.76	1101	1052	-1	7.88	7.88
Fixation L	1	12	5309951588	5310171659	220071	1015.88	530.51	11	25	-1	11.23	11.23
Fixation R	1	12	5309951588	5310171659	220071	1015.88	530.51	11	25	-1	10.82	10.82
Fixation L	1	13	5310239564	5310371580	132016	941.33	577.00	16	44	-1	11.42	11.42
Fixation R	1	13	5310239564	5310371580	132016	941.33	577.00	16	44	-1	11.00	11.00
Saccade L	1	13	5310371580	5310423444	51864	935.04	603.06	536.07	590.03	8.73	345.68	0.54	168.40	15206.35	-14798.09	10174.65
Saccade R	1	13	5310371580	5310423444	51864	935.04	603.06	536.07	590.03	8.73	345.68	0.54	168.40	15206.35	-14798.09	10174.65
Fixation L	1	14	5310423444	5310623448	200004	536.56	574.20	13	34	-1	11.28	11.28
Fixation R	1	14	5310423444	5310623448	200004	536.56	574.20	13	34	-1	10.91	10.91
Saccade L	1	14	5310623448	5310679460	56012	533.80	582.80	1027.00	611.17	10.73	372.03	0.50	191.53	17881.57	-14927.05	11037.15
Saccade R	1	14	5310623448	5310679460	56012	533.80	582.80	1027.00	611.17	10.73	372.03	0.50	191.53	17881.57	-14927.05	11037.15
Fixation L	1	15	5310679460	5310935463	256003	1000.84	622.74	45	44	-1	11.21	11.21
Fixation R	1	15	5310679460	5310935463	256003	1000.84	622.74	45	44	-1	11.14	11.14
Saccade L	1	15	5310935463	5310963455	27992	989.44	629.69	947.82	642.27	0.94	60.91	0.43	33.62	2111.63	-1764.30	1428.56
Saccade R	1	15	5310935463	5310963455	27992	989.44	629.69	947.82	642.27	0.94	60.91	0.43	33.62	2111.63	-1764.30	1428.56
Fixation L	1	16	5310963455	5311139456	176001	923.85	666.16	35	46	-1	11.33	11.33
Fixation R	1	16	5310963455	5311139456	176001	923.85	666.16	35	46	-1	11.16	11.16
Saccade L	1	16	5311139456	5311183469	44013	918.73	666.44	616.40	690.37	6.57	290.54	0.46	149.37	13784.14	-12468.71	9534.71
Saccade R	1	16	5311139456	5311183469	44013	918.73	666.44	616.40	690.37	6.57	290.54	0.46	149.37	13784.14	-12468.71	9534.71
Fixation L	1	17	5311183469	5311379479	196010	628.61	674.75	30	27	-1	11.50	11.50
Fixation R	1	17	5311183469	5311379479	196010	628.61	674.75	30	27	-1	11.20	11.20
Saccade L	1	17	5311379479	5311431461	51982	626.11	668.66	518.91	589.99	3.46	179.08	0.23	66.66	8078.02	-6437.39	3725.53
Saccade R	1	17	5311379479	5311431461	51982	626.11	668.66	518.91	589.99	3.46	179.08	0.23	66.66	8078.02	-6437.39	3725.53
Fixation L	1	18	5311431461	5311535480	104019	527.49	578.36	19	18	-1	11.45	11.45
Fixation R	1	18	5311431461	5311535480	104019	527.49	578.36	19	18	-1	11.15	11.15
Saccade L	1	18	5311535480	5311587468	51988	520.81	576.22	974.46	626.86	10.00	373.74	0.38	192.41	17801.30	-14889.11	11011.81
Saccade R	1	18	5311535480	5311587468	51988	520.81	576.22	974.46	626.86	10.00	373.74	0.38	192.41	17801.30	-14889.11	11011.81
Fixation L	1	19	5311587468	5311871360	283892	972.21	636.17	27	50	-1	11.39	11.39
Fixation R	1	19	5311587468	5311871360	283892	972.21	636.17	27	50	-1	11.35	11.35
Saccade L	1	19	5311871360	5311895387	24027	957.83	665.06	962.80	631.00	0.71	41.24	0.50	29.75	1835.11	-1487.40	1240.31
Saccade R	1	19	5311871360	5311895387	24027	957.83	665.06	962.80	631.00	0.71	41.24	0.50	29.75	1835.11	-1487.40	1240.31
Fixation L	1	20	5311895387	5311947361	51974	969.18	636.11	9	21	-1	11.35	11.35
Fixation R	1	20	5311895387	5311947361	51974	969.18	636.11	9	21	-1	11.24	11.24
Saccade L	1	20	5311947361	5311983363	36002	965.37	653.94	934.44	524.22	2.61	158.36	0.45	72.60	7208.26	-6562.21	4802.49
Saccade R	1	20	5311947361	5311983363	36002	965.37	653.94	934.44	524.22	2.61	158.36	0.45	72.60	7208.26	-6562.21	4802.49
Fixation L	1	21	5311983363	5312039360	55997	931.16	533.47	6	25	-1	11.32	11.32
Fixation R	1	21	5311983363	5312039360	55997	931.16	533.47	6	25	-1	11.10	11.10
Saccade L	1	21	5312039360	5312059427	20067	928.32	547.73	901.90	556.67	0.56	43.41	0.40	28.07	1303.13	-1363.85	920.04
Saccade R	1	21	5312039360	5312059427	20067	928.32	547.73	901.90	556.67	0.56	43.41	0.40	28.07	1303.13	-1363.85	920.04
Saccade L	1	22	5312099364	5312123373	24009	905.52	549.88	837.31	546.61	1.59	159.81	0.50	66.26	5887.17	-6430.64	4399.81
Saccade R	1	22	5312099364	5312123373	24009	905.52	549.88	837.31	546.61	1.59	159.81	0.50	66.26	5887.17	-6430.64	4399.81
Saccade L	1	23	5312135367	5312159355	23988	831.91	545.67	899.89	537.18	1.42	130.59	0.50	59.38	5003.70	-4601.16	3514.01
Saccade R	1	23	5312135367	5312159355	23988	831.91	545.67	899.89	537.18	1.42	130.59	0.50	59.38	5003.70	-4601.16	3514.01
Saccade L	1	24	5312183356	5312215386	32030	781.39	534.35	927.36	431.80	2.99	200.13	0.25	93.48	3900.61	-8622.43	4252.19
Saccade R	1	24	5312183356	5312215386	32030	781.39	534.35	927.36	431.80	2.99	200.13	0.25	93.48	3900.61	-8622.43	4252.19
Fixation L	1	22	5312215386	5312443357	227971	618.97	301.46	1048	1011	-1	8.53	8.53
Fixation R	1	22	5312215386	5312443357	227971	618.97	301.46	1048	1011	-1	9.06	9.00
Fixation L	1	23	5312519412	5312707383	187971	918.48	550.94	45	44	-1	11.29	11.29
Fixation R	1	23	5312519412	5312707383	187971	918.48	550.94	45	44	-1	11.09	11.09
Saccade L	1	25	5312707383	5312751376	43993	938.36	561.93	945.56	565.23	4.76	219.03	0.73	108.24	8554.26	-8605.06	3904.41
Saccade R	1	25	5312707383	5312751376	43993	938.36	561.93	945.56	565.23	4.76	219.03	0.73	108.24	8554.26	-8605.06	3904.41
Fixation L	1	24	5312751376	5312839383	88007	946.40	568.33	12	16	-1	11.63	11.63
Fixation R	1	24	5312751376	5312839383	88007	946.40	568.33	12	16	-1	11.42	11.42
Saccade L	1	26	5312839383	5312891367	51984	952.60	572.28	517.72	525.48	9.67	349.54	0.46	185.96	14862.83	-15593.36	10159.65
Saccade R	1	26	5312839383	5312891367	51984	952.60	572.28	517.72	525.48	9.67	349.54	0.46	185.96	14862.83	-15593.36	10159.65
Fixation L	1	25	5312891367	5313119417	228050	519.54	506.54	14	32	-1	11.79	11.79
Fixation R	1	25	5312891367	5313242185	350818	401.16	387.59	973	1028	-1	9.77	9.77
Saccade R	1	27	5313242185	5313323255	81070	0.00	0.00	959.74	588.37	47.44	2637.48	0.31	585.16	60276.18	-92028.23	25101.89
Fixation L	1	26	5313323255	5313459263	136008	965.94	590.20	11	44	-1	11.32	11.32
Fixation R	1	26	5313323255	5313459263	136008	965.94	590.20	11	44	-1	11.10	11.10
Saccade L	1	27	5313459263	5313479309	20046	968.14	588.91	941.53	582.59	0.60	53.90	0.40	30.16	1687.94	-1888.58	1333.91
Saccade R	1	28	5313459263	5313479309	20046	968.14	588.91	941.53	582.59	0.60	53.90	0.40	30.16	1687.94	-1888.58	1333.91
Fixation L	1	27	5313479309	5313643289	163980	926.40	586.48	23	8	-1	11.75	11.75
Fixation R	1	27	5313479309	5313643289	163980	926.40	586.48	23	8	-1	11.35	11.35
Saccade L	1	28	5313643289	5313675269	31980	917.18	590.46	931.85	658.50	1.33	81.08	0.38	41.72	3913.38	-3362.87	2569.39
Saccade R	1	29	5313643289	5313675269	31980	917.18	590.46	931.85	658.50	1.33	81.08	0.38	41.72	3913.38	-3362.87	2569.39
Fixation L	1	28	5313675269	5313831316	156047	934.28	669.43	23	33	-1	11.53	11.53
Fixation R	1	28	5313675269	5313831316	156047	934.28	669.43	23	33	-1	11.13	11.13
Saccade L	1	29	5313831316	5313855277	23961	931.73	659.12	962.81	651.03	0.67	42.18	0.50	28.01	1286.11	-1099.06	899.40
Saccade R	1	30	5313831316	5313855277	23961	931.73	659.12	962.81	651.03	0.67	42.18	0.50	28.01	1286.11	-1099.06	899.40
Fixation L	1	29	5313855277	5313991324	136047	976.01	661.66	17	42	-1	11.44	11.44
Fixation R	1	29	5313855277	5313991324	136047	976.01	661.66	17	42	-1	11.19	11.19
Saccade L	1	30	5313991324	5314047290	55966	980.39	639.64	563.88	700.19	9.32	352.03	0.50	166.52	14332.02	-15257.51	9829.97
Saccade R	1	31	5313991324	5314047290	55966	980.39	639.64	563.88	700.19	9.32	352.03	0.50	166.52	14332.02	-15257.51	9829.97
Fixation L	1	30	5314047290	5314267280	219990	563.26	689.54	23	27	-1	11.68	11.68
Fixation R	1	30	5314047290	5314267280	219990	563.26	689.54	23	27	-1	11.16	11.16
Saccade L	1	31	5314267280	5314303276	35996	573.96	688.94	485.77	659.68	2.01	120.29	0.44	55.87	5230.38	-4776.30	3529.27
Saccade R	1	32	5314267280	5314303276	35996	573.96	688.94	485.77	659.68	2.01	120.29	0.44	55.87	5230.38	-4776.30	3529.27
Fixation L	1	31	5314303276	5314451300	148024	492.53	636.80	27	40	-1	11.79	11.79
Fixation R	1	31	5314303276	5314451300	148024	492.53	636.80	27	40	-1	11.21	11.21
Saccade L	1	32	5314451300	5314507280	55980	493.20	620.05	1039.71	497.74	12.26	404.99	0.57	219.08	16692.94	-17389.42	11457.84
Saccade R	1	33	5314451300	5314507280	55980	493.20	620.05	1039.71	497.74	12.26	404.99	0.57	219.08	16692.94	-17389.42	11457.84
Fixation L	1	32	5314507280	5314671170	163890	1019.80	497.87	37	18	-1	11.50	11.50
Fixation R	1	32	5314507280	5314671170	163890	1019.80	497.87	37	18	-1	11.19	11.19
Saccade L	1	33	5314671170	5314707177	36007	1006.82	492.53	970.96	636.54	3.36	222.60	0.33	93.37	9782.87	-9551.44	6469.12
Saccade R	1	34	5314671170	5314707177	36007	1006.82	492.53	970.96	636.54	3.36	222.60	0.33	93.37	9782.87	-9551.44	6469.12
Fixation L	1	33	5314707177	5314899177	192000	970.35	638.29	18	27	-1	11.64	11.64
Fixation R	1	33	5314707177	5314899177	192000	970.35	638.29	18	27	-1	11.21	11.21
Saccade R	1	35	5314899177	5314927173	27996	966.75	647.41	0.00	0.00	23.68	2159.08	0.57	845.70	92592.64	-93304.09	68064.41
Fixation R	1	34	5314927173	5314977856	50683	0.00	0.00	0	0	-1	7.72	7.72
Saccade R	1	36	5314977856	5315079181	101325	0.00	0.00	944.04	639.45	47.30	2653.03	0.25	466.85	52074.93	-93260.49	21213.36
Fixation L	1	34	5315079181	5315223182	144001	941.48	660.92	13	38	-1	11.37	11.37
Fixation R	1	35	5315079181	5315223182	144001	941.48	660.92	13	38	-1	11.10	11.10
Fixation L	1	35	5315239200	5315411121	171921	925.21	673.18	26	33	-1	11.45	11.45
Fixation R	1	36	5315239200	5315411121	171921	925.21	673.18	26	33	-1	11.05	11.05
Saccade L	1	34	5315411121	5315435175	24054	928.47	673.10	978.90	662.42	1.03	70.66	0.50	42.74	2943.22	-2678.55	2136.49
Saccade R	1	37	5315411121	5315435175	24054	928.47	673.10	978.90	662.42	1.03	70.66	0.50	42.74	2943.22	-2678.55	2136.49
Fixation L	1	36	5315435175	5315591210	156035	986.21	661.89	23	39	-1	11.18	11.18
Fixation R	1	37	5315435175	5315591210	156035	986.21	661.89	23	39	-1	10.76	10.76
Saccade L	1	35	5315591210	5315639190	47980	988.42	668.59	521.88	695.07	9.92	352.37	0.42	206.79	16472.89	-15814.85	11083.23
Saccade R	1	38	5315591210	5315639190	47980	988.42	668.59	521.88	695.07	9.92	352.37	0.42	206.79	16472.89	-15814.85	11083.23
Fixation L	1	37	5315639190	5315823181	183991	539.01	674.11	24	48	-1	11.28	11.28
Fixation R	1	38	5315639190	5315823181	183991	539.01	674.11	24	48	-1	10.62	10.62
Saccade L	1	36	5315823181	5315867214	44033	532.86	690.17	490.35	580.77	2.52	103.01	0.36	57.29	4741.27	-3860.91	2986.09
Saccade R	1	39	5315823181	5315867214	44033	532.86	690.17	490.35	580.77	2.52	103.01	0.36	57.29	4741.27	-3860.91	2986.09
Fixation L	1	38	5315867214	5316131119	263905	492.75	571.88	17	33	-1	11.33	11.33
Fixation R	1	39	5315867214	5316131119	263905	492.75	571.88	17	33	-1	10.62	10.62
Fixation L	1	39	5316335073	5316431071	95998	1038.66	498.67	13	26	-1	11.22	11.22
Fixation R	1	40	5316335073	5316431071	95998	1038.66	498.67	13	26	-1	11.00	11.00
Saccade L	1	37	5316431071	5316455089	24018	1044.09	483.32	1004.41	474.22	0.88	61.30	0.50	36.59	2231.33	-1976.00	1565.02
Saccade R	1	40	5316431071	5316455089	24018	1044.09	483.32	1004.41	474.22	0.88	61.30	0.50	36.59	2231.33	-1976.00	1565.02
Fixation L	1	40	5316455089	5316579081	123992	991.12	465.24	19	22	-1	11.36	11.36
Fixation R	1	41	5316455089	5316579081	123992	991.12	465.24	19	22	-1	11.01	11.01
Saccade L	1	38	5316579081	5316607075	27994	986.18	461.36	978.25	577.55	2.42	193.48	0.43	86.40	8752.47	-8391.25	6286.27
Saccade R	1	41	5316579081	5316607075	27994	986.18	461.36	978.25	577.55	2.42	193.48	0.43	86.40	8752.47	-8391.25	6286.27
Fixation L	1	41	5316607075	5316715125	108050	965.44	595.38	20	30	-1	11.24	11.24
Fixation R	1	42	5316607075	5316715125	108050	965.44	595.38	20	30	-1	10.68	10.68
Saccade L	1	39	5316715125	5316759079	43954	960.61	598.72	970.67	657.56	1.30	51.51	0.36	29.62	2093.17	-1257.10	1108.05
Saccade R	1	42	5316715125	5316759079	43954	960.61	598.72	970.67	657.56	1.30	51.51	0.36	29.62	2093.17	-1257.10	1108.05
Fixation L	1	42	5316759079	5316875101	116022	978.57	665.38	16	20	-1	10.98	10.98
Fixation R	1	43	5316759079	5316875101	116022	978.57	665.38	16	20	-1	10.73	10.73
Saccade L	1	40	5316875101	5316931088	55987	987.55	661.44	594.16	740.52	8.91	319.91	0.43	159.16	14825.26	-13218.30	9053.36
Saccade R	1	43	5316875101	5316931088	55987	987.55	661.44	594.16	740.52	8.91	319.91	0.43	159.16	14825.26	-13218.30	9053.36
Fixation L	1	43	5316931088	5317159096	228008	581.06	708.48	26	54	-1	11.14	11.14
Fixation R	1	44	5316931088	5317159096	228008	581.06	708.48	26	54	-1	10.67	10.67
Saccade L	1	41	5317159096	5317239091	79995	578.97	688.74	974.32	668.43	9.58	362.01	0.55	119.82	15999.05	-14862.49	6980.08
Saccade R	1	44	5317159096	5317239091	79995	578.97	688.74	974.32	668.43	9.58	362.01	0.55	119.82	15999.05	-14862.49	6980.08
Fixation L	1	44	5317239091	5317375113	136022	971.54	639.25	8	60	-1	11.11	11.11
Fixation R	1	45	5317239091	5317375113	136022	971.54	639.25	8	60	-1	10.92	10.92
Saccade L	1	42	5317375113	5317399105	23992	972.89	636.71	961.41	681.53	0.81	63.93	0.50	33.91	2579.74	-2436.52	1908.02
Saccade R	1	45	5317375113	5317399105	23992	972.89	636.71	961.41	681.53	0.81	63.93	0.50	33.91	2579.74	-2436.52	1908.02
Fixation L	1	45	5317399105	5317562992	163887	940.38	682.68	34	15	-1	11.29	11.29
Fixation R	1	46	5317399105	5317562992	163887	940.38	682.68	34	15	-1	11.15	11.15
Saccade L	1	43	5317562992	5317590971	27979	924.66	675.42	991.82	659.26	1.37	101.45	0.43	48.92	4246.57	-4195.55	3134.13
Saccade R	1	46	5317562992	5317590971	27979	924.66	675.42	991.82	659.26	1.37	101.45	0.43	48.92	4246.57	-4195.55	3134.13
Fixation L	1	46	5317590971	5317706986	116015	981.97	652.81	22	12	-1	11.26	11.26
Fixation R	1	47	5317590971	5317706986	116015	981.97	652.81	22	12	-1	11.13	11.13
Saccade L	1	44	5317706986	5317754988	48002	971.90	662.41	615.02	727.21	8.14	358.75	0.50	169.48	15957.14	-14858.96	10093.11
Saccade R	1	47	5317706986	5317754988	48002	971.90	662.41	615.02	727.21	8.14	358.75	0.50	169.48	15957.14	-14858.96	10093.11
Fixation L	1	47	5317754988	5318006981	251993	588.36	732.95	37	48	-1	11.28	11.28
Fixation R	1	48	5317754988	5318006981	251993	588.36	732.95	37	48	-1	10.81	10.81
Fixation L	1	48	5318067024	5318243014	175990	499.28	631.63	12	27	-1	11.37	11.37
Fixation R	1	49	5318067024	5318243014	175990	499.28	631.63	12	27	-1	10.96	10.96
Saccade L	1	45	5318243014	5318295008	51994	496.72	620.85	829.75	610.55	7.16	307.51	0.38	137.76	14001.08	-10412.05	8240.16
Saccade R	1	48	5318243014	5318295008	51994	496.72	620.85	829.75	610.55	7.16	307.51	0.38	137.76	14001.08	-10412.05	8240.16
Fixation R	1	50	5318295008	5318455028	160020	137.70	103.02	832	673	-1	7.43	7.43
Saccade L	1	46	5318575009	5318602951	27942	965.95	660.29	958.29	702.54	0.92	54.33	0.43	32.77	1877.07	-1783.73	1359.00
Saccade R	1	49	5318575009	5318602951	27942	965.95	660.29	958.29	702.54	0.92	54.33	0.43	32.77	1877.07	-1783.73	1359.00
Saccade L	1	47	5318643004	5318671014	28010	946.59	707.12	975.17	672.80	0.99	49.85	0.57	35.33	1986.66	-1765.50	1392.16
Saccade R	1	50	5318643004	5318671014	28010	946.59	707.12	975.17	672.80	0.99	49.85	0.57	35.33	1986.66	-1765.50	1392.16
Fixation L	1	49	5318671014	5318882906	211892	979.29	672.24	14	50	-1	11.43	11.43
Fixation R	1	51	5318671014	5318882906	211892	979.29	672.24	14	50	-1	11.19	11.19
Saccade L	1	48	5318882906	5318914894	31988	983.57	647.54	994.81	510.15	2.85	210.37	0.50	89.21	8686.18	-9141.48	6438.35
Saccade R	1	51	5318882906	5318914894	31988	983.57	647.54	994.81	510.15	2.85	210.37	0.50	89.21	8686.18	-9141.48	6438.35
Fixation L	1	50	5318914894	5319102890	187996	997.81	504.94	13	36	-1	11.27	11.27
Fixation R	1	52	5318914894	5319102890	187996	997.81	504.94	13	36	-1	10.86	10.86
Saccade L	1	49	5319102890	5319138896	36006	1001.19	525.87	997.97	648.94	2.59	161.90	0.56	72.05	6572.84	-7023.10	4668.10
Saccade R	1	52	5319102890	5319138896	36006	1001.19	525.87	997.97	648.94	2.59	161.90	0.56	72.05	6572.84	-7023.10	4668.10
Fixation L	1	51	5319138896	5319206900	68004	1006.10	657.48	11	15	-1	10.95	10.95
Fixation R	1	53	5319138896	5319206900	68004	1006.10	657.48	11	15	-1	10.96	10.96
Saccade L	1	50	5319206900	5319270882	63982	1006.14	660.90	632.49	746.86	8.43	367.08	0.31	131.80	16951.77	-15064.27	8414.10
Saccade R	1	53	5319206900	5319270882	63982	1006.14	660.90	632.49	746.86	8.43	367.08	0.31	131.80	16951.77	-15064.27	8414.10
Fixation L	1	52	5319270882	5319462890	192008	649.31	741.85	42	63	-1	11.30	11.30
Fixation R	1	54	5319270882	5319462890	192008	649.31	741.85	42	63	-1	10.72	10.72
Saccade L	1	51	5319462890	5319490904	28014	634.95	777.11	641.83	729.87	0.99	62.31	0.57	35.35	2155.13	-2206.15	1672.71
Saccade R	1	54	5319462890	5319490904	28014	634.95	777.11	641.83	729.87	0.99	62.31	0.57	35.35	2155.13	-2206.15	1672.71
Fixation L	1	53	5319490904	5319546904	56000	639.67	723.21	16	12	-1	11.39	11.39
Fixation R	1	55	5319490904	5319546904	56000	639.67	723.21	16	12	-1	10.93	10.93
Saccade L	1	52	5319546904	5319582891	35987	632.13	738.17	544.22	602.07	3.29	192.77	0.44	91.34	8225.24	-8783.31	6184.33
Saccade R	1	55	5319546904	5319582891	35987	632.13	738.17	544.22	602.07	3.29	192.77	0.44	91.34	8225.24	-8783.31	6184.33
Saccade L	1	53	5319626989	5319654892	27903	549.66	576.12	540.88	633.85	1.07	58.49	0.28	38.31	2202.04	-2100.12	1585.81
Saccade R	1	56	5319626989	5319654892	27903	549.66	576.12	540.88	633.85	1.07	58.49	0.28	38.31	2202.04	-2100.12	1585.81
Fixation L	1	54	5319654892	5319730913	76021	544.74	596.44	13	67	-1	11.49	11.49
Fixation R	1	56	5319654892	5319730913	76021	544.74	596.44	13	67	-1	11.08	11.08
Saccade L	1	54	5319730913	5319782895	51982	553.41	569.90	1031.99	492.91	10.58	370.80	0.38	203.53	17439.00	-14054.24	10671.25
Saccade R	1	57	5319730913	5319782895	51982	553.41	569.90	1031.99	492.91	10.58	370.80	0.38	203.53	17439.00	-14054.24	10671.25
Fixation L	1	55	5319782895	5319930919	148024	1031.87	485.36	12	29	-1	11.24	11.24
Fixation R	1	57	5319782895	5319930919	148024	1031.87	485.36	12	29	-1	11.05	11.05
Saccade L	1	55	5319930919	5319950912	19993	1023.29	490.96	1045.37	458.26	0.71	60.12	0.60	35.58	2571.55	-2190.16	1602.96
Saccade R	1	58	5319930919	5319950912	19993	1023.29	490.96	1045.37	458.26	0.71	60.12	0.60	35.58	2571.55	-2190.16	1602.96
Fixation L	1	56	5319950912	5320106848	155936	1057.50	439.16	21	51	-1	11.07	11.07
Fixation R	1	58	5319950912	5320106848	155936	1057.50	439.16	21	51	-1	10.97	10.97
Saccade L	1	56	5320106848	5320178911	72063	1063.28	423.93	477.12	529.25	13.40	371.18	0.33	185.94	17479.12	-15960.79	8842.37
Saccade R	1	59	5320106848	5320178911	72063	1063.28	423.93	477.12	529.25	13.40	371.18	0.33	185.94	17479.12	-15960.79	8842.37
Fixation L	1	57	5320178911	5320366811	187900	498.12	524.95	29	40	-1	10.93	10.93
Fixation R	1	59	5320178911	5320366811	187900	498.12	524.95	29	40	-1	10.50	10.50
Saccade L	1	57	5320366811	5320402794	35983	505.59	543.40	333.76	514.91	3.61	200.96	0.44	100.38	9453.66	-8851.57	6548.80
Saccade R	1	60	5320366811	5320402794	35983	505.59	543.40	333.76	514.91	3.61	200.96	0.44	100.38	9453.66	-8851.57	6548.80
Fixation L	1	58	5320402794	5320618804	216010	324.10	519.99	27	22	-1	10.91	10.91
Fixation R	1	60	5320402794	5320618804	216010	324.10	519.99	27	22	-1	10.41	10.41
Saccade R	1	61	5320618804	5320670807	52003	328.10	528.58	-4.10	0.00	24.11	1420.18	0.77	463.66	39298.53	-62372.77	27788.99
Fixation R	1	61	5320670807	5320762787	91980	-0.68	0.00	4	0	-1	5.55	5.55
Saccade L	1	58	5320938816	5320963314	24498	495.25	526.17	0.00	0.00	14.69	1384.38	0.49	599.49	56724.62	-21542.15	26915.14
Saccade R	1	62	5320938816	5320963314	24498	495.25	526.17	0.00	0.00	14.69	1384.38	0.49	599.49	56724.62	-21542.15	26915.14
Saccade L	1	59	5320963314	5321000047	36733	0.00	0.00	0.00	0.00	23.92	1158.93	0.29	651.13	31160.55	-56693.61	24114.18
Saccade R	1	63	5320963314	5321000047	36733	0.00	0.00	0.00	0.00	23.92	1158.93	0.29	651.13	31160.55	-56693.61	24114.18
Fixation L	1	59	5321214829	5321494819	279990	1003.15	443.31	24	95	-1	11.35	11.35
Fixation R	1	62	5321214829	5321494819	279990	1003.15	443.31	24	95	-1	11.06	11.06
Saccade L	1	60	5321494819	5321530809	35990	1001.73	481.82	970.06	563.26	2.31	177.15	0.33	64.27	7541.03	-6597.46	4363.38
Saccade R	1	64	5321494819	5321530809	35990	1001.73	481.82	970.06	563.26	2.31	177.15	0.33	64.27	7541.03	-6597.46	4363.38
Fixation L	1	60	5321530809	5321626811	96002	995.20	561.22	52	20	-1	11.37	11.37
Fixation R	1	63	5321530809	5321626811	96002	995.20	561.22	52	20	-1	10.65	10.65
Saccade L	1	61	5321626811	5321658812	32001	1022.16	547.88	1005.32	491.84	1.23	63.97	0.38	38.32	2521.99	-2290.14	1728.10
Saccade R	1	65	5321626811	5321658812	32001	1022.16	547.88	1005.32	491.84	1.23	63.97	0.38	38.32	2521.99	-2290.14	1728.10
Fixation L	1	61	5321658812	5321730691	71879	1019.40	468.94	24	45	-1	10.52	10.52
Fixation R	1	64	5321658812	5321730691	71879	1019.40	468.94	24	45	-1	10.80	10.80
Saccade L	1	62	5321730691	5321754691	24000	1028.83	442.26	937.30	431.43	1.92	169.34	0.50	80.04	6478.62	-6386.21	4803.32
Saccade R	1	66	5321730691	5321754691	24000	1028.83	442.26	937.30	431.43	1.92	169.34	0.50	80.04	6478.62	-6386.21	4803.32
Saccade L	1	63	5321766692	5321794702	28010	933.79	420.52	985.72	505.09	2.08	132.57	0.43	74.34	5730.19	-6543.37	4591.89
Saccade R	1	67	5321766692	5321794702	28010	933.79	420.52	985.72	505.09	2.08	132.57	0.43	74.34	5730.19	-6543.37	4591.89
Saccade L	1	64	5321806720	5321878725	72005	987.29	507.09	1041.30	526.94	6.84	226.67	0.50	95.00	8588.07	-5469.34	3375.54
Saccade R	1	68	5321806720	5321878725	72005	987.29	507.09	1041.30	526.94	6.84	226.67	0.50	95.00	8588.07	-5469.34	3375.54
Fixation L	1	62	5321878725	5321930693	51968	1041.07	521.58	4	9	-1	10.86	10.86
Fixation R	1	65	5321878725	5321930693	51968	1041.07	521.58	4	9	-1	11.14	11.14
Saccade L	1	65	5321930693	5321962710	32017	1039.11	523.37	991.90	535.66	0.99	47.12	0.38	31.00	1948.18	-1480.03	1188.78
Saccade R	1	69	5321930693	5321962710	32017	1039.11	523.37	991.90	535.66	0.99	47.12	0.38	31.00	1948.18	-1480.03	1188.78
Saccade L	1	66	5321970699	5322010714	40015	989.90	536.86	958.54	460.86	3.38	193.80	0.50	84.55	7883.25	-6687.20	4347.90
Saccade R	1	70	5321970699	5322010714	40015	989.90	536.86	958.54	460.86	3.38	193.80	0.50	84.55	7883.25	-6687.20	4347.90
Saccade L	1	67	5322010714	5322030746	20032	958.54	460.86	955.02	404.33	1.11	110.69	0.40	55.45	1118.63	-4547.53	2113.98
Saccade R	1	71	5322010714	5322030746	20032	958.54	460.86	955.02	404.33	1.11	110.69	0.40	55.45	1118.63	-4547.53	2113.98
Fixation L	1	63	5322030746	5322146699	115953	971.07	418.74	39	52	-1	11.06	11.06
Fixation R	1	66	5322030746	5322146699	115953	971.07	418.74	39	52	-1	11.30	11.30
Saccade L	1	68	5322146699	5322166694	19995	995.47	451.66	996.02	403.72	0.93	76.14	0.40	46.68	2998.41	-3577.64	2398.55
Saccade R	1	72	5322146699	5322166694	19995	995.47	451.66	996.02	403.72	0.93	76.14	0.40	46.68	2998.41	-3577.64	2398.55
Fixation L	1	64	5322166694	5322226709	60015	1004.89	406.30	31	10	-1	11.64	11.64
Fixation R	1	67	5322166694	5322226709	60015	1004.89	406.30	31	10	-1	11.45	11.45
Saccade L	1	69	5322226709	5322306703	79994	1029.89	407.86	1029.47	421.55	4.01	178.94	0.60	50.17	5624.52	-4503.48	2028.74
Saccade R	1	73	5322226709	5322306703	79994	1029.89	407.86	1029.47	421.55	4.01	178.94	0.60	50.17	5624.52	-4503.48	2028.74
Saccade L	1	70	5322306703	5322342735	36032	1029.47	421.55	868.99	550.19	4.60	349.58	0.44	127.78	14509.69	-14840.29	9725.79
Saccade R	1	74	5322306703	5322342735	36032	1029.47	421.55	868.99	550.19	4.60	349.58	0.44	127.78	14509.69	-14840.29	9725.79
Saccade L	1	71	5322362704	5322410702	47998	868.79	563.79	615.51	435.05	6.18	293.37	0.50	128.76	13376.67	-11780.29	8277.74
Saccade R	1	75	5322362704	5322410702	47998	868.79	563.79	615.51	435.05	6.18	293.37	0.50	128.76	13376.67	-11780.29	8277.74
Fixation L	1	65	5322410702	5322562717	152015	614.95	486.69	12	96	-1	11.90	11.90
Fixation R	1	68	5322410702	5322562717	152015	614.95	486.69	12	96	-1	11.55	11.55
Saccade L	1	72	5322562717	5322614744	52027	613.74	532.98	1010.97	522.53	8.69	321.10	0.46	166.98	12784.74	-14587.34	9182.68
Saccade R	1	76	5322562717	5322614744	52027	613.74	532.98	1010.97	522.53	8.69	321.10	0.46	166.98	12784.74	-14587.34	9182.68
Fixation L	1	66	5322614744	5322714711	99967	998.44	517.05	25	16	-1	11.58	11.58
Fixation R	1	69	5322614744	5322714711	99967	998.44	517.05	25	16	-1	11.47	11.47
Saccade L	1	73	5322742736	5322790958	48222	1030.70	472.53	0.00	0.00	26.17	2163.13	0.75	542.72	84485.08	-90581.59	40877.88
Saccade R	1	77	5322742736	5322790958	48222	1030.70	472.53	0.00	0.00	26.17	2163.13	0.75	542.72	84485.08	-90581.59	40877.88
Fixation L	1	67	5322790958	5322979721	188763	0.00	0.00	0	0	-1	11.41	11.41
Fixation R	1	70	5322790958	5322979721	188763	0.00	0.00	0	0	-1	11.60	11.60
Saccade L	1	74	5322979721	5323010755	31034	0.00	0.00	996.18	492.30	25.09	2136.57	0.50	808.37	89389.21	-88037.66	56418.34
Saccade R	1	78	5322979721	5323010755	31034	0.00	0.00	996.18	492.30	25.09	2136.57	0.50	808.37	89389.21	-88037.66	56418.34
Saccade L	1	75	5323010755	5323078719	67964	996.18	492.30	913.59	680.42	66.08	2231.33	0.77	972.30	68743.44	-90963.26	35700.33
Saccade R	1	79	5323010755	5323078719	67964	996.18	492.30	913.59	680.42	66.08	2231.33	0.77	972.30	68743.44	-90963.26	35700.33
Saccade L	1	76	5323094609	5323119032	24423	906.54	674.49	0.00	0.00	22.80	2172.85	0.49	933.71	89950.56	-90630.29	68208.72
Saccade R	1	80	5323094609	5323119032	24423	906.54	674.49	0.00	0.00	22.80	2172.85	0.49	933.71	89950.56	-90630.29	68208.72
Fixation L	1	68	5323119032	5323375272	256240	0.00	0.00	0	0	-1	11.34	11.34
Fixation R	1	71	5323119032	5323375272	256240	0.00	0.00	0	0	-1	11.05	11.05
Saccade L	1	77	5323574657	5323615515	40858	1008.24	363.05	979.65	518.09	4.47	296.32	0.68	109.39	9647.67	-11926.58	6498.21
Saccade R	1	81	5323574657	5323615515	40858	1008.24	363.05	979.65	518.09	4.47	296.32	0.68	109.39	9647.67	-11926.58	6498.21
Saccade L	1	78	5323625551	5323673095	47544	972.23	516.35	0.00	0.00	30.39	2082.76	0.67	639.13	86083.79	-87158.68	52837.44
Saccade R	1	82	5323625551	5323673095	47544	972.23	516.35	0.00	0.00	30.39	2082.76	0.67	639.13	86083.79	-87158.68	52837.44
Fixation L	1	69	5323673095	5323820124	147029	0.00	0.00	0	0	-1	11.04	11.04
Fixation R	1	72	5323673095	5323820124	147029	0.00	0.00	0	0	-1	11.31	11.31
Saccade L	1	79	5323820124	5323858609	38485	0.00	0.00	1017.71	444.09	25.03	1997.19	0.39	650.34	84791.98	-83692.79	52594.83
Saccade R	1	83	5323820124	5323858609	38485	0.00	0.00	1017.71	444.09	25.03	1997.19	0.39	650.34	84791.98	-83692.79	52594.83
Fixation L	1	70	5323858609	5323974614	116005	1015.72	443.32	15	20	-1	11.03	11.03
Fixation R	1	73	5323858609	5323974614	116005	1015.72	443.32	15	20	-1	11.12	11.12
Saccade L	1	80	5323974614	5324030638	56024	1004.62	459.17	1010.60	399.53	2.82	163.70	0.71	50.36	5867.45	-6589.17	2604.28
Saccade R	1	84	5323974614	5324030638	56024	1004.62	459.17	1010.60	399.53	2.82	163.70	0.71	50.36	5867.45	-6589.17	2604.28
Saccade L	1	81	5324030638	5324086638	56000	1010.60	399.53	938.37	501.48	26.70	1367.40	0.71	476.71	64587.14	-65737.73	31992.90
Saccade R	1	85	5324030638	5324086638	56000	1010.60	399.53	938.37	501.48	26.70	1367.40	0.71	476.71	64587.14	-65737.73	31992.90
Saccade L	1	82	5324106617	5324166616	59999	931.70	491.03	0.00	0.00	28.99	1376.59	0.53	483.12	64195.91	-64291.50	22748.56
Saccade R	1	86	5324106617	5324166616	59999	931.70	491.03	0.00	0.00	28.99	1376.59	0.53	483.12	64195.91	-64291.50	22748.56
Fixation L	1	71	5324166616	5324554451	387835	0.00	0.00	0	0	-1	11.19	11.19
Fixation R	1	74	5324166616	5324554451	387835	0.00	0.00	0	0	-1	11.00	11.00
Fixation L	1	72	5326095131	5326303045	207914	343.13	785.52	31	24	-1	11.33	11.33
Fixation R	1	75	5326095131	5326303045	207914	343.13	785.52	31	24	-1	10.90	10.90
Saccade L	1	83	5326303045	5326331082	28037	323.39	785.79	446.67	795.16	2.56	214.17	0.57	91.35	10111.77	-9637.10	7141.27
Saccade R	1	87	5326303045	5326331082	28037	323.39	785.79	446.67	795.16	2.56	214.17	0.57	91.35	10111.77	-9637.10	7141.27
Saccade L	1	84	5326351045	5326375066	24021	452.92	803.33	484.31	782.30	0.76	43.05	0.50	31.47	1422.06	-1826.63	1150.26
Saccade R	1	88	5326351045	5326375066	24021	452.92	803.33	484.31	782.30	0.76	43.05	0.50	31.47	1422.06	-1826.63	1150.26
Fixation L	1	73	5326375066	5326633529	258463	361.26	577.51	928	1140	-1	9.68	9.68
Fixation R	1	76	5326375066	5326633529	258463	361.26	577.51	928	1140	-1	9.77	9.77
Fixation L	1	74	5326711095	5326983083	271988	535.77	442.17	31	43	-1	11.07	11.07
Fixation R	1	77	5326711095	5326983083	271988	535.77	442.17	31	43	-1	10.76	10.76
Saccade L	1	85	5326983083	5327038956	55873	537.03	442.29	1019.40	465.00	10.45	350.36	0.36	186.98	16149.71	-12355.47	9813.86
Saccade R	1	89	5326983083	5327038956	55873	537.03	442.29	1019.40	465.00	10.45	350.36	0.36	186.98	16149.71	-12355.47	9813.86
Fixation L	1	75	5327038956	5327162983	124027	1019.37	475.97	13	21	-1	11.15	11.15
Fixation R	1	78	5327038956	5327162983	124027	1019.37	475.97	13	21	-1	10.79	10.79
Saccade L	1	86	5327162983	5327186960	23977	1027.28	486.75	985.70	480.29	0.89	74.10	0.50	37.02	3085.87	-2627.71	2115.74
Saccade R	1	90	5327162983	5327186960	23977	1027.28	486.75	985.70	480.29	0.89	74.10	0.50	37.02	3085.87	-2627.71	2115.74
Fixation L	1	76	5327186960	5327410978	224018	971.56	463.93	26	26	-1	11.09	11.09
Fixation R	1	79	5327186960	5327410978	224018	971.56	463.93	26	26	-1	10.69	10.69
Saccade L	1	87	5327410978	5327534970	123992	972.75	472.39	973.14	466.27	73.97	2806.07	0.35	596.55	94376.74	-85817.42	26362.18
Saccade R	1	91	5327410978	5327534970	123992	972.75	472.39	973.14	466.27	73.97	2806.07	0.35	596.55	94376.74	-85817.42	26362.18
Saccade L	1	88	5327579006	5327638970	59964	974.57	476.89	411.10	471.78	12.18	354.56	0.33	203.04	16456.00	-15842.88	10049.05
Saccade R	1	92	5327579006	5327638970	59964	974.57	476.89	411.10	471.78	12.18	354.56	0.33	203.04	16456.00	-15842.88	10049.05
Fixation L	1	77	5327638970	5327890984	252014	433.50	464.72	35	39	-1	10.73	10.73
Fixation R	1	80	5327638970	5327890984	252014	433.50	464.72	35	39	-1	10.25	10.25
Saccade L	1	89	5327890984	5327926978	35994	421.56	450.94	343.35	488.39	2.03	126.97	0.33	56.50	5879.08	-4972.36	3398.94
Saccade R	1	93	5327890984	5327926978	35994	421.56	450.94	343.35	488.39	2.03	126.97	0.33	56.50	5879.08	-4972.36	3398.94
Fixation L	1	78	5327926978	5328142981	216003	339.47	511.31	12	33	-1	11.03	11.03
Fixation R	1	81	5327926978	5328142981	216003	339.47	511.31	12	33	-1	10.57	10.57
Saccade L	1	90	5328142981	5328174982	32001	338.72	519.41	497.22	552.11	3.36	245.09	0.38	105.03	10620.22	-10137.01	7246.84
Saccade R	1	94	5328142981	5328174982	32001	338.72	519.41	497.22	552.11	3.36	245.09	0.38	105.03	10620.22	-10137.01	7246.84
Fixation L	1	79	5328174982	5328298983	124001	514.09	558.96	25	16	-1	11.22	11.22
Fixation R	1	82	5328174982	5328298983	124001	514.09	558.96	25	16	-1	11.09	11.09
Fixation L	1	80	5328438987	5328578890	139903	1045.74	433.53	28	23	-1	11.41	11.41
Fixation R	1	83	5328438987	5328578890	139903	1045.74	433.53	28	23	-1	11.41	11.41
Saccade L	1	91	5328578890	5328602867	23977	1038.77	445.41	1011.97	469.05	0.71	43.69	0.33	29.41	1908.89	-1520.64	1209.69
Saccade R	1	95	5328578890	5328602867	23977	1038.77	445.41	1011.97	469.05	0.71	43.69	0.33	29.41	1908.89	-1520.64	1209.69
Fixation L	1	81	5328602867	5328750912	148045	998.72	483.82	22	26	-1	11.58	11.58
Fixation R	1	84	5328602867	5328750912	148045	998.72	483.82	22	26	-1	11.51	11.51
Saccade L	1	92	5328750912	5328770899	19987	991.31	485.24	985.32	554.61	1.22	118.34	0.60	60.96	5028.46	-4601.54	3244.73
Saccade R	1	96	5328750912	5328770899	19987	991.31	485.24	985.32	554.61	1.22	118.34	0.60	60.96	5028.46	-4601.54	3244.73
Fixation L	1	82	5328770899	5329178890	407991	1000.54	558.36	26	44	-1	11.28	11.28
Fixation R	1	85	5328770899	5329178890	407991	1000.54	558.36	26	44	-1	11.01	11.01
Saccade L	1	93	5329178890	5329206877	27987	993.80	571.28	986.02	698.34	2.63	215.62	0.43	94.09	8979.66	-9242.38	6699.73
Saccade R	1	97	5329178890	5329206877	27987	993.80	571.28	986.02	698.34	2.63	215.62	0.43	94.09	8979.66	-9242.38	6699.73
Fixation L	1	83	5329206877	5329482882	276005	987.81	668.05	13	47	-1	11.38	11.38
Fixation R	1	86	5329206877	5329482882	276005	987.81	668.05	13	47	-1	11.14	11.14
Saccade L	1	94	5329482882	5329510917	28035	981.37	671.32	967.64	601.12	1.42	99.24	0.57	50.62	3966.26	-4370.01	3084.06
Saccade R	1	98	5329482882	5329510917	28035	981.37	671.32	967.64	601.12	1.42	99.24	0.57	50.62	3966.26	-4370.01	3084.06
Fixation L	1	84	5329510917	5329630954	120037	970.58	603.08	22	21	-1	11.50	11.50
Fixation R	1	87	5329510917	5329630954	120037	970.58	603.08	22	21	-1	11.45	11.45
Saccade L	1	95	5329630954	5329670885	39931	987.89	589.67	1073.74	563.80	2.05	123.43	0.40	51.46	4983.07	-4477.81	2954.84
Saccade R	1	99	5329630954	5329670885	39931	987.89	589.67	1073.74	563.80	2.05	123.43	0.40	51.46	4983.07	-4477.81	2954.84
Fixation L	1	85	5329670885	5329874767	203882	1089.10	531.52	25	50	-1	11.57	11.57
Fixation R	1	88	5329670885	5329874767	203882	1089.10	531.52	25	50	-1	11.52	11.52
Saccade L	1	96	5329874767	5329910766	35999	1089.89	514.62	1157.63	484.26	1.50	77.66	0.44	41.70	3372.31	-2896.42	2303.07
Saccade R	1	100	5329874767	5329910766	35999	1089.89	514.62	1157.63	484.26	1.50	77.66	0.44	41.70	3372.31	-2896.42	2303.07
Fixation L	1	86	5329910766	5330074778	164012	1155.25	485.34	15	19	-1	11.40	11.40
Fixation R	1	89	5329910766	5330074778	164012	1155.25	485.34	15	19	-1	11.33	11.33
Saccade L	1	97	5330074778	5330098772	23994	1160.91	486.08	1167.63	406.61	1.57	131.23	0.50	65.52	5825.54	-5506.69	4114.81
Saccade R	1	101	5330074778	5330098772	23994	1160.91	486.08	1167.63	406.61	1.57	131.23	0.50	65.52	5825.54	-5506.69	4114.81
Fixation L	1	87	5330098772	5330258776	160004	1174.78	408.90	14	32	-1	11.13	11.13
Fixation R	1	90	5330098772	5330258776	160004	1174.78	408.90	14	32	-1	11.08	11.08
Saccade L	1	98	5330258776	5330298752	39976	1173.54	414.05	1024.25	449.78	3.35	183.42	0.50	83.73	8710.29	-7981.35	5737.40
Saccade R	1	102	5330258776	5330298752	39976	1173.54	414.05	1024.25	449.78	3.35	183.42	0.50	83.73	8710.29	-7981.35	5737.40
Fixation L	1	88	5330298752	5330414779	116027	1021.91	447.67	11	21	-1	11.20	11.20
Fixation R	1	91	5330298752	5330414779	116027	1021.91	447.67	11	21	-1	10.80	10.80
Saccade L	1	99	5330414779	5330470781	56002	1013.94	456.99	938.60	279.25	4.76	249.58	0.21	84.98	10378.61	-6918.54	3934.88
Saccade R	1	103	5330414779	5330470781	56002	1013.94	456.99	938.60	279.25	4.76	249.58	0.21	84.98	10378.61	-6918.54	3934.88
Saccade L	1	100	5330470781	5330490757	19976	938.60	279.25	970.19	257.36	0.86	90.50	0.40	43.00	1076.64	-1413.65	815.07
Saccade R	1	104	5330470781	5330490757	19976	938.60	279.25	970.19	257.36	0.86	90.50	0.40	43.00	1076.64	-1413.65	815.07
Saccade L	1	101	5330510808	5330534800	23992	979.80	246.84	877.80	248.70	1.43	125.97	0.50	59.80	3245.25	-4876.21	3167.84
Saccade R	1	105	5330510808	5330534800	23992	979.80	246.84	877.80	248.70	1.43	125.97	0.50	59.80	3245.25	-4876.21	3167.84
Saccade L	1	102	5330558735	5330582783	24048	880.57	244.63	840.59	231.56	0.78	48.00	0.50	32.56	2064.72	-755.84	1226.44
Saccade R	1	106	5330558735	5330582783	24048	880.57	244.63	840.59	231.56	0.78	48.00	0.50	32.56	2064.72	-755.84	1226.44
Saccade L	1	103	5330582783	5330630802	48019	840.59	231.56	962.11	193.62	3.31	165.99	0.33	68.86	5671.45	-4866.43	3322.25
Saccade R	1	107	5330582783	5330630802	48019	840.59	231.56	962.11	193.62	3.31	165.99	0.33	68.86	5671.45	-4866.43	3322.25
Saccade L	1	104	5330630802	5330674784	43982	962.11	193.62	894.03	232.83	2.02	106.81	0.45	45.93	4236.18	-4092.73	2528.56
Saccade R	1	108	5330630802	5330674784	43982	962.11	193.62	894.03	232.83	2.02	106.81	0.45	45.93	4236.18	-4092.73	2528.56
Saccade R	1	109	5330722789	5330770804	48015	899.93	239.31	0.00	0.00	30.85	2174.65	0.75	642.49	71133.56	-90652.61	43594.89
Fixation R	1	92	5330770804	5330826803	55999	0.00	0.00	0	0	-1	8.79	8.79
Saccade L	1	105	5330918743	5330942789	24046	529.52	429.05	506.47	379.25	1.06	92.09	0.50	44.16	3636.60	-4063.06	2721.48
Saccade R	1	110	5330918743	5330942789	24046	529.52	429.05	506.47	379.25	1.06	92.09	0.50	44.16	3636.60	-4063.06	2721.48
Fixation L	1	89	5330942789	5331054791	112002	499.31	384.59	30	20	-1	10.97	10.97
Fixation R	1	93	5330942789	5331054791	112002	499.31	384.59	30	20	-1	10.56	10.56
Saccade L	1	106	5331054791	5331090811	36020	480.06	396.46	536.66	428.00	1.26	55.69	0.33	35.02	2253.40	-1762.85	1515.02
Saccade R	1	111	5331054791	5331090811	36020	480.06	396.46	536.66	428.00	1.26	55.69	0.33	35.02	2253.40	-1762.85	1515.02
Fixation R	1	94	5331154796	5331282404	127608	109.58	97.94	780	667	-1	5.27	5.27
Fixation L	1	90	5331374675	5331602679	228004	929.39	651.69	26	79	-1	11.04	11.04
Fixation R	1	95	5331374675	5331602679	228004	929.39	651.69	26	79	-1	11.05	11.05
Saccade L	1	107	5331602679	5331626685	24006	929.45	692.15	981.70	676.40	1.06	80.24	0.50	44.17	3335.40	-3135.04	2442.13
Saccade R	1	112	5331602679	5331626685	24006	929.45	692.15	981.70	676.40	1.06	80.24	0.50	44.17	3335.40	-3135.04	2442.13
Fixation L	1	91	5331626685	5332062713	436028	987.03	668.37	19	27	-1	11.15	11.15
Fixation R	1	96	5331626685	5332062713	436028	987.03	668.37	19	27	-1	11.10	11.10
Saccade L	1	108	5332062713	5332098666	35953	988.40	659.62	991.05	577.35	1.69	89.90	0.56	47.03	3740.97	-3889.71	2816.08
Saccade R	1	113	5332062713	5332098666	35953	988.40	659.62	991.05	577.35	1.69	89.90	0.56	47.03	3740.97	-3889.71	2816.08
Fixation L	1	92	5332098666	5332650703	552037	964.43	552.97	75	49	-1	10.68	10.68
Fixation R	1	97	5332098666	5332650703	552037	964.43	552.97	75	49	-1	10.42	10.42
Saccade L	1	109	5332650703	5332714554	63851	925.97	562.65	618.73	662.42	7.41	271.41	0.37	116.10	11553.34	-11525.64	6469.33
Saccade R	1	114	5332650703	5332714554	63851	925.97	562.65	618.73	662.42	7.41	271.41	0.37	116.10	11553.34	-11525.64	6469.33
Fixation L	1	93	5332714554	5332918691	204137	625.81	655.84	22	58	-1	10.91	10.91
Fixation R	1	98	5332714554	5332918691	204137	625.81	655.84	22	58	-1	10.48	10.48
Saccade L	1	110	5332918691	5332970586	51895	627.73	683.24	936.52	576.70	7.32	327.52	0.46	140.98	14962.61	-14082.37	9326.50
Saccade R	1	115	5332918691	5332970586	51895	627.73	683.24	936.52	576.70	7.32	327.52	0.46	140.98	14962.61	-14082.37	9326.50
Fixation L	1	94	5332970586	5333210593	240007	937.17	559.84	26	51	-1	11.27	11.27
Fixation R	1	99	5332970586	5333210593	240007	937.17	559.84	26	51	-1	11.12	11.12
Saccade L	1	111	5333210593	5333242591	31998	952.42	571.23	986.66	485.31	1.85	113.94	0.38	57.92	5077.23	-4544.59	3424.10
Saccade R	1	116	5333210593	5333242591	31998	952.42	571.23	986.66	485.31	1.85	113.94	0.38	57.92	5077.23	-4544.59	3424.10
Fixation L	1	95	5333242591	5333450611	208020	998.23	475.44	17	31	-1	11.11	11.11
Fixation R	1	100	5333242591	5333450611	208020	998.23	475.44	17	31	-1	10.96	10.96
Saccade L	1	112	5333450611	5333478509	27898	1001.60	456.19	997.97	560.86	2.11	163.19	0.57	75.60	7878.27	-7763.03	5717.77
Saccade R	1	117	5333450611	5333478509	27898	1001.60	456.19	997.97	560.86	2.11	163.19	0.57	75.60	7878.27	-7763.03	5717.77
Fixation L	1	96	5333478509	5333626598	148089	987.28	589.89	31	42	-1	11.04	11.04
Fixation R	1	101	5333478509	5333626598	148089	987.28	589.89	31	42	-1	10.70	10.70
Saccade L	1	113	5333626598	5333650596	23998	972.80	595.59	961.19	658.32	1.21	91.74	0.50	50.25	4045.17	-3639.49	2820.60
Saccade R	1	118	5333626598	5333650596	23998	972.80	595.59	961.19	658.32	1.21	91.74	0.50	50.25	4045.17	-3639.49	2820.60
Fixation L	1	97	5333650596	5333746603	96007	956.22	657.54	11	32	-1	11.11	11.11
Fixation R	1	102	5333650596	5333746603	96007	956.22	657.54	11	32	-1	10.50	10.50
Saccade L	1	114	5333746603	5333802606	56003	962.40	637.30	551.92	660.91	8.94	310.22	0.36	159.64	14727.44	-12745.15	9155.97
Saccade R	1	119	5333746603	5333802606	56003	962.40	637.30	551.92	660.91	8.94	310.22	0.36	159.64	14727.44	-12745.15	9155.97
Fixation L	1	98	5333802606	5334054542	251936	537.15	643.70	32	44	-1	11.31	11.31
Fixation R	1	103	5333802606	5334054542	251936	537.15	643.70	32	44	-1	10.81	10.81
Saccade L	1	115	5334054542	5334090485	35943	525.91	621.07	429.99	597.96	2.52	183.04	0.44	70.24	8442.58	-7707.76	5019.91
Saccade R	1	120	5334054542	5334090485	35943	525.91	621.07	429.99	597.96	2.52	183.04	0.44	70.24	8442.58	-7707.76	5019.91
Fixation L	1	99	5334090485	5334226524	136039	424.91	603.36	20	52	-1	11.41	11.41
Fixation R	1	104	5334090485	5334226524	136039	424.91	603.36	20	52	-1	10.92	10.92
Saccade R	1	121	5334226524	5334270485	43961	419.56	633.69	0.00	0.00	24.40	2099.49	0.73	554.97	71374.54	-91484.22	38904.64
Fixation R	1	105	5334270485	5334338515	68030	0.00	0.00	0	0	-1	14.50	14.50
Saccade L	1	116	5334398525	5334426534	28009	751.64	596.93	806.73	567.05	1.09	66.10	0.43	38.87	661.38	-2788.30	1404.78
Saccade R	1	122	5334398525	5334426534	28009	751.64	596.93	806.73	567.05	1.09	66.10	0.43	38.87	661.38	-2788.30	1404.78
Saccade L	1	117	5334454503	5334490502	35999	812.17	562.25	948.02	593.49	3.34	228.08	0.44	92.73	10011.61	-8791.34	6328.67
Saccade R	1	123	5334454503	5334490502	35999	812.17	562.25	948.02	593.49	3.34	228.08	0.44	92.73	10011.61	-8791.34	6328.67
Fixation L	1	100	5334490502	5334714498	223996	949.41	593.26	17	24	-1	11.50	11.50
Fixation R	1	106	5334490502	5334714498	223996	949.41	593.26	17	24	-1	11.45	11.45
Saccade L	1	118	5334714498	5334738498	24000	949.34	599.01	969.43	574.72	0.71	49.22	0.50	29.40	1565.03	-1934.29	1287.02
Saccade R	1	124	5334714498	5334738498	24000	949.34	599.01	969.43	574.72	0.71	49.22	0.50	29.40	1565.03	-1934.29	1287.02
Saccade L	1	119	5334786498	5334834502	48004	973.14	562.75	596.19	619.88	8.19	318.53	0.42	170.54	14766.91	-14561.22	10296.84
Saccade R	1	125	5334786498	5334834502	48004	973.14	562.75	596.19	619.88	8.19	318.53	0.42	170.54	14766.91	-14561.22	10296.84
Fixation L	1	101	5334834502	5335018504	184002	598.58	631.63	14	21	-1	11.26	11.26
Fixation R	1	107	5334834502	5335018504	184002	598.58	631.63	14	21	-1	10.90	10.90
Saccade L	1	120	5335018504	5335054510	36006	594.84	633.50	429.81	661.17	3.57	194.97	0.44	99.20	8950.81	-8620.29	6511.65
Saccade R	1	126	5335018504	5335054510	36006	594.84	633.50	429.81	661.17	3.57	194.97	0.44	99.20	8950.81	-8620.29	6511.65
Fixation L	1	102	5335054510	5335490389	435879	429.54	669.17	33	50	-1	11.40	11.40
Fixation R	1	108	5335054510	5335490389	435879	429.54	669.17	33	50	-1	10.92	10.92
Saccade L	1	121	5335490389	5335530369	39980	416.72	670.99	507.91	575.55	2.80	158.16	0.30	70.02	7211.53	-6579.03	4338.45
Saccade R	1	127	5335490389	5335530369	39980	416.72	670.99	507.91	575.55	2.80	158.16	0.30	70.02	7211.53	-6579.03	4338.45
Fixation L	1	103	5335530369	5335686413	156044	510.27	571.78	25	16	-1	11.55	11.55
Fixation R	1	109	5335530369	5335686413	156044	510.27	571.78	25	16	-1	11.29	11.29
Saccade L	1	122	5335686413	5335738405	51992	509.86	567.43	947.33	634.86	9.54	349.06	0.46	183.53	16071.23	-14702.49	10436.43
Saccade R	1	128	5335686413	5335738405	51992	509.86	567.43	947.33	634.86	9.54	349.06	0.46	183.53	16071.23	-14702.49	10436.43
Fixation L	1	104	5335738405	5335902449	164044	957.74	632.76	17	14	-1	11.39	11.39
Fixation R	1	110	5335738405	5335902449	164044	957.74	632.76	17	14	-1	11.47	11.47
Saccade L	1	123	5335902449	5335926423	23974	955.76	642.30	970.21	562.63	1.61	137.58	0.50	67.01	6088.98	-5179.14	4279.26
Saccade R	1	129	5335902449	5335926423	23974	955.76	642.30	970.21	562.63	1.61	137.58	0.50	67.01	6088.98	-5179.14	4279.26
Fixation L	1	105	5335926423	5336066405	139982	984.25	556.08	20	15	-1	11.29	11.29
Fixation R	1	111	5335926423	5336066405	139982	984.25	556.08	20	15	-1	11.26	11.26
Fixation L	1	106	5336130435	5337414314	1283879	36.63	32.54	1075	1101	-1	11.90	11.90
Fixation R	1	112	5336130435	5337414314	1283879	36.63	32.54	1075	1101	-1	11.68	11.68
