[BeGaze]
Converted from:	D:\Kirillov\Results\ermolova_temp\Polina 04-eye_data.idf
Date:	17.04.2019 03:53:39
Version:	BeGaze 3.0.181
Sample Rate:	250
Subject:	Polina 04
Description:	Run28

Table Header for Fixations:
Event Type	Trial	Number	Start	End	Duration	Location X	Location Y	Dispersion X	Dispersion Y	Plane	Avg. Pupil Size X	Avg. Pupil Size Y

Table Header for Saccades:
Event Type	Trial	Number	Start	End	Duration	Start Loc.X	Start Loc.Y	End Loc.X	End Loc.Y	Amplitude	Peak Speed	Peak Speed At	Average Speed	Peak Accel.	Peak Decel.	Average Accel.

Table Header for User Events:
Event Type	Trial	Number	Start	Description

UserEvent	1	1	12612785779	# Message: experiment-13.jpg
Fixation L	1	1	12612787290	12613015317	228027	417.64	356.61	13	23	-1	17.27	17.27
Fixation R	1	1	12612787290	12613015317	228027	417.64	356.61	13	23	-1	17.66	17.66
Saccade L	1	1	12613015317	12613075310	59993	422.95	360.73	978.39	480.28	12.37	388.97	0.33	206.25	18606.98	-15159.98	10050.63
Saccade R	1	1	12613015317	12613075310	59993	422.95	360.73	978.39	480.28	12.37	388.97	0.33	206.25	18606.98	-15159.98	10050.63
Fixation L	1	2	12613075310	12613343315	268005	997.22	481.09	35	37	-1	16.68	16.68
Fixation R	1	2	12613075310	12613343315	268005	997.22	481.09	35	37	-1	17.50	17.50
Saccade L	1	2	12613343315	12613379320	36005	1007.41	467.28	0.00	0.00	23.59	2163.49	0.66	655.21	87054.76	-92553.66	52630.47
Fixation L	1	3	12613379320	12613451202	71882	0.00	0.00	0	0	-1	8.95	8.95
Fixation L	1	4	12613519193	12613663203	144010	497.40	188.98	9	17	-1	14.68	14.68
Fixation R	1	3	12613519193	12613663203	144010	497.40	188.98	9	17	-1	15.25	15.25
Saccade L	1	3	12613663203	12613715210	52007	494.34	199.61	437.63	51.63	3.54	190.51	0.31	68.04	8834.02	-7031.91	4252.96
Saccade R	1	2	12613663203	12613715210	52007	494.34	199.61	437.63	51.63	3.54	190.51	0.31	68.04	8834.02	-7031.91	4252.96
Fixation L	1	5	12613715210	12614523210	808000	453.97	60.70	31	35	-1	14.12	14.12
Fixation R	1	4	12613715210	12614523210	808000	453.97	60.70	31	35	-1	14.62	14.62
Saccade L	1	4	12614523210	12614595209	71999	459.53	69.65	1194.74	363.15	17.71	441.83	0.50	245.93	17061.98	-17153.24	10555.96
Saccade R	1	3	12614523210	12614595209	71999	459.53	69.65	1194.74	363.15	17.71	441.83	0.50	245.93	17061.98	-17153.24	10555.96
Fixation L	1	6	12614595209	12614747211	152002	1211.34	362.39	23	9	-1	14.55	14.55
Fixation R	1	5	12614595209	12614747211	152002	1211.34	362.39	23	9	-1	15.32	15.32
Saccade L	1	5	12614747211	12614779206	31995	1214.52	361.56	1228.65	597.28	4.84	315.88	0.50	151.18	14843.69	-14627.77	10862.28
Saccade R	1	4	12614747211	12614779206	31995	1214.52	361.56	1228.65	597.28	4.84	315.88	0.50	151.18	14843.69	-14627.77	10862.28
Fixation L	1	7	12614779206	12614943104	163898	1223.66	587.88	19	20	-1	15.50	15.50
Fixation R	1	6	12614779206	12614943104	163898	1223.66	587.88	19	20	-1	16.15	16.15
Saccade L	1	6	12614943104	12614975096	31992	1232.98	584.06	1220.40	486.75	1.98	135.61	0.50	61.97	6571.24	-6389.11	4577.78
Saccade R	1	5	12614943104	12614975096	31992	1232.98	584.06	1220.40	486.75	1.98	135.61	0.50	61.97	6571.24	-6389.11	4577.78
Fixation L	1	8	12614975096	12615315100	340004	1204.09	499.65	29	20	-1	15.67	15.67
Fixation R	1	7	12614975096	12615315100	340004	1204.09	499.65	29	20	-1	16.23	16.23
Saccade L	1	7	12615315100	12615379089	63989	1196.99	496.31	426.90	141.63	18.47	487.11	0.56	288.71	21573.03	-19275.17	12329.51
Saccade R	1	6	12615315100	12615379089	63989	1196.99	496.31	426.90	141.63	18.47	487.11	0.56	288.71	21573.03	-19275.17	12329.51
Fixation L	1	9	12615379089	12615619125	240036	419.96	153.45	25	25	-1	15.65	15.65
Fixation R	1	8	12615379089	12615619125	240036	419.96	153.45	25	25	-1	15.89	15.89
Saccade L	1	8	12615619125	12615643100	23975	408.57	154.71	468.72	143.27	1.09	86.00	0.50	45.55	3438.96	-3324.22	2518.27
Saccade R	1	7	12615619125	12615643100	23975	408.57	154.71	468.72	143.27	1.09	86.00	0.50	45.55	3438.96	-3324.22	2518.27
Fixation L	1	10	12615643100	12616247019	603919	467.41	128.05	42	34	-1	15.45	15.45
Fixation R	1	9	12615643100	12616247019	603919	467.41	128.05	42	34	-1	15.92	15.92
Saccade L	1	9	12616247019	12616338995	91976	471.92	110.99	1208.35	440.07	18.74	461.30	0.39	203.80	18596.12	-16315.42	8516.67
Saccade R	1	8	12616247019	12616338995	91976	471.92	110.99	1208.35	440.07	18.74	461.30	0.39	203.80	18596.12	-16315.42	8516.67
Fixation L	1	11	12616338995	12616591027	252032	1221.55	440.91	22	12	-1	15.39	15.39
Fixation R	1	10	12616338995	12616591027	252032	1221.55	440.91	22	12	-1	16.02	16.02
Saccade L	1	10	12616591027	12616619010	27983	1223.74	445.25	1156.94	485.04	1.67	114.04	0.43	59.81	4971.42	-4600.57	3585.52
Saccade R	1	9	12616591027	12616619010	27983	1223.74	445.25	1156.94	485.04	1.67	114.04	0.43	59.81	4971.42	-4600.57	3585.52
Fixation L	1	12	12616619010	12616851012	232002	1161.29	494.46	15	16	-1	15.66	15.66
Fixation R	1	11	12616619010	12616851012	232002	1161.29	494.46	15	16	-1	16.13	16.13
Saccade L	1	11	12616851012	12616878947	27935	1168.09	501.40	1159.69	462.23	0.83	47.61	0.43	29.65	2120.82	-1962.37	1527.53
Saccade R	1	10	12616851012	12616878947	27935	1168.09	501.40	1159.69	462.23	0.83	47.61	0.43	29.65	2120.82	-1962.37	1527.53
Fixation L	1	13	12616878947	12617379017	500070	1156.68	444.74	41	35	-1	15.78	15.78
Fixation R	1	12	12616878947	12617379017	500070	1156.68	444.74	41	35	-1	16.19	16.19
Saccade L	1	12	12617379017	12617411038	32021	1137.67	431.01	1153.24	506.32	1.66	106.11	0.50	51.80	4931.46	-4610.72	3420.08
Saccade R	1	11	12617379017	12617411038	32021	1137.67	431.01	1153.24	506.32	1.66	106.11	0.50	51.80	4931.46	-4610.72	3420.08
Fixation L	1	14	12617411038	12617679063	268025	1144.40	510.65	63	45	-1	16.05	16.05
Fixation R	1	13	12617411038	12617679063	268025	1144.40	510.65	63	45	-1	16.15	16.15
Saccade L	1	13	12617679063	12617706907	27844	1171.23	486.51	1101.60	481.39	1.34	86.80	0.57	48.08	3746.37	-3647.39	2814.51
Saccade R	1	12	12617679063	12617706907	27844	1171.23	486.51	1101.60	481.39	1.34	86.80	0.57	48.08	3746.37	-3647.39	2814.51
Fixation L	1	15	12617706907	12617842899	135992	1099.58	494.40	26	30	-1	16.40	16.40
Fixation R	1	14	12617706907	12617842899	135992	1099.58	494.40	26	30	-1	16.51	16.51
Saccade L	1	14	12617842899	12617910911	68012	1085.06	510.99	444.57	151.23	17.24	461.57	0.53	253.52	20415.39	-17505.37	10728.97
Saccade R	1	13	12617842899	12617910911	68012	1085.06	510.99	444.57	151.23	17.24	461.57	0.53	253.52	20415.39	-17505.37	10728.97
Saccade L	1	15	12617910911	12617934941	24030	444.57	151.23	426.06	95.32	1.11	91.89	0.50	45.99	1335.63	-2777.67	1473.39
Saccade R	1	14	12617910911	12617934941	24030	444.57	151.23	426.06	95.32	1.11	91.89	0.50	45.99	1335.63	-2777.67	1473.39
Fixation L	1	16	12617934941	12618342911	407970	450.91	145.35	53	88	-1	15.92	15.92
Fixation R	1	15	12617934941	12618342911	407970	450.91	145.35	53	88	-1	16.10	16.10
Saccade L	1	16	12618342911	12618402904	59993	466.88	183.39	1038.03	463.85	13.92	471.27	0.40	232.07	21254.42	-14608.93	12289.19
Saccade R	1	15	12618342911	12618402904	59993	466.88	183.39	1038.03	463.85	13.92	471.27	0.40	232.07	21254.42	-14608.93	12289.19
Fixation L	1	17	12618402904	12618674927	272023	1061.20	469.30	36	16	-1	16.15	16.15
Fixation R	1	16	12618402904	12618674927	272023	1061.20	469.30	36	16	-1	16.51	16.51
Saccade L	1	17	12618674927	12618710948	36021	1060.20	465.74	1100.26	527.57	1.74	100.91	0.44	48.35	4658.45	-4219.68	2978.16
Saccade R	1	16	12618674927	12618710948	36021	1060.20	465.74	1100.26	527.57	1.74	100.91	0.44	48.35	4658.45	-4219.68	2978.16
Fixation L	1	18	12618710948	12618918923	207975	1088.04	542.51	21	25	-1	16.62	16.62
Fixation R	1	17	12618710948	12618918923	207975	1088.04	542.51	21	25	-1	16.98	16.98
Saccade L	1	18	12618918923	12618958839	39916	1088.57	552.78	1024.37	605.42	2.06	117.11	0.30	51.55	5416.43	-4323.46	3093.80
Saccade R	1	17	12618918923	12618958839	39916	1088.57	552.78	1024.37	605.42	2.06	117.11	0.30	51.55	5416.43	-4323.46	3093.80
Fixation L	1	19	12618958839	12619062818	103979	1014.05	612.65	108	11	-1	16.83	16.83
Fixation R	1	18	12618958839	12619062818	103979	1014.05	612.65	108	11	-1	16.78	16.78
