[BeGaze]
Converted from:	D:\Kirillov\Results\ermolova_temp\Nastya 3kurs-eye_data.idf
Date:	17.04.2019 03:52:18
Version:	BeGaze 3.0.181
Sample Rate:	250
Subject:	Nastya 3kurs
Description:	Run3

Table Header for Fixations:
Event Type	Trial	Number	Start	End	Duration	Location X	Location Y	Dispersion X	Dispersion Y	Plane	Avg. Pupil Size X	Avg. Pupil Size Y

Table Header for Saccades:
Event Type	Trial	Number	Start	End	Duration	Start Loc.X	Start Loc.Y	End Loc.X	End Loc.Y	Amplitude	Peak Speed	Peak Speed At	Average Speed	Peak Accel.	Peak Decel.	Average Accel.

Table Header for User Events:
Event Type	Trial	Number	Start	Description

UserEvent	1	1	5137701839	# Message: Questionnaire6.jpg
Fixation L	1	1	5137703752	5137802424	98672	670.90	647.54	20	27	-1	14.49	14.49
Fixation R	1	1	5137703752	5137802424	98672	670.90	647.54	20	27	-1	13.07	13.07
Saccade L	1	1	5137802424	5137858454	56030	667.06	639.95	367.65	455.70	7.74	240.56	0.57	138.13	10571.52	-10701.01	6717.27
Saccade R	1	1	5137802424	5137858454	56030	667.06	639.95	367.65	455.70	7.74	240.56	0.57	138.13	10571.52	-10701.01	6717.27
Saccade L	1	2	5137858454	5137902411	43957	367.65	455.70	374.62	368.59	1.93	116.72	0.64	43.79	4052.04	-4397.72	2497.37
Saccade R	1	2	5137858454	5137902411	43957	367.65	455.70	374.62	368.59	1.93	116.72	0.64	43.79	4052.04	-4397.72	2497.37
Saccade L	1	3	5137922425	5137950413	27988	399.24	376.49	394.16	409.76	0.83	47.24	0.43	29.63	748.47	-587.15	449.06
Saccade R	1	3	5137922425	5137950413	27988	399.24	376.49	394.16	409.76	0.83	47.24	0.43	29.63	748.47	-587.15	449.06
Fixation L	1	2	5137950413	5138034470	84057	377.53	396.12	28	37	-1	14.76	14.76
Fixation R	1	2	5137950413	5138034470	84057	377.53	396.12	28	37	-1	13.37	13.37
Saccade L	1	4	5138034470	5138061061	26591	391.26	396.15	384.67	335.78	1.40	113.21	0.30	52.84	4792.84	-4023.11	2871.13
Saccade R	1	4	5138034470	5138061061	26591	391.26	396.15	384.67	335.78	1.40	113.21	0.30	52.84	4792.84	-4023.11	2871.13
Saccade L	1	5	5138061061	5138083859	22798	384.67	335.78	382.99	301.96	0.60	52.55	0.38	26.25	367.77	-1798.86	759.59
Saccade R	1	5	5138061061	5138083859	22798	384.67	335.78	382.99	301.96	0.60	52.55	0.38	26.25	367.77	-1798.86	759.59
Fixation L	1	3	5138141698	5138226428	84730	377.36	316.11	19	43	-1	15.16	15.16
Fixation R	1	3	5138141698	5138226428	84730	377.36	316.11	19	43	-1	13.82	13.82
Saccade L	1	6	5138226428	5138246422	19994	373.07	286.36	390.57	308.61	0.58	42.89	0.60	28.95	1152.25	-638.37	604.09
Saccade R	1	6	5138226428	5138246422	19994	373.07	286.36	390.57	308.61	0.58	42.89	0.60	28.95	1152.25	-638.37	604.09
Fixation L	1	4	5138246422	5138334429	88007	401.76	290.68	22	29	-1	15.36	15.36
Fixation R	1	4	5138246422	5138334429	88007	401.76	290.68	22	29	-1	14.06	14.06
Saccade L	1	7	5138334429	5138362417	27988	389.32	298.88	384.16	356.08	1.07	59.89	0.57	38.28	2034.89	-2565.43	1647.30
Saccade R	1	7	5138334429	5138362417	27988	389.32	298.88	384.16	356.08	1.07	59.89	0.57	38.28	2034.89	-2565.43	1647.30
Fixation L	1	5	5138362417	5138602422	240005	391.55	327.75	32	49	-1	15.76	15.76
Fixation R	1	5	5138362417	5138602422	240005	391.55	327.75	32	49	-1	14.43	14.43
Saccade L	1	8	5138602422	5138622424	20002	400.23	332.21	364.78	330.24	0.69	61.01	0.60	34.37	2388.34	-2322.18	1689.19
Saccade R	1	8	5138602422	5138622424	20002	400.23	332.21	364.78	330.24	0.69	61.01	0.60	34.37	2388.34	-2322.18	1689.19
Saccade L	1	9	5138634445	5138658369	23924	364.80	332.98	341.58	309.45	0.65	43.31	0.50	27.32	1543.06	-1920.87	1342.88
Saccade R	1	9	5138634445	5138658369	23924	364.80	332.98	341.58	309.45	0.65	43.31	0.50	27.32	1543.06	-1920.87	1342.88
Fixation L	1	6	5138658369	5138758446	100077	351.82	328.74	41	60	-1	15.89	15.89
Fixation R	1	6	5138658369	5138758446	100077	351.82	328.74	41	60	-1	14.36	14.36
Saccade L	1	10	5138758446	5138818366	59920	375.43	366.98	327.40	360.91	2.29	75.69	0.40	38.15	2762.51	-2439.64	1201.09
Saccade R	1	10	5138758446	5138818366	59920	375.43	366.98	327.40	360.91	2.29	75.69	0.40	38.15	2762.51	-2439.64	1201.09
UserEvent	1	2	5138786794	# Message: UE-mouseclick left x=398 y=306
Saccade L	1	11	5138818366	5138842456	24090	327.40	360.91	361.06	352.78	0.64	40.99	0.69	26.44	789.38	-165.03	269.98
Saccade R	1	11	5138818366	5138842456	24090	327.40	360.91	361.06	352.78	0.64	40.99	0.69	26.44	789.38	-165.03	269.98
Fixation L	1	7	5138858437	5138934306	75869	339.49	364.50	13	17	-1	15.74	15.74
Fixation R	1	7	5138858437	5138934306	75869	339.49	364.50	13	17	-1	14.34	14.34
Saccade L	1	12	5138934306	5138954300	19994	341.55	370.13	290.35	368.39	0.85	84.52	0.60	42.36	3335.39	-1510.14	1575.38
Saccade R	1	12	5138934306	5138954300	19994	341.55	370.13	290.35	368.39	0.85	84.52	0.60	42.36	3335.39	-1510.14	1575.38
Saccade L	1	13	5138954300	5138974312	20012	290.35	368.39	310.39	356.89	0.59	44.07	0.40	29.55	48.08	-1510.14	815.98
Saccade R	1	13	5138954300	5138974312	20012	290.35	368.39	310.39	356.89	0.59	44.07	0.40	29.55	48.08	-1510.14	815.98
Fixation L	1	8	5138974312	5139078319	104007	309.23	331.51	30	33	-1	15.34	15.34
Fixation R	1	8	5138974312	5139078319	104007	309.23	331.51	30	33	-1	14.16	14.16
Saccade L	1	14	5139078319	5139122310	43991	305.86	333.79	340.77	386.61	2.60	149.49	0.36	59.22	6649.19	-4537.20	2950.16
Saccade R	1	14	5139078319	5139122310	43991	305.86	333.79	340.77	386.61	2.60	149.49	0.36	59.22	6649.19	-4537.20	2950.16
Saccade L	1	15	5139122310	5139142329	20019	340.77	386.61	356.42	427.90	0.75	55.02	0.60	37.43	588.28	-623.15	424.55
Saccade R	1	15	5139122310	5139142329	20019	340.77	386.61	356.42	427.90	0.75	55.02	0.60	37.43	588.28	-623.15	424.55
Saccade L	1	16	5139142329	5139170332	28003	356.42	427.90	354.42	372.26	0.84	47.43	0.43	29.99	263.05	-1393.29	501.26
Saccade R	1	16	5139142329	5139170332	28003	356.42	427.90	354.42	372.26	0.84	47.43	0.43	29.99	263.05	-1393.29	501.26
Fixation L	1	9	5139170332	5139286323	115991	350.43	397.97	21	38	-1	15.14	15.14
Fixation R	1	9	5139170332	5139286323	115991	350.43	397.97	21	38	-1	13.93	13.93
Saccade L	1	17	5139286323	5139330326	44003	338.76	399.39	413.09	266.94	3.44	177.90	0.55	78.20	7432.11	-7317.40	4810.52
Saccade R	1	17	5139286323	5139330326	44003	338.76	399.39	413.09	266.94	3.44	177.90	0.55	78.20	7432.11	-7317.40	4810.52
Fixation L	1	10	5139330326	5139430323	99997	410.91	270.47	22	24	-1	14.81	14.81
Fixation R	1	10	5139330326	5139430323	99997	410.91	270.47	22	24	-1	13.68	13.68
UserEvent	1	3	5139386806	# Message: UE-mouseclick left x=401 y=397
Saccade L	1	18	5139430323	5139454348	24025	428.89	270.55	417.19	315.50	0.85	58.65	0.33	35.21	1513.43	-1879.54	1056.19
Saccade R	1	18	5139430323	5139454348	24025	428.89	270.55	417.19	315.50	0.85	58.65	0.33	35.21	1513.43	-1879.54	1056.19
