[BeGaze]
Converted from:	D:\Kirillov\Results\ermolova_temp\Daniil-1-eye_data.idf
Date:	17.04.2019 03:54:39
Version:	BeGaze 3.0.181
Sample Rate:	250
Subject:	Daniil
Description:	Run41

Table Header for Fixations:
Event Type	Trial	Number	Start	End	Duration	Location X	Location Y	Dispersion X	Dispersion Y	Plane	Avg. Pupil Size X	Avg. Pupil Size Y

Table Header for Saccades:
Event Type	Trial	Number	Start	End	Duration	Start Loc.X	Start Loc.Y	End Loc.X	End Loc.Y	Amplitude	Peak Speed	Peak Speed At	Average Speed	Peak Accel.	Peak Decel.	Average Accel.

Table Header for User Events:
Event Type	Trial	Number	Start	Description

UserEvent	1	1	10048264285	# Message: experiment-07.jpg
Fixation L	1	1	10048266855	10048550822	283967	423.24	393.25	25	8	-1	14.91	14.91
Fixation R	1	1	10048266855	10048550822	283967	423.24	393.25	25	8	-1	15.01	15.01
Saccade L	1	1	10048550822	10048606824	56002	437.21	399.13	909.26	436.17	10.24	371.32	0.36	182.82	17496.21	-11007.46	9910.43
Saccade R	1	1	10048550822	10048606824	56002	437.21	399.13	909.26	436.17	10.24	371.32	0.36	182.82	17496.21	-11007.46	9910.43
Fixation L	1	2	10048606824	10048734820	127996	934.44	433.45	37	6	-1	14.71	14.71
Fixation R	1	2	10048606824	10048734820	127996	934.44	433.45	37	6	-1	14.60	14.60
Saccade L	1	2	10048734820	10048782845	48025	943.25	431.66	1102.81	440.60	3.40	201.21	0.25	70.88	9722.79	-8166.02	4711.42
Saccade R	1	2	10048734820	10048782845	48025	943.25	431.66	1102.81	440.60	3.40	201.21	0.25	70.88	9722.79	-8166.02	4711.42
Saccade L	1	3	10048782845	10048846829	63984	1102.81	440.60	1187.97	383.34	3.02	159.27	0.37	47.21	6525.11	-4936.98	2744.52
Saccade R	1	3	10048782845	10048846829	63984	1102.81	440.60	1187.97	383.34	3.02	159.27	0.37	47.21	6525.11	-4936.98	2744.52
Fixation L	1	3	10048846829	10049066838	220009	1193.56	386.60	14	9	-1	13.05	13.05
Fixation R	1	3	10048846829	10049066838	220009	1193.56	386.60	14	9	-1	12.92	12.92
Saccade L	1	4	10049066838	10049090839	24001	1202.12	385.59	1229.74	379.50	0.63	48.30	0.50	26.43	1830.63	-1446.98	1238.11
Saccade R	1	4	10049066838	10049090839	24001	1202.12	385.59	1229.74	379.50	0.63	48.30	0.50	26.43	1830.63	-1446.98	1238.11
Fixation L	1	4	10049090839	10049258855	168016	1241.82	374.51	19	9	-1	12.52	12.52
Fixation R	1	4	10049090839	10049258855	168016	1241.82	374.51	19	9	-1	12.24	12.24
Saccade L	1	5	10049258855	10049282843	23988	1244.40	371.76	1210.48	368.44	0.72	64.63	0.50	29.92	2709.00	-2533.00	1873.69
Saccade R	1	5	10049258855	10049282843	23988	1244.40	371.76	1210.48	368.44	0.72	64.63	0.50	29.92	2709.00	-2533.00	1873.69
Fixation L	1	5	10049282843	10049406844	124001	1197.86	377.01	20	19	-1	12.42	12.42
Fixation R	1	5	10049282843	10049406844	124001	1197.86	377.01	20	19	-1	11.95	11.95
Saccade L	1	6	10049406844	10049430844	24000	1193.25	376.67	1237.60	376.22	0.92	82.70	0.50	38.25	3396.15	-2980.12	2384.85
Saccade R	1	6	10049406844	10049430844	24000	1193.25	376.67	1237.60	376.22	0.92	82.70	0.50	38.25	3396.15	-2980.12	2384.85
Fixation L	1	6	10049430844	10049558843	127999	1245.13	368.66	11	9	-1	12.21	12.21
Fixation R	1	6	10049430844	10049558843	127999	1245.13	368.66	11	9	-1	11.68	11.68
Saccade L	1	7	10049558843	10049590849	32006	1246.11	369.43	1108.58	367.98	2.83	219.46	0.50	88.50	10089.91	-9535.24	7078.37
Saccade R	1	7	10049558843	10049590849	32006	1246.11	369.43	1108.58	367.98	2.83	219.46	0.50	88.50	10089.91	-9535.24	7078.37
Fixation L	1	7	10049590849	10049742730	151881	1083.68	364.95	36	6	-1	12.25	12.25
Fixation R	1	7	10049590849	10049742730	151881	1083.68	364.95	36	6	-1	11.80	11.80
Saccade L	1	8	10049742730	10049774737	32007	1079.97	367.37	1232.61	359.26	3.24	234.85	0.50	101.23	10481.60	-10478.44	7664.05
Saccade R	1	8	10049742730	10049774737	32007	1079.97	367.37	1232.61	359.26	3.24	234.85	0.50	101.23	10481.60	-10478.44	7664.05
Fixation L	1	8	10049774737	10050210736	435999	1223.80	353.39	36	23	-1	12.29	12.29
Fixation R	1	8	10049774737	10050210736	435999	1223.80	353.39	36	23	-1	11.93	11.93
Saccade L	1	9	10050210736	10050274738	64002	1208.60	363.93	936.88	763.94	10.74	311.66	0.69	167.88	9434.02	-14123.14	7427.30
Saccade R	1	9	10050210736	10050274738	64002	1208.60	363.93	936.88	763.94	10.74	311.66	0.69	167.88	9434.02	-14123.14	7427.30
Fixation L	1	9	10050274738	10050578754	304016	902.84	777.62	71	42	-1	12.89	12.89
Fixation R	1	9	10050274738	10050578754	304016	902.84	777.62	71	42	-1	12.32	12.32
Saccade L	1	10	10050578754	10050606758	28004	879.36	768.08	834.68	765.65	0.90	69.28	0.57	32.18	3035.79	-2876.67	2153.03
Saccade R	1	10	10050578754	10050606758	28004	879.36	768.08	834.68	765.65	0.90	69.28	0.57	32.18	3035.79	-2876.67	2153.03
Fixation L	1	10	10050606758	10050830749	223991	822.17	748.53	21	38	-1	13.01	13.01
Fixation R	1	10	10050606758	10050830749	223991	822.17	748.53	21	38	-1	12.31	12.31
Saccade L	1	11	10050830749	10050878766	48017	828.47	726.95	918.22	749.00	2.22	155.92	0.25	46.30	6771.30	-5999.69	2995.73
Saccade R	1	11	10050830749	10050878766	48017	828.47	726.95	918.22	749.00	2.22	155.92	0.25	46.30	6771.30	-5999.69	2995.73
Fixation L	1	11	10050878766	10051018759	139993	919.83	743.31	6	10	-1	12.87	12.87
Fixation R	1	11	10050878766	10051018759	139993	919.83	743.31	6	10	-1	12.23	12.23
Saccade L	1	12	10051018759	10051054748	35989	921.82	739.48	809.63	745.10	2.51	181.98	0.44	69.78	8434.55	-7975.33	5572.07
Saccade R	1	12	10051018759	10051054748	35989	921.82	739.48	809.63	745.10	2.51	181.98	0.44	69.78	8434.55	-7975.33	5572.07
Fixation L	1	12	10051054748	10051278659	223911	806.81	740.81	13	11	-1	12.84	12.84
Fixation R	1	12	10051054748	10051278659	223911	806.81	740.81	13	11	-1	12.40	12.40
Saccade L	1	13	10051278659	10051318635	39976	805.18	735.95	916.58	756.62	2.66	194.64	0.30	66.59	9140.65	-8356.36	4975.69
Saccade R	1	13	10051278659	10051318635	39976	805.18	735.95	916.58	756.62	2.66	194.64	0.30	66.59	9140.65	-8356.36	4975.69
Fixation L	1	13	10051318635	10051466661	148026	908.93	763.38	24	20	-1	13.23	13.23
Fixation R	1	13	10051318635	10051466661	148026	908.93	763.38	24	20	-1	13.06	13.06
Saccade L	1	14	10051466661	10051498640	31979	917.91	754.33	910.49	674.38	1.70	116.94	0.50	53.02	5470.63	-5619.40	3904.16
Saccade R	1	14	10051466661	10051498640	31979	917.91	754.33	910.49	674.38	1.70	116.94	0.50	53.02	5470.63	-5619.40	3904.16
Fixation L	1	14	10051498640	10051714645	216005	914.35	689.72	28	34	-1	13.66	13.66
Fixation R	1	14	10051498640	10051714645	216005	914.35	689.72	28	34	-1	13.36	13.36
Saccade L	1	15	10051714645	10051738648	24003	897.71	708.51	846.48	705.19	1.01	87.37	0.50	42.08	3790.77	-3528.67	2692.88
Saccade R	1	15	10051714645	10051738648	24003	897.71	708.51	846.48	705.19	1.01	87.37	0.50	42.08	3790.77	-3528.67	2692.88
Fixation L	1	15	10051738648	10051886641	147993	841.13	701.50	10	10	-1	13.72	13.72
Fixation R	1	15	10051738648	10051886641	147993	841.13	701.50	10	10	-1	13.35	13.35
Saccade L	1	16	10051886641	10051918644	32003	844.86	694.64	921.91	682.83	1.56	104.36	0.38	48.82	4966.61	-4808.68	3518.77
Saccade R	1	16	10051886641	10051918644	32003	844.86	694.64	921.91	682.83	1.56	104.36	0.38	48.82	4966.61	-4808.68	3518.77
Fixation L	1	16	10051918644	10052614542	695898	892.18	685.53	79	28	-1	13.39	13.39
Fixation R	1	16	10051918644	10052614542	695898	892.18	685.53	79	28	-1	13.10	13.10
Saccade L	1	17	10052614542	10052642568	28026	865.16	683.70	754.45	679.67	2.23	181.57	0.43	79.47	7981.29	-8146.66	5966.85
Saccade R	1	17	10052614542	10052642568	28026	865.16	683.70	754.45	679.67	2.23	181.57	0.43	79.47	7981.29	-8146.66	5966.85
Fixation L	1	17	10052642568	10052758540	115972	750.70	682.73	21	9	-1	13.48	13.48
Fixation R	1	17	10052642568	10052758540	115972	750.70	682.73	21	9	-1	13.35	13.35
Saccade L	1	18	10052758540	10052810541	52001	739.50	683.57	949.90	701.86	4.60	264.49	0.31	88.55	12222.63	-11119.36	6340.16
Saccade R	1	18	10052758540	10052810541	52001	739.50	683.57	949.90	701.86	4.60	264.49	0.31	88.55	12222.63	-11119.36	6340.16
Fixation L	1	18	10052810541	10052902541	92000	961.67	692.87	16	21	-1	13.60	13.60
Fixation R	1	18	10052810541	10052902541	92000	961.67	692.87	16	21	-1	13.52	13.52
Saccade L	1	19	10052902541	10052978559	76018	966.02	682.85	1198.17	364.99	9.20	311.76	0.21	120.96	15246.68	-12437.37	6601.53
Saccade R	1	19	10052902541	10052978559	76018	966.02	682.85	1198.17	364.99	9.20	311.76	0.21	120.96	15246.68	-12437.37	6601.53
Fixation L	1	19	10052978559	10053066553	87994	1200.73	361.64	6	14	-1	13.73	13.73
Fixation R	1	19	10052978559	10053066553	87994	1200.73	361.64	6	14	-1	13.40	13.40
Saccade L	1	20	10053066553	10053122547	55994	1200.69	351.18	1256.89	381.93	1.55	77.39	0.29	27.72	3415.87	-2889.42	1537.26
Saccade R	1	20	10053066553	10053122547	55994	1200.69	351.18	1256.89	381.93	1.55	77.39	0.29	27.72	3415.87	-2889.42	1537.26
Fixation L	1	20	10053122547	10053250554	128007	1252.94	389.85	14	15	-1	13.60	13.60
Fixation R	1	20	10053122547	10053250554	128007	1252.94	389.85	14	15	-1	13.35	13.35
Saccade L	1	21	10053250554	10053346570	96016	1246.50	397.47	864.51	826.84	13.75	379.73	0.21	143.22	18789.05	-14017.02	6851.58
Saccade R	1	21	10053250554	10053346570	96016	1246.50	397.47	864.51	826.84	13.75	379.73	0.21	143.22	18789.05	-14017.02	6851.58
Fixation L	1	21	10053346570	10053674568	327998	863.31	837.58	10	22	-1	13.39	13.39
Fixation R	1	21	10053346570	10053674568	327998	863.31	837.58	10	22	-1	12.80	12.80
Saccade L	1	22	10053674568	10053698572	24004	866.41	828.89	837.93	828.08	0.63	53.59	0.50	26.21	2129.72	-1583.36	1348.20
Saccade R	1	22	10053674568	10053698572	24004	866.41	828.89	837.93	828.08	0.63	53.59	0.50	26.21	2129.72	-1583.36	1348.20
Fixation L	1	22	10053698572	10054054455	355883	811.61	858.30	40	56	-1	13.22	13.22
Fixation R	1	22	10053698572	10054054455	355883	811.61	858.30	40	56	-1	12.93	12.93
Saccade L	1	23	10054054455	10054130472	76017	809.51	865.55	1113.85	457.44	11.95	319.33	0.47	157.16	11492.54	-8529.93	6624.97
Saccade R	1	23	10054054455	10054130472	76017	809.51	865.55	1113.85	457.44	11.95	319.33	0.47	157.16	11492.54	-8529.93	6624.97
Saccade L	1	24	10054158443	10054186496	28053	1122.53	453.03	1218.87	332.24	3.31	274.98	0.57	117.82	11846.29	-11768.89	8787.09
Saccade R	1	24	10054158443	10054186496	28053	1122.53	453.03	1218.87	332.24	3.31	274.98	0.57	117.82	11846.29	-11768.89	8787.09
Fixation L	1	23	10054186496	10054486477	299981	1211.92	342.13	29	22	-1	13.27	13.27
Fixation R	1	23	10054186496	10054486477	299981	1211.92	342.13	29	22	-1	13.19	13.19
Saccade L	1	25	10054486477	10054534480	48003	1214.79	338.63	1248.60	368.10	0.95	42.29	0.25	19.82	1969.59	-1238.78	896.46
Saccade R	1	25	10054486477	10054534480	48003	1214.79	338.63	1248.60	368.10	0.95	42.29	0.25	19.82	1969.59	-1238.78	896.46
Fixation L	1	24	10054534480	10054594457	59977	1246.13	363.97	5	12	-1	13.56	13.56
Fixation R	1	24	10054534480	10054594457	59977	1246.13	363.97	5	12	-1	13.13	13.13
Saccade L	1	26	10054594457	10054678466	84009	1243.93	355.92	853.96	742.61	12.97	479.87	0.24	154.37	22662.67	-14783.60	8646.93
Saccade R	1	26	10054594457	10054678466	84009	1243.93	355.92	853.96	742.61	12.97	479.87	0.24	154.37	22662.67	-14783.60	8646.93
Fixation L	1	25	10054678466	10054838458	159992	842.60	753.12	29	30	-1	13.61	13.61
Fixation R	1	25	10054678466	10054838458	159992	842.60	753.12	29	30	-1	12.96	12.96
Saccade L	1	27	10054838458	10054862467	24009	822.47	765.76	902.14	764.38	1.76	158.95	0.50	73.24	7173.64	-6989.48	5003.19
Saccade R	1	27	10054838458	10054862467	24009	822.47	765.76	902.14	764.38	1.76	158.95	0.50	73.24	7173.64	-6989.48	5003.19
Fixation L	1	26	10054862467	10055198470	336003	912.13	760.51	19	18	-1	13.49	13.49
Fixation R	1	26	10054862467	10055198470	336003	912.13	760.51	19	18	-1	12.87	12.87
Saccade L	1	28	10055198470	10055242504	44034	918.57	756.39	974.72	736.90	1.27	69.83	0.36	28.89	3276.20	-2499.27	1710.49
Saccade R	1	28	10055198470	10055242504	44034	918.57	756.39	974.72	736.90	1.27	69.83	0.36	28.89	3276.20	-2499.27	1710.49
Fixation L	1	27	10055242504	10055366499	123995	967.71	725.00	16	19	-1	13.36	13.36
Fixation R	1	27	10055242504	10055366499	123995	967.71	725.00	16	19	-1	12.81	12.81
Saccade L	1	29	10055366499	10055410349	43850	968.96	721.45	916.20	747.51	1.33	83.96	0.27	30.37	3038.32	-2649.54	1577.55
Saccade R	1	29	10055366499	10055410349	43850	968.96	721.45	916.20	747.51	1.33	83.96	0.27	30.37	3038.32	-2649.54	1577.55
Fixation L	1	28	10055410349	10055526367	116018	920.04	748.94	5	7	-1	13.40	13.40
Fixation R	1	28	10055410349	10055526367	116018	920.04	748.94	5	7	-1	12.87	12.87
Saccade L	1	30	10055526367	10055578351	51984	920.84	752.33	959.29	695.33	1.47	66.64	0.23	28.24	3114.82	-2225.76	1392.50
Saccade R	1	30	10055526367	10055578351	51984	920.84	752.33	959.29	695.33	1.47	66.64	0.23	28.24	3114.82	-2225.76	1392.50
Fixation L	1	29	10055578351	10055698353	120002	954.36	690.21	8	10	-1	13.34	13.34
Fixation R	1	29	10055578351	10055698353	120002	954.36	690.21	8	10	-1	12.85	12.85
Saccade L	1	31	10055698353	10055766360	68007	958.48	693.28	761.02	752.91	4.55	294.16	0.24	66.94	12741.51	-11397.67	4707.94
Saccade R	1	31	10055698353	10055766360	68007	958.48	693.28	761.02	752.91	4.55	294.16	0.24	66.94	12741.51	-11397.67	4707.94
Fixation L	1	30	10055766360	10055950359	183999	762.88	748.39	13	12	-1	13.27	13.27
Fixation R	1	30	10055766360	10055950359	183999	762.88	748.39	13	12	-1	13.05	13.05
Saccade L	1	32	10055950359	10056006365	56006	771.99	755.42	823.55	726.46	1.40	56.43	0.29	25.02	2417.92	-1671.99	1173.10
Saccade R	1	32	10055950359	10056006365	56006	771.99	755.42	823.55	726.46	1.40	56.43	0.29	25.02	2417.92	-1671.99	1173.10
Fixation L	1	31	10056006365	10056130362	123997	840.38	744.09	38	31	-1	13.68	13.68
Fixation R	1	31	10056006365	10056130362	123997	840.38	744.09	38	31	-1	13.28	13.28
Saccade L	1	33	10056130362	10056194363	64001	837.91	755.12	739.29	760.76	2.74	160.57	0.44	42.79	7299.63	-6811.46	2769.37
Saccade R	1	33	10056130362	10056194363	64001	837.91	755.12	739.29	760.76	2.74	160.57	0.44	42.79	7299.63	-6811.46	2769.37
Fixation L	1	32	10056194363	10056334362	139999	739.89	757.84	3	5	-1	13.59	13.59
Fixation R	1	32	10056194363	10056334362	139999	739.89	757.84	3	5	-1	13.24	13.24
Saccade L	1	34	10056334362	10056382365	48003	741.60	758.12	828.90	737.83	2.08	130.12	0.25	43.27	6259.83	-5357.19	2916.16
Saccade R	1	34	10056334362	10056382365	48003	741.60	758.12	828.90	737.83	2.08	130.12	0.25	43.27	6259.83	-5357.19	2916.16
Fixation L	1	33	10056382365	10056518389	136024	831.30	737.32	5	9	-1	13.60	13.60
Fixation R	1	33	10056382365	10056518389	136024	831.30	737.32	5	9	-1	13.30	13.30
Saccade L	1	35	10056518389	10056570372	51983	829.83	741.32	805.45	388.39	7.63	295.33	0.38	146.86	13490.86	-10132.47	8063.48
Saccade R	1	35	10056518389	10056570372	51983	829.83	741.32	805.45	388.39	7.63	295.33	0.38	146.86	13490.86	-10132.47	8063.48
Fixation L	1	34	10056570372	10056718370	147998	796.20	397.50	14	30	-1	13.54	13.54
Fixation R	1	34	10056570372	10056718370	147998	796.20	397.50	14	30	-1	13.37	13.37
Saccade L	1	36	10056718370	10056758371	40001	798.75	406.32	917.95	402.51	3.24	241.90	0.40	80.99	11207.13	-10175.00	6170.72
Saccade R	1	36	10056718370	10056758371	40001	798.75	406.32	917.95	402.51	3.24	241.90	0.40	80.99	11207.13	-10175.00	6170.72
Fixation L	1	35	10056758371	10057086255	327884	922.83	411.53	23	26	-1	13.53	13.53
Fixation R	1	35	10056758371	10057086255	327884	922.83	411.53	23	26	-1	13.18	13.18
Saccade L	1	37	10057086255	10057154258	68003	936.50	422.84	827.49	678.46	6.38	288.13	0.29	93.76	14028.92	-12015.37	6208.79
Saccade R	1	37	10057086255	10057154258	68003	936.50	422.84	827.49	678.46	6.38	288.13	0.29	93.76	14028.92	-12015.37	6208.79
Fixation L	1	36	10057154258	10057430271	276013	795.57	687.34	60	15	-1	13.53	13.53
Fixation R	1	36	10057154258	10057430271	276013	795.57	687.34	60	15	-1	13.14	13.14
Saccade L	1	38	10057430271	10057478287	48016	785.18	676.51	735.35	687.88	1.08	61.37	0.25	22.48	2182.35	-2321.78	1079.03
Saccade R	1	38	10057430271	10057478287	48016	785.18	676.51	735.35	687.88	1.08	61.37	0.25	22.48	2182.35	-2321.78	1079.03
Saccade L	1	39	10057514277	10057566276	51999	733.64	689.11	659.17	656.47	2.12	133.02	0.23	40.79	5702.86	-4560.97	2442.46
Saccade R	1	39	10057514277	10057566276	51999	733.64	689.11	659.17	656.47	2.12	133.02	0.23	40.79	5702.86	-4560.97	2442.46
Fixation L	1	37	10057566276	10057778275	211999	662.64	674.01	17	29	-1	13.62	13.62
Fixation R	1	37	10057566276	10057778275	211999	662.64	674.01	17	29	-1	13.28	13.28
Saccade L	1	40	10057778275	10057846316	68041	664.26	687.59	674.98	406.10	6.17	264.29	0.24	90.63	13133.35	-10112.44	5386.33
Saccade R	1	40	10057778275	10057846316	68041	664.26	687.59	674.98	406.10	6.17	264.29	0.24	90.63	13133.35	-10112.44	5386.33
