[BeGaze]
Converted from:	D:\Kirillov\Results\ermolova_temp\Marina-eye_data.idf
Date:	17.04.2019 03:53:29
Version:	BeGaze 3.0.181
Sample Rate:	250
Subject:	Marina
Description:	Run25

Table Header for Fixations:
Event Type	Trial	Number	Start	End	Duration	Location X	Location Y	Dispersion X	Dispersion Y	Plane	Avg. Pupil Size X	Avg. Pupil Size Y

Table Header for Saccades:
Event Type	Trial	Number	Start	End	Duration	Start Loc.X	Start Loc.Y	End Loc.X	End Loc.Y	Amplitude	Peak Speed	Peak Speed At	Average Speed	Peak Accel.	Peak Decel.	Average Accel.

Table Header for User Events:
Event Type	Trial	Number	Start	Description

UserEvent	1	1	11540246972	# Message: experiment-12.jpg
Fixation L	1	1	11540247410	11540543440	296030	422.84	368.29	22	15	-1	13.31	13.31
Fixation R	1	1	11540247410	11540543440	296030	422.84	368.29	22	15	-1	12.97	12.97
Saccade L	1	1	11540543440	11540595471	52031	414.51	376.49	447.45	177.58	4.85	224.03	0.39	93.12	10849.98	-9232.84	5978.55
Saccade R	1	1	11540543440	11540595471	52031	414.51	376.49	447.45	177.58	4.85	224.03	0.39	93.12	10849.98	-9232.84	5978.55
Fixation L	1	2	11540595471	11540703430	107959	454.22	168.32	20	12	-1	13.08	13.08
Fixation R	1	2	11540595471	11540703430	107959	454.22	168.32	20	12	-1	12.78	12.78
Saccade L	1	2	11540703430	11540783436	80006	459.13	167.75	945.46	564.54	14.57	385.82	0.35	182.17	18613.24	-13060.55	8365.73
Saccade R	1	2	11540703430	11540783436	80006	459.13	167.75	945.46	564.54	14.57	385.82	0.35	182.17	18613.24	-13060.55	8365.73
Fixation L	1	3	11540783436	11540931450	148014	970.40	556.22	41	16	-1	12.60	12.60
Fixation R	1	3	11540783436	11540931450	148014	970.40	556.22	41	16	-1	12.41	12.41
Saccade L	1	3	11540931450	11540979444	47994	986.02	549.13	1011.52	627.32	1.82	102.59	0.33	37.87	4981.71	-4086.11	2420.50
Saccade R	1	3	11540931450	11540979444	47994	986.02	549.13	1011.52	627.32	1.82	102.59	0.33	37.87	4981.71	-4086.11	2420.50
Fixation L	1	4	11540979444	11541139413	159969	1020.80	635.71	16	15	-1	12.26	12.26
Fixation R	1	4	11540979444	11541139413	159969	1020.80	635.71	16	15	-1	11.99	11.99
Saccade L	1	4	11541139413	11541195443	56030	1028.50	629.51	1088.97	542.70	2.49	133.35	0.29	44.39	5909.00	-5424.94	2842.52
Saccade R	1	4	11541139413	11541195443	56030	1028.50	629.51	1088.97	542.70	2.49	133.35	0.29	44.39	5909.00	-5424.94	2842.52
Fixation L	1	5	11541195443	11541307455	112012	1092.55	552.18	6	13	-1	11.95	11.95
Fixation R	1	5	11541195443	11541307455	112012	1092.55	552.18	6	13	-1	11.75	11.75
Saccade L	1	5	11541307455	11541359443	51988	1091.15	553.25	1134.89	601.06	1.38	59.32	0.23	26.49	2768.12	-1889.78	1312.42
Saccade R	1	5	11541307455	11541359443	51988	1091.15	553.25	1134.89	601.06	1.38	59.32	0.23	26.49	2768.12	-1889.78	1312.42
Fixation L	1	6	11541359443	11541591343	231900	1152.47	603.55	37	28	-1	11.77	11.77
Fixation R	1	6	11541359443	11541591343	231900	1152.47	603.55	37	28	-1	11.45	11.45
Saccade L	1	6	11541591343	11541671360	80017	1169.94	619.03	506.21	368.81	15.87	422.28	0.30	198.32	20229.30	-9048.03	8648.36
Saccade R	1	6	11541591343	11541671360	80017	1169.94	619.03	506.21	368.81	15.87	422.28	0.30	198.32	20229.30	-9048.03	8648.36
Fixation L	1	7	11541671360	11541799353	127993	501.88	357.36	7	20	-1	11.69	11.69
Fixation R	1	7	11541671360	11541799353	127993	501.88	357.36	7	20	-1	11.32	11.32
Saccade L	1	7	11541799353	11541863340	63987	505.20	348.15	472.81	155.81	4.81	310.47	0.25	75.15	14386.06	-13658.87	5857.06
Saccade R	1	7	11541799353	11541863340	63987	505.20	348.15	472.81	155.81	4.81	310.47	0.25	75.15	14386.06	-13658.87	5857.06
Fixation L	1	8	11541863340	11542051378	188038	477.64	165.73	14	21	-1	11.44	11.44
Fixation R	1	8	11541863340	11542051378	188038	477.64	165.73	14	21	-1	10.99	10.99
Saccade L	1	8	11542051378	11542083347	31969	473.29	169.25	475.93	97.80	1.42	102.06	0.37	44.54	4507.86	-4770.32	3293.65
Saccade R	1	8	11542051378	11542083347	31969	473.29	169.25	475.93	97.80	1.42	102.06	0.37	44.54	4507.86	-4770.32	3293.65
Fixation L	1	9	11542083347	11542351375	268028	489.64	104.08	33	10	-1	11.69	11.69
Fixation R	1	9	11542083347	11542351375	268028	489.64	104.08	33	10	-1	11.09	11.09
Fixation L	1	10	11542467380	11542615377	147997	1013.26	500.73	10	17	-1	11.83	11.83
Fixation R	1	10	11542467380	11542615377	147997	1013.26	500.73	10	17	-1	11.37	11.37
Saccade L	1	9	11542615377	11542659381	44004	1013.43	507.00	1136.39	499.58	2.84	185.13	0.36	64.43	8360.53	-8167.41	4801.08
Saccade R	1	9	11542615377	11542659381	44004	1013.43	507.00	1136.39	499.58	2.84	185.13	0.36	64.43	8360.53	-8167.41	4801.08
Fixation L	1	11	11542659381	11542975228	315847	1162.04	505.96	48	21	-1	11.77	11.77
Fixation R	1	11	11542659381	11542975228	315847	1162.04	505.96	48	21	-1	11.24	11.24
Saccade L	1	10	11542975228	11543051230	76002	1181.73	510.40	481.13	121.19	18.29	500.62	0.26	240.64	24047.92	-11092.67	9625.72
Saccade R	1	10	11542975228	11543051230	76002	1181.73	510.40	481.13	121.19	18.29	500.62	0.26	240.64	24047.92	-11092.67	9625.72
Saccade L	1	11	11543051230	11543079231	28001	481.13	121.19	466.19	17.22	1.72	131.52	0.43	61.27	2229.76	-4829.95	2218.88
Saccade R	1	11	11543051230	11543079231	28001	481.13	121.19	466.19	17.22	1.72	131.52	0.43	61.27	2229.76	-4829.95	2218.88
Saccade L	1	12	11543135244	11543175237	39993	442.78	77.47	508.90	112.71	1.62	86.64	0.30	40.62	3498.12	-2735.86	1915.30
Saccade R	1	12	11543135244	11543175237	39993	442.78	77.47	508.90	112.71	1.62	86.64	0.30	40.62	3498.12	-2735.86	1915.30
Saccade L	1	13	11543175237	11543207243	32006	508.90	112.71	474.12	105.50	0.93	61.99	0.38	29.05	1488.99	-2293.41	1286.69
Saccade R	1	13	11543175237	11543207243	32006	508.90	112.71	474.12	105.50	0.93	61.99	0.38	29.05	1488.99	-2293.41	1286.69
Fixation L	1	12	11543207243	11543539264	332021	474.31	85.90	35	55	-1	11.74	11.74
Fixation R	1	12	11543207243	11543539264	332021	474.31	85.90	35	55	-1	11.12	11.12
Saccade L	1	14	11543539264	11543623263	83999	486.78	47.17	1151.78	427.55	17.46	417.85	0.57	207.90	18720.36	-15020.38	8563.58
Saccade R	1	14	11543539264	11543623263	83999	486.78	47.17	1151.78	427.55	17.46	417.85	0.57	207.90	18720.36	-15020.38	8563.58
Fixation L	1	13	11543623263	11543903248	279985	1169.62	434.21	24	14	-1	12.06	12.06
Fixation R	1	13	11543623263	11543903248	279985	1169.62	434.21	24	14	-1	11.58	11.58
Saccade L	1	15	11543903248	11543947261	44013	1173.49	431.49	1193.38	449.23	1.84	104.41	0.36	41.81	4654.81	-3011.18	2318.80
Saccade R	1	15	11543903248	11543947261	44013	1173.49	431.49	1193.38	449.23	1.84	104.41	0.36	41.81	4654.81	-3011.18	2318.80
Saccade L	1	16	11543947261	11543979252	31991	1193.38	449.23	1252.54	468.62	1.21	62.76	0.63	37.69	7982.38	392.29	2722.83
Saccade R	1	16	11543947261	11543979252	31991	1193.38	449.23	1252.54	468.62	1.21	62.76	0.63	37.69	7982.38	392.29	2722.83
Saccade L	1	17	11543979252	11544011281	32029	1252.54	468.62	1098.98	507.09	3.22	231.34	0.38	100.63	7982.38	-10725.59	6241.39
Saccade R	1	17	11543979252	11544011281	32029	1252.54	468.62	1098.98	507.09	3.22	231.34	0.38	100.63	7982.38	-10725.59	6241.39
Fixation L	1	14	11544011281	11544403144	391863	1083.03	503.54	27	38	-1	12.25	12.25
Fixation R	1	14	11544011281	11544403144	391863	1083.03	503.54	27	38	-1	11.79	11.79
Saccade L	1	18	11544403144	11544435161	32017	1080.87	487.73	1065.69	417.97	1.52	103.51	0.50	47.43	4962.69	-4869.23	3545.52
Saccade R	1	18	11544403144	11544435161	32017	1080.87	487.73	1065.69	417.97	1.52	103.51	0.50	47.43	4962.69	-4869.23	3545.52
Fixation L	1	15	11544435161	11544643166	208005	1057.61	406.57	28	22	-1	12.09	12.09
Fixation R	1	15	11544435161	11544643166	208005	1057.61	406.57	28	22	-1	11.57	11.57
Fixation L	1	16	11544747149	11544847166	100017	445.56	220.92	17	28	-1	11.89	11.89
Fixation R	1	16	11544747149	11544847166	100017	445.56	220.92	17	28	-1	11.18	11.18
Saccade L	1	19	11544847166	11544931191	84025	438.93	241.36	515.39	329.17	3.00	135.03	0.57	35.71	5605.17	-4794.99	1939.00
Saccade R	1	19	11544847166	11544931191	84025	438.93	241.36	515.39	329.17	3.00	135.03	0.57	35.71	5605.17	-4794.99	1939.00
Fixation L	1	17	11544931191	11545119159	187968	507.86	323.41	14	14	-1	11.85	11.85
Fixation R	1	17	11544931191	11545119159	187968	507.86	323.41	14	14	-1	11.49	11.49
Saccade L	1	20	11545119159	11545191163	72004	501.31	323.52	966.61	462.38	10.88	329.34	0.28	151.05	15603.91	-9960.80	7449.72
Saccade R	1	20	11545119159	11545191163	72004	501.31	323.52	966.61	462.38	10.88	329.34	0.28	151.05	15603.91	-9960.80	7449.72
Fixation L	1	18	11545191163	11545375166	184003	993.00	468.60	36	18	-1	12.25	12.25
Fixation R	1	18	11545191163	11545375166	184003	993.00	468.60	36	18	-1	11.80	11.80
Saccade L	1	21	11545375166	11545435170	60004	980.72	469.54	990.78	403.83	1.74	88.88	0.47	29.02	3808.29	-3565.72	1660.02
Saccade R	1	21	11545375166	11545435170	60004	980.72	469.54	990.78	403.83	1.74	88.88	0.47	29.02	3808.29	-3565.72	1660.02
Fixation L	1	19	11545435170	11545667204	232034	992.83	412.55	8	19	-1	12.17	12.17
Fixation R	1	19	11545435170	11545667204	232034	992.83	412.55	8	19	-1	11.90	11.90
Saccade L	1	22	11545667204	11545715192	47988	999.44	417.68	1075.55	438.12	1.97	114.08	0.42	41.09	5043.73	-4624.92	2711.93
Saccade R	1	22	11545667204	11545715192	47988	999.44	417.68	1075.55	438.12	1.97	114.08	0.42	41.09	5043.73	-4624.92	2711.93
Fixation L	1	20	11545715192	11546047053	331861	1088.86	432.52	18	28	-1	12.19	12.19
Fixation R	1	20	11545715192	11546047053	331861	1088.86	432.52	18	28	-1	11.64	11.64
Saccade L	1	23	11546047053	11546095046	47993	1094.08	419.58	1151.43	401.82	1.53	96.82	0.33	31.83	4062.70	-3562.37	2029.53
Saccade R	1	23	11546047053	11546095046	47993	1094.08	419.58	1151.43	401.82	1.53	96.82	0.33	31.83	4062.70	-3562.37	2029.53
Fixation L	1	21	11546095046	11546191057	96011	1154.84	404.43	5	8	-1	11.92	11.92
Fixation R	1	21	11546095046	11546191057	96011	1154.84	404.43	5	8	-1	11.50	11.50
Fixation L	1	22	11546271052	11546503089	232037	458.48	111.96	30	25	-1	11.44	11.44
Fixation R	1	22	11546271052	11546503089	232037	458.48	111.96	30	25	-1	10.98	10.98
Saccade L	1	24	11546503089	11546555062	51973	455.79	128.08	489.90	186.32	1.66	84.67	0.46	31.89	3448.37	-3086.28	1862.11
Saccade R	1	24	11546503089	11546555062	51973	455.79	128.08	489.90	186.32	1.66	84.67	0.46	31.89	3448.37	-3086.28	1862.11
Fixation L	1	23	11546555062	11546815072	260010	497.70	187.02	13	19	-1	11.68	11.68
Fixation R	1	23	11546555062	11546815072	260010	497.70	187.02	13	19	-1	10.91	10.91
Saccade L	1	25	11546815072	11546851112	36040	502.66	183.60	500.33	92.17	1.91	120.86	0.56	53.10	5716.70	-5754.06	3920.84
Saccade R	1	25	11546815072	11546851112	36040	502.66	183.60	500.33	92.17	1.91	120.86	0.56	53.10	5716.70	-5754.06	3920.84
Fixation L	1	24	11546851112	11547374960	523848	479.90	111.97	52	42	-1	11.89	11.89
Fixation R	1	24	11546851112	11547374960	523848	479.90	111.97	52	42	-1	11.22	11.22
Saccade L	1	26	11547374960	11547458975	84015	465.83	112.33	1173.56	383.14	17.15	393.41	0.24	204.15	19376.67	-10118.42	8040.28
Saccade R	1	26	11547374960	11547458975	84015	465.83	112.33	1173.56	383.14	17.15	393.41	0.24	204.15	19376.67	-10118.42	8040.28
Fixation L	1	25	11547458975	11547738977	280002	1172.91	412.10	51	41	-1	11.90	11.90
Fixation R	1	25	11547458975	11547738977	280002	1172.91	412.10	51	41	-1	11.52	11.52
Saccade L	1	27	11547738977	11547814976	75999	1161.59	400.61	469.33	134.84	16.56	472.33	0.32	217.96	22276.54	-9934.48	10078.37
Saccade R	1	27	11547738977	11547814976	75999	1161.59	400.61	469.33	134.84	16.56	472.33	0.32	217.96	22276.54	-9934.48	10078.37
Fixation L	1	26	11547814976	11548027005	212029	460.54	116.23	14	24	-1	11.65	11.65
Fixation R	1	26	11547814976	11548027005	212029	460.54	116.23	14	24	-1	11.25	11.25
Fixation L	1	27	11548106986	11548318978	211992	921.51	406.19	14	17	-1	11.85	11.85
Fixation R	1	27	11548106986	11548318978	211992	921.51	406.19	14	17	-1	11.44	11.44
