[BeGaze]
Converted from:	D:\Kirillov\Results\ermolova_temp\Daniil-1-eye_data.idf
Date:	17.04.2019 03:54:38
Version:	BeGaze 3.0.181
Sample Rate:	250
Subject:	Daniil
Description:	Run41

Table Header for Fixations:
Event Type	Trial	Number	Start	End	Duration	Location X	Location Y	Dispersion X	Dispersion Y	Plane	Avg. Pupil Size X	Avg. Pupil Size Y

Table Header for Saccades:
Event Type	Trial	Number	Start	End	Duration	Start Loc.X	Start Loc.Y	End Loc.X	End Loc.Y	Amplitude	Peak Speed	Peak Speed At	Average Speed	Peak Accel.	Peak Decel.	Average Accel.

Table Header for User Events:
Event Type	Trial	Number	Start	Description

UserEvent	1	1	9960516562	# Message: Questionnaire8.jpg
Fixation L	1	1	9960516795	9960760672	243877	982.57	489.18	23	19	-1	13.83	13.83
Fixation R	1	1	9960516795	9960760672	243877	982.57	489.18	23	19	-1	13.70	13.70
Saccade L	1	1	9960760672	9960832680	72008	975.69	482.99	594.87	313.42	9.49	294.96	0.39	131.83	14336.95	-13182.86	6841.46
Saccade R	1	1	9960760672	9960832680	72008	975.69	482.99	594.87	313.42	9.49	294.96	0.39	131.83	14336.95	-13182.86	6841.46
Fixation L	1	2	9960832680	9960928721	96041	591.69	306.84	23	11	-1	13.42	13.42
Fixation R	1	2	9960832680	9960928721	96041	591.69	306.84	23	11	-1	13.02	13.02
Saccade L	1	2	9960928721	9960972683	43962	578.44	302.21	444.16	318.31	3.23	190.45	0.45	73.53	8757.74	-7660.63	5091.72
Saccade R	1	2	9960928721	9960972683	43962	578.44	302.21	444.16	318.31	3.23	190.45	0.45	73.53	8757.74	-7660.63	5091.72
Fixation L	1	3	9960972683	9961136678	163995	437.09	321.26	20	19	-1	13.52	13.52
Fixation R	1	3	9960972683	9961136678	163995	437.09	321.26	20	19	-1	13.15	13.15
Saccade L	1	3	9961136678	9961156681	20003	445.82	317.52	421.78	306.25	0.57	54.88	0.60	28.35	2178.03	-2135.89	1465.93
Saccade R	1	3	9961136678	9961156681	20003	445.82	317.52	421.78	306.25	0.57	54.88	0.60	28.35	2178.03	-2135.89	1465.93
Fixation L	1	4	9961156681	9962180580	1023899	392.02	310.48	54	47	-1	14.20	14.20
Fixation R	1	4	9961156681	9962180580	1023899	392.02	310.48	54	47	-1	14.22	14.22
UserEvent	1	2	9961950046	# Message: UE-mouseclick left x=366 y=270
Saccade L	1	4	9962180580	9962216620	36040	376.18	331.59	417.75	410.15	2.61	182.70	0.44	72.56	8323.95	-6761.21	4800.19
Saccade R	1	4	9962180580	9962216620	36040	376.18	331.59	417.75	410.15	2.61	182.70	0.44	72.56	8323.95	-6761.21	4800.19
Saccade L	1	5	9962216620	9962236573	19953	417.75	410.15	436.75	435.90	0.51	40.63	0.40	25.57	-212.23	-1517.31	964.10
Saccade R	1	5	9962216620	9962236573	19953	417.75	410.15	436.75	435.90	0.51	40.63	0.40	25.57	-212.23	-1517.31	964.10
Fixation L	1	5	9962236573	9962356577	120004	439.51	433.07	19	15	-1	14.45	14.45
Fixation R	1	5	9962236573	9962356577	120004	439.51	433.07	19	15	-1	14.64	14.64
Saccade L	1	6	9962356577	9962392588	36011	452.56	420.64	377.45	429.23	2.04	151.66	0.33	56.76	6428.51	-5975.24	3732.11
Saccade R	1	6	9962356577	9962392588	36011	452.56	420.64	377.45	429.23	2.04	151.66	0.33	56.76	6428.51	-5975.24	3732.11
Fixation L	1	6	9962392588	9962652612	260024	401.24	432.73	42	31	-1	14.74	14.74
Fixation R	1	6	9962392588	9962652612	260024	401.24	432.73	42	31	-1	14.84	14.84
Saccade L	1	7	9962652612	9962672588	19976	388.80	436.90	423.81	431.74	0.70	60.66	0.40	35.25	2805.56	-2477.82	1938.27
Saccade R	1	7	9962652612	9962672588	19976	388.80	436.90	423.81	431.74	0.70	60.66	0.40	35.25	2805.56	-2477.82	1938.27
Fixation L	1	7	9962672588	9962816592	144004	435.73	425.62	19	13	-1	14.69	14.69
Fixation R	1	7	9962672588	9962816592	144004	435.73	425.62	19	13	-1	14.94	14.94
Saccade L	1	8	9962816592	9962852595	36003	439.63	418.70	426.17	250.37	3.54	229.79	0.44	98.19	10704.06	-10227.52	7325.57
Saccade R	1	8	9962816592	9962852595	36003	439.63	418.70	426.17	250.37	3.54	229.79	0.44	98.19	10704.06	-10227.52	7325.57
Fixation L	1	8	9962852595	9962976592	123997	425.00	247.80	11	8	-1	14.12	14.12
Fixation R	1	8	9962852595	9962976592	123997	425.00	247.80	11	8	-1	14.14	14.14
Saccade L	1	9	9962976592	9963024596	48004	423.23	250.33	794.94	260.37	8.04	324.45	0.42	167.53	15815.00	-12284.56	9856.69
Saccade R	1	9	9962976592	9963024596	48004	423.23	250.33	794.94	260.37	8.04	324.45	0.42	167.53	15815.00	-12284.56	9856.69
Fixation L	1	9	9963024596	9963124605	100009	810.97	265.65	24	12	-1	13.82	13.82
Fixation R	1	9	9963024596	9963124605	100009	810.97	265.65	24	12	-1	13.99	13.99
UserEvent	1	3	9963070082	# Message: UE-mouseclick left x=393 y=401
Saccade L	1	10	9963124605	9963168593	43988	820.43	271.90	441.62	389.04	8.53	462.57	0.45	193.85	21294.49	-19743.22	13682.41
Saccade R	1	10	9963124605	9963168593	43988	820.43	271.90	441.62	389.04	8.53	462.57	0.45	193.85	21294.49	-19743.22	13682.41
Fixation L	1	10	9963168593	9963232617	64024	421.10	392.66	28	12	-1	13.90	13.90
Fixation R	1	10	9963168593	9963232617	64024	421.10	392.66	28	12	-1	13.94	13.94
