[BeGaze]
Converted from:	D:\Kirillov\Results\ermolova_temp\Kate-eye_data.idf
Date:	17.04.2019 03:52:26
Version:	BeGaze 3.0.181
Sample Rate:	250
Subject:	Kate
Description:	Run6

Table Header for Fixations:
Event Type	Trial	Number	Start	End	Duration	Location X	Location Y	Dispersion X	Dispersion Y	Plane	Avg. Pupil Size X	Avg. Pupil Size Y

Table Header for Saccades:
Event Type	Trial	Number	Start	End	Duration	Start Loc.X	Start Loc.Y	End Loc.X	End Loc.Y	Amplitude	Peak Speed	Peak Speed At	Average Speed	Peak Accel.	Peak Decel.	Average Accel.

Table Header for User Events:
Event Type	Trial	Number	Start	Description

UserEvent	1	1	3818266542	# Message: experiment-08.jpg
Fixation L	1	1	3818269885	3818505768	235883	443.36	427.78	23	27	-1	15.97	15.97
Fixation R	1	1	3818269885	3818653768	383883	311.36	318.42	471	938	-1	11.83	11.83
Saccade L	1	1	3818505768	3818557766	51998	433.01	420.61	0.00	0.00	20.05	1505.65	0.77	385.60	43302.07	-66014.42	23707.03
Fixation L	1	2	3818557766	3818653768	96002	0.00	0.00	0	0	-1	3.18	3.18
Fixation L	1	3	3818761793	3818873781	111988	789.54	575.21	7	17	-1	13.95	13.95
Fixation R	1	2	3818761793	3818873781	111988	789.54	575.21	7	17	-1	12.86	12.86
Saccade L	1	2	3818873781	3818941773	67992	787.30	577.29	1139.94	196.60	11.45	301.98	0.24	168.42	14263.39	-9713.61	6751.88
Saccade R	1	1	3818873781	3818941773	67992	787.30	577.29	1139.94	196.60	11.45	301.98	0.24	168.42	14263.39	-9713.61	6751.88
Fixation L	1	4	3818941773	3819313780	372007	774.34	130.92	1344	257	-1	11.44	11.44
Fixation R	1	3	3818941773	3819137770	195997	1140.61	186.02	31	65	-1	12.94	12.94
Saccade L	1	3	3819313780	3819405772	91992	0.00	0.00	782.02	688.47	35.88	1737.98	0.30	390.09	49844.24	-61509.96	18911.95
Fixation L	1	5	3819405772	3819557699	151927	778.89	691.17	20	23	-1	15.69	15.69
Fixation R	1	4	3819405772	3819557699	151927	778.89	691.17	20	23	-1	14.27	14.27
Saccade L	1	4	3819557699	3819597773	40074	781.02	695.87	727.77	701.14	1.49	97.88	0.50	37.22	4254.87	-4106.65	2507.22
Saccade R	1	2	3819557699	3819597773	40074	781.02	695.87	727.77	701.14	1.49	97.88	0.50	37.22	4254.87	-4106.65	2507.22
Fixation L	1	6	3819597773	3819757652	159879	729.21	699.84	25	13	-1	16.03	16.03
Fixation R	1	5	3819597773	3819757652	159879	729.21	699.84	25	13	-1	14.53	14.53
Saccade L	1	5	3819757652	3819829694	72042	729.94	694.19	1134.31	439.16	11.01	357.71	0.28	152.86	17085.79	-10200.50	7924.33
Saccade R	1	3	3819757652	3819829694	72042	729.94	694.19	1134.31	439.16	11.01	357.71	0.28	152.86	17085.79	-10200.50	7924.33
Fixation L	1	7	3819829694	3820037720	208026	1128.80	426.89	22	17	-1	15.83	15.83
Fixation R	1	6	3819829694	3820037720	208026	1128.80	426.89	22	17	-1	14.61	14.61
Saccade L	1	6	3820037720	3820105675	67955	1126.22	424.06	1239.60	374.73	3.27	182.13	0.29	48.15	8570.27	-7336.79	3181.38
Saccade R	1	4	3820037720	3820105675	67955	1126.22	424.06	1239.60	374.73	3.27	182.13	0.29	48.15	8570.27	-7336.79	3181.38
Fixation L	1	8	3820105675	3820369674	263999	1237.88	389.78	19	36	-1	15.52	15.52
Fixation R	1	7	3820105675	3820369674	263999	1237.88	389.78	19	36	-1	14.02	14.02
Saccade L	1	7	3820369674	3820409685	40011	1238.12	387.22	1156.90	393.10	2.23	167.25	0.40	55.63	7887.72	-6777.35	4230.10
Saccade R	1	5	3820369674	3820409685	40011	1238.12	387.22	1156.90	393.10	2.23	167.25	0.40	55.63	7887.72	-6777.35	4230.10
Fixation L	1	9	3820409685	3820693590	283905	1162.77	397.63	20	24	-1	15.64	15.64
Fixation R	1	8	3820409685	3820693590	283905	1162.77	397.63	20	24	-1	13.62	13.62
Saccade L	1	8	3820693590	3820789675	96085	1173.22	417.23	807.18	769.16	12.29	389.64	0.29	127.89	18684.81	-8929.01	5975.56
Saccade R	1	6	3820693590	3820789675	96085	1173.22	417.23	807.18	769.16	12.29	389.64	0.29	127.89	18684.81	-8929.01	5975.56
Fixation L	1	10	3820789675	3820949674	159999	801.78	763.49	20	22	-1	15.86	15.86
Fixation R	1	9	3820789675	3820949674	159999	801.78	763.49	20	22	-1	13.55	13.55
Saccade L	1	9	3820949674	3820973678	24004	798.06	763.45	831.21	764.28	0.63	52.51	0.50	26.30	1970.06	-1956.44	1425.59
Saccade R	1	7	3820949674	3820973678	24004	798.06	763.45	831.21	764.28	0.63	52.51	0.50	26.30	1970.06	-1956.44	1425.59
Fixation L	1	11	3820973678	3821101689	128011	838.82	770.78	20	14	-1	15.83	15.83
Fixation R	1	10	3820973678	3821101689	128011	838.82	770.78	20	14	-1	13.64	13.64
Saccade L	1	10	3821101689	3821141713	40024	831.68	775.22	897.50	789.12	1.49	103.40	0.40	37.31	4745.11	-4308.73	2582.44
Saccade R	1	8	3821101689	3821141713	40024	831.68	775.22	897.50	789.12	1.49	103.40	0.40	37.31	4745.11	-4308.73	2582.44
Fixation L	1	12	3821141713	3821353548	211835	913.06	795.99	37	14	-1	15.52	15.52
Fixation R	1	11	3821141713	3821353548	211835	913.06	795.99	37	14	-1	13.44	13.44
Saccade L	1	11	3821353548	3821389571	36023	913.50	794.26	901.69	842.15	1.39	97.28	0.44	38.50	4082.09	-3698.60	2449.55
Saccade R	1	9	3821353548	3821389571	36023	913.50	794.26	901.69	842.15	1.39	97.28	0.44	38.50	4082.09	-3698.60	2449.55
Fixation L	1	13	3821389571	3821493553	103982	904.22	858.89	14	34	-1	15.61	15.61
Fixation R	1	12	3821389571	3821493553	103982	904.22	858.89	14	34	-1	13.43	13.43
Saccade L	1	12	3821493553	3821597567	104014	915.64	875.30	1206.69	309.55	14.66	286.66	0.42	140.96	13006.69	-7796.86	4539.76
Saccade R	1	10	3821493553	3821597567	104014	915.64	875.30	1206.69	309.55	14.66	286.66	0.42	140.96	13006.69	-7796.86	4539.76
Fixation L	1	14	3821597567	3822061578	464011	1186.18	327.55	79	82	-1	14.97	14.97
Fixation R	1	13	3821597567	3822061578	464011	1186.18	327.55	79	82	-1	13.52	13.52
Saccade L	1	13	3822061578	3822093589	32011	1153.24	366.02	1135.13	435.31	1.50	113.36	0.50	46.92	5226.77	-4648.82	3533.97
Saccade R	1	11	3822061578	3822093589	32011	1153.24	366.02	1135.13	435.31	1.50	113.36	0.50	46.92	5226.77	-4648.82	3533.97
Fixation L	1	15	3822093589	3822277587	183998	1128.16	445.15	12	25	-1	15.08	15.08
Fixation R	1	14	3822093589	3822277587	183998	1128.16	445.15	12	25	-1	13.44	13.44
Saccade L	1	14	3822277587	3822305593	28006	1125.56	433.86	1185.03	436.66	1.20	92.45	0.57	43.00	4170.52	-3973.47	2886.47
Saccade R	1	12	3822277587	3822305593	28006	1125.56	433.86	1185.03	436.66	1.20	92.45	0.57	43.00	4170.52	-3973.47	2886.47
Fixation L	1	16	3822305593	3822681475	375882	1197.74	428.36	32	33	-1	14.78	14.78
Fixation R	1	15	3822305593	3822681475	375882	1197.74	428.36	32	33	-1	13.28	13.28
Saccade L	1	15	3822681475	3822729439	47964	1195.61	434.79	1164.99	388.11	1.22	59.16	0.25	25.43	2695.48	-2109.23	1304.23
Saccade R	1	13	3822681475	3822729439	47964	1195.61	434.79	1164.99	388.11	1.22	59.16	0.25	25.43	2695.48	-2109.23	1304.23
Fixation L	1	17	3822729439	3822869459	140020	1166.83	391.60	6	9	-1	14.65	14.65
Fixation R	1	16	3822729439	3822869459	140020	1166.83	391.60	6	9	-1	12.92	12.92
Saccade L	1	16	3822869459	3822941440	71981	1169.83	386.15	1133.92	291.13	2.44	61.67	0.22	33.92	2805.42	-2091.41	1356.11
Saccade R	1	14	3822869459	3822941440	71981	1169.83	386.15	1133.92	291.13	2.44	61.67	0.22	33.92	2805.42	-2091.41	1356.11
Fixation L	1	18	3822941440	3823249457	308017	1138.53	286.96	18	11	-1	13.77	13.77
Fixation R	1	17	3822941440	3823249457	308017	1138.53	286.96	18	11	-1	12.71	12.71
Saccade L	1	17	3823249457	3823333451	83994	1148.27	292.44	873.61	754.89	12.41	397.02	0.24	147.77	18790.48	-10222.34	7279.32
Saccade R	1	15	3823249457	3823333451	83994	1148.27	292.44	873.61	754.89	12.41	397.02	0.24	147.77	18790.48	-10222.34	7279.32
Fixation L	1	19	3823333451	3823573373	239922	857.26	762.89	26	25	-1	13.58	13.58
Fixation R	1	18	3823333451	3823573373	239922	857.26	762.89	26	25	-1	12.18	12.18
Saccade L	1	18	3823573373	3823605393	32020	852.48	777.03	892.54	769.65	0.86	56.79	0.50	26.74	2547.29	-2309.19	1745.32
Saccade R	1	16	3823573373	3823605393	32020	852.48	777.03	892.54	769.65	0.86	56.79	0.50	26.74	2547.29	-2309.19	1745.32
Fixation L	1	20	3823605393	3823793476	188083	904.98	767.56	22	36	-1	13.46	13.46
Fixation R	1	19	3823605393	3823793476	188083	904.98	767.56	22	36	-1	12.04	12.04
Saccade L	1	19	3823793476	3823825472	31996	911.65	790.27	905.02	650.68	2.81	186.36	0.37	87.91	8612.05	-8546.63	6278.03
Saccade R	1	17	3823793476	3823825472	31996	911.65	790.27	905.02	650.68	2.81	186.36	0.37	87.91	8612.05	-8546.63	6278.03
Fixation L	1	21	3823825472	3824081344	255872	632.72	470.41	912	1132	-1	11.30	11.25
Fixation R	1	20	3823825472	3823973389	147917	904.63	654.57	5	15	-1	11.96	11.96
Fixation L	1	22	3824229346	3824429348	200002	874.72	687.70	26	29	-1	13.50	13.50
Fixation R	1	21	3824229346	3824429348	200002	874.72	687.70	26	29	-1	12.27	12.27
Saccade L	1	20	3824429348	3824489339	59991	869.04	687.93	899.94	864.03	4.29	216.20	0.33	71.51	9916.05	-9633.40	4830.15
Saccade R	1	18	3824429348	3824489339	59991	869.04	687.93	899.94	864.03	4.29	216.20	0.33	71.51	9916.05	-9633.40	4830.15
Fixation L	1	23	3824489339	3824609339	120000	886.08	871.37	22	13	-1	14.10	14.10
Fixation R	1	22	3824489339	3824609339	120000	886.08	871.37	22	13	-1	12.71	12.71
Saccade L	1	21	3824609339	3824653352	44013	878.03	868.34	976.68	881.04	2.87	174.22	0.36	65.11	8122.05	-6676.34	4488.41
Saccade R	1	19	3824609339	3824653352	44013	878.03	868.34	976.68	881.04	2.87	174.22	0.36	65.11	8122.05	-6676.34	4488.41
Fixation L	1	24	3824653352	3824897365	244013	968.36	855.77	13	34	-1	14.53	14.53
Fixation R	1	23	3824653352	3824897365	244013	968.36	855.77	13	34	-1	12.74	12.74
Saccade L	1	22	3824897365	3824957363	59998	967.76	852.68	745.76	885.50	5.47	279.87	0.33	91.21	13872.97	-12854.49	6517.16
Saccade R	1	20	3824897365	3824957363	59998	967.76	852.68	745.76	885.50	5.47	279.87	0.33	91.21	13872.97	-12854.49	6517.16
Fixation L	1	25	3824957363	3825169344	211981	739.62	886.55	17	20	-1	14.92	14.92
Fixation R	1	24	3824957363	3825169344	211981	739.62	886.55	17	20	-1	13.20	13.20
Fixation L	1	26	3825277341	3825609297	331956	1094.45	331.02	54	37	-1	12.95	12.95
Fixation R	1	25	3825277341	3825609297	331956	1094.45	331.02	54	37	-1	13.30	13.30
Saccade L	1	23	3825609297	3825697234	87937	1126.29	335.74	967.83	852.73	12.15	455.45	0.27	138.15	21142.42	-15446.12	7795.56
Saccade R	1	21	3825609297	3825697234	87937	1126.29	335.74	967.83	852.73	12.15	455.45	0.27	138.15	21142.42	-15446.12	7795.56
Fixation L	1	27	3825697234	3825937242	240008	951.18	842.23	34	52	-1	14.10	14.10
Fixation R	1	26	3825697234	3825937242	240008	951.18	842.23	34	52	-1	13.25	13.25
Saccade L	1	24	3825937242	3825977232	39990	938.88	850.88	688.69	879.84	5.27	346.26	0.50	131.83	15547.05	-14770.55	10061.61
Saccade R	1	22	3825937242	3825977232	39990	938.88	850.88	688.69	879.84	5.27	346.26	0.50	131.83	15547.05	-14770.55	10061.61
Fixation L	1	28	3825977232	3826437238	460006	678.89	882.72	51	25	-1	14.99	14.99
Fixation R	1	27	3825977232	3826437238	460006	678.89	882.72	51	25	-1	13.29	13.29
UserEvent	1	2	3826023849	# Message: UE-mouseclick left x=451 y=391
