[BeGaze]
Converted from:	D:\Kirillov\Results\ermolova_temp\Vika-eye_data.idf
Date:	17.04.2019 03:53:44
Version:	BeGaze 3.0.181
Sample Rate:	250
Subject:	Vika
Description:	Run30

Table Header for Fixations:
Event Type	Trial	Number	Start	End	Duration	Location X	Location Y	Dispersion X	Dispersion Y	Plane	Avg. Pupil Size X	Avg. Pupil Size Y

Table Header for Saccades:
Event Type	Trial	Number	Start	End	Duration	Start Loc.X	Start Loc.Y	End Loc.X	End Loc.Y	Amplitude	Peak Speed	Peak Speed At	Average Speed	Peak Accel.	Peak Decel.	Average Accel.

Table Header for User Events:
Event Type	Trial	Number	Start	Description

UserEvent	1	1	6193742824	# Message: experiment-05.jpg
Saccade L	1	1	6193911289	6193935319	24030	0.00	0.00	-7.90	1089.45	14.44	1398.55	0.50	600.89	56203.76	-37084.20	33834.25
Saccade R	1	1	6193911289	6193935319	24030	0.00	0.00	-7.90	1089.45	14.44	1398.55	0.50	600.89	56203.76	-37084.20	33834.25
Saccade L	1	2	6193935319	6193975206	39887	-7.90	1089.45	-33.36	1088.55	8.04	699.67	0.40	201.63	6167.70	-36577.75	12282.59
Saccade R	1	2	6193935319	6193975206	39887	-7.90	1089.45	-33.36	1088.55	8.04	699.67	0.40	201.63	6167.70	-36577.75	12282.59
Saccade L	1	3	6194019288	6194059289	40001	-63.41	1085.16	-85.26	1082.39	15.45	697.79	0.40	386.33	36618.60	-30585.43	22781.28
Saccade R	1	3	6194019288	6194059289	40001	-63.41	1085.16	-85.26	1082.39	15.45	697.79	0.40	386.33	36618.60	-30585.43	22781.28
Saccade L	1	4	6194059289	6194087221	27932	-85.26	1082.39	-1.12	0.00	21.99	2087.69	0.57	787.16	68063.93	-68319.30	44204.39
Saccade R	1	4	6194059289	6194087221	27932	-85.26	1082.39	-1.12	0.00	21.99	2087.69	0.57	787.16	68063.93	-68319.30	44204.39
Saccade L	1	5	6194087221	6194135308	48087	-1.12	0.00	-0.20	0.00	46.37	2087.05	0.33	964.38	68259.34	-87001.13	36782.59
Saccade R	1	5	6194087221	6194135308	48087	-1.12	0.00	-0.20	0.00	46.37	2087.05	0.33	964.38	68259.34	-87001.13	36782.59
Saccade L	1	6	6194151315	6194199297	47982	-0.07	0.00	-112.54	1078.94	38.57	2086.62	0.75	803.85	49673.31	-86686.06	39594.93
Saccade R	1	6	6194151315	6194199297	47982	-0.07	0.00	-112.54	1078.94	38.57	2086.62	0.75	803.85	49673.31	-86686.06	39594.93
Saccade L	1	7	6194211289	6194235238	23949	-115.54	1078.57	-0.08	0.00	21.45	2086.44	0.50	895.73	86682.19	-86973.63	62909.99
Saccade R	1	7	6194211289	6194235238	23949	-115.54	1078.57	-0.08	0.00	21.45	2086.44	0.50	895.73	86682.19	-86973.63	62909.99
Fixation L	1	1	6194235238	6194303201	67963	-14.48	126.78	123	1077	-1	13.67	13.67
Fixation R	1	1	6194259173	6194343167	83994	-33.42	307.94	123	1078	-1	12.67	12.67
Saccade L	1	8	6194303201	6194343167	39966	0.00	0.00	-108.92	1078.64	37.92	2085.10	0.30	948.81	86929.80	-31037.52	37244.72
Fixation R	1	2	6194359169	6194703182	344013	-0.01	0.00	0	0	-1	7.55	7.55
Saccade R	1	8	6194703182	6194727186	24004	0.00	0.00	-106.83	1079.77	21.52	2087.00	0.50	896.50	87010.55	-86597.07	65565.13
Saccade L	1	9	6194739180	6194763176	23996	-110.63	1079.33	-0.13	0.00	21.51	2086.85	0.50	896.23	86593.25	-86982.63	65542.22
Saccade R	1	9	6194739180	6194763176	23996	-110.63	1079.33	-0.13	0.00	21.51	2086.85	0.50	896.23	86593.25	-86982.63	65542.22
Fixation L	1	2	6194763176	6194823185	60009	-0.02	0.00	0	0	-1	15.99	15.99
Fixation R	1	3	6194763176	6194823185	60009	-0.02	0.00	0	0	-1	10.37	10.37
Saccade L	1	10	6194823185	6194851208	28023	0.00	0.00	-111.24	1078.39	19.52	1391.57	0.71	696.68	55916.84	-18489.14	34133.44
Saccade R	1	10	6194823185	6194851208	28023	0.00	0.00	-111.24	1078.39	19.52	1391.57	0.71	696.68	55916.84	-18489.14	34133.44
Saccade L	1	11	6194851208	6194871189	19981	-111.24	1078.39	-0.14	0.00	18.55	2085.26	0.40	928.36	37219.09	-86928.96	44523.02
Saccade R	1	11	6194851208	6194871189	19981	-111.24	1078.39	-0.14	0.00	18.55	2085.26	0.40	928.36	37219.09	-86928.96	44523.02
Fixation L	1	3	6194871189	6194939101	67912	-0.04	0.00	0	0	-1	12.35	12.35
Fixation R	1	4	6194871189	6194939101	67912	-0.04	0.00	0	0	-1	8.52	8.52
Saccade R	1	12	6194939101	6194963184	24083	0.00	0.00	-0.05	0.00	11.98	696.25	0.50	497.41	37298.78	-12417.88	19533.05
Saccade L	1	12	6194991106	6195019189	28083	-0.59	0.00	-66.43	1083.44	10.06	697.13	0.43	358.14	9826.19	-55005.55	23302.75
Saccade R	1	13	6194991106	6195019189	28083	-0.59	0.00	-66.43	1083.44	10.06	697.13	0.43	358.14	9826.19	-55005.55	23302.75
Saccade L	1	13	6195019189	6195067173	47984	-66.43	1083.44	-32.65	1089.35	8.62	385.19	0.42	179.64	19607.14	-18863.34	14598.69
Saccade R	1	14	6195019189	6195067173	47984	-66.43	1083.44	-32.65	1089.35	8.62	385.19	0.42	179.64	19607.14	-18863.34	14598.69
Saccade L	1	14	6195067173	6195143180	76007	-32.65	1089.35	-2.84	1092.00	30.82	1691.79	0.26	405.53	68762.62	-52267.54	20294.37
Saccade R	1	15	6195067173	6195143180	76007	-32.65	1089.35	-2.84	1092.00	30.82	1691.79	0.26	405.53	68762.62	-52267.54	20294.37
Saccade L	1	15	6195143180	6195171198	28018	-2.84	1092.00	1.38	1092.52	12.30	586.89	0.43	438.92	15279.43	-30999.59	17868.23
Saccade R	1	16	6195143180	6195171198	28018	-2.84	1092.00	1.38	1092.52	12.30	586.89	0.43	438.92	15279.43	-30999.59	17868.23
Saccade L	1	16	6195199094	6195223187	24093	8.91	1093.47	8.21	0.00	21.78	2103.59	0.50	903.80	87344.89	-87359.08	65939.00
Saccade R	1	17	6195199094	6195223187	24093	8.91	1093.47	8.21	0.00	21.78	2103.59	0.50	903.80	87344.89	-87359.08	65939.00
Fixation L	1	4	6195223187	6195407212	184025	0.73	0.00	8	0	-1	13.23	13.23
Fixation R	1	5	6195223187	6195407212	184025	0.73	0.00	8	0	-1	10.49	10.49
Saccade L	1	17	6195407212	6195439214	32002	0.00	0.00	20.20	1095.75	22.71	2106.41	0.37	709.79	87828.90	-86720.48	56093.91
Saccade R	1	18	6195407212	6195439214	32002	0.00	0.00	20.20	1095.75	22.71	2106.41	0.37	709.79	87828.90	-86720.48	56093.91
Saccade L	1	18	6195459189	6195523219	64030	33.12	1096.44	72.74	1102.98	38.33	1462.79	0.31	598.64	44723.74	-57047.86	24742.22
Saccade L	1	19	6195535113	6195555204	20091	75.00	1102.79	78.73	1102.08	9.53	710.17	0.40	474.41	37704.89	6295.06	25171.25
Saccade R	1	19	6195535113	6195555204	20091	75.00	1102.79	78.73	1102.08	9.53	710.17	0.40	474.41	37704.89	6295.06	25171.25
Saccade L	1	20	6195555204	6195587191	31987	78.73	1102.08	83.05	1102.70	30.27	2125.57	0.63	946.30	50539.08	-88429.49	44198.91
Saccade R	1	20	6195555204	6195587191	31987	78.73	1102.08	83.05	1102.70	30.27	2125.57	0.63	946.30	50539.08	-88429.49	44198.91
Fixation L	1	5	6195587191	6195671103	83912	87.66	1103.20	8	0	-1	17.31	17.31
Fixation R	1	6	6195587191	6195671103	83912	87.66	1103.20	8	0	-1	5.97	5.97
Saccade L	1	21	6195671103	6195711093	39990	91.83	1103.72	92.93	1103.88	31.02	1421.70	0.70	775.69	69673.70	-57122.46	34003.46
Saccade R	1	21	6195671103	6195711093	39990	91.83	1103.72	92.93	1103.88	31.02	1421.70	0.70	775.69	69673.70	-57122.46	34003.46
Fixation L	1	6	6195839102	6195967063	127961	90.81	1103.58	7	0	-1	17.32	17.32
Fixation R	1	7	6195839102	6195967063	127961	90.81	1103.58	7	0	-1	5.72	5.72
Saccade L	1	22	6196031066	6196051131	20065	89.29	1103.39	93.94	1103.97	9.55	1421.71	0.40	475.83	19106.57	-37996.40	18984.26
Saccade R	1	22	6196031066	6196051131	20065	89.29	1103.39	93.94	1103.97	9.55	1421.71	0.40	475.83	19106.57	-37996.40	18984.26
Saccade L	1	23	6196075078	6196123069	47991	97.29	1104.39	0.39	0.00	36.77	2131.81	0.75	766.26	50785.21	-31737.36	21965.28
Saccade L	1	24	6196123069	6196147066	23997	0.39	0.00	94.99	1104.35	21.95	2131.45	0.50	914.77	38081.05	-88757.97	44391.08
Saccade R	1	23	6196123069	6196147066	23997	0.39	0.00	94.99	1104.35	21.95	2131.45	0.50	914.77	38081.05	-88757.97	44391.08
Fixation R	1	8	6196147066	6196219072	72006	92.25	1043.23	96	1104	-1	5.10	5.10
Saccade R	1	24	6196343069	6196379088	36019	0.00	0.00	103.39	1105.26	27.72	2050.81	0.33	769.72	86739.66	-73309.16	51863.68
Saccade L	1	25	6196391109	6196415082	23973	103.52	1105.26	0.46	0.00	21.96	2134.73	0.50	916.07	88986.11	-88955.10	67183.87
Saccade R	1	25	6196391109	6196415082	23973	103.52	1105.26	0.46	0.00	21.96	2134.73	0.50	916.07	88986.11	-88955.10	67183.87
Fixation L	1	7	6196415082	6196803083	388001	0.01	0.00	0	0	-1	3.88	3.88
Fixation R	1	9	6196415082	6196803083	388001	0.01	0.00	0	0	-1	8.33	8.33
Fixation R	1	10	6201010143	6201498059	487916	16.23	18.36	990	1120	-1	3.66	3.66
Saccade L	1	26	6201478032	6201498059	20027	0.00	0.00	990.36	1119.79	25.59	2870.45	0.60	1277.64	119740.41	6.21	58433.93
Saccade L	1	27	6201498059	6201518036	19977	990.36	1119.79	0.00	0.00	25.52	2870.65	0.40	1277.68	6.21	-119735.34	58432.43
Saccade R	1	26	6201498059	6201518036	19977	990.36	1119.79	0.00	0.00	25.52	2870.65	0.40	1277.68	6.21	-119735.34	58432.43
Fixation L	1	8	6201518036	6202222043	704007	0.00	0.00	0	0	-1	15.69	15.69
Fixation R	1	11	6201518036	6202222043	704007	0.00	0.00	0	0	-1	14.17	14.17
Saccade L	1	28	6202270049	6202561931	291882	10.20	0.00	0.00	0.00	261.18	2742.70	0.63	894.82	80291.09	-98359.24	27960.41
Fixation L	1	9	6202561931	6202925916	363985	0.00	0.00	0	0	-1	17.13	17.13
Fixation R	1	12	6202561931	6202925916	363985	0.00	0.00	0	0	-1	0.24	0.24
Fixation L	1	10	6202941916	6203405938	464022	102.22	29.69	1555	892	-1	2.38	2.38
Fixation R	1	13	6203005961	6203405938	399977	0.00	0.00	0	0	-1	0.00	0.00
