[BeGaze]
Converted from:	D:\Kirillov\Results\ermolova_temp\Ignat2-eye_data.idf
Date:	17.04.2019 03:54:16
Version:	BeGaze 3.0.181
Sample Rate:	250
Subject:	Ignat2
Description:	Run37

Table Header for Fixations:
Event Type	Trial	Number	Start	End	Duration	Location X	Location Y	Dispersion X	Dispersion Y	Plane	Avg. Pupil Size X	Avg. Pupil Size Y

Table Header for Saccades:
Event Type	Trial	Number	Start	End	Duration	Start Loc.X	Start Loc.Y	End Loc.X	End Loc.Y	Amplitude	Peak Speed	Peak Speed At	Average Speed	Peak Accel.	Peak Decel.	Average Accel.

Table Header for User Events:
Event Type	Trial	Number	Start	Description

UserEvent	1	1	5572586840	# Message: Questionnaire17.jpg
Saccade L	1	1	5572588895	5572672905	84010	951.65	286.26	851.91	-20.29	11.25	464.67	0.29	133.88	18276.81	-13259.52	4764.52
Saccade R	1	1	5572588895	5572672905	84010	951.65	286.26	851.91	-20.29	11.25	464.67	0.29	133.88	18276.81	-13259.52	4764.52
Saccade L	1	2	5572672905	5572708936	36031	851.91	-20.29	866.86	-28.27	1.34	75.76	0.78	37.25	2186.07	-1533.29	990.59
Saccade R	1	2	5572672905	5572708936	36031	851.91	-20.29	866.86	-28.27	1.34	75.76	0.78	37.25	2186.07	-1533.29	990.59
Saccade L	1	3	5572708936	5572728888	19952	866.86	-28.27	833.26	9.14	0.92	83.43	0.40	46.24	120.43	-2706.94	1270.95
Saccade R	1	3	5572708936	5572728888	19952	866.86	-28.27	833.26	9.14	0.92	83.43	0.40	46.24	120.43	-2706.94	1270.95
Saccade L	1	4	5572736891	5572756948	20057	839.56	6.63	821.50	22.70	0.55	49.97	0.40	27.59	969.29	-1934.63	1032.44
Saccade R	1	4	5572736891	5572756948	20057	839.56	6.63	821.50	22.70	0.55	49.97	0.40	27.59	969.29	-1934.63	1032.44
Saccade L	1	5	5572772893	5572796887	23994	822.45	29.15	834.21	-24.33	1.10	74.23	0.50	45.72	3491.58	-3207.61	2425.68
Saccade R	1	5	5572772893	5572796887	23994	822.45	29.15	834.21	-24.33	1.10	74.23	0.50	45.72	3491.58	-3207.61	2425.68
Fixation L	1	1	5572796887	5572912890	116003	849.23	-31.68	20	35	-1	11.03	11.03
Fixation R	1	1	5572796887	5572912890	116003	849.23	-31.68	20	35	-1	10.69	10.69
Saccade L	1	6	5572929036	5572964904	35868	866.96	-37.83	794.70	57.53	2.57	151.96	0.67	71.55	5657.40	-6659.95	3750.78
Saccade R	1	6	5572929036	5572964904	35868	866.96	-37.83	794.70	57.53	2.57	151.96	0.67	71.55	5657.40	-6659.95	3750.78
Fixation L	1	2	5572964904	5573016893	51989	786.19	60.99	14	24	-1	11.06	11.06
Fixation R	1	2	5572964904	5573016893	51989	786.19	60.99	14	24	-1	10.51	10.51
Saccade L	1	7	5573052888	5573072891	20003	769.04	76.63	601.86	-7.05	3.28	354.97	0.60	163.91	14483.68	765.24	7494.61
Saccade R	1	7	5573052888	5573072891	20003	769.04	76.63	601.86	-7.05	3.28	354.97	0.60	163.91	14483.68	765.24	7494.61
Saccade L	1	8	5573072891	5573100898	28007	601.86	-7.05	790.33	65.16	3.86	372.68	0.29	137.89	765.24	-15031.56	6693.12
Saccade R	1	8	5573072891	5573100898	28007	601.86	-7.05	790.33	65.16	3.86	372.68	0.29	137.89	765.24	-15031.56	6693.12
Fixation L	1	3	5573128914	5573220916	92002	799.58	35.68	6	49	-1	11.23	11.23
Fixation R	1	3	5573128914	5573220916	92002	799.58	35.68	6	49	-1	10.84	10.84
Saccade L	1	9	5573220916	5573240915	19999	797.40	57.47	792.51	52.21	0.68	68.75	0.60	34.23	2817.81	-2164.44	1681.62
Saccade R	1	9	5573220916	5573240915	19999	797.40	57.47	792.51	52.21	0.68	68.75	0.60	34.23	2817.81	-2164.44	1681.62
Saccade L	1	10	5573288901	5573320916	32015	791.00	23.91	762.90	73.91	1.35	76.57	0.62	42.31	2692.97	-3124.45	2136.53
Saccade R	1	10	5573288901	5573320916	32015	791.00	23.91	762.90	73.91	1.35	76.57	0.62	42.31	2692.97	-3124.45	2136.53
Saccade L	1	11	5573384925	5573404910	19985	566.26	34.93	750.96	70.25	2.11	237.83	0.40	105.73	-59.81	-10996.41	6220.49
Saccade R	1	11	5573384925	5573404910	19985	566.26	34.93	750.96	70.25	2.11	237.83	0.40	105.73	-59.81	-10996.41	6220.49
Saccade L	1	12	5573452908	5573472909	20001	769.42	71.21	579.46	4.09	2.22	259.24	0.40	111.07	3175.43	-5907.64	2120.03
Saccade R	1	12	5573452908	5573472909	20001	769.42	71.21	579.46	4.09	2.22	259.24	0.40	111.07	3175.43	-5907.64	2120.03
Saccade L	1	13	5573472909	5573492894	19985	579.46	4.09	586.67	8.16	1.33	136.25	0.40	66.71	4692.82	-5907.64	3303.53
Saccade R	1	13	5573472909	5573492894	19985	579.46	4.09	586.67	8.16	1.33	136.25	0.40	66.71	4692.82	-5907.64	3303.53
Saccade L	1	14	5573516911	5573536911	20000	585.02	-3.42	770.74	30.48	2.94	355.87	0.40	146.78	11320.22	-14282.24	8344.06
Saccade R	1	14	5573516911	5573536911	20000	585.02	-3.42	770.74	30.48	2.94	355.87	0.40	146.78	11320.22	-14282.24	8344.06
Fixation L	1	4	5573536911	5573588900	51989	778.39	41.95	15	28	-1	11.29	11.29
Fixation R	1	4	5573536911	5573588900	51989	778.39	41.95	15	28	-1	11.21	11.21
Saccade L	1	15	5573608930	5573632901	23971	774.67	63.96	771.60	65.51	3.64	390.48	0.33	151.88	5414.04	-2618.28	2946.92
Saccade R	1	15	5573608930	5573632901	23971	774.67	63.96	771.60	65.51	3.64	390.48	0.33	151.88	5414.04	-2618.28	2946.92
UserEvent	1	2	5573622887	# Message: UE-mouseclick left x=361 y=263
Saccade L	1	16	5573680807	5573712780	31973	585.79	-4.92	757.55	39.24	4.01	348.39	0.37	125.41	14372.48	-13936.71	9536.90
Saccade R	1	16	5573680807	5573712780	31973	585.79	-4.92	757.55	39.24	4.01	348.39	0.37	125.41	14372.48	-13936.71	9536.90
Saccade L	1	17	5573760782	5573808784	48002	758.51	44.93	570.13	-3.43	6.31	373.54	0.42	131.39	14981.24	-8993.59	7488.89
Saccade R	1	17	5573760782	5573808784	48002	758.51	44.93	570.13	-3.43	6.31	373.54	0.42	131.39	14981.24	-8993.59	7488.89
Saccade L	1	18	5573808784	5573832786	24002	570.13	-3.43	746.83	70.57	3.25	361.92	0.33	135.42	7636.13	-14804.73	7421.86
Saccade R	1	18	5573808784	5573832786	24002	570.13	-3.43	746.83	70.57	3.25	361.92	0.33	135.42	7636.13	-14804.73	7421.86
Saccade L	1	19	5573848826	5573884786	35960	749.23	70.33	542.81	204.59	6.09	347.03	0.33	169.24	15399.06	-13528.93	10323.99
Saccade R	1	19	5573848826	5573884786	35960	749.23	70.33	542.81	204.59	6.09	347.03	0.33	169.24	15399.06	-13528.93	10323.99
Saccade L	1	20	5573884786	5573908784	23998	542.81	204.59	526.66	250.69	0.95	72.74	0.50	39.45	487.34	-6901.64	2204.11
Saccade R	1	20	5573884786	5573908784	23998	542.81	204.59	526.66	250.69	0.95	72.74	0.50	39.45	487.34	-6901.64	2204.11
Fixation L	1	5	5573908784	5574088801	180017	520.82	238.99	22	36	-1	11.50	11.50
Fixation R	1	5	5573908784	5574088801	180017	520.82	238.99	22	36	-1	11.03	11.03
Saccade L	1	21	5574088801	5574112786	23985	516.80	240.78	535.31	211.20	0.74	57.07	0.50	30.95	2356.21	-1821.69	1613.68
Saccade R	1	21	5574088801	5574112786	23985	516.80	240.78	535.31	211.20	0.74	57.07	0.50	30.95	2356.21	-1821.69	1613.68
Fixation L	1	6	5574112786	5574188792	76006	540.66	199.99	13	24	-1	11.51	11.51
Fixation R	1	6	5574112786	5574188792	76006	540.66	199.99	13	24	-1	11.11	11.11
UserEvent	1	3	5574126897	# Message: UE-mouseclick left x=393 y=389
Saccade L	1	22	5574188792	5574216794	28002	533.47	190.69	529.01	246.51	1.05	68.08	0.57	37.54	3089.63	-2615.07	2126.32
Saccade R	1	22	5574188792	5574216794	28002	533.47	190.69	529.01	246.51	1.05	68.08	0.57	37.54	3089.63	-2615.07	2126.32
