[BeGaze]
Converted from:	D:\Kirillov\Results\ermolova_temp\Kate 02-eye_data.idf
Date:	17.04.2019 03:52:30
Version:	BeGaze 3.0.181
Sample Rate:	250
Subject:	Kate 02
Description:	Run7

Table Header for Fixations:
Event Type	Trial	Number	Start	End	Duration	Location X	Location Y	Dispersion X	Dispersion Y	Plane	Avg. Pupil Size X	Avg. Pupil Size Y

Table Header for Saccades:
Event Type	Trial	Number	Start	End	Duration	Start Loc.X	Start Loc.Y	End Loc.X	End Loc.Y	Amplitude	Peak Speed	Peak Speed At	Average Speed	Peak Accel.	Peak Decel.	Average Accel.

Table Header for User Events:
Event Type	Trial	Number	Start	Description

UserEvent	1	1	4194489626	# Message: experiment-07.jpg
Fixation L	1	1	4194492115	4194744134	252019	478.90	378.92	30	55	-1	16.76	16.76
Fixation R	1	1	4194492115	4194744134	252019	478.90	378.92	30	55	-1	16.51	16.51
Saccade L	1	1	4194744134	4194800143	56009	477.02	402.78	792.30	652.24	9.30	345.39	0.36	166.08	16297.56	-10848.85	9094.08
Saccade R	1	1	4194744134	4194800143	56009	477.02	402.78	792.30	652.24	9.30	345.39	0.36	166.08	16297.56	-10848.85	9094.08
Fixation L	1	2	4194800143	4195080132	279989	801.84	670.35	19	28	-1	15.83	15.83
Fixation R	1	2	4194800143	4195080132	279989	801.84	670.35	19	28	-1	16.39	16.39
Saccade L	1	2	4195080132	4195100125	19993	808.27	659.72	735.21	658.23	1.45	148.81	0.60	72.53	6301.86	-5965.23	4172.07
Saccade R	1	2	4195080132	4195100125	19993	808.27	659.72	735.21	658.23	1.45	148.81	0.60	72.53	6301.86	-5965.23	4172.07
Fixation L	1	3	4195100125	4195356133	256008	724.70	661.34	34	15	-1	14.62	14.62
Fixation R	1	3	4195100125	4195356133	256008	724.70	661.34	34	15	-1	15.26	15.26
Saccade R	1	3	4195356133	4195408128	51995	721.80	660.78	0.00	0.00	30.33	2241.19	0.77	583.30	76017.21	-95349.45	37279.73
Saccade R	1	4	4195448156	4195512010	63854	0.00	0.00	705.14	630.26	34.90	1199.30	0.44	546.58	56728.44	-39766.28	19658.87
Saccade L	1	3	4195520006	4195540001	19995	701.04	636.84	656.94	634.64	0.66	53.23	0.60	32.93	1087.12	-2404.10	1025.07
Saccade R	1	5	4195520006	4195540001	19995	701.04	636.84	656.94	634.64	0.66	53.23	0.60	32.93	1087.12	-2404.10	1025.07
Fixation L	1	4	4195540001	4195836027	296026	661.73	637.67	16	27	-1	14.61	14.61
Fixation R	1	4	4195540001	4195836027	296026	661.73	637.67	16	27	-1	15.16	15.16
Saccade L	1	4	4195836027	4195892012	55985	656.81	618.25	767.68	687.83	3.48	199.95	0.29	62.24	8578.16	-7755.99	3688.70
Saccade R	1	6	4195836027	4195892012	55985	656.81	618.25	767.68	687.83	3.48	199.95	0.29	62.24	8578.16	-7755.99	3688.70
Fixation L	1	5	4195892012	4196280008	387996	776.92	668.60	40	53	-1	15.28	15.28
Fixation R	1	5	4195892012	4196280008	387996	776.92	668.60	40	53	-1	16.07	16.07
Saccade L	1	5	4196280008	4196332013	52005	782.28	654.58	1144.66	496.81	8.78	303.78	0.38	168.76	14801.10	-11434.73	8831.32
Saccade R	1	7	4196280008	4196332013	52005	782.28	654.58	1144.66	496.81	8.78	303.78	0.38	168.76	14801.10	-11434.73	8831.32
Fixation L	1	6	4196332013	4196472022	140009	1157.92	503.95	23	18	-1	15.20	15.20
Fixation R	1	6	4196332013	4196472022	140009	1157.92	503.95	23	18	-1	15.97	15.97
Saccade L	1	6	4196472022	4196496027	24005	1150.21	511.09	1182.43	481.77	1.01	73.01	0.67	41.90	3303.69	-2144.40	2016.58
Saccade R	1	8	4196472022	4196496027	24005	1150.21	511.09	1182.43	481.77	1.01	73.01	0.67	41.90	3303.69	-2144.40	2016.58
Fixation L	1	7	4196496027	4196788028	292001	1209.00	446.17	42	63	-1	14.88	14.88
Fixation R	1	7	4196496027	4196788028	292001	1209.00	446.17	42	63	-1	15.42	15.42
Saccade L	1	7	4196788028	4196844032	56004	1215.45	420.31	969.40	749.77	9.38	391.82	0.36	167.54	17674.85	-9330.41	9149.63
Saccade R	1	9	4196788028	4196844032	56004	1215.45	420.31	969.40	749.77	9.38	391.82	0.36	167.54	17674.85	-9330.41	9149.63
Fixation L	1	8	4196844032	4197183942	339910	956.73	765.92	37	26	-1	15.12	15.12
Fixation R	1	8	4196844032	4197183942	339910	956.73	765.92	37	26	-1	15.54	15.54
Saccade L	1	8	4197183942	4197235906	51964	931.87	753.81	1117.18	350.38	9.56	322.04	0.62	183.98	14964.64	-15187.70	9966.36
Saccade R	1	10	4197183942	4197235906	51964	931.87	753.81	1117.18	350.38	9.56	322.04	0.62	183.98	14964.64	-15187.70	9966.36
Fixation L	1	9	4197235906	4197447903	211997	1124.23	323.44	20	83	-1	14.53	14.53
Fixation R	1	9	4197235906	4197447903	211997	1124.23	323.44	20	83	-1	15.29	15.29
Saccade L	1	9	4197447903	4197471916	24013	1138.91	313.52	1165.47	333.63	0.68	52.28	0.50	28.40	1280.51	-1634.98	1067.81
Saccade R	1	11	4197447903	4197471916	24013	1138.91	313.52	1165.47	333.63	0.68	52.28	0.50	28.40	1280.51	-1634.98	1067.81
Fixation L	1	10	4197471916	4197683929	212013	1177.75	343.91	23	26	-1	14.74	14.74
Fixation R	1	10	4197471916	4197683929	212013	1177.75	343.91	23	26	-1	15.27	15.27
Saccade L	1	10	4197683929	4197751937	68008	1174.84	342.49	907.42	680.20	9.59	394.74	0.24	140.95	18635.01	-11204.14	7893.44
Saccade R	1	12	4197683929	4197751937	68008	1174.84	342.49	907.42	680.20	9.59	394.74	0.24	140.95	18635.01	-11204.14	7893.44
Fixation L	1	11	4197751937	4197935922	183985	900.23	691.41	16	17	-1	15.51	15.51
Fixation R	1	11	4197751937	4197935922	183985	900.23	691.41	16	17	-1	15.88	15.88
Saccade L	1	11	4197935922	4197959920	23998	904.86	695.16	891.25	745.76	1.09	87.55	0.50	45.44	4069.64	-3583.76	2715.87
Saccade R	1	13	4197935922	4197959920	23998	904.86	695.16	891.25	745.76	1.09	87.55	0.50	45.44	4069.64	-3583.76	2715.87
Fixation L	1	12	4197959920	4198227907	267987	887.09	762.39	15	32	-1	15.45	15.45
Fixation R	1	12	4197959920	4198227907	267987	887.09	762.39	15	32	-1	16.05	16.05
Saccade L	1	12	4198227907	4198247915	20008	884.75	764.27	858.91	752.66	0.51	45.30	0.60	25.66	1868.86	-1542.62	1255.82
Saccade R	1	14	4198227907	4198247915	20008	884.75	764.27	858.91	752.66	0.51	45.30	0.60	25.66	1868.86	-1542.62	1255.82
Fixation L	1	13	4198247915	4198699807	451892	839.86	735.08	37	52	-1	15.18	15.18
Fixation R	1	13	4198247915	4198699807	451892	839.86	735.08	37	52	-1	15.64	15.64
Saccade L	1	13	4198699807	4198723802	23995	823.90	702.43	761.01	713.94	1.41	117.57	0.50	58.76	5190.33	-4756.66	3567.10
Saccade R	1	15	4198699807	4198723802	23995	823.90	702.43	761.01	713.94	1.41	117.57	0.50	58.76	5190.33	-4756.66	3567.10
Fixation L	1	14	4198723802	4198851813	128011	749.17	720.49	30	15	-1	15.25	15.25
Fixation R	1	14	4198723802	4198851813	128011	749.17	720.49	30	15	-1	15.56	15.56
Saccade L	1	14	4198851813	4198915827	64014	751.41	730.07	722.02	338.49	9.13	245.00	0.44	142.64	11049.15	-6941.52	6076.74
Saccade R	1	16	4198851813	4198915827	64014	751.41	730.07	722.02	338.49	9.13	245.00	0.44	142.64	11049.15	-6941.52	6076.74
Fixation L	1	15	4198915827	4199043791	127964	726.21	327.53	19	46	-1	15.03	15.03
Fixation R	1	15	4198915827	4199043791	127964	726.21	327.53	19	46	-1	15.39	15.39
Saccade L	1	15	4199043791	4199091813	48022	734.23	298.16	933.40	309.63	4.71	277.23	0.33	98.09	12325.88	-11128.23	6635.85
Saccade R	1	17	4199043791	4199091813	48022	734.23	298.16	933.40	309.63	4.71	277.23	0.33	98.09	12325.88	-11128.23	6635.85
Fixation L	1	16	4199091813	4199275801	183988	961.13	295.70	39	38	-1	14.77	14.77
Fixation R	1	16	4199091813	4199275801	183988	961.13	295.70	39	38	-1	15.38	15.38
Saccade L	1	16	4199275801	4199343834	68033	973.16	280.56	774.87	643.34	9.60	333.36	0.24	141.17	16037.90	-9518.45	6780.39
Saccade R	1	18	4199275801	4199343834	68033	973.16	280.56	774.87	643.34	9.60	333.36	0.24	141.17	16037.90	-9518.45	6780.39
Fixation L	1	17	4199343834	4199419815	75981	761.43	636.64	22	38	-1	15.17	15.17
Fixation R	1	17	4199343834	4199419815	75981	761.43	636.64	22	38	-1	15.29	15.29
Saccade L	1	17	4199419815	4199475798	55983	758.36	609.43	759.41	670.63	3.44	134.75	0.79	61.49	2849.72	-6030.54	2209.47
Saccade R	1	19	4199419815	4199475798	55983	758.36	609.43	759.41	670.63	3.44	134.75	0.79	61.49	2849.72	-6030.54	2209.47
Fixation L	1	18	4199475798	4199743719	267921	762.12	665.20	20	23	-1	15.49	15.49
Fixation R	1	18	4199475798	4199743719	267921	762.12	665.20	20	23	-1	15.97	15.97
Saccade L	1	18	4199743719	4199803676	59957	767.90	670.48	1010.44	360.45	8.82	298.22	0.40	147.04	14135.02	-10567.01	7929.37
Saccade R	1	20	4199743719	4199803676	59957	767.90	670.48	1010.44	360.45	8.82	298.22	0.40	147.04	14135.02	-10567.01	7929.37
Fixation L	1	19	4199803676	4199927685	124009	1026.05	332.40	23	41	-1	15.19	15.19
Fixation R	1	19	4199803676	4199927685	124009	1026.05	332.40	23	41	-1	15.69	15.69
Saccade L	1	19	4199927685	4199967722	40037	1016.82	327.99	885.47	647.13	7.51	379.65	0.60	187.65	16519.77	-17489.32	12389.15
Saccade R	1	21	4199927685	4199967722	40037	1016.82	327.99	885.47	647.13	7.51	379.65	0.60	187.65	16519.77	-17489.32	12389.15
Fixation L	1	20	4199967722	4200163692	195970	892.77	665.90	24	48	-1	15.22	15.22
Fixation R	1	20	4199967722	4200163692	195970	892.77	665.90	24	48	-1	15.51	15.51
Saccade L	1	20	4200163692	4200187712	24020	885.05	679.58	908.08	639.80	1.09	94.36	0.50	45.29	4020.22	-3824.21	2825.05
Saccade R	1	22	4200163692	4200187712	24020	885.05	679.58	908.08	639.80	1.09	94.36	0.50	45.29	4020.22	-3824.21	2825.05
Fixation L	1	21	4200187712	4200259708	71996	924.18	639.61	22	13	-1	15.34	15.34
Fixation R	1	21	4200187712	4200259708	71996	924.18	639.61	22	13	-1	15.59	15.59
Saccade L	1	21	4200259708	4200303712	44004	928.02	633.30	1055.02	346.59	7.03	422.80	0.36	159.82	19787.18	-19350.44	12042.73
Saccade R	1	23	4200259708	4200303712	44004	928.02	633.30	1055.02	346.59	7.03	422.80	0.36	159.82	19787.18	-19350.44	12042.73
Fixation L	1	22	4200367698	4200459718	92020	1065.82	301.21	19	46	-1	15.13	15.13
Fixation R	1	22	4200367698	4200459718	92020	1065.82	301.21	19	46	-1	15.35	15.35
Saccade L	1	22	4200459718	4200491692	31974	1073.92	321.45	1193.47	326.60	2.52	169.89	0.50	78.66	7568.78	-7625.72	5523.67
Saccade R	1	24	4200459718	4200491692	31974	1073.92	321.45	1193.47	326.60	2.52	169.89	0.50	78.66	7568.78	-7625.72	5523.67
Fixation L	1	23	4200491692	4200659701	168009	1218.18	309.01	35	46	-1	15.09	15.09
Fixation R	1	23	4200491692	4200659701	168009	1218.18	309.01	35	46	-1	15.41	15.41
Saccade L	1	23	4200659701	4200711712	52011	1219.94	307.66	939.40	705.89	10.50	487.38	0.31	201.92	23944.80	-16616.71	12074.23
Saccade R	1	25	4200659701	4200711712	52011	1219.94	307.66	939.40	705.89	10.50	487.38	0.31	201.92	23944.80	-16616.71	12074.23
Fixation L	1	24	4200711712	4200815694	103982	918.58	714.01	28	13	-1	15.69	15.69
Fixation R	1	24	4200711712	4200815694	103982	918.58	714.01	28	13	-1	16.12	16.12
Saccade L	1	24	4200815694	4200839705	24011	920.04	716.63	936.29	688.59	0.74	57.16	0.50	30.81	2098.61	-2173.56	1572.91
Saccade R	1	26	4200815694	4200839705	24011	920.04	716.63	936.29	688.59	0.74	57.16	0.50	30.81	2098.61	-2173.56	1572.91
Fixation L	1	25	4200839705	4201067707	228002	934.74	688.88	12	17	-1	15.56	15.56
Fixation R	1	25	4200839705	4201067707	228002	934.74	688.88	12	17	-1	15.90	15.90
Saccade L	1	25	4201067707	4201087721	20014	928.76	689.10	968.50	686.87	0.81	72.22	0.60	40.63	3147.70	-3253.69	2289.13
Saccade R	1	27	4201067707	4201087721	20014	928.76	689.10	968.50	686.87	0.81	72.22	0.60	40.63	3147.70	-3253.69	2289.13
Fixation L	1	26	4201087721	4201247644	159923	977.44	686.81	13	9	-1	14.85	14.85
Fixation R	1	26	4201087721	4201247644	159923	977.44	686.81	13	9	-1	15.43	15.43
Saccade L	1	26	4201247644	4201299597	51953	982.00	682.52	1273.29	341.29	9.83	357.67	0.38	189.23	16841.93	-15024.67	10713.10
Saccade R	1	28	4201247644	4201299597	51953	982.00	682.52	1273.29	341.29	9.83	357.67	0.38	189.23	16841.93	-15024.67	10713.10
Fixation L	1	27	4201299597	4201491593	191996	1282.99	347.19	24	43	-1	14.57	14.57
Fixation R	1	27	4201299597	4201491593	191996	1282.99	347.19	24	43	-1	15.00	15.00
Saccade L	1	27	4201491593	4201531594	40001	1302.02	347.26	1036.21	357.66	5.58	293.34	0.30	139.54	13526.78	-11169.61	8768.40
Saccade R	1	29	4201491593	4201531594	40001	1302.02	347.26	1036.21	357.66	5.58	293.34	0.30	139.54	13526.78	-11169.61	8768.40
Fixation L	1	28	4201531594	4201663632	132038	1020.29	374.81	26	39	-1	14.61	14.61
Fixation R	1	28	4201531594	4201663632	132038	1020.29	374.81	26	39	-1	15.09	15.09
Saccade L	1	28	4201663632	4201707581	43949	1019.55	381.05	785.52	609.90	6.98	381.80	0.36	158.81	18701.67	-16712.63	11629.74
Saccade R	1	30	4201663632	4201707581	43949	1019.55	381.05	785.52	609.90	6.98	381.80	0.36	158.81	18701.67	-16712.63	11629.74
Fixation L	1	29	4201707581	4201871609	164028	784.66	613.23	8	8	-1	15.02	15.02
Fixation R	1	29	4201707581	4201871609	164028	784.66	613.23	8	8	-1	15.48	15.48
Saccade L	1	29	4201871609	4201895600	23991	784.94	608.46	735.37	637.58	1.15	94.12	0.67	47.74	4514.33	-3729.14	3038.70
Saccade R	1	31	4201871609	4201895600	23991	784.94	608.46	735.37	637.58	1.15	94.12	0.67	47.74	4514.33	-3729.14	3038.70
Fixation L	1	30	4201895600	4202119579	223979	744.42	655.54	24	29	-1	15.10	15.10
Fixation R	1	30	4201895600	4202119579	223979	744.42	655.54	24	29	-1	15.57	15.57
Saccade L	1	30	4202119579	4202147585	28006	753.65	656.35	684.91	641.95	1.53	114.58	0.43	54.56	5496.74	-5080.40	3862.66
Saccade R	1	32	4202119579	4202147585	28006	753.65	656.35	684.91	641.95	1.53	114.58	0.43	54.56	5496.74	-5080.40	3862.66
Fixation L	1	31	4202147585	4202235587	88002	673.18	633.31	61	66	-1	14.96	14.96
Fixation R	1	31	4202147585	4202235587	88002	673.18	633.31	61	66	-1	15.46	15.46
