[BeGaze]
Converted from:	D:\Kirillov\Results\ermolova_temp\Nastya 3kurs-eye_data.idf
Date:	17.04.2019 03:52:17
Version:	BeGaze 3.0.181
Sample Rate:	250
Subject:	Nastya 3kurs
Description:	Run3

Table Header for Fixations:
Event Type	Trial	Number	Start	End	Duration	Location X	Location Y	Dispersion X	Dispersion Y	Plane	Avg. Pupil Size X	Avg. Pupil Size Y

Table Header for Saccades:
Event Type	Trial	Number	Start	End	Duration	Start Loc.X	Start Loc.Y	End Loc.X	End Loc.Y	Amplitude	Peak Speed	Peak Speed At	Average Speed	Peak Accel.	Peak Decel.	Average Accel.

Table Header for User Events:
Event Type	Trial	Number	Start	Description

UserEvent	1	1	5122032193	# Message: Questionnaire4.jpg
Fixation L	1	1	5122033546	5122139555	106009	627.70	784.00	19	21	-1	15.28	15.28
Fixation R	1	1	5122033546	5122139555	106009	627.70	784.00	19	21	-1	14.10	14.10
Saccade L	1	1	5122139555	5122191772	52217	614.23	794.12	618.51	526.51	6.32	246.34	0.38	121.08	11327.84	-10578.76	7289.40
Saccade R	1	1	5122139555	5122191772	52217	614.23	794.12	618.51	526.51	6.32	246.34	0.38	121.08	11327.84	-10578.76	7289.40
Fixation L	1	2	5122191772	5122315235	123463	613.31	528.13	14	37	-1	14.94	14.94
Fixation R	1	2	5122191772	5122315235	123463	613.31	528.13	14	37	-1	13.58	13.58
Saccade L	1	2	5122315235	5122359590	44355	604.59	539.02	436.92	431.20	4.78	214.96	0.38	107.66	10223.41	-8342.27	6235.13
Saccade R	1	2	5122315235	5122359590	44355	604.59	539.02	436.92	431.20	4.78	214.96	0.38	107.66	10223.41	-8342.27	6235.13
Saccade L	1	3	5122359590	5122381920	22330	436.92	431.20	427.57	294.12	1.93	182.42	0.58	86.52	6832.09	-1802.02	3848.32
Saccade R	1	3	5122359590	5122381920	22330	436.92	431.20	427.57	294.12	1.93	182.42	0.58	86.52	6832.09	-1802.02	3848.32
Saccade L	1	4	5122381920	5122487574	105654	427.57	294.12	400.86	390.77	17.86	398.57	0.66	169.01	15411.82	-13976.80	6185.65
Saccade R	1	4	5122381920	5122487574	105654	427.57	294.12	400.86	390.77	17.86	398.57	0.66	169.01	15411.82	-13976.80	6185.65
Saccade L	1	5	5122495560	5122539562	44002	403.29	388.54	382.97	374.38	6.58	385.52	0.36	149.53	15149.35	-14766.49	8904.33
Saccade R	1	5	5122495560	5122539562	44002	403.29	388.54	382.97	374.38	6.58	385.52	0.36	149.53	15149.35	-14766.49	8904.33
Fixation L	1	3	5122539562	5122675558	135996	379.53	362.38	24	52	-1	14.48	14.48
Fixation R	1	3	5122539562	5122675558	135996	379.53	362.38	24	52	-1	13.48	13.48
Saccade L	1	6	5122675558	5122704500	28942	372.16	342.91	386.98	341.48	0.77	48.03	0.41	26.75	1194.97	-1135.22	889.95
Saccade R	1	6	5122675558	5122704500	28942	372.16	342.91	386.98	341.48	0.77	48.03	0.41	26.75	1194.97	-1135.22	889.95
Fixation L	1	4	5122704500	5122775556	71056	382.19	353.01	24	24	-1	14.61	14.61
Fixation R	1	4	5122704500	5122775556	71056	382.19	353.01	24	24	-1	13.51	13.51
Saccade L	1	7	5122775556	5122799575	24019	374.81	363.50	373.52	349.75	0.73	42.98	0.50	30.49	1436.33	-1308.97	996.03
Saccade R	1	7	5122775556	5122799575	24019	374.81	363.50	373.52	349.75	0.73	42.98	0.50	30.49	1436.33	-1308.97	996.03
Fixation L	1	5	5122799575	5122951567	151992	379.91	351.73	45	30	-1	14.76	14.76
Fixation R	1	5	5122799575	5122951567	151992	379.91	351.73	45	30	-1	13.45	13.45
Saccade L	1	8	5122951567	5122987568	36001	360.03	362.94	395.46	328.71	1.37	69.32	0.33	38.08	2884.71	-1696.76	1425.20
Saccade R	1	8	5122951567	5122987568	36001	360.03	362.94	395.46	328.71	1.37	69.32	0.33	38.08	2884.71	-1696.76	1425.20
Fixation L	1	6	5122987568	5123059571	72003	414.83	337.75	27	21	-1	14.74	14.74
Fixation R	1	6	5122987568	5123059571	72003	414.83	337.75	27	21	-1	13.62	13.62
Saccade L	1	9	5123059571	5123083568	23997	421.13	339.39	413.90	310.33	0.60	42.13	0.50	24.89	1645.26	-1526.59	1137.18
Saccade R	1	9	5123059571	5123083568	23997	421.13	339.39	413.90	310.33	0.60	42.13	0.50	24.89	1645.26	-1526.59	1137.18
Saccade L	1	10	5123127560	5123147568	20008	402.74	310.97	403.48	338.26	0.56	41.54	0.60	28.09	1252.49	-1522.08	983.02
Saccade R	1	10	5123127560	5123147568	20008	402.74	310.97	403.48	338.26	0.56	41.54	0.60	28.09	1252.49	-1522.08	983.02
Saccade L	1	11	5123187601	5123231578	43977	400.52	331.13	333.90	384.45	2.46	149.34	0.36	55.90	6279.05	-5197.72	3031.86
Saccade R	1	11	5123187601	5123231578	43977	400.52	331.13	333.90	384.45	2.46	149.34	0.36	55.90	6279.05	-5197.72	3031.86
Fixation L	1	7	5123231578	5123947451	715873	323.19	389.59	50	61	-1	15.06	15.06
Fixation R	1	7	5123231578	5123947451	715873	323.19	389.59	50	61	-1	13.86	13.86
Saccade L	1	12	5123947451	5123979464	32013	326.22	388.51	443.83	341.11	3.19	227.59	0.38	99.75	10882.71	-9753.20	6779.47
Saccade R	1	12	5123947451	5123979464	32013	326.22	388.51	443.83	341.11	3.19	227.59	0.38	99.75	10882.71	-9753.20	6779.47
Fixation L	1	8	5123979464	5124327465	348001	446.52	318.80	45	39	-1	15.12	15.12
Fixation R	1	8	5123979464	5124327465	348001	446.52	318.80	45	39	-1	13.86	13.86
Saccade L	1	13	5124327465	5124347477	20012	432.75	314.92	436.30	342.68	0.50	42.84	0.60	25.14	1068.28	-1362.61	767.43
Saccade R	1	13	5124327465	5124347477	20012	432.75	314.92	436.30	342.68	0.50	42.84	0.60	25.14	1068.28	-1362.61	767.43
Saccade L	1	14	5124395481	5124419459	23978	448.78	317.44	428.94	364.14	1.03	80.80	0.67	43.10	2701.68	-1051.97	1370.34
Saccade R	1	14	5124395481	5124419459	23978	448.78	317.44	428.94	364.14	1.03	80.80	0.67	43.10	2701.68	-1051.97	1370.34
Saccade L	1	15	5124419459	5124439461	20002	428.94	364.14	420.05	329.35	0.66	60.94	0.40	33.19	81.30	-1441.51	796.20
Saccade R	1	15	5124419459	5124439461	20002	428.94	364.14	420.05	329.35	0.66	60.94	0.40	33.19	81.30	-1441.51	796.20
Saccade L	1	16	5124439461	5124459460	19999	420.05	329.35	406.15	360.70	0.66	61.34	0.60	33.25	541.17	-1626.73	650.94
Saccade R	1	16	5124439461	5124459460	19999	420.05	329.35	406.15	360.70	0.66	61.34	0.60	33.25	541.17	-1626.73	650.94
Saccade L	1	17	5124499469	5124535459	35990	434.74	366.78	404.16	344.93	0.98	40.30	0.45	27.36	461.35	-1346.94	541.06
Saccade R	1	17	5124499469	5124535459	35990	434.74	366.78	404.16	344.93	0.98	40.30	0.45	27.36	461.35	-1346.94	541.06
Fixation L	1	9	5124535459	5124603494	68035	420.25	350.23	33	28	-1	14.61	14.61
Fixation R	1	9	5124535459	5124603494	68035	420.25	350.23	33	28	-1	13.55	13.55
Saccade L	1	18	5124603494	5124651465	47971	426.93	322.49	325.32	404.32	3.30	158.40	0.42	68.69	6245.44	-6229.41	3820.47
Saccade R	1	18	5124603494	5124651465	47971	426.93	322.49	325.32	404.32	3.30	158.40	0.42	68.69	6245.44	-6229.41	3820.47
Fixation L	1	10	5124651465	5124987374	335909	333.96	375.95	40	61	-1	14.29	14.29
Fixation R	1	10	5124651465	5124987374	335909	333.96	375.95	40	61	-1	13.37	13.37
Saccade R	1	19	5124987374	5125039375	52001	324.58	346.69	0.00	0.00	33.38	2101.79	0.77	641.92	45665.61	-88966.65	35758.47
UserEvent	1	2	5125114607	# Message: UE-mouseclick left x=361 y=335
Fixation L	1	11	5125147355	5125431392	284037	389.87	415.51	43	52	-1	14.53	14.53
Fixation R	1	11	5125147355	5125431392	284037	389.87	415.51	43	52	-1	13.53	13.53
Saccade L	1	19	5125431392	5125467368	35976	384.56	395.38	345.26	433.41	1.43	77.73	0.67	39.86	1950.64	-3065.70	1682.43
Saccade R	1	20	5125431392	5125467368	35976	384.56	395.38	345.26	433.41	1.43	77.73	0.67	39.86	1950.64	-3065.70	1682.43
Fixation L	1	12	5125467368	5125635348	167980	351.19	428.88	15	30	-1	14.68	14.68
Fixation R	1	12	5125467368	5125635348	167980	351.19	428.88	15	30	-1	13.63	13.63
