[BeGaze]
Converted from:	D:\Kirillov\Results\ermolova_temp\Kate-eye_data.idf
Date:	17.04.2019 03:52:28
Version:	BeGaze 3.0.181
Sample Rate:	250
Subject:	Kate
Description:	Run6

Table Header for Fixations:
Event Type	Trial	Number	Start	End	Duration	Location X	Location Y	Dispersion X	Dispersion Y	Plane	Avg. Pupil Size X	Avg. Pupil Size Y

Table Header for Saccades:
Event Type	Trial	Number	Start	End	Duration	Start Loc.X	Start Loc.Y	End Loc.X	End Loc.Y	Amplitude	Peak Speed	Peak Speed At	Average Speed	Peak Accel.	Peak Decel.	Average Accel.

Table Header for User Events:
Event Type	Trial	Number	Start	Description

UserEvent	1	1	3976282361	# Message: RichText1.jpg
Fixation L	1	1	3976286274	3976890196	603922	128.51	149.96	575	825	-1	10.24	10.24
Fixation R	1	1	3976286274	3976434271	147997	428.60	408.35	18	21	-1	14.98	14.98
Fixation R	1	2	3976506281	3976890196	383915	0.17	0.00	4	0	-1	5.66	5.66
Fixation L	1	2	3976986274	3977166290	180016	787.96	447.74	48	45	-1	16.12	16.12
Fixation R	1	3	3976986274	3977166290	180016	787.96	447.74	48	45	-1	15.41	15.41
Saccade L	1	1	3977166290	3977210276	43986	796.73	441.06	720.81	395.99	2.26	105.18	0.45	51.39	4450.89	-3830.19	2604.08
Saccade R	1	1	3977166290	3977210276	43986	796.73	441.06	720.81	395.99	2.26	105.18	0.45	51.39	4450.89	-3830.19	2604.08
Fixation L	1	3	3977210276	3977470215	259939	726.18	358.08	41	58	-1	16.55	16.55
Fixation R	1	4	3977210276	3977470215	259939	726.18	358.08	41	58	-1	15.34	15.34
Saccade L	1	2	3977470215	3977502209	31994	708.74	371.25	740.36	476.13	2.51	158.61	0.50	78.57	6773.70	-7085.72	5155.10
Saccade R	1	2	3977470215	3977502209	31994	708.74	371.25	740.36	476.13	2.51	158.61	0.50	78.57	6773.70	-7085.72	5155.10
Fixation L	1	4	3977502209	3977622171	119962	763.88	474.32	55	28	-1	16.09	16.09
Fixation R	1	5	3977502209	3977622171	119962	763.88	474.32	55	28	-1	15.23	15.23
Saccade L	1	3	3977622171	3977686168	63997	776.75	478.67	696.52	271.11	6.07	220.51	0.44	94.86	9693.53	-9819.99	5297.48
Saccade R	1	3	3977622171	3977686168	63997	776.75	478.67	696.52	271.11	6.07	220.51	0.44	94.86	9693.53	-9819.99	5297.48
Saccade L	1	4	3977698163	3977722170	24007	696.07	270.70	689.50	330.79	0.89	61.44	0.67	37.13	2618.00	-2197.26	1615.18
Saccade R	1	4	3977698163	3977722170	24007	696.07	270.70	689.50	330.79	0.89	61.44	0.67	37.13	2618.00	-2197.26	1615.18
Fixation L	1	5	3977722170	3977858166	135996	692.06	316.53	14	53	-1	16.77	16.77
Fixation R	1	6	3977722170	3977858166	135996	692.06	316.53	14	53	-1	15.29	15.29
Saccade L	1	5	3977858166	3977906168	48002	693.61	328.16	826.60	471.12	4.70	270.16	0.42	97.98	12574.78	-10992.36	6652.46
Saccade R	1	5	3977858166	3977906168	48002	693.61	328.16	826.60	471.12	4.70	270.16	0.42	97.98	12574.78	-10992.36	6652.46
Saccade L	1	6	3977934224	3977954189	19965	848.33	457.93	850.37	491.24	0.59	59.15	0.60	29.75	2252.52	-623.44	1073.47
Saccade R	1	6	3977934224	3977954189	19965	848.33	457.93	850.37	491.24	0.59	59.15	0.60	29.75	2252.52	-623.44	1073.47
Saccade L	1	7	3977954189	3977986164	31975	850.37	491.24	828.68	494.99	1.02	47.89	0.37	31.77	1161.91	-1522.97	793.71
Saccade R	1	7	3977954189	3977986164	31975	850.37	491.24	828.68	494.99	1.02	47.89	0.37	31.77	1161.91	-1522.97	793.71
Saccade L	1	8	3977986164	3978038186	52022	828.68	494.99	763.85	452.21	2.10	95.68	0.69	40.39	2994.08	-3766.03	1787.37
Saccade R	1	8	3977986164	3978038186	52022	828.68	494.99	763.85	452.21	2.10	95.68	0.69	40.39	2994.08	-3766.03	1787.37
Saccade L	1	9	3978050175	3978078181	28006	767.91	458.85	858.51	463.37	1.83	152.06	0.43	65.48	6309.11	-5967.87	4481.75
Saccade R	1	9	3978050175	3978078181	28006	767.91	458.85	858.51	463.37	1.83	152.06	0.43	65.48	6309.11	-5967.87	4481.75
Saccade L	1	10	3978102175	3978150181	48006	844.30	453.22	780.11	265.90	4.37	267.01	0.42	91.11	10637.10	-8945.35	5583.45
Saccade R	1	10	3978102175	3978150181	48006	844.30	453.22	780.11	265.90	4.37	267.01	0.42	91.11	10637.10	-8945.35	5583.45
Fixation L	1	6	3978150181	3978370206	220025	784.39	269.42	28	58	-1	16.23	16.23
Fixation R	1	7	3978150181	3978370206	220025	784.39	269.42	28	58	-1	15.54	15.54
Saccade L	1	11	3978370206	3978406198	35992	782.95	292.97	699.83	308.13	2.09	141.18	0.44	58.07	6560.46	-5758.17	3872.34
Saccade R	1	11	3978370206	3978406198	35992	782.95	292.97	699.83	308.13	2.09	141.18	0.44	58.07	6560.46	-5758.17	3872.34
Fixation L	1	7	3978406198	3978546172	139974	715.10	306.98	46	9	-1	16.93	16.93
Fixation R	1	8	3978406198	3978546172	139974	715.10	306.98	46	9	-1	15.45	15.45
Saccade L	1	12	3978546172	3978574205	28033	727.90	316.59	743.93	384.49	1.49	110.85	0.57	53.06	4956.73	-4941.64	3686.87
Saccade R	1	12	3978546172	3978574205	28033	727.90	316.59	743.93	384.49	1.49	110.85	0.57	53.06	4956.73	-4941.64	3686.87
Fixation L	1	8	3978574205	3978782069	207864	755.78	380.99	32	36	-1	16.58	16.58
Fixation R	1	9	3978574205	3978782069	207864	755.78	380.99	32	36	-1	15.40	15.40
Saccade L	1	13	3978782069	3978822059	39990	773.03	384.64	738.65	509.95	3.35	205.90	0.40	83.68	9637.42	-8836.28	5746.73
Saccade R	1	13	3978782069	3978822059	39990	773.03	384.64	738.65	509.95	3.35	205.90	0.40	83.68	9637.42	-8836.28	5746.73
Saccade L	1	14	3978822059	3978842074	20015	738.65	509.95	732.39	546.73	0.54	43.75	0.60	27.09	674.39	-1485.58	583.34
Saccade R	1	14	3978822059	3978842074	20015	738.65	509.95	732.39	546.73	0.54	43.75	0.60	27.09	674.39	-1485.58	583.34
Fixation L	1	9	3978842074	3979126055	283981	732.95	523.60	33	40	-1	16.70	16.70
Fixation R	1	10	3978842074	3979126055	283981	732.95	523.60	33	40	-1	15.48	15.48
Saccade L	1	15	3979126055	3979166059	40004	749.89	519.53	838.34	458.56	2.79	162.98	0.40	69.77	7375.56	-6219.63	4277.64
Saccade R	1	15	3979126055	3979166059	40004	749.89	519.53	838.34	458.56	2.79	162.98	0.40	69.77	7375.56	-6219.63	4277.64
Fixation L	1	10	3979166059	3979258053	91994	839.86	444.97	31	38	-1	15.45	15.45
Fixation R	1	11	3979166059	3979258053	91994	839.86	444.97	31	38	-1	15.75	15.75
Saccade L	1	16	3979258053	3979306054	48001	825.50	464.03	836.82	465.65	3.47	155.19	0.75	72.37	4794.86	-5233.59	2909.18
Saccade R	1	16	3979258053	3979306054	48001	825.50	464.03	836.82	465.65	3.47	155.19	0.75	72.37	4794.86	-5233.59	2909.18
Fixation L	1	11	3979306054	3979414072	108018	830.52	450.96	15	30	-1	14.98	14.98
Fixation R	1	12	3979306054	3979414072	108018	830.52	450.96	15	30	-1	15.53	15.53
Saccade L	1	17	3979414072	3979466064	51992	831.94	448.46	880.52	413.91	3.83	148.56	0.31	73.76	6249.73	-4729.61	2783.76
Saccade R	1	17	3979414072	3979466064	51992	831.94	448.46	880.52	413.91	3.83	148.56	0.31	73.76	6249.73	-4729.61	2783.76
