[BeGaze]
Converted from:	D:\Kirillov\Results\ermolova_temp\Daniil-1-eye_data.idf
Date:	17.04.2019 03:54:41
Version:	BeGaze 3.0.181
Sample Rate:	250
Subject:	Daniil
Description:	Run41

Table Header for Fixations:
Event Type	Trial	Number	Start	End	Duration	Location X	Location Y	Dispersion X	Dispersion Y	Plane	Avg. Pupil Size X	Avg. Pupil Size Y

Table Header for Saccades:
Event Type	Trial	Number	Start	End	Duration	Start Loc.X	Start Loc.Y	End Loc.X	End Loc.Y	Amplitude	Peak Speed	Peak Speed At	Average Speed	Peak Accel.	Peak Decel.	Average Accel.

Table Header for User Events:
Event Type	Trial	Number	Start	Description

UserEvent	1	1	10160175193	# Message: experiment-20.jpg
Fixation L	1	1	10160175378	10160595378	420000	419.40	405.52	29	26	-1	14.95	14.95
Fixation R	1	1	10160175378	10160595378	420000	419.40	405.52	29	26	-1	14.77	14.77
Saccade L	1	1	10160595378	10160619392	24014	417.76	412.59	478.99	425.81	1.21	94.81	0.50	50.20	4497.41	-3926.88	3140.06
Saccade R	1	1	10160595378	10160619392	24014	417.76	412.59	478.99	425.81	1.21	94.81	0.50	50.20	4497.41	-3926.88	3140.06
Fixation L	1	2	10160619392	10160851415	232023	477.08	419.31	28	21	-1	14.11	14.11
Fixation R	1	2	10160619392	10160851415	232023	477.08	419.31	28	21	-1	13.88	13.88
Saccade L	1	2	10160851415	10160883325	31910	456.27	411.90	351.56	476.18	2.52	156.62	0.50	79.06	6994.96	-6891.15	5007.63
Saccade R	1	2	10160851415	10160883325	31910	456.27	411.90	351.56	476.18	2.52	156.62	0.50	79.06	6994.96	-6891.15	5007.63
Fixation L	1	3	10160883325	10161147397	264072	347.27	473.38	14	27	-1	13.04	13.04
Fixation R	1	3	10160883325	10161147397	264072	347.27	473.38	14	27	-1	12.80	12.80
Saccade L	1	3	10161147397	10161171391	23994	353.74	463.78	308.19	476.38	0.96	74.82	0.50	40.06	3261.72	-2965.24	2277.79
Saccade R	1	3	10161147397	10161171391	23994	353.74	463.78	308.19	476.38	0.96	74.82	0.50	40.06	3261.72	-2965.24	2277.79
Fixation L	1	4	10161171391	10161295406	124015	314.28	480.21	16	10	-1	13.06	13.06
Fixation R	1	4	10161171391	10161295406	124015	314.28	480.21	16	10	-1	12.93	12.93
Saccade L	1	4	10161295406	10161359283	63877	316.25	483.84	1095.93	547.95	17.19	460.86	0.38	269.07	21670.24	-17616.45	11774.03
Saccade R	1	4	10161295406	10161359283	63877	316.25	483.84	1095.93	547.95	17.19	460.86	0.38	269.07	21670.24	-17616.45	11774.03
Fixation L	1	5	10161359283	10161515282	155999	1119.10	552.81	30	12	-1	12.97	12.97
Fixation R	1	5	10161359283	10161515282	155999	1119.10	552.81	30	12	-1	12.93	12.93
Saccade L	1	5	10161515282	10161539312	24030	1117.73	550.01	1060.87	568.29	1.28	101.52	0.50	53.46	4564.45	-4145.67	3175.63
Saccade R	1	5	10161515282	10161539312	24030	1117.73	550.01	1060.87	568.29	1.28	101.52	0.50	53.46	4564.45	-4145.67	3175.63
Fixation L	1	6	10161539312	10161803287	263975	1049.15	586.22	24	29	-1	13.20	13.20
Fixation R	1	6	10161539312	10161803287	263975	1049.15	586.22	24	29	-1	12.91	12.91
Saccade L	1	6	10161803287	10161823280	19993	1047.57	587.03	1044.34	653.06	1.15	126.59	0.60	57.70	5308.61	-4014.99	3268.50
Saccade R	1	6	10161803287	10161823280	19993	1047.57	587.03	1044.34	653.06	1.15	126.59	0.60	57.70	5308.61	-4014.99	3268.50
Fixation L	1	7	10161847293	10162011300	164007	1054.99	651.37	18	13	-1	13.10	13.10
Fixation R	1	7	10161847293	10162011300	164007	1054.99	651.37	18	13	-1	12.87	12.87
Saccade L	1	7	10162011300	10162043294	31994	1053.43	646.88	1049.68	553.09	1.93	111.52	0.50	60.32	5141.74	-5334.85	3951.57
Saccade R	1	7	10162011300	10162043294	31994	1053.43	646.88	1049.68	553.09	1.93	111.52	0.50	60.32	5141.74	-5334.85	3951.57
Fixation L	1	8	10162043294	10162111313	68019	1047.91	552.25	6	8	-1	13.35	13.35
Fixation R	1	8	10162043294	10162111313	68019	1047.91	552.25	6	8	-1	12.93	12.93
Saccade L	1	8	10162111313	10162179295	67982	1045.32	554.19	264.69	426.47	17.44	473.09	0.53	256.59	21474.89	-17207.16	11407.26
Saccade R	1	8	10162111313	10162179295	67982	1045.32	554.19	264.69	426.47	17.44	473.09	0.53	256.59	21474.89	-17207.16	11407.26
Fixation L	1	9	10162179295	10162327293	147998	257.01	437.99	18	18	-1	13.30	13.30
Fixation R	1	9	10162179295	10162327293	147998	257.01	437.99	18	18	-1	12.92	12.92
Saccade L	1	9	10162327293	10162351290	23997	266.65	440.90	269.05	510.98	1.52	134.20	0.50	63.46	6088.87	-5844.24	4276.22
Saccade R	1	9	10162327293	10162351290	23997	266.65	440.90	269.05	510.98	1.52	134.20	0.50	63.46	6088.87	-5844.24	4276.22
Fixation L	1	10	10162351290	10162467294	116004	274.48	520.88	14	24	-1	13.49	13.49
Fixation R	1	10	10162351290	10162467294	116004	274.48	520.88	14	24	-1	13.06	13.06
Saccade L	1	10	10162467294	10162531248	63954	281.87	509.39	1017.99	494.38	16.09	467.14	0.31	251.55	22076.04	-18640.21	11855.33
Saccade R	1	10	10162467294	10162531248	63954	281.87	509.39	1017.99	494.38	16.09	467.14	0.31	251.55	22076.04	-18640.21	11855.33
Fixation L	1	11	10162531248	10162911178	379930	1030.39	498.97	31	26	-1	13.60	13.60
Fixation R	1	11	10162531248	10162911178	379930	1030.39	498.97	31	26	-1	13.45	13.45
Saccade L	1	11	10162911178	10162935177	23999	1045.07	491.20	1044.77	581.11	1.71	142.35	0.50	71.07	6358.23	-5702.58	4214.76
Saccade R	1	11	10162911178	10162935177	23999	1045.07	491.20	1044.77	581.11	1.71	142.35	0.50	71.07	6358.23	-5702.58	4214.76
Fixation L	1	12	10162963196	10163171186	207990	1035.44	583.44	14	17	-1	13.17	13.17
Fixation R	1	12	10162963196	10163171186	207990	1035.44	583.44	14	17	-1	12.84	12.84
Saccade L	1	12	10163171186	10163195192	24006	1033.18	579.75	1128.56	573.84	1.88	161.57	0.50	78.17	7508.63	-6774.35	5165.26
Saccade R	1	12	10163171186	10163195192	24006	1033.18	579.75	1128.56	573.84	1.88	161.57	0.50	78.17	7508.63	-6774.35	5165.26
Fixation L	1	13	10163195192	10163295192	100000	1123.29	566.08	10	10	-1	13.17	13.17
Fixation R	1	13	10163195192	10163295192	100000	1123.29	566.08	10	10	-1	12.79	12.79
Saccade L	1	13	10163295192	10163327184	31992	1120.83	568.38	1042.95	614.45	2.68	205.14	0.38	83.91	9347.92	-7962.47	5523.60
Saccade R	1	13	10163295192	10163327184	31992	1120.83	568.38	1042.95	614.45	2.68	205.14	0.38	83.91	9347.92	-7962.47	5523.60
Fixation L	1	14	10163327184	10163575225	248041	1032.87	643.47	20	49	-1	13.46	13.46
Fixation R	1	14	10163327184	10163575225	248041	1032.87	643.47	20	49	-1	13.10	13.10
Saccade L	1	14	10163575225	10163607199	31974	1033.62	660.63	1043.22	542.29	2.46	152.32	0.37	76.96	7047.71	-6540.53	4915.49
Saccade R	1	14	10163575225	10163607199	31974	1033.62	660.63	1043.22	542.29	2.46	152.32	0.37	76.96	7047.71	-6540.53	4915.49
Fixation L	1	15	10163607199	10163703200	96001	1060.96	537.71	28	10	-1	13.55	13.55
Fixation R	1	15	10163607199	10163703200	96001	1060.96	537.71	28	10	-1	13.13	13.13
Saccade L	1	15	10163703200	10163767201	64001	1061.45	532.49	332.07	470.79	16.24	426.55	0.31	253.69	20493.00	-17675.58	10789.59
Saccade R	1	15	10163703200	10163767201	64001	1061.45	532.49	332.07	470.79	16.24	426.55	0.31	253.69	20493.00	-17675.58	10789.59
Fixation L	1	16	10163767201	10163935212	168011	332.40	479.64	23	22	-1	13.45	13.45
Fixation R	1	16	10163767201	10163935212	168011	332.40	479.64	23	22	-1	12.76	12.76
Saccade L	1	16	10163935212	10163959219	24007	330.96	488.58	253.59	519.82	1.80	153.29	0.50	75.18	6630.87	-6263.24	4722.99
Saccade R	1	16	10163935212	10163959219	24007	330.96	488.58	253.59	519.82	1.80	153.29	0.50	75.18	6630.87	-6263.24	4722.99
Fixation L	1	17	10163959219	10164215082	255863	242.72	529.42	28	39	-1	13.24	13.24
Fixation R	1	17	10163959219	10164215082	255863	242.72	529.42	28	39	-1	12.85	12.85
Saccade L	1	17	10164215082	10164255078	39996	248.47	552.24	356.36	435.39	3.34	171.52	0.40	83.54	8042.08	-6854.30	5084.09
Saccade R	1	17	10164215082	10164255078	39996	248.47	552.24	356.36	435.39	3.34	171.52	0.40	83.54	8042.08	-6854.30	5084.09
Fixation L	1	18	10164255078	10164739099	484021	375.12	423.21	28	26	-1	13.23	13.23
Fixation R	1	18	10164255078	10164739099	484021	375.12	423.21	28	26	-1	13.05	13.05
Saccade L	1	18	10164739099	10164767095	27996	376.21	435.05	341.87	458.88	1.01	70.85	0.43	35.98	3134.75	-2181.63	1936.05
Saccade R	1	18	10164739099	10164767095	27996	376.21	435.05	341.87	458.88	1.01	70.85	0.43	35.98	3134.75	-2181.63	1936.05
Fixation L	1	19	10164767095	10164999101	232006	325.69	467.88	24	22	-1	13.10	13.10
Fixation R	1	19	10164767095	10164999101	232006	325.69	467.88	24	22	-1	12.95	12.95
Saccade L	1	19	10164999101	10165067127	68026	319.17	464.73	1012.42	473.33	15.15	420.42	0.29	222.74	19862.28	-13990.21	10271.27
Saccade R	1	19	10164999101	10165067127	68026	319.17	464.73	1012.42	473.33	15.15	420.42	0.29	222.74	19862.28	-13990.21	10271.27
Fixation L	1	20	10165067127	10165195105	127978	1022.65	469.17	20	6	-1	13.51	13.51
Fixation R	1	20	10165067127	10165195105	127978	1022.65	469.17	20	6	-1	13.47	13.47
Saccade L	1	20	10165195105	10165219109	24004	1028.04	467.29	1047.44	505.22	1.00	69.67	0.50	41.62	3206.85	-2618.39	2089.70
Saccade R	1	20	10165195105	10165219109	24004	1028.04	467.29	1047.44	505.22	1.00	69.67	0.50	41.62	3206.85	-2618.39	2089.70
Fixation L	1	21	10165219109	10165363045	143936	1060.75	502.76	18	11	-1	13.53	13.53
Fixation R	1	21	10165219109	10165363045	143936	1060.75	502.76	18	11	-1	13.42	13.42
Saccade L	1	21	10165363045	10165387109	24064	1066.03	506.47	1070.86	576.73	1.40	112.81	0.67	58.20	5192.83	-4509.41	3513.16
Saccade R	1	21	10165363045	10165387109	24064	1066.03	506.47	1070.86	576.73	1.40	112.81	0.67	58.20	5192.83	-4509.41	3513.16
Fixation L	1	22	10165387109	10165547111	160002	1068.69	568.17	9	32	-1	13.30	13.30
Fixation R	1	22	10165387109	10165547111	160002	1068.69	568.17	9	32	-1	12.87	12.87
Saccade L	1	22	10165547111	10165579141	32030	1068.70	549.65	1126.02	547.59	1.65	127.48	0.38	51.64	5564.12	-4762.36	3281.06
Saccade R	1	22	10165547111	10165579141	32030	1068.70	549.65	1126.02	547.59	1.65	127.48	0.38	51.64	5564.12	-4762.36	3281.06
Fixation L	1	23	10165579141	10165662988	83847	1138.72	556.63	21	16	-1	13.24	13.24
Fixation R	1	23	10165579141	10165662988	83847	1138.72	556.63	21	16	-1	12.71	12.71
Saccade L	1	23	10165662988	10165698987	35999	1147.19	565.06	1227.65	556.91	2.43	168.21	0.33	67.47	7729.89	-6297.19	4099.30
Saccade R	1	23	10165662988	10165698987	35999	1147.19	565.06	1227.65	556.91	2.43	168.21	0.33	67.47	7729.89	-6297.19	4099.30
Fixation L	1	24	10165698987	10165915013	216026	1237.87	566.20	33	21	-1	13.16	13.16
Fixation R	1	24	10165698987	10165915013	216026	1237.87	566.20	33	21	-1	12.78	12.78
Saccade L	1	24	10165915013	10165974993	59980	1217.78	564.48	503.77	530.47	15.81	448.36	0.33	263.59	21645.17	-16206.66	11281.75
Saccade R	1	24	10165915013	10165974993	59980	1217.78	564.48	503.77	530.47	15.81	448.36	0.33	263.59	21645.17	-16206.66	11281.75
Fixation L	1	25	10165974993	10166087009	112016	486.56	517.59	39	19	-1	13.35	13.35
Fixation R	1	25	10165974993	10166087009	112016	486.56	517.59	39	19	-1	12.84	12.84
Saccade L	1	25	10166087009	10166122997	35988	469.91	512.28	409.47	395.81	3.10	219.97	0.33	86.16	9477.90	-8431.93	5695.60
Saccade R	1	25	10166087009	10166122997	35988	469.91	512.28	409.47	395.81	3.10	219.97	0.33	86.16	9477.90	-8431.93	5695.60
Fixation L	1	26	10166122997	10166631007	508010	407.90	387.10	38	28	-1	13.41	13.41
Fixation R	1	26	10166122997	10166631007	508010	407.90	387.10	38	28	-1	12.95	12.95
Saccade L	1	26	10166631007	10166691014	60007	385.04	403.13	1036.77	577.00	14.68	464.08	0.33	244.65	22613.34	-16412.77	12722.15
Saccade R	1	26	10166631007	10166691014	60007	385.04	403.13	1036.77	577.00	14.68	464.08	0.33	244.65	22613.34	-16412.77	12722.15
Fixation L	1	27	10166691014	10166831018	140004	1040.34	597.05	8	28	-1	13.74	13.74
Fixation R	1	27	10166691014	10166831018	140004	1040.34	597.05	8	28	-1	13.64	13.64
Saccade L	1	27	10166831018	10166851032	20014	1044.70	601.73	963.33	597.04	1.42	138.91	0.60	70.97	6117.31	-4215.58	3556.36
Saccade R	1	27	10166831018	10166851032	20014	1044.70	601.73	963.33	597.04	1.42	138.91	0.60	70.97	6117.31	-4215.58	3556.36
Saccade L	1	28	10166851032	10166875028	23996	963.33	597.04	986.46	579.00	0.73	60.67	0.33	30.23	-755.66	-4219.95	2277.23
Saccade R	1	28	10166851032	10166875028	23996	963.33	597.04	986.46	579.00	0.73	60.67	0.33	30.23	-755.66	-4219.95	2277.23
Fixation L	1	28	10166875028	10166975019	99991	982.73	574.15	9	7	-1	13.55	13.55
Fixation R	1	28	10166875028	10166975019	99991	982.73	574.15	9	7	-1	13.57	13.57
