[BeGaze]
Converted from:	D:\Kirillov\Results\ermolova_temp\Daniil-1-eye_data.idf
Date:	17.04.2019 03:54:37
Version:	BeGaze 3.0.181
Sample Rate:	250
Subject:	Daniil
Description:	Run41

Table Header for Fixations:
Event Type	Trial	Number	Start	End	Duration	Location X	Location Y	Dispersion X	Dispersion Y	Plane	Avg. Pupil Size X	Avg. Pupil Size Y

Table Header for Saccades:
Event Type	Trial	Number	Start	End	Duration	Start Loc.X	Start Loc.Y	End Loc.X	End Loc.Y	Amplitude	Peak Speed	Peak Speed At	Average Speed	Peak Accel.	Peak Decel.	Average Accel.

Table Header for User Events:
Event Type	Trial	Number	Start	Description

UserEvent	1	1	9903653066	# Message: experiment-06.jpg
Fixation L	1	1	9903655824	9903959809	303985	784.15	605.62	18	36	-1	13.69	13.69
Fixation R	1	1	9903655824	9903959809	303985	784.15	605.62	18	36	-1	13.73	13.73
Saccade L	1	1	9903959809	9903995830	36021	786.94	621.91	1002.68	526.27	4.96	287.14	0.33	137.83	13711.33	-13040.06	9396.98
Saccade R	1	1	9903959809	9903995830	36021	786.94	621.91	1002.68	526.27	4.96	287.14	0.33	137.83	13711.33	-13040.06	9396.98
Fixation L	1	2	9903995830	9904339817	343987	1016.92	512.56	30	25	-1	13.85	13.85
Fixation R	1	2	9903995830	9904339817	343987	1016.92	512.56	30	25	-1	13.72	13.72
Saccade L	1	2	9904339817	9904375848	36031	1024.14	504.44	1192.91	497.39	3.66	206.97	0.56	101.60	10130.95	-9503.84	7152.50
Saccade R	1	2	9904339817	9904375848	36031	1024.14	504.44	1192.91	497.39	3.66	206.97	0.56	101.60	10130.95	-9503.84	7152.50
Fixation L	1	3	9904375848	9904555698	179850	1212.37	481.66	36	28	-1	13.08	13.08
Fixation R	1	3	9904375848	9904555698	179850	1212.37	481.66	36	28	-1	12.98	12.98
Fixation L	1	4	9904619723	9904783734	164011	1032.98	584.00	27	19	-1	13.02	13.02
Fixation R	1	4	9904619723	9904783734	164011	1032.98	584.00	27	19	-1	12.66	12.66
Saccade L	1	3	9904783734	9904843702	59968	1032.39	586.41	623.07	520.28	9.08	280.34	0.27	151.43	13190.84	-10561.92	7008.37
Saccade R	1	3	9904783734	9904843702	59968	1032.39	586.41	623.07	520.28	9.08	280.34	0.27	151.43	13190.84	-10561.92	7008.37
Fixation L	1	5	9904843702	9904987708	144006	618.42	509.39	17	22	-1	13.25	13.25
Fixation R	1	5	9904843702	9904987708	144006	618.42	509.39	17	22	-1	12.92	12.92
Saccade L	1	4	9904987708	9905031715	44007	609.17	506.96	986.29	601.28	8.38	385.33	0.36	190.35	18099.18	-14564.07	11642.24
Saccade R	1	4	9904987708	9905031715	44007	609.17	506.96	986.29	601.28	8.38	385.33	0.36	190.35	18099.18	-14564.07	11642.24
Fixation L	1	6	9905031715	9905755722	724007	985.18	588.91	50	43	-1	13.62	13.62
Fixation R	1	6	9905031715	9905755722	724007	985.18	588.91	50	43	-1	13.42	13.42
Saccade L	1	5	9905755722	9905779760	24038	973.09	575.70	1045.05	574.38	1.47	117.18	0.50	61.10	5128.70	-5124.31	3873.80
Saccade R	1	5	9905755722	9905779760	24038	973.09	575.70	1045.05	574.38	1.47	117.18	0.50	61.10	5128.70	-5124.31	3873.80
Fixation L	1	7	9905779760	9905983629	203869	1053.23	574.58	22	20	-1	13.43	13.43
Fixation R	1	7	9905779760	9905983629	203869	1053.23	574.58	22	20	-1	12.99	12.99
Saccade L	1	6	9905983629	9906007605	23976	1049.52	579.28	978.53	587.54	1.53	133.64	0.50	63.90	6072.03	-5931.42	4238.35
Saccade R	1	6	9905983629	9906007605	23976	1049.52	579.28	978.53	587.54	1.53	133.64	0.50	63.90	6072.03	-5931.42	4238.35
Fixation L	1	8	9906007605	9906139605	132000	967.04	590.15	25	13	-1	13.94	13.94
Fixation R	1	8	9906007605	9906139605	132000	967.04	590.15	25	13	-1	13.38	13.38
Saccade L	1	7	9906139605	9906195609	56004	952.99	602.72	509.93	537.36	9.92	362.67	0.43	177.11	16935.16	-13021.43	9906.79
Saccade R	1	7	9906139605	9906195609	56004	952.99	602.72	509.93	537.36	9.92	362.67	0.43	177.11	16935.16	-13021.43	9906.79
Fixation L	1	9	9906195609	9906395611	200002	492.70	536.21	26	18	-1	14.13	14.13
Fixation R	1	9	9906195609	9906395611	200002	492.70	536.21	26	18	-1	13.88	13.88
Saccade L	1	8	9906395611	9906415618	20007	504.82	537.79	440.18	535.40	1.28	134.12	0.60	64.13	5079.81	-4213.03	3060.57
Saccade R	1	8	9906395611	9906415618	20007	504.82	537.79	440.18	535.40	1.28	134.12	0.60	64.13	5079.81	-4213.03	3060.57
Fixation L	1	10	9906415618	9907639521	1223903	443.81	549.76	49	49	-1	13.60	13.60
Fixation R	1	10	9906415618	9907639521	1223903	443.81	549.76	49	49	-1	13.53	13.53
Saccade L	1	9	9907639521	9907699538	60017	426.58	531.41	951.43	541.57	11.49	373.16	0.33	191.41	16294.79	-13310.02	9535.07
Saccade R	1	9	9907639521	9907699538	60017	426.58	531.41	951.43	541.57	11.49	373.16	0.33	191.41	16294.79	-13310.02	9535.07
Fixation L	1	11	9907699538	9908059523	359985	733.65	437.75	978	643	-1	12.44	12.44
Fixation R	1	11	9907699538	9907939521	239983	966.65	539.21	27	16	-1	13.78	13.78
Fixation L	1	12	9908135547	9908327553	192006	360.81	502.69	10	43	-1	13.38	13.38
Fixation R	1	12	9908135547	9908327553	192006	360.81	502.69	10	43	-1	13.26	13.26
Saccade L	1	10	9908327553	9908351543	23990	356.71	518.09	443.62	525.62	1.96	171.17	0.50	81.59	6967.49	-7270.84	5287.90
Saccade R	1	10	9908327553	9908351543	23990	356.71	518.09	443.62	525.62	1.96	171.17	0.50	81.59	6967.49	-7270.84	5287.90
Fixation L	1	13	9908351543	9908663535	311992	450.92	539.69	30	53	-1	13.52	13.52
Fixation R	1	13	9908351543	9908663535	311992	450.92	539.69	30	53	-1	13.54	13.54
Saccade L	1	11	9908663535	9908695534	31999	434.84	579.43	425.34	475.14	2.04	130.07	0.50	63.66	6133.14	-5526.43	4188.54
Saccade R	1	11	9908663535	9908695534	31999	434.84	579.43	425.34	475.14	2.04	130.07	0.50	63.66	6133.14	-5526.43	4188.54
Fixation L	1	14	9908695534	9909231429	535895	439.46	469.40	50	38	-1	13.44	13.44
Fixation R	1	14	9908695534	9909231429	535895	439.46	469.40	50	38	-1	13.28	13.28
Fixation L	1	15	9909331429	9910223341	891912	443.62	461.28	42	39	-1	13.51	13.51
Fixation R	1	15	9909331429	9910223341	891912	443.62	461.28	42	39	-1	13.30	13.30
Saccade L	1	12	9910223341	9910247322	23981	463.12	471.58	429.45	481.45	0.71	52.44	0.50	29.46	2190.57	-1499.35	1313.28
Saccade R	1	12	9910223341	9910247322	23981	463.12	471.58	429.45	481.45	0.71	52.44	0.50	29.46	2190.57	-1499.35	1313.28
Fixation L	1	16	9910247322	9910359325	112003	415.99	495.65	19	22	-1	13.65	13.65
Fixation R	1	16	9910247322	9910359325	112003	415.99	495.65	19	22	-1	13.40	13.40
Saccade L	1	13	9910359325	9910419345	60020	408.99	490.93	992.84	509.52	12.66	393.20	0.27	210.98	18481.01	-13352.38	10091.47
Saccade R	1	13	9910359325	9910419345	60020	408.99	490.93	992.84	509.52	12.66	393.20	0.27	210.98	18481.01	-13352.38	10091.47
Fixation L	1	17	9910419345	9910855337	435992	1015.28	499.58	91	29	-1	13.53	13.53
Fixation R	1	17	9910419345	9910855337	435992	1015.28	499.58	91	29	-1	13.49	13.49
Saccade L	1	14	9910855337	9910911335	55998	1043.15	495.77	434.46	448.11	13.39	435.16	0.36	239.12	20077.11	-16947.41	11699.10
Saccade R	1	14	9910855337	9910911335	55998	1043.15	495.77	434.46	448.11	13.39	435.16	0.36	239.12	20077.11	-16947.41	11699.10
Fixation L	1	18	9910911335	9911239344	328009	412.28	434.80	38	30	-1	12.65	12.65
Fixation R	1	18	9910911335	9911239344	328009	412.28	434.80	38	30	-1	12.20	12.20
Saccade L	1	15	9911239344	9911267342	27998	417.94	427.09	426.68	500.57	1.69	133.43	0.57	60.27	6087.41	-5936.39	4349.89
Saccade R	1	15	9911239344	9911267342	27998	417.94	427.09	426.68	500.57	1.69	133.43	0.57	60.27	6087.41	-5936.39	4349.89
Fixation L	1	19	9911267342	9912751272	1483930	444.12	565.30	47	103	-1	13.44	13.44
Fixation R	1	19	9911267342	9912751272	1483930	444.12	565.30	47	103	-1	13.42	13.42
Saccade L	1	16	9912751272	9912815271	63999	470.09	588.63	1037.67	663.08	12.56	387.91	0.31	196.21	18598.75	-13527.32	9917.21
Saccade R	1	16	9912751272	9912815271	63999	470.09	588.63	1037.67	663.08	12.56	387.91	0.31	196.21	18598.75	-13527.32	9917.21
Fixation L	1	20	9912815271	9913287133	471862	1046.03	665.95	43	36	-1	13.48	13.48
Fixation R	1	20	9912815271	9913287133	471862	1046.03	665.95	43	36	-1	13.41	13.41
Saccade L	1	17	9913287133	9913315137	28004	1033.39	658.24	972.36	655.09	1.21	77.39	0.43	43.19	3575.93	-3071.37	2481.44
Saccade R	1	17	9913287133	9913315137	28004	1033.39	658.24	972.36	655.09	1.21	77.39	0.43	43.19	3575.93	-3071.37	2481.44
Fixation L	1	21	9913315137	9913515158	200021	964.43	648.73	18	13	-1	12.64	12.64
Fixation R	1	21	9913315137	9913515158	200021	964.43	648.73	18	13	-1	12.41	12.41
Saccade L	1	18	9913515158	9913547208	32050	967.10	643.34	1038.73	656.25	1.54	92.49	0.37	48.00	4387.67	-3971.13	2980.72
Saccade R	1	18	9913515158	9913547208	32050	967.10	643.34	1038.73	656.25	1.54	92.49	0.37	48.00	4387.67	-3971.13	2980.72
Fixation L	1	22	9913547208	9913875160	327952	1049.93	670.95	16	23	-1	12.50	12.50
Fixation R	1	22	9913547208	9913875160	327952	1049.93	670.95	16	23	-1	12.07	12.07
Saccade L	1	19	9913875160	9913903179	28019	1043.72	675.94	1060.26	564.06	2.27	161.87	0.43	80.96	7708.83	-7163.56	5513.93
Saccade R	1	19	9913875160	9913903179	28019	1043.72	675.94	1060.26	564.06	2.27	161.87	0.43	80.96	7708.83	-7163.56	5513.93
Fixation L	1	23	9913903179	9914431046	527867	1054.48	560.38	58	39	-1	12.77	12.77
Fixation R	1	23	9913903179	9914431046	527867	1054.48	560.38	58	39	-1	12.28	12.28
Saccade L	1	20	9914431046	9914451037	19991	1044.73	578.08	1045.40	610.02	0.63	61.19	0.60	31.57	2633.27	-2234.76	1754.78
Saccade R	1	20	9914431046	9914451037	19991	1044.73	578.08	1045.40	610.02	0.63	61.19	0.60	31.57	2633.27	-2234.76	1754.78
Fixation L	1	24	9914451037	9915195059	744022	1028.01	647.81	33	68	-1	13.06	13.06
Fixation R	1	24	9914451037	9915195059	744022	1028.01	647.81	33	68	-1	12.55	12.55
Saccade L	1	21	9915195059	9915219051	23992	1028.17	663.47	987.83	666.62	0.81	62.57	0.50	33.62	2612.27	-2048.28	1777.55
Saccade R	1	21	9915195059	9915219051	23992	1028.17	663.47	987.83	666.62	0.81	62.57	0.50	33.62	2612.27	-2048.28	1777.55
Fixation L	1	25	9915219051	9915407092	188041	970.93	660.81	27	21	-1	13.16	13.16
Fixation R	1	25	9915219051	9915407092	188041	970.93	660.81	27	21	-1	12.65	12.65
Saccade L	1	22	9915407092	9915431064	23972	982.81	657.51	1040.03	661.81	1.18	87.59	0.50	49.17	3458.84	-3823.44	2721.11
Saccade R	1	22	9915407092	9915431064	23972	982.81	657.51	1040.03	661.81	1.18	87.59	0.50	49.17	3458.84	-3823.44	2721.11
Fixation L	1	26	9915431064	9915579096	148032	1051.89	647.34	19	23	-1	12.94	12.94
Fixation R	1	26	9915431064	9915579096	148032	1051.89	647.34	19	23	-1	12.47	12.47
Saccade L	1	23	9915579096	9915607079	27983	1056.48	638.73	1055.50	562.33	1.51	111.10	0.57	54.11	5009.44	-5021.80	3730.02
Saccade R	1	23	9915579096	9915607079	27983	1056.48	638.73	1055.50	562.33	1.51	111.10	0.57	54.11	5009.44	-5021.80	3730.02
Fixation L	1	27	9915607079	9916298986	691907	1048.29	548.29	69	31	-1	12.76	12.76
Fixation R	1	27	9915607079	9916298986	691907	1048.29	548.29	69	31	-1	12.34	12.34
Saccade L	1	24	9916298986	9916354969	55983	1005.31	557.75	439.52	533.88	12.29	410.75	0.29	219.44	19286.60	-15416.92	10275.52
Saccade R	1	24	9916298986	9916354969	55983	1005.31	557.75	439.52	533.88	12.29	410.75	0.29	219.44	19286.60	-15416.92	10275.52
Fixation L	1	28	9916354969	9916634975	280006	423.83	527.30	25	33	-1	12.98	12.98
Fixation R	1	28	9916354969	9916634975	280006	423.83	527.30	25	33	-1	12.57	12.57
Fixation L	1	29	9916650981	9916946981	296000	457.47	543.24	30	24	-1	12.86	12.86
Fixation R	1	29	9916650981	9916946981	296000	457.47	543.24	30	24	-1	12.56	12.56
Saccade L	1	25	9916946981	9917003010	56029	441.14	556.40	1017.21	611.67	12.59	389.95	0.36	224.67	18349.71	-15601.76	10942.36
Saccade R	1	25	9916946981	9917003010	56029	441.14	556.40	1017.21	611.67	12.59	389.95	0.36	224.67	18349.71	-15601.76	10942.36
Fixation L	1	30	9917003010	9917210994	207984	1035.99	622.90	30	15	-1	12.82	12.82
Fixation R	1	30	9917003010	9917210994	207984	1035.99	622.90	30	15	-1	12.99	12.99
Saccade L	1	26	9917210994	9917230975	19981	1015.94	621.22	1021.77	584.24	0.69	60.96	0.60	34.78	2162.53	-2319.29	1638.95
Saccade R	1	26	9917210994	9917230975	19981	1015.94	621.22	1021.77	584.24	0.69	60.96	0.60	34.78	2162.53	-2319.29	1638.95
Fixation L	1	31	9917230975	9917326852	95877	1037.92	585.20	25	10	-1	12.95	12.95
Fixation R	1	31	9917230975	9917326852	95877	1037.92	585.20	25	10	-1	12.92	12.92
Saccade L	1	27	9917326852	9917406872	80020	1046.30	587.03	382.23	527.79	15.61	401.69	0.25	195.06	19552.97	-15822.79	8093.43
Saccade R	1	27	9917326852	9917406872	80020	1046.30	587.03	382.23	527.79	15.61	401.69	0.25	195.06	19552.97	-15822.79	8093.43
Fixation L	1	32	9917406872	9917514870	107998	364.92	517.56	30	14	-1	12.87	12.87
Fixation R	1	32	9917406872	9917514870	107998	364.92	517.56	30	14	-1	12.54	12.54
Saccade L	1	28	9917514870	9917538851	23981	351.01	521.08	422.24	529.17	1.40	110.98	0.50	58.35	4796.05	-4649.04	3542.68
Saccade R	1	28	9917514870	9917538851	23981	351.01	521.08	422.24	529.17	1.40	110.98	0.50	58.35	4796.05	-4649.04	3542.68
Fixation L	1	33	9917538851	9918066871	528020	425.75	562.31	35	62	-1	12.94	12.94
Fixation R	1	33	9917538851	9918066871	528020	425.75	562.31	35	62	-1	12.90	12.90
Saccade L	1	29	9918066871	9918090893	24022	451.28	572.85	401.88	562.98	1.02	82.54	0.50	42.29	3663.98	-3111.88	2535.43
Saccade R	1	29	9918066871	9918090893	24022	451.28	572.85	401.88	562.98	1.02	82.54	0.50	42.29	3663.98	-3111.88	2535.43
Fixation L	1	34	9918090893	9918402872	311979	388.23	555.37	22	44	-1	13.35	13.35
Fixation R	1	34	9918090893	9918402872	311979	388.23	555.37	22	44	-1	13.33	13.33
Saccade L	1	30	9918402872	9918438875	36003	388.88	574.68	360.42	529.34	1.15	54.25	0.45	31.94	2567.58	-1619.47	1469.49
Saccade R	1	30	9918402872	9918438875	36003	388.88	574.68	360.42	529.34	1.15	54.25	0.45	31.94	2567.58	-1619.47	1469.49
Fixation L	1	35	9918438875	9918694771	255896	365.92	524.33	18	16	-1	13.31	13.31
Fixation R	1	35	9918438875	9918694771	255896	365.92	524.33	18	16	-1	13.38	13.38
Saccade L	1	31	9918694771	9918718751	23980	372.01	515.11	428.85	534.10	1.22	108.73	0.50	50.99	4812.10	-4243.30	3326.11
Saccade R	1	31	9918694771	9918718751	23980	372.01	515.11	428.85	534.10	1.22	108.73	0.50	50.99	4812.10	-4243.30	3326.11
Fixation L	1	36	9918718751	9918806785	88034	438.80	534.42	18	14	-1	13.25	13.25
Fixation R	1	36	9918718751	9918806785	88034	438.80	534.42	18	14	-1	13.06	13.06
Saccade L	1	32	9918806785	9918870756	63971	434.19	543.59	1074.71	592.72	14.03	381.10	0.56	219.32	17544.25	-15976.88	9815.54
Saccade R	1	32	9918806785	9918870756	63971	434.19	543.59	1074.71	592.72	14.03	381.10	0.56	219.32	17544.25	-15976.88	9815.54
Fixation L	1	37	9918870756	9919094759	224003	1083.54	608.26	12	29	-1	13.20	13.20
Fixation R	1	37	9918870756	9919094759	224003	1083.54	608.26	12	29	-1	12.96	12.96
Saccade L	1	33	9919094759	9919118771	24012	1079.24	612.54	1039.63	671.93	1.48	124.08	0.67	61.52	5946.87	-5073.18	3921.87
Saccade R	1	33	9919094759	9919118771	24012	1079.24	612.54	1039.63	671.93	1.48	124.08	0.67	61.52	5946.87	-5073.18	3921.87
Fixation L	1	38	9919118771	9919242786	124015	1043.45	675.28	25	33	-1	13.13	13.13
Fixation R	1	38	9919118771	9919242786	124015	1043.45	675.28	25	33	-1	13.06	13.06
Saccade L	1	34	9919242786	9919282777	39991	1041.08	685.68	1040.45	512.20	3.70	214.66	0.30	92.40	9825.94	-8045.95	5839.89
Saccade R	1	34	9919242786	9919282777	39991	1041.08	685.68	1040.45	512.20	3.70	214.66	0.30	92.40	9825.94	-8045.95	5839.89
Fixation L	1	39	9919282777	9919526778	244001	1054.88	531.22	25	33	-1	12.89	12.89
Fixation R	1	39	9919282777	9919526778	244001	1054.88	531.22	25	33	-1	12.71	12.71
Saccade L	1	35	9919526778	9919566800	40022	1067.47	524.27	1051.00	478.71	1.09	45.64	0.30	27.23	1657.92	-1145.78	821.57
Saccade R	1	35	9919526778	9919566800	40022	1067.47	524.27	1051.00	478.71	1.09	45.64	0.30	27.23	1657.92	-1145.78	821.57
Fixation L	1	40	9919566800	9919738797	171997	1042.37	493.11	26	33	-1	12.84	12.84
Fixation R	1	40	9919566800	9919738797	171997	1042.37	493.11	26	33	-1	12.74	12.74
Saccade L	1	36	9919738797	9919794796	55999	1039.57	507.17	421.65	489.09	13.40	383.88	0.36	239.32	18404.54	-16432.63	10346.27
Saccade R	1	36	9919738797	9919794796	55999	1039.57	507.17	421.65	489.09	13.40	383.88	0.36	239.32	18404.54	-16432.63	10346.27
Fixation L	1	41	9919794796	9919942780	147984	408.50	505.69	35	26	-1	12.66	12.66
Fixation R	1	41	9919794796	9919942780	147984	408.50	505.69	35	26	-1	12.31	12.31
Saccade L	1	37	9919942780	9920002784	60004	419.82	489.88	1065.22	505.41	14.25	387.51	0.33	237.51	17907.10	-14500.73	9784.00
Saccade R	1	37	9919942780	9920002784	60004	419.82	489.88	1065.22	505.41	14.25	387.51	0.33	237.51	17907.10	-14500.73	9784.00
Fixation L	1	42	9920002784	9920138672	135888	1077.89	483.57	24	33	-1	12.89	12.89
Fixation R	1	42	9920002784	9920138672	135888	1077.89	483.57	24	33	-1	12.53	12.53
Saccade L	1	38	9920138672	9920162659	23987	1061.67	472.63	1131.42	459.76	1.48	123.13	0.50	61.53	5352.91	-5159.06	3893.20
Saccade R	1	38	9920138672	9920162659	23987	1061.67	472.63	1131.42	459.76	1.48	123.13	0.50	61.53	5352.91	-5159.06	3893.20
Fixation L	1	43	9920162659	9920382683	220024	1137.00	453.95	18	17	-1	12.97	12.97
Fixation R	1	43	9920162659	9920382683	220024	1137.00	453.95	18	17	-1	12.70	12.70
Saccade L	1	39	9920382683	9920442671	59988	1125.51	457.25	407.63	423.67	15.69	425.38	0.27	261.56	20377.76	-18686.39	10268.82
Saccade R	1	39	9920382683	9920442671	59988	1125.51	457.25	407.63	423.67	15.69	425.38	0.27	261.56	20377.76	-18686.39	10268.82
Fixation L	1	44	9920442671	9920802675	360004	416.86	400.39	28	30	-1	12.64	12.64
Fixation R	1	44	9920442671	9920802675	360004	416.86	400.39	28	30	-1	12.18	12.18
Saccade L	1	40	9920802675	9920878693	76018	430.18	407.40	1135.00	450.67	15.56	446.23	0.42	204.64	19512.28	-18483.65	9988.97
Saccade R	1	40	9920802675	9920878693	76018	430.18	407.40	1135.00	450.67	15.56	446.23	0.42	204.64	19512.28	-18483.65	9988.97
Fixation L	1	45	9920878693	9920990681	111988	1141.10	454.16	12	14	-1	12.87	12.87
Fixation R	1	45	9920878693	9920990681	111988	1141.10	454.16	12	14	-1	12.90	12.90
Saccade L	1	41	9920990681	9921022710	32029	1149.26	463.69	1210.25	453.88	1.95	140.98	0.50	61.00	6362.49	-5651.39	3727.54
Saccade R	1	41	9920990681	9921022710	32029	1149.26	463.69	1210.25	453.88	1.95	140.98	0.50	61.00	6362.49	-5651.39	3727.54
Fixation L	1	46	9921022710	9921198694	175984	1216.42	472.73	32	34	-1	12.95	12.95
Fixation R	1	46	9921022710	9921198694	175984	1216.42	472.73	32	34	-1	12.90	12.90
Saccade L	1	42	9921198694	9921226689	27995	1222.26	485.99	1298.02	465.50	1.83	137.08	0.43	65.20	6307.61	-5820.22	4399.44
Saccade R	1	42	9921198694	9921226689	27995	1222.26	485.99	1298.02	465.50	1.83	137.08	0.43	65.20	6307.61	-5820.22	4399.44
Fixation L	1	47	9921226689	9921434710	208021	1317.48	451.44	26	27	-1	12.74	12.74
Fixation R	1	47	9921226689	9921434710	208021	1317.48	451.44	26	27	-1	12.61	12.61
Saccade L	1	43	9921434710	9921494575	59865	1324.81	442.72	577.93	459.35	16.19	500.05	0.33	270.45	23462.24	-16077.18	12820.44
Saccade R	1	43	9921434710	9921494575	59865	1324.81	442.72	577.93	459.35	16.19	500.05	0.33	270.45	23462.24	-16077.18	12820.44
Fixation L	1	48	9921494575	9921614571	119996	553.34	450.25	41	14	-1	12.76	12.76
Fixation R	1	48	9921494575	9921614571	119996	553.34	450.25	41	14	-1	12.29	12.29
Saccade L	1	44	9921614571	9921678580	64009	539.30	447.95	1176.21	460.60	13.90	415.47	0.31	217.09	19188.27	-15608.66	10569.81
Saccade R	1	44	9921614571	9921678580	64009	539.30	447.95	1176.21	460.60	13.90	415.47	0.31	217.09	19188.27	-15608.66	10569.81
Fixation L	1	49	9921678580	9921906598	228018	1180.93	464.24	36	33	-1	12.72	12.72
Fixation R	1	49	9921678580	9921906598	228018	1180.93	464.24	36	33	-1	12.52	12.52
Saccade L	1	45	9921906598	9921978604	72006	1189.08	471.26	672.14	482.85	11.32	360.78	0.67	157.15	10761.99	-16447.52	7496.54
Saccade R	1	45	9921906598	9921978604	72006	1189.08	471.26	672.14	482.85	11.32	360.78	0.67	157.15	10761.99	-16447.52	7496.54
Fixation L	1	50	9921978604	9922098579	119975	637.86	474.44	61	12	-1	13.13	13.13
Fixation R	1	50	9921978604	9922098579	119975	637.86	474.44	61	12	-1	12.83	12.83
Saccade L	1	46	9922098579	9922146577	47998	617.97	473.32	432.58	449.16	4.03	251.43	0.25	84.03	11228.27	-9609.34	5360.80
Saccade R	1	46	9922098579	9922146577	47998	617.97	473.32	432.58	449.16	4.03	251.43	0.25	84.03	11228.27	-9609.34	5360.80
Fixation L	1	51	9922146577	9922342598	196021	433.19	445.85	17	13	-1	13.15	13.15
Fixation R	1	51	9922146577	9922342598	196021	433.19	445.85	17	13	-1	12.60	12.60
Saccade L	1	47	9922342598	9922382585	39987	441.10	444.47	331.29	500.41	3.33	207.35	0.30	83.34	9817.80	-8062.14	5483.83
Saccade R	1	47	9922342598	9922382585	39987	441.10	444.47	331.29	500.41	3.33	207.35	0.30	83.34	9817.80	-8062.14	5483.83
Fixation L	1	52	9922382585	9922790619	408034	320.81	498.42	27	25	-1	13.44	13.44
Fixation R	1	52	9922382585	9922790619	408034	320.81	498.42	27	25	-1	13.17	13.17
Saccade L	1	48	9922790619	9922814620	24001	319.33	501.78	320.37	582.90	1.71	155.39	0.50	71.43	6803.73	-5781.58	4586.81
Saccade R	1	48	9922790619	9922814620	24001	319.33	501.78	320.37	582.90	1.71	155.39	0.50	71.43	6803.73	-5781.58	4586.81
Fixation L	1	53	9922814620	9923130491	315871	346.58	574.76	43	29	-1	13.32	13.32
Fixation R	1	53	9922814620	9923130491	315871	346.58	574.76	43	29	-1	13.25	13.25
Saccade L	1	49	9923130491	9923154505	24014	342.03	562.08	362.59	495.45	1.42	106.48	0.50	59.29	4825.24	-4768.10	3545.74
Saccade R	1	49	9923130491	9923154505	24014	342.03	562.08	362.59	495.45	1.42	106.48	0.50	59.29	4825.24	-4768.10	3545.74
Fixation L	1	54	9923154505	9923254479	99974	367.44	481.39	9	24	-1	13.53	13.53
Fixation R	1	54	9923154505	9923254479	99974	367.44	481.39	9	24	-1	13.42	13.42
Saccade L	1	50	9923254479	9923314502	60023	370.23	473.03	1066.24	458.22	15.21	454.88	0.33	253.40	20971.21	-19458.38	12310.66
Saccade R	1	50	9923254479	9923314502	60023	370.23	473.03	1066.24	458.22	15.21	454.88	0.33	253.40	20971.21	-19458.38	12310.66
Fixation L	1	55	9923314502	9923542485	227983	1091.19	477.43	50	40	-1	13.29	13.29
Fixation R	1	55	9923314502	9923542485	227983	1091.19	477.43	50	40	-1	13.40	13.40
Saccade L	1	51	9923542485	9923590488	48003	1068.79	463.90	935.24	497.50	4.50	315.28	0.33	93.68	13520.52	-10637.66	6252.11
Saccade R	1	51	9923542485	9923590488	48003	1068.79	463.90	935.24	497.50	4.50	315.28	0.33	93.68	13520.52	-10637.66	6252.11
Fixation L	1	56	9923590488	9924274515	684027	953.24	474.62	38	49	-1	13.00	13.00
Fixation R	1	56	9923590488	9924274515	684027	953.24	474.62	38	49	-1	12.97	12.97
Saccade L	1	52	9924274515	9924330510	55995	953.83	473.43	0.00	0.00	37.24	2290.05	0.78	665.09	66063.95	-96681.23	38807.14
Saccade R	1	52	9924274515	9924330510	55995	953.83	473.43	0.00	0.00	37.24	2290.05	0.78	665.09	66063.95	-96681.23	38807.14
Fixation L	1	57	9924330510	9924586409	255899	0.00	0.00	0	0	-1	13.38	13.38
Fixation R	1	57	9924330510	9924586409	255899	0.00	0.00	0	0	-1	13.18	13.18
Saccade L	1	53	9924586409	9924638413	52004	0.00	0.00	1003.09	559.60	34.45	2465.70	0.23	662.53	104040.73	-79363.57	44491.90
Saccade R	1	53	9924586409	9924638413	52004	0.00	0.00	1003.09	559.60	34.45	2465.70	0.23	662.53	104040.73	-79363.57	44491.90
Fixation L	1	58	9924638413	9924914391	275978	995.39	575.78	19	36	-1	14.25	14.25
Fixation R	1	58	9924638413	9924914391	275978	995.39	575.78	19	36	-1	13.99	13.99
Saccade L	1	54	9924914391	9924950392	36001	989.78	576.95	1093.68	526.72	2.76	168.12	0.33	76.60	7979.52	-7355.86	5204.63
Saccade R	1	54	9924914391	9924950392	36001	989.78	576.95	1093.68	526.72	2.76	168.12	0.33	76.60	7979.52	-7355.86	5204.63
Fixation L	1	59	9924950392	9925306402	356010	1104.74	533.82	20	28	-1	13.95	13.95
Fixation R	1	59	9924950392	9925306402	356010	1104.74	533.82	20	28	-1	13.51	13.51
Saccade L	1	55	9925306402	9925330418	24016	1108.90	524.27	1050.28	521.91	1.26	108.53	0.50	52.31	4871.93	-4763.53	3447.69
Saccade R	1	55	9925306402	9925330418	24016	1108.90	524.27	1050.28	521.91	1.26	108.53	0.50	52.31	4871.93	-4763.53	3447.69
Fixation L	1	60	9925330418	9925954297	623879	1024.76	520.73	45	28	-1	13.84	13.84
Fixation R	1	60	9925330418	9925954297	623879	1024.76	520.73	45	28	-1	13.66	13.66
UserEvent	1	2	9925437266	# Message: UE-mouseclick left x=1363 y=166
Fixation L	1	61	9926054291	9927210193	1155902	0.00	0.00	0	0	-1	15.35	15.35
Fixation R	1	61	9926054291	9927210193	1155902	0.00	0.00	0	0	-1	14.85	14.85
Saccade L	1	56	9927210193	9927254187	43994	0.00	0.00	0.00	0.00	59.34	2705.27	0.27	1348.71	113752.28	-112260.12	54970.17
Saccade R	1	56	9927210193	9927254187	43994	0.00	0.00	0.00	0.00	59.34	2705.27	0.27	1348.71	113752.28	-112260.12	54970.17
Fixation L	1	62	9927254187	9927566200	312013	0.00	0.00	0	0	-1	16.38	16.38
Fixation R	1	62	9927254187	9927566200	312013	0.00	0.00	0	0	-1	16.35	16.35
Saccade L	1	57	9927566200	9927622199	55999	0.00	0.00	1090.74	604.23	39.60	2691.97	0.21	707.20	112192.42	-88885.92	47557.42
Saccade R	1	57	9927566200	9927622199	55999	0.00	0.00	1090.74	604.23	39.60	2691.97	0.21	707.20	112192.42	-88885.92	47557.42
Fixation L	1	63	9927622199	9927810206	188007	1102.99	602.36	22	11	-1	16.49	16.49
Fixation R	1	63	9927622199	9927810206	188007	1102.99	602.36	22	11	-1	16.27	16.27
Saccade L	1	58	9927810206	9927842232	32026	1112.75	602.30	1039.72	589.58	1.81	138.60	0.50	56.52	6140.32	-5544.01	3866.14
Saccade R	1	58	9927810206	9927842232	32026	1112.75	602.30	1039.72	589.58	1.81	138.60	0.50	56.52	6140.32	-5544.01	3866.14
Fixation L	1	64	9927842232	9928310223	467991	1047.65	582.71	16	49	-1	14.86	14.86
Fixation R	1	64	9927842232	9928310223	467991	1047.65	582.71	16	49	-1	14.28	14.28
Saccade L	1	59	9928310223	9928342234	32011	1049.16	580.99	1053.26	490.24	1.92	114.20	0.63	60.03	4614.69	-4877.73	3449.62
Saccade R	1	59	9928310223	9928342234	32011	1049.16	580.99	1053.26	490.24	1.92	114.20	0.63	60.03	4614.69	-4877.73	3449.62
Fixation L	1	65	9928342234	9929898099	1555865	976.26	453.15	1165	506	-1	13.61	13.61
Fixation R	1	65	9928342234	9929770132	1427898	1046.53	485.60	41	33	-1	13.24	13.24
Fixation L	1	66	9929982016	9930614022	632006	1036.17	480.80	49	56	-1	14.18	14.18
Fixation R	1	66	9929982016	9930614022	632006	1036.17	480.80	49	56	-1	13.69	13.69
Saccade L	1	60	9930614022	9930642008	27986	1054.23	441.26	967.57	480.10	2.06	165.69	0.43	73.47	6971.64	-6513.76	4750.52
Saccade R	1	60	9930614022	9930642008	27986	1054.23	441.26	967.57	480.10	2.06	165.69	0.43	73.47	6971.64	-6513.76	4750.52
Fixation L	1	67	9930642008	9931126025	484017	977.97	493.51	21	25	-1	13.52	13.52
Fixation R	1	67	9930642008	9931126025	484017	977.97	493.51	21	25	-1	13.26	13.26
Saccade L	1	61	9931126025	9931226063	100038	970.33	486.24	-110.09	910.71	26.24	575.00	0.48	262.31	20947.57	-21870.63	9684.31
Saccade R	1	61	9931126025	9931226063	100038	970.33	486.24	-110.09	910.71	26.24	575.00	0.48	262.31	20947.57	-21870.63	9684.31
Fixation L	1	68	9931226063	9931389909	163846	-87.85	904.77	36	26	-1	13.39	13.39
Fixation R	1	68	9931226063	9931389909	163846	-87.85	904.77	36	26	-1	12.78	12.78
Saccade L	1	62	9931389909	9931417970	28061	-98.74	928.78	-93.89	964.85	0.98	62.35	0.57	34.88	2438.83	-2156.01	1637.52
Saccade R	1	62	9931389909	9931417970	28061	-98.74	928.78	-93.89	964.85	0.98	62.35	0.57	34.88	2438.83	-2156.01	1637.52
Fixation L	1	69	9931417970	9932133920	715950	-85.67	995.66	30	51	-1	13.34	13.34
Fixation R	1	69	9931417970	9932133920	715950	-85.67	995.66	30	51	-1	13.03	13.03
Saccade L	1	63	9932133920	9932181930	48010	-80.77	985.75	-3.40	0.00	26.18	1279.53	0.25	545.25	49732.40	-23677.16	18426.57
Saccade L	1	64	9932181930	9932241923	59993	-3.40	0.00	-94.16	992.82	23.22	1293.32	0.53	387.01	25654.86	-56600.74	19453.63
Saccade L	1	65	9932261935	9932301863	39928	-94.49	990.31	-2.40	0.00	22.57	1984.03	0.70	565.19	78217.17	-83380.69	44280.54
Saccade R	1	63	9932261935	9932301863	39928	-94.49	990.31	-2.40	0.00	22.57	1984.03	0.70	565.19	78217.17	-83380.69	44280.54
Fixation L	1	70	9932301863	9933262312	960449	-0.03	0.00	3	0	-1	15.13	15.13
Fixation R	1	70	9932301863	9933262312	960449	-0.03	0.00	3	0	-1	15.21	15.21
Saccade L	1	66	9933447678	9933628079	180401	0.00	0.00	977.36	569.20	168.45	2174.48	0.94	933.74	90675.39	-89980.53	68170.84
Saccade R	1	64	9933447678	9933628079	180401	0.00	0.00	977.36	569.20	168.45	2174.48	0.94	933.74	90675.39	-89980.53	68170.84
Fixation L	1	71	9933628079	9933944113	316034	995.47	596.08	31	52	-1	15.78	15.78
Fixation R	1	71	9933628079	9933944113	316034	995.47	596.08	31	52	-1	15.51	15.51
Saccade L	1	67	9933944113	9933972104	27991	1003.41	579.34	1052.34	505.72	2.12	169.85	0.57	75.83	7110.27	-6990.79	5106.57
Saccade R	1	65	9933944113	9933972104	27991	1003.41	579.34	1052.34	505.72	2.12	169.85	0.57	75.83	7110.27	-6990.79	5106.57
Fixation L	1	72	9933972104	9934120094	147990	1066.58	494.82	34	28	-1	14.31	14.31
Fixation R	1	72	9933972104	9934120094	147990	1066.58	494.82	34	28	-1	13.73	13.73
Saccade L	1	68	9934120094	9934175990	55896	1081.09	482.26	552.02	457.20	11.61	397.18	0.36	207.74	19096.17	-12515.78	10493.78
Saccade R	1	66	9934120094	9934175990	55896	1081.09	482.26	552.02	457.20	11.61	397.18	0.36	207.74	19096.17	-12515.78	10493.78
Fixation L	1	73	9934175990	9934344002	168012	535.35	452.53	24	18	-1	13.34	13.34
Fixation R	1	73	9934175990	9934344002	168012	535.35	452.53	24	18	-1	12.74	12.74
Saccade L	1	69	9934344002	9934379975	35973	527.47	444.36	448.34	479.53	2.18	156.75	0.56	60.68	6924.57	-6287.44	4300.25
Saccade R	1	67	9934344002	9934379975	35973	527.47	444.36	448.34	479.53	2.18	156.75	0.56	60.68	6924.57	-6287.44	4300.25
Fixation L	1	74	9934379975	9934760000	380025	107.63	128.75	448	587	-1	11.53	11.53
Fixation R	1	74	9934379975	9934451979	72004	437.07	490.08	16	14	-1	12.33	12.33
Fixation L	1	75	9934827994	9934940009	112015	979.57	536.98	22	27	-1	13.66	13.66
Fixation R	1	75	9934827994	9934940009	112015	979.57	536.98	22	27	-1	13.58	13.58
Saccade L	1	70	9934940009	9934964070	24061	963.77	542.01	1063.05	535.98	1.89	152.49	0.50	78.68	7015.27	-6552.14	4854.39
Saccade R	1	68	9934940009	9934964070	24061	963.77	542.01	1063.05	535.98	1.89	152.49	0.50	78.68	7015.27	-6552.14	4854.39
Fixation L	1	76	9934964070	9935291996	327926	1053.46	523.83	40	49	-1	14.74	14.74
Fixation R	1	76	9934964070	9935291996	327926	1053.46	523.83	40	49	-1	14.58	14.58
Saccade L	1	71	9935291996	9935311995	19999	1046.05	499.86	986.85	505.08	0.92	88.79	0.60	45.94	3769.53	-2862.89	2369.95
Saccade R	1	69	9935291996	9935311995	19999	1046.05	499.86	986.85	505.08	0.92	88.79	0.60	45.94	3769.53	-2862.89	2369.95
Fixation L	1	77	9935311995	9935879878	567883	976.17	490.94	46	28	-1	13.95	13.95
Fixation R	1	77	9935311995	9935879878	567883	976.17	490.94	46	28	-1	13.52	13.52
Saccade L	1	72	9935879878	9935903902	24024	978.04	486.19	1055.71	476.98	1.52	132.50	0.50	63.38	5530.85	-5178.48	3892.87
Saccade R	1	70	9935879878	9935903902	24024	978.04	486.19	1055.71	476.98	1.52	132.50	0.50	63.38	5530.85	-5178.48	3892.87
Fixation L	1	78	9935903902	9936083886	179984	1057.43	476.50	25	31	-1	14.02	14.02
Fixation R	1	78	9935903902	9936083886	179984	1057.43	476.50	25	31	-1	13.66	13.66
Saccade L	1	73	9936083886	9936123888	40002	1062.95	499.07	1020.11	614.05	4.22	261.71	0.40	105.45	11970.04	-9758.84	6359.22
Saccade R	1	71	9936083886	9936123888	40002	1062.95	499.07	1020.11	614.05	4.22	261.71	0.40	105.45	11970.04	-9758.84	6359.22
Fixation L	1	79	9936123888	9936375916	252028	628.02	398.81	1020	656	-1	11.98	11.91
Fixation R	1	79	9936123888	9936263910	140022	1009.13	639.68	24	35	-1	13.53	13.53
Fixation L	1	80	9936459907	9936559893	99986	1045.58	636.43	18	34	-1	14.07	14.07
Fixation R	1	80	9936459907	9936559893	99986	1045.58	636.43	18	34	-1	13.71	13.71
Saccade L	1	74	9936559893	9936591890	31997	1059.04	647.90	1208.95	659.06	3.15	214.17	0.38	98.49	9595.55	-9501.54	6768.68
Saccade R	1	72	9936559893	9936591890	31997	1059.04	647.90	1208.95	659.06	3.15	214.17	0.38	98.49	9595.55	-9501.54	6768.68
Fixation L	1	81	9936591890	9937003777	411887	1234.58	653.94	73	45	-1	14.49	14.49
Fixation R	1	81	9936591890	9937003777	411887	1234.58	653.94	73	45	-1	13.93	13.93
Saccade L	1	75	9937003777	9937031800	28023	1274.62	641.37	1106.72	648.79	3.51	283.76	0.57	125.18	12835.16	-13113.35	9498.78
Saccade R	1	73	9937003777	9937031800	28023	1274.62	641.37	1106.72	648.79	3.51	283.76	0.57	125.18	12835.16	-13113.35	9498.78
Fixation L	1	82	9937031800	9937423785	391985	1112.02	639.99	55	24	-1	13.54	13.54
Fixation R	1	82	9937031800	9937423785	391985	1112.02	639.99	55	24	-1	12.81	12.81
Saccade L	1	76	9937423785	9937491811	68026	1137.06	639.69	453.98	608.64	15.02	431.63	0.29	220.74	20678.61	-14825.57	9955.49
Saccade R	1	74	9937423785	9937491811	68026	1137.06	639.69	453.98	608.64	15.02	431.63	0.29	220.74	20678.61	-14825.57	9955.49
Fixation L	1	83	9937491811	9937763821	272010	450.84	614.56	18	19	-1	13.73	13.73
Fixation R	1	83	9937491811	9937763821	272010	450.84	614.56	18	19	-1	13.06	13.06
Saccade L	1	77	9937763821	9937823815	59994	446.70	625.97	1077.05	650.98	13.74	398.49	0.60	228.97	17221.32	-17453.73	10826.24
Saccade R	1	75	9937763821	9937823815	59994	446.70	625.97	1077.05	650.98	13.74	398.49	0.60	228.97	17221.32	-17453.73	10826.24
Fixation L	1	84	9937823815	9937943823	120008	1093.99	665.12	26	22	-1	13.65	13.65
Fixation R	1	84	9937823815	9937943823	120008	1093.99	665.12	26	22	-1	13.46	13.46
Saccade L	1	78	9937943823	9937967829	24006	1086.43	668.82	1147.21	664.38	1.34	115.49	0.50	55.66	4974.20	-4967.93	3641.18
Saccade R	1	76	9937943823	9937967829	24006	1086.43	668.82	1147.21	664.38	1.34	115.49	0.50	55.66	4974.20	-4967.93	3641.18
Fixation L	1	85	9937967829	9938131825	163996	1147.77	655.88	28	21	-1	13.61	13.61
Fixation R	1	85	9937967829	9938131825	163996	1147.77	655.88	28	21	-1	13.29	13.29
Saccade L	1	79	9938131825	9938203820	71995	1142.44	668.25	541.87	594.99	13.73	391.34	0.22	190.76	19230.80	-16274.22	8716.39
Saccade R	1	77	9938131825	9938203820	71995	1142.44	668.25	541.87	594.99	13.73	391.34	0.22	190.76	19230.80	-16274.22	8716.39
Fixation L	1	86	9938203820	9938475693	271873	534.30	600.62	17	22	-1	13.49	13.49
Fixation R	1	86	9938203820	9938475693	271873	534.30	600.62	17	22	-1	13.16	13.16
Saccade L	1	80	9938475693	9938535722	60029	535.22	589.30	1115.01	640.19	12.69	417.57	0.40	211.39	20085.77	-13662.71	10839.83
Saccade R	1	78	9938475693	9938535722	60029	535.22	589.30	1115.01	640.19	12.69	417.57	0.40	211.39	20085.77	-13662.71	10839.83
Fixation L	1	87	9938535722	9938795720	259998	1113.41	649.70	19	18	-1	13.38	13.38
Fixation R	1	87	9938535722	9938795720	259998	1113.41	649.70	19	18	-1	13.26	13.26
Saccade L	1	81	9938795720	9938819694	23974	1116.67	655.24	1054.84	647.27	1.27	112.44	0.50	52.98	4979.50	-4144.35	3325.54
Saccade R	1	79	9938795720	9938819694	23974	1116.67	655.24	1054.84	647.27	1.27	112.44	0.50	52.98	4979.50	-4144.35	3325.54
Fixation L	1	88	9938819694	9939667745	848051	1051.56	635.79	40	27	-1	13.24	13.24
Fixation R	1	88	9938819694	9939667745	848051	1051.56	635.79	40	27	-1	12.88	12.88
Saccade L	1	82	9939667745	9939691731	23986	1050.00	632.65	990.43	640.00	1.34	126.59	0.50	55.88	5363.92	-4705.59	3649.58
Saccade R	1	80	9939667745	9939691731	23986	1050.00	632.65	990.43	640.00	1.34	126.59	0.50	55.88	5363.92	-4705.59	3649.58
Fixation L	1	89	9939691731	9940335624	643893	963.22	653.29	49	32	-1	13.70	13.70
Fixation R	1	89	9939691731	9940335624	643893	963.22	653.29	49	32	-1	13.27	13.27
Saccade L	1	83	9940335624	9940391564	55940	964.98	653.00	0.00	0.00	41.76	2992.80	0.79	746.56	102070.64	-124868.15	50167.48
Saccade R	1	81	9940335624	9940391564	55940	964.98	653.00	0.00	0.00	41.76	2992.80	0.79	746.56	102070.64	-124868.15	50167.48
Fixation L	1	90	9940391564	9943499368	3107804	0.00	0.00	0	0	-1	14.53	14.53
Fixation R	1	90	9940391564	9943499368	3107804	0.00	0.00	0	0	-1	14.10	14.10
Fixation L	1	91	9943603442	9943723362	119920	1552.51	297.51	40	13	-1	15.21	15.21
Fixation R	1	91	9943603442	9943723362	119920	1552.51	297.51	40	13	-1	14.37	14.37
Saccade L	1	84	9943723362	9943787425	64063	1540.47	306.46	1172.45	510.38	9.24	504.14	0.25	144.22	22532.46	-19354.69	9458.17
Saccade R	1	82	9943723362	9943787425	64063	1540.47	306.46	1172.45	510.38	9.24	504.14	0.25	144.22	22532.46	-19354.69	9458.17
Fixation L	1	92	9943787425	9943971319	183894	1176.85	516.16	25	17	-1	15.06	15.06
Fixation R	1	92	9943787425	9943971319	183894	1176.85	516.16	25	17	-1	14.08	14.08
Saccade L	1	85	9943971319	9943999300	27981	1179.76	509.86	1009.98	531.79	3.59	298.04	0.57	128.45	13541.14	-12894.04	9648.61
Saccade R	1	83	9943971319	9943999300	27981	1179.76	509.86	1009.98	531.79	3.59	298.04	0.57	128.45	13541.14	-12894.04	9648.61
Fixation L	1	93	9943999300	9944231338	232038	1005.06	531.37	37	32	-1	13.58	13.58
Fixation R	1	93	9943999300	9944231338	232038	1005.06	531.37	37	32	-1	12.90	12.90
Saccade L	1	86	9944231338	9944295313	63975	1012.67	513.67	527.13	514.71	10.85	310.46	0.38	169.52	14059.26	-10942.91	7386.33
Saccade R	1	84	9944231338	9944295313	63975	1012.67	513.67	527.13	514.71	10.85	310.46	0.38	169.52	14059.26	-10942.91	7386.33
Fixation L	1	94	9944295313	9944463325	168012	510.42	505.05	22	26	-1	12.52	12.52
Fixation R	1	94	9944295313	9944463325	168012	510.42	505.05	22	26	-1	11.98	11.98
Saccade L	1	87	9944463325	9944487315	23990	513.21	489.21	441.92	498.25	1.47	127.73	0.50	61.33	5521.25	-5460.90	4046.13
Saccade R	1	85	9944463325	9944487315	23990	513.21	489.21	441.92	498.25	1.47	127.73	0.50	61.33	5521.25	-5460.90	4046.13
Fixation L	1	95	9944487315	9944967326	480011	436.87	519.05	34	34	-1	12.20	12.20
Fixation R	1	95	9944487315	9944967326	480011	436.87	519.05	34	34	-1	11.95	11.95
Fixation L	1	96	9945043354	9945950366	907012	0.00	0.00	0	0	-1	12.26	12.26
Fixation R	1	96	9945043354	9945950366	907012	0.00	0.00	0	0	-1	9.15	9.15
Saccade L	1	88	9945950366	9946171372	221006	0.00	0.00	497.27	758.65	165.39	1740.49	0.95	748.35	72617.00	-72222.38	54642.35
Saccade R	1	86	9945950366	9946171372	221006	0.00	0.00	497.27	758.65	165.39	1740.49	0.95	748.35	72617.00	-72222.38	54642.35
Fixation L	1	97	9946171372	9946587372	416000	339.60	520.52	517	861	-1	12.76	12.76
Fixation R	1	97	9946171372	9946587372	416000	339.60	520.52	517	861	-1	11.55	11.55
Saccade L	1	89	9946587372	9946635363	47991	0.00	0.00	0.00	0.00	43.63	2499.53	0.25	909.04	103822.29	-57219.76	44911.65
Saccade R	1	87	9946587372	9946635363	47991	0.00	0.00	0.00	0.00	43.63	2499.53	0.25	909.04	103822.29	-57219.76	44911.65
Fixation L	1	98	9946635363	9947856379	1221016	0.00	0.00	0	0	-1	15.51	15.51
Fixation R	1	98	9946635363	9947856379	1221016	0.00	0.00	0	0	-1	15.08	15.08
Saccade L	1	90	9948181202	9948361557	180355	0.00	0.00	856.42	359.77	139.45	1808.46	0.94	773.18	75462.83	-74586.19	56504.57
Saccade R	1	88	9948181202	9948361557	180355	0.00	0.00	856.42	359.77	139.45	1808.46	0.94	773.18	75462.83	-74586.19	56504.57
Fixation L	1	99	9948361557	9948453615	92058	865.90	358.03	18	14	-1	16.83	16.83
Fixation R	1	99	9948361557	9948453615	92058	865.90	358.03	18	14	-1	16.97	16.97
Saccade L	1	91	9948453615	9948521528	67913	872.46	362.97	971.98	565.35	6.17	276.82	0.35	90.90	12432.17	-11516.03	5451.65
Saccade R	1	89	9948453615	9948521528	67913	872.46	362.97	971.98	565.35	6.17	276.82	0.35	90.90	12432.17	-11516.03	5451.65
Fixation L	1	100	9948521528	9949277543	756015	594.11	348.04	1282	747	-1	13.15	13.15
Fixation R	1	100	9948521528	9948945532	424004	991.98	582.94	45	32	-1	15.94	15.94
Saccade L	1	92	9949277543	9949329547	52004	0.00	0.00	362.76	590.59	21.20	1440.64	0.23	407.73	60946.79	-48391.07	25601.67
Saccade L	1	93	9949329547	9949353571	24024	362.76	590.59	317.90	645.60	1.14	83.89	0.50	47.51	1747.24	-4228.03	1777.21
Saccade R	1	90	9949329547	9949353571	24024	362.76	590.59	317.90	645.60	1.14	83.89	0.50	47.51	1747.24	-4228.03	1777.21
Fixation L	1	101	9949353571	9949811074	457503	266.70	536.82	352	846	-1	13.64	13.64
Fixation R	1	101	9949353571	9949701431	347860	331.37	644.40	40	56	-1	14.58	14.58
Fixation L	1	102	9949893442	9950037435	143993	382.67	554.86	7	36	-1	13.92	13.92
Fixation R	1	102	9949893442	9950037435	143993	382.67	554.86	7	36	-1	14.21	14.21
Saccade L	1	94	9950037435	9950065439	28004	377.31	565.39	374.61	502.67	1.23	88.46	0.57	43.97	3904.21	-3964.64	2891.34
Saccade R	1	91	9950037435	9950065439	28004	377.31	565.39	374.61	502.67	1.23	88.46	0.57	43.97	3904.21	-3964.64	2891.34
Fixation L	1	103	9950065439	9950341446	276007	375.89	489.36	28	41	-1	13.82	13.82
Fixation R	1	103	9950065439	9950341446	276007	375.89	489.36	28	41	-1	14.12	14.12
Saccade L	1	95	9950341446	9950377443	35997	368.16	493.35	380.08	595.09	2.57	199.01	0.44	71.40	8350.10	-7919.58	5126.22
Saccade R	1	92	9950341446	9950377443	35997	368.16	493.35	380.08	595.09	2.57	199.01	0.44	71.40	8350.10	-7919.58	5126.22
Fixation L	1	104	9950377443	9950837332	459889	393.28	606.67	40	41	-1	13.93	13.93
Fixation R	1	104	9950377443	9950837332	459889	393.28	606.67	40	41	-1	14.37	14.37
Saccade L	1	96	9950837332	9950865354	28022	380.36	621.64	341.66	696.13	1.74	120.90	0.57	61.92	5408.70	-4672.61	3796.74
Saccade R	1	93	9950837332	9950865354	28022	380.36	621.64	341.66	696.13	1.74	120.90	0.57	61.92	5408.70	-4672.61	3796.74
Saccade L	1	97	9950865354	9950889331	23977	341.66	696.13	317.21	713.09	0.61	40.20	0.50	25.28	467.62	-3410.27	1131.37
Saccade R	1	94	9950865354	9950889331	23977	341.66	696.13	317.21	713.09	0.61	40.20	0.50	25.28	467.62	-3410.27	1131.37
Fixation L	1	105	9950889331	9951013370	124039	323.69	709.81	38	31	-1	14.54	14.54
Fixation R	1	105	9950889331	9951013370	124039	323.69	709.81	38	31	-1	14.72	14.72
Saccade L	1	98	9951013370	9951049341	35971	342.08	695.13	406.17	639.91	1.99	99.50	0.44	55.43	4728.91	-3950.30	3254.33
Saccade R	1	95	9951013370	9951049341	35971	342.08	695.13	406.17	639.91	1.99	99.50	0.44	55.43	4728.91	-3950.30	3254.33
Fixation L	1	106	9951049341	9951173347	124006	401.77	631.32	18	17	-1	14.59	14.59
Fixation R	1	106	9951049341	9951173347	124006	401.77	631.32	18	17	-1	14.99	14.99
Saccade L	1	99	9951173347	9951193363	20016	393.17	629.43	312.17	632.11	1.49	150.61	0.60	74.21	6786.38	-5264.27	3901.73
Saccade R	1	96	9951173347	9951193363	20016	393.17	629.43	312.17	632.11	1.49	150.61	0.60	74.21	6786.38	-5264.27	3901.73
Fixation L	1	107	9951193363	9951565376	372013	335.26	622.31	38	28	-1	14.32	14.32
Fixation R	1	107	9951193363	9951565376	372013	335.26	622.31	38	28	-1	14.78	14.78
Saccade L	1	100	9951565376	9951593355	27979	343.29	622.55	334.89	570.89	1.07	63.24	0.57	38.16	2685.93	-2544.38	1951.02
Saccade R	1	97	9951565376	9951593355	27979	343.29	622.55	334.89	570.89	1.07	63.24	0.57	38.16	2685.93	-2544.38	1951.02
Fixation L	1	108	9951593355	9952221360	628005	341.29	554.17	29	31	-1	14.30	14.30
Fixation R	1	108	9951593355	9952221360	628005	341.29	554.17	29	31	-1	14.61	14.61
Saccade L	1	101	9952221360	9952249241	27881	355.10	556.92	436.55	553.67	1.69	125.44	0.43	60.66	5560.21	-5319.44	4010.33
Saccade R	1	98	9952221360	9952249241	27881	355.10	556.92	436.55	553.67	1.69	125.44	0.43	60.66	5560.21	-5319.44	4010.33
Fixation L	1	109	9952249241	9952613445	364204	324.50	422.30	664	1007	-1	12.81	12.81
Fixation R	1	109	9952249241	9952481241	232000	439.77	565.97	19	32	-1	14.20	14.20
Fixation L	1	110	9952681241	9952833249	152008	497.69	554.13	20	39	-1	14.36	14.36
Fixation R	1	110	9952681241	9952833249	152008	497.69	554.13	20	39	-1	14.38	14.38
Saccade L	1	102	9952833249	9952889264	56015	491.86	569.94	1039.99	654.22	12.02	366.89	0.43	214.66	17827.76	-16055.23	10603.67
Saccade R	1	99	9952833249	9952889264	56015	491.86	569.94	1039.99	654.22	12.02	366.89	0.43	214.66	17827.76	-16055.23	10603.67
Fixation L	1	111	9952889264	9952941261	51997	1043.96	664.79	19	14	-1	14.62	14.62
Fixation R	1	111	9952889264	9952941261	51997	1043.96	664.79	19	14	-1	14.76	14.76
Saccade L	1	103	9952941261	9952965262	24001	1055.79	667.65	1178.96	670.40	2.24	206.94	0.67	93.48	8610.60	-7597.23	5462.42
Saccade R	1	100	9952941261	9952965262	24001	1055.79	667.65	1178.96	670.40	2.24	206.94	0.67	93.48	8610.60	-7597.23	5462.42
Fixation L	1	112	9952989245	9953081260	92015	1164.43	672.91	13	9	-1	14.72	14.72
Fixation R	1	112	9952989245	9953081260	92015	1164.43	672.91	13	9	-1	14.71	14.71
Saccade L	1	104	9953081260	9953105251	23991	1160.10	665.00	1101.16	660.51	1.19	96.10	0.50	49.73	3909.85	-3781.95	2867.99
Saccade R	1	101	9953081260	9953105251	23991	1160.10	665.00	1101.16	660.51	1.19	96.10	0.50	49.73	3909.85	-3781.95	2867.99
Fixation L	1	113	9953105251	9953237270	132019	1086.11	644.65	23	24	-1	14.19	14.19
Fixation R	1	113	9953105251	9953237270	132019	1086.11	644.65	23	24	-1	14.12	14.12
Saccade L	1	105	9953237270	9953273255	35985	1091.56	653.08	1040.52	615.07	1.44	81.45	0.33	40.04	3375.34	-2707.71	2012.46
Saccade R	1	102	9953237270	9953273255	35985	1091.56	653.08	1040.52	615.07	1.44	81.45	0.33	40.04	3375.34	-2707.71	2012.46
Fixation L	1	114	9953273255	9953429268	156013	1036.08	610.66	11	12	-1	13.38	13.38
Fixation R	1	114	9953273255	9953429268	156013	1036.08	610.66	11	12	-1	13.09	13.09
Saccade L	1	106	9953429268	9953485274	56006	1034.55	612.62	459.71	515.50	12.63	343.00	0.29	225.50	17099.67	-15197.96	9405.10
Saccade R	1	103	9953429268	9953485274	56006	1034.55	612.62	459.71	515.50	12.63	343.00	0.29	225.50	17099.67	-15197.96	9405.10
Fixation L	1	115	9953485274	9953745142	259868	471.47	507.57	23	32	-1	12.95	12.95
Fixation R	1	115	9953485274	9953745142	259868	471.47	507.57	23	32	-1	12.55	12.55
Saccade L	1	107	9953745142	9953805140	59998	472.30	506.34	935.66	578.33	10.20	391.83	0.40	170.08	18359.16	-16141.18	10093.59
Saccade R	1	104	9953745142	9953805140	59998	472.30	506.34	935.66	578.33	10.20	391.83	0.40	170.08	18359.16	-16141.18	10093.59
Fixation L	1	116	9953805140	9953977151	172011	946.16	596.96	18	31	-1	13.27	13.27
Fixation R	1	116	9953805140	9953977151	172011	946.16	596.96	18	31	-1	13.49	13.49
Saccade L	1	108	9953977151	9953997173	20022	945.90	610.76	966.34	627.88	0.55	50.33	0.60	27.54	1955.83	-1356.90	1231.22
Saccade R	1	105	9953977151	9953997173	20022	945.90	610.76	966.34	627.88	0.55	50.33	0.60	27.54	1955.83	-1356.90	1231.22
Fixation L	1	117	9953997173	9954069151	71978	983.97	633.18	25	11	-1	13.81	13.81
Fixation R	1	117	9953997173	9954069151	71978	983.97	633.18	25	11	-1	13.83	13.83
Saccade L	1	109	9954069151	9954097150	27999	992.39	635.13	1012.53	659.22	0.95	59.30	0.43	33.98	2917.93	-1930.87	1466.60
Saccade R	1	106	9954069151	9954097150	27999	992.39	635.13	1012.53	659.22	0.95	59.30	0.43	33.98	2917.93	-1930.87	1466.60
Fixation L	1	118	9954097150	9954325246	228096	1026.55	658.89	22	23	-1	14.04	14.04
Fixation R	1	118	9954097150	9954325246	228096	1026.55	658.89	22	23	-1	13.84	13.84
Saccade L	1	110	9954325246	9954397165	71919	1027.77	663.73	617.24	588.18	9.35	376.77	0.28	130.03	18451.16	-13057.38	7365.77
Saccade R	1	107	9954325246	9954397165	71919	1027.77	663.73	617.24	588.18	9.35	376.77	0.28	130.03	18451.16	-13057.38	7365.77
Saccade L	1	111	9954441158	9954465159	24001	607.10	584.61	486.78	582.97	2.28	197.02	0.50	94.85	9399.71	-8503.46	6377.19
Saccade R	1	108	9954441158	9954465159	24001	607.10	584.61	486.78	582.97	2.28	197.02	0.50	94.85	9399.71	-8503.46	6377.19
Fixation L	1	119	9954465159	9954701164	236005	483.78	571.72	36	35	-1	13.93	13.93
Fixation R	1	119	9954465159	9954701164	236005	483.78	571.72	36	35	-1	13.64	13.64
Saccade L	1	112	9954701164	9954721189	20025	482.26	552.73	440.33	558.64	0.85	75.85	0.60	42.63	3310.66	-3177.11	2361.11
Saccade R	1	109	9954701164	9954721189	20025	482.26	552.73	440.33	558.64	0.85	75.85	0.60	42.63	3310.66	-3177.11	2361.11
Fixation L	1	120	9954721189	9955085043	363854	438.71	585.52	31	49	-1	13.97	13.97
Fixation R	1	120	9954721189	9955085043	363854	438.71	585.52	31	49	-1	13.94	13.94
Saccade L	1	113	9955085043	9955105045	20002	429.60	608.00	432.72	579.38	0.52	41.08	0.60	26.05	1813.19	-1561.01	1250.07
Saccade R	1	110	9955085043	9955105045	20002	429.60	608.00	432.72	579.38	0.52	41.08	0.60	26.05	1813.19	-1561.01	1250.07
Fixation L	1	121	9955105045	9955281074	176029	439.61	573.60	28	13	-1	13.99	13.99
Fixation R	1	121	9955105045	9955281074	176029	439.61	573.60	28	13	-1	14.14	14.14
Saccade L	1	114	9955281074	9955321052	39978	446.46	571.22	455.35	456.12	2.70	166.63	0.40	67.45	6955.61	-6626.23	4388.35
Saccade R	1	111	9955281074	9955321052	39978	446.46	571.22	455.35	456.12	2.70	166.63	0.40	67.45	6955.61	-6626.23	4388.35
Fixation L	1	122	9955321052	9955809085	488033	449.11	452.14	24	35	-1	13.91	13.91
Fixation R	1	122	9955321052	9955809085	488033	449.11	452.14	24	35	-1	13.93	13.93
Saccade L	1	115	9955809085	9955889069	79984	446.45	448.18	1013.18	558.97	12.86	354.64	0.25	160.84	17211.03	-15130.22	7612.15
Saccade R	1	112	9955809085	9955889069	79984	446.45	448.18	1013.18	558.97	12.86	354.64	0.25	160.84	17211.03	-15130.22	7612.15
Fixation L	1	123	9955889069	9956005099	116030	1016.84	557.97	10	9	-1	13.60	13.60
Fixation R	1	123	9955889069	9956005099	116030	1016.84	557.97	10	9	-1	13.79	13.79
Saccade L	1	116	9956005099	9956029067	23968	1011.53	558.00	1010.02	494.98	1.20	95.19	0.50	49.89	4508.50	-4103.72	3105.37
Saccade R	1	113	9956005099	9956029067	23968	1011.53	558.00	1010.02	494.98	1.20	95.19	0.50	49.89	4508.50	-4103.72	3105.37
Fixation L	1	124	9956029067	9956153070	124003	1005.94	494.73	7	20	-1	13.63	13.63
Fixation R	1	124	9956029067	9956153070	124003	1005.94	494.73	7	20	-1	13.60	13.60
Saccade L	1	117	9956153070	9956189075	36005	1012.73	484.33	1044.74	553.76	1.63	95.45	0.33	45.39	4040.09	-3497.50	2488.16
Saccade R	1	114	9956153070	9956189075	36005	1012.73	484.33	1044.74	553.76	1.63	95.45	0.33	45.39	4040.09	-3497.50	2488.16
Fixation L	1	125	9956189075	9956508969	319894	1060.89	541.05	44	36	-1	13.10	13.10
Fixation R	1	125	9956189075	9956508969	319894	1060.89	541.05	44	36	-1	12.99	12.99
Saccade L	1	118	9956508969	9956528978	20009	1087.21	551.12	1128.45	546.62	0.80	65.47	0.60	39.90	2571.99	-2336.45	1787.04
Saccade R	1	115	9956508969	9956528978	20009	1087.21	551.12	1128.45	546.62	0.80	65.47	0.60	39.90	2571.99	-2336.45	1787.04
Fixation L	1	126	9956528978	9956812960	283982	1140.58	550.59	23	21	-1	12.79	12.79
Fixation R	1	126	9956528978	9956812960	283982	1140.58	550.59	23	21	-1	12.83	12.83
Saccade L	1	119	9956812960	9956840968	28008	1136.07	558.91	1080.77	474.63	2.08	159.61	0.57	74.26	7598.72	-7074.53	5412.11
Saccade R	1	116	9956812960	9956840968	28008	1136.07	558.91	1080.77	474.63	2.08	159.61	0.57	74.26	7598.72	-7074.53	5412.11
Fixation L	1	127	9956840968	9956992977	152009	1069.67	460.01	22	26	-1	12.90	12.90
Fixation R	1	127	9956840968	9956992977	152009	1069.67	460.01	22	26	-1	12.77	12.77
Saccade L	1	120	9956992977	9957016981	24004	1066.71	449.08	1113.67	464.29	0.99	72.89	0.50	41.21	3152.09	-2686.38	2121.62
Saccade R	1	117	9956992977	9957016981	24004	1066.71	449.08	1113.67	464.29	0.99	72.89	0.50	41.21	3152.09	-2686.38	2121.62
Fixation L	1	128	9957016981	9957252889	235908	1121.62	473.64	20	17	-1	12.92	12.92
Fixation R	1	128	9957016981	9957252889	235908	1121.62	473.64	20	17	-1	12.60	12.60
Saccade L	1	121	9957252889	9957288966	36077	1117.57	466.45	1055.66	470.70	1.31	58.71	0.45	36.33	2510.09	-2018.27	1568.94
Saccade R	1	118	9957252889	9957288966	36077	1117.57	466.45	1055.66	470.70	1.31	58.71	0.45	36.33	2510.09	-2018.27	1568.94
Fixation L	1	129	9957288966	9957468971	180005	1060.53	473.08	32	16	-1	13.05	13.05
Fixation R	1	129	9957288966	9957468971	180005	1060.53	473.08	32	16	-1	12.68	12.68
Saccade L	1	122	9957468971	9957492951	23980	1054.09	475.87	1110.84	474.57	1.07	84.32	0.50	44.71	3320.08	-3785.13	2680.52
Saccade R	1	119	9957468971	9957492951	23980	1054.09	475.87	1110.84	474.57	1.07	84.32	0.50	44.71	3320.08	-3785.13	2680.52
Fixation L	1	130	9957492951	9957904863	411912	1119.76	476.01	51	40	-1	13.17	13.17
Fixation R	1	130	9957492951	9957904863	411912	1119.76	476.01	51	40	-1	12.91	12.91
Saccade L	1	123	9957904863	9957928860	23997	1143.28	477.19	1199.89	479.63	1.29	117.93	0.50	53.93	5273.97	-4905.09	3716.55
Saccade R	1	120	9957904863	9957928860	23997	1143.28	477.19	1199.89	479.63	1.29	117.93	0.50	53.93	5273.97	-4905.09	3716.55
Fixation L	1	131	9957928860	9958108875	180015	1206.19	463.77	10	36	-1	13.08	13.08
Fixation R	1	131	9957928860	9958108875	180015	1206.19	463.77	10	36	-1	12.81	12.81
Saccade L	1	124	9958108875	9958148890	40015	1209.09	448.21	1036.85	459.88	3.62	259.45	0.30	90.52	11352.83	-10264.90	6303.00
Saccade R	1	121	9958108875	9958148890	40015	1209.09	448.21	1036.85	459.88	3.62	259.45	0.30	90.52	11352.83	-10264.90	6303.00
Fixation L	1	132	9958148890	9958292879	143989	1022.93	465.69	19	14	-1	13.10	13.10
Fixation R	1	132	9958148890	9958292879	143989	1022.93	465.69	19	14	-1	12.71	12.71
Saccade L	1	125	9958292879	9958316899	24020	1020.09	459.69	957.52	470.86	1.34	117.87	0.50	55.88	4846.31	-4404.32	3425.03
Saccade R	1	122	9958292879	9958316899	24020	1020.09	459.69	957.52	470.86	1.34	117.87	0.50	55.88	4846.31	-4404.32	3425.03
Fixation L	1	133	9958316899	9958780878	463979	947.22	495.96	15	47	-1	13.27	13.27
Fixation R	1	133	9958316899	9958780878	463979	947.22	495.96	15	47	-1	12.89	12.89
Saccade L	1	126	9958780878	9958828880	48002	952.10	518.13	0.00	0.00	33.40	2425.75	0.75	695.89	80070.98	-101574.57	48061.64
Saccade R	1	123	9958780878	9958828880	48002	952.10	518.13	0.00	0.00	33.40	2425.75	0.75	695.89	80070.98	-101574.57	48061.64
Fixation L	1	134	9958828880	9960000783	1171903	0.00	0.00	0	0	-1	14.60	14.60
Fixation R	1	134	9958828880	9960000783	1171903	0.00	0.00	0	0	-1	14.42	14.42
Saccade L	1	127	9960096715	9960152805	56090	1047.33	634.12	1032.24	497.46	5.12	275.47	0.28	91.31	12572.64	-9066.57	5377.63
Saccade R	1	124	9960096715	9960152805	56090	1047.33	634.12	1032.24	497.46	5.12	275.47	0.28	91.31	12572.64	-9066.57	5377.63
Saccade L	1	128	9960184807	9960224720	39913	1040.12	504.79	979.48	513.21	2.96	188.68	0.60	74.04	7585.65	-7713.66	4583.91
Saccade R	1	125	9960184807	9960224720	39913	1040.12	504.79	979.48	513.21	2.96	188.68	0.60	74.04	7585.65	-7713.66	4583.91
Fixation L	1	135	9960224720	9960444789	220069	972.32	506.62	21	23	-1	15.78	15.78
Fixation R	1	135	9960224720	9960444789	220069	972.32	506.62	21	23	-1	15.84	15.84
