[BeGaze]
Converted from:	D:\Kirillov\Results\ermolova_temp\Yulia-eye_data.idf
Date:	17.04.2019 03:53:19
Version:	BeGaze 3.0.181
Sample Rate:	250
Subject:	Yulia
Description:	Run22

Table Header for Fixations:
Event Type	Trial	Number	Start	End	Duration	Location X	Location Y	Dispersion X	Dispersion Y	Plane	Avg. Pupil Size X	Avg. Pupil Size Y

Table Header for Saccades:
Event Type	Trial	Number	Start	End	Duration	Start Loc.X	Start Loc.Y	End Loc.X	End Loc.Y	Amplitude	Peak Speed	Peak Speed At	Average Speed	Peak Accel.	Peak Decel.	Average Accel.

Table Header for User Events:
Event Type	Trial	Number	Start	Description

UserEvent	1	1	9511214503	# Message: Questionnaire14.jpg
Fixation L	1	1	9511247907	9511343902	95995	714.44	468.35	28	43	-1	14.31	14.31
Fixation R	1	1	9511247907	9511343902	95995	714.44	468.35	28	43	-1	12.28	12.28
Saccade L	1	1	9511439795	9511483810	44015	692.64	539.04	718.04	531.95	1.01	45.65	0.45	22.90	1227.91	-409.10	461.72
Saccade R	1	1	9511439795	9511483810	44015	692.64	539.04	718.04	531.95	1.01	45.65	0.45	22.90	1227.91	-409.10	461.72
Saccade L	1	2	9511504754	9511567819	63065	702.91	495.80	445.82	380.48	6.45	281.08	0.43	102.25	8322.52	-12712.90	5479.21
Saccade R	1	2	9511504754	9511567819	63065	702.91	495.80	445.82	380.48	6.45	281.08	0.43	102.25	8322.52	-12712.90	5479.21
Saccade L	1	3	9511635813	9511675812	39999	508.69	360.02	452.33	310.39	1.32	45.50	0.50	33.06	755.86	-1213.92	787.36
Saccade R	1	3	9511635813	9511675812	39999	508.69	360.02	452.33	310.39	1.32	45.50	0.50	33.06	755.86	-1213.92	787.36
Saccade L	1	4	9511683785	9511703785	20000	448.47	306.02	504.46	326.18	0.96	85.70	0.60	48.06	3014.63	-528.49	1553.84
Saccade R	1	4	9511683785	9511703785	20000	448.47	306.02	504.46	326.18	0.96	85.70	0.60	48.06	3014.63	-528.49	1553.84
Saccade L	1	5	9511703785	9511747801	44016	504.46	326.18	437.80	216.15	3.68	217.75	0.73	83.55	5840.21	-9129.30	3896.26
Saccade R	1	5	9511703785	9511747801	44016	504.46	326.18	437.80	216.15	3.68	217.75	0.73	83.55	5840.21	-9129.30	3896.26
Saccade L	1	6	9511747801	9511819806	72005	437.80	216.15	455.45	342.37	3.01	98.63	0.50	41.81	3821.69	-6931.73	2278.93
Saccade R	1	6	9511747801	9511819806	72005	437.80	216.15	455.45	342.37	3.01	98.63	0.50	41.81	3821.69	-6931.73	2278.93
Fixation L	1	2	9511819806	9511923861	104055	442.64	344.21	27	27	-1	13.97	13.97
Fixation R	1	2	9511819806	9511923861	104055	442.64	344.21	27	27	-1	12.00	12.00
Saccade L	1	7	9511923861	9511951835	27974	431.89	339.32	454.23	408.71	1.51	124.24	0.57	54.12	5101.65	-4779.80	3590.06
Saccade R	1	7	9511923861	9511951835	27974	431.89	339.32	454.23	408.71	1.51	124.24	0.57	54.12	5101.65	-4779.80	3590.06
Fixation L	1	3	9511951835	9512071800	119965	431.71	370.91	45	58	-1	13.79	13.79
Fixation R	1	3	9511951835	9512071800	119965	431.71	370.91	45	58	-1	11.87	11.87
Saccade L	1	8	9512071800	9512119799	47999	442.36	350.63	409.99	282.33	2.02	77.95	0.75	42.01	2505.93	-3456.12	1866.65
Saccade R	1	8	9512071800	9512119799	47999	442.36	350.63	409.99	282.33	2.02	77.95	0.75	42.01	2505.93	-3456.12	1866.65
Saccade L	1	9	9512143793	9512175832	32039	402.78	262.02	407.77	321.27	1.09	62.62	0.62	33.89	2496.77	-2258.58	1699.17
Saccade R	1	9	9512143793	9512175832	32039	402.78	262.02	407.77	321.27	1.09	62.62	0.62	33.89	2496.77	-2258.58	1699.17
Saccade L	1	10	9512215797	9512259820	44023	426.03	343.12	395.92	291.84	1.51	55.62	0.36	34.25	2438.08	-1517.64	1098.47
Saccade R	1	10	9512215797	9512259820	44023	426.03	343.12	395.92	291.84	1.51	55.62	0.36	34.25	2438.08	-1517.64	1098.47
Fixation L	1	4	9512259820	9512351797	91977	390.86	261.77	16	40	-1	13.41	13.41
Fixation R	1	4	9512259820	9512351797	91977	390.86	261.77	16	40	-1	11.78	11.78
Saccade L	1	11	9512351797	9512443844	92047	394.65	256.17	426.22	274.15	3.67	94.88	0.22	39.83	4039.13	-1978.36	1328.73
Saccade R	1	11	9512351797	9512443844	92047	394.65	256.17	426.22	274.15	3.67	94.88	0.22	39.83	4039.13	-1978.36	1328.73
Fixation L	1	5	9512507829	9512755823	247994	381.41	216.23	35	52	-1	13.23	13.23
Fixation R	1	5	9512507829	9512755823	247994	381.41	216.23	35	52	-1	11.47	11.47
UserEvent	1	2	9512637752	# Message: UE-mouseclick left x=417 y=256
Saccade L	1	12	9512755823	9512815686	59863	373.30	206.65	385.09	272.55	1.39	63.82	0.47	23.22	1562.99	-2002.18	942.47
Saccade R	1	12	9512755823	9512815686	59863	373.30	206.65	385.09	272.55	1.39	63.82	0.47	23.22	1562.99	-2002.18	942.47
Fixation L	1	6	9512815686	9513011702	196016	391.06	270.49	30	26	-1	13.22	13.22
Fixation R	1	6	9512815686	9513011702	196016	391.06	270.49	30	26	-1	11.54	11.54
UserEvent	1	3	9513005741	# Message: UE-mouseclick left x=407 y=280
Saccade L	1	13	9513011702	9513039710	28008	401.46	263.89	477.29	283.48	1.67	137.79	0.43	59.73	5590.56	-4026.53	3361.47
Saccade R	1	13	9513011702	9513039710	28008	401.46	263.89	477.29	283.48	1.67	137.79	0.43	59.73	5590.56	-4026.53	3361.47
Saccade L	1	14	9513039710	9513083763	44053	477.29	283.48	392.96	226.01	2.69	155.91	0.27	61.14	5783.24	-6576.39	3605.19
Saccade R	1	14	9513039710	9513083763	44053	477.29	283.48	392.96	226.01	2.69	155.91	0.27	61.14	5783.24	-6576.39	3605.19
Fixation L	1	7	9513083763	9513323770	240007	389.09	278.81	41	91	-1	13.39	13.39
Fixation R	1	7	9513083763	9513323770	240007	389.09	278.81	41	91	-1	11.69	11.69
Saccade L	1	15	9513323770	9513375704	51934	406.50	313.48	538.79	473.49	4.97	254.30	0.38	95.63	11407.65	-7965.09	5542.49
Saccade R	1	15	9513323770	9513375704	51934	406.50	313.48	538.79	473.49	4.97	254.30	0.38	95.63	11407.65	-7965.09	5542.49
Saccade L	1	16	9513375704	9513403715	28011	538.79	473.49	441.76	482.64	1.94	140.13	0.29	69.20	4390.76	-6779.22	4049.94
Saccade R	1	16	9513375704	9513403715	28011	538.79	473.49	441.76	482.64	1.94	140.13	0.29	69.20	4390.76	-6779.22	4049.94
Fixation L	1	8	9513403715	9513827736	424021	430.19	486.07	43	41	-1	13.86	13.86
Fixation R	1	8	9513403715	9513827736	424021	430.19	486.07	43	41	-1	11.94	11.94
UserEvent	1	4	9513541772	# Message: UE-mouseclick left x=439 y=414
Saccade L	1	17	9513827736	9513895717	67981	435.50	501.11	420.31	427.74	1.85	60.88	0.53	27.17	2188.31	-1717.17	1041.55
Saccade R	1	17	9513827736	9513895717	67981	435.50	501.11	420.31	427.74	1.85	60.88	0.53	27.17	2188.31	-1717.17	1041.55
UserEvent	1	5	9513837761	# Message: UE-mouseclick left x=427 y=395
