[BeGaze]
Converted from:	D:\Kirillov\Results\ermolova_temp\Valera-eye_data.idf
Date:	17.04.2019 03:52:32
Version:	BeGaze 3.0.181
Sample Rate:	250
Subject:	Valera
Description:	Run8

Table Header for Fixations:
Event Type	Trial	Number	Start	End	Duration	Location X	Location Y	Dispersion X	Dispersion Y	Plane	Avg. Pupil Size X	Avg. Pupil Size Y

Table Header for Saccades:
Event Type	Trial	Number	Start	End	Duration	Start Loc.X	Start Loc.Y	End Loc.X	End Loc.Y	Amplitude	Peak Speed	Peak Speed At	Average Speed	Peak Accel.	Peak Decel.	Average Accel.

Table Header for User Events:
Event Type	Trial	Number	Start	Description

UserEvent	1	1	521887156	# Message: experiment-06.jpg
Fixation L	1	1	521888868	522224764	335896	463.75	398.09	26	29	-1	14.83	14.83
Fixation R	1	1	521888868	522224764	335896	463.75	398.09	26	29	-1	16.07	16.07
Saccade L	1	1	522224764	522276720	51956	463.68	402.16	1068.85	511.31	13.26	515.27	0.38	255.27	25407.01	-23120.88	15843.63
Saccade R	1	1	522224764	522276720	51956	463.68	402.16	1068.85	511.31	13.26	515.27	0.38	255.27	25407.01	-23120.88	15843.63
Fixation L	1	2	522276720	522464752	188032	1064.88	521.34	13	15	-1	14.32	14.32
Fixation R	1	2	522276720	522464752	188032	1064.88	521.34	13	15	-1	15.91	15.91
Saccade L	1	2	522464752	522488757	24005	1063.44	526.44	1034.31	514.03	0.69	49.94	0.50	28.69	2017.70	-1417.00	1298.93
Saccade R	1	2	522464752	522488757	24005	1063.44	526.44	1034.31	514.03	0.69	49.94	0.50	28.69	2017.70	-1417.00	1298.93
Fixation L	1	3	522488757	522576747	87990	1018.19	506.93	27	12	-1	13.98	13.98
Fixation R	1	3	522488757	522576747	87990	1018.19	506.93	27	12	-1	15.45	15.45
Saccade L	1	3	522576747	522616807	40060	1009.25	510.24	0.00	0.00	24.77	2202.00	0.70	618.38	90417.29	-91987.00	50870.20
Fixation L	1	4	522740752	523036703	295951	423.35	650.05	49	24	-1	13.80	13.80
Fixation R	1	4	522740752	523036703	295951	423.35	650.05	49	24	-1	14.95	14.95
Saccade L	1	4	523036703	523100782	64079	448.10	652.35	1073.33	618.67	14.24	538.93	0.31	222.19	25750.47	-22779.14	13461.53
Saccade R	1	3	523036703	523100782	64079	448.10	652.35	1073.33	618.67	14.24	538.93	0.31	222.19	25750.47	-22779.14	13461.53
Fixation L	1	5	523100782	523356650	255868	1063.60	634.37	46	40	-1	13.89	13.89
Fixation R	1	5	523100782	523356650	255868	1063.60	634.37	46	40	-1	15.20	15.20
Saccade L	1	5	523356650	523420635	63985	1063.15	616.67	1015.16	553.99	1.77	41.40	0.50	27.64	1208.42	-1065.21	709.14
Saccade R	1	4	523356650	523420635	63985	1063.15	616.67	1015.16	553.99	1.77	41.40	0.50	27.64	1208.42	-1065.21	709.14
Fixation L	1	6	523420635	523564666	144031	1036.94	554.24	38	16	-1	13.69	13.69
Fixation R	1	6	523420635	523564666	144031	1036.94	554.24	38	16	-1	15.02	15.02
Saccade L	1	6	523564666	523608628	43962	1042.87	548.86	1000.33	501.98	1.45	66.74	0.36	33.04	2764.56	-2251.94	1598.89
Saccade R	1	5	523564666	523608628	43962	1042.87	548.86	1000.33	501.98	1.45	66.74	0.36	33.04	2764.56	-2251.94	1598.89
Fixation L	1	7	523608628	523860648	252020	988.24	505.10	23	30	-1	13.67	13.67
Fixation R	1	7	523608628	523860648	252020	988.24	505.10	23	30	-1	14.82	14.82
Saccade L	1	7	523860648	523896642	35994	985.16	516.61	1030.37	583.80	2.01	105.46	0.56	55.78	4484.62	-4653.86	3375.14
Saccade R	1	6	523860648	523896642	35994	985.16	516.61	1030.37	583.80	2.01	105.46	0.56	55.78	4484.62	-4653.86	3375.14
Fixation L	1	8	523896642	524060653	164011	1022.85	581.77	12	21	-1	13.75	13.75
Fixation R	1	8	523896642	524060653	164011	1022.85	581.77	12	21	-1	14.74	14.74
Saccade L	1	8	524060653	524132649	71996	1022.83	572.81	396.49	660.58	14.86	526.90	0.56	206.45	24640.91	-21284.02	12129.16
Saccade R	1	7	524060653	524132649	71996	1022.83	572.81	396.49	660.58	14.86	526.90	0.56	206.45	24640.91	-21284.02	12129.16
Fixation L	1	9	524132649	524428521	295872	415.26	680.34	43	38	-1	13.61	13.61
Fixation R	1	9	524132649	524428521	295872	415.26	680.34	43	38	-1	14.53	14.53
Saccade L	1	9	524428521	524464648	36127	410.10	677.71	448.19	531.67	3.10	204.57	0.34	85.78	8960.41	-8030.90	5683.40
Saccade R	1	8	524428521	524464648	36127	410.10	677.71	448.19	531.67	3.10	204.57	0.34	85.78	8960.41	-8030.90	5683.40
Fixation L	1	10	524464648	524860646	395998	445.90	529.40	27	40	-1	13.56	13.56
Fixation R	1	10	524464648	524860646	395998	445.90	529.40	27	40	-1	14.76	14.76
Saccade L	1	10	524860646	524896492	35846	463.13	535.07	319.92	570.05	3.26	223.61	0.44	91.00	10180.82	-9692.23	6620.08
Saccade R	1	9	524860646	524896492	35846	463.13	535.07	319.92	570.05	3.26	223.61	0.44	91.00	10180.82	-9692.23	6620.08
Fixation L	1	11	524896492	525116502	220010	311.83	585.34	17	23	-1	13.94	13.94
Fixation R	1	11	524896492	525116502	220010	311.83	585.34	17	23	-1	15.02	15.02
Saccade L	1	11	525116502	525164532	48030	302.18	589.09	432.64	385.07	5.86	244.59	0.42	122.03	12097.50	-9777.23	7649.18
Saccade R	1	10	525116502	525164532	48030	302.18	589.09	432.64	385.07	5.86	244.59	0.42	122.03	12097.50	-9777.23	7649.18
Fixation L	1	12	525164532	525260496	95964	436.57	381.42	9	8	-1	13.96	13.96
Fixation R	1	12	525164532	525260496	95964	436.57	381.42	9	8	-1	15.27	15.27
Saccade L	1	12	525260496	525312539	52043	434.55	384.05	1064.02	630.04	14.59	576.13	0.46	280.31	26841.17	-24023.04	17131.46
Saccade R	1	11	525260496	525312539	52043	434.55	384.05	1064.02	630.04	14.59	576.13	0.46	280.31	26841.17	-24023.04	17131.46
Fixation L	1	13	525312539	525496532	183993	1063.62	649.67	23	29	-1	13.72	13.72
Fixation R	1	13	525312539	525496532	183993	1063.62	649.67	23	29	-1	15.52	15.52
Saccade L	1	13	525496532	525520539	24007	1053.91	655.31	1039.08	576.78	1.54	128.47	0.50	63.95	6031.21	-5465.36	4126.42
Saccade R	1	12	525496532	525520539	24007	1053.91	655.31	1039.08	576.78	1.54	128.47	0.50	63.95	6031.21	-5465.36	4126.42
Fixation L	1	14	525520539	525708529	187990	1049.81	584.12	21	16	-1	13.72	13.72
Fixation R	1	14	525520539	525708529	187990	1049.81	584.12	21	16	-1	15.39	15.39
Saccade L	1	14	525708529	525740534	32005	1047.34	578.70	1043.16	474.29	2.28	160.02	0.63	71.20	7249.33	-7183.23	5063.99
Saccade R	1	13	525708529	525740534	32005	1047.34	578.70	1043.16	474.29	2.28	160.02	0.63	71.20	7249.33	-7183.23	5063.99
Fixation L	1	15	525740534	525860554	120020	1058.03	484.02	29	20	-1	13.53	13.53
Fixation R	1	15	525740534	525860554	120020	1058.03	484.02	29	20	-1	15.05	15.05
Saccade L	1	15	525860554	525916412	55858	1046.25	490.61	346.84	683.00	15.80	570.56	0.43	282.84	26183.14	-22727.89	16363.62
Saccade R	1	14	525860554	525916412	55858	1046.25	490.61	346.84	683.00	15.80	570.56	0.43	282.84	26183.14	-22727.89	16363.62
Fixation L	1	16	525916412	526160407	243995	334.38	670.14	20	29	-1	13.71	13.71
Fixation R	1	16	525916412	526160407	243995	334.38	670.14	20	29	-1	14.87	14.87
Saccade L	1	16	526160407	526204546	44139	333.64	680.22	281.88	541.83	3.24	165.79	0.36	73.43	8113.99	-7200.46	5043.59
Saccade R	1	15	526160407	526204546	44139	333.64	680.22	281.88	541.83	3.24	165.79	0.36	73.43	8113.99	-7200.46	5043.59
Fixation L	1	17	526204546	526364423	159877	281.38	545.63	22	12	-1	13.80	13.80
Fixation R	1	17	526204546	526364423	159877	281.38	545.63	22	12	-1	14.94	14.94
Saccade L	1	17	526364423	526428380	63957	291.72	537.16	1106.76	629.99	18.09	575.54	0.38	282.85	27670.93	-22811.19	15141.54
Saccade R	1	16	526364423	526428380	63957	291.72	537.16	1106.76	629.99	18.09	575.54	0.38	282.85	27670.93	-22811.19	15141.54
Fixation L	1	18	526428380	526604377	175997	1121.93	617.48	26	20	-1	13.82	13.82
Fixation R	1	18	526428380	526604377	175997	1121.93	617.48	26	20	-1	15.57	15.57
Saccade L	1	18	526604377	526640443	36066	1121.36	618.75	1004.35	580.27	2.87	203.52	0.33	79.57	9155.25	-8403.63	5445.06
Saccade R	1	17	526604377	526640443	36066	1121.36	618.75	1004.35	580.27	2.87	203.52	0.33	79.57	9155.25	-8403.63	5445.06
Fixation L	1	19	526640443	526812446	172003	1002.40	562.87	31	27	-1	13.72	13.72
Fixation R	1	19	526640443	526812446	172003	1002.40	562.87	31	27	-1	15.24	15.24
Saccade L	1	19	526812446	526864430	51984	994.53	552.68	1084.28	608.33	2.69	179.26	0.23	51.70	7247.86	-6537.12	3154.89
Saccade R	1	18	526812446	526864430	51984	994.53	552.68	1084.28	608.33	2.69	179.26	0.23	51.70	7247.86	-6537.12	3154.89
Fixation L	1	20	526864430	527070267	205837	557.70	336.60	1088	962	-1	9.60	9.60
Fixation R	1	20	526864430	527070267	205837	557.70	336.60	1088	962	-1	11.09	10.89
Saccade L	1	20	527070267	527160440	90173	0.00	0.00	1023.81	464.00	31.93	1650.58	0.25	354.08	47503.97	-57159.72	17758.62
Saccade R	1	19	527070267	527160440	90173	0.00	0.00	1023.81	464.00	31.93	1650.58	0.25	354.08	47503.97	-57159.72	17758.62
Fixation L	1	21	527160440	527248423	87983	1039.57	474.48	23	14	-1	13.31	13.31
Fixation R	1	21	527160440	527248423	87983	1039.57	474.48	23	14	-1	14.64	14.64
Saccade L	1	21	527248423	527304417	55994	1030.95	477.52	447.22	449.21	12.86	480.92	0.36	229.59	22045.28	-20552.29	13790.56
Saccade R	1	20	527248423	527304417	55994	1030.95	477.52	447.22	449.21	12.86	480.92	0.36	229.59	22045.28	-20552.29	13790.56
Fixation L	1	22	527304417	527852306	547889	453.32	460.34	32	48	-1	13.70	13.70
Fixation R	1	22	527304417	527852306	547889	453.32	460.34	32	48	-1	14.64	14.64
Saccade L	1	22	527852306	527896295	43989	453.66	486.88	489.12	338.64	3.31	186.68	0.36	75.17	7976.22	-6727.86	4658.01
Saccade R	1	21	527852306	527896295	43989	453.66	486.88	489.12	338.64	3.31	186.68	0.36	75.17	7976.22	-6727.86	4658.01
Fixation L	1	23	527896295	528248297	352002	483.00	349.19	20	39	-1	14.01	14.01
Fixation R	1	23	527896295	528248297	352002	483.00	349.19	20	39	-1	15.16	15.16
Saccade L	1	23	528248297	528304294	55997	484.47	355.87	545.71	639.36	6.72	311.03	0.36	119.92	14929.14	-11719.22	7942.49
Saccade R	1	22	528248297	528304294	55997	484.47	355.87	545.71	639.36	6.72	311.03	0.36	119.92	14929.14	-11719.22	7942.49
Fixation L	1	24	528304294	528508330	204036	521.82	635.55	43	17	-1	14.27	14.27
Fixation R	1	24	528304294	528508330	204036	521.82	635.55	43	17	-1	15.81	15.81
Saccade L	1	24	528508330	528556316	47986	510.56	635.75	988.18	528.25	11.06	437.97	0.50	230.53	20389.64	-21124.88	14462.73
Saccade R	1	23	528508330	528556316	47986	510.56	635.75	988.18	528.25	11.06	437.97	0.50	230.53	20389.64	-21124.88	14462.73
Fixation L	1	25	528556316	528764335	208019	1036.09	532.56	67	29	-1	14.22	14.22
Fixation R	1	25	528556316	528764335	208019	1036.09	532.56	67	29	-1	15.85	15.85
Saccade L	1	25	528764335	528792234	27899	1039.22	549.45	1013.37	496.19	1.37	96.47	0.43	48.93	4542.18	-3887.73	3152.27
Saccade R	1	24	528764335	528792234	27899	1039.22	549.45	1013.37	496.19	1.37	96.47	0.43	48.93	4542.18	-3887.73	3152.27
Fixation L	1	26	528792234	528864307	72073	1002.61	490.40	14	8	-1	13.91	13.91
Fixation R	1	26	528792234	528864307	72073	1002.61	490.40	14	8	-1	15.59	15.59
Saccade L	1	26	528864307	528912212	47905	1002.42	489.39	467.10	530.30	11.53	484.67	0.41	240.76	23544.04	-19883.66	15159.86
Saccade R	1	25	528864307	528912212	47905	1002.42	489.39	467.10	530.30	11.53	484.67	0.41	240.76	23544.04	-19883.66	15159.86
Fixation L	1	27	528912212	529308180	395968	456.72	535.40	41	35	-1	13.68	13.68
Fixation R	1	27	528912212	529308180	395968	456.72	535.40	41	35	-1	15.01	15.01
Saccade L	1	27	529308180	529344189	36009	482.27	550.73	354.28	558.09	3.41	268.23	0.45	94.77	11610.88	-10579.45	7115.01
Saccade R	1	26	529308180	529344189	36009	482.27	550.73	354.28	558.09	3.41	268.23	0.45	94.77	11610.88	-10579.45	7115.01
Fixation L	1	28	529344189	529588184	243995	354.48	555.61	32	22	-1	13.97	13.97
Fixation R	1	28	529344189	529588184	243995	354.48	555.61	32	22	-1	15.20	15.20
Saccade L	1	28	529588184	529624150	35966	354.28	556.41	384.81	431.98	2.78	157.00	0.44	77.41	7451.06	-6860.95	4987.50
Saccade R	1	27	529588184	529624150	35966	354.28	556.41	384.81	431.98	2.78	157.00	0.44	77.41	7451.06	-6860.95	4987.50
Fixation L	1	29	529624150	529872197	248047	374.59	412.79	55	28	-1	14.20	14.20
Fixation R	1	29	529624150	529872197	248047	374.59	412.79	55	28	-1	15.46	15.46
Saccade L	1	29	529872197	529912124	39927	352.46	401.44	285.98	533.94	3.35	165.07	0.30	83.86	7694.14	-6793.29	5193.19
Saccade R	1	28	529872197	529912124	39927	352.46	401.44	285.98	533.94	3.35	165.07	0.30	83.86	7694.14	-6793.29	5193.19
Fixation L	1	30	529912124	530132192	220068	306.86	538.75	41	32	-1	14.27	14.27
Fixation R	1	30	529912124	530132192	220068	306.86	538.75	41	32	-1	15.44	15.44
Saccade L	1	30	530132192	530188188	55996	293.76	551.84	1086.22	594.18	17.17	550.34	0.43	306.67	26432.04	-23001.48	15873.44
Saccade R	1	29	530132192	530188188	55996	293.76	551.84	1086.22	594.18	17.17	550.34	0.43	306.67	26432.04	-23001.48	15873.44
Fixation L	1	31	530188188	530300041	111853	1081.15	599.60	32	12	-1	14.06	14.06
Fixation R	1	31	530188188	530300041	111853	1081.15	599.60	32	12	-1	15.75	15.75
Saccade L	1	31	530300041	530348066	48025	1091.64	609.21	1050.07	577.18	1.38	48.01	0.33	28.73	1713.86	-1005.67	971.04
Saccade R	1	30	530300041	530348066	48025	1091.64	609.21	1050.07	577.18	1.38	48.01	0.33	28.73	1713.86	-1005.67	971.04
Fixation L	1	32	530348066	530908069	560003	1047.60	593.28	50	52	-1	13.77	13.77
Fixation R	1	32	530348066	530908069	560003	1047.60	593.28	50	52	-1	15.08	15.08
Saccade L	1	32	530908069	530948046	39977	1034.07	598.85	1022.10	648.81	1.01	40.95	0.30	25.20	1951.92	-1019.42	901.62
Saccade R	1	31	530908069	530948046	39977	1034.07	598.85	1022.10	648.81	1.01	40.95	0.30	25.20	1951.92	-1019.42	901.62
Fixation L	1	33	530948046	531168070	220024	1042.83	663.70	30	30	-1	13.44	13.44
Fixation R	1	33	530948046	531168070	220024	1042.83	663.70	30	30	-1	14.53	14.53
Saccade L	1	33	531168070	531224042	55972	1042.03	653.89	395.24	546.44	14.34	540.45	0.36	256.12	25583.61	-19994.52	14682.57
Saccade R	1	32	531168070	531224042	55972	1042.03	653.89	395.24	546.44	14.34	540.45	0.36	256.12	25583.61	-19994.52	14682.57
Fixation L	1	34	531224042	531536081	312039	390.91	541.15	16	40	-1	13.45	13.45
Fixation R	1	34	531224042	531536081	312039	390.91	541.15	16	40	-1	14.47	14.47
Saccade L	1	34	531536081	531596085	60004	397.21	543.36	1108.84	690.81	15.97	572.74	0.33	266.07	27633.78	-20310.74	15459.35
Saccade R	1	33	531536081	531596085	60004	397.21	543.36	1108.84	690.81	15.97	572.74	0.33	266.07	27633.78	-20310.74	15459.35
Fixation L	1	35	531596085	531751955	155870	1112.26	699.03	10	20	-1	13.69	13.69
Fixation R	1	35	531596085	531751955	155870	1112.26	699.03	10	20	-1	15.05	15.05
Saccade L	1	35	531751955	531787963	36008	1115.53	705.16	1119.52	587.30	2.71	179.06	0.55	75.27	7733.21	-7761.72	5363.88
Saccade R	1	34	531751955	531787963	36008	1115.53	705.16	1119.52	587.30	2.71	179.06	0.55	75.27	7733.21	-7761.72	5363.88
Fixation L	1	36	531787963	531903953	115990	1111.92	577.39	26	16	-1	13.79	13.79
Fixation R	1	36	531787963	531903953	115990	1111.92	577.39	26	16	-1	15.08	15.08
Saccade L	1	36	531903953	531963978	60025	1135.42	570.01	340.38	436.04	17.85	564.57	0.27	297.44	27656.73	-21051.35	14334.16
Saccade R	1	35	531903953	531963978	60025	1135.42	570.01	340.38	436.04	17.85	564.57	0.27	297.44	27656.73	-21051.35	14334.16
Fixation L	1	37	531963978	532280021	316043	335.67	456.49	19	41	-1	13.83	13.83
Fixation R	1	37	531963978	532280021	316043	335.67	456.49	19	41	-1	14.70	14.70
Saccade L	1	37	532280021	532311962	31941	339.95	469.50	409.17	409.69	2.42	186.64	0.50	75.69	8179.72	-6668.52	5062.63
Saccade R	1	36	532280021	532311962	31941	339.95	469.50	409.17	409.69	2.42	186.64	0.50	75.69	8179.72	-6668.52	5062.63
Fixation L	1	38	532311962	532427933	115971	424.22	371.42	21	51	-1	13.94	13.94
Fixation R	1	38	532311962	532427933	115971	424.22	371.42	21	51	-1	15.00	15.00
Saccade L	1	38	532427933	532499956	72023	425.97	388.53	1189.19	682.65	18.15	577.15	0.28	252.06	28716.34	-22082.13	13847.64
Saccade R	1	37	532427933	532499956	72023	425.97	388.53	1189.19	682.65	18.15	577.15	0.28	252.06	28716.34	-22082.13	13847.64
Fixation L	1	39	532499956	532791915	291959	1182.55	661.67	46	36	-1	14.07	14.07
Fixation R	1	39	532499956	532791915	291959	1182.55	661.67	46	36	-1	15.52	15.52
Saccade L	1	39	532791915	532815975	24060	1199.16	651.58	1042.84	649.44	3.13	269.23	0.50	130.20	12344.72	-10858.09	8499.57
Saccade R	1	38	532791915	532815975	24060	1199.16	651.58	1042.84	649.44	3.13	269.23	0.50	130.20	12344.72	-10858.09	8499.57
Fixation L	1	40	532815975	532987960	171985	1071.57	637.59	49	24	-1	13.91	13.91
Fixation R	1	40	532815975	532987960	171985	1071.57	637.59	49	24	-1	15.17	15.17
Fixation L	1	41	533051962	533179839	127877	1183.03	575.02	26	24	-1	13.68	13.68
Fixation R	1	41	533051962	533179839	127877	1183.03	575.02	26	24	-1	14.99	14.99
Saccade L	1	40	533179839	533231843	52004	1192.50	572.06	1094.94	644.14	2.96	171.25	0.38	56.93	7182.69	-6608.96	3798.63
Saccade R	1	39	533179839	533231843	52004	1192.50	572.06	1094.94	644.14	2.96	171.25	0.38	56.93	7182.69	-6608.96	3798.63
Fixation L	1	42	533231843	533455843	224000	1096.90	641.61	57	32	-1	13.67	13.67
Fixation R	1	42	533231843	533455843	224000	1096.90	641.61	57	32	-1	14.85	14.85
Saccade L	1	41	533455843	533511819	55976	1134.11	659.19	995.08	662.10	3.42	227.75	0.64	61.17	9076.62	-9511.82	4266.08
Saccade R	1	40	533455843	533511819	55976	1134.11	659.19	995.08	662.10	3.42	227.75	0.64	61.17	9076.62	-9511.82	4266.08
Fixation L	1	43	533511819	533683851	172032	1000.05	656.53	21	17	-1	13.67	13.67
Fixation R	1	43	533511819	533683851	172032	1000.05	656.53	21	17	-1	14.77	14.77
Saccade L	1	42	533683851	533735848	51997	1014.39	647.24	1041.19	531.57	2.73	163.56	0.31	52.43	6885.55	-6348.26	3353.63
Saccade R	1	41	533683851	533735848	51997	1014.39	647.24	1041.19	531.57	2.73	163.56	0.31	52.43	6885.55	-6348.26	3353.63
Fixation L	1	44	533735848	533996802	260954	802.54	431.75	1055	1106	-1	12.35	12.35
Fixation R	1	44	533735848	533996802	260954	802.54	431.75	1055	1106	-1	13.69	13.69
Fixation L	1	45	534063856	534383862	320006	1161.08	587.37	41	43	-1	13.54	13.54
Fixation R	1	45	534063856	534383862	320006	1161.08	587.37	41	43	-1	14.66	14.66
Saccade L	1	43	534383862	534411847	27985	1147.03	558.79	1225.37	566.35	1.68	133.01	0.57	60.00	6172.99	-6325.37	4521.25
Saccade R	1	42	534383862	534411847	27985	1147.03	558.79	1225.37	566.35	1.68	133.01	0.57	60.00	6172.99	-6325.37	4521.25
Fixation L	1	46	534411847	534587702	175855	1223.51	572.71	23	14	-1	13.23	13.23
Fixation R	1	46	534411847	534587702	175855	1223.51	572.71	23	14	-1	14.41	14.41
Saccade L	1	44	534587702	534651749	64047	1225.93	581.82	428.82	509.02	17.75	584.24	0.31	277.11	27072.85	-16286.61	14379.76
Saccade R	1	43	534587702	534651749	64047	1225.93	581.82	428.82	509.02	17.75	584.24	0.31	277.11	27072.85	-16286.61	14379.76
Fixation L	1	47	534651749	534823731	171982	433.38	488.83	21	33	-1	13.14	13.14
Fixation R	1	47	534651749	534823731	171982	433.38	488.83	21	33	-1	13.99	13.99
Saccade L	1	45	534823731	534843749	20018	445.21	490.93	351.89	495.10	1.80	196.38	0.60	89.97	7878.64	-6178.89	5081.16
Saccade R	1	44	534823731	534843749	20018	445.21	490.93	351.89	495.10	1.80	196.38	0.60	89.97	7878.64	-6178.89	5081.16
Fixation L	1	48	534867740	534951754	84014	341.26	524.00	12	49	-1	13.11	13.11
Fixation R	1	48	534867740	534951754	84014	341.26	524.00	12	49	-1	13.99	13.99
Saccade L	1	46	534951754	535007764	56010	350.34	557.34	1151.84	701.29	17.72	604.16	0.50	316.37	27222.63	-26049.58	17479.91
Saccade R	1	45	534951754	535007764	56010	350.34	557.34	1151.84	701.29	17.72	604.16	0.50	316.37	27222.63	-26049.58	17479.91
Fixation L	1	49	535007764	535291751	283987	1138.76	684.92	39	33	-1	13.20	13.20
Fixation R	1	49	535007764	535291751	283987	1138.76	684.92	39	33	-1	14.49	14.49
Saccade L	1	47	535291751	535339736	47985	1151.07	678.90	1244.33	650.58	2.98	175.63	0.33	62.18	8492.74	-6454.67	3752.50
Saccade R	1	46	535291751	535339736	47985	1151.07	678.90	1244.33	650.58	2.98	175.63	0.33	62.18	8492.74	-6454.67	3752.50
Fixation L	1	50	535339736	535427736	88000	1247.20	653.90	23	10	-1	13.34	13.34
Fixation R	1	50	535339736	535427736	88000	1247.20	653.90	23	10	-1	14.82	14.82
Saccade L	1	48	535427736	535507756	80020	1232.17	648.57	377.77	441.23	20.00	574.40	0.35	249.90	25511.45	-20829.39	12179.24
Saccade R	1	47	535427736	535507756	80020	1232.17	648.57	377.77	441.23	20.00	574.40	0.35	249.90	25511.45	-20829.39	12179.24
Fixation L	1	51	535507756	535859624	351868	373.00	442.54	24	27	-1	13.40	13.40
Fixation R	1	51	535507756	535859624	351868	373.00	442.54	24	27	-1	14.36	14.36
Saccade L	1	49	535859624	535919612	59988	369.12	448.52	413.07	297.48	3.91	171.65	0.40	65.20	7615.96	-6951.03	3792.32
Saccade R	1	48	535859624	535919612	59988	369.12	448.52	413.07	297.48	3.91	171.65	0.40	65.20	7615.96	-6951.03	3792.32
Fixation L	1	52	535919612	536131638	212026	414.77	301.34	25	40	-1	13.66	13.66
Fixation R	1	52	535919612	536131638	212026	414.77	301.34	25	40	-1	14.87	14.87
Saccade L	1	50	536131638	536203648	72010	397.06	320.07	1228.78	626.81	19.47	620.96	0.39	270.32	28395.00	-27253.83	14918.27
Saccade R	1	49	536131638	536203648	72010	397.06	320.07	1228.78	626.81	19.47	620.96	0.39	270.32	28395.00	-27253.83	14918.27
Fixation L	1	53	536203648	536387629	183981	1225.82	632.92	38	16	-1	13.58	13.58
Fixation R	1	53	536203648	536387629	183981	1225.82	632.92	38	16	-1	15.45	15.45
Saccade L	1	51	536387629	536439627	51998	1226.96	629.03	1067.73	655.47	3.97	271.82	0.31	76.26	11714.82	-11100.22	5428.51
Saccade R	1	50	536387629	536439627	51998	1226.96	629.03	1067.73	655.47	3.97	271.82	0.31	76.26	11714.82	-11100.22	5428.51
Fixation L	1	54	536439627	536679536	239909	1048.62	647.05	50	20	-1	13.70	13.70
Fixation R	1	54	536439627	536679536	239909	1048.62	647.05	50	20	-1	15.21	15.21
Saccade L	1	52	536679536	536707620	28084	1059.94	641.76	1147.67	645.87	2.00	159.01	0.57	71.07	7342.14	-7324.56	5297.84
Saccade R	1	51	536679536	536707620	28084	1059.94	641.76	1147.67	645.87	2.00	159.01	0.57	71.07	7342.14	-7324.56	5297.84
Fixation L	1	55	536707620	536855657	148037	1144.05	634.67	17	20	-1	13.68	13.68
Fixation R	1	55	536707620	536855657	148037	1144.05	634.67	17	20	-1	15.12	15.12
Saccade L	1	53	536855657	536887638	31981	1150.63	643.45	1079.62	646.29	2.21	186.23	0.37	69.15	6998.61	-6398.90	4199.84
Saccade R	1	52	536855657	536887638	31981	1150.63	643.45	1079.62	646.29	2.21	186.23	0.37	69.15	6998.61	-6398.90	4199.84
Fixation L	1	56	536887638	537195538	307900	1055.66	650.06	35	19	-1	13.62	13.62
Fixation R	1	56	536887638	537195538	307900	1055.66	650.06	35	19	-1	14.89	14.89
Saccade L	1	54	537195538	537219518	23980	1043.46	636.06	1130.78	638.07	1.76	162.29	0.51	73.49	6851.08	-6751.91	4916.62
Saccade R	1	53	537195538	537219518	23980	1043.46	636.06	1130.78	638.07	1.76	162.29	0.51	73.49	6851.08	-6751.91	4916.62
Fixation L	1	57	537219518	537463515	243997	1132.49	646.25	29	26	-1	13.42	13.42
Fixation R	1	57	537219518	537463515	243997	1132.49	646.25	29	26	-1	14.72	14.72
Saccade L	1	55	537463515	537495517	32002	1113.24	661.07	1217.67	648.86	2.84	211.00	0.38	88.78	9565.71	-7994.36	5709.24
Saccade R	1	54	537463515	537495517	32002	1113.24	661.07	1217.67	648.86	2.84	211.00	0.38	88.78	9565.71	-7994.36	5709.24
Fixation L	1	58	537495517	538059482	563965	1208.57	637.62	47	32	-1	13.34	13.34
Fixation R	1	58	537495517	538059482	563965	1208.57	637.62	47	32	-1	14.59	14.59
Saccade L	1	56	538059482	538091509	32027	1197.36	625.05	1233.01	640.34	0.77	48.21	0.37	24.17	2084.78	-1206.68	1019.85
Saccade R	1	55	538059482	538091509	32027	1197.36	625.05	1233.01	640.34	0.77	48.21	0.37	24.17	2084.78	-1206.68	1019.85
Fixation L	1	59	538091509	538287531	196022	1232.52	661.24	42	29	-1	13.30	13.30
Fixation R	1	59	538091509	538287531	196022	1232.52	661.24	42	29	-1	14.57	14.57
Saccade L	1	57	538287531	538319543	32012	1203.58	661.13	1235.44	542.03	2.55	188.08	0.50	79.80	8813.82	-8651.15	6204.97
Saccade R	1	56	538287531	538319543	32012	1203.58	661.13	1235.44	542.03	2.55	188.08	0.50	79.80	8813.82	-8651.15	6204.97
Fixation L	1	60	538319543	538451527	131984	1221.65	559.16	22	36	-1	13.30	13.30
Fixation R	1	60	538319543	538451527	131984	1221.65	559.16	22	36	-1	14.61	14.61
Saccade L	1	58	538451527	538499517	47990	1218.35	580.33	1101.32	549.65	3.64	272.67	0.25	75.82	12075.46	-10696.77	5329.81
Saccade R	1	57	538451527	538499517	47990	1218.35	580.33	1101.32	549.65	3.64	272.67	0.25	75.82	12075.46	-10696.77	5329.81
Fixation L	1	61	538499517	538647404	147887	1097.37	531.32	19	33	-1	13.00	13.00
Fixation R	1	61	538499517	538647404	147887	1097.37	531.32	19	33	-1	14.37	14.37
Saccade L	1	59	538647404	538739393	91989	1097.00	527.24	899.50	619.97	7.81	340.56	0.70	84.88	14827.63	-15851.61	5277.88
Saccade R	1	58	538647404	538739393	91989	1097.00	527.24	899.50	619.97	7.81	340.56	0.70	84.88	14827.63	-15851.61	5277.88
Saccade L	1	60	538771411	538831392	59981	893.30	594.24	346.52	543.47	12.02	451.24	0.33	200.32	21253.50	-14742.53	11114.68
Saccade R	1	59	538771411	538831392	59981	893.30	594.24	346.52	543.47	12.02	451.24	0.33	200.32	21253.50	-14742.53	11114.68
Fixation L	1	62	538831392	539299412	468020	347.30	551.90	18	37	-1	13.58	13.58
Fixation R	1	62	538831392	539299412	468020	347.30	551.90	18	37	-1	14.48	14.48
Saccade L	1	61	539299412	539359399	59987	336.85	569.13	1123.98	620.59	17.12	531.29	0.33	285.35	25204.92	-22832.57	14766.16
Saccade R	1	60	539299412	539359399	59987	336.85	569.13	1123.98	620.59	17.12	531.29	0.33	285.35	25204.92	-22832.57	14766.16
Fixation L	1	63	539359399	539531367	171968	1129.04	624.75	20	20	-1	13.73	13.73
Fixation R	1	63	539359399	539531367	171968	1129.04	624.75	20	20	-1	15.26	15.26
Saccade L	1	62	539531367	539563415	32048	1144.26	612.97	1093.03	617.00	1.41	109.30	0.50	44.12	4286.66	-3300.28	2666.40
Saccade R	1	61	539531367	539563415	32048	1144.26	612.97	1093.03	617.00	1.41	109.30	0.50	44.12	4286.66	-3300.28	2666.40
Saccade L	1	63	539607412	539631403	23991	1091.03	619.16	1092.72	557.42	1.22	105.85	0.50	50.83	4399.30	-4172.45	3188.40
Saccade R	1	62	539607412	539631403	23991	1091.03	619.16	1092.72	557.42	1.22	105.85	0.50	50.83	4399.30	-4172.45	3188.40
Fixation L	1	64	539631403	540043311	411908	1030.92	554.11	89	44	-1	13.68	13.68
Fixation R	1	64	539631403	540043311	411908	1030.92	554.11	89	44	-1	14.93	14.93
Saccade L	1	64	540043311	540087272	43961	1008.53	562.30	1111.04	547.19	2.46	164.99	0.28	55.93	7574.40	-6667.00	3621.19
Saccade R	1	63	540043311	540087272	43961	1008.53	562.30	1111.04	547.19	2.46	164.99	0.28	55.93	7574.40	-6667.00	3621.19
Saccade L	1	65	540087272	540123311	36039	1111.04	547.19	1097.77	589.18	1.01	53.65	0.67	28.00	2124.70	-2060.85	1256.80
Saccade R	1	64	540087272	540123311	36039	1111.04	547.19	1097.77	589.18	1.01	53.65	0.67	28.00	2124.70	-2060.85	1256.80
Fixation L	1	65	540123311	540367304	243993	1104.75	556.06	28	55	-1	13.25	13.25
Fixation R	1	65	540123311	540367304	243993	1104.75	556.06	28	55	-1	14.52	14.52
Saccade L	1	66	540367304	540395281	27977	1112.15	550.80	1121.52	638.94	1.86	121.63	0.57	66.48	5073.13	-5600.74	3964.42
Saccade R	1	65	540367304	540395281	27977	1112.15	550.80	1121.52	638.94	1.86	121.63	0.57	66.48	5073.13	-5600.74	3964.42
Fixation L	1	66	540395281	540503311	108030	1105.02	650.52	38	49	-1	13.26	13.26
Fixation R	1	66	540395281	540503311	108030	1105.02	650.52	38	49	-1	14.36	14.36
Saccade L	1	67	540503311	540547277	43966	1099.55	688.58	964.34	663.74	3.43	230.92	0.55	78.09	9564.28	-10415.05	5541.90
Saccade R	1	66	540503311	540547277	43966	1099.55	688.58	964.34	663.74	3.43	230.92	0.55	78.09	9564.28	-10415.05	5541.90
Fixation L	1	67	540547277	541187283	640006	298.30	207.92	983	851	-1	11.52	11.52
Fixation R	1	67	540547277	541187283	640006	298.30	207.92	983	851	-1	12.08	12.03
Saccade L	1	68	541187283	541223284	36001	0.00	0.00	0.00	0.00	43.98	2613.71	0.33	1221.76	108837.88	-109133.58	67029.48
Saccade R	1	67	541187283	541223284	36001	0.00	0.00	0.00	0.00	43.98	2613.71	0.33	1221.76	108837.88	-109133.58	67029.48
Fixation L	1	68	541319291	541391173	71882	995.57	780.84	31	11	-1	14.45	14.45
Fixation R	1	68	541319291	541391173	71882	995.57	780.84	31	11	-1	15.34	15.34
Saccade L	1	69	541391173	541419180	28007	1008.58	781.19	1016.79	623.78	3.11	243.41	0.43	110.90	11065.35	-10637.75	8080.12
Saccade R	1	68	541391173	541419180	28007	1008.58	781.19	1016.79	623.78	3.11	243.41	0.43	110.90	11065.35	-10637.75	8080.12
