[BeGaze]
Converted from:	D:\Kirillov\Results\ermolova_temp\Polina 03-1-eye_data.idf
Date:	17.04.2019 03:53:32
Version:	BeGaze 3.0.181
Sample Rate:	250
Subject:	Polina 03
Description:	Run26

Table Header for Fixations:
Event Type	Trial	Number	Start	End	Duration	Location X	Location Y	Dispersion X	Dispersion Y	Plane	Avg. Pupil Size X	Avg. Pupil Size Y

Table Header for Saccades:
Event Type	Trial	Number	Start	End	Duration	Start Loc.X	Start Loc.Y	End Loc.X	End Loc.Y	Amplitude	Peak Speed	Peak Speed At	Average Speed	Peak Accel.	Peak Decel.	Average Accel.

Table Header for User Events:
Event Type	Trial	Number	Start	Description

UserEvent	1	1	12012005215	# Message: experiment-16.jpg
Saccade L	1	1	12012020007	12012056014	36007	450.87	364.36	465.50	352.73	1.67	89.52	0.33	46.35	2482.60	-1983.09	1447.50
Saccade R	1	1	12012020007	12012056014	36007	450.87	364.36	465.50	352.73	1.67	89.52	0.33	46.35	2482.60	-1983.09	1447.50
Saccade L	1	2	12012064007	12012096009	32002	462.31	347.49	488.98	392.95	1.08	66.93	0.63	33.61	2236.86	-2303.38	1333.77
Saccade R	1	2	12012064007	12012096009	32002	462.31	347.49	488.98	392.95	1.08	66.93	0.63	33.61	2236.86	-2303.38	1333.77
Fixation L	1	1	12012096009	12012288011	192002	479.11	369.35	64	52	-1	10.98	10.98
Fixation R	1	1	12012096009	12012288011	192002	479.11	369.35	64	52	-1	11.27	11.27
Saccade L	1	3	12012288011	12012343941	55930	487.13	371.44	974.11	426.64	10.79	453.18	0.36	192.84	20381.60	-14042.50	11264.61
Saccade R	1	3	12012288011	12012343941	55930	487.13	371.44	974.11	426.64	10.79	453.18	0.36	192.84	20381.60	-14042.50	11264.61
Fixation L	1	2	12012343941	12012580019	236078	974.08	455.15	63	42	-1	10.54	10.54
Fixation R	1	2	12012343941	12012580019	236078	974.08	455.15	63	42	-1	10.88	10.88
Saccade L	1	4	12012580019	12012644018	63999	976.83	457.31	396.32	91.46	15.21	361.82	0.37	237.66	17661.33	-14419.90	9171.42
Saccade R	1	4	12012580019	12012644018	63999	976.83	457.31	396.32	91.46	15.21	361.82	0.37	237.66	17661.33	-14419.90	9171.42
Fixation L	1	3	12012644018	12012799908	155890	421.61	79.15	43	22	-1	10.00	10.00
Fixation R	1	3	12012644018	12012799908	155890	421.61	79.15	43	22	-1	10.16	10.16
Saccade L	1	5	12012799908	12012823917	24009	418.51	77.39	347.16	82.14	1.26	94.36	0.33	52.53	4194.37	-3027.22	1942.97
Saccade R	1	5	12012799908	12012823917	24009	418.51	77.39	347.16	82.14	1.26	94.36	0.33	52.53	4194.37	-3027.22	1942.97
Saccade L	1	6	12012823917	12012843899	19982	347.16	82.14	329.53	80.98	1.01	104.16	0.40	50.57	2163.73	-3673.16	1814.28
Saccade R	1	6	12012823917	12012843899	19982	347.16	82.14	329.53	80.98	1.01	104.16	0.40	50.57	2163.73	-3673.16	1814.28
Saccade L	1	7	12012851901	12012891920	40019	329.05	78.81	479.12	83.94	3.09	234.14	0.30	77.31	9741.19	-8986.92	5219.58
Saccade R	1	7	12012851901	12012891920	40019	329.05	78.81	479.12	83.94	3.09	234.14	0.30	77.31	9741.19	-8986.92	5219.58
Saccade L	1	8	12012907905	12012943910	36005	487.36	86.92	424.47	94.73	1.19	65.09	0.33	33.10	2445.79	-2006.15	1395.23
Saccade R	1	8	12012907905	12012943910	36005	487.36	86.92	424.47	94.73	1.19	65.09	0.33	33.10	2445.79	-2006.15	1395.23
Saccade L	1	9	12012991920	12013055920	64000	402.72	133.29	950.19	451.80	14.54	600.01	0.38	227.26	27538.58	-20121.45	13886.50
Saccade R	1	9	12012991920	12013055920	64000	402.72	133.29	950.19	451.80	14.54	600.01	0.38	227.26	27538.58	-20121.45	13886.50
Saccade L	1	10	12013071915	12013103904	31989	954.06	452.42	1008.41	455.56	1.09	50.19	0.50	34.19	1986.10	-2095.32	1541.82
Saccade R	1	10	12013071915	12013103904	31989	954.06	452.42	1008.41	455.56	1.09	50.19	0.50	34.19	1986.10	-2095.32	1541.82
Fixation L	1	4	12013103904	12013295921	192017	992.20	466.84	43	25	-1	10.42	10.42
Fixation R	1	4	12013103904	12013295921	192017	992.20	466.84	43	25	-1	10.91	10.91
Saccade L	1	11	12013295921	12013327925	32004	973.82	457.84	0.00	0.00	22.34	1886.63	0.63	698.08	83382.00	-84131.59	57531.72
Saccade R	1	11	12013295921	12013327925	32004	973.82	457.84	0.00	0.00	22.34	1886.63	0.63	698.08	83382.00	-84131.59	57531.72
Fixation L	1	5	12013327925	12013383912	55987	0.00	0.00	0	0	-1	12.65	12.65
Fixation R	1	5	12013327925	12013383912	55987	0.00	0.00	0	0	-1	14.55	14.55
Fixation L	1	6	12013503943	12013639931	135988	477.77	127.87	19	21	-1	9.95	9.95
Fixation R	1	6	12013503943	12013639931	135988	477.77	127.87	19	21	-1	10.25	10.25
Saccade L	1	12	12013639931	12013715956	76025	488.03	124.74	970.38	451.45	14.27	474.14	0.21	187.74	23138.10	-12795.10	9317.78
Saccade R	1	12	12013639931	12013715956	76025	488.03	124.74	970.38	451.45	14.27	474.14	0.21	187.74	23138.10	-12795.10	9317.78
Fixation L	1	7	12013715956	12013815954	99998	976.39	434.79	23	39	-1	10.48	10.48
Fixation R	1	7	12013715956	12013815954	99998	976.39	434.79	23	39	-1	10.78	10.78
Fixation L	1	8	12013831924	12013943926	112002	971.43	424.62	25	24	-1	10.37	10.37
Fixation R	1	8	12013831924	12013943926	112002	971.43	424.62	25	24	-1	10.63	10.63
Saccade L	1	13	12013943926	12013983932	40006	968.41	412.05	980.58	598.97	3.90	280.04	0.30	97.48	12572.61	-10946.26	6530.98
Saccade R	1	13	12013943926	12013983932	40006	968.41	412.05	980.58	598.97	3.90	280.04	0.30	97.48	12572.61	-10946.26	6530.98
Saccade L	1	14	12013983932	12014027923	43991	980.58	598.97	980.05	649.94	1.28	49.22	0.36	29.15	830.26	-1015.74	471.70
Saccade R	1	14	12013983932	12014027923	43991	980.58	598.97	980.05	649.94	1.28	49.22	0.36	29.15	830.26	-1015.74	471.70
Fixation L	1	9	12014027923	12014175854	147931	969.55	656.17	38	23	-1	10.42	10.42
Fixation R	1	9	12014027923	12014175854	147931	969.55	656.17	38	23	-1	10.58	10.58
Saccade L	1	15	12014175854	12014199802	23948	986.38	660.97	953.62	649.36	0.73	43.78	0.50	30.60	1374.17	-1161.96	968.40
Saccade R	1	15	12014175854	12014199802	23948	986.38	660.97	953.62	649.36	0.73	43.78	0.50	30.60	1374.17	-1161.96	968.40
Saccade L	1	16	12014211842	12014295832	83990	960.20	643.63	579.41	174.98	14.63	356.21	0.24	174.15	16223.08	-7438.47	6542.34
Saccade R	1	16	12014211842	12014295832	83990	960.20	643.63	579.41	174.98	14.63	356.21	0.24	174.15	16223.08	-7438.47	6542.34
Fixation L	1	10	12014295832	12014487834	192002	564.77	168.40	39	30	-1	10.24	10.24
Fixation R	1	10	12014295832	12014487834	192002	564.77	168.40	39	30	-1	10.46	10.46
Saccade L	1	17	12014487834	12014511825	23991	553.75	177.10	538.30	186.68	0.70	40.69	0.50	29.14	29595.69	231.62	7086.21
Saccade R	1	17	12014487834	12014511825	23991	553.75	177.10	538.30	186.68	0.70	40.69	0.50	29.14	29595.69	231.62	7086.21
Saccade L	1	18	12014511825	12014539842	28017	538.30	186.68	0.00	-0.58	12.20	1029.67	0.57	435.56	44647.22	-46684.54	33484.17
Fixation R	1	11	12014511825	12014603830	92005	91.66	21.89	543	292	-1	14.92	14.92
Fixation L	1	11	12014539842	12014603830	63988	0.00	-0.15	0	0	-1	11.29	11.29
Saccade L	1	19	12014719826	12014743829	24003	918.98	476.37	956.99	480.28	0.70	47.19	0.67	29.20	1623.87	-1723.17	1190.11
Saccade R	1	18	12014719826	12014743829	24003	918.98	476.37	956.99	480.28	0.70	47.19	0.67	29.20	1623.87	-1723.17	1190.11
Fixation L	1	12	12014743829	12015183844	440015	917.31	475.17	62	41	-1	10.77	10.77
Fixation R	1	12	12014743829	12015183844	440015	917.31	475.17	62	41	-1	11.14	11.14
Saccade L	1	20	12015183844	12015215852	32008	940.80	470.61	0.00	0.00	24.67	2128.81	0.62	770.81	87500.92	-90234.54	60599.09
Saccade R	1	19	12015183844	12015215852	32008	940.80	470.61	0.00	0.00	24.67	2128.81	0.62	770.81	87500.92	-90234.54	60599.09
Fixation L	1	13	12015215852	12015295833	79981	0.00	0.00	0	0	-1	7.79	7.79
Fixation R	1	13	12015215852	12015295833	79981	0.00	0.00	0	0	-1	13.78	13.78
Saccade L	1	21	12015295833	12015343827	47994	0.00	0.00	902.06	406.24	28.79	2381.52	0.25	599.77	102357.72	-87127.27	42998.80
Saccade R	1	20	12015295833	12015343827	47994	0.00	0.00	902.06	406.24	28.79	2381.52	0.25	599.77	102357.72	-87127.27	42998.80
Fixation L	1	14	12015343827	12015419839	76012	916.90	429.04	22	39	-1	10.42	10.42
Fixation R	1	14	12015343827	12015419839	76012	916.90	429.04	22	39	-1	10.48	10.48
Saccade L	1	22	12015419839	12015479851	60012	918.97	447.43	435.72	124.73	13.15	479.68	0.40	219.17	22903.08	-15564.89	12629.46
Saccade R	1	21	12015419839	12015479851	60012	918.97	447.43	435.72	124.73	13.15	479.68	0.40	219.17	22903.08	-15564.89	12629.46
Fixation L	1	15	12015479851	12015739731	259880	447.00	131.96	34	44	-1	10.32	10.32
Fixation R	1	15	12015479851	12015739731	259880	447.00	131.96	34	44	-1	10.57	10.57
Saccade L	1	23	12015739731	12015799731	60000	455.03	156.65	949.24	455.62	13.20	526.33	0.40	219.95	24982.91	-19832.28	13118.33
Saccade R	1	22	12015739731	12015799731	60000	455.03	156.65	949.24	455.62	13.20	526.33	0.40	219.95	24982.91	-19832.28	13118.33
Fixation L	1	16	12015815714	12015971759	156045	975.58	484.92	35	30	-1	10.45	10.45
Fixation R	1	16	12015815714	12015971759	156045	975.58	484.92	35	30	-1	11.02	11.02
Saccade L	1	24	12015971759	12016007722	35963	959.42	480.29	1010.29	490.44	1.11	43.19	0.56	30.95	1252.48	-1359.58	976.36
Saccade R	1	23	12015971759	12016007722	35963	959.42	480.29	1010.29	490.44	1.11	43.19	0.56	30.95	1252.48	-1359.58	976.36
Fixation L	1	17	12016095718	12016179767	84049	970.19	436.92	6	18	-1	10.20	10.20
Fixation R	1	17	12016095718	12016179767	84049	970.19	436.92	6	18	-1	10.81	10.81
Saccade L	1	25	12016203750	12016247738	43988	965.52	462.22	0.00	0.00	25.74	2173.76	0.73	585.15	87254.75	-92443.20	46260.10
Saccade R	1	24	12016203750	12016247738	43988	965.52	462.22	0.00	0.00	25.74	2173.76	0.73	585.15	87254.75	-92443.20	46260.10
Fixation L	1	18	12016247738	12016315746	68008	0.00	0.00	0	0	-1	10.80	10.80
Fixation R	1	18	12016247738	12016315746	68008	0.00	0.00	0	0	-1	15.28	15.28
Saccade L	1	26	12016375769	12016399739	23970	968.31	368.12	966.81	401.56	0.68	49.13	0.50	28.23	1005.19	-3252.46	1230.96
Saccade R	1	25	12016375769	12016399739	23970	968.31	368.12	966.81	401.56	0.68	49.13	0.50	28.23	1005.19	-3252.46	1230.96
Fixation L	1	19	12016399739	12016595729	195990	955.43	420.96	21	37	-1	10.26	10.26
Fixation R	1	19	12016399739	12016595729	195990	955.43	420.96	21	37	-1	10.49	10.49
Saccade L	1	27	12016595729	12016659734	64005	952.13	414.21	426.34	146.22	12.91	373.72	0.44	201.76	14467.30	-13720.70	9454.37
Saccade R	1	26	12016595729	12016659734	64005	952.13	414.21	426.34	146.22	12.91	373.72	0.44	201.76	14467.30	-13720.70	9454.37
Fixation L	1	20	12016659734	12016879740	220006	432.85	139.93	21	20	-1	10.36	10.36
Fixation R	1	20	12016659734	12016879740	220006	432.85	139.93	21	20	-1	10.56	10.56
Saccade L	1	28	12016879740	12016927764	48024	438.16	143.19	450.81	362.35	4.72	241.15	0.58	98.19	10044.87	-11620.45	6554.46
Saccade R	1	27	12016879740	12016927764	48024	438.16	143.19	450.81	362.35	4.72	241.15	0.58	98.19	10044.87	-11620.45	6554.46
Fixation L	1	21	12016927764	12017443628	515864	475.00	422.24	50	127	-1	10.46	10.46
Fixation R	1	21	12016927764	12017443628	515864	475.00	422.24	50	127	-1	10.66	10.66
Saccade L	1	29	12017443628	12017499645	56017	492.84	480.63	985.82	494.79	10.72	412.63	0.36	191.32	19478.01	-12857.28	10630.60
Saccade R	1	28	12017443628	12017499645	56017	492.84	480.63	985.82	494.79	10.72	412.63	0.36	191.32	19478.01	-12857.28	10630.60
Fixation L	1	22	12017499645	12017719647	220002	992.24	482.44	15	37	-1	10.66	10.66
Fixation R	1	22	12017499645	12017719647	220002	992.24	482.44	15	37	-1	11.04	11.04
Saccade L	1	30	12017719647	12017751643	31996	989.67	465.24	965.05	529.67	1.45	92.08	0.38	45.20	4261.46	-4237.44	3021.30
Saccade R	1	29	12017719647	12017751643	31996	989.67	465.24	965.05	529.67	1.45	92.08	0.38	45.20	4261.46	-4237.44	3021.30
Fixation L	1	23	12017751643	12018167637	415994	986.69	584.36	44	87	-1	10.55	10.55
Fixation R	1	23	12017751643	12018167637	415994	986.69	584.36	44	87	-1	10.78	10.78
Saccade L	1	31	12018167637	12018199652	32015	999.67	621.25	1088.80	641.98	1.97	145.08	0.38	61.57	5772.39	-5374.57	3775.51
Saccade R	1	30	12018167637	12018199652	32015	999.67	621.25	1088.80	641.98	1.97	145.08	0.38	61.57	5772.39	-5374.57	3775.51
Fixation L	1	24	12018199652	12018335677	136025	1090.11	649.31	11	39	-1	10.62	10.62
Fixation R	1	24	12018199652	12018335677	136025	1090.11	649.31	11	39	-1	10.99	10.99
Saccade L	1	32	12018335677	12018431527	95850	1093.05	629.91	492.29	327.81	17.01	522.01	0.25	177.45	23970.10	-15209.50	8540.99
Saccade R	1	31	12018335677	12018431527	95850	1093.05	629.91	492.29	327.81	17.01	522.01	0.25	177.45	23970.10	-15209.50	8540.99
Saccade L	1	33	12018455530	12018483520	27990	500.81	327.10	454.06	298.02	1.00	63.20	0.43	35.74	2369.78	-878.44	1194.66
Saccade R	1	32	12018455530	12018483520	27990	500.81	327.10	454.06	298.02	1.00	63.20	0.43	35.74	2369.78	-878.44	1194.66
Fixation L	1	25	12018499535	12018587594	88059	488.10	277.50	21	34	-1	10.33	10.33
Fixation R	1	25	12018499535	12018587594	88059	488.10	277.50	21	34	-1	10.48	10.48
Saccade L	1	34	12018587594	12018631525	43931	492.35	262.41	475.83	469.90	4.49	230.21	0.36	102.13	9844.45	-5500.72	5433.73
Saccade R	1	33	12018587594	12018631525	43931	492.35	262.41	475.83	469.90	4.49	230.21	0.36	102.13	9844.45	-5500.72	5433.73
Fixation L	1	26	12018631525	12018779603	148078	482.50	507.30	18	65	-1	10.54	10.54
Fixation R	1	26	12018631525	12018779603	148078	482.50	507.30	18	65	-1	10.81	10.81
Saccade L	1	35	12018779603	12018843575	63972	471.80	512.68	1124.75	608.10	14.67	488.60	0.25	229.32	23546.11	-12843.32	11162.49
Saccade R	1	34	12018779603	12018843575	63972	471.80	512.68	1124.75	608.10	14.67	488.60	0.25	229.32	23546.11	-12843.32	11162.49
Saccade L	1	36	12018843575	12018871535	27960	1124.75	608.10	1136.16	668.82	1.37	100.94	0.43	48.99	2726.46	-4446.90	2561.67
Saccade R	1	35	12018843575	12018871535	27960	1124.75	608.10	1136.16	668.82	1.37	100.94	0.43	48.99	2726.46	-4446.90	2561.67
Fixation L	1	27	12018871535	12018935538	64003	1140.66	676.28	7	10	-1	10.68	10.68
Fixation R	1	27	12018871535	12018935538	64003	1140.66	676.28	7	10	-1	11.11	11.11
Saccade L	1	37	12018935538	12018967570	32032	1139.96	679.39	1112.82	587.64	2.19	170.90	0.38	68.33	7535.31	-7145.47	4989.27
Saccade R	1	36	12018935538	12018967570	32032	1139.96	679.39	1112.82	587.64	2.19	170.90	0.38	68.33	7535.31	-7145.47	4989.27
Fixation L	1	28	12018967570	12019175558	207988	1086.95	619.95	36	50	-1	10.60	10.60
Fixation R	1	28	12018967570	12019175558	207988	1086.95	619.95	36	50	-1	11.06	11.06
Saccade L	1	38	12019219574	12019255563	35989	1070.72	615.68	1159.25	605.64	1.86	102.62	0.33	51.59	4216.09	-4058.56	2729.54
Saccade R	1	37	12019219574	12019255563	35989	1070.72	615.68	1159.25	605.64	1.86	102.62	0.33	51.59	4216.09	-4058.56	2729.54
Saccade L	1	39	12019255563	12019351541	95978	1159.25	605.64	450.82	153.49	21.23	660.67	0.38	221.15	27766.27	-17141.72	10523.92
Saccade R	1	38	12019255563	12019351541	95978	1159.25	605.64	450.82	153.49	21.23	660.67	0.38	221.15	27766.27	-17141.72	10523.92
Saccade L	1	40	12019351541	12019439543	88002	450.82	153.49	470.24	152.74	5.87	203.25	0.68	66.67	5009.30	-7203.62	2217.52
Saccade R	1	39	12019351541	12019439543	88002	450.82	153.49	470.24	152.74	5.87	203.25	0.68	66.67	5009.30	-7203.62	2217.52
Fixation L	1	29	12019507555	12019767576	260021	457.02	166.41	37	29	-1	10.16	10.16
Fixation R	1	29	12019507555	12019767576	260021	457.02	166.41	37	29	-1	10.64	10.64
Saccade L	1	41	12019767576	12019803441	35865	476.63	186.87	480.47	250.95	1.36	69.12	0.55	37.94	2807.31	-2673.13	2003.29
Saccade R	1	40	12019767576	12019803441	35865	476.63	186.87	480.47	250.95	1.36	69.12	0.55	37.94	2807.31	-2673.13	2003.29
Fixation L	1	30	12019803441	12019959435	155994	475.55	256.81	23	16	-1	10.32	10.32
Fixation R	1	30	12019803441	12019959435	155994	475.55	256.81	23	16	-1	10.70	10.70
Saccade L	1	42	12019959435	12020015454	56019	473.74	264.69	1098.95	566.39	15.30	481.28	0.36	273.18	22298.99	-21293.60	14391.90
Saccade R	1	41	12019959435	12020015454	56019	473.74	264.69	1098.95	566.39	15.30	481.28	0.36	273.18	22298.99	-21293.60	14391.90
Fixation L	1	31	12020015454	12020351452	335998	1099.95	591.23	43	58	-1	10.60	10.60
Fixation R	1	31	12020015454	12020351452	335998	1099.95	591.23	43	58	-1	11.03	11.03
Saccade L	1	43	12020351452	12020379446	27994	1073.84	617.52	1154.14	618.77	1.64	120.41	0.43	58.68	4932.34	-4481.60	3408.01
Saccade R	1	42	12020351452	12020379446	27994	1073.84	617.52	1154.14	618.77	1.64	120.41	0.43	58.68	4932.34	-4481.60	3408.01
Fixation L	1	32	12020379446	12020467440	87994	1166.90	618.10	19	13	-1	10.38	10.38
Fixation R	1	32	12020379446	12020467440	87994	1166.90	618.10	19	13	-1	10.90	10.90
Saccade L	1	44	12020467440	12020531439	63999	1172.04	629.58	480.70	162.08	18.68	585.55	0.37	291.81	27008.59	-18420.72	14762.06
Saccade R	1	43	12020467440	12020531439	63999	1172.04	629.58	480.70	162.08	18.68	585.55	0.37	291.81	27008.59	-18420.72	14762.06
Fixation L	1	33	12020531439	12020775472	244033	458.42	143.30	59	50	-1	10.26	10.26
Fixation R	1	33	12020531439	12020775472	244033	458.42	143.30	59	50	-1	10.66	10.66
Fixation L	1	34	12020835458	12020907457	71999	0.00	0.01	0	0	-1	9.26	9.26
Fixation R	1	34	12020835458	12020907457	71999	0.00	0.01	0	0	-1	14.42	14.42
Saccade L	1	45	12020907457	12020963477	56020	0.00	0.00	961.88	417.44	48.65	3420.01	0.21	868.45	143602.68	-110330.08	54869.43
Saccade R	1	44	12020907457	12020963477	56020	0.00	0.00	961.88	417.44	48.65	3420.01	0.21	868.45	143602.68	-110330.08	54869.43
Saccade L	1	46	12020963477	12020999457	35980	961.88	417.44	1056.52	465.40	1.21	58.70	0.33	33.69	588.70	-5823.11	1587.59
Saccade R	1	45	12020963477	12020999457	35980	961.88	417.44	1056.52	465.40	1.21	58.70	0.33	33.69	588.70	-5823.11	1587.59
Fixation L	1	35	12020999457	12021087473	88016	1059.36	482.28	18	31	-1	10.41	10.41
Fixation R	1	35	12020999457	12021087473	88016	1059.36	482.28	18	31	-1	10.69	10.69
Saccade L	1	47	12021087473	12021115468	27995	1069.82	499.90	1021.32	500.80	0.94	64.36	0.29	33.43	4915.26	-1724.26	1643.86
Saccade R	1	46	12021087473	12021115468	27995	1069.82	499.90	1021.32	500.80	0.94	64.36	0.29	33.43	4915.26	-1724.26	1643.86
Saccade L	1	48	12021115468	12021191472	76004	1021.32	500.80	520.35	267.50	13.28	354.28	0.47	174.78	16031.56	-13043.05	7522.27
Saccade R	1	47	12021115468	12021191472	76004	1021.32	500.80	520.35	267.50	13.28	354.28	0.47	174.78	16031.56	-13043.05	7522.27
Saccade L	1	49	12021235362	12021311387	76025	526.07	245.32	1141.86	494.12	15.76	542.97	0.26	207.25	26512.46	-19838.95	11087.94
Saccade R	1	48	12021235362	12021311387	76025	526.07	245.32	1141.86	494.12	15.76	542.97	0.26	207.25	26512.46	-19838.95	11087.94
Fixation L	1	36	12021311387	12021407357	95970	1139.05	492.91	21	13	-1	10.76	10.76
Fixation R	1	36	12021311387	12021407357	95970	1139.05	492.91	21	13	-1	11.02	11.02
Saccade L	1	50	12021407357	12021431343	23986	1121.56	493.35	1177.15	481.66	0.73	66.21	0.33	30.59	1522.75	-1199.85	848.42
Saccade R	1	49	12021407357	12021431343	23986	1121.56	493.35	1177.15	481.66	0.73	66.21	0.33	30.59	1522.75	-1199.85	848.42
Saccade L	1	51	12021479336	12021507343	28007	935.22	430.82	1082.48	483.98	3.17	313.03	0.29	113.31	-351.47	-12322.45	5765.95
Saccade R	1	50	12021479336	12021507343	28007	935.22	430.82	1082.48	483.98	3.17	313.03	0.29	113.31	-351.47	-12322.45	5765.95
Fixation L	1	37	12021507343	12021583365	76022	1079.63	488.60	10	17	-1	10.76	10.76
Fixation R	1	37	12021507343	12021583365	76022	1079.63	488.60	10	17	-1	11.12	11.12
Saccade L	1	52	12021583365	12021611338	27973	1076.14	498.61	1080.62	557.99	1.09	77.42	0.71	38.94	3130.72	-408.65	1995.20
Saccade R	1	51	12021583365	12021611338	27973	1076.14	498.61	1080.62	557.99	1.09	77.42	0.71	38.94	3130.72	-408.65	1995.20
Saccade L	1	53	12021611338	12021631399	20061	1080.62	557.99	1078.69	479.72	1.36	139.57	0.40	67.66	3130.72	-5853.30	3024.02
Saccade R	1	52	12021611338	12021631399	20061	1080.62	557.99	1078.69	479.72	1.36	139.57	0.40	67.66	3130.72	-5853.30	3024.02
Saccade L	1	54	12021655338	12021679411	24073	1078.22	475.17	1087.33	561.38	1.73	155.47	0.50	71.66	6709.32	-6675.95	4917.58
Saccade R	1	53	12021655338	12021679411	24073	1078.22	475.17	1087.33	561.38	1.73	155.47	0.50	71.66	6709.32	-6675.95	4917.58
Fixation L	1	38	12021679411	12021755341	75930	1090.12	561.49	5	4	-1	10.49	10.49
Fixation R	1	38	12021679411	12021755341	75930	1090.12	561.49	5	4	-1	11.04	11.04
Saccade L	1	55	12021755341	12021799341	44000	1088.65	560.96	1086.44	473.77	4.20	198.34	0.64	95.40	7391.97	-6301.70	4697.13
Saccade R	1	54	12021755341	12021799341	44000	1088.65	560.96	1086.44	473.77	4.20	198.34	0.64	95.40	7391.97	-6301.70	4697.13
Saccade L	1	56	12021799341	12021827341	28000	1086.44	473.77	1051.57	395.57	1.80	138.18	0.43	64.22	3273.56	-5144.66	2892.95
Saccade R	1	55	12021799341	12021827341	28000	1086.44	473.77	1051.57	395.57	1.80	138.18	0.43	64.22	3273.56	-5144.66	2892.95
Saccade L	1	57	12021903360	12021927359	23999	1046.68	380.53	1089.65	407.61	1.10	85.41	0.50	46.00	3879.46	-3692.39	2740.61
Saccade R	1	56	12021903360	12021927359	23999	1046.68	380.53	1089.65	407.61	1.10	85.41	0.50	46.00	3879.46	-3692.39	2740.61
Fixation L	1	39	12021927359	12021987348	59989	1096.89	416.58	14	14	-1	10.24	10.24
Fixation R	1	39	12021927359	12021987348	59989	1096.89	416.58	14	14	-1	10.53	10.53
Saccade L	1	58	12021987348	12022023367	36019	1101.09	417.97	1093.70	627.27	4.34	262.33	0.44	120.46	11581.11	-11969.38	8462.06
Saccade R	1	57	12021987348	12022023367	36019	1101.09	417.97	1093.70	627.27	4.34	262.33	0.44	120.46	11581.11	-11969.38	8462.06
Fixation L	1	40	12022023367	12022243351	219984	1097.69	621.82	25	29	-1	10.37	10.37
Fixation R	1	40	12022023367	12022243351	219984	1097.69	621.82	25	29	-1	10.57	10.57
Saccade L	1	59	12022243351	12022379358	136007	1090.99	617.04	1056.63	633.55	64.03	1970.06	0.53	470.77	54501.96	-68391.78	19533.60
Saccade R	1	58	12022243351	12022379358	136007	1090.99	617.04	1056.63	633.55	64.03	1970.06	0.53	470.77	54501.96	-68391.78	19533.60
Saccade L	1	60	12022379358	12022423355	43997	1056.63	633.55	1063.38	602.86	2.19	81.33	0.73	49.88	3350.49	-3301.81	2276.49
Saccade R	1	59	12022379358	12022423355	43997	1056.63	633.55	1063.38	602.86	2.19	81.33	0.73	49.88	3350.49	-3301.81	2276.49
Fixation L	1	41	12022423355	12022527367	104012	1058.88	601.89	13	28	-1	10.72	10.72
Fixation R	1	41	12022423355	12022527367	104012	1058.88	601.89	13	28	-1	10.74	10.74
Saccade L	1	61	12022527367	12022551366	23999	1053.57	619.05	1020.13	623.37	0.63	48.64	0.50	26.42	1504.29	-1399.50	1143.04
Saccade R	1	60	12022527367	12022551366	23999	1053.57	619.05	1020.13	623.37	0.63	48.64	0.50	26.42	1504.29	-1399.50	1143.04
Fixation L	1	42	12022551366	12022919257	367891	997.97	614.62	41	42	-1	10.79	10.79
Fixation R	1	42	12022551366	12022919257	367891	997.97	614.62	41	42	-1	10.90	10.90
Saccade L	1	62	12022919257	12022943259	24002	989.41	639.72	940.76	633.73	1.10	90.21	0.50	45.97	3665.49	-3394.51	2544.11
Saccade R	1	61	12022919257	12022943259	24002	989.41	639.72	940.76	633.73	1.10	90.21	0.50	45.97	3665.49	-3394.51	2544.11
Saccade L	1	63	12022955251	12022987256	32005	937.92	623.50	999.34	646.82	1.39	86.72	0.37	43.41	3140.66	-3258.74	2177.65
Saccade R	1	62	12022955251	12022987256	32005	937.92	623.50	999.34	646.82	1.39	86.72	0.37	43.41	3140.66	-3258.74	2177.65
Fixation L	1	43	12022987256	12023047245	59989	994.38	622.27	20	36	-1	10.58	10.58
Fixation R	1	43	12022987256	12023047245	59989	994.38	622.27	20	36	-1	10.70	10.70
Saccade L	1	64	12023047245	12023083282	36037	987.56	611.13	884.79	605.72	2.11	125.69	0.56	58.52	5435.75	-5395.32	3872.60
Saccade R	1	63	12023047245	12023083282	36037	987.56	611.13	884.79	605.72	2.11	125.69	0.56	58.52	5435.75	-5395.32	3872.60
Fixation L	1	44	12023083282	12023211269	127987	894.11	635.12	30	52	-1	10.38	10.38
Fixation R	1	44	12023083282	12023211269	127987	894.11	635.12	30	52	-1	10.79	10.79
