[BeGaze]
Converted from:	D:\Kirillov\Results\ermolova_temp\Nastya 07-eye_data.idf
Date:	17.04.2019 03:53:05
Version:	BeGaze 3.0.181
Sample Rate:	250
Subject:	Nastya 07
Description:	Run19

Table Header for Fixations:
Event Type	Trial	Number	Start	End	Duration	Location X	Location Y	Dispersion X	Dispersion Y	Plane	Avg. Pupil Size X	Avg. Pupil Size Y

Table Header for Saccades:
Event Type	Trial	Number	Start	End	Duration	Start Loc.X	Start Loc.Y	End Loc.X	End Loc.Y	Amplitude	Peak Speed	Peak Speed At	Average Speed	Peak Accel.	Peak Decel.	Average Accel.

Table Header for User Events:
Event Type	Trial	Number	Start	Description

UserEvent	1	1	6806278913	# Message: experiment-03.jpg
Saccade L	1	1	6806556881	6806576886	20005	668.44	380.59	630.73	368.59	0.74	72.09	0.60	37.14	13725.95	710.57	4848.36
Saccade R	1	1	6806556881	6806576886	20005	668.44	380.59	630.73	368.59	0.74	72.09	0.60	37.14	13725.95	710.57	4848.36
Saccade L	1	2	6806576886	6806648809	71923	630.73	368.59	963.07	476.71	9.75	435.04	0.22	135.62	18391.50	-15389.82	7199.91
Saccade R	1	2	6806576886	6806648809	71923	630.73	368.59	963.07	476.71	9.75	435.04	0.22	135.62	18391.50	-15389.82	7199.91
Saccade L	1	3	6806668889	6806696819	27930	958.69	491.96	1035.52	528.85	2.09	170.74	0.43	74.78	6630.86	-6984.02	4894.35
Saccade R	1	3	6806668889	6806696819	27930	958.69	491.96	1035.52	528.85	2.09	170.74	0.43	74.78	6630.86	-6984.02	4894.35
Saccade L	1	4	6806740881	6806760800	19919	1020.02	539.44	968.62	520.45	0.81	75.64	0.60	40.75	2363.35	-1700.54	1467.72
Saccade R	1	4	6806740881	6806760800	19919	1020.02	539.44	968.62	520.45	0.81	75.64	0.60	40.75	2363.35	-1700.54	1467.72
Fixation L	1	1	6806760800	6806816880	56080	999.87	541.11	42	44	-1	17.55	17.55
Fixation R	1	1	6806760800	6806816880	56080	999.87	541.11	42	44	-1	18.11	18.11
Saccade L	1	5	6806816880	6806840835	23955	977.72	570.12	1017.36	538.09	0.65	41.09	0.33	27.27	388.72	-1568.75	735.62
Saccade R	1	5	6806816880	6806840835	23955	977.72	570.12	1017.36	538.09	0.65	41.09	0.33	27.27	388.72	-1568.75	735.62
Saccade L	1	6	6806876770	6806900760	23990	1015.75	537.83	976.00	539.54	0.77	53.06	0.51	32.26	2265.01	-1492.63	1446.09
Saccade R	1	6	6806876770	6806900760	23990	1015.75	537.83	976.00	539.54	0.77	53.06	0.51	32.26	2265.01	-1492.63	1446.09
Fixation L	1	2	6806900760	6807124781	224021	965.90	506.62	27	58	-1	16.65	16.65
Fixation R	1	2	6806900760	6807124781	224021	965.90	506.62	27	58	-1	16.76	16.76
Saccade L	1	7	6807124781	6807180763	55982	969.10	499.30	487.75	482.65	10.42	325.08	0.50	186.05	12745.38	-10880.13	8113.97
Saccade R	1	7	6807124781	6807180763	55982	969.10	499.30	487.75	482.65	10.42	325.08	0.50	186.05	12745.38	-10880.13	8113.97
Saccade L	1	8	6807180763	6807220787	40024	487.75	482.65	471.85	425.59	1.22	51.01	0.40	30.45	535.65	-7209.94	1656.13
Saccade R	1	8	6807180763	6807220787	40024	487.75	482.65	471.85	425.59	1.22	51.01	0.40	30.45	535.65	-7209.94	1656.13
Fixation L	1	3	6807220787	6807348765	127978	489.02	417.24	32	16	-1	15.50	15.50
Fixation R	1	3	6807220787	6807348765	127978	489.02	417.24	32	16	-1	15.35	15.35
Saccade L	1	9	6807348765	6807372799	24034	487.64	412.53	499.88	385.25	0.80	47.66	0.33	33.32	7092.18	-404.93	2056.69
Saccade R	1	9	6807348765	6807372799	24034	487.64	412.53	499.88	385.25	0.80	47.66	0.33	33.32	7092.18	-404.93	2056.69
Fixation R	1	4	6807372799	6807532792	159993	323.27	167.33	1321	564	-1	10.14	10.14
Saccade R	1	10	6807532792	6807636779	103987	0.00	0.00	1111.32	491.97	51.57	2681.78	0.31	495.90	70641.49	-98962.43	26637.19
Saccade L	1	10	6807636779	6807672779	36000	1111.32	491.97	1108.57	541.73	1.51	89.55	0.44	41.99	1571.86	-3096.96	1517.60
Saccade R	1	11	6807636779	6807672779	36000	1111.32	491.97	1108.57	541.73	1.51	89.55	0.44	41.99	1571.86	-3096.96	1517.60
Fixation L	1	4	6807672779	6807832794	160015	1100.89	563.42	14	41	-1	15.45	15.45
Fixation R	1	5	6807672779	6807832794	160015	1100.89	563.42	14	41	-1	15.63	15.63
Saccade L	1	11	6807832794	6807864793	31999	1094.63	574.48	970.06	571.79	2.50	181.73	0.50	78.03	8005.18	-8098.71	5803.71
Saccade R	1	12	6807832794	6807864793	31999	1094.63	574.48	970.06	571.79	2.50	181.73	0.50	78.03	8005.18	-8098.71	5803.71
Fixation L	1	5	6807864793	6808072804	208011	978.17	566.91	16	16	-1	16.10	16.10
Fixation R	1	6	6807864793	6808072804	208011	978.17	566.91	16	16	-1	16.24	16.24
Saccade L	1	12	6808072804	6808112780	39976	981.73	563.55	947.49	580.20	1.56	79.69	0.30	38.92	3122.91	-1707.67	1557.58
Saccade R	1	13	6808072804	6808112780	39976	981.73	563.55	947.49	580.20	1.56	79.69	0.30	38.92	3122.91	-1707.67	1557.58
Saccade L	1	13	6808112780	6808148794	36014	947.49	580.20	955.95	582.61	2.04	112.46	0.67	56.70	2952.26	-3290.46	2236.80
Saccade R	1	14	6808112780	6808148794	36014	947.49	580.20	955.95	582.61	2.04	112.46	0.67	56.70	2952.26	-3290.46	2236.80
Fixation L	1	6	6808148794	6808280814	132020	954.74	578.31	17	28	-1	15.59	15.59
Fixation R	1	7	6808148794	6808280814	132020	954.74	578.31	17	28	-1	15.67	15.67
Saccade L	1	14	6808280814	6808360669	79855	950.89	557.60	952.20	563.79	5.99	202.12	0.55	74.98	4288.70	-6401.76	2328.54
Saccade R	1	15	6808280814	6808360669	79855	950.89	557.60	952.20	563.79	5.99	202.12	0.55	74.98	4288.70	-6401.76	2328.54
Saccade L	1	15	6808400689	6808424664	23975	907.43	555.69	984.10	557.87	1.28	78.28	0.67	53.54	774.80	-2749.06	1217.99
Saccade R	1	16	6808400689	6808424664	23975	907.43	555.69	984.10	557.87	1.28	78.28	0.67	53.54	774.80	-2749.06	1217.99
Fixation L	1	7	6808424664	6808636684	212020	983.39	575.09	12	27	-1	15.23	15.23
Fixation R	1	8	6808424664	6808636684	212020	983.39	575.09	12	27	-1	15.26	15.26
Saccade L	1	16	6808636684	6808680701	44017	985.41	571.50	1055.58	496.09	2.33	98.58	0.45	52.93	4008.10	-3385.68	2561.60
Saccade R	1	17	6808636684	6808680701	44017	985.41	571.50	1055.58	496.09	2.33	98.58	0.45	52.93	4008.10	-3385.68	2561.60
Fixation L	1	8	6808680701	6808872683	191982	1070.82	505.26	30	17	-1	14.91	14.91
Fixation R	1	9	6808680701	6808872683	191982	1070.82	505.26	30	17	-1	14.92	14.92
Saccade L	1	17	6808872683	6808916683	44000	1067.15	503.71	997.64	656.39	3.56	183.04	0.36	80.82	8598.93	-6912.20	5159.91
Saccade R	1	18	6808872683	6808916683	44000	1067.15	503.71	997.64	656.39	3.56	183.04	0.36	80.82	8598.93	-6912.20	5159.91
Fixation L	1	9	6808916683	6809800575	883892	980.80	662.20	41	38	-1	15.03	15.03
Fixation R	1	10	6808916683	6809800575	883892	980.80	662.20	41	38	-1	14.85	14.85
Saccade R	1	19	6809800575	6809840615	40040	976.35	658.08	0.00	0.00	26.50	2248.36	0.70	661.76	84616.74	-97207.43	49611.56
Fixation R	1	11	6809840615	6809924593	83978	0.00	0.00	0	0	-1	9.59	9.59
Fixation L	1	10	6810056586	6810312603	256017	896.99	530.45	27	47	-1	14.73	14.73
Fixation R	1	12	6810056586	6810312603	256017	896.99	530.45	27	47	-1	14.53	14.53
Saccade L	1	18	6810312603	6810348578	35975	898.24	531.39	958.38	601.71	1.95	91.34	0.44	54.20	3944.43	-3214.16	2646.89
Saccade R	1	20	6810312603	6810348578	35975	898.24	531.39	958.38	601.71	1.95	91.34	0.44	54.20	3944.43	-3214.16	2646.89
Fixation L	1	11	6810348578	6810888592	540014	975.96	616.19	37	51	-1	15.51	15.51
Fixation R	1	13	6810348578	6810888592	540014	975.96	616.19	37	51	-1	15.24	15.24
Saccade L	1	19	6810888592	6810948613	60021	990.31	633.89	592.91	479.20	9.51	336.89	0.33	158.41	16178.65	-9158.34	7647.82
Saccade R	1	21	6810888592	6810948613	60021	990.31	633.89	592.91	479.20	9.51	336.89	0.33	158.41	16178.65	-9158.34	7647.82
Fixation L	1	12	6810948613	6811376526	427913	586.70	455.76	22	32	-1	15.23	15.23
Fixation R	1	14	6810948613	6811376526	427913	586.70	455.76	22	32	-1	14.96	14.96
Saccade L	1	20	6811376526	6811432504	55978	575.48	468.41	960.70	583.37	9.09	298.84	0.29	162.42	14490.82	-11050.49	7246.99
Saccade R	1	22	6811376526	6811432504	55978	575.48	468.41	960.70	583.37	9.09	298.84	0.29	162.42	14490.82	-11050.49	7246.99
Fixation L	1	13	6811432504	6811712492	279988	982.51	592.55	38	30	-1	15.57	15.57
Fixation R	1	15	6811432504	6811712492	279988	982.51	592.55	38	30	-1	15.88	15.88
Saccade L	1	21	6811712492	6811732523	20031	987.74	593.70	975.34	593.80	0.71	66.40	0.40	35.33	2243.84	-961.65	1021.18
Saccade R	1	23	6811712492	6811732523	20031	987.74	593.70	975.34	593.80	0.71	66.40	0.40	35.33	2243.84	-961.65	1021.18
Fixation L	1	14	6811784523	6812568388	783865	960.30	668.37	22	82	-1	15.65	15.65
Fixation R	1	16	6811784523	6812568388	783865	960.30	668.37	22	82	-1	15.69	15.69
Saccade L	1	22	6812568388	6812616378	47990	956.07	651.88	1012.96	595.08	2.17	84.98	0.25	45.23	3783.10	-2407.28	1776.40
Saccade R	1	24	6812568388	6812616378	47990	956.07	651.88	1012.96	595.08	2.17	84.98	0.25	45.23	3783.10	-2407.28	1776.40
Fixation L	1	15	6812616378	6812852389	236011	1009.88	581.45	13	25	-1	14.92	14.92
Fixation R	1	17	6812616378	6812852389	236011	1009.88	581.45	13	25	-1	14.77	14.77
Saccade L	1	23	6812852389	6812896414	44025	1013.72	583.43	1057.09	635.34	1.43	49.23	0.27	32.55	2252.07	-1334.12	1191.80
Saccade R	1	25	6812852389	6812896414	44025	1013.72	583.43	1057.09	635.34	1.43	49.23	0.27	32.55	2252.07	-1334.12	1191.80
Fixation L	1	16	6812896414	6813012409	115995	1055.57	655.75	15	40	-1	14.79	14.79
Fixation R	1	18	6812896414	6813012409	115995	1055.57	655.75	15	40	-1	14.87	14.87
Saccade L	1	24	6813012409	6813096404	83995	1048.41	646.13	431.12	380.05	15.40	394.98	0.24	183.32	18694.68	-16094.84	7688.47
Saccade R	1	26	6813012409	6813096404	83995	1048.41	646.13	431.12	380.05	15.40	394.98	0.24	183.32	18694.68	-16094.84	7688.47
Fixation L	1	17	6813096404	6813420412	324008	434.86	405.49	20	44	-1	15.31	15.31
Fixation R	1	19	6813096404	6813420412	324008	434.86	405.49	20	44	-1	14.91	14.91
Saccade L	1	25	6813420412	6813460426	40014	440.78	412.36	349.36	531.23	3.56	152.32	0.40	89.06	6968.30	-5729.03	4803.22
Saccade R	1	27	6813420412	6813460426	40014	440.78	412.36	349.36	531.23	3.56	152.32	0.40	89.06	6968.30	-5729.03	4803.22
Fixation L	1	18	6813460426	6813696340	235914	349.64	526.88	18	30	-1	15.46	15.46
Fixation R	1	20	6813460426	6813696340	235914	349.64	526.88	18	30	-1	15.06	15.06
Saccade L	1	26	6813696340	6813772431	76091	347.73	516.84	1062.29	632.98	15.97	411.08	0.26	209.82	18779.39	-10956.12	7777.51
Saccade R	1	28	6813696340	6813772431	76091	347.73	516.84	1062.29	632.98	15.97	411.08	0.26	209.82	18779.39	-10956.12	7777.51
Fixation L	1	19	6813772431	6814096362	323931	1071.31	640.86	24	30	-1	15.30	15.30
Fixation R	1	21	6813772431	6814096362	323931	1071.31	640.86	24	30	-1	15.30	15.30
Saccade L	1	27	6814096362	6814140310	43948	1062.94	638.54	1033.69	590.76	1.25	44.82	0.45	28.43	1763.70	-1152.49	1012.53
Saccade R	1	29	6814096362	6814140310	43948	1062.94	638.54	1033.69	590.76	1.25	44.82	0.45	28.43	1763.70	-1152.49	1012.53
Fixation L	1	20	6814140310	6814780323	640013	1043.68	559.93	37	54	-1	14.75	14.75
Fixation R	1	22	6814140310	6814780323	640013	1043.68	559.93	37	54	-1	14.63	14.63
Saccade L	1	28	6814780323	6814808311	27988	1045.34	558.97	1039.20	470.99	1.83	117.07	0.43	65.23	5396.80	-5208.45	3941.40
Saccade R	1	30	6814780323	6814808311	27988	1045.34	558.97	1039.20	470.99	1.83	117.07	0.43	65.23	5396.80	-5208.45	3941.40
Fixation L	1	21	6814808311	6815080328	272017	1031.43	464.40	15	12	-1	14.67	14.67
Fixation R	1	23	6814808311	6815080328	272017	1031.43	464.40	15	12	-1	14.70	14.70
Saccade L	1	29	6815080328	6815104318	23990	1032.48	460.94	961.10	460.42	1.41	109.66	0.50	58.79	5137.28	-4466.78	3440.70
Saccade R	1	31	6815080328	6815104318	23990	1032.48	460.94	961.10	460.42	1.41	109.66	0.50	58.79	5137.28	-4466.78	3440.70
Saccade L	1	30	6815112317	6815132324	20007	957.32	463.32	954.50	494.14	0.58	48.00	0.60	29.01	1337.14	-1600.41	1004.36
Saccade R	1	32	6815112317	6815132324	20007	957.32	463.32	954.50	494.14	0.58	48.00	0.60	29.01	1337.14	-1600.41	1004.36
Fixation L	1	22	6815132324	6815264354	132030	950.46	477.67	11	32	-1	14.83	14.83
Fixation R	1	24	6815132324	6815264354	132030	950.46	477.67	11	32	-1	14.68	14.68
Saccade L	1	31	6815264354	6815328254	63900	956.52	479.00	294.25	383.23	14.60	326.91	0.50	228.47	15439.60	-14942.91	8168.94
Saccade R	1	33	6815264354	6815328254	63900	956.52	479.00	294.25	383.23	14.60	326.91	0.50	228.47	15439.60	-14942.91	8168.94
Fixation L	1	23	6815328254	6815716195	387941	308.82	398.27	40	34	-1	15.00	15.00
Fixation R	1	25	6815328254	6815716195	387941	308.82	398.27	40	34	-1	14.80	14.80
Fixation L	1	24	6816024218	6816080230	56012	402.79	440.27	10	12	-1	14.70	14.70
Fixation R	1	26	6816024218	6816080230	56012	402.79	440.27	10	12	-1	14.59	14.59
Saccade L	1	32	6816080230	6816148119	67889	409.99	441.74	1011.98	582.00	13.66	385.30	0.24	201.19	18863.89	-11153.69	8457.23
Saccade R	1	34	6816080230	6816148119	67889	409.99	441.74	1011.98	582.00	13.66	385.30	0.24	201.19	18863.89	-11153.69	8457.23
Fixation L	1	25	6816148119	6816532152	384033	1021.27	595.86	50	38	-1	15.82	15.82
Fixation R	1	27	6816148119	6816532152	384033	1021.27	595.86	50	38	-1	15.85	15.85
Saccade L	1	33	6816532152	6816560233	28081	1044.77	602.63	1041.73	494.73	2.41	170.62	0.57	85.68	8337.68	-7935.18	5986.14
Saccade R	1	35	6816532152	6816560233	28081	1044.77	602.63	1041.73	494.73	2.41	170.62	0.57	85.68	8337.68	-7935.18	5986.14
Fixation L	1	26	6816560233	6816936125	375892	1034.93	473.36	22	27	-1	15.17	15.17
Fixation R	1	28	6816560233	6816936125	375892	1034.93	473.36	22	27	-1	15.02	15.02
Saccade L	1	34	6816936125	6817012122	75997	1028.95	472.77	315.27	407.55	16.07	371.95	0.32	211.43	17001.09	-13040.09	7812.43
Saccade R	1	36	6816936125	6817012122	75997	1028.95	472.77	315.27	407.55	16.07	371.95	0.32	211.43	17001.09	-13040.09	7812.43
Fixation L	1	27	6817012122	6817076123	64001	296.93	400.97	51	64	-1	15.14	15.14
Fixation R	1	29	6817012122	6817076123	64001	296.93	400.97	51	64	-1	14.49	14.49
Saccade L	1	35	6817112124	6817148101	35977	297.00	425.68	290.84	398.97	1.49	76.27	0.22	41.51	1276.57	-2530.23	1266.72
Saccade R	1	37	6817112124	6817148101	35977	297.00	425.68	290.84	398.97	1.49	76.27	0.22	41.51	1276.57	-2530.23	1266.72
Saccade L	1	36	6817200121	6817248108	47987	308.63	398.75	225.33	467.64	3.74	202.47	0.50	78.04	7671.10	-6946.76	3891.10
Saccade R	1	38	6817200121	6817248108	47987	308.63	398.75	225.33	467.64	3.74	202.47	0.50	78.04	7671.10	-6946.76	3891.10
Fixation L	1	28	6817272106	6817416115	144009	216.28	467.99	25	17	-1	15.42	15.42
Fixation R	1	30	6817272106	6817416115	144009	216.28	467.99	25	17	-1	15.07	15.07
Saccade L	1	37	6817416115	6817488137	72022	223.05	472.22	1047.69	477.68	18.28	465.08	0.28	253.87	21305.53	-12708.97	9520.91
Saccade R	1	39	6817416115	6817488137	72022	223.05	472.22	1047.69	477.68	18.28	465.08	0.28	253.87	21305.53	-12708.97	9520.91
Fixation L	1	29	6817488137	6817848133	359996	1048.62	488.16	30	22	-1	15.43	15.43
Fixation R	1	31	6817488137	6817848133	359996	1048.62	488.16	30	22	-1	15.27	15.27
Saccade L	1	38	6817848133	6817916129	67996	1041.79	496.07	336.69	426.61	15.49	372.37	0.35	227.77	18215.21	-13242.47	8697.29
Saccade R	1	40	6817848133	6817916129	67996	1041.79	496.07	336.69	426.61	15.49	372.37	0.35	227.77	18215.21	-13242.47	8697.29
Fixation L	1	30	6817916129	6818204020	287891	328.25	408.68	29	30	-1	15.26	15.26
Fixation R	1	32	6817916129	6818204020	287891	328.25	408.68	29	30	-1	14.94	14.94
Saccade L	1	39	6818204020	6818256003	51983	314.22	396.72	377.03	598.62	4.67	188.71	0.31	89.82	8938.16	-5821.89	4705.50
Saccade R	1	41	6818204020	6818256003	51983	314.22	396.72	377.03	598.62	4.67	188.71	0.31	89.82	8938.16	-5821.89	4705.50
Fixation L	1	31	6818256003	6818432025	176022	392.17	622.82	27	35	-1	15.74	15.74
Fixation R	1	33	6818256003	6818432025	176022	392.17	622.82	27	35	-1	15.47	15.47
Saccade L	1	40	6818432025	6818468024	35999	398.72	615.33	453.13	555.97	1.65	78.95	0.33	45.76	3530.76	-2525.38	2227.51
Saccade R	1	42	6818432025	6818468024	35999	398.72	615.33	453.13	555.97	1.65	78.95	0.33	45.76	3530.76	-2525.38	2227.51
Fixation L	1	32	6818468024	6818608028	140004	451.79	553.22	9	7	-1	15.52	15.52
Fixation R	1	34	6818468024	6818608028	140004	451.79	553.22	9	7	-1	15.28	15.28
Saccade L	1	41	6818608028	6818672022	63994	450.45	550.86	976.41	560.41	11.58	342.88	0.31	180.95	16823.62	-11332.39	7942.90
Saccade R	1	43	6818608028	6818672022	63994	450.45	550.86	976.41	560.41	11.58	342.88	0.31	180.95	16823.62	-11332.39	7942.90
Fixation L	1	33	6818672022	6818852043	180021	995.24	566.31	30	13	-1	15.40	15.40
Fixation R	1	35	6818672022	6818852043	180021	995.24	566.31	30	13	-1	15.42	15.42
Saccade L	1	42	6818852043	6818896054	44011	998.44	561.36	1049.84	594.51	1.35	58.17	0.27	30.59	2530.54	-1369.37	1111.99
Saccade R	1	44	6818852043	6818896054	44011	998.44	561.36	1049.84	594.51	1.35	58.17	0.27	30.59	2530.54	-1369.37	1111.99
Fixation L	1	34	6818896054	6819320045	423991	1043.12	591.09	22	40	-1	15.30	15.30
Fixation R	1	36	6818896054	6819320045	423991	1043.12	591.09	22	40	-1	15.18	15.18
Saccade L	1	43	6819320045	6819400031	79986	1037.79	568.57	389.19	498.09	14.70	322.16	0.50	183.78	14248.38	-12720.64	6653.12
Saccade R	1	45	6819320045	6819400031	79986	1037.79	568.57	389.19	498.09	14.70	322.16	0.50	183.78	14248.38	-12720.64	6653.12
Fixation L	1	35	6819400031	6819611909	211878	386.71	502.37	15	29	-1	15.02	15.02
Fixation R	1	37	6819400031	6819611909	211878	386.71	502.37	15	29	-1	14.84	14.84
Saccade L	1	44	6819611909	6819643915	32006	384.10	507.51	414.77	563.53	1.37	71.09	0.62	42.87	3122.48	-2817.17	2321.45
Saccade R	1	46	6819611909	6819643915	32006	384.10	507.51	414.77	563.53	1.37	71.09	0.62	42.87	3122.48	-2817.17	2321.45
Fixation L	1	36	6819643915	6819755944	112029	423.10	589.57	12	40	-1	15.25	15.25
Fixation R	1	38	6819643915	6819755944	112029	423.10	589.57	12	40	-1	15.05	15.05
Saccade L	1	45	6819755944	6819815919	59975	421.81	601.94	462.35	566.01	5.96	226.82	0.73	99.42	6192.46	-9554.28	4583.43
Saccade R	1	47	6819755944	6819815919	59975	421.81	601.94	462.35	566.01	5.96	226.82	0.73	99.42	6192.46	-9554.28	4583.43
Fixation L	1	37	6819815919	6819871923	56004	445.14	580.24	28	30	-1	15.52	15.52
Fixation R	1	39	6819815919	6819871923	56004	445.14	580.24	28	30	-1	15.33	15.33
Saccade L	1	46	6819871923	6819899912	27989	437.55	598.81	362.77	614.40	1.51	119.99	0.72	53.91	4534.65	-3739.82	2606.94
Saccade R	1	48	6819871923	6819899912	27989	437.55	598.81	362.77	614.40	1.51	119.99	0.72	53.91	4534.65	-3739.82	2606.94
Saccade L	1	47	6819923928	6819979923	55995	371.70	619.70	449.22	606.29	2.75	83.94	0.50	49.12	2360.72	-3221.42	1822.50
Saccade R	1	49	6819923928	6819979923	55995	371.70	619.70	449.22	606.29	2.75	83.94	0.50	49.12	2360.72	-3221.42	1822.50
Saccade L	1	48	6819979923	6820055924	76001	449.22	606.29	468.89	524.73	4.93	117.13	0.32	64.82	4920.56	-2546.18	1969.70
Saccade R	1	50	6819979923	6820055924	76001	449.22	606.29	468.89	524.73	4.93	117.13	0.32	64.82	4920.56	-2546.18	1969.70
Saccade L	1	49	6820067979	6820087916	19937	463.94	545.58	444.79	590.52	0.50	42.30	0.60	24.96	1232.28	-1251.34	735.53
Saccade R	1	51	6820067979	6820087916	19937	463.94	545.58	444.79	590.52	0.50	42.30	0.60	24.96	1232.28	-1251.34	735.53
Saccade L	1	50	6820119928	6820159938	40010	432.19	591.65	335.62	595.01	2.10	107.17	0.50	52.49	4610.90	-4440.45	3091.99
Saccade R	1	52	6820119928	6820159938	40010	432.19	591.65	335.62	595.01	2.10	107.17	0.50	52.49	4610.90	-4440.45	3091.99
Fixation L	1	38	6820159938	6820415950	256012	327.72	579.24	21	59	-1	15.43	15.43
Fixation R	1	40	6820159938	6820415950	256012	327.72	579.24	21	59	-1	15.29	15.29
Saccade L	1	51	6820415950	6820447937	31987	317.97	551.30	432.98	563.33	2.39	157.41	0.37	74.83	7093.65	-7180.72	5143.77
Saccade R	1	53	6820415950	6820447937	31987	317.97	551.30	432.98	563.33	2.39	157.41	0.37	74.83	7093.65	-7180.72	5143.77
Fixation L	1	39	6820447937	6820859953	412016	438.39	584.96	40	64	-1	15.46	15.46
Fixation R	1	41	6820447937	6820859953	412016	438.39	584.96	40	64	-1	15.37	15.37
Saccade R	1	54	6820859953	6820895935	35982	424.61	617.84	0.00	0.00	18.02	1422.22	0.67	500.73	56032.86	-59643.26	37393.26
Fixation R	1	42	6820895935	6820955937	60002	0.00	0.00	0	0	-1	12.79	12.79
Fixation L	1	40	6821095849	6821371836	275987	330.02	585.15	36	89	-1	15.32	15.32
Fixation R	1	43	6821095849	6821371836	275987	330.02	585.15	36	89	-1	15.32	15.32
Saccade L	1	52	6821371836	6821403829	31993	328.55	606.36	438.21	605.10	2.24	154.84	0.37	70.13	7441.59	-7136.33	5172.16
Saccade R	1	55	6821371836	6821403829	31993	328.55	606.36	438.21	605.10	2.24	154.84	0.37	70.13	7441.59	-7136.33	5172.16
Fixation L	1	41	6821403829	6822275837	872008	439.84	596.42	41	49	-1	15.50	15.50
Fixation R	1	44	6821403829	6822275837	872008	439.84	596.42	41	49	-1	15.49	15.49
Saccade L	1	53	6822275837	6822347773	71936	417.79	573.98	980.89	530.09	12.63	318.26	0.28	175.64	14977.79	-9287.45	6482.14
Saccade R	1	56	6822275837	6822347773	71936	417.79	573.98	980.89	530.09	12.63	318.26	0.28	175.64	14977.79	-9287.45	6482.14
Fixation L	1	42	6822347773	6823247753	899980	1030.40	584.72	83	100	-1	15.45	15.45
Fixation R	1	45	6822347773	6823247753	899980	1030.40	584.72	83	100	-1	15.34	15.34
Saccade L	1	54	6823247753	6823319747	71994	1050.16	627.47	298.40	466.09	16.92	402.38	0.33	235.07	18704.40	-15090.80	9355.05
Saccade R	1	57	6823247753	6823319747	71994	1050.16	627.47	298.40	466.09	16.92	402.38	0.33	235.07	18704.40	-15090.80	9355.05
Fixation L	1	43	6823319747	6823551741	231994	289.39	468.73	19	19	-1	14.79	14.79
Fixation R	1	46	6823319747	6823551741	231994	289.39	468.73	19	19	-1	14.61	14.61
Saccade L	1	55	6823551741	6823579772	28031	289.56	460.72	205.22	462.72	1.74	133.52	0.57	62.09	5843.11	-5625.82	4195.90
Saccade R	1	58	6823551741	6823579772	28031	289.56	460.72	205.22	462.72	1.74	133.52	0.57	62.09	5843.11	-5625.82	4195.90
Fixation L	1	44	6823579772	6824131631	551859	213.56	470.11	34	35	-1	15.10	15.10
Fixation R	1	47	6823579772	6824131631	551859	213.56	470.11	34	35	-1	14.77	14.77
Saccade L	1	56	6824131631	6824171676	40045	220.57	471.77	349.00	469.38	2.71	136.88	0.30	67.66	6046.41	-4286.26	3480.57
Saccade R	1	59	6824131631	6824171676	40045	220.57	471.77	349.00	469.38	2.71	136.88	0.30	67.66	6046.41	-4286.26	3480.57
Fixation L	1	45	6824171676	6824539660	367984	364.90	475.00	37	33	-1	15.26	15.26
Fixation R	1	48	6824171676	6824539660	367984	364.90	475.00	37	33	-1	14.64	14.64
Saccade L	1	57	6824539660	6824579636	39976	359.27	469.81	379.14	333.03	2.91	135.47	0.30	72.80	6362.54	-5245.61	4176.19
Saccade R	1	60	6824539660	6824579636	39976	359.27	469.81	379.14	333.03	2.91	135.47	0.30	72.80	6362.54	-5245.61	4176.19
Fixation L	1	46	6824579636	6824679664	100028	380.14	329.59	10	9	-1	15.38	15.38
Fixation R	1	49	6824579636	6824679664	100028	380.14	329.59	10	9	-1	14.92	14.92
Fixation L	1	47	6824903687	6824967698	64011	0.00	0.01	0	0	-1	2.11	2.11
Fixation R	1	50	6824903687	6824967698	64011	0.00	0.01	0	0	-1	4.94	4.94
Fixation L	1	48	6825091658	6825247554	155896	1028.14	659.26	26	68	-1	15.04	15.04
Fixation R	1	51	6825091658	6825247554	155896	1028.14	659.26	26	68	-1	15.48	15.48
Saccade L	1	58	6825247554	6825267559	20005	1016.84	680.38	1049.02	682.49	0.63	52.50	0.60	31.32	2416.12	-1962.59	1566.79
Saccade R	1	61	6825247554	6825267559	20005	1016.84	680.38	1049.02	682.49	0.63	52.50	0.60	31.32	2416.12	-1962.59	1566.79
Fixation L	1	49	6825267559	6825443547	175988	1061.25	676.14	24	31	-1	16.38	16.38
Fixation R	1	52	6825267559	6825443547	175988	1061.25	676.14	24	31	-1	16.25	16.25
Saccade L	1	59	6825443547	6825479559	36012	1064.29	658.44	1056.72	504.29	3.28	239.42	0.33	91.11	9973.57	-9335.36	6164.58
Saccade R	1	62	6825443547	6825479559	36012	1064.29	658.44	1056.72	504.29	3.28	239.42	0.33	91.11	9973.57	-9335.36	6164.58
Fixation L	1	50	6825479559	6825751575	272016	1067.76	497.00	27	19	-1	15.98	15.98
Fixation R	1	53	6825479559	6825751575	272016	1067.76	497.00	27	19	-1	15.86	15.86
Saccade L	1	60	6825751575	6825787547	35972	1063.81	490.73	971.89	486.19	1.89	93.73	0.56	52.47	3657.47	-4482.00	2742.05
Saccade R	1	63	6825751575	6825787547	35972	1063.81	490.73	971.89	486.19	1.89	93.73	0.56	52.47	3657.47	-4482.00	2742.05
Fixation L	1	51	6825787547	6826039587	252040	974.82	475.20	18	20	-1	15.66	15.66
Fixation R	1	54	6825787547	6826039587	252040	974.82	475.20	18	20	-1	15.55	15.55
Fixation L	1	52	6826119585	6826675446	555861	110.33	88.84	1111	1119	-1	10.79	10.77
Fixation R	1	55	6826119585	6826583576	463991	0.00	0.00	0	0	-1	12.88	12.88
Saccade R	1	64	6826671526	6826699474	27948	954.42	475.23	885.74	488.50	1.78	158.44	0.58	63.73	6147.90	-6367.46	4060.56
Saccade L	1	61	6826675446	6826699474	24028	937.15	474.79	885.74	488.50	1.72	158.44	0.51	71.68	6147.90	-6367.46	4375.66
Fixation L	1	53	6826699474	6826859444	159970	904.83	494.18	47	24	-1	17.26	17.26
Fixation R	1	56	6826699474	6826859444	159970	904.83	494.18	47	24	-1	17.16	17.16
Fixation L	1	54	6827215447	6827403476	188029	0.00	0.00	0	0	-1	16.41	16.41
Fixation R	1	57	6827215447	6827403476	188029	0.00	0.00	0	0	-1	16.92	16.92
Fixation L	1	55	6827503475	6827611374	107899	716.16	444.68	22	42	-1	16.82	16.82
Fixation R	1	58	6827503475	6827611374	107899	716.16	444.68	22	42	-1	16.78	16.78
Saccade L	1	62	6827859474	6827887474	28000	828.63	542.51	831.23	579.12	0.91	45.88	0.71	32.36	1018.64	-1851.13	941.75
Saccade R	1	65	6827859474	6827887474	28000	828.63	542.51	831.23	579.12	0.91	45.88	0.71	32.36	1018.64	-1851.13	941.75
Saccade L	1	63	6827931481	6827971462	39981	815.99	601.68	961.40	524.77	3.52	198.67	0.40	88.16	8991.70	-8501.16	6022.63
Saccade R	1	66	6827931481	6827971462	39981	815.99	601.68	961.40	524.77	3.52	198.67	0.40	88.16	8991.70	-8501.16	6022.63
Fixation L	1	56	6827971462	6828215416	243954	964.15	526.68	18	44	-1	17.17	17.17
Fixation R	1	59	6827971462	6828215416	243954	964.15	526.68	18	44	-1	16.77	16.77
Saccade L	1	64	6828215416	6828267385	51969	966.27	528.06	1118.47	566.86	3.66	152.69	0.31	70.42	6660.74	-4022.60	3566.49
Saccade R	1	67	6828215416	6828267385	51969	966.27	528.06	1118.47	566.86	3.66	152.69	0.31	70.42	6660.74	-4022.60	3566.49
Fixation L	1	57	6828267385	6828435355	167970	1125.10	579.68	28	32	-1	17.12	17.12
Fixation R	1	60	6828267385	6828435355	167970	1125.10	579.68	28	32	-1	16.67	16.67
Saccade L	1	65	6828435355	6828463358	28003	1135.43	587.35	1128.50	549.88	0.88	50.14	0.57	31.46	1742.94	-1520.04	1231.10
Saccade R	1	68	6828435355	6828463358	28003	1135.43	587.35	1128.50	549.88	0.88	50.14	0.57	31.46	1742.94	-1520.04	1231.10
Fixation L	1	58	6828463358	6828603383	140025	1139.03	528.44	16	28	-1	16.52	16.52
Fixation R	1	61	6828463358	6828603383	140025	1139.03	528.44	16	28	-1	16.20	16.20
UserEvent	1	2	6828507534	# Message: UE-mouseclick left x=1572 y=912
Saccade L	1	66	6828603383	6828635349	31966	1133.37	526.83	987.64	519.29	3.14	222.45	0.50	98.22	10196.42	-10220.63	7231.03
Saccade R	1	69	6828603383	6828635349	31966	1133.37	526.83	987.64	519.29	3.14	222.45	0.50	98.22	10196.42	-10220.63	7231.03
Fixation L	1	59	6828635349	6828903300	267951	982.31	503.68	20	26	-1	15.93	15.93
Fixation R	1	62	6828635349	6828903300	267951	982.31	503.68	20	26	-1	15.68	15.68
Saccade L	1	67	6828903300	6828951295	47995	980.69	493.22	678.75	589.07	7.16	348.60	0.34	149.19	16623.60	-13999.86	9710.35
Saccade R	1	70	6828903300	6828951295	47995	980.69	493.22	678.75	589.07	7.16	348.60	0.34	149.19	16623.60	-13999.86	9710.35
Fixation L	1	60	6828951295	6829503253	551958	171.64	152.94	758	987	-1	15.85	15.80
Fixation R	1	63	6828951295	6829051363	100068	666.81	596.78	24	13	-1	16.19	16.19
Saccade R	1	71	6829051363	6829103396	52033	669.66	601.81	0.00	0.00	23.36	1894.45	0.77	448.92	72941.79	-80693.63	33385.91
Fixation R	1	64	6829103396	6829503253	399857	0.00	0.00	0	0	-1	15.26	15.23
Saccade L	1	68	6829503253	6829527250	23997	0.00	0.00	815.50	1136.18	27.70	2690.31	0.50	1154.48	112193.49	-112001.23	84611.65
Saccade R	1	72	6829503253	6829527250	23997	0.00	0.00	815.50	1136.18	27.70	2690.31	0.50	1154.48	112193.49	-112001.23	84611.65
Saccade L	1	69	6829555250	6829579311	24061	817.79	1133.34	0.00	0.00	27.71	2680.08	0.50	1151.81	111623.92	-111873.16	84390.23
Saccade R	1	73	6829555250	6829579311	24061	817.79	1133.34	0.00	0.00	27.71	2680.08	0.50	1151.81	111623.92	-111873.16	84390.23
Fixation L	1	61	6829579311	6830087301	507990	0.00	0.00	0	0	-1	9.84	9.34
Fixation R	1	65	6829579311	6830087301	507990	0.00	0.00	0	0	-1	12.65	12.65
