[BeGaze]
Converted from:	D:\Kirillov\Results\ermolova_temp\Daniil-1-eye_data.idf
Date:	17.04.2019 03:54:40
Version:	BeGaze 3.0.181
Sample Rate:	250
Subject:	Daniil
Description:	Run41

Table Header for Fixations:
Event Type	Trial	Number	Start	End	Duration	Location X	Location Y	Dispersion X	Dispersion Y	Plane	Avg. Pupil Size X	Avg. Pupil Size Y

Table Header for Saccades:
Event Type	Trial	Number	Start	End	Duration	Start Loc.X	Start Loc.Y	End Loc.X	End Loc.Y	Amplitude	Peak Speed	Peak Speed At	Average Speed	Peak Accel.	Peak Decel.	Average Accel.

Table Header for User Events:
Event Type	Trial	Number	Start	Description

UserEvent	1	1	10113701377	# Message: Questionnaire14.jpg
Fixation L	1	1	10113702501	10113790499	87998	555.46	374.20	26	6	-1	13.10	13.10
Fixation R	1	1	10113702501	10113790499	87998	555.46	374.20	26	6	-1	12.66	12.66
Saccade L	1	1	10113790499	10113826488	35989	541.49	377.76	431.70	336.71	2.69	178.75	0.33	74.77	8449.08	-7574.63	5136.45
Saccade R	1	1	10113790499	10113826488	35989	541.49	377.76	431.70	336.71	2.69	178.75	0.33	74.77	8449.08	-7574.63	5136.45
Fixation L	1	2	10113826488	10114018500	192012	425.92	317.29	10	25	-1	13.27	13.27
Fixation R	1	2	10113826488	10114018500	192012	425.92	317.29	10	25	-1	12.84	12.84
Fixation L	1	3	10114034493	10114714511	680018	447.27	298.45	121	73	-1	13.88	13.88
Fixation R	1	3	10114034493	10114714511	680018	447.27	298.45	121	73	-1	13.74	13.74
Saccade L	1	2	10114714511	10114734389	19878	517.40	333.61	478.15	330.28	0.79	68.91	0.60	39.84	2431.89	-2689.27	1875.35
Saccade R	1	2	10114714511	10114734389	19878	517.40	333.61	478.15	330.28	0.79	68.91	0.60	39.84	2431.89	-2689.27	1875.35
Fixation L	1	4	10114734389	10115310425	576036	476.43	320.05	41	35	-1	14.92	14.92
Fixation R	1	4	10114734389	10115310425	576036	476.43	320.05	41	35	-1	14.80	14.80
Saccade L	1	3	10115310425	10115330457	20032	478.48	305.93	419.90	314.71	0.97	94.61	0.60	48.63	3996.94	-3308.87	2484.33
Saccade R	1	3	10115310425	10115330457	20032	478.48	305.93	419.90	314.71	0.97	94.61	0.60	48.63	3996.94	-3308.87	2484.33
Fixation L	1	5	10115330457	10116586298	1255841	469.99	321.93	98	57	-1	14.42	14.42
Fixation R	1	5	10115330457	10116586298	1255841	469.99	321.93	98	57	-1	14.20	14.20
Saccade L	1	4	10116586298	10116618324	32026	504.07	325.34	468.44	374.76	1.89	134.99	0.37	59.16	5872.23	-5372.83	3557.45
Saccade R	1	4	10116586298	10116618324	32026	504.07	325.34	468.44	374.76	1.89	134.99	0.37	59.16	5872.23	-5372.83	3557.45
Fixation L	1	6	10116618324	10116878303	259979	447.53	384.58	37	18	-1	14.32	14.32
Fixation R	1	6	10116618324	10116878303	259979	447.53	384.58	37	18	-1	13.93	13.93
UserEvent	1	2	10116657405	# Message: UE-mouseclick left x=472 y=305
Saccade L	1	5	10116878303	10116902335	24032	434.57	393.47	436.99	306.10	1.71	145.51	0.50	71.09	6595.50	-6453.92	4793.34
Saccade R	1	5	10116878303	10116902335	24032	434.57	393.47	436.99	306.10	1.71	145.51	0.50	71.09	6595.50	-6453.92	4793.34
Fixation L	1	7	10116902335	10117210337	308002	440.75	305.90	17	25	-1	14.42	14.42
Fixation R	1	7	10116902335	10117210337	308002	440.75	305.90	17	25	-1	14.15	14.15
Saccade L	1	6	10117210337	10117238311	27974	451.26	300.83	421.20	325.82	0.87	53.56	0.43	30.94	2175.01	-1457.23	1291.85
Saccade R	1	6	10117210337	10117238311	27974	451.26	300.83	421.20	325.82	0.87	53.56	0.43	30.94	2175.01	-1457.23	1291.85
Fixation L	1	8	10117238311	10117910200	671889	395.01	335.72	48	29	-1	14.23	14.23
Fixation R	1	8	10117238311	10117910200	671889	395.01	335.72	48	29	-1	14.06	14.06
Saccade L	1	7	10117910200	10117934205	24005	383.85	338.75	413.78	430.23	1.92	157.00	0.67	79.86	7104.96	-6631.99	4777.23
Saccade R	1	7	10117910200	10117934205	24005	383.85	338.75	413.78	430.23	1.92	157.00	0.67	79.86	7104.96	-6631.99	4777.23
Fixation L	1	9	10117934205	10118350220	416015	418.91	428.06	31	29	-1	14.17	14.17
Fixation R	1	9	10117934205	10118350220	416015	418.91	428.06	31	29	-1	14.11	14.11
UserEvent	1	3	10118257435	# Message: UE-mouseclick left x=384 y=398
