[BeGaze]
Converted from:	D:\Kirillov\Results\ermolova_temp\Julia-eye_data.idf
Date:	17.04.2019 03:54:34
Version:	BeGaze 3.0.181
Sample Rate:	250
Subject:	Julia
Description:	Run40

Table Header for Fixations:
Event Type	Trial	Number	Start	End	Duration	Location X	Location Y	Dispersion X	Dispersion Y	Plane	Avg. Pupil Size X	Avg. Pupil Size Y

Table Header for Saccades:
Event Type	Trial	Number	Start	End	Duration	Start Loc.X	Start Loc.Y	End Loc.X	End Loc.Y	Amplitude	Peak Speed	Peak Speed At	Average Speed	Peak Accel.	Peak Decel.	Average Accel.

Table Header for User Events:
Event Type	Trial	Number	Start	Description

UserEvent	1	1	9495627778	# Message: Questionnaire4.jpg
Fixation L	1	1	9495628828	9495902891	274063	577.08	292.82	28	94	-1	13.05	13.05
Fixation R	1	1	9495628828	9495902891	274063	577.08	292.82	28	94	-1	13.25	13.25
Saccade L	1	1	9495902891	9495946871	43980	571.49	348.47	335.57	249.46	5.97	317.31	0.45	135.85	14072.29	-15075.68	9720.97
Saccade R	1	1	9495902891	9495946871	43980	571.49	348.47	335.57	249.46	5.97	317.31	0.45	135.85	14072.29	-15075.68	9720.97
Fixation L	1	2	9495946871	9496146867	199996	338.29	255.82	17	44	-1	12.97	12.97
Fixation R	1	2	9495946871	9496146867	199996	338.29	255.82	17	44	-1	13.09	13.09
Saccade L	1	2	9496146867	9496182877	36010	344.95	285.94	396.52	241.82	1.28	54.03	0.45	35.52	1841.21	-1803.43	1427.95
Saccade R	1	2	9496146867	9496182877	36010	344.95	285.94	396.52	241.82	1.28	54.03	0.45	35.52	1841.21	-1803.43	1427.95
Fixation L	1	3	9496182877	9497246800	1063923	391.67	239.26	38	68	-1	13.11	13.11
Fixation R	1	3	9496182877	9497246800	1063923	391.67	239.26	38	68	-1	12.93	12.93
Saccade L	1	3	9497246800	9497274767	27967	396.73	235.68	345.58	253.21	1.11	80.32	0.57	39.52	3770.20	-3329.05	2691.26
Saccade R	1	3	9497246800	9497274767	27967	396.73	235.68	345.58	253.21	1.11	80.32	0.57	39.52	3770.20	-3329.05	2691.26
Fixation L	1	4	9497274767	9497982784	708017	381.28	245.51	61	39	-1	12.91	12.91
Fixation R	1	4	9497274767	9497982784	708017	381.28	245.51	61	39	-1	12.50	12.50
Saccade L	1	4	9497982784	9498002803	20019	390.46	249.82	384.26	214.32	0.72	60.40	0.40	35.83	2757.88	-2140.39	1803.28
Saccade R	1	4	9497982784	9498002803	20019	390.46	249.82	384.26	214.32	0.72	60.40	0.40	35.83	2757.88	-2140.39	1803.28
Fixation L	1	5	9498002803	9498854693	851890	393.34	203.52	55	38	-1	12.76	12.76
Fixation R	1	5	9498002803	9498854693	851890	393.34	203.52	55	38	-1	12.41	12.41
Saccade L	1	5	9498854693	9498874680	19987	396.41	213.71	401.38	181.02	0.52	41.82	0.60	26.16	1249.94	-968.81	638.82
Saccade R	1	5	9498854693	9498874680	19987	396.41	213.71	401.38	181.02	0.52	41.82	0.60	26.16	1249.94	-968.81	638.82
Fixation L	1	6	9498874680	9499054680	180000	393.81	224.23	33	74	-1	12.45	12.45
Fixation R	1	6	9498874680	9499054680	180000	393.81	224.23	33	74	-1	12.29	12.29
Fixation L	1	7	9499066679	9499206706	140027	391.01	221.05	25	32	-1	12.42	12.42
Fixation R	1	7	9499066679	9499206706	140027	391.01	221.05	25	32	-1	12.27	12.27
Saccade L	1	6	9499206706	9499250685	43979	405.59	216.99	343.28	278.94	4.52	273.11	0.45	102.71	12269.95	-10409.85	6506.45
Saccade R	1	6	9499206706	9499250685	43979	405.59	216.99	343.28	278.94	4.52	273.11	0.45	102.71	12269.95	-10409.85	6506.45
Fixation L	1	8	9499250685	9499674672	423987	357.51	254.04	28	56	-1	12.66	12.66
Fixation R	1	8	9499250685	9499674672	423987	357.51	254.04	28	56	-1	12.24	12.24
UserEvent	1	2	9499308049	# Message: UE-mouseclick left x=380 y=306
Saccade L	1	7	9499674672	9499718699	44027	363.27	235.40	346.58	298.92	1.44	63.11	0.27	32.82	2823.73	-1803.04	1242.98
Saccade R	1	7	9499674672	9499718699	44027	363.27	235.40	346.58	298.92	1.44	63.11	0.27	32.82	2823.73	-1803.04	1242.98
Fixation L	1	9	9499718699	9500206558	487859	337.99	319.94	32	49	-1	12.54	12.54
Fixation R	1	9	9499718699	9500206558	487859	337.99	319.94	32	49	-1	12.31	12.31
Saccade L	1	8	9500206558	9500238589	32031	329.50	335.57	337.33	269.92	1.37	78.21	0.50	42.83	3437.97	-3005.73	2310.69
Saccade R	1	8	9500206558	9500238589	32031	329.50	335.57	337.33	269.92	1.37	78.21	0.50	42.83	3437.97	-3005.73	2310.69
Fixation L	1	10	9500238589	9500406634	168045	355.68	240.01	34	40	-1	12.46	12.46
Fixation R	1	10	9500238589	9500406634	168045	355.68	240.01	34	40	-1	12.10	12.10
UserEvent	1	3	9500284051	# Message: UE-mouseclick left x=416 y=397
