[BeGaze]
Converted from:	D:\Kirillov\Results\ermolova_temp\Nastya 3kurs-eye_data.idf
Date:	17.04.2019 03:52:19
Version:	BeGaze 3.0.181
Sample Rate:	250
Subject:	Nastya 3kurs
Description:	Run3

Table Header for Fixations:
Event Type	Trial	Number	Start	End	Duration	Location X	Location Y	Dispersion X	Dispersion Y	Plane	Avg. Pupil Size X	Avg. Pupil Size Y

Table Header for Saccades:
Event Type	Trial	Number	Start	End	Duration	Start Loc.X	Start Loc.Y	End Loc.X	End Loc.Y	Amplitude	Peak Speed	Peak Speed At	Average Speed	Peak Accel.	Peak Decel.	Average Accel.

Table Header for User Events:
Event Type	Trial	Number	Start	Description

UserEvent	1	1	5262404766	# Message: Questionnaire15.jpg
Fixation L	1	1	5262405319	5262701317	295998	1046.06	381.16	45	82	-1	14.17	14.17
Fixation R	1	1	5262405319	5262701317	295998	1046.06	381.16	45	82	-1	12.93	12.93
Saccade L	1	1	5262701317	5262779165	77848	1030.04	415.74	451.30	265.34	15.00	433.07	0.41	192.74	13241.18	-12305.39	8452.76
Saccade R	1	1	5262701317	5262779165	77848	1030.04	415.74	451.30	265.34	15.00	433.07	0.41	192.74	13241.18	-12305.39	8452.76
Saccade L	1	2	5262811257	5262843806	32549	458.54	264.25	431.26	219.17	1.21	67.80	0.57	37.05	2919.43	-2426.11	1982.57
Saccade R	1	2	5262811257	5262843806	32549	458.54	264.25	431.26	219.17	1.21	67.80	0.57	37.05	2919.43	-2426.11	1982.57
Fixation L	1	2	5262843806	5262933324	89518	444.78	241.22	27	38	-1	14.14	14.14
Fixation R	1	2	5262843806	5262933324	89518	444.78	241.22	27	38	-1	12.91	12.91
Saccade L	1	3	5262933324	5262961311	27987	444.22	257.96	458.85	287.29	0.84	49.49	0.57	29.91	1987.76	-1851.97	1518.87
Saccade R	1	3	5262933324	5262961311	27987	444.22	257.96	458.85	287.29	0.84	49.49	0.57	29.91	1987.76	-1851.97	1518.87
Fixation L	1	3	5262961311	5263121187	159876	469.25	277.53	23	38	-1	13.81	13.81
Fixation R	1	3	5262961311	5263121187	159876	469.25	277.53	23	38	-1	12.82	12.82
Saccade L	1	4	5263153223	5263177185	23962	464.81	240.55	416.73	241.56	1.05	74.05	0.50	44.01	2625.72	-3001.34	2047.76
Saccade R	1	4	5263153223	5263177185	23962	464.81	240.55	416.73	241.56	1.05	74.05	0.50	44.01	2625.72	-3001.34	2047.76
Fixation L	1	4	5263177185	5263353190	176005	411.66	269.08	26	63	-1	14.09	14.09
Fixation R	1	4	5263177185	5263353190	176005	411.66	269.08	26	63	-1	13.13	13.13
Saccade L	1	5	5263353190	5263373194	20004	419.66	273.14	413.79	233.15	0.56	47.40	0.60	27.82	814.50	-951.52	624.34
Saccade R	1	5	5263353190	5263373194	20004	419.66	273.14	413.79	233.15	0.56	47.40	0.60	27.82	814.50	-951.52	624.34
Fixation L	1	5	5263373194	5263469196	96002	399.93	273.48	35	57	-1	14.49	14.49
Fixation R	1	5	5263373194	5263469196	96002	399.93	273.48	35	57	-1	13.36	13.36
Saccade L	1	6	5263469196	5263493197	24001	388.07	278.34	399.41	303.67	0.63	42.51	0.50	26.10	930.29	-1114.24	759.85
Saccade R	1	6	5263469196	5263493197	24001	388.07	278.34	399.41	303.67	0.63	42.51	0.50	26.10	930.29	-1114.24	759.85
Fixation L	1	6	5263493197	5263905202	412005	386.97	277.42	43	98	-1	14.61	14.61
Fixation R	1	6	5263493197	5263905202	412005	386.97	277.42	43	98	-1	13.26	13.26
UserEvent	1	2	5263692694	# Message: UE-mouseclick left x=482 y=269
Fixation L	1	7	5263921204	5263993228	72024	386.14	263.43	13	29	-1	14.43	14.43
Fixation R	1	7	5263921204	5263993228	72024	386.14	263.43	13	29	-1	13.20	13.20
