[BeGaze]
Converted from:	D:\Kirillov\Results\ermolova_temp\Vita-eye_data.idf
Date:	17.04.2019 03:54:19
Version:	BeGaze 3.0.181
Sample Rate:	250
Subject:	Vita
Description:	Run38

Table Header for Fixations:
Event Type	Trial	Number	Start	End	Duration	Location X	Location Y	Dispersion X	Dispersion Y	Plane	Avg. Pupil Size X	Avg. Pupil Size Y

Table Header for Saccades:
Event Type	Trial	Number	Start	End	Duration	Start Loc.X	Start Loc.Y	End Loc.X	End Loc.Y	Amplitude	Peak Speed	Peak Speed At	Average Speed	Peak Accel.	Peak Decel.	Average Accel.

Table Header for User Events:
Event Type	Trial	Number	Start	Description

UserEvent	1	1	6226643948	# Message: Questionnaire7.jpg
Fixation L	1	1	6226646596	6226934604	288008	949.34	586.24	38	37	-1	15.49	15.49
Fixation R	1	1	6226646596	6226934604	288008	949.34	586.24	38	37	-1	15.37	15.37
Saccade L	1	1	6226934604	6227002576	67972	947.09	577.44	190.60	270.12	18.24	452.18	0.47	268.38	21929.82	-18268.40	11450.55
Saccade R	1	1	6226934604	6227002576	67972	947.09	577.44	190.60	270.12	18.24	452.18	0.47	268.38	21929.82	-18268.40	11450.55
Fixation L	1	2	6227002576	6227086599	84023	182.04	277.45	13	16	-1	13.52	13.52
Fixation R	1	2	6227002576	6227086599	84023	182.04	277.45	13	16	-1	13.03	13.03
Saccade L	1	2	6227086599	6227114576	27977	191.20	287.77	335.61	296.34	3.02	239.86	0.43	107.99	10624.63	-10665.94	7825.79
Saccade R	1	2	6227086599	6227114576	27977	191.20	287.77	335.61	296.34	3.02	239.86	0.43	107.99	10624.63	-10665.94	7825.79
Fixation L	1	3	6227114576	6227658623	544047	344.83	288.25	35	54	-1	13.09	13.09
Fixation R	1	3	6227114576	6227658623	544047	344.83	288.25	35	54	-1	12.89	12.89
Saccade L	1	3	6227658623	6227698601	39978	342.95	291.33	398.23	293.57	1.17	50.77	0.30	29.28	2140.49	-1478.63	1082.66
Saccade R	1	3	6227658623	6227698601	39978	342.95	291.33	398.23	293.57	1.17	50.77	0.30	29.28	2140.49	-1478.63	1082.66
Fixation L	1	4	6227698601	6228202466	503865	425.10	291.60	57	27	-1	13.89	13.89
Fixation R	1	4	6227698601	6228202466	503865	425.10	291.60	57	27	-1	13.75	13.75
UserEvent	1	2	6228117090	# Message: UE-mouseclick left x=515 y=300
Saccade L	1	4	6228202466	6228226653	24187	438.20	311.54	371.60	300.42	1.47	124.83	0.50	60.77	5070.50	-5166.67	3733.50
Saccade R	1	4	6228202466	6228226653	24187	438.20	311.54	371.60	300.42	1.47	124.83	0.50	60.77	5070.50	-5166.67	3733.50
Fixation L	1	5	6228226653	6228514521	287868	373.95	309.03	26	23	-1	14.19	14.19
Fixation R	1	5	6228226653	6228514521	287868	373.95	309.03	26	23	-1	14.26	14.26
Saccade L	1	5	6228514521	6228538484	23963	375.70	305.06	370.82	372.31	1.33	101.77	0.50	55.38	4622.42	-4404.39	3328.04
Saccade R	1	5	6228514521	6228538484	23963	375.70	305.06	370.82	372.31	1.33	101.77	0.50	55.38	4622.42	-4404.39	3328.04
Fixation L	1	6	6228538484	6228786495	248011	360.82	390.03	30	34	-1	14.24	14.24
Fixation R	1	6	6228538484	6228786495	248011	360.82	390.03	30	34	-1	14.22	14.22
Saccade L	1	6	6228786495	6228830490	43995	373.57	402.14	0.00	0.00	14.75	1050.05	0.73	335.23	52880.71	-11755.29	20231.44
Saccade R	1	6	6228786495	6228830490	43995	373.57	402.14	0.00	0.00	14.75	1050.05	0.73	335.23	52880.71	-11755.29	20231.44
Fixation L	1	7	6228894489	6228958499	64010	422.75	413.06	6	14	-1	14.19	14.19
Fixation R	1	7	6228894489	6229074494	180005	289.46	351.11	688	1121	-1	11.54	11.54
UserEvent	1	3	6228933106	# Message: UE-mouseclick left x=425 y=397
Saccade L	1	7	6228958499	6228990436	31937	423.15	420.54	0.00	0.00	14.73	1338.04	0.63	461.12	51795.81	-58166.26	34248.55
Fixation L	1	8	6228990436	6229074494	84058	195.97	315.12	688	1121	-1	13.01	13.01
