[BeGaze]
Converted from:	D:\Kirillov\Results\ermolova_temp\Vita-eye_data.idf
Date:	17.04.2019 03:54:18
Version:	BeGaze 3.0.181
Sample Rate:	250
Subject:	Vita
Description:	Run38

Table Header for Fixations:
Event Type	Trial	Number	Start	End	Duration	Location X	Location Y	Dispersion X	Dispersion Y	Plane	Avg. Pupil Size X	Avg. Pupil Size Y

Table Header for Saccades:
Event Type	Trial	Number	Start	End	Duration	Start Loc.X	Start Loc.Y	End Loc.X	End Loc.Y	Amplitude	Peak Speed	Peak Speed At	Average Speed	Peak Accel.	Peak Decel.	Average Accel.

Table Header for User Events:
Event Type	Trial	Number	Start	Description

UserEvent	1	1	6140467786	# Message: Questionnaire5.jpg
Fixation L	1	1	6140468224	6140592234	124010	748.89	595.02	34	42	-1	20.38	20.38
Fixation R	1	1	6140468224	6140592234	124010	748.89	595.02	34	42	-1	20.49	20.49
Saccade L	1	1	6140592234	6140628256	36022	752.13	581.13	971.58	605.49	4.52	271.36	0.33	125.44	12738.59	-12791.33	8835.67
Saccade R	1	1	6140592234	6140628256	36022	752.13	581.13	971.58	605.49	4.52	271.36	0.33	125.44	12738.59	-12791.33	8835.67
Fixation L	1	2	6140628256	6140752237	123981	989.47	602.66	38	17	-1	19.43	19.43
Fixation R	1	2	6140628256	6140752237	123981	989.47	602.66	38	17	-1	19.34	19.34
Saccade L	1	2	6140752237	6140808298	56061	992.36	597.96	384.96	299.29	15.04	524.91	0.29	268.21	25707.75	-16275.49	13924.44
Saccade R	1	2	6140752237	6140808298	56061	992.36	597.96	384.96	299.29	15.04	524.91	0.29	268.21	25707.75	-16275.49	13924.44
Fixation L	1	3	6140808298	6141148266	339968	386.84	316.38	30	36	-1	16.78	16.78
Fixation R	1	3	6140808298	6141148266	339968	386.84	316.38	30	36	-1	16.85	16.85
Saccade L	1	3	6141148266	6141168240	19974	390.58	329.96	349.51	321.26	0.84	70.04	0.60	42.28	2751.32	-3026.98	2044.00
Saccade R	1	3	6141148266	6141168240	19974	390.58	329.96	349.51	321.26	0.84	70.04	0.60	42.28	2751.32	-3026.98	2044.00
Fixation L	1	4	6141168240	6141616263	448023	359.79	328.25	41	40	-1	15.94	15.94
Fixation R	1	4	6141168240	6141616263	448023	359.79	328.25	41	40	-1	15.96	15.96
Fixation L	1	5	6141708260	6142615066	906806	0.15	0.00	10	0	-1	14.95	14.95
Fixation R	1	5	6141708260	6142615066	906806	0.15	0.00	10	0	-1	15.98	15.98
Fixation L	1	6	6142676170	6142784173	108003	452.28	439.27	21	49	-1	18.57	18.57
Fixation R	1	6	6142676170	6142784173	108003	452.28	439.27	21	49	-1	18.61	18.61
Saccade L	1	4	6142784173	6142820150	35977	456.11	423.19	491.48	302.02	3.57	288.86	0.33	99.31	12159.40	-10665.01	6668.22
Saccade R	1	4	6142784173	6142820150	35977	456.11	423.19	491.48	302.02	3.57	288.86	0.33	99.31	12159.40	-10665.01	6668.22
Fixation L	1	7	6142820150	6142956154	136004	510.18	293.35	26	24	-1	18.45	18.45
Fixation R	1	7	6142820150	6142956154	136004	510.18	293.35	26	24	-1	18.29	18.29
Saccade L	1	5	6142956154	6142984214	28060	511.14	282.98	479.77	312.73	0.96	60.64	0.57	34.17	2638.75	-2576.45	1944.13
Saccade R	1	5	6142956154	6142984214	28060	511.14	282.98	479.77	312.73	0.96	60.64	0.57	34.17	2638.75	-2576.45	1944.13
Fixation L	1	8	6142984214	6143580043	595829	478.03	330.21	86	69	-1	16.68	16.68
Fixation R	1	8	6142984214	6143580043	595829	478.03	330.21	86	69	-1	16.65	16.65
Saccade L	1	6	6143580043	6143612043	32000	519.69	369.21	565.48	382.48	0.94	61.33	0.25	29.38	2257.19	-1724.21	1146.81
Saccade R	1	6	6143580043	6143612043	32000	519.69	369.21	565.48	382.48	0.94	61.33	0.25	29.38	2257.19	-1724.21	1146.81
Saccade L	1	7	6143612043	6143644046	32003	565.48	382.48	508.96	371.62	1.21	76.42	0.37	37.90	2257.19	-2799.29	1724.75
Saccade R	1	7	6143612043	6143644046	32003	565.48	382.48	508.96	371.62	1.21	76.42	0.37	37.90	2257.19	-2799.29	1724.75
Fixation L	1	9	6143644046	6143820049	176003	503.60	362.35	36	17	-1	17.36	17.36
Fixation R	1	9	6143644046	6143820049	176003	503.60	362.35	36	17	-1	17.17	17.17
Saccade L	1	8	6143884048	6143912084	28036	504.59	344.59	368.67	322.87	2.93	214.05	0.57	104.48	9310.94	-9968.39	7139.51
Saccade R	1	8	6143884048	6143912084	28036	504.59	344.59	368.67	322.87	2.93	214.05	0.57	104.48	9310.94	-9968.39	7139.51
Fixation L	1	10	6143912084	6144607939	695855	383.11	358.73	26	53	-1	17.34	17.34
Fixation R	1	10	6143912084	6144607939	695855	383.11	358.73	26	53	-1	17.41	17.41
Saccade L	1	9	6144607939	6144632129	24190	385.93	372.31	383.65	408.96	0.82	63.03	0.50	33.89	2623.55	-2585.87	1919.36
Saccade R	1	9	6144607939	6144632129	24190	385.93	372.31	383.65	408.96	0.82	63.03	0.50	33.89	2623.55	-2585.87	1919.36
Fixation L	1	11	6144632129	6144959967	327838	381.47	417.35	12	23	-1	17.45	17.45
Fixation R	1	11	6144632129	6144959967	327838	381.47	417.35	12	23	-1	17.57	17.57
Saccade L	1	10	6144959967	6144999964	39997	382.63	414.43	464.86	574.37	4.10	255.78	0.30	102.50	10713.84	-8569.43	6242.71
Saccade R	1	10	6144959967	6144999964	39997	382.63	414.43	464.86	574.37	4.10	255.78	0.30	102.50	10713.84	-8569.43	6242.71
Saccade L	1	11	6145011946	6145115949	104003	480.45	570.45	480.66	748.02	4.34	71.18	0.69	41.75	1774.49	-2403.76	915.98
Saccade R	1	11	6145011946	6145115949	104003	480.45	570.45	480.66	748.02	4.34	71.18	0.69	41.75	1774.49	-2403.76	915.98
Saccade L	1	12	6145139977	6145187952	47975	489.33	751.01	436.41	777.91	10.34	649.36	0.25	215.46	26597.42	-13869.80	12042.73
Saccade R	1	12	6145139977	6145187952	47975	489.33	751.01	436.41	777.91	10.34	649.36	0.25	215.46	26597.42	-13869.80	12042.73
Saccade L	1	13	6145187952	6145224018	36066	436.41	777.91	429.45	302.81	8.22	714.93	0.22	227.85	25143.01	-28928.53	14573.19
Saccade R	1	13	6145187952	6145224018	36066	436.41	777.91	429.45	302.81	8.22	714.93	0.22	227.85	25143.01	-28928.53	14573.19
Fixation L	1	12	6145224018	6146067845	843827	413.29	339.50	48	85	-1	17.05	17.05
Fixation R	1	12	6145224018	6146067845	843827	413.29	339.50	48	85	-1	17.17	17.17
Saccade L	1	14	6146067845	6146095843	27998	434.87	401.50	365.61	393.89	1.32	85.05	0.43	47.17	3105.04	-3557.79	2232.13
Saccade R	1	14	6146067845	6146095843	27998	434.87	401.50	365.61	393.89	1.32	85.05	0.43	47.17	3105.04	-3557.79	2232.13
Fixation L	1	13	6146095843	6146383868	288025	358.03	391.16	19	17	-1	17.02	17.02
Fixation R	1	13	6146095843	6146383868	288025	358.03	391.16	19	17	-1	17.19	17.19
Saccade L	1	15	6146383868	6146423852	39984	346.59	394.20	405.96	396.56	2.20	120.71	0.30	55.10	5667.54	-3504.85	2837.27
Saccade R	1	15	6146383868	6146423852	39984	346.59	394.20	405.96	396.56	2.20	120.71	0.30	55.10	5667.54	-3504.85	2837.27
Saccade L	1	16	6146423852	6146463859	40007	405.96	396.56	424.48	355.81	1.21	61.40	0.60	30.34	1512.81	-2097.00	1068.67
Saccade R	1	16	6146423852	6146463859	40007	405.96	396.56	424.48	355.81	1.21	61.40	0.60	30.34	1512.81	-2097.00	1068.67
Fixation L	1	14	6146463859	6146519827	55968	433.89	378.53	16	46	-1	16.58	16.58
Fixation R	1	14	6146463859	6146519827	55968	433.89	378.53	16	46	-1	17.02	17.02
Saccade L	1	17	6146519827	6146543826	23999	441.38	403.53	432.74	364.05	0.78	59.06	0.50	32.33	1814.15	-2348.52	1549.80
Saccade R	1	17	6146519827	6146543826	23999	441.38	403.53	432.74	364.05	0.78	59.06	0.50	32.33	1814.15	-2348.52	1549.80
Fixation L	1	15	6146543826	6146623860	80034	433.96	370.52	8	26	-1	16.46	16.46
Fixation R	1	15	6146543826	6146623860	80034	433.96	370.52	8	26	-1	16.95	16.95
Saccade L	1	18	6146623860	6146643868	20008	434.69	382.24	391.89	376.59	1.24	140.31	0.60	61.73	6020.00	-4847.19	3643.44
Saccade R	1	18	6146623860	6146643868	20008	434.69	382.24	391.89	376.59	1.24	140.31	0.60	61.73	6020.00	-4847.19	3643.44
Fixation L	1	16	6146643868	6147595754	951886	365.70	358.06	46	54	-1	16.57	16.57
Fixation R	1	16	6146643868	6147595754	951886	365.70	358.06	46	54	-1	17.00	17.00
UserEvent	1	2	6147123332	# Message: UE-mouseclick left x=371 y=338
Saccade L	1	19	6147595754	6147627755	32001	393.25	352.81	395.49	433.35	1.88	121.78	0.38	58.81	5501.23	-4990.88	3724.73
Saccade R	1	19	6147595754	6147627755	32001	393.25	352.81	395.49	433.35	1.88	121.78	0.38	58.81	5501.23	-4990.88	3724.73
Fixation L	1	17	6147627755	6147691755	64000	411.09	435.02	23	18	-1	16.47	16.47
Fixation R	1	17	6147627755	6147691755	64000	411.09	435.02	23	18	-1	16.88	16.88
Fixation L	1	18	6147791753	6148099772	308019	366.97	372.65	85	67	-1	16.54	16.54
Fixation R	1	18	6147791753	6148099772	308019	366.97	372.65	85	67	-1	16.83	16.83
Saccade L	1	20	6148099772	6148135805	36033	401.61	403.57	401.40	339.36	2.24	150.56	0.44	62.23	7212.47	-5843.67	3895.01
Saccade R	1	20	6148099772	6148135805	36033	401.61	403.57	401.40	339.36	2.24	150.56	0.44	62.23	7212.47	-5843.67	3895.01
Fixation L	1	19	6148135805	6149295666	1159861	439.20	327.65	66	55	-1	15.71	15.71
Fixation R	1	19	6148135805	6149295666	1159861	439.20	327.65	66	55	-1	15.84	15.84
UserEvent	1	3	6149147422	# Message: UE-mouseclick left x=437 y=391
