[BeGaze]
Converted from:	D:\Kirillov\Results\ermolova_temp\sasha-eye_data.idf
Date:	17.04.2019 03:52:35
Version:	BeGaze 3.0.181
Sample Rate:	250
Subject:	sasha
Description:	Run9

Table Header for Fixations:
Event Type	Trial	Number	Start	End	Duration	Location X	Location Y	Dispersion X	Dispersion Y	Plane	Avg. Pupil Size X	Avg. Pupil Size Y

Table Header for Saccades:
Event Type	Trial	Number	Start	End	Duration	Start Loc.X	Start Loc.Y	End Loc.X	End Loc.Y	Amplitude	Peak Speed	Peak Speed At	Average Speed	Peak Accel.	Peak Decel.	Average Accel.

Table Header for User Events:
Event Type	Trial	Number	Start	Description

UserEvent	1	1	951022183	# Message: experiment-03.jpg
Fixation L	1	1	951023056	951083071	60015	454.72	408.21	23	15	-1	17.30	17.30
Fixation R	1	1	951023056	951083071	60015	454.72	408.21	23	15	-1	16.27	16.27
Saccade L	1	1	951083071	951115089	32018	441.05	399.01	596.04	312.10	3.75	266.96	0.50	117.20	11877.66	-11230.59	8296.73
Saccade R	1	1	951083071	951115089	32018	441.05	399.01	596.04	312.10	3.75	266.96	0.50	117.20	11877.66	-11230.59	8296.73
Fixation L	1	2	951115089	951271049	155960	605.60	295.51	30	24	-1	17.00	17.00
Fixation R	1	2	951115089	951271049	155960	605.60	295.51	30	24	-1	16.24	16.24
Saccade L	1	2	951271049	951362955	91906	601.37	291.45	1066.67	583.30	14.68	587.22	0.57	159.68	25412.53	-25073.56	9773.52
Saccade R	1	2	951271049	951362955	91906	601.37	291.45	1066.67	583.30	14.68	587.22	0.57	159.68	25412.53	-25073.56	9773.52
Saccade L	1	3	951362955	951383055	20100	1066.67	583.30	1007.14	579.97	1.02	102.53	0.40	50.55	2475.57	-2636.87	1744.36
Saccade R	1	3	951362955	951383055	20100	1066.67	583.30	1007.14	579.97	1.02	102.53	0.40	50.55	2475.57	-2636.87	1744.36
Fixation L	1	3	951383055	951543065	160010	974.79	539.37	74	69	-1	16.31	16.31
Fixation R	1	3	951383055	951543065	160010	974.79	539.37	74	69	-1	15.68	15.68
Saccade L	1	4	951543065	951563068	20003	947.57	508.70	948.49	559.44	0.79	69.04	0.60	39.55	2811.69	-2222.81	1742.30
Saccade R	1	4	951543065	951563068	20003	947.57	508.70	948.49	559.44	0.79	69.04	0.60	39.55	2811.69	-2222.81	1742.30
Saccade L	1	5	951575092	951623064	47972	955.19	563.03	504.80	521.47	9.87	387.17	0.33	205.82	17860.19	-14100.51	11104.61
Saccade R	1	5	951575092	951623064	47972	955.19	563.03	504.80	521.47	9.87	387.17	0.33	205.82	17860.19	-14100.51	11104.61
Saccade L	1	6	951634960	951663061	28101	483.63	515.89	427.79	501.25	1.69	143.13	0.43	60.11	5607.12	-5512.98	3416.56
Saccade R	1	6	951634960	951663061	28101	483.63	515.89	427.79	501.25	1.69	143.13	0.43	60.11	5607.12	-5512.98	3416.56
Saccade L	1	7	951698948	951735053	36105	449.56	489.75	423.97	449.35	1.25	60.66	0.23	34.76	2257.16	-1525.93	1184.25
Saccade R	1	7	951698948	951735053	36105	449.56	489.75	423.97	449.35	1.25	60.66	0.23	34.76	2257.16	-1525.93	1184.25
Fixation L	1	4	951735053	951790932	55879	413.71	447.60	20	16	-1	15.16	15.16
Fixation R	1	4	951735053	951790932	55879	413.71	447.60	20	16	-1	13.89	13.89
Saccade L	1	8	951790932	951811083	20151	409.44	432.09	505.10	504.54	2.16	234.44	0.60	107.23	9348.27	-5129.74	5219.27
Saccade R	1	8	951790932	951811083	20151	409.44	432.09	505.10	504.54	2.16	234.44	0.60	107.23	9348.27	-5129.74	5219.27
Saccade L	1	9	951811083	951834935	23852	505.10	504.54	502.10	524.91	1.52	92.75	0.66	63.84	165.10	-5129.74	3123.41
Saccade R	1	9	951811083	951834935	23852	505.10	504.54	502.10	524.91	1.52	92.75	0.66	63.84	165.10	-5129.74	3123.41
Saccade L	1	10	952042932	952090938	48006	455.36	494.34	409.62	535.70	3.16	144.73	0.25	65.90	1605.87	-4024.36	2105.94
Saccade R	1	10	952042932	952090938	48006	455.36	494.34	409.62	535.70	3.16	144.73	0.25	65.90	1605.87	-4024.36	2105.94
Fixation L	1	5	952090938	952254938	164000	417.24	542.23	15	22	-1	15.23	15.23
Fixation R	1	5	952090938	952254938	164000	417.24	542.23	15	22	-1	14.39	14.39
Saccade L	1	11	952254938	952274936	19998	412.34	544.54	473.21	530.59	1.08	103.00	0.60	54.15	4344.50	-1643.83	2220.48
Saccade R	1	11	952254938	952274936	19998	412.34	544.54	473.21	530.59	1.08	103.00	0.60	54.15	4344.50	-1643.83	2220.48
Saccade L	1	12	952274936	952322935	47999	473.21	530.59	400.45	463.99	2.18	102.87	0.33	45.50	3227.90	-3858.83	1930.17
Saccade R	1	12	952274936	952322935	47999	473.21	530.59	400.45	463.99	2.18	102.87	0.33	45.50	3227.90	-3858.83	1930.17
Saccade L	1	13	952334936	952363033	28097	403.16	466.10	328.11	414.33	1.88	156.47	0.43	66.78	6364.80	-5803.51	4434.79
Saccade R	1	13	952334936	952363033	28097	403.16	466.10	328.11	414.33	1.88	156.47	0.43	66.78	6364.80	-5803.51	4434.79
Fixation L	1	6	952626935	952694946	68011	0.70	0.00	2	0	-1	1.97	1.97
Fixation R	1	6	952626935	952694946	68011	0.70	0.00	2	0	-1	0.00	0.00
Saccade L	1	14	952694946	952794958	100012	0.00	0.00	696.79	411.70	45.31	1630.62	0.32	453.04	49563.14	-36953.52	17240.11
Saccade R	1	14	952694946	952794958	100012	0.00	0.00	696.79	411.70	45.31	1630.62	0.32	453.04	49563.14	-36953.52	17240.11
Saccade L	1	15	952834934	952875036	40102	688.94	416.62	1026.60	497.91	7.56	450.27	0.50	188.52	20608.72	-20503.08	14072.83
Saccade R	1	15	952834934	952875036	40102	688.94	416.62	1026.60	497.91	7.56	450.27	0.50	188.52	20608.72	-20503.08	14072.83
Fixation L	1	7	952875036	953130956	255920	1055.60	513.68	46	33	-1	17.32	17.32
Fixation R	1	7	952875036	953130956	255920	1055.60	513.68	46	33	-1	17.06	17.06
Saccade L	1	16	953130956	953178946	47990	1065.35	518.53	1058.16	612.67	3.60	223.64	0.58	75.11	9308.38	-8788.14	4511.27
Saccade R	1	16	953130956	953178946	47990	1065.35	518.53	1058.16	612.67	3.60	223.64	0.58	75.11	9308.38	-8788.14	4511.27
Fixation L	1	8	953178946	953386878	207932	1077.56	630.21	34	33	-1	17.26	17.26
Fixation R	1	8	953178946	953386878	207932	1077.56	630.21	34	33	-1	16.90	16.90
Saccade L	1	17	953386878	953410814	23936	1083.01	623.81	1071.85	704.79	1.69	150.58	0.50	70.43	7031.40	-5986.61	4763.48
Saccade R	1	17	953386878	953410814	23936	1083.01	623.81	1071.85	704.79	1.69	150.58	0.50	70.43	7031.40	-5986.61	4763.48
Fixation L	1	9	953410814	953574818	164004	1051.79	726.66	32	54	-1	17.05	17.05
Fixation R	1	9	953410814	953574818	164004	1051.79	726.66	32	54	-1	16.64	16.64
Saccade L	1	18	953574818	953598821	24003	1044.93	747.27	962.30	736.10	1.69	148.99	0.50	70.32	6085.93	-5838.03	4483.56
Saccade R	1	18	953574818	953598821	24003	1044.93	747.27	962.30	736.10	1.69	148.99	0.50	70.32	6085.93	-5838.03	4483.56
Saccade L	1	19	953622841	953650835	27994	961.96	725.16	1115.79	724.22	3.15	251.40	0.43	112.37	11336.02	-11283.05	8327.21
Saccade R	1	19	953622841	953650835	27994	961.96	725.16	1115.79	724.22	3.15	251.40	0.43	112.37	11336.02	-11283.05	8327.21
Fixation L	1	10	953650835	953834825	183990	1111.12	729.77	31	26	-1	16.97	16.97
Fixation R	1	10	953650835	953834825	183990	1111.12	729.77	31	26	-1	16.74	16.74
Saccade L	1	20	953834825	953890846	56021	1096.26	731.01	446.11	491.57	15.29	616.91	0.36	272.96	28513.48	-22177.33	15982.71
Saccade R	1	20	953834825	953890846	56021	1096.26	731.01	446.11	491.57	15.29	616.91	0.36	272.96	28513.48	-22177.33	15982.71
Saccade L	1	21	953890846	953926821	35975	446.11	491.57	394.81	475.41	3.49	169.16	0.44	97.05	4793.82	-6157.01	3875.95
Saccade R	1	21	953890846	953926821	35975	446.11	491.57	394.81	475.41	3.49	169.16	0.44	97.05	4793.82	-6157.01	3875.95
Saccade L	1	22	953938855	953962852	23997	391.97	473.37	369.27	556.08	1.79	152.02	0.50	74.49	5370.52	-5489.12	4122.25
Saccade R	1	22	953938855	953962852	23997	391.97	473.37	369.27	556.08	1.79	152.02	0.50	74.49	5370.52	-5489.12	4122.25
Fixation L	1	11	953962852	954034830	71978	357.06	553.91	33	16	-1	16.98	16.98
Fixation R	1	11	953962852	954333204	370352	122.24	194.66	379	559	-1	10.11	10.11
Saccade R	1	23	954333204	954414833	81629	0.00	0.00	474.40	402.35	24.81	763.88	0.31	303.90	31169.24	-24371.00	11123.44
Saccade L	1	23	954906717	954946697	39980	235.04	455.15	383.36	336.89	7.78	557.58	0.60	194.57	11794.49	-23876.37	8961.99
Saccade R	1	24	954906717	954946697	39980	235.04	455.15	383.36	336.89	7.78	557.58	0.60	194.57	11794.49	-23876.37	8961.99
Saccade L	1	24	954974717	955002708	27991	387.78	332.06	425.93	346.33	1.99	110.14	0.72	71.07	4514.21	-3512.56	2990.16
Saccade R	1	25	954974717	955002708	27991	387.78	332.06	425.93	346.33	1.99	110.14	0.72	71.07	4514.21	-3512.56	2990.16
Saccade L	1	25	955002708	955026725	24017	425.93	346.33	374.98	362.80	0.72	69.24	0.50	29.99	127.98	-2339.86	1431.41
Saccade R	1	26	955002708	955026725	24017	425.93	346.33	374.98	362.80	0.72	69.24	0.50	29.99	127.98	-2339.86	1431.41
Fixation L	1	12	955026725	955158722	131997	369.63	376.54	28	24	-1	18.60	18.60
Fixation R	1	12	955026725	955158722	131997	369.63	376.54	28	24	-1	16.74	16.74
Saccade L	1	26	955158722	955218711	59989	364.78	387.98	711.18	585.36	8.97	393.41	0.33	149.57	18946.18	-14555.63	9475.86
Saccade R	1	27	955158722	955218711	59989	364.78	387.98	711.18	585.36	8.97	393.41	0.33	149.57	18946.18	-14555.63	9475.86
Fixation L	1	13	955218711	955322735	104024	701.85	585.39	29	13	-1	18.51	18.51
Fixation R	1	13	955218711	955322735	104024	701.85	585.39	29	13	-1	17.36	17.36
Saccade L	1	27	955322735	955366725	43990	686.74	588.38	370.60	539.42	6.91	396.09	0.36	157.08	18720.42	-16703.60	11268.46
Saccade R	1	28	955322735	955366725	43990	686.74	588.38	370.60	539.42	6.91	396.09	0.36	157.08	18720.42	-16703.60	11268.46
Fixation L	1	14	955366725	955514711	147986	362.76	528.95	24	17	-1	18.43	18.43
Fixation R	1	14	955366725	955514711	147986	362.76	528.95	24	17	-1	16.88	16.88
Saccade L	1	28	955514711	955562710	47999	348.84	525.60	922.52	663.86	12.87	525.95	0.33	268.10	25027.66	-20328.49	15670.44
Saccade R	1	29	955514711	955562710	47999	348.84	525.60	922.52	663.86	12.87	525.95	0.33	268.10	25027.66	-20328.49	15670.44
Saccade L	1	29	955562710	955586717	24007	922.52	663.86	938.92	680.15	0.66	48.32	0.50	27.41	572.90	-7284.38	2024.44
Saccade R	1	30	955562710	955586717	24007	922.52	663.86	938.92	680.15	0.66	48.32	0.50	27.41	572.90	-7284.38	2024.44
Fixation L	1	15	955586717	955770715	183998	947.88	676.46	22	26	-1	17.68	17.68
Fixation R	1	15	955586717	955770715	183998	947.88	676.46	22	26	-1	16.40	16.40
Saccade L	1	30	955770715	955806726	36011	949.33	677.77	1000.20	612.78	1.89	116.26	0.44	52.56	5100.75	-4468.63	3224.84
Saccade R	1	31	955770715	955806726	36011	949.33	677.77	1000.20	612.78	1.89	116.26	0.44	52.56	5100.75	-4468.63	3224.84
Fixation L	1	16	955806726	955878728	72002	1001.02	601.08	9	17	-1	17.52	17.52
Fixation R	1	16	955806726	955878728	72002	1001.02	601.08	9	17	-1	15.94	15.94
Saccade L	1	31	955878728	955922716	43988	1009.87	604.62	0.00	0.00	32.93	2416.28	0.73	748.61	79986.96	-102618.96	51106.01
Saccade R	1	32	955878728	955922716	43988	1009.87	604.62	0.00	0.00	32.93	2416.28	0.73	748.61	79986.96	-102618.96	51106.01
Fixation L	1	17	955922716	956576304	653588	0.00	0.00	0	0	-1	9.77	9.77
Fixation R	1	17	955922716	956576304	653588	0.00	0.00	0	0	-1	11.60	11.60
