[BeGaze]
Converted from:	D:\Kirillov\Results\ermolova_temp\Nastya 07-1-eye_data.idf
Date:	17.04.2019 03:53:33
Version:	BeGaze 3.0.181
Sample Rate:	250
Subject:	Nastya 07
Description:	Run27

Table Header for Fixations:
Event Type	Trial	Number	Start	End	Duration	Location X	Location Y	Dispersion X	Dispersion Y	Plane	Avg. Pupil Size X	Avg. Pupil Size Y

Table Header for Saccades:
Event Type	Trial	Number	Start	End	Duration	Start Loc.X	Start Loc.Y	End Loc.X	End Loc.Y	Amplitude	Peak Speed	Peak Speed At	Average Speed	Peak Accel.	Peak Decel.	Average Accel.

Table Header for User Events:
Event Type	Trial	Number	Start	Description

UserEvent	1	1	12188702669	# Message: Questionnaire4.jpg
Fixation L	1	1	12188705353	12188981352	275999	545.75	461.70	33	28	-1	14.35	14.35
Fixation R	1	1	12188705353	12188981352	275999	545.75	461.70	33	28	-1	15.00	15.00
Saccade L	1	1	12188981352	12189033451	52099	564.77	475.69	464.91	172.28	7.00	355.44	0.38	134.43	17004.70	-15434.42	9246.69
Saccade R	1	1	12188981352	12189033451	52099	564.77	475.69	464.91	172.28	7.00	355.44	0.38	134.43	17004.70	-15434.42	9246.69
Saccade L	1	2	12189053405	12189077353	23948	465.84	170.18	455.56	125.63	0.74	43.29	0.67	31.03	1551.38	-1677.70	1191.93
Saccade R	1	2	12189053405	12189077353	23948	465.84	170.18	455.56	125.63	0.74	43.29	0.67	31.03	1551.38	-1677.70	1191.93
Saccade L	1	3	12189089267	12189125362	36095	453.32	135.51	462.65	116.59	3.88	307.02	0.56	107.47	11723.50	-6437.40	5468.72
Saccade R	1	3	12189089267	12189125362	36095	453.32	135.51	462.65	116.59	3.88	307.02	0.56	107.47	11723.50	-6437.40	5468.72
Saccade L	1	4	12189181365	12189217282	35917	465.86	126.19	412.49	237.37	1.99	149.03	0.33	55.33	3324.83	-5107.08	2584.60
Saccade R	1	4	12189181365	12189217282	35917	465.86	126.19	412.49	237.37	1.99	149.03	0.33	55.33	3324.83	-5107.08	2584.60
Saccade L	1	5	12189265313	12189305246	39933	431.41	247.88	432.75	284.76	4.55	280.98	0.70	113.82	8684.00	-10657.94	5733.43
Saccade R	1	5	12189265313	12189305246	39933	431.41	247.88	432.75	284.76	4.55	280.98	0.70	113.82	8684.00	-10657.94	5733.43
Saccade L	1	6	12189317253	12189373258	56005	427.20	294.15	422.55	224.72	6.60	263.91	0.22	117.84	11674.63	-5843.05	4043.89
Saccade R	1	6	12189317253	12189373258	56005	427.20	294.15	422.55	224.72	6.60	263.91	0.22	117.84	11674.63	-5843.05	4043.89
Saccade L	1	7	12189373258	12189401258	28000	422.55	224.72	400.38	123.31	2.78	258.22	0.43	99.20	7027.41	-7170.80	4780.87
Saccade R	1	7	12189373258	12189401258	28000	422.55	224.72	400.38	123.31	2.78	258.22	0.43	99.20	7027.41	-7170.80	4780.87
Saccade L	1	8	12189401258	12189453230	51972	400.38	123.31	426.72	89.98	6.05	296.27	0.23	116.44	10383.27	-6757.70	4040.12
Saccade R	1	8	12189401258	12189453230	51972	400.38	123.31	426.72	89.98	6.05	296.27	0.23	116.44	10383.27	-6757.70	4040.12
Saccade L	1	9	12189453230	12189481273	28043	426.72	89.98	433.76	89.68	3.95	328.84	0.57	140.91	7358.26	-6932.86	5417.11
Saccade R	1	9	12189453230	12189481273	28043	426.72	89.98	433.76	89.68	3.95	328.84	0.57	140.91	7358.26	-6932.86	5417.11
Saccade L	1	10	12189481273	12189501244	19971	433.76	89.68	427.96	261.81	1.97	208.85	0.60	98.52	5093.42	-5737.22	3437.10
Saccade R	1	10	12189481273	12189501244	19971	433.76	89.68	427.96	261.81	1.97	208.85	0.60	98.52	5093.42	-5737.22	3437.10
Saccade L	1	11	12189501244	12189533240	31996	427.96	261.81	401.97	131.83	2.21	190.78	0.25	68.96	-334.45	-7755.99	3575.17
Saccade R	1	11	12189501244	12189533240	31996	427.96	261.81	401.97	131.83	2.21	190.78	0.25	68.96	-334.45	-7755.99	3575.17
Saccade L	1	12	12189585278	12189605248	19970	389.13	109.40	390.43	257.87	2.09	201.06	0.60	104.49	5958.99	-9110.07	5135.59
Saccade R	1	12	12189585278	12189605248	19970	389.13	109.40	390.43	257.87	2.09	201.06	0.60	104.49	5958.99	-9110.07	5135.59
Saccade L	1	13	12189629253	12189717244	87991	408.44	269.89	366.17	180.60	7.59	316.48	0.41	86.20	7548.16	-10591.10	3450.10
Saccade R	1	13	12189629253	12189717244	87991	408.44	269.89	366.17	180.60	7.59	316.48	0.41	86.20	7548.16	-10591.10	3450.10
Fixation L	1	2	12189717244	12189953259	236015	363.43	173.09	16	42	-1	15.29	15.29
Fixation R	1	2	12189717244	12189953259	236015	363.43	173.09	16	42	-1	15.93	15.93
Saccade L	1	14	12189981242	12190017286	36044	373.63	194.77	368.52	121.57	1.70	91.88	0.44	47.23	4110.02	-3282.16	2590.01
Saccade R	1	14	12189981242	12190017286	36044	373.63	194.77	368.52	121.57	1.70	91.88	0.44	47.23	4110.02	-3282.16	2590.01
Saccade L	1	15	12190109255	12190153267	44012	374.64	172.15	378.74	300.21	2.80	131.64	0.36	63.64	5805.54	-3465.20	3075.85
Saccade R	1	15	12190109255	12190153267	44012	374.64	172.15	378.74	300.21	2.80	131.64	0.36	63.64	5805.54	-3465.20	3075.85
Fixation L	1	3	12190153267	12190469276	316009	384.82	323.03	29	61	-1	15.24	15.24
Fixation R	1	3	12190153267	12190469276	316009	384.82	323.03	29	61	-1	16.20	16.20
Saccade L	1	16	12190469276	12190493263	23987	385.76	348.38	416.56	354.10	0.68	41.59	0.50	28.14	1874.34	-1333.14	1149.97
Saccade R	1	16	12190469276	12190493263	23987	385.76	348.38	416.56	354.10	0.68	41.59	0.50	28.14	1874.34	-1333.14	1149.97
Fixation L	1	4	12190493263	12190609199	115936	429.11	388.23	21	57	-1	15.54	15.54
Fixation R	1	4	12190493263	12190609199	115936	429.11	388.23	21	57	-1	16.42	16.42
Saccade L	1	17	12190609199	12190645285	36086	439.42	403.25	424.83	246.20	3.39	169.68	0.56	94.03	7831.60	-7252.31	5625.97
Saccade R	1	17	12190609199	12190645285	36086	439.42	403.25	424.83	246.20	3.39	169.68	0.56	94.03	7831.60	-7252.31	5625.97
Fixation L	1	5	12190645285	12190845168	199883	414.54	219.40	28	42	-1	15.46	15.46
Fixation R	1	5	12190645285	12190845168	199883	414.54	219.40	28	42	-1	16.25	16.25
Saccade L	1	18	12190845168	12190889145	43977	397.04	204.13	411.94	382.28	3.85	191.74	0.36	87.64	8713.74	-7417.03	5359.47
Saccade R	1	18	12190845168	12190889145	43977	397.04	204.13	411.94	382.28	3.85	191.74	0.36	87.64	8713.74	-7417.03	5359.47
Fixation L	1	6	12190889145	12191105162	216017	395.70	387.05	34	24	-1	15.34	15.34
Fixation R	1	6	12190889145	12191105162	216017	395.70	387.05	34	24	-1	16.55	16.55
Saccade L	1	19	12191105162	12191141139	35977	388.13	384.05	382.37	114.08	5.66	412.97	0.44	157.44	19917.13	-18899.59	13011.52
Saccade R	1	19	12191105162	12191141139	35977	388.13	384.05	382.37	114.08	5.66	412.97	0.44	157.44	19917.13	-18899.59	13011.52
Fixation L	1	7	12191141139	12191205144	64005	386.56	126.68	10	33	-1	15.39	15.39
Fixation R	1	7	12191141139	12191205144	64005	386.56	126.68	10	33	-1	16.39	16.39
Saccade L	1	20	12191205144	12191225152	20008	391.27	114.15	388.94	158.65	0.62	69.84	0.60	31.10	2562.68	-1556.59	1514.98
Saccade R	1	20	12191205144	12191225152	20008	391.27	114.15	388.94	158.65	0.62	69.84	0.60	31.10	2562.68	-1556.59	1514.98
Saccade L	1	21	12191233155	12191253152	19997	392.34	143.71	393.78	171.38	0.49	48.32	0.40	24.44	581.83	-1596.48	840.49
Saccade R	1	21	12191233155	12191253152	19997	392.34	143.71	393.78	171.38	0.49	48.32	0.40	24.44	581.83	-1596.48	840.49
Fixation L	1	8	12191253152	12191309153	56001	390.50	163.21	7	24	-1	15.39	15.39
Fixation R	1	8	12191253152	12191309153	56001	390.50	163.21	7	24	-1	16.40	16.40
Saccade L	1	22	12191309153	12191329167	20014	386.18	142.25	390.42	201.00	1.04	84.91	0.40	51.88	2663.15	-3296.90	2205.24
Saccade R	1	22	12191309153	12191329167	20014	386.18	142.25	390.42	201.00	1.04	84.91	0.40	51.88	2663.15	-3296.90	2205.24
Fixation L	1	9	12191329167	12191461148	131981	376.93	210.97	34	16	-1	15.43	15.43
Fixation R	1	9	12191329167	12191461148	131981	376.93	210.97	34	16	-1	16.39	16.39
Saccade L	1	23	12191461148	12191505078	43930	376.29	213.88	399.33	364.34	3.36	190.56	0.55	76.38	8181.15	-7519.78	5083.88
Saccade R	1	23	12191461148	12191505078	43930	376.29	213.88	399.33	364.34	3.36	190.56	0.55	76.38	8181.15	-7519.78	5083.88
Fixation L	1	10	12191505078	12191661159	156081	403.11	366.60	19	27	-1	15.47	15.47
Fixation R	1	10	12191505078	12191661159	156081	403.11	366.60	19	27	-1	16.48	16.48
Saccade L	1	24	12191661159	12191709164	48005	394.35	375.72	395.46	113.69	6.04	314.06	0.33	125.79	15090.88	-12423.20	7522.20
Saccade R	1	24	12191661159	12191709164	48005	394.35	375.72	395.46	113.69	6.04	314.06	0.33	125.79	15090.88	-12423.20	7522.20
Saccade L	1	25	12191721158	12191749169	28011	400.65	120.01	399.99	122.09	1.98	98.19	0.43	70.53	4041.61	-4713.88	3615.57
Saccade R	1	25	12191721158	12191749169	28011	400.65	120.01	399.99	122.09	1.98	98.19	0.43	70.53	4041.61	-4713.88	3615.57
Fixation L	1	11	12191749169	12191837183	88014	391.05	120.29	25	22	-1	15.67	15.67
Fixation R	1	11	12191749169	12191837183	88014	391.05	120.29	25	22	-1	15.96	15.96
Saccade L	1	26	12191837183	12191881166	43983	375.83	104.88	455.99	376.04	6.09	376.04	0.36	138.41	16325.01	-13922.80	9384.12
Saccade R	1	26	12191837183	12191881166	43983	375.83	104.88	455.99	376.04	6.09	376.04	0.36	138.41	16325.01	-13922.80	9384.12
Fixation L	1	12	12191881166	12192053172	172006	453.35	381.76	28	43	-1	15.34	15.34
Fixation R	1	12	12191881166	12192053172	172006	453.35	381.76	28	43	-1	16.03	16.03
Saccade L	1	27	12192053172	12192081080	27908	448.89	369.51	397.47	358.33	1.25	81.74	0.57	44.66	3637.25	-3891.07	2735.97
Saccade R	1	27	12192053172	12192081080	27908	448.89	369.51	397.47	358.33	1.25	81.74	0.57	44.66	3637.25	-3891.07	2735.97
Fixation L	1	13	12192081080	12192249038	167958	392.99	348.86	15	19	-1	15.39	15.39
Fixation R	1	13	12192081080	12192249038	167958	392.99	348.86	15	19	-1	16.01	16.01
Saccade L	1	28	12192249038	12192273059	24021	401.57	354.36	321.14	98.92	3.11	287.64	0.67	129.67	13628.74	-6233.64	6437.14
Saccade R	1	28	12192249038	12192273059	24021	401.57	354.36	321.14	98.92	3.11	287.64	0.67	129.67	13628.74	-6233.64	6437.14
Saccade L	1	29	12192273059	12192325058	51999	321.14	98.92	388.15	275.60	8.39	338.21	0.77	161.38	8027.09	-13597.06	5327.22
Saccade R	1	29	12192273059	12192325058	51999	321.14	98.92	388.15	275.60	8.39	338.21	0.77	161.38	8027.09	-13597.06	5327.22
Saccade L	1	30	12192349042	12192401049	52007	398.42	267.85	361.49	123.99	4.16	208.95	0.23	79.94	8047.63	-6744.13	3974.68
Saccade R	1	30	12192349042	12192401049	52007	398.42	267.85	361.49	123.99	4.16	208.95	0.23	79.94	8047.63	-6744.13	3974.68
Saccade L	1	31	12192437074	12192485080	48006	366.27	127.68	373.45	274.30	5.73	309.97	0.75	119.44	7275.74	-12612.14	5647.65
Saccade R	1	31	12192437074	12192485080	48006	366.27	127.68	373.45	274.30	5.73	309.97	0.75	119.44	7275.74	-12612.14	5647.65
Fixation L	1	14	12192485080	12192657058	171978	386.72	280.71	21	37	-1	15.05	15.05
Fixation R	1	14	12192485080	12192657058	171978	386.72	280.71	21	37	-1	15.55	15.55
Saccade L	1	32	12192657058	12192689067	32009	387.91	289.17	370.25	160.84	2.81	217.81	0.37	87.89	8487.59	-5647.40	4159.68
Saccade R	1	32	12192657058	12192689067	32009	387.91	289.17	370.25	160.84	2.81	217.81	0.37	87.89	8487.59	-5647.40	4159.68
Fixation L	1	15	12192741052	12192809059	68007	345.00	143.22	9	44	-1	14.88	14.88
Fixation R	1	15	12192741052	12192809059	68007	345.00	143.22	9	44	-1	15.44	15.44
Saccade L	1	33	12192809059	12192837059	28000	340.08	159.85	340.03	136.35	3.09	243.41	0.72	110.25	8246.76	-4618.00	4575.22
Saccade R	1	33	12192809059	12192837059	28000	340.08	159.85	340.03	136.35	3.09	243.41	0.72	110.25	8246.76	-4618.00	4575.22
Saccade L	1	34	12192837059	12192857069	20010	340.03	136.35	355.14	141.81	1.32	107.54	0.40	66.12	-1095.53	-4074.13	2743.16
Saccade R	1	34	12192837059	12192857069	20010	340.03	136.35	355.14	141.81	1.32	107.54	0.40	66.12	-1095.53	-4074.13	2743.16
Saccade L	1	35	12192880980	12192933053	52073	353.74	150.85	555.89	86.00	8.55	374.01	0.23	164.14	17225.90	-10675.30	6780.37
Saccade R	1	35	12192880980	12192933053	52073	353.74	150.85	555.89	86.00	8.55	374.01	0.23	164.14	17225.90	-10675.30	6780.37
Saccade L	1	36	12192933053	12192953062	20009	555.89	86.00	572.85	94.08	1.52	110.87	0.60	75.79	617.41	-2681.04	1037.82
Saccade R	1	36	12192933053	12192953062	20009	555.89	86.00	572.85	94.08	1.52	110.87	0.60	75.79	617.41	-2681.04	1037.82
Saccade L	1	37	12192953062	12192985069	32007	572.85	94.08	601.91	244.38	2.69	199.69	0.25	84.03	3869.70	-7215.20	4099.99
Saccade R	1	37	12192953062	12192985069	32007	572.85	94.08	601.91	244.38	2.69	199.69	0.25	84.03	3869.70	-7215.20	4099.99
Saccade L	1	38	12192997071	12193017075	20004	607.78	245.30	593.31	81.50	2.51	316.31	0.60	125.48	12418.88	-7246.07	6185.23
Saccade R	1	38	12192997071	12193017075	20004	607.78	245.30	593.31	81.50	2.51	316.31	0.60	125.48	12418.88	-7246.07	6185.23
Saccade L	1	39	12193017075	12193065069	47994	593.31	81.50	580.97	131.79	2.84	80.45	0.50	59.15	498.65	-7246.07	2151.96
Saccade R	1	39	12193017075	12193065069	47994	593.31	81.50	580.97	131.79	2.84	80.45	0.50	59.15	498.65	-7246.07	2151.96
Saccade L	1	40	12193149086	12193173058	23972	432.98	245.15	430.65	215.01	0.58	41.03	0.67	24.25	383.03	-1960.38	788.38
Saccade R	1	40	12193149086	12193173058	23972	432.98	245.15	430.65	215.01	0.58	41.03	0.67	24.25	383.03	-1960.38	788.38
Fixation L	1	16	12193173058	12193413081	240023	422.95	200.87	29	45	-1	14.76	14.76
Fixation R	1	16	12193173058	12193413081	240023	422.95	200.87	29	45	-1	15.20	15.20
Saccade L	1	41	12193413081	12193457000	43919	424.16	196.13	423.20	245.95	1.36	62.19	0.73	30.96	1894.95	-2334.16	1285.24
Saccade R	1	41	12193413081	12193457000	43919	424.16	196.13	423.20	245.95	1.36	62.19	0.73	30.96	1894.95	-2334.16	1285.24
Fixation L	1	17	12193457000	12193724970	267970	420.44	224.21	19	68	-1	15.11	15.11
Fixation R	1	17	12193457000	12193724970	267970	420.44	224.21	19	68	-1	15.76	15.76
Saccade L	1	42	12193724970	12193752973	28003	411.02	206.22	419.46	265.51	1.12	74.95	0.43	39.85	3321.08	-2841.81	1984.76
Saccade R	1	42	12193724970	12193752973	28003	411.02	206.22	419.46	265.51	1.12	74.95	0.43	39.85	3321.08	-2841.81	1984.76
Saccade L	1	43	12193752973	12193784960	31987	419.46	265.51	424.12	165.06	2.05	126.10	0.50	64.20	5263.40	-5398.31	3766.84
Saccade R	1	43	12193752973	12193784960	31987	419.46	265.51	424.12	165.06	2.05	126.10	0.50	64.20	5263.40	-5398.31	3766.84
Fixation L	1	18	12193784960	12193896982	112022	420.41	155.70	8	38	-1	15.15	15.15
Fixation R	1	18	12193784960	12193896982	112022	420.41	155.70	8	38	-1	15.90	15.90
Saccade L	1	44	12193896982	12193936977	39995	420.44	146.72	420.39	123.77	5.50	294.64	0.30	137.47	12055.20	-5120.04	5294.51
Saccade R	1	44	12193896982	12193936977	39995	420.44	146.72	420.39	123.77	5.50	294.64	0.30	137.47	12055.20	-5120.04	5294.51
Saccade L	1	45	12193936977	12193956979	20002	420.39	123.77	426.03	122.90	1.75	255.30	0.40	87.72	2053.41	-9633.39	3290.21
Saccade R	1	45	12193936977	12193956979	20002	420.39	123.77	426.03	122.90	1.75	255.30	0.40	87.72	2053.41	-9633.39	3290.21
Saccade L	1	46	12193984966	12194004966	20000	420.62	129.54	428.80	116.21	1.62	225.46	0.40	80.86	-428.83	-8093.57	2772.98
Saccade R	1	46	12193984966	12194004966	20000	420.62	129.54	428.80	116.21	1.62	225.46	0.40	80.86	-428.83	-8093.57	2772.98
Fixation L	1	19	12194004966	12194088994	84028	419.27	144.66	16	51	-1	15.37	15.37
Fixation R	1	19	12194004966	12194088994	84028	419.27	144.66	16	51	-1	16.22	16.22
Saccade L	1	47	12194088994	12194120966	31972	417.31	171.93	411.82	130.48	2.21	123.88	0.62	69.07	5039.47	-5658.24	3807.05
Saccade R	1	47	12194088994	12194120966	31972	417.31	171.93	411.82	130.48	2.21	123.88	0.62	69.07	5039.47	-5658.24	3807.05
Fixation L	1	20	12194120966	12194180967	60001	404.31	129.71	17	38	-1	15.59	15.59
Fixation R	1	20	12194120966	12194180967	60001	404.31	129.71	17	38	-1	16.42	16.42
Fixation L	1	21	12194196956	12194444991	248035	383.81	170.44	35	155	-1	15.69	15.69
Fixation R	1	21	12194196956	12194444991	248035	383.81	170.44	35	155	-1	16.50	16.50
Saccade L	1	48	12194444991	12194488961	43970	363.57	185.60	345.99	112.37	2.21	130.68	0.73	50.23	4269.50	-3833.94	2048.31
Saccade R	1	48	12194444991	12194488961	43970	363.57	185.60	345.99	112.37	2.21	130.68	0.73	50.23	4269.50	-3833.94	2048.31
Saccade L	1	49	12194488961	12194556991	68030	345.99	112.37	367.03	119.23	8.02	327.71	0.65	117.84	8488.90	-10680.24	4564.63
Saccade R	1	49	12194488961	12194556991	68030	345.99	112.37	367.03	119.23	8.02	327.71	0.65	117.84	8488.90	-10680.24	4564.63
Saccade L	1	50	12194556991	12194576890	19899	367.03	119.23	368.77	144.43	0.57	45.55	0.40	28.72	-171.43	-10680.24	3273.33
Saccade R	1	50	12194556991	12194576890	19899	367.03	119.23	368.77	144.43	0.57	45.55	0.40	28.72	-171.43	-10680.24	3273.33
Saccade L	1	51	12194592901	12194644976	52075	366.28	135.98	334.72	107.39	3.15	128.67	0.69	60.54	4670.87	-3971.06	2416.55
Saccade R	1	51	12194592901	12194644976	52075	366.28	135.98	334.72	107.39	3.15	128.67	0.69	60.54	4670.87	-3971.06	2416.55
Saccade L	1	52	12194644976	12194668977	24001	334.72	107.39	327.92	155.23	0.83	62.59	0.50	34.69	-500.83	-2687.10	1952.14
Saccade R	1	52	12194644976	12194668977	24001	334.72	107.39	327.92	155.23	0.83	62.59	0.50	34.69	-500.83	-2687.10	1952.14
Fixation L	1	22	12194668977	12194732970	63993	326.14	169.61	10	49	-1	15.48	15.48
Fixation R	1	22	12194668977	12194732970	63993	326.14	169.61	10	49	-1	16.19	16.19
Saccade L	1	53	12194732970	12194788970	56000	333.37	196.31	339.44	126.87	3.66	114.99	0.71	65.40	4214.00	-5457.17	2509.54
Saccade R	1	53	12194732970	12194788970	56000	333.37	196.31	339.44	126.87	3.66	114.99	0.71	65.40	4214.00	-5457.17	2509.54
Fixation L	1	23	12194788970	12194884973	96003	351.21	135.79	27	29	-1	15.27	15.27
Fixation R	1	23	12194788970	12194884973	96003	351.21	135.79	27	29	-1	16.10	16.10
Saccade L	1	54	12194884973	12194944914	59941	359.76	146.09	345.34	111.42	6.84	276.53	0.33	114.04	11116.40	-7430.21	4780.26
Saccade R	1	54	12194884973	12194944914	59941	359.76	146.09	345.34	111.42	6.84	276.53	0.33	114.04	11116.40	-7430.21	4780.26
Fixation L	1	24	12194944914	12195116889	171975	354.46	126.85	22	70	-1	15.21	15.21
Fixation R	1	24	12194944914	12195116889	171975	354.46	126.85	22	70	-1	16.00	16.00
Saccade L	1	55	12195116889	12195144881	27992	357.48	150.38	361.26	130.13	1.73	93.84	0.71	61.65	3949.83	-2927.30	2657.49
Saccade R	1	55	12195116889	12195144881	27992	357.48	150.38	361.26	130.13	1.73	93.84	0.71	61.65	3949.83	-2927.30	2657.49
Saccade L	1	56	12195144881	12195176864	31983	361.26	130.13	362.98	117.66	2.03	115.55	0.62	63.59	4385.50	-2511.97	2131.47
Saccade R	1	56	12195144881	12195176864	31983	361.26	130.13	362.98	117.66	2.03	115.55	0.62	63.59	4385.50	-2511.97	2131.47
Saccade L	1	57	12195196853	12195232913	36060	355.92	101.87	351.85	102.77	4.09	223.14	0.22	113.31	4811.94	-2393.15	2333.87
Saccade R	1	57	12195196853	12195232913	36060	355.92	101.87	351.85	102.77	4.09	223.14	0.22	113.31	4811.94	-2393.15	2333.87
Saccade L	1	58	12195280925	12195312880	31955	369.09	312.96	350.12	297.55	2.26	146.39	0.50	70.77	6442.48	-2784.65	3083.20
Saccade R	1	58	12195280925	12195312880	31955	369.09	312.96	350.12	297.55	2.26	146.39	0.50	70.77	6442.48	-2784.65	3083.20
UserEvent	1	2	12195287857	# Message: UE-mouseclick left x=359 y=271
Saccade L	1	59	12195312880	12195340876	27996	350.12	297.55	335.99	99.42	3.26	262.07	0.29	116.61	5619.19	-10040.02	5703.28
Saccade R	1	59	12195312880	12195340876	27996	350.12	297.55	335.99	99.42	3.26	262.07	0.29	116.61	5619.19	-10040.02	5703.28
Saccade L	1	60	12195424926	12195452879	27953	335.65	95.73	341.76	272.11	3.82	351.68	0.57	136.58	13004.07	-14245.49	9613.90
Saccade R	1	60	12195424926	12195452879	27953	335.65	95.73	341.76	272.11	3.82	351.68	0.57	136.58	13004.07	-14245.49	9613.90
Fixation L	1	25	12195552872	12195720890	168018	389.97	320.77	19	37	-1	15.04	15.04
Fixation R	1	25	12195552872	12195720890	168018	389.97	320.77	19	37	-1	15.94	15.94
Saccade L	1	61	12195720890	12195776787	55897	386.16	303.16	429.83	388.37	2.12	76.66	0.21	38.01	3593.82	-2091.53	1411.21
Saccade R	1	61	12195720890	12195776787	55897	386.16	303.16	429.83	388.37	2.12	76.66	0.21	38.01	3593.82	-2091.53	1411.21
Fixation L	1	26	12195776787	12195984792	208005	427.71	388.79	38	24	-1	15.34	15.34
Fixation R	1	26	12195776787	12195984792	208005	427.71	388.79	38	24	-1	16.43	16.43
Saccade L	1	62	12195984792	12196004882	20090	453.42	395.59	462.75	374.60	0.52	49.68	0.40	25.99	891.06	-1410.87	916.56
Saccade R	1	62	12195984792	12196004882	20090	453.42	395.59	462.75	374.60	0.52	49.68	0.40	25.99	891.06	-1410.87	916.56
Fixation L	1	27	12196004882	12196388770	383888	432.45	364.83	58	63	-1	15.37	15.37
Fixation R	1	27	12196004882	12196388770	383888	432.45	364.83	58	63	-1	16.29	16.29
Saccade L	1	63	12196548764	12196568761	19997	457.06	453.62	491.93	455.11	0.52	40.24	0.40	26.16	-388.09	-21477.07	6706.64
Saccade R	1	63	12196548764	12196568761	19997	457.06	453.62	491.93	455.11	0.52	40.24	0.40	26.16	-388.09	-21477.07	6706.64
Fixation L	1	28	12196568761	12196688777	120016	489.41	431.93	19	37	-1	15.12	15.12
Fixation R	1	28	12196568761	12196688777	120016	489.41	431.93	19	37	-1	15.84	15.84
UserEvent	1	3	12196631891	# Message: UE-mouseclick left x=434 y=400
Saccade L	1	64	12196688777	12196724797	36020	497.42	418.93	452.14	374.11	1.34	61.35	0.33	37.13	2471.63	-1712.83	1454.53
Saccade R	1	64	12196688777	12196724797	36020	497.42	418.93	452.14	374.11	1.34	61.35	0.33	37.13	2471.63	-1712.83	1454.53
