[BeGaze]
Converted from:	D:\Kirillov\Results\ermolova_temp\Natalia-eye_data.idf
Date:	17.04.2019 03:53:10
Version:	BeGaze 3.0.181
Sample Rate:	250
Subject:	Natalia
Description:	Run20

Table Header for Fixations:
Event Type	Trial	Number	Start	End	Duration	Location X	Location Y	Dispersion X	Dispersion Y	Plane	Avg. Pupil Size X	Avg. Pupil Size Y

Table Header for Saccades:
Event Type	Trial	Number	Start	End	Duration	Start Loc.X	Start Loc.Y	End Loc.X	End Loc.Y	Amplitude	Peak Speed	Peak Speed At	Average Speed	Peak Accel.	Peak Decel.	Average Accel.

Table Header for User Events:
Event Type	Trial	Number	Start	Description

UserEvent	1	1	7323885888	# Message: experiment-14.jpg
Fixation L	1	1	7324287629	7324395631	108002	917.97	493.94	10	11	-1	12.59	12.59
Fixation R	1	1	7324287629	7324395631	108002	917.97	493.94	10	11	-1	13.31	13.31
Saccade L	1	1	7324395631	7324419662	24031	922.46	489.21	976.98	488.96	1.19	108.75	0.50	49.66	4343.41	-4427.36	3255.98
Saccade R	1	1	7324395631	7324419662	24031	922.46	489.21	976.98	488.96	1.19	108.75	0.50	49.66	4343.41	-4427.36	3255.98
Fixation L	1	2	7324419662	7324531527	111865	995.90	479.66	29	19	-1	11.59	11.59
Fixation R	1	2	7324419662	7324531527	111865	995.90	479.66	29	19	-1	12.16	12.16
Saccade L	1	2	7324531527	7324575521	43994	1007.13	469.54	1212.93	532.23	5.36	303.72	0.36	121.90	14836.18	-12965.33	8409.35
Saccade R	1	2	7324531527	7324575521	43994	1007.13	469.54	1212.93	532.23	5.36	303.72	0.36	121.90	14836.18	-12965.33	8409.35
Fixation L	1	3	7324575521	7324727504	151983	1228.67	545.90	22	23	-1	10.95	10.95
Fixation R	1	3	7324575521	7324727504	151983	1228.67	545.90	22	23	-1	11.56	11.56
Saccade L	1	3	7324727504	7324755529	28025	1229.17	539.32	1213.82	610.86	1.51	110.18	0.57	54.00	4946.09	-4709.75	3623.14
Saccade R	1	3	7324727504	7324755529	28025	1229.17	539.32	1213.82	610.86	1.51	110.18	0.57	54.00	4946.09	-4709.75	3623.14
Fixation L	1	4	7324755529	7324859510	103981	1198.52	604.65	22	9	-1	10.75	10.75
Fixation R	1	4	7324755529	7324859510	103981	1198.52	604.65	22	9	-1	11.22	11.22
Saccade L	1	4	7324859510	7324895510	36000	1197.17	606.24	986.17	609.74	4.45	285.85	0.45	123.64	13382.12	-13278.67	9472.66
Saccade R	1	4	7324859510	7324895510	36000	1197.17	606.24	986.17	609.74	4.45	285.85	0.45	123.64	13382.12	-13278.67	9472.66
Fixation L	1	5	7324895510	7325371531	476021	993.34	626.78	40	41	-1	10.61	10.61
Fixation R	1	5	7324895510	7325371531	476021	993.34	626.78	40	41	-1	11.14	11.14
Saccade L	1	5	7325371531	7325407543	36012	1003.44	636.07	0.00	0.00	25.48	1415.58	0.44	707.58	63099.58	-57752.44	43601.28
Fixation L	1	6	7325407543	7325611555	204012	394.49	263.34	611	723	-1	10.65	10.65
Fixation R	1	6	7325499554	7325611555	112001	490.56	320.54	17	33	-1	11.03	11.03
Saccade L	1	6	7325611555	7325683561	72006	481.85	332.62	433.65	137.00	6.18	316.03	0.22	85.79	15339.62	-12982.47	5608.65
Saccade R	1	5	7325611555	7325683561	72006	481.85	332.62	433.65	137.00	6.18	316.03	0.22	85.79	15339.62	-12982.47	5608.65
Fixation L	1	7	7325683561	7326367461	683900	425.92	133.28	32	42	-1	11.52	11.52
Fixation R	1	7	7325683561	7326367461	683900	425.92	133.28	32	42	-1	11.89	11.89
Saccade L	1	7	7326367461	7326391451	23990	416.20	115.47	427.11	142.77	0.68	53.43	0.67	28.19	2464.61	-2051.13	1592.32
Saccade R	1	6	7326367461	7326391451	23990	416.20	115.47	427.11	142.77	0.68	53.43	0.67	28.19	2464.61	-2051.13	1592.32
Fixation L	1	8	7326391451	7326667426	275975	422.98	161.49	21	35	-1	11.95	11.95
Fixation R	1	8	7326391451	7326667426	275975	422.98	161.49	21	35	-1	12.41	12.41
Saccade L	1	8	7326667426	7326695439	28013	426.05	172.34	421.22	137.97	0.84	65.42	0.57	30.11	2756.43	-2725.33	2007.87
Saccade R	1	7	7326667426	7326695439	28013	426.05	172.34	421.22	137.97	0.84	65.42	0.57	30.11	2756.43	-2725.33	2007.87
Fixation L	1	9	7326695439	7326939441	244002	421.61	132.13	18	30	-1	12.13	12.13
Fixation R	1	9	7326695439	7326939441	244002	421.61	132.13	18	30	-1	12.70	12.70
Saccade L	1	9	7326939441	7326967439	27998	432.50	147.79	396.31	153.45	0.95	80.13	0.43	34.03	3509.43	-3077.04	2052.36
Saccade R	1	8	7326939441	7326967439	27998	432.50	147.79	396.31	153.45	0.95	80.13	0.43	34.03	3509.43	-3077.04	2052.36
Fixation L	1	10	7326967439	7327507323	539884	388.60	158.59	18	24	-1	12.10	12.10
Fixation R	1	10	7326967439	7327507323	539884	388.60	158.59	18	24	-1	12.65	12.65
Saccade L	1	10	7327507323	7327567340	60017	394.14	167.13	443.81	308.63	4.24	250.69	0.27	70.69	11672.45	-9655.64	4935.66
Saccade R	1	9	7327507323	7327567340	60017	394.14	167.13	443.81	308.63	4.24	250.69	0.27	70.69	11672.45	-9655.64	4935.66
Fixation L	1	11	7327567340	7327855341	288001	444.67	293.30	15	28	-1	12.05	12.05
Fixation R	1	11	7327567340	7327855341	288001	444.67	293.30	15	28	-1	12.50	12.50
Saccade L	1	11	7327855341	7327887367	32026	446.04	284.97	424.67	227.33	1.27	89.77	0.37	39.79	4171.80	-3843.10	2690.50
Saccade R	1	10	7327855341	7327887367	32026	446.04	284.97	424.67	227.33	1.27	89.77	0.37	39.79	4171.80	-3843.10	2690.50
Fixation L	1	12	7327887367	7328039355	151988	417.16	230.69	14	19	-1	12.21	12.21
Fixation R	1	12	7327887367	7328039355	151988	417.16	230.69	14	19	-1	12.85	12.85
Saccade L	1	12	7328039355	7328103330	63975	423.20	239.25	994.45	485.83	13.88	491.21	0.25	216.99	24330.09	-16351.39	11960.58
Saccade R	1	11	7328039355	7328103330	63975	423.20	239.25	994.45	485.83	13.88	491.21	0.25	216.99	24330.09	-16351.39	11960.58
Fixation L	1	13	7328103330	7328307341	204011	1024.04	492.20	36	18	-1	12.24	12.24
Fixation R	1	13	7328103330	7328307341	204011	1024.04	492.20	36	18	-1	12.78	12.78
Saccade L	1	13	7328307341	7328351377	44036	1025.31	492.28	1180.38	471.20	3.93	244.20	0.36	89.13	11344.01	-10510.80	6281.75
Saccade R	1	12	7328307341	7328351377	44036	1025.31	492.28	1180.38	471.20	3.93	244.20	0.36	89.13	11344.01	-10510.80	6281.75
Fixation L	1	14	7328351377	7328515354	163977	1201.00	454.84	25	28	-1	11.91	11.91
Fixation R	1	14	7328351377	7328515354	163977	1201.00	454.84	25	28	-1	12.31	12.31
Saccade L	1	14	7328515354	7328547347	31993	1204.74	456.40	1163.18	516.46	1.65	111.39	0.50	51.56	5285.72	-4958.67	3573.51
Saccade R	1	13	7328515354	7328547347	31993	1204.74	456.40	1163.18	516.46	1.65	111.39	0.50	51.56	5285.72	-4958.67	3573.51
Fixation L	1	15	7328547347	7328743367	196020	1152.00	540.33	16	50	-1	11.58	11.58
Fixation R	1	15	7328547347	7328743367	196020	1152.00	540.33	16	50	-1	11.78	11.78
Saccade L	1	15	7328743367	7328775245	31878	1150.93	559.99	1179.68	549.10	0.72	46.56	0.37	22.61	1838.38	-1322.28	888.08
Saccade R	1	14	7328743367	7328775245	31878	1150.93	559.99	1179.68	549.10	0.72	46.56	0.37	22.61	1838.38	-1322.28	888.08
Fixation L	1	16	7328775245	7328883250	108005	1191.76	539.48	19	16	-1	11.41	11.41
Fixation R	1	16	7328775245	7328883250	108005	1191.76	539.48	19	16	-1	11.57	11.57
Saccade L	1	16	7328883250	7328931220	47970	1198.53	531.87	1103.11	509.63	2.73	180.29	0.33	57.01	8216.38	-7345.22	4127.72
Saccade R	1	15	7328883250	7328931220	47970	1198.53	531.87	1103.11	509.63	2.73	180.29	0.33	57.01	8216.38	-7345.22	4127.72
Fixation L	1	17	7328931220	7329151289	220069	1095.53	519.43	14	33	-1	11.71	11.71
Fixation R	1	17	7328931220	7329151289	220069	1095.53	519.43	14	33	-1	11.74	11.74
Saccade L	1	17	7329151289	7329175240	23951	1094.46	535.32	1127.63	530.63	0.74	65.27	0.50	30.82	2870.67	-2278.23	1847.46
Saccade R	1	16	7329151289	7329175240	23951	1094.46	535.32	1127.63	530.63	0.74	65.27	0.50	30.82	2870.67	-2278.23	1847.46
Fixation L	1	18	7329175240	7329287262	112022	1143.23	530.86	22	13	-1	11.67	11.67
Fixation R	1	18	7329175240	7329287262	112022	1143.23	530.86	22	13	-1	11.82	11.82
Fixation R	1	19	7329351248	7329447233	95985	0.00	0.00	0	0	-1	11.93	11.93
Fixation L	1	19	7329511257	7329783240	271983	1082.23	550.77	28	57	-1	12.05	12.05
Fixation R	1	20	7329511257	7329783240	271983	1082.23	550.77	28	57	-1	12.06	12.06
Saccade L	1	18	7329783240	7329807248	24008	1066.74	562.17	1004.95	558.45	1.02	94.77	0.67	42.51	4270.17	-3258.49	2448.34
Saccade R	1	17	7329783240	7329807248	24008	1066.74	562.17	1004.95	558.45	1.02	94.77	0.67	42.51	4270.17	-3258.49	2448.34
Fixation L	1	20	7329807248	7330131246	323998	1017.09	541.47	34	41	-1	12.28	12.28
Fixation R	1	21	7329807248	7330131246	323998	1017.09	541.47	34	41	-1	12.48	12.48
Saccade L	1	19	7330131246	7330187142	55896	1022.95	522.58	964.23	538.95	1.76	100.22	0.29	31.53	4420.50	-3598.16	1700.25
Saccade R	1	18	7330131246	7330187142	55896	1022.95	522.58	964.23	538.95	1.76	100.22	0.29	31.53	4420.50	-3598.16	1700.25
Fixation L	1	21	7330187142	7330367134	179992	962.23	549.42	11	15	-1	11.94	11.94
Fixation R	1	22	7330187142	7330367134	179992	962.23	549.42	11	15	-1	12.06	12.06
Saccade L	1	20	7330367134	7330395135	28001	967.49	552.53	926.20	550.02	0.87	67.78	0.57	31.12	2963.47	-2731.44	2072.95
Saccade R	1	19	7330367134	7330395135	28001	967.49	552.53	926.20	550.02	0.87	67.78	0.57	31.12	2963.47	-2731.44	2072.95
Fixation L	1	22	7330395135	7330939180	544045	922.40	549.52	32	28	-1	11.84	11.84
Fixation R	1	23	7330395135	7330939180	544045	922.40	549.52	32	28	-1	12.14	12.14
