[BeGaze]
Converted from:	D:\Kirillov\Results\ermolova_temp\Julia-eye_data.idf
Date:	17.04.2019 03:54:36
Version:	BeGaze 3.0.181
Sample Rate:	250
Subject:	Julia
Description:	Run40

Table Header for Fixations:
Event Type	Trial	Number	Start	End	Duration	Location X	Location Y	Dispersion X	Dispersion Y	Plane	Avg. Pupil Size X	Avg. Pupil Size Y

Table Header for Saccades:
Event Type	Trial	Number	Start	End	Duration	Start Loc.X	Start Loc.Y	End Loc.X	End Loc.Y	Amplitude	Peak Speed	Peak Speed At	Average Speed	Peak Accel.	Peak Decel.	Average Accel.

Table Header for User Events:
Event Type	Trial	Number	Start	Description

UserEvent	1	1	9616367998	# Message: experiment-14.jpg
Fixation L	1	1	9616370855	9616594870	224015	350.76	255.08	10	31	-1	11.92	11.92
Fixation R	1	1	9616370855	9616594870	224015	350.76	255.08	10	31	-1	11.83	11.83
Saccade L	1	1	9616594870	9616642859	47989	356.49	261.24	961.03	399.21	13.51	515.51	0.58	281.43	20584.93	-25210.00	16097.61
Saccade R	1	1	9616594870	9616642859	47989	356.49	261.24	961.03	399.21	13.51	515.51	0.58	281.43	20584.93	-25210.00	16097.61
Fixation L	1	2	9616642859	9616870889	228030	950.68	368.80	18	51	-1	11.69	11.69
Fixation R	1	2	9616642859	9616870889	228030	950.68	368.80	18	51	-1	11.70	11.70
Saccade L	1	2	9616870889	9616922863	51974	942.61	366.31	825.54	330.75	3.14	163.64	0.31	60.39	7171.45	-5514.85	3455.16
Saccade R	1	2	9616870889	9616922863	51974	942.61	366.31	825.54	330.75	3.14	163.64	0.31	60.39	7171.45	-5514.85	3455.16
Fixation L	1	3	9616922863	9617162873	240010	423.92	208.91	1150	1000	-1	8.38	8.38
Fixation R	1	3	9616922863	9616998862	75999	806.53	322.24	33	18	-1	11.02	11.02
Fixation L	1	4	9617226785	9617330766	103981	434.29	108.95	35	28	-1	10.69	10.69
Fixation R	1	4	9617226785	9617330766	103981	434.29	108.95	35	28	-1	10.40	10.40
Saccade L	1	3	9617330766	9617402751	71985	419.61	116.01	919.20	290.54	13.25	567.27	0.35	184.12	26186.28	-23879.51	11580.89
Saccade R	1	3	9617330766	9617402751	71985	419.61	116.01	919.20	290.54	13.25	567.27	0.35	184.12	26186.28	-23879.51	11580.89
Fixation L	1	5	9617402751	9617762774	360023	900.53	309.22	42	57	-1	11.48	11.48
Fixation R	1	5	9617402751	9617762774	360023	900.53	309.22	42	57	-1	11.62	11.62
Saccade L	1	4	9617762774	9617818755	55981	885.65	316.65	868.27	445.10	2.85	131.54	0.36	50.85	5788.76	-4881.45	2746.06
Saccade R	1	4	9617762774	9617818755	55981	885.65	316.65	868.27	445.10	2.85	131.54	0.36	50.85	5788.76	-4881.45	2746.06
Fixation L	1	6	9617818755	9618558649	739894	866.59	426.89	31	59	-1	11.52	11.52
Fixation R	1	6	9617818755	9618558649	739894	866.59	426.89	31	59	-1	11.69	11.69
Saccade L	1	5	9618558649	9618582647	23998	868.41	402.12	803.01	397.22	1.49	145.32	0.51	61.97	6200.43	-5712.50	4290.62
Saccade R	1	5	9618558649	9618582647	23998	868.41	402.12	803.01	397.22	1.49	145.32	0.51	61.97	6200.43	-5712.50	4290.62
Fixation L	1	7	9618582647	9618786652	204005	789.07	400.37	29	16	-1	11.13	11.13
Fixation R	1	7	9618582647	9618786652	204005	789.07	400.37	29	16	-1	11.52	11.52
Saccade L	1	6	9618786652	9618850674	64022	773.88	396.93	428.39	98.60	10.21	442.26	0.37	159.42	20156.93	-16993.38	10330.76
Saccade R	1	6	9618786652	9618850674	64022	773.88	396.93	428.39	98.60	10.21	442.26	0.37	159.42	20156.93	-16993.38	10330.76
Fixation L	1	8	9618850674	9619050687	200013	435.25	106.54	16	25	-1	11.32	11.32
Fixation R	1	8	9618850674	9619050687	200013	435.25	106.54	16	25	-1	11.19	11.19
Saccade L	1	7	9619050687	9619078659	27972	439.61	118.54	438.47	76.93	0.87	57.09	0.57	31.20	2625.38	-1986.12	1752.57
Saccade R	1	7	9619050687	9619078659	27972	439.61	118.54	438.47	76.93	0.87	57.09	0.57	31.20	2625.38	-1986.12	1752.57
Fixation L	1	9	9619078659	9619346664	268005	437.47	80.30	24	24	-1	11.61	11.61
Fixation R	1	9	9619078659	9619346664	268005	437.47	80.30	24	24	-1	11.22	11.22
Saccade L	1	8	9619346664	9619398663	51999	454.28	70.86	389.06	148.95	2.35	83.22	0.54	45.27	3807.06	-3103.60	2361.60
Saccade R	1	8	9619346664	9619398663	51999	454.28	70.86	389.06	148.95	2.35	83.22	0.54	45.27	3807.06	-3103.60	2361.60
Fixation L	1	10	9619398663	9619574687	176024	391.55	155.72	16	15	-1	11.89	11.89
Fixation R	1	10	9619398663	9619574687	176024	391.55	155.72	16	15	-1	11.66	11.66
Saccade L	1	9	9619574687	9619614699	40012	387.47	164.17	413.51	90.42	1.76	92.47	0.40	44.08	4316.00	-3843.44	2799.92
Saccade R	1	9	9619574687	9619614699	40012	387.47	164.17	413.51	90.42	1.76	92.47	0.40	44.08	4316.00	-3843.44	2799.92
Fixation L	1	11	9619614699	9620166590	551891	439.08	67.27	49	47	-1	12.01	12.01
Fixation R	1	11	9619614699	9620166590	551891	439.08	67.27	49	47	-1	11.86	11.86
Saccade L	1	10	9620166590	9620210587	43997	440.01	55.04	378.58	159.47	2.53	100.44	0.27	57.53	4768.12	-3231.92	2584.39
Saccade R	1	10	9620166590	9620210587	43997	440.01	55.04	378.58	159.47	2.53	100.44	0.27	57.53	4768.12	-3231.92	2584.39
Fixation L	1	12	9620210587	9620818600	608013	367.03	162.20	41	37	-1	11.91	11.91
Fixation R	1	12	9620210587	9620818600	608013	367.03	162.20	41	37	-1	11.96	11.96
Saccade L	1	11	9620818600	9620870595	51995	349.95	181.66	406.05	112.38	2.04	80.83	0.38	39.18	3411.95	-2390.81	1709.59
Saccade R	1	11	9620818600	9620870595	51995	349.95	181.66	406.05	112.38	2.04	80.83	0.38	39.18	3411.95	-2390.81	1709.59
Fixation L	1	13	9620870595	9621202595	332000	411.08	100.19	28	19	-1	11.28	11.28
Fixation R	1	13	9620870595	9621202595	332000	411.08	100.19	28	19	-1	11.34	11.34
Saccade L	1	12	9621202595	9621230581	27986	394.07	109.54	370.57	152.57	1.07	80.14	0.43	38.36	3331.34	-3302.76	2401.70
Saccade R	1	12	9621202595	9621230581	27986	394.07	109.54	370.57	152.57	1.07	80.14	0.43	38.36	3331.34	-3302.76	2401.70
Fixation L	1	14	9621230581	9621506487	275906	364.87	182.31	24	57	-1	11.79	11.79
Fixation R	1	14	9621230581	9621506487	275906	364.87	182.31	24	57	-1	11.63	11.63
Saccade L	1	13	9621506487	9621606488	100001	360.85	204.65	1005.24	507.86	18.58	558.48	0.24	185.81	24601.10	-17539.16	9238.43
Saccade R	1	13	9621506487	9621606488	100001	360.85	204.65	1005.24	507.86	18.58	558.48	0.24	185.81	24601.10	-17539.16	9238.43
Fixation L	1	15	9621606488	9621750471	143983	979.39	493.90	41	19	-1	12.00	12.00
Fixation R	1	15	9621606488	9621750471	143983	979.39	493.90	41	19	-1	11.82	11.82
Saccade L	1	14	9621750471	9621778467	27996	974.24	492.42	998.07	428.85	1.75	139.41	0.43	62.59	6582.95	-5667.39	4409.58
Saccade R	1	14	9621750471	9621778467	27996	974.24	492.42	998.07	428.85	1.75	139.41	0.43	62.59	6582.95	-5667.39	4409.58
Fixation L	1	16	9621778467	9622102453	323986	1026.74	381.95	48	64	-1	11.81	11.81
Fixation R	1	16	9621778467	9622102453	323986	1026.74	381.95	48	64	-1	11.48	11.48
Saccade L	1	15	9622102453	9622154484	52031	1013.00	368.53	945.83	338.80	2.35	90.64	0.69	45.21	2961.41	-3398.89	2228.98
Saccade R	1	15	9622102453	9622154484	52031	1013.00	368.53	945.83	338.80	2.35	90.64	0.69	45.21	2961.41	-3398.89	2228.98
Fixation L	1	17	9622154484	9622430504	276020	951.58	321.35	13	41	-1	11.55	11.55
Fixation R	1	17	9622154484	9622430504	276020	951.58	321.35	13	41	-1	11.56	11.56
Saccade L	1	16	9622430504	9622482489	51985	957.80	317.37	1039.66	301.79	1.77	59.86	0.54	34.02	2359.49	-1846.77	1501.04
Saccade R	1	16	9622430504	9622482489	51985	957.80	317.37	1039.66	301.79	1.77	59.86	0.54	34.02	2359.49	-1846.77	1501.04
Fixation L	1	18	9622482489	9623030370	547881	1049.84	295.97	52	43	-1	11.49	11.49
Fixation R	1	18	9622482489	9623030370	547881	1049.84	295.97	52	43	-1	11.44	11.44
Saccade L	1	17	9623030370	9623070373	40003	1043.15	313.02	958.10	404.19	3.13	182.29	0.40	78.31	8548.47	-7549.03	5208.08
Saccade R	1	17	9623030370	9623070373	40003	1043.15	313.02	958.10	404.19	3.13	182.29	0.40	78.31	8548.47	-7549.03	5208.08
Fixation L	1	19	9623070373	9623290386	220013	955.89	430.13	25	44	-1	11.52	11.52
Fixation R	1	19	9623070373	9623290386	220013	955.89	430.13	25	44	-1	11.65	11.65
Saccade L	1	18	9623290386	9623322395	32009	942.63	433.67	1039.31	415.03	2.09	168.52	0.62	65.41	6930.68	-6889.39	4693.98
Saccade R	1	18	9623290386	9623322395	32009	942.63	433.67	1039.31	415.03	2.09	168.52	0.62	65.41	6930.68	-6889.39	4693.98
Fixation L	1	20	9623322395	9623462379	139984	1051.23	406.56	22	22	-1	11.57	11.57
Fixation R	1	20	9623322395	9623462379	139984	1051.23	406.56	22	22	-1	11.45	11.45
Saccade L	1	19	9623462379	9623514341	51962	1057.91	394.18	932.73	333.30	3.45	178.69	0.54	66.38	8023.03	-7837.11	4432.26
Saccade R	1	19	9623462379	9623514341	51962	1057.91	394.18	932.73	333.30	3.45	178.69	0.54	66.38	8023.03	-7837.11	4432.26
Fixation L	1	21	9623514341	9623734394	220053	951.83	334.83	35	30	-1	11.46	11.46
Fixation R	1	21	9623514341	9623734394	220053	951.83	334.83	35	30	-1	11.67	11.67
Saccade L	1	20	9623734394	9623790418	56024	952.94	340.95	958.46	540.54	4.96	301.49	0.43	88.45	13667.97	-12714.08	6510.16
Saccade R	1	20	9623734394	9623790418	56024	952.94	340.95	958.46	540.54	4.96	301.49	0.43	88.45	13667.97	-12714.08	6510.16
Fixation L	1	22	9623790418	9624066407	275989	961.78	535.58	34	49	-1	11.67	11.67
Fixation R	1	22	9623790418	9624066407	275989	961.78	535.58	34	49	-1	12.13	12.13
Saccade L	1	21	9624066407	9624094394	27987	972.76	518.63	1051.09	514.52	1.58	132.94	0.29	56.34	5327.57	-5702.30	3714.17
Saccade R	1	21	9624066407	9624094394	27987	972.76	518.63	1051.09	514.52	1.58	132.94	0.29	56.34	5327.57	-5702.30	3714.17
Fixation L	1	23	9624094394	9624214272	119878	1060.96	508.74	18	20	-1	11.48	11.48
Fixation R	1	23	9624094394	9624214272	119878	1060.96	508.74	18	20	-1	11.68	11.68
Saccade L	1	22	9624214272	9624246246	31974	1063.64	505.56	953.97	360.86	3.89	291.72	0.63	121.71	13518.54	-12454.27	9111.43
Saccade R	1	22	9624214272	9624246246	31974	1063.64	505.56	953.97	360.86	3.89	291.72	0.63	121.71	13518.54	-12454.27	9111.43
Fixation L	1	24	9624246246	9624330310	84064	950.62	323.20	12	74	-1	11.59	11.59
Fixation R	1	24	9624246246	9624330310	84064	950.62	323.20	12	74	-1	11.58	11.58
Saccade L	1	23	9624330310	9624374282	43972	956.64	296.63	916.59	351.17	1.43	62.10	0.45	32.55	2415.79	-1863.08	1313.51
Saccade R	1	23	9624330310	9624374282	43972	956.64	296.63	916.59	351.17	1.43	62.10	0.45	32.55	2415.79	-1863.08	1313.51
Saccade L	1	24	9624374282	9624398274	23992	916.59	351.17	944.17	365.13	0.68	43.34	0.50	28.16	973.68	-1574.86	918.35
Saccade R	1	24	9624374282	9624398274	23992	916.59	351.17	944.17	365.13	0.68	43.34	0.50	28.16	973.68	-1574.86	918.35
Fixation L	1	25	9624398274	9624466277	68003	948.74	359.75	18	9	-1	11.28	11.28
Fixation R	1	25	9624398274	9624466277	68003	948.74	359.75	18	9	-1	11.70	11.70
