[BeGaze]
Converted from:	D:\Kirillov\Results\ermolova_temp\Yulia-eye_data.idf
Date:	17.04.2019 03:53:17
Version:	BeGaze 3.0.181
Sample Rate:	250
Subject:	Yulia
Description:	Run22

Table Header for Fixations:
Event Type	Trial	Number	Start	End	Duration	Location X	Location Y	Dispersion X	Dispersion Y	Plane	Avg. Pupil Size X	Avg. Pupil Size Y

Table Header for Saccades:
Event Type	Trial	Number	Start	End	Duration	Start Loc.X	Start Loc.Y	End Loc.X	End Loc.Y	Amplitude	Peak Speed	Peak Speed At	Average Speed	Peak Accel.	Peak Decel.	Average Accel.

Table Header for User Events:
Event Type	Trial	Number	Start	Description

UserEvent	1	1	9352506256	# Message: experiment-08.jpg
Fixation L	1	1	9352508866	9352744841	235975	422.33	466.73	36	34	-1	14.70	14.70
Fixation R	1	1	9352508866	9352744841	235975	422.33	466.73	36	34	-1	12.13	12.13
Saccade L	1	1	9352744841	9352820839	75998	416.27	459.81	768.96	657.22	9.12	323.72	0.32	120.06	12833.52	-10042.31	6085.96
Saccade R	1	1	9352744841	9352820839	75998	416.27	459.81	768.96	657.22	9.12	323.72	0.32	120.06	12833.52	-10042.31	6085.96
Fixation L	1	2	9352820839	9352944862	124023	777.11	657.77	29	22	-1	14.82	14.82
Fixation R	1	2	9352820839	9352944862	124023	777.11	657.77	29	22	-1	11.99	11.99
Saccade L	1	2	9352944862	9353020846	75984	775.51	648.38	1232.31	426.65	11.53	285.07	0.53	151.69	12334.53	-10225.17	5987.79
Saccade R	1	2	9352944862	9353020846	75984	775.51	648.38	1232.31	426.65	11.53	285.07	0.53	151.69	12334.53	-10225.17	5987.79
Fixation L	1	3	9353020846	9353300871	280025	1181.85	451.13	76	42	-1	13.85	13.85
Fixation R	1	3	9353020846	9353300871	280025	1181.85	451.13	76	42	-1	11.07	11.07
Saccade L	1	3	9353312872	9353384857	71985	1188.74	444.98	667.64	766.06	13.42	372.39	0.33	186.48	15896.25	-13130.55	7793.75
Saccade R	1	3	9353312872	9353384857	71985	1188.74	444.98	667.64	766.06	13.42	372.39	0.33	186.48	15896.25	-13130.55	7793.75
Saccade L	1	4	9353384857	9353412861	28004	667.64	766.06	764.39	689.61	2.53	241.13	0.57	90.19	7795.48	-9639.33	6173.46
Saccade R	1	4	9353384857	9353412861	28004	667.64	766.06	764.39	689.61	2.53	241.13	0.57	90.19	7795.48	-9639.33	6173.46
Saccade L	1	5	9353460873	9353480872	19999	765.15	684.63	770.76	689.85	1.06	124.35	0.40	53.03	517.53	-4631.24	1877.49
Saccade R	1	5	9353460873	9353480872	19999	765.15	684.63	770.76	689.85	1.06	124.35	0.40	53.03	517.53	-4631.24	1877.49
Saccade L	1	6	9353516865	9353548867	32002	786.60	680.43	788.21	729.39	1.04	50.80	0.63	32.41	1160.63	-1491.24	891.53
Saccade R	1	6	9353516865	9353548867	32002	786.60	680.43	788.21	729.39	1.04	50.80	0.63	32.41	1160.63	-1491.24	891.53
Fixation L	1	4	9353548867	9353688860	139993	770.03	742.16	27	26	-1	14.08	14.08
Fixation R	1	4	9353548867	9353688860	139993	770.03	742.16	27	26	-1	11.48	11.48
Saccade L	1	7	9353688860	9353740871	52011	781.83	738.50	717.21	824.60	2.25	91.89	0.23	43.29	3853.08	-2018.15	1737.25
Saccade R	1	7	9353688860	9353740871	52011	781.83	738.50	717.21	824.60	2.25	91.89	0.23	43.29	3853.08	-2018.15	1737.25
Fixation L	1	5	9353740871	9353992751	251880	725.16	823.83	31	14	-1	14.35	14.35
Fixation R	1	5	9353740871	9353992751	251880	725.16	823.83	31	14	-1	11.93	11.93
Saccade L	1	8	9353992751	9354076753	84002	701.25	827.65	950.59	344.28	12.87	292.37	0.24	153.24	13076.57	-8108.68	5333.49
Saccade R	1	8	9353992751	9354076753	84002	701.25	827.65	950.59	344.28	12.87	292.37	0.24	153.24	13076.57	-8108.68	5333.49
Fixation L	1	6	9354076753	9354276771	200018	932.18	364.93	27	54	-1	14.19	14.19
Fixation R	1	6	9354076753	9354276771	200018	932.18	364.93	27	54	-1	11.75	11.75
Saccade L	1	9	9354276771	9354340776	64005	931.34	390.71	1187.24	428.78	5.76	193.34	0.25	90.05	8813.49	-4844.96	3658.54
Saccade R	1	9	9354276771	9354340776	64005	931.34	390.71	1187.24	428.78	5.76	193.34	0.25	90.05	8813.49	-4844.96	3658.54
Fixation L	1	7	9354340776	9354476758	135982	1160.68	430.94	45	14	-1	14.18	14.18
Fixation R	1	7	9354340776	9354476758	135982	1160.68	430.94	45	14	-1	11.43	11.43
Saccade L	1	10	9354476758	9354552766	76008	1139.33	407.63	742.65	909.97	14.52	408.73	0.26	191.09	17826.27	-8608.36	7988.13
Saccade R	1	10	9354476758	9354552766	76008	1139.33	407.63	742.65	909.97	14.52	408.73	0.26	191.09	17826.27	-8608.36	7988.13
Fixation L	1	8	9354552766	9354696772	144006	740.04	885.21	19	49	-1	15.04	15.04
Fixation R	1	8	9354552766	9354696772	144006	740.04	885.21	19	49	-1	12.17	12.17
Saccade L	1	11	9354696772	9354744760	47988	752.26	865.20	786.20	810.07	1.42	53.08	0.50	29.63	1430.94	-1459.52	994.18
Saccade R	1	11	9354696772	9354744760	47988	752.26	865.20	786.20	810.07	1.42	53.08	0.50	29.63	1430.94	-1459.52	994.18
Fixation L	1	9	9354744760	9354960704	215944	773.49	816.56	37	37	-1	14.86	14.86
Fixation R	1	9	9354744760	9354960704	215944	773.49	816.56	37	37	-1	11.95	11.95
Saccade L	1	12	9354960704	9355028780	68076	765.26	817.36	765.79	896.72	2.61	53.74	0.53	38.30	2061.56	-914.81	759.14
Saccade R	1	12	9354960704	9355028780	68076	765.26	817.36	765.79	896.72	2.61	53.74	0.53	38.30	2061.56	-914.81	759.14
Saccade L	1	13	9355028780	9355068805	40025	765.79	896.72	794.12	878.72	2.10	117.26	0.50	52.49	4016.71	-2786.02	1876.03
Saccade R	1	13	9355028780	9355068805	40025	765.79	896.72	794.12	878.72	2.10	117.26	0.50	52.49	4016.71	-2786.02	1876.03
Fixation L	1	10	9355128776	9355304646	175870	962.96	913.71	23	26	-1	14.70	14.70
Fixation R	1	10	9355128776	9355304646	175870	962.96	913.71	23	26	-1	11.86	11.86
Fixation L	1	11	9355380695	9355456664	75969	1305.32	423.48	32	48	-1	14.68	14.68
Fixation R	1	11	9355380695	9355456664	75969	1305.32	423.48	32	48	-1	11.54	11.54
Saccade L	1	14	9355456664	9355488655	31991	1316.42	433.45	1255.04	500.31	1.83	148.36	0.38	57.17	5861.59	-5266.18	3187.90
Saccade R	1	14	9355456664	9355488655	31991	1316.42	433.45	1255.04	500.31	1.83	148.36	0.38	57.17	5861.59	-5266.18	3187.90
Saccade L	1	15	9355600693	9355620685	19992	1291.67	413.25	1302.10	449.04	0.68	54.19	0.40	34.26	1155.32	-1739.70	1030.23
Saccade R	1	15	9355600693	9355620685	19992	1291.67	413.25	1302.10	449.04	0.68	54.19	0.40	34.26	1155.32	-1739.70	1030.23
Saccade L	1	16	9355636667	9355660657	23990	1302.87	453.06	1315.35	429.52	0.64	45.35	0.33	26.84	1143.27	-1529.18	835.93
Saccade R	1	16	9355636667	9355660657	23990	1302.87	453.06	1315.35	429.52	0.64	45.35	0.33	26.84	1143.27	-1529.18	835.93
Saccade L	1	17	9355680665	9355708658	27993	1320.84	423.08	1298.92	477.11	1.08	68.02	0.43	38.41	2614.02	-2688.13	1990.17
Saccade R	1	17	9355680665	9355708658	27993	1320.84	423.08	1298.92	477.11	1.08	68.02	0.43	38.41	2614.02	-2688.13	1990.17
Fixation L	1	12	9355708658	9356008670	300012	1301.82	479.34	63	38	-1	14.56	14.56
Fixation R	1	12	9355708658	9356008670	300012	1301.82	479.34	63	38	-1	11.60	11.60
Saccade L	1	18	9356132676	9356160666	27990	1251.45	380.45	1223.17	421.43	0.88	55.70	0.57	31.55	2296.75	-1587.93	1323.52
Saccade R	1	18	9356132676	9356160666	27990	1251.45	380.45	1223.17	421.43	0.88	55.70	0.57	31.55	2296.75	-1587.93	1323.52
Saccade L	1	19	9356160666	9356184683	24017	1223.17	421.43	1239.02	440.28	0.81	72.97	0.67	33.63	1867.05	-2585.55	1345.29
Saccade R	1	19	9356160666	9356184683	24017	1223.17	421.43	1239.02	440.28	0.81	72.97	0.67	33.63	1867.05	-2585.55	1345.29
Saccade L	1	20	9356276676	9356296687	20011	1236.00	448.41	1267.77	436.88	0.59	40.24	0.40	29.45	1981.25	-605.13	804.88
Saccade R	1	20	9356276676	9356296687	20011	1236.00	448.41	1267.77	436.88	0.59	40.24	0.40	29.45	1981.25	-605.13	804.88
Saccade L	1	21	9356296687	9356340665	43978	1267.77	436.88	1171.37	418.78	2.08	79.61	0.27	47.35	2286.52	-1930.81	1350.23
Saccade R	1	21	9356296687	9356340665	43978	1267.77	436.88	1171.37	418.78	2.08	79.61	0.27	47.35	2286.52	-1930.81	1350.23
Fixation L	1	13	9356340665	9356444684	104019	1178.51	434.88	37	52	-1	14.38	14.38
Fixation R	1	13	9356340665	9356444684	104019	1178.51	434.88	37	52	-1	11.70	11.70
Saccade L	1	22	9356444684	9356480579	35895	1155.95	454.32	1174.43	386.31	1.64	78.20	0.56	45.79	3183.47	-3118.37	2366.00
Saccade R	1	22	9356444684	9356480579	35895	1155.95	454.32	1174.43	386.31	1.64	78.20	0.56	45.79	3183.47	-3118.37	2366.00
Saccade L	1	23	9356520679	9356628557	107878	1186.71	397.66	915.97	821.04	12.16	268.49	0.37	112.67	8490.75	-8854.82	3613.13
Saccade R	1	23	9356520679	9356628557	107878	1186.71	397.66	915.97	821.04	12.16	268.49	0.37	112.67	8490.75	-8854.82	3613.13
Fixation L	1	14	9356628557	9357392496	763939	951.56	792.14	79	76	-1	14.67	14.67
Fixation R	1	14	9356628557	9357392496	763939	951.56	792.14	79	76	-1	12.15	12.15
Saccade L	1	24	9357392496	9357440574	48078	931.43	826.98	856.19	756.95	1.92	87.36	0.25	39.88	3561.90	-2803.56	1693.09
Saccade R	1	24	9357392496	9357440574	48078	931.43	826.98	856.19	756.95	1.92	87.36	0.25	39.88	3561.90	-2803.56	1693.09
Fixation L	1	15	9357440574	9357564584	124010	855.73	759.10	15	12	-1	14.81	14.81
Fixation R	1	15	9357440574	9357564584	124010	855.73	759.10	15	12	-1	12.27	12.27
Fixation L	1	16	9357632515	9358412491	779976	855.33	882.44	49	69	-1	15.38	15.38
Fixation R	1	16	9357632515	9358412491	779976	855.33	882.44	49	69	-1	12.39	12.39
Saccade L	1	25	9358412491	9358488467	75976	834.89	906.58	817.27	837.21	2.72	73.61	0.37	35.86	1891.99	-1173.71	951.00
Saccade R	1	25	9358412491	9358488467	75976	834.89	906.58	817.27	837.21	2.72	73.61	0.37	35.86	1891.99	-1173.71	951.00
Fixation L	1	17	9358488467	9358636479	148012	819.50	836.39	20	31	-1	15.59	15.59
Fixation R	1	17	9358488467	9358636479	148012	819.50	836.39	20	31	-1	12.54	12.54
Saccade L	1	26	9358636479	9358688400	51921	832.95	845.32	732.87	858.88	2.11	78.17	0.23	40.67	3395.59	-2756.56	1770.77
Saccade R	1	26	9358636479	9358688400	51921	832.95	845.32	732.87	858.88	2.11	78.17	0.23	40.67	3395.59	-2756.56	1770.77
Fixation L	1	18	9358688400	9358828468	140068	754.62	852.12	49	19	-1	15.33	15.33
Fixation R	1	18	9358688400	9358828468	140068	754.62	852.12	49	19	-1	12.53	12.53
Saccade L	1	27	9358828468	9358904511	76043	740.48	853.82	1154.73	461.19	12.60	348.00	0.47	165.63	11303.13	-11208.21	6515.65
Saccade R	1	27	9358828468	9358904511	76043	740.48	853.82	1154.73	461.19	12.60	348.00	0.47	165.63	11303.13	-11208.21	6515.65
Fixation L	1	19	9358904511	9359272492	367981	1155.27	494.47	36	59	-1	14.68	14.68
Fixation R	1	19	9358904511	9359272492	367981	1155.27	494.47	36	59	-1	11.72	11.72
Saccade L	1	28	9359272492	9359320501	48009	1179.24	493.88	1266.87	463.65	2.06	76.93	0.42	42.89	2955.47	-2455.43	1843.14
Saccade R	1	28	9359272492	9359320501	48009	1179.24	493.88	1266.87	463.65	2.06	76.93	0.42	42.89	2955.47	-2455.43	1843.14
Fixation L	1	20	9359320501	9359572391	251890	1267.20	416.53	22	74	-1	14.36	14.36
Fixation R	1	20	9359320501	9359572391	251890	1267.20	416.53	22	74	-1	11.58	11.58
Saccade L	1	29	9359572391	9359604397	32006	1253.36	402.69	1165.22	394.52	1.92	151.56	0.75	59.84	21774.19	123.40	5543.98
Saccade R	1	29	9359572391	9359604397	32006	1253.36	402.69	1165.22	394.52	1.92	151.56	0.75	59.84	21774.19	123.40	5543.98
Saccade L	1	30	9359604397	9359672377	67980	1165.22	394.52	0.00	0.00	59.10	2184.86	0.41	869.37	72122.75	-62007.86	32036.16
Fixation L	1	21	9359872368	9359936400	64032	1193.12	369.29	9	16	-1	13.75	13.75
Fixation R	1	21	9359872368	9359936400	64032	1193.12	369.29	9	16	-1	11.25	11.25
Saccade L	1	31	9359936400	9359956375	19975	1196.52	367.13	1201.43	391.58	0.55	43.72	0.60	27.35	1972.20	-1829.02	1339.50
Saccade R	1	30	9359936400	9359956375	19975	1196.52	367.13	1201.43	391.58	0.55	43.72	0.60	27.35	1972.20	-1829.02	1339.50
Fixation L	1	22	9359956375	9360044387	88012	1198.63	384.40	27	23	-1	13.87	13.87
Fixation R	1	22	9359956375	9360044387	88012	1198.63	384.40	27	23	-1	11.46	11.46
Saccade L	1	32	9360056393	9360088383	31990	1190.96	402.50	1227.26	394.17	1.07	66.67	0.50	33.42	1501.46	-1887.82	892.99
Saccade R	1	31	9360056393	9360088383	31990	1190.96	402.50	1227.26	394.17	1.07	66.67	0.50	33.42	1501.46	-1887.82	892.99
Saccade L	1	33	9360088383	9360120383	32000	1227.26	394.17	1201.44	380.22	1.13	56.29	0.75	35.17	1534.19	-1006.71	804.18
Saccade R	1	32	9360088383	9360120383	32000	1227.26	394.17	1201.44	380.22	1.13	56.29	0.75	35.17	1534.19	-1006.71	804.18
Saccade L	1	34	9360120383	9360156383	36000	1201.44	380.22	1173.23	389.71	1.27	51.74	0.33	35.24	1189.12	-1767.23	908.56
Saccade R	1	33	9360120383	9360156383	36000	1201.44	380.22	1173.23	389.71	1.27	51.74	0.33	35.24	1189.12	-1767.23	908.56
Saccade L	1	35	9360192392	9360252386	59994	1171.06	406.63	991.63	416.97	4.09	189.78	0.47	68.17	6944.74	-7162.31	3651.96
Saccade R	1	34	9360192392	9360252386	59994	1171.06	406.63	991.63	416.97	4.09	189.78	0.47	68.17	6944.74	-7162.31	3651.96
Fixation L	1	23	9360252386	9360336381	83995	994.66	421.05	21	37	-1	13.90	13.90
Fixation R	1	23	9360252386	9360336381	83995	994.66	421.05	21	37	-1	11.61	11.61
Saccade L	1	36	9360336381	9360368384	32003	1005.80	436.37	998.41	374.77	1.13	55.37	0.75	35.18	2031.08	-515.56	1155.63
Saccade R	1	35	9360336381	9360368384	32003	1005.80	436.37	998.41	374.77	1.13	55.37	0.75	35.18	2031.08	-515.56	1155.63
Saccade L	1	37	9360400387	9360432402	32015	1007.55	377.61	1019.81	417.57	1.12	56.79	0.75	35.09	1481.78	-1047.99	668.73
Saccade R	1	36	9360400387	9360432402	32015	1007.55	377.61	1019.81	417.57	1.12	56.79	0.75	35.09	1481.78	-1047.99	668.73
Saccade L	1	38	9360432402	9360456388	23986	1019.81	417.57	1004.24	425.71	0.78	74.35	0.33	32.35	274.76	-2134.60	755.87
Saccade R	1	37	9360432402	9360456388	23986	1019.81	417.57	1004.24	425.71	0.78	74.35	0.33	32.35	274.76	-2134.60	755.87
Fixation L	1	24	9360456388	9360548394	92006	1006.08	420.06	26	24	-1	13.78	13.78
Fixation R	1	24	9360456388	9360548394	92006	1006.08	420.06	26	24	-1	11.46	11.46
Saccade L	1	39	9360636389	9360692426	56037	992.03	418.24	1206.87	446.39	6.18	274.50	0.50	110.35	12274.09	-12198.60	6512.92
Saccade R	1	38	9360636389	9360692426	56037	992.03	418.24	1206.87	446.39	6.18	274.50	0.50	110.35	12274.09	-12198.60	6512.92
Saccade L	1	40	9360708423	9360728400	19977	1198.60	464.88	1245.14	469.01	0.81	79.15	0.40	40.63	1951.08	-1980.17	1198.06
Saccade R	1	39	9360708423	9360728400	19977	1198.60	464.88	1245.14	469.01	0.81	79.15	0.40	40.63	1951.08	-1980.17	1198.06
Saccade L	1	41	9360728400	9360764407	36007	1245.14	469.01	1174.00	415.57	1.88	111.08	0.44	52.23	4266.78	-4825.71	3049.40
Saccade R	1	40	9360728400	9360764407	36007	1245.14	469.01	1174.00	415.57	1.88	111.08	0.44	52.23	4266.78	-4825.71	3049.40
Fixation L	1	25	9360764407	9360840289	75882	1179.82	427.80	22	29	-1	13.85	13.85
Fixation R	1	25	9360764407	9360840289	75882	1179.82	427.80	22	29	-1	11.18	11.18
Saccade L	1	42	9360840289	9360868327	28038	1194.12	432.74	1302.03	459.21	2.44	204.77	0.71	87.08	8624.28	-3806.50	4211.81
Saccade R	1	41	9360840289	9360868327	28038	1194.12	432.74	1302.03	459.21	2.44	204.77	0.71	87.08	8624.28	-3806.50	4211.81
Saccade L	1	43	9360868327	9360924273	55946	1302.03	459.21	1354.30	419.19	3.10	184.03	0.29	55.40	2675.46	-7367.35	2200.66
Saccade R	1	42	9360868327	9360924273	55946	1302.03	459.21	1354.30	419.19	3.10	184.03	0.29	55.40	2675.46	-7367.35	2200.66
Fixation L	1	26	9360924273	9361084276	160003	1344.48	418.66	35	20	-1	13.82	13.82
Fixation R	1	26	9360924273	9361084276	160003	1344.48	418.66	35	20	-1	11.17	11.17
Saccade L	1	44	9361084276	9361160275	75999	1333.89	430.76	784.95	889.58	17.69	447.30	0.32	232.78	19985.28	-10623.23	9616.68
Saccade R	1	43	9361084276	9361160275	75999	1333.89	430.76	784.95	889.58	17.69	447.30	0.32	232.78	19985.28	-10623.23	9616.68
Saccade L	1	45	9361160275	9361208293	48018	784.95	889.58	846.78	882.69	1.77	71.79	0.75	36.84	1421.92	-6910.42	1761.24
Saccade R	1	44	9361160275	9361208293	48018	784.95	889.58	846.78	882.69	1.77	71.79	0.75	36.84	1421.92	-6910.42	1761.24
Saccade L	1	46	9361220290	9361252312	32022	851.45	879.10	842.14	848.24	0.82	42.56	0.25	25.65	1468.34	-910.76	798.16
Saccade R	1	45	9361220290	9361252312	32022	851.45	879.10	842.14	848.24	0.82	42.56	0.25	25.65	1468.34	-910.76	798.16
Saccade L	1	47	9361272291	9361320286	47995	845.38	842.09	922.67	870.76	2.33	101.26	0.67	48.46	2195.64	-3989.28	2151.59
Saccade R	1	46	9361272291	9361320286	47995	845.38	842.09	922.67	870.76	2.33	101.26	0.67	48.46	2195.64	-3989.28	2151.59
Fixation L	1	27	9361320286	9361372292	52006	924.18	864.44	11	14	-1	13.44	13.44
Fixation R	1	27	9361320286	9361372292	52006	924.18	864.44	11	14	-1	11.05	11.05
Saccade L	1	48	9361372292	9361428313	56021	914.65	869.23	947.39	793.69	1.63	45.80	0.79	29.14	998.22	-1675.01	713.22
Saccade R	1	47	9361372292	9361428313	56021	914.65	869.23	947.39	793.69	1.63	45.80	0.79	29.14	998.22	-1675.01	713.22
Fixation L	1	28	9361428313	9361628314	200001	935.52	833.62	19	60	-1	13.33	13.33
Fixation R	1	28	9361428313	9361628314	200001	935.52	833.62	19	60	-1	11.30	11.30
Saccade L	1	49	9361628314	9361704320	76006	928.28	843.21	1316.25	340.99	14.18	426.44	0.32	186.62	18929.49	-11916.45	8806.47
Saccade R	1	48	9361628314	9361704320	76006	928.28	843.21	1316.25	340.99	14.18	426.44	0.32	186.62	18929.49	-11916.45	8806.47
Fixation L	1	29	9361704320	9361856317	151997	1308.41	385.49	17	58	-1	13.25	13.25
Fixation R	1	29	9361704320	9361856317	151997	1308.41	385.49	17	58	-1	11.07	11.07
Saccade L	1	50	9361856317	9361896291	39974	1307.89	372.97	1303.55	410.62	2.22	101.67	0.30	55.63	3481.19	-3582.21	2244.22
Saccade R	1	49	9361856317	9361896291	39974	1307.89	372.97	1303.55	410.62	2.22	101.67	0.30	55.63	3481.19	-3582.21	2244.22
Fixation L	1	30	9361896291	9362132320	236029	1290.50	400.04	27	40	-1	13.42	13.42
Fixation R	1	30	9361896291	9362132320	236029	1290.50	400.04	27	40	-1	11.32	11.32
Saccade L	1	51	9362132320	9362168295	35975	1302.01	378.64	1205.67	408.58	2.07	118.36	0.44	57.41	4658.47	-4421.39	3175.75
Saccade R	1	50	9362132320	9362168295	35975	1302.01	378.64	1205.67	408.58	2.07	118.36	0.44	57.41	4658.47	-4421.39	3175.75
Fixation L	1	31	9362168295	9362432180	263885	1196.31	425.66	34	45	-1	14.06	14.06
Fixation R	1	31	9362168295	9362432180	263885	1196.31	425.66	34	45	-1	11.50	11.50
Saccade L	1	52	9362460194	9362484192	23998	1213.26	443.54	1212.69	399.05	0.85	63.01	0.33	35.30	1754.73	-2257.95	1281.14
Saccade R	1	51	9362460194	9362484192	23998	1213.26	443.54	1212.69	399.05	0.85	63.01	0.33	35.30	1754.73	-2257.95	1281.14
Fixation L	1	32	9362484192	9363068220	584028	1201.88	420.90	78	47	-1	14.37	14.37
Fixation R	1	32	9362484192	9363068220	584028	1201.88	420.90	78	47	-1	11.67	11.67
Saccade L	1	53	9363068220	9363100187	31967	1245.69	443.37	1175.18	439.92	1.42	84.66	0.37	44.37	3172.91	-3065.81	2164.96
Saccade R	1	52	9363068220	9363100187	31967	1245.69	443.37	1175.18	439.92	1.42	84.66	0.37	44.37	3172.91	-3065.81	2164.96
Saccade L	1	54	9363116222	9363136221	19999	1173.36	439.43	1162.79	415.97	0.55	42.04	0.40	27.74	1495.29	-820.13	814.91
Saccade R	1	53	9363116222	9363136221	19999	1173.36	439.43	1162.79	415.97	0.55	42.04	0.40	27.74	1495.29	-820.13	814.91
Saccade L	1	55	9363172196	9363192190	19994	1155.77	397.71	1159.47	516.62	2.10	231.99	0.60	104.84	9620.64	1233.39	5085.57
Saccade R	1	54	9363172196	9363192190	19994	1155.77	397.71	1159.47	516.62	2.10	231.99	0.60	104.84	9620.64	1233.39	5085.57
Saccade L	1	56	9363192190	9363212191	20001	1159.47	516.62	1172.14	385.49	2.40	257.67	0.40	120.15	1233.39	-9644.28	4501.06
Saccade R	1	55	9363192190	9363212191	20001	1159.47	516.62	1172.14	385.49	2.40	257.67	0.40	120.15	1233.39	-9644.28	4501.06
Fixation L	1	33	9363212191	9363484215	272024	1166.54	408.23	36	48	-1	14.45	14.45
Fixation R	1	33	9363212191	9363484215	272024	1166.54	408.23	36	48	-1	11.68	11.68
Saccade L	1	57	9363484215	9363504211	19996	1152.84	412.38	1187.42	435.44	0.64	54.63	0.60	32.18	1875.37	301.40	986.38
Saccade R	1	56	9363484215	9363504211	19996	1152.84	412.38	1187.42	435.44	0.64	54.63	0.60	32.18	1875.37	301.40	986.38
Fixation L	1	34	9363520213	9363648093	127880	1167.34	422.79	28	40	-1	14.39	14.39
Fixation R	1	34	9363520213	9363648093	127880	1167.34	422.79	28	40	-1	11.72	11.72
Saccade L	1	58	9363648093	9363672074	23981	1164.32	406.14	1208.30	417.11	0.75	53.21	0.50	31.08	2052.02	-522.05	960.88
Saccade R	1	57	9363648093	9363672074	23981	1164.32	406.14	1208.30	417.11	0.75	53.21	0.50	31.08	2052.02	-522.05	960.88
Fixation L	1	35	9363688223	9363940102	251879	1170.41	418.15	28	25	-1	14.31	14.31
Fixation R	1	35	9363688223	9363940102	251879	1170.41	418.15	28	25	-1	11.72	11.72
Saccade L	1	59	9363940102	9364036127	96025	1177.56	418.65	868.86	877.32	12.83	313.86	0.29	133.59	12978.46	-11637.02	5315.89
Saccade R	1	58	9363940102	9364036127	96025	1177.56	418.65	868.86	877.32	12.83	313.86	0.29	133.59	12978.46	-11637.02	5315.89
Fixation L	1	36	9364036127	9364404148	368021	880.83	837.27	49	71	-1	14.61	14.61
Fixation R	1	36	9364036127	9364404148	368021	880.83	837.27	49	71	-1	11.85	11.85
Saccade L	1	60	9364404148	9364456116	51968	902.94	836.41	876.55	869.76	1.57	52.14	0.69	30.21	1423.27	-1896.58	940.29
Saccade R	1	59	9364404148	9364456116	51968	902.94	836.41	876.55	869.76	1.57	52.14	0.69	30.21	1423.27	-1896.58	940.29
Fixation L	1	37	9364456116	9364756105	299989	895.67	892.93	33	42	-1	14.66	14.66
Fixation R	1	37	9364456116	9364756105	299989	895.67	892.93	33	42	-1	11.96	11.96
Saccade L	1	61	9364756105	9364868125	112020	901.84	908.44	1184.07	388.68	13.84	340.91	0.39	123.58	11914.18	-13065.56	4596.92
Saccade R	1	60	9364756105	9364868125	112020	901.84	908.44	1184.07	388.68	13.84	340.91	0.39	123.58	11914.18	-13065.56	4596.92
Fixation L	1	38	9364868125	9365279986	411861	1191.22	434.79	42	94	-1	14.31	14.31
Fixation R	1	38	9364868125	9365279986	411861	1191.22	434.79	42	94	-1	11.51	11.51
Saccade L	1	62	9365279986	9365316075	36089	1182.23	442.36	1208.18	404.47	1.18	49.55	0.78	32.76	1305.46	-1652.03	1156.79
Saccade R	1	61	9365279986	9365316075	36089	1182.23	442.36	1208.18	404.47	1.18	49.55	0.78	32.76	1305.46	-1652.03	1156.79
Fixation L	1	39	9365316075	9365719994	403919	1219.20	385.55	24	39	-1	14.19	14.19
Fixation R	1	39	9365316075	9365719994	403919	1219.20	385.55	24	39	-1	11.53	11.53
Saccade L	1	63	9365719994	9365771997	52003	1221.95	361.96	1266.01	516.98	3.46	103.97	0.54	66.52	3829.15	-3149.92	2458.57
Saccade R	1	62	9365719994	9365771997	52003	1221.95	361.96	1266.01	516.98	3.46	103.97	0.54	66.52	3829.15	-3149.92	2458.57
Fixation L	1	40	9365771997	9366032002	260005	1272.17	506.53	39	45	-1	14.04	14.04
Fixation R	1	40	9365771997	9366032002	260005	1272.17	506.53	39	45	-1	11.42	11.42
Fixation L	1	41	9366100027	9366304023	203996	1192.27	511.37	17	37	-1	13.43	13.43
Fixation R	1	41	9366100027	9366304023	203996	1192.27	511.37	17	37	-1	10.93	10.93
Fixation L	1	42	9366320010	9366468054	148044	1190.92	528.11	45	11	-1	13.06	13.06
Fixation R	1	42	9366320010	9366468054	148044	1190.92	528.11	45	11	-1	10.64	10.64
Saccade L	1	64	9366468054	9366515928	47874	1188.13	530.16	1168.83	437.91	2.00	66.32	0.41	41.74	2773.13	-2060.18	1623.58
Saccade R	1	63	9366468054	9366515928	47874	1188.13	530.16	1168.83	437.91	2.00	66.32	0.41	41.74	2773.13	-2060.18	1623.58
Fixation L	1	43	9366515928	9367103900	587972	1168.62	408.65	23	49	-1	13.23	13.23
Fixation R	1	43	9366515928	9367103900	587972	1168.62	408.65	23	49	-1	10.86	10.86
Saccade L	1	65	9367103900	9367147929	44029	1153.23	417.57	1325.24	384.69	3.58	183.58	0.36	81.27	8759.13	-6602.01	4619.44
Saccade R	1	64	9367103900	9367147929	44029	1153.23	417.57	1325.24	384.69	3.58	183.58	0.36	81.27	8759.13	-6602.01	4619.44
Fixation L	1	44	9367147929	9367419915	271986	1315.86	401.52	36	67	-1	14.13	14.13
Fixation R	1	44	9367147929	9367419915	271986	1315.86	401.52	36	67	-1	11.64	11.64
Fixation L	1	45	9367479950	9367583919	103969	0.00	0.00	0	0	-1	4.13	4.13
Saccade L	1	66	9367707940	9367735917	27977	1201.80	465.49	1238.65	456.99	0.74	40.94	0.71	26.49	1131.09	-1088.87	923.00
Saccade R	1	65	9367707940	9367735917	27977	1201.80	465.49	1238.65	456.99	0.74	40.94	0.71	26.49	1131.09	-1088.87	923.00
Fixation L	1	46	9367735917	9367831933	96016	1234.32	444.78	25	29	-1	13.82	13.82
Fixation R	1	45	9367735917	9367831933	96016	1234.32	444.78	25	29	-1	11.20	11.20
Saccade L	1	67	9367831933	9367855939	24006	1247.93	436.92	1257.95	474.20	0.73	48.77	0.50	30.43	1603.54	-1970.14	1224.51
Saccade R	1	66	9367831933	9367855939	24006	1247.93	436.92	1257.95	474.20	0.73	48.77	0.50	30.43	1603.54	-1970.14	1224.51
Fixation L	1	47	9367855939	9368063840	207901	1251.60	456.61	34	34	-1	14.10	14.10
Fixation R	1	46	9367855939	9368063840	207901	1251.60	456.61	34	34	-1	11.51	11.51
Saccade L	1	68	9368063840	9368087806	23966	1257.37	453.02	1245.41	563.67	2.27	208.85	0.50	94.57	8503.19	-8020.93	6182.43
Saccade R	1	67	9368063840	9368087806	23966	1257.37	453.02	1245.41	563.67	2.27	208.85	0.50	94.57	8503.19	-8020.93	6182.43
Saccade L	1	69	9368111837	9368135813	23976	1232.87	566.80	1244.05	460.36	2.13	203.03	0.50	88.64	7632.41	-7238.91	5617.70
Saccade R	1	68	9368111837	9368135813	23976	1232.87	566.80	1244.05	460.36	2.13	203.03	0.50	88.64	7632.41	-7238.91	5617.70
Fixation L	1	48	9368135813	9368211818	76005	1246.51	469.94	21	20	-1	13.90	13.90
Fixation R	1	47	9368135813	9368211818	76005	1246.51	469.94	21	20	-1	11.47	11.47
Saccade L	1	70	9368211818	9368239851	28033	1238.86	474.29	1241.58	535.99	1.55	141.80	0.57	55.18	5392.43	-5237.80	3805.65
Saccade R	1	69	9368211818	9368239851	28033	1238.86	474.29	1241.58	535.99	1.55	141.80	0.57	55.18	5392.43	-5237.80	3805.65
Fixation L	1	49	9368239851	9368315802	75951	1235.37	548.38	8	21	-1	13.81	13.81
Fixation R	1	48	9368239851	9368315802	75951	1235.37	548.38	8	21	-1	11.41	11.41
Saccade L	1	71	9368315802	9368347803	32001	1232.91	557.87	1183.61	451.06	2.56	209.13	0.38	79.95	8669.95	-8260.96	5733.21
Saccade R	1	70	9368315802	9368347803	32001	1232.91	557.87	1183.61	451.06	2.56	209.13	0.38	79.95	8669.95	-8260.96	5733.21
Saccade L	1	72	9368371812	9368403823	32011	1177.00	451.86	1223.23	560.56	2.63	203.80	0.38	82.23	8301.98	-8216.30	5343.91
Saccade R	1	71	9368371812	9368403823	32011	1177.00	451.86	1223.23	560.56	2.63	203.80	0.38	82.23	8301.98	-8216.30	5343.91
Saccade L	1	73	9368403823	9368431856	28033	1223.23	560.56	1240.65	469.15	1.93	169.39	0.57	68.97	6332.34	-6996.89	4343.05
Saccade R	1	72	9368403823	9368431856	28033	1223.23	560.56	1240.65	469.15	1.93	169.39	0.57	68.97	6332.34	-6996.89	4343.05
Fixation L	1	50	9368431856	9368615842	183986	1241.74	468.35	27	52	-1	13.88	13.88
Fixation R	1	49	9368431856	9368615842	183986	1241.74	468.35	27	52	-1	11.42	11.42
Saccade L	1	74	9368615842	9368655823	39981	1249.82	436.08	1185.68	392.19	1.64	75.73	0.30	41.06	3471.53	-2554.57	2027.14
Saccade R	1	73	9368615842	9368655823	39981	1249.82	436.08	1185.68	392.19	1.64	75.73	0.30	41.06	3471.53	-2554.57	2027.14
Saccade L	1	75	9368687835	9368707821	19986	1168.70	386.73	1167.47	420.15	0.60	51.43	0.40	29.99	1441.80	-1903.15	1164.45
Saccade R	1	74	9368687835	9368707821	19986	1168.70	386.73	1167.47	420.15	0.60	51.43	0.40	29.99	1441.80	-1903.15	1164.45
Fixation L	1	51	9368707821	9368967851	260030	1168.17	438.41	16	39	-1	14.39	14.39
Fixation R	1	50	9368707821	9368967851	260030	1168.17	438.41	16	39	-1	11.44	11.44
Saccade L	1	76	9368967851	9369031844	63993	1163.17	446.59	1289.12	418.48	2.88	127.20	0.25	44.99	5547.88	-4547.44	2224.18
Saccade R	1	75	9368967851	9369031844	63993	1163.17	446.59	1289.12	418.48	2.88	127.20	0.25	44.99	5547.88	-4547.44	2224.18
Fixation L	1	52	9369031844	9369547711	515867	1300.82	421.29	50	63	-1	14.76	14.76
Fixation R	1	51	9369031844	9369547711	515867	1300.82	421.29	50	63	-1	11.66	11.66
Saccade L	1	77	9369547711	9369579730	32019	1290.73	444.99	1206.07	430.50	1.74	107.41	0.50	54.49	4702.17	-4188.41	3259.48
Saccade R	1	76	9369547711	9369579730	32019	1290.73	444.99	1206.07	430.50	1.74	107.41	0.50	54.49	4702.17	-4188.41	3259.48
Fixation L	1	53	9369579730	9369875737	296007	1201.31	427.30	20	40	-1	14.29	14.29
Fixation R	1	52	9369579730	9369875737	296007	1201.31	427.30	20	40	-1	11.41	11.41
Saccade L	1	78	9369875737	9369959736	83999	1217.64	434.48	856.20	923.65	13.86	426.75	0.38	165.05	17632.57	-14294.94	8389.26
Saccade R	1	77	9369875737	9369959736	83999	1217.64	434.48	856.20	923.65	13.86	426.75	0.38	165.05	17632.57	-14294.94	8389.26
Fixation L	1	54	9369959736	9370175723	215987	843.62	907.54	27	46	-1	14.70	14.70
Fixation R	1	53	9369959736	9370175723	215987	843.62	907.54	27	46	-1	11.87	11.87
Saccade L	1	79	9370175723	9370231747	56024	854.52	887.32	989.29	867.70	2.98	80.51	0.29	53.15	3511.19	-2386.48	1701.95
Saccade R	1	78	9370175723	9370231747	56024	854.52	887.32	989.29	867.70	2.98	80.51	0.29	53.15	3511.19	-2386.48	1701.95
Fixation L	1	55	9370231747	9370503744	271997	991.85	857.67	22	21	-1	14.14	14.14
Fixation R	1	54	9370231747	9370503744	271997	991.85	857.67	22	21	-1	11.33	11.33
Saccade L	1	80	9370503744	9370523730	19986	991.52	867.18	964.41	879.21	0.57	49.57	0.60	28.29	1246.48	-1227.43	790.90
Saccade R	1	79	9370503744	9370523730	19986	991.52	867.18	964.41	879.21	0.57	49.57	0.60	28.29	1246.48	-1227.43	790.90
Fixation L	1	56	9370523730	9370675745	152015	978.30	832.11	27	71	-1	13.77	13.77
Fixation R	1	55	9370523730	9370675745	152015	978.30	832.11	27	71	-1	11.10	11.10
Saccade L	1	81	9370675745	9370719629	43884	991.83	808.02	957.05	768.51	1.36	49.99	0.73	30.95	1621.36	-1977.90	1096.02
Saccade R	1	80	9370675745	9370719629	43884	991.83	808.02	957.05	768.51	1.36	49.99	0.73	30.95	1621.36	-1977.90	1096.02
Fixation L	1	57	9370719629	9370827612	107983	957.80	766.21	6	5	-1	13.83	13.83
Fixation R	1	56	9370719629	9370827612	107983	957.80	766.21	6	5	-1	11.04	11.04
Saccade L	1	82	9370843627	9370891619	47992	961.83	743.53	887.43	813.86	2.28	92.04	0.33	47.52	3101.87	-2945.61	2193.90
Saccade R	1	81	9370843627	9370891619	47992	961.83	743.53	887.43	813.86	2.28	92.04	0.33	47.52	3101.87	-2945.61	2193.90
Fixation L	1	58	9370891619	9371127623	236004	866.46	812.51	42	24	-1	14.07	14.07
Fixation R	1	57	9370891619	9371127623	236004	866.46	812.51	42	24	-1	11.44	11.44
Saccade L	1	83	9371127623	9371199674	72051	848.39	816.97	1274.82	289.29	15.87	472.44	0.67	220.24	13432.75	-21714.53	8928.75
Saccade R	1	82	9371127623	9371199674	72051	848.39	816.97	1274.82	289.29	15.87	472.44	0.67	220.24	13432.75	-21714.53	8928.75
Fixation L	1	59	9371199674	9371715664	515990	1230.53	366.42	75	123	-1	14.15	14.15
Fixation R	1	58	9371199674	9371715664	515990	1230.53	366.42	75	123	-1	11.45	11.45
Saccade L	1	84	9371715664	9371755658	39994	1214.54	384.29	1282.92	391.57	1.55	72.25	0.40	38.75	2711.90	-2226.98	1602.85
Saccade R	1	83	9371715664	9371755658	39994	1214.54	384.29	1282.92	391.57	1.55	72.25	0.40	38.75	2711.90	-2226.98	1602.85
Fixation L	1	60	9371755658	9371807638	51980	1293.53	374.00	13	24	-1	14.73	14.73
Fixation R	1	59	9371755658	9371807638	51980	1293.53	374.00	13	24	-1	11.78	11.78
Fixation L	1	61	9371835630	9372039641	204011	1294.82	368.33	17	23	-1	14.91	14.91
Fixation R	1	60	9371835630	9372039641	204011	1294.82	368.33	17	23	-1	11.83	11.83
Saccade L	1	85	9372039641	9372075633	35992	1305.14	365.39	1264.30	507.75	3.23	258.80	0.33	89.67	10204.16	-9947.25	6196.73
Saccade R	1	84	9372039641	9372075633	35992	1305.14	365.39	1264.30	507.75	3.23	258.80	0.33	89.67	10204.16	-9947.25	6196.73
Fixation L	1	62	9372127670	9372215530	87860	1287.04	381.98	9	10	-1	14.91	14.91
Fixation R	1	61	9372127670	9372215530	87860	1287.04	381.98	9	10	-1	11.70	11.70
Saccade L	1	86	9372235528	9372307524	71996	1294.90	374.52	959.38	870.87	13.70	323.97	0.50	190.22	10191.54	-11871.46	6381.77
Saccade R	1	85	9372235528	9372307524	71996	1294.90	374.52	959.38	870.87	13.70	323.97	0.50	190.22	10191.54	-11871.46	6381.77
Fixation L	1	63	9372307524	9372579527	272003	959.01	865.32	43	35	-1	14.88	14.88
Fixation R	1	62	9372307524	9372579527	272003	959.01	865.32	43	35	-1	11.72	11.72
Saccade L	1	87	9372579527	9372623545	44018	992.91	846.60	933.35	869.92	1.22	47.72	0.45	27.62	1654.02	-1545.25	1089.10
Saccade R	1	86	9372579527	9372623545	44018	992.91	846.60	933.35	869.92	1.22	47.72	0.45	27.62	1654.02	-1545.25	1089.10
Fixation L	1	64	9372623545	9372923556	300011	930.22	880.92	32	35	-1	14.67	14.67
Fixation R	1	63	9372623545	9372923556	300011	930.22	880.92	32	35	-1	11.59	11.59
Saccade L	1	88	9372923556	9373011533	87977	926.18	887.30	1260.33	434.65	12.89	342.18	0.41	146.55	11117.59	-7807.70	5050.59
Saccade R	1	87	9372923556	9373011533	87977	926.18	887.30	1260.33	434.65	12.89	342.18	0.41	146.55	11117.59	-7807.70	5050.59
Saccade L	1	89	9373051540	9373075543	24003	1267.16	462.97	1259.90	413.48	1.00	77.87	0.50	41.86	2274.46	-3524.30	2013.33
Saccade R	1	88	9373051540	9373075543	24003	1267.16	462.97	1259.90	413.48	1.00	77.87	0.50	41.86	2274.46	-3524.30	2013.33
Saccade L	1	90	9373123544	9373155530	31986	1256.50	412.97	1254.88	458.33	1.03	52.46	0.63	32.10	1880.93	-2281.90	1522.16
Saccade R	1	89	9373123544	9373155530	31986	1256.50	412.97	1254.88	458.33	1.03	52.46	0.63	32.10	1880.93	-2281.90	1522.16
Saccade L	1	91	9373179561	9373223548	43987	1257.27	456.39	1271.42	442.73	2.17	71.55	0.55	49.26	2507.92	-1799.26	1353.32
Saccade R	1	90	9373179561	9373223548	43987	1257.27	456.39	1271.42	442.73	2.17	71.55	0.55	49.26	2507.92	-1799.26	1353.32
Saccade L	1	92	9373223548	9373271555	48007	1271.42	442.73	1285.00	435.03	2.57	86.87	0.58	53.45	2770.62	-2751.04	1695.21
Saccade R	1	91	9373223548	9373271555	48007	1271.42	442.73	1285.00	435.03	2.57	86.87	0.58	53.45	2770.62	-2751.04	1695.21
Saccade L	1	93	9373283556	9373367557	84001	1271.72	432.67	1157.49	342.20	6.82	171.68	0.57	81.21	4929.42	-5974.27	2507.31
Saccade R	1	92	9373283556	9373367557	84001	1271.72	432.67	1157.49	342.20	6.82	171.68	0.57	81.21	4929.42	-5974.27	2507.31
Fixation L	1	65	9373367557	9373423543	55986	1151.57	347.51	17	12	-1	14.16	14.16
Fixation R	1	64	9373367557	9373423543	55986	1151.57	347.51	17	12	-1	11.21	11.21
Saccade L	1	94	9373423543	9373467544	44001	1142.78	354.39	1155.27	436.15	4.48	270.65	0.27	101.74	11317.48	-6924.65	5304.49
Saccade R	1	93	9373423543	9373467544	44001	1142.78	354.39	1155.27	436.15	4.48	270.65	0.27	101.74	11317.48	-6924.65	5304.49
Fixation L	1	66	9373467544	9373635431	167887	1165.33	419.70	21	22	-1	14.38	14.38
Fixation R	1	65	9373467544	9373635431	167887	1165.33	419.70	21	22	-1	11.35	11.35
Saccade L	1	95	9373635431	9373679458	44027	1166.17	410.97	1145.90	432.72	3.77	211.39	0.55	85.64	7796.71	-7577.77	4225.69
Saccade R	1	94	9373635431	9373679458	44027	1166.17	410.97	1145.90	432.72	3.77	211.39	0.55	85.64	7796.71	-7577.77	4225.69
Saccade L	1	96	9373679458	9373803450	123992	1145.90	432.72	932.69	859.34	13.74	273.27	0.39	110.81	9625.62	-5998.32	3367.63
Saccade R	1	95	9373679458	9373803450	123992	1145.90	432.72	932.69	859.34	13.74	273.27	0.39	110.81	9625.62	-5998.32	3367.63
Fixation L	1	67	9373803450	9373951444	147994	918.24	844.44	53	30	-1	15.05	15.05
Fixation R	1	66	9373803450	9373951444	147994	918.24	844.44	53	30	-1	11.64	11.64
Saccade L	1	97	9373951444	9373971425	19981	907.25	828.08	868.35	841.44	0.79	61.74	0.40	39.43	2240.44	-2044.42	1558.88
Saccade R	1	96	9373951444	9373971425	19981	907.25	828.08	868.35	841.44	0.79	61.74	0.40	39.43	2240.44	-2044.42	1558.88
Fixation L	1	68	9373971425	9374155455	184030	832.77	846.10	60	18	-1	14.74	14.74
Fixation R	1	67	9373971425	9374155455	184030	832.77	846.10	60	18	-1	11.86	11.86
Saccade L	1	98	9374155455	9374187442	31987	806.59	844.18	731.60	835.19	1.56	101.02	0.37	48.83	4619.66	-4592.13	3176.38
Saccade R	1	97	9374155455	9374187442	31987	806.59	844.18	731.60	835.19	1.56	101.02	0.37	48.83	4619.66	-4592.13	3176.38
Fixation L	1	69	9374187442	9374411436	223994	735.29	858.90	28	78	-1	14.25	14.25
Fixation R	1	68	9374187442	9374411436	223994	735.29	858.90	28	78	-1	11.88	11.88
Saccade L	1	99	9374411436	9374483496	72060	691.48	863.54	1115.72	367.70	15.18	356.83	0.44	210.70	15433.50	-13447.62	8348.23
Saccade R	1	98	9374411436	9374483496	72060	691.48	863.54	1115.72	367.70	15.18	356.83	0.44	210.70	15433.50	-13447.62	8348.23
Fixation L	1	70	9374483496	9374779452	295956	1101.36	409.72	34	73	-1	13.94	13.94
Fixation R	1	69	9374483496	9374779452	295956	1101.36	409.72	34	73	-1	11.49	11.49
Saccade L	1	100	9374779452	9374807451	27999	1103.09	437.92	1098.33	385.05	1.05	62.43	0.57	37.68	2732.65	-2407.28	1958.75
Saccade R	1	99	9374779452	9374807451	27999	1103.09	437.92	1098.33	385.05	1.05	62.43	0.57	37.68	2732.65	-2407.28	1958.75
Fixation L	1	71	9374807451	9374887479	80028	1086.98	417.01	15	57	-1	14.05	14.05
Fixation R	1	70	9374807451	9374887479	80028	1086.98	417.01	15	57	-1	11.66	11.66
Saccade L	1	101	9374887479	9374931456	43977	1084.17	439.31	1190.54	423.80	2.33	104.45	0.27	52.93	4455.20	-2705.53	2440.16
Saccade R	1	100	9374887479	9374931456	43977	1084.17	439.31	1190.54	423.80	2.33	104.45	0.27	52.93	4455.20	-2705.53	2440.16
Fixation L	1	72	9374931456	9375271328	339872	1206.50	395.84	34	54	-1	14.40	14.40
Fixation R	1	71	9374931456	9375271328	339872	1206.50	395.84	34	54	-1	11.89	11.89
Saccade R	1	101	9375271328	9375323354	52026	1204.35	415.80	0.00	0.00	37.00	2668.53	0.69	711.16	107883.22	-126782.57	55078.13
Fixation R	1	72	9375323354	9375427352	103998	0.00	0.00	0	0	-1	4.68	4.68
Saccade R	1	102	9375427352	9375515349	87997	0.00	0.00	865.63	809.09	34.05	1416.79	0.45	386.93	35359.39	-55879.16	16778.45
Saccade L	1	102	9375543333	9375583347	40014	862.08	803.79	860.17	879.21	1.81	76.37	0.30	45.25	3281.60	-2280.89	1652.58
Saccade R	1	103	9375543333	9375583347	40014	862.08	803.79	860.17	879.21	1.81	76.37	0.30	45.25	3281.60	-2280.89	1652.58
Saccade L	1	103	9375583347	9375607343	23996	860.17	879.21	809.47	895.26	0.98	68.59	0.50	40.68	1590.78	-1577.56	1123.38
Saccade R	1	104	9375583347	9375607343	23996	860.17	879.21	809.47	895.26	0.98	68.59	0.50	40.68	1590.78	-1577.56	1123.38
Fixation L	1	73	9375607343	9375671336	63993	791.15	897.19	26	32	-1	14.76	14.76
Fixation R	1	73	9375607343	9375671336	63993	791.15	897.19	26	32	-1	12.10	12.10
Saccade L	1	104	9375671336	9375695355	24019	792.88	879.66	799.82	770.57	2.37	228.82	0.50	98.72	9357.42	-8937.14	6679.88
Saccade R	1	105	9375671336	9375695355	24019	792.88	879.66	799.82	770.57	2.37	228.82	0.50	98.72	9357.42	-8937.14	6679.88
Saccade L	1	105	9375719367	9375747284	27917	813.00	785.54	840.05	663.82	2.65	233.75	0.57	94.92	8910.64	-6368.71	5323.24
Saccade R	1	106	9375719367	9375747284	27917	813.00	785.54	840.05	663.82	2.65	233.75	0.57	94.92	8910.64	-6368.71	5323.24
Saccade L	1	106	9375747284	9375775337	28053	840.05	663.82	862.16	934.59	5.67	529.95	0.57	202.18	19723.65	-21352.91	13719.04
Saccade R	1	107	9375747284	9375775337	28053	840.05	663.82	862.16	934.59	5.67	529.95	0.57	202.18	19723.65	-21352.91	13719.04
Saccade L	1	107	9375855378	9375887355	31977	863.27	960.26	831.45	833.23	2.80	230.93	0.62	87.48	9173.08	-9426.64	6351.28
Saccade R	1	108	9375855378	9375887355	31977	863.27	960.26	831.45	833.23	2.80	230.93	0.62	87.48	9173.08	-9426.64	6351.28
Saccade L	1	108	9375919345	9375943365	24020	831.97	829.43	838.33	933.54	2.06	189.92	0.50	85.86	7726.36	-7145.16	5645.37
Saccade R	1	109	9375919345	9375943365	24020	831.97	829.43	838.33	933.54	2.06	189.92	0.50	85.86	7726.36	-7145.16	5645.37
Fixation L	1	74	9375943365	9375995343	51978	855.06	930.39	40	9	-1	14.29	14.29
Fixation R	1	74	9375943365	9375995343	51978	855.06	930.39	40	9	-1	12.03	12.03
Saccade L	1	109	9375995343	9376019286	23943	867.35	929.77	908.26	906.69	0.98	77.09	0.50	40.85	3433.63	-3084.90	2404.43
Saccade R	1	110	9375995343	9376019286	23943	867.35	929.77	908.26	906.69	0.98	77.09	0.50	40.85	3433.63	-3084.90	2404.43
Fixation L	1	75	9376019286	9376235369	216083	917.73	908.33	36	23	-1	14.42	14.42
Fixation R	1	75	9376019286	9376235369	216083	917.73	908.33	36	23	-1	11.68	11.68
Fixation L	1	76	9376331350	9376947258	615908	1309.87	395.54	44	58	-1	13.78	13.78
Fixation R	1	76	9376331350	9376947258	615908	1309.87	395.54	44	58	-1	11.33	11.33
Saccade L	1	110	9376947258	9376979276	32018	1320.71	371.51	1356.96	369.01	0.96	43.55	0.37	29.96	987.65	-1401.59	976.00
Saccade R	1	111	9376947258	9376979276	32018	1320.71	371.51	1356.96	369.01	0.96	43.55	0.37	29.96	987.65	-1401.59	976.00
Fixation L	1	77	9376979276	9377139287	160011	1329.52	400.02	55	50	-1	13.91	13.91
Fixation R	1	77	9376979276	9377139287	160011	1329.52	400.02	55	50	-1	11.40	11.40
Saccade L	1	111	9377139287	9377223262	83975	1338.51	417.74	850.41	982.65	17.34	346.80	0.38	206.47	14206.83	-12105.61	6757.05
Saccade R	1	112	9377139287	9377223262	83975	1338.51	417.74	850.41	982.65	17.34	346.80	0.38	206.47	14206.83	-12105.61	6757.05
Saccade L	1	112	9377223262	9377247263	24001	850.41	982.65	821.39	1008.07	0.68	44.55	0.50	28.41	-149.86	-7046.14	2154.62
Saccade R	1	113	9377223262	9377247263	24001	850.41	982.65	821.39	1008.07	0.68	44.55	0.50	28.41	-149.86	-7046.14	2154.62
Saccade L	1	113	9377271254	9377307278	36024	819.38	1003.22	858.27	975.13	0.98	40.44	0.44	27.32	1754.76	-1004.95	960.99
Saccade R	1	114	9377271254	9377307278	36024	819.38	1003.22	858.27	975.13	0.98	40.44	0.44	27.32	1754.76	-1004.95	960.99
Saccade L	1	114	9377351287	9377391254	39967	862.13	969.23	932.23	924.11	1.77	91.66	0.50	44.22	3848.55	-3298.01	2433.22
Saccade R	1	115	9377351287	9377391254	39967	862.13	969.23	932.23	924.11	1.77	91.66	0.50	44.22	3848.55	-3298.01	2433.22
Fixation L	1	78	9377391254	9377647274	256020	932.76	923.63	25	29	-1	14.30	14.30
Fixation R	1	78	9377391254	9377647274	256020	932.76	923.63	25	29	-1	11.79	11.79
Saccade L	1	115	9377647274	9377683259	35985	951.34	909.42	866.77	906.98	1.74	90.75	0.33	48.44	3710.96	-3393.58	2626.42
Saccade R	1	116	9377647274	9377683259	35985	951.34	909.42	866.77	906.98	1.74	90.75	0.33	48.44	3710.96	-3393.58	2626.42
Fixation L	1	79	9377683259	9377787138	103879	856.02	915.10	20	17	-1	13.91	13.91
Fixation R	1	79	9377683259	9377787138	103879	856.02	915.10	20	17	-1	11.24	11.24
Saccade L	1	116	9377787138	9377875143	88005	856.81	920.88	1279.96	277.22	17.33	355.24	0.64	196.88	14665.94	-13852.32	6196.19
Saccade R	1	117	9377787138	9377875143	88005	856.81	920.88	1279.96	277.22	17.33	355.24	0.64	196.88	14665.94	-13852.32	6196.19
Fixation L	1	80	9377875143	9378211196	336053	1251.58	342.77	47	99	-1	13.72	13.72
Fixation R	1	80	9377875143	9378211196	336053	1251.58	342.77	47	99	-1	11.28	11.28
Saccade L	1	117	9378211196	9378267158	55962	1247.15	342.85	1186.31	412.90	2.34	75.14	0.36	41.77	3367.99	-1779.39	1526.36
Saccade R	1	118	9378211196	9378267158	55962	1247.15	342.85	1186.31	412.90	2.34	75.14	0.36	41.77	3367.99	-1779.39	1526.36
Fixation L	1	81	9378267158	9379171174	904016	1190.34	412.96	38	90	-1	14.51	14.51
Fixation R	1	81	9378267158	9379171174	904016	1190.34	412.96	38	90	-1	11.72	11.72
Saccade L	1	118	9379171174	9379195050	23876	1175.42	459.01	1167.51	417.58	0.80	48.27	0.33	33.46	1988.28	-1807.38	1390.16
Saccade R	1	119	9379171174	9379195050	23876	1175.42	459.01	1167.51	417.58	0.80	48.27	0.33	33.46	1988.28	-1807.38	1390.16
Fixation L	1	82	9379195050	9379611061	416011	1146.04	395.26	32	36	-1	14.02	14.02
Fixation R	1	82	9379195050	9379927096	732046	718.44	242.36	1731	463	-1	7.43	7.43
Saccade L	1	119	9379611061	9379659067	48006	1142.35	381.20	0.00	0.00	42.71	3229.88	0.75	889.68	102542.76	-136820.56	60293.35
Fixation L	1	83	9379659067	9379927096	268029	0.00	0.00	0	0	-1	2.35	2.35
Fixation L	1	84	9380027085	9380231072	203987	1349.74	404.42	32	44	-1	14.37	14.37
Fixation R	1	83	9380027085	9380231072	203987	1349.74	404.42	32	44	-1	11.92	11.92
Saccade L	1	120	9380231072	9380251070	19998	1339.90	422.01	1352.39	396.59	0.55	46.13	0.40	27.29	1780.03	-287.57	630.54
Saccade R	1	120	9380231072	9380251070	19998	1339.90	422.01	1352.39	396.59	0.55	46.13	0.40	27.29	1780.03	-287.57	630.54
Fixation L	1	85	9380251070	9380419097	168027	1352.29	417.02	45	52	-1	14.41	14.41
Fixation R	1	84	9380251070	9380419097	168027	1352.29	417.02	45	52	-1	11.71	11.71
Saccade L	1	121	9380419097	9380483080	63983	1363.99	392.11	1277.14	284.22	3.09	122.00	0.25	48.27	5624.33	-4091.05	2190.75
Saccade R	1	121	9380419097	9380483080	63983	1363.99	392.11	1277.14	284.22	3.09	122.00	0.25	48.27	5624.33	-4091.05	2190.75
Saccade L	1	122	9380511072	9380535084	24012	1290.26	279.53	1312.02	432.58	3.13	290.09	0.50	130.15	11406.55	-11760.55	8702.66
Saccade R	1	122	9380511072	9380535084	24012	1290.26	279.53	1312.02	432.58	3.13	290.09	0.50	130.15	11406.55	-11760.55	8702.66
Saccade L	1	123	9380543066	9380591066	48000	1311.98	428.60	1197.59	511.79	3.19	179.49	0.58	66.39	7142.95	-7755.30	4396.24
Saccade R	1	123	9380543066	9380591066	48000	1311.98	428.60	1197.59	511.79	3.19	179.49	0.58	66.39	7142.95	-7755.30	4396.24
Fixation L	1	86	9380591066	9381027008	435942	1219.86	473.62	50	54	-1	13.08	13.08
Fixation R	1	85	9380591066	9381027008	435942	1219.86	473.62	50	54	-1	10.75	10.75
Saccade L	1	124	9381027008	9381059015	32007	1236.82	468.84	1179.83	469.11	2.41	122.93	0.37	75.42	6111.83	-5125.56	4232.22
Saccade R	1	124	9381027008	9381059015	32007	1236.82	468.84	1179.83	469.11	2.41	122.93	0.37	75.42	6111.83	-5125.56	4232.22
Saccade L	1	125	9381094982	9381130966	35984	1166.42	474.79	1121.80	596.20	2.87	217.54	0.33	79.69	8910.40	-8170.06	5390.11
Saccade R	1	125	9381094982	9381130966	35984	1166.42	474.79	1121.80	596.20	2.87	217.54	0.33	79.69	8910.40	-8170.06	5390.11
Saccade L	1	126	9381142972	9381206964	63992	1118.79	598.80	1157.77	469.80	3.19	127.04	0.31	49.87	4753.78	-2607.65	1957.18
Saccade R	1	126	9381142972	9381206964	63992	1118.79	598.80	1157.77	469.80	3.19	127.04	0.31	49.87	4753.78	-2607.65	1957.18
Fixation L	1	87	9381206964	9381734975	528011	1164.72	473.05	25	32	-1	13.38	13.38
Fixation R	1	86	9381206964	9381734975	528011	1164.72	473.05	25	32	-1	11.01	11.01
Saccade L	1	127	9381734975	9381779008	44033	1165.19	489.03	1285.38	498.39	2.83	112.80	0.36	64.30	5247.68	-4689.05	2944.48
Saccade R	1	127	9381734975	9381779008	44033	1165.19	489.03	1285.38	498.39	2.83	112.80	0.36	64.30	5247.68	-4689.05	2944.48
Fixation L	1	88	9381779008	9382114875	335867	1297.49	476.00	33	75	-1	13.53	13.53
Fixation R	1	87	9381779008	9382114875	335867	1297.49	476.00	33	75	-1	11.10	11.10
Saccade L	1	128	9382114875	9382138875	24000	1301.08	432.83	1341.50	446.95	1.14	89.81	0.50	47.32	9445.36	576.21	4412.77
Saccade R	1	128	9382114875	9382138875	24000	1301.08	432.83	1341.50	446.95	1.14	89.81	0.50	47.32	9445.36	576.21	4412.77
Saccade L	1	129	9382138875	9382262902	124027	1341.50	446.95	919.11	284.73	70.64	2130.41	0.77	569.57	34307.62	-79282.61	21585.96
Saccade L	1	130	9382262902	9382342888	79986	919.11	284.73	1071.68	350.37	3.92	85.07	0.25	49.02	2204.81	-2383.55	1061.63
Saccade L	1	131	9382354864	9382438872	84008	1049.22	333.26	1093.89	362.91	9.33	364.39	0.52	111.03	12021.50	-11098.47	4579.90
Saccade L	1	132	9382498859	9382518888	20029	1218.89	449.88	1284.26	412.03	1.27	120.35	0.60	63.27	4679.90	-3983.32	2828.56
Saccade L	1	133	9382518888	9382558879	39991	1284.26	412.03	1262.99	418.78	1.23	48.73	0.40	30.68	231.75	-3983.32	1014.64
Saccade L	1	134	9382574870	9382598872	24002	1275.61	432.30	1259.13	389.55	0.81	59.93	0.50	33.83	1500.38	-2387.55	1390.21
Fixation L	1	89	9382598872	9382702879	104007	1247.84	403.05	26	29	-1	13.09	13.09
Saccade L	1	135	9382722903	9382742886	19983	1244.63	394.75	1236.04	467.13	1.10	104.23	0.40	54.83	18435.70	-3615.95	4887.99
Fixation L	1	90	9382742886	9383162877	419991	58.67	22.19	1236	467	-1	0.65	0.65
Fixation R	1	88	9382774857	9383162877	388020	0.00	0.00	0	0	-1	0.00	0.00
Fixation L	1	91	9385279341	9385671333	391992	0.00	0.00	0	0	-1	0.00	0.00
Fixation R	1	89	9386899356	9387995245	1095889	0.00	0.00	0	0	-1	0.04	0.04
Fixation L	1	92	9388023221	9388403233	380012	0.00	0.00	0	0	-1	0.00	0.00
Saccade L	1	136	9388403233	9388627403	224170	0.00	0.00	1190.25	496.76	168.55	2474.37	0.89	751.90	103199.16	-102128.89	62394.31
Fixation L	1	93	9388627403	9389335298	707895	1224.22	440.80	78	120	-1	13.35	13.35
Fixation R	1	90	9388627403	9389335298	707895	1224.22	440.80	78	120	-1	11.24	11.24
Saccade L	1	137	9389335298	9389423275	87977	1251.29	416.68	617.80	985.98	19.14	504.32	0.41	217.53	22587.90	-14189.01	9212.11
Saccade R	1	129	9389335298	9389423275	87977	1251.29	416.68	617.80	985.98	19.14	504.32	0.41	217.53	22587.90	-14189.01	9212.11
Fixation L	1	94	9389423275	9389787271	363996	673.94	928.77	87	88	-1	14.78	14.78
Fixation R	1	91	9389423275	9389787271	363996	673.94	928.77	87	88	-1	12.35	12.35
Saccade L	1	138	9389787271	9389863310	76039	687.79	908.04	756.02	831.29	3.52	91.26	0.68	46.30	2501.59	-3094.92	1506.43
Saccade R	1	130	9389787271	9389863310	76039	687.79	908.04	756.02	831.29	3.52	91.26	0.68	46.30	2501.59	-3094.92	1506.43
Fixation L	1	95	9389863310	9390007215	143905	738.48	835.73	28	25	-1	14.50	14.50
Fixation R	1	92	9389863310	9390007215	143905	738.48	835.73	28	25	-1	12.00	12.00
Saccade L	1	139	9390007215	9390075281	68066	712.23	842.09	637.15	430.22	9.85	307.78	0.53	144.78	12634.77	-8123.26	6784.16
Saccade R	1	131	9390007215	9390075281	68066	712.23	842.09	637.15	430.22	9.85	307.78	0.53	144.78	12634.77	-8123.26	6784.16
Fixation L	1	96	9390075281	9390159286	84005	639.17	453.56	13	41	-1	14.59	14.59
Fixation R	1	93	9390075281	9390159286	84005	639.17	453.56	13	41	-1	11.99	11.99
Saccade L	1	140	9390159286	9390179292	20006	638.79	472.10	648.97	452.19	0.59	47.89	0.60	29.71	1884.41	-575.43	906.04
Saccade R	1	132	9390159286	9390179292	20006	638.79	472.10	648.97	452.19	0.59	47.89	0.60	29.71	1884.41	-575.43	906.04
Saccade L	1	141	9390219286	9390291310	72024	630.38	444.09	1176.53	429.65	12.13	325.94	0.39	168.46	13581.62	-14549.55	6709.09
Saccade R	1	133	9390219286	9390291310	72024	630.38	444.09	1176.53	429.65	12.13	325.94	0.39	168.46	13581.62	-14549.55	6709.09
Fixation L	1	97	9390291310	9391103170	811860	789.96	297.36	1765	517	-1	12.11	12.11
Fixation R	1	94	9390291310	9390799188	507878	1132.01	430.39	93	68	-1	11.77	11.77
Saccade L	1	142	9391103170	9391259172	156002	0.00	0.00	1233.34	488.70	61.77	2676.09	0.23	395.96	70766.52	-87475.87	18018.22
Fixation L	1	98	9391259172	9391403187	144015	1222.47	471.99	35	65	-1	15.72	15.72
Fixation R	1	95	9391259172	9391403187	144015	1222.47	471.99	35	65	-1	0.00	0.00
Saccade L	1	143	9391475187	9391495188	20001	1204.98	432.76	1190.56	458.88	0.55	40.37	0.60	27.31	-579.81	-7547.81	2613.87
Fixation L	1	99	9391495188	9391919069	423881	67.62	25.60	1202	458	-1	0.92	0.92
Fixation R	1	96	9391495188	9391919069	423881	67.62	25.60	1202	458	-1	0.00	0.00
