[BeGaze]
Converted from:	D:\Kirillov\Results\ermolova_temp\Anna-eye_data.idf
Date:	17.04.2019 03:52:53
Version:	BeGaze 3.0.181
Sample Rate:	250
Subject:	Anna
Description:	Run15

Table Header for Fixations:
Event Type	Trial	Number	Start	End	Duration	Location X	Location Y	Dispersion X	Dispersion Y	Plane	Avg. Pupil Size X	Avg. Pupil Size Y

Table Header for Saccades:
Event Type	Trial	Number	Start	End	Duration	Start Loc.X	Start Loc.Y	End Loc.X	End Loc.Y	Amplitude	Peak Speed	Peak Speed At	Average Speed	Peak Accel.	Peak Decel.	Average Accel.

Table Header for User Events:
Event Type	Trial	Number	Start	Description

UserEvent	1	1	3524225599	# Message: experiment-09.jpg
Fixation L	1	1	3524233566	3524517592	284026	752.13	378.17	16	24	-1	13.93	13.93
Fixation R	1	1	3524233566	3524517592	284026	752.13	378.17	16	24	-1	14.14	14.14
Saccade L	1	1	3524517592	3524633583	115991	760.36	373.23	756.30	698.34	76.18	2238.68	0.41	656.76	59554.56	-77319.32	25880.57
Saccade R	1	1	3524517592	3524633583	115991	760.36	373.23	756.30	698.34	76.18	2238.68	0.41	656.76	59554.56	-77319.32	25880.57
Fixation L	1	2	3524633583	3524689588	56005	756.79	704.91	3	9	-1	13.20	13.20
Fixation R	1	2	3524633583	3524689588	56005	756.79	704.91	3	9	-1	13.06	13.06
Saccade L	1	2	3524689588	3524737596	48008	759.49	709.06	0.00	0.00	31.19	2428.17	0.75	649.62	85952.22	-102821.07	46944.68
Saccade R	1	2	3524689588	3524737596	48008	759.49	709.06	0.00	0.00	31.19	2428.17	0.75	649.62	85952.22	-102821.07	46944.68
Fixation L	1	3	3524737596	3524793562	55966	0.00	0.00	0	0	-1	11.15	11.15
Fixation R	1	3	3524737596	3524793562	55966	0.00	0.00	0	0	-1	10.32	10.32
Saccade L	1	3	3524793562	3524857587	64025	0.00	0.00	739.68	662.89	33.05	1418.29	0.44	516.25	53596.99	-50696.23	21945.47
Saccade R	1	3	3524793562	3524857587	64025	0.00	0.00	739.68	662.89	33.05	1418.29	0.44	516.25	53596.99	-50696.23	21945.47
Saccade L	1	4	3524857587	3524921611	64024	739.68	662.89	1195.80	345.37	12.20	497.16	0.31	190.49	23252.35	-18437.68	11384.60
Saccade R	1	4	3524857587	3524921611	64024	739.68	662.89	1195.80	345.37	12.20	497.16	0.31	190.49	23252.35	-18437.68	11384.60
Fixation L	1	4	3524921611	3525289601	367990	1180.60	379.06	37	78	-1	12.56	12.56
Fixation R	1	4	3524921611	3525289601	367990	1180.60	379.06	37	78	-1	12.63	12.63
Saccade L	1	5	3525289601	3525329610	40009	1197.69	411.94	1073.53	391.34	2.94	223.83	0.40	73.38	9571.15	-8976.33	5734.38
Saccade R	1	5	3525289601	3525329610	40009	1197.69	411.94	1073.53	391.34	2.94	223.83	0.40	73.38	9571.15	-8976.33	5734.38
Fixation L	1	5	3525329610	3525497494	167884	1065.69	397.10	14	17	-1	12.78	12.78
Fixation R	1	5	3525329610	3525497494	167884	1065.69	397.10	14	17	-1	12.77	12.77
Saccade L	1	6	3525497494	3525545497	48003	1064.06	402.56	1040.53	430.64	1.51	59.63	0.25	31.42	2804.98	-1656.00	1432.25
Saccade R	1	6	3525497494	3525545497	48003	1064.06	402.56	1040.53	430.64	1.51	59.63	0.25	31.42	2804.98	-1656.00	1432.25
Fixation L	1	6	3525545497	3525737500	192003	1059.92	418.06	32	54	-1	12.73	12.73
Fixation R	1	6	3525545497	3525737500	192003	1059.92	418.06	32	54	-1	12.97	12.97
Saccade L	1	7	3525737500	3525809529	72029	1074.79	381.77	871.15	641.27	8.02	311.86	0.22	111.39	15325.72	-10543.11	6384.70
Saccade R	1	7	3525737500	3525809529	72029	1074.79	381.77	871.15	641.27	8.02	311.86	0.22	111.39	15325.72	-10543.11	6384.70
Fixation L	1	7	3525809529	3525969539	160010	876.99	630.57	16	20	-1	13.19	13.19
Fixation R	1	7	3525809529	3525969539	160010	876.99	630.57	16	20	-1	13.15	13.15
Saccade L	1	8	3525969539	3526005508	35969	884.00	632.14	0.00	0.00	29.34	2478.77	0.67	815.75	89626.91	-106866.60	59333.67
Saccade R	1	8	3525969539	3526005508	35969	884.00	632.14	0.00	0.00	29.34	2478.77	0.67	815.75	89626.91	-106866.60	59333.67
Fixation L	1	8	3526005508	3526085491	79983	0.00	0.00	0	0	-1	11.21	11.21
Fixation R	1	8	3526005508	3526085491	79983	0.00	0.00	0	0	-1	8.92	8.92
Fixation L	1	9	3526173505	3526237525	64020	804.69	772.23	22	20	-1	12.84	12.84
Fixation R	1	9	3526173505	3526237525	64020	804.69	772.23	22	20	-1	12.62	12.62
Saccade L	1	9	3526237525	3526289491	51966	796.87	770.65	701.13	796.88	2.31	153.67	0.31	44.40	6887.73	-6258.89	3086.50
Saccade R	1	9	3526237525	3526289491	51966	796.87	770.65	701.13	796.88	2.31	153.67	0.31	44.40	6887.73	-6258.89	3086.50
Fixation L	1	10	3526289491	3526509552	220061	710.44	816.07	36	47	-1	13.39	13.39
Fixation R	1	10	3526289491	3526509552	220061	710.44	816.07	36	47	-1	13.32	13.32
Saccade L	1	10	3526509552	3526589530	79978	733.54	838.30	950.33	340.42	12.10	436.53	0.25	151.35	20947.55	-15393.83	8875.04
Saccade R	1	10	3526509552	3526589530	79978	733.54	838.30	950.33	340.42	12.10	436.53	0.25	151.35	20947.55	-15393.83	8875.04
Fixation L	1	11	3526589530	3526757532	168002	937.05	334.93	19	25	-1	13.02	13.02
Fixation R	1	11	3526589530	3526757532	168002	937.05	334.93	19	25	-1	13.26	13.26
Saccade L	1	11	3526757532	3526793539	36007	930.87	331.84	1011.65	360.52	2.20	161.37	0.44	61.13	7707.25	-7341.40	4530.68
Saccade R	1	11	3526757532	3526793539	36007	930.87	331.84	1011.65	360.52	2.20	161.37	0.44	61.13	7707.25	-7341.40	4530.68
Fixation L	1	12	3526793539	3526981381	187842	1024.93	379.53	19	26	-1	12.49	12.49
Fixation R	1	12	3526793539	3526981381	187842	1024.93	379.53	19	26	-1	12.95	12.95
Saccade L	1	12	3526981381	3527029380	47999	1012.31	388.66	1200.91	394.53	4.44	242.39	0.33	92.51	11609.02	-10991.85	6479.54
Saccade R	1	12	3526981381	3527029380	47999	1012.31	388.66	1200.91	394.53	4.44	242.39	0.33	92.51	11609.02	-10991.85	6479.54
Fixation L	1	13	3527029380	3527277447	248067	1206.77	376.23	17	28	-1	12.59	12.59
Fixation R	1	13	3527029380	3527277447	248067	1206.77	376.23	17	28	-1	13.15	13.15
Saccade L	1	13	3527277447	3527361411	83964	1205.22	367.77	918.57	788.22	11.96	447.63	0.29	142.49	21119.21	-14792.29	8172.82
Saccade R	1	13	3527277447	3527361411	83964	1205.22	367.77	918.57	788.22	11.96	447.63	0.29	142.49	21119.21	-14792.29	8172.82
Fixation L	1	14	3527361411	3527485406	123995	919.72	785.49	18	8	-1	12.64	12.64
Fixation R	1	14	3527361411	3527485406	123995	919.72	785.49	18	8	-1	13.14	13.14
Saccade L	1	14	3527485406	3527541413	56007	922.08	784.60	953.91	827.37	1.62	84.28	0.29	29.01	3758.39	-2832.85	1632.59
Saccade R	1	14	3527485406	3527541413	56007	922.08	784.60	953.91	827.37	1.62	84.28	0.29	29.01	3758.39	-2832.85	1632.59
Fixation L	1	15	3527541413	3527681415	140002	944.27	829.71	22	8	-1	12.71	12.71
Fixation R	1	15	3527541413	3527681415	140002	944.27	829.71	22	8	-1	13.03	13.03
Saccade L	1	15	3527681415	3527713421	32006	931.14	829.48	878.72	837.87	1.21	86.33	0.50	37.88	3920.08	-3701.13	2627.79
Saccade R	1	15	3527681415	3527713421	32006	931.14	829.48	878.72	837.87	1.21	86.33	0.50	37.88	3920.08	-3701.13	2627.79
Fixation L	1	16	3527713421	3527997423	284002	875.77	811.81	30	47	-1	12.52	12.52
Fixation R	1	16	3527713421	3527997423	284002	875.77	811.81	30	47	-1	12.96	12.96
Saccade L	1	16	3527997423	3528061437	64014	874.10	804.38	1147.04	353.77	11.61	504.58	0.31	181.41	23603.63	-18543.62	11279.64
Saccade R	1	16	3527997423	3528061437	64014	874.10	804.38	1147.04	353.77	11.61	504.58	0.31	181.41	23603.63	-18543.62	11279.64
Fixation L	1	17	3528061437	3528333347	271910	1143.76	383.16	13	58	-1	12.39	12.39
Fixation R	1	17	3528061437	3528333347	271910	1143.76	383.16	13	58	-1	13.12	13.12
Saccade L	1	17	3528333347	3528385291	51944	1141.88	403.35	896.41	837.91	10.97	455.56	0.46	211.16	20542.05	-18152.51	12982.16
Saccade R	1	17	3528333347	3528385291	51944	1141.88	403.35	896.41	837.91	10.97	455.56	0.46	211.16	20542.05	-18152.51	12982.16
Fixation L	1	18	3528385291	3528681322	296031	878.90	811.60	36	49	-1	13.01	13.01
Fixation R	1	18	3528385291	3528681322	296031	878.90	811.60	36	49	-1	13.51	13.51
Saccade L	1	18	3528681322	3528717346	36024	892.85	807.63	857.77	801.37	0.85	50.56	0.44	23.67	2277.20	-1571.47	1133.28
Saccade R	1	18	3528681322	3528717346	36024	892.85	807.63	857.77	801.37	0.85	50.56	0.44	23.67	2277.20	-1571.47	1133.28
Fixation L	1	19	3528717346	3528789298	71952	851.25	787.46	9	20	-1	13.03	13.03
Fixation R	1	19	3528717346	3528789298	71952	851.25	787.46	9	20	-1	13.39	13.39
Saccade L	1	19	3528789298	3528833319	44021	850.72	783.68	934.62	696.99	2.77	141.30	0.45	62.88	6543.41	-6582.05	4401.07
Saccade R	1	19	3528789298	3528833319	44021	850.72	783.68	934.62	696.99	2.77	141.30	0.45	62.88	6543.41	-6582.05	4401.07
Fixation L	1	20	3528833319	3528925306	91987	931.37	696.63	15	6	-1	12.84	12.84
Fixation R	1	20	3528833319	3528925306	91987	931.37	696.63	15	6	-1	13.22	13.22
Saccade L	1	20	3528925306	3528981304	55998	922.13	694.87	1150.75	424.42	7.71	372.64	0.29	137.70	17544.11	-11327.03	8597.39
Saccade R	1	20	3528925306	3528981304	55998	922.13	694.87	1150.75	424.42	7.71	372.64	0.29	137.70	17544.11	-11327.03	8597.39
Fixation L	1	21	3528981304	3529185342	204038	1155.82	417.06	14	30	-1	12.48	12.48
Fixation R	1	21	3528981304	3529185342	204038	1155.82	417.06	14	30	-1	13.17	13.17
Saccade L	1	21	3529185342	3529245314	59972	1153.48	436.96	1075.21	398.92	1.97	98.31	0.33	32.89	4349.70	-3937.38	1971.92
Saccade R	1	21	3529185342	3529245314	59972	1153.48	436.96	1075.21	398.92	1.97	98.31	0.33	32.89	4349.70	-3937.38	1971.92
Fixation L	1	22	3529245314	3529333307	87993	1079.46	397.71	12	3	-1	12.41	12.41
Fixation R	1	22	3529245314	3529333307	87993	1079.46	397.71	12	3	-1	13.16	13.16
Saccade L	1	22	3529333307	3529389327	56020	1087.88	399.89	808.22	791.30	10.65	473.06	0.36	190.15	23213.22	-18347.32	12308.33
Saccade R	1	22	3529333307	3529389327	56020	1087.88	399.89	808.22	791.30	10.65	473.06	0.36	190.15	23213.22	-18347.32	12308.33
Fixation L	1	23	3529389327	3529613345	224018	811.30	776.01	18	31	-1	13.41	13.41
Fixation R	1	23	3529389327	3529613345	224018	811.30	776.01	18	31	-1	13.10	13.10
Saccade L	1	23	3529613345	3529653339	39994	816.08	775.30	845.38	741.12	1.00	48.31	0.30	25.08	2117.86	-1375.86	1105.16
Saccade R	1	23	3529613345	3529653339	39994	816.08	775.30	845.38	741.12	1.00	48.31	0.30	25.08	2117.86	-1375.86	1105.16
Fixation L	1	24	3529653339	3529809198	155859	844.29	737.75	10	10	-1	13.20	13.20
Fixation R	1	24	3529653339	3529809198	155859	844.29	737.75	10	10	-1	13.37	13.37
Saccade L	1	24	3529809198	3529873215	64017	847.10	733.18	1053.79	385.43	9.15	368.82	0.31	142.97	17388.95	-9591.67	8028.60
Saccade R	1	24	3529809198	3529873215	64017	847.10	733.18	1053.79	385.43	9.15	368.82	0.31	142.97	17388.95	-9591.67	8028.60
Fixation L	1	25	3529873215	3530293239	420024	1098.98	398.42	75	38	-1	12.75	12.75
Fixation R	1	25	3529873215	3530293239	420024	1098.98	398.42	75	38	-1	13.06	13.06
Saccade L	1	25	3530293239	3530321213	27974	1127.04	404.16	1163.73	390.26	0.87	65.86	0.43	30.94	3005.55	-2550.60	2032.44
Saccade R	1	25	3530293239	3530321213	27974	1127.04	404.16	1163.73	390.26	0.87	65.86	0.43	30.94	3005.55	-2550.60	2032.44
Fixation L	1	26	3530321213	3530429213	108000	1171.83	388.59	12	18	-1	12.84	12.84
Fixation R	1	26	3530321213	3530429213	108000	1171.83	388.59	12	18	-1	13.32	13.32
Saccade L	1	26	3530429213	3530505220	76007	1168.54	395.11	853.46	818.72	12.70	484.64	0.32	167.06	22007.43	-17817.09	9880.42
Saccade R	1	26	3530429213	3530505220	76007	1168.54	395.11	853.46	818.72	12.70	484.64	0.32	167.06	22007.43	-17817.09	9880.42
Fixation L	1	27	3530505220	3530641220	136000	837.66	822.30	20	11	-1	13.27	13.27
Fixation R	1	27	3530505220	3530641220	136000	837.66	822.30	20	11	-1	13.31	13.31
Saccade L	1	27	3530641220	3530665217	23997	837.13	825.80	883.05	821.28	1.00	79.50	0.50	41.69	3552.87	-3290.09	2542.27
Saccade R	1	27	3530641220	3530665217	23997	837.13	825.80	883.05	821.28	1.00	79.50	0.50	41.69	3552.87	-3290.09	2542.27
Fixation L	1	28	3530665217	3530765255	100038	883.86	815.82	11	11	-1	13.14	13.14
Fixation R	1	28	3530665217	3530765255	100038	883.86	815.82	11	11	-1	13.41	13.41
Saccade L	1	28	3530765255	3530845265	80010	886.03	811.99	1122.62	366.00	11.74	351.31	0.45	146.70	11389.09	-11762.82	6466.87
Saccade R	1	28	3530765255	3530845265	80010	886.03	811.99	1122.62	366.00	11.74	351.31	0.45	146.70	11389.09	-11762.82	6466.87
Fixation L	1	29	3530845265	3531149134	303869	1123.84	374.72	17	35	-1	12.43	12.43
Fixation R	1	29	3530845265	3531149134	303869	1123.84	374.72	17	35	-1	13.17	13.17
Saccade L	1	29	3531149134	3531173104	23970	1124.43	385.83	1152.02	392.12	0.65	57.62	0.50	27.15	2323.73	-1761.62	1504.42
Saccade R	1	29	3531149134	3531173104	23970	1124.43	385.83	1152.02	392.12	0.65	57.62	0.50	27.15	2323.73	-1761.62	1504.42
Fixation L	1	30	3531173104	3531321120	148016	1165.82	403.20	17	19	-1	12.60	12.60
Fixation R	1	30	3531173104	3531321120	148016	1165.82	403.20	17	19	-1	13.39	13.39
Saccade L	1	30	3531321120	3531373110	51990	1166.02	412.98	1102.51	367.46	2.02	122.99	0.31	38.88	5632.34	-4968.16	2619.60
Saccade R	1	30	3531321120	3531373110	51990	1166.02	412.98	1102.51	367.46	2.02	122.99	0.31	38.88	5632.34	-4968.16	2619.60
Fixation L	1	31	3531373110	3531449128	76018	1102.36	368.91	10	7	-1	12.71	12.71
Fixation R	1	31	3531373110	3531449128	76018	1102.36	368.91	10	7	-1	13.19	13.19
Saccade L	1	31	3531449128	3531525133	76005	1094.12	374.73	863.01	715.60	9.47	378.07	0.32	124.64	17981.69	-12588.17	7563.86
Saccade R	1	31	3531449128	3531525133	76005	1094.12	374.73	863.01	715.60	9.47	378.07	0.32	124.64	17981.69	-12588.17	7563.86
Fixation L	1	32	3531525133	3531665106	139973	859.78	727.14	9	19	-1	12.79	12.79
Fixation R	1	32	3531525133	3531665106	139973	859.78	727.14	9	19	-1	13.37	13.37
Saccade L	1	32	3531665106	3531713135	48029	852.03	724.51	895.00	716.89	0.97	55.49	0.25	20.23	2213.84	-1980.62	1039.08
Saccade R	1	32	3531665106	3531713135	48029	852.03	724.51	895.00	716.89	0.97	55.49	0.25	20.23	2213.84	-1980.62	1039.08
Fixation L	1	33	3531713135	3531809134	95999	896.03	716.75	8	8	-1	12.83	12.83
Fixation R	1	33	3531713135	3531809134	95999	896.03	716.75	8	8	-1	13.41	13.41
Saccade L	1	33	3531809134	3531861127	51993	890.66	719.66	952.59	691.65	1.62	87.19	0.23	31.07	3916.94	-3094.99	1745.05
Saccade R	1	33	3531809134	3531861127	51993	890.66	719.66	952.59	691.65	1.62	87.19	0.23	31.07	3916.94	-3094.99	1745.05
Saccade L	1	34	3531909134	3531961117	51983	952.54	686.66	837.14	715.48	3.26	195.80	0.54	62.63	8992.74	-8833.50	4666.71
Saccade R	1	34	3531909134	3531961117	51983	952.54	686.66	837.14	715.48	3.26	195.80	0.54	62.63	8992.74	-8833.50	4666.71
Fixation L	1	34	3531961117	3532093143	132026	828.12	718.64	16	19	-1	12.82	12.82
Fixation R	1	34	3531961117	3532093143	132026	828.12	718.64	16	19	-1	12.88	12.88
Saccade L	1	35	3532093143	3532125127	31984	819.60	704.21	723.22	701.24	2.01	154.69	0.50	62.73	6437.73	-6736.97	4746.81
Saccade R	1	35	3532093143	3532125127	31984	819.60	704.21	723.22	701.24	2.01	154.69	0.50	62.73	6437.73	-6736.97	4746.81
Fixation L	1	35	3532125127	3532313134	188007	724.96	698.10	33	11	-1	12.69	12.69
Fixation R	1	35	3532125127	3532313134	188007	724.96	698.10	33	11	-1	12.80	12.80
Saccade L	1	36	3532313134	3532349132	35998	744.17	706.37	831.84	723.19	2.12	161.07	0.44	58.95	6763.40	-6601.69	4285.77
Saccade R	1	36	3532313134	3532349132	35998	744.17	706.37	831.84	723.19	2.12	161.07	0.44	58.95	6763.40	-6601.69	4285.77
Saccade L	1	37	3532365173	3532425133	59960	833.13	725.61	994.82	367.47	8.76	478.16	0.33	146.12	22841.91	-22854.41	11354.65
Saccade R	1	37	3532365173	3532425133	59960	833.13	725.61	994.82	367.47	8.76	478.16	0.33	146.12	22841.91	-22854.41	11354.65
Fixation L	1	36	3532425133	3532765068	339935	988.64	360.54	18	33	-1	12.40	12.40
Fixation R	1	36	3532425133	3532765068	339935	988.64	360.54	18	33	-1	13.15	13.15
Saccade L	1	38	3532765068	3532797025	31957	987.68	380.78	0.00	0.00	24.89	1948.61	0.62	778.94	82366.99	-82561.05	58837.82
Saccade R	1	38	3532765068	3532797025	31957	987.68	380.78	0.00	0.00	24.89	1948.61	0.62	778.94	82366.99	-82561.05	58837.82
Fixation L	1	37	3532797025	3532865003	67978	0.00	0.00	0	0	-1	10.52	10.52
Fixation R	1	37	3532797025	3532865003	67978	0.00	0.00	0	0	-1	11.30	11.30
Fixation L	1	38	3532953009	3533105022	152013	997.32	708.71	14	29	-1	12.87	12.87
Fixation R	1	38	3532953009	3533105022	152013	997.32	708.71	14	29	-1	13.68	13.68
Saccade L	1	39	3533105022	3533161059	56037	993.66	720.80	1191.50	393.08	8.27	476.36	0.36	147.59	22309.97	-21486.71	11108.92
Saccade R	1	39	3533105022	3533161059	56037	993.66	720.80	1191.50	393.08	8.27	476.36	0.36	147.59	22309.97	-21486.71	11108.92
Fixation L	1	39	3533161059	3533857026	695967	1198.51	405.47	28	55	-1	12.41	12.41
Fixation R	1	39	3533161059	3533857026	695967	1198.51	405.47	28	55	-1	13.04	13.04
Saccade L	1	40	3533857026	3533909061	52035	1200.78	393.45	1011.16	551.95	5.66	303.15	0.31	108.75	13757.54	-12191.64	7442.24
Saccade R	1	40	3533857026	3533909061	52035	1200.78	393.45	1011.16	551.95	5.66	303.15	0.31	108.75	13757.54	-12191.64	7442.24
Fixation L	1	40	3533909061	3533984919	75858	1002.25	558.20	14	11	-1	12.48	12.48
Fixation R	1	40	3533909061	3533984919	75858	1002.25	558.20	14	11	-1	13.05	13.05
Saccade L	1	41	3533984919	3534036952	52033	1002.32	549.79	922.16	737.00	4.69	285.89	0.31	90.10	12798.02	-12168.38	6599.19
Saccade R	1	41	3533984919	3534036952	52033	1002.32	549.79	922.16	737.00	4.69	285.89	0.31	90.10	12798.02	-12168.38	6599.19
Fixation L	1	41	3534036952	3534176926	139974	902.94	747.05	29	24	-1	12.76	12.76
Fixation R	1	41	3534036952	3534176926	139974	902.94	747.05	29	24	-1	13.38	13.38
Saccade L	1	42	3534176926	3534220908	43982	894.71	748.38	861.40	769.46	0.87	40.56	0.27	19.70	1627.22	-825.33	704.50
Saccade R	1	42	3534176926	3534220908	43982	894.71	748.38	861.40	769.46	0.87	40.56	0.27	19.70	1627.22	-825.33	704.50
Fixation L	1	42	3534220908	3534309003	88095	872.73	767.77	20	5	-1	13.00	13.00
Fixation R	1	42	3534220908	3534309003	88095	872.73	767.77	20	5	-1	13.14	13.14
Saccade L	1	43	3534309003	3534336932	27929	881.06	769.84	802.62	776.03	1.54	116.11	0.57	55.16	5184.17	-5343.08	3893.35
Saccade R	1	43	3534309003	3534336932	27929	881.06	769.84	802.62	776.03	1.54	116.11	0.57	55.16	5184.17	-5343.08	3893.35
Fixation L	1	43	3534336932	3534516949	180017	815.84	778.09	21	14	-1	12.91	12.91
Fixation R	1	43	3534336932	3534516949	180017	815.84	778.09	21	14	-1	13.11	13.11
Saccade L	1	44	3534516949	3534568914	51965	818.04	775.23	859.13	799.51	1.04	51.81	0.23	20.07	2338.77	-1823.99	1042.33
Saccade R	1	44	3534516949	3534568914	51965	818.04	775.23	859.13	799.51	1.04	51.81	0.23	20.07	2338.77	-1823.99	1042.33
Saccade L	1	45	3534608928	3534672930	64002	861.28	798.84	1130.06	380.31	10.97	412.80	0.31	171.36	19553.75	-13370.90	9863.61
Saccade R	1	45	3534608928	3534672930	64002	861.28	798.84	1130.06	380.31	10.97	412.80	0.31	171.36	19553.75	-13370.90	9863.61
Fixation L	1	44	3534672930	3535008949	336019	1132.29	379.17	16	30	-1	12.48	12.48
Fixation R	1	44	3534672930	3535008949	336019	1132.29	379.17	16	30	-1	13.19	13.19
Saccade L	1	46	3535008949	3535060966	52017	1130.83	398.55	1090.23	359.70	1.22	47.88	0.23	23.38	1956.82	-1390.67	1002.30
Saccade R	1	46	3535008949	3535060966	52017	1130.83	398.55	1090.23	359.70	1.22	47.88	0.23	23.38	1956.82	-1390.67	1002.30
Fixation L	1	45	3535060966	3535228936	167970	1096.06	359.08	15	16	-1	12.32	12.32
Fixation R	1	45	3535060966	3535228936	167970	1096.06	359.08	15	16	-1	13.35	13.35
Saccade L	1	47	3535228936	3535276938	48002	1096.50	356.00	1149.62	311.35	1.59	92.38	0.67	33.08	3482.12	-4085.45	2133.58
Saccade R	1	47	3535228936	3535276938	48002	1096.50	356.00	1149.62	311.35	1.59	92.38	0.67	33.08	3482.12	-4085.45	2133.58
Fixation L	1	46	3535276938	3535432816	155878	1141.50	322.72	14	25	-1	12.41	12.41
Fixation R	1	46	3535276938	3535432816	155878	1141.50	322.72	14	25	-1	13.23	13.23
Saccade L	1	48	3535432816	3535480809	47993	1136.62	332.72	1207.28	354.87	1.64	96.68	0.33	34.22	4262.31	-3819.16	2139.42
Saccade R	1	48	3535432816	3535480809	47993	1136.62	332.72	1207.28	354.87	1.64	96.68	0.33	34.22	4262.31	-3819.16	2139.42
Fixation L	1	47	3535480809	3535640841	160032	1207.46	349.53	12	40	-1	12.47	12.47
Fixation R	1	47	3535480809	3535640841	160032	1207.46	349.53	12	40	-1	13.11	13.11
Saccade L	1	49	3535640841	3535680828	39987	1197.08	319.48	1114.60	326.78	1.88	122.70	0.50	46.96	5304.02	-4966.13	3116.43
Saccade R	1	49	3535640841	3535680828	39987	1197.08	319.48	1114.60	326.78	1.88	122.70	0.50	46.96	5304.02	-4966.13	3116.43
Fixation L	1	48	3535680828	3535992855	312027	1118.19	325.73	13	35	-1	12.68	12.68
Fixation R	1	48	3535680828	3535992855	312027	1118.19	325.73	13	35	-1	13.12	13.12
Saccade L	1	50	3535992855	3536044844	51989	1120.00	337.83	1168.61	320.13	1.22	60.78	0.31	23.56	2673.22	-2257.79	1256.91
Saccade R	1	50	3535992855	3536044844	51989	1120.00	337.83	1168.61	320.13	1.22	60.78	0.31	23.56	2673.22	-2257.79	1256.91
Fixation L	1	49	3536044844	3536352842	307998	1159.91	318.10	18	19	-1	12.43	12.43
Fixation R	1	49	3536044844	3536352842	307998	1159.91	318.10	18	19	-1	12.81	12.81
Saccade L	1	51	3536352842	3536404853	52011	1155.11	311.06	1198.28	339.61	1.13	50.12	0.23	21.70	2282.24	-1828.41	1067.55
Saccade R	1	51	3536352842	3536404853	52011	1155.11	311.06	1198.28	339.61	1.13	50.12	0.23	21.70	2282.24	-1828.41	1067.55
Fixation L	1	50	3536404853	3536708889	304036	1197.73	333.41	16	37	-1	12.30	12.30
Fixation R	1	50	3536404853	3536708889	304036	1197.73	333.41	16	37	-1	12.88	12.88
Saccade L	1	52	3536708889	3536740776	31887	1195.63	307.59	1146.23	313.94	1.12	73.50	0.50	35.12	3210.96	-2927.25	2261.85
Saccade R	1	52	3536708889	3536740776	31887	1195.63	307.59	1146.23	313.94	1.12	73.50	0.50	35.12	3210.96	-2927.25	2261.85
Fixation L	1	51	3536740776	3536880742	139966	1137.53	327.77	13	48	-1	12.47	12.47
Fixation R	1	51	3536740776	3536880742	139966	1137.53	327.77	13	48	-1	12.72	12.72
Saccade L	1	53	3536880742	3536936739	55997	1142.37	354.20	952.69	419.78	4.88	260.60	0.29	87.14	12710.58	-11602.52	6294.85
Saccade R	1	53	3536880742	3536936739	55997	1142.37	354.20	952.69	419.78	4.88	260.60	0.29	87.14	12710.58	-11602.52	6294.85
Fixation L	1	52	3536936739	3537036738	99999	958.82	414.64	11	9	-1	12.70	12.70
Fixation R	1	52	3536936739	3537036738	99999	958.82	414.64	11	9	-1	12.54	12.54
Saccade L	1	54	3537036738	3537056735	19997	950.35	409.06	956.37	283.33	1.96	245.17	0.60	98.17	9824.69	-5039.72	4778.30
Saccade R	1	54	3537036738	3537056735	19997	950.35	409.06	956.37	283.33	1.96	245.17	0.60	98.17	9824.69	-5039.72	4778.30
Saccade L	1	55	3537056735	3537100749	44014	956.37	283.33	962.65	279.30	2.96	84.53	0.36	67.16	1710.28	-5039.72	2147.15
Saccade R	1	55	3537056735	3537100749	44014	956.37	283.33	962.65	279.30	2.96	84.53	0.36	67.16	1710.28	-5039.72	2147.15
Fixation L	1	53	3537100749	3537204763	104014	958.77	279.84	9	9	-1	12.98	12.98
Fixation R	1	53	3537100749	3537204763	104014	958.77	279.84	9	9	-1	12.89	12.89
Saccade L	1	56	3537204763	3537284777	80014	954.07	273.76	822.76	862.17	14.11	409.78	0.35	176.29	17074.20	-14537.74	8425.34
Saccade R	1	56	3537204763	3537284777	80014	954.07	273.76	822.76	862.17	14.11	409.78	0.35	176.29	17074.20	-14537.74	8425.34
Saccade L	1	57	3537308744	3537364741	55997	822.25	856.57	828.16	800.22	1.96	120.64	0.64	35.07	5102.56	-5111.26	2334.25
Saccade R	1	57	3537308744	3537364741	55997	822.25	856.57	828.16	800.22	1.96	120.64	0.64	35.07	5102.56	-5111.26	2334.25
Fixation L	1	54	3537364741	3537452755	88014	831.28	791.62	9	11	-1	13.15	13.15
Fixation R	1	54	3537364741	3537452755	88014	831.28	791.62	9	11	-1	13.24	13.24
Saccade L	1	58	3537452755	3537496742	43987	834.35	794.45	733.08	806.93	2.84	195.12	0.36	64.62	8937.54	-7747.24	4761.56
Saccade R	1	58	3537452755	3537496742	43987	834.35	794.45	733.08	806.93	2.84	195.12	0.36	64.62	8937.54	-7747.24	4761.56
Fixation L	1	55	3537496742	3537620760	124018	729.72	808.05	12	16	-1	13.17	13.17
Fixation R	1	55	3537496742	3537620760	124018	729.72	808.05	12	16	-1	13.00	13.00
Saccade L	1	59	3537620760	3537660762	40002	722.57	812.57	0.00	0.00	25.58	1853.35	0.70	639.49	63707.77	-75271.63	43054.33
Saccade R	1	59	3537620760	3537660762	40002	722.57	812.57	0.00	0.00	25.58	1853.35	0.70	639.49	63707.77	-75271.63	43054.33
Fixation L	1	56	3537796762	3537936760	139998	779.33	432.09	14	10	-1	12.59	12.59
Fixation R	1	56	3537796762	3537936760	139998	779.33	432.09	14	10	-1	12.81	12.81
Saccade L	1	60	3537936760	3537988750	51990	770.84	431.94	984.99	392.50	4.90	304.23	0.31	94.34	13284.80	-12723.64	6967.32
Saccade R	1	60	3537936760	3537988750	51990	770.84	431.94	984.99	392.50	4.90	304.23	0.31	94.34	13284.80	-12723.64	6967.32
Fixation L	1	57	3537988750	3538112783	124033	978.79	398.78	15	31	-1	12.52	12.52
Fixation R	1	57	3537988750	3538112783	124033	978.79	398.78	15	31	-1	13.19	13.19
Saccade L	1	61	3538112783	3538140773	27990	986.34	414.60	0.00	0.00	21.61	2023.86	0.57	771.92	85155.22	-85385.04	62471.11
Saccade R	1	61	3538112783	3538140773	27990	986.34	414.60	0.00	0.00	21.61	2023.86	0.57	771.92	85155.22	-85385.04	62471.11
Saccade L	1	62	3538180633	3538224642	44009	0.00	0.00	974.16	424.65	22.78	2002.93	0.27	517.52	84185.83	-82708.64	42671.79
Saccade R	1	62	3538180633	3538224642	44009	0.00	0.00	974.16	424.65	22.78	2002.93	0.27	517.52	84185.83	-82708.64	42671.79
Fixation L	1	58	3538224642	3538428659	204017	971.45	417.20	18	20	-1	12.48	12.48
Fixation R	1	58	3538224642	3538428659	204017	971.45	417.20	18	20	-1	13.06	13.06
Saccade L	1	63	3538428659	3538492702	64043	969.73	413.24	703.60	441.42	6.48	275.52	0.31	101.15	13185.52	-11999.43	6637.32
Saccade R	1	63	3538428659	3538492702	64043	969.73	413.24	703.60	441.42	6.48	275.52	0.31	101.15	13185.52	-11999.43	6637.32
Fixation L	1	59	3538492702	3538716674	223972	693.30	458.33	17	25	-1	13.04	13.04
Fixation R	1	59	3538492702	3538824678	331976	508.41	338.89	906	613	-1	12.12	12.12
Saccade L	1	64	3538716674	3538748645	31971	687.78	452.84	0.00	0.00	18.92	1619.37	0.63	591.78	70735.05	-75658.78	48182.63
Fixation L	1	60	3538748645	3538824678	76033	0.00	0.00	0	0	-1	9.08	9.08
Fixation L	1	61	3538920649	3539164657	244008	706.53	812.03	40	50	-1	13.15	13.15
Fixation R	1	60	3538920649	3539164657	244008	706.53	812.03	40	50	-1	13.11	13.11
Saccade L	1	65	3539164657	3539216648	51991	717.02	792.80	636.18	767.82	1.94	107.58	0.23	37.29	5152.56	-4176.50	2250.22
Saccade R	1	64	3539164657	3539216648	51991	717.02	792.80	636.18	767.82	1.94	107.58	0.23	37.29	5152.56	-4176.50	2250.22
Fixation L	1	62	3539216648	3539404674	188026	636.02	770.08	15	7	-1	12.91	12.91
Fixation R	1	61	3539216648	3539404674	188026	636.02	770.08	15	7	-1	12.74	12.74
Saccade L	1	66	3539404674	3539460650	55976	636.55	770.42	468.29	320.75	10.56	422.75	0.43	188.69	20806.96	-14996.88	11515.74
Saccade R	1	65	3539404674	3539460650	55976	636.55	770.42	468.29	320.75	10.56	422.75	0.43	188.69	20806.96	-14996.88	11515.74
Fixation L	1	63	3539460650	3539576587	115937	459.01	336.60	13	23	-1	12.67	12.67
Fixation R	1	62	3539460650	3539576587	115937	459.01	336.60	13	23	-1	12.77	12.77
Saccade L	1	67	3539576587	3539636526	59939	460.69	340.83	693.12	665.97	9.19	428.24	0.40	153.35	20012.26	-19058.13	10691.73
Saccade R	1	66	3539576587	3539636526	59939	460.69	340.83	693.12	665.97	9.19	428.24	0.40	153.35	20012.26	-19058.13	10691.73
Fixation L	1	64	3539636526	3539760536	124010	697.22	679.91	8	22	-1	12.74	12.74
Fixation R	1	63	3539636526	3539760536	124010	697.22	679.91	8	22	-1	12.87	12.87
