[BeGaze]
Converted from:	D:\Kirillov\Results\ermolova_temp\Yaroslava-1-eye_data.idf
Date:	17.04.2019 03:52:38
Version:	BeGaze 3.0.181
Sample Rate:	250
Subject:	Yaroslava
Description:	Run10

Table Header for Fixations:
Event Type	Trial	Number	Start	End	Duration	Location X	Location Y	Dispersion X	Dispersion Y	Plane	Avg. Pupil Size X	Avg. Pupil Size Y

Table Header for Saccades:
Event Type	Trial	Number	Start	End	Duration	Start Loc.X	Start Loc.Y	End Loc.X	End Loc.Y	Amplitude	Peak Speed	Peak Speed At	Average Speed	Peak Accel.	Peak Decel.	Average Accel.

Table Header for User Events:
Event Type	Trial	Number	Start	Description

UserEvent	1	1	1480809867	# Message: Questionnaire4.jpg
Fixation L	1	1	1480818507	1480878526	60019	848.85	675.03	24	17	-1	12.91	12.91
Fixation R	1	1	1480818507	1480878526	60019	848.85	675.03	24	17	-1	13.18	13.18
Saccade L	1	1	1480878526	1480974508	95982	859.88	674.62	410.71	464.68	11.71	404.96	0.29	122.03	18835.34	-11552.35	6257.31
Saccade R	1	1	1480878526	1480974508	95982	859.88	674.62	410.71	464.68	11.71	404.96	0.29	122.03	18835.34	-11552.35	6257.31
Fixation L	1	2	1480974508	1481146518	172010	414.73	476.20	11	28	-1	13.17	13.17
Fixation R	1	2	1480974508	1481146518	172010	414.73	476.20	11	28	-1	13.15	13.15
Saccade L	1	2	1481146518	1481194529	48011	418.79	483.23	360.88	428.03	2.34	112.49	0.33	48.81	5214.09	-3900.95	2566.44
Saccade R	1	2	1481146518	1481194529	48011	418.79	483.23	360.88	428.03	2.34	112.49	0.33	48.81	5214.09	-3900.95	2566.44
Fixation L	1	3	1481194529	1481294524	99995	374.69	437.54	23	34	-1	13.33	13.33
Fixation R	1	3	1481194529	1481294524	99995	374.69	437.54	23	34	-1	13.15	13.15
Fixation L	1	4	1481362426	1481558383	195957	377.53	385.85	18	27	-1	13.38	13.38
Fixation R	1	4	1481362426	1481558383	195957	377.53	385.85	18	27	-1	13.28	13.28
Saccade L	1	3	1481558383	1481590386	32003	370.56	388.55	358.11	491.90	1.54	145.70	0.75	48.08	6202.16	-2534.49	2561.29
Saccade R	1	3	1481558383	1481590386	32003	370.56	388.55	358.11	491.90	1.54	145.70	0.75	48.08	6202.16	-2534.49	2561.29
Saccade L	1	4	1481602388	1481630385	27997	352.36	458.00	361.19	377.03	2.12	123.87	0.71	75.63	4116.22	-6177.97	2730.87
Saccade R	1	4	1481602388	1481630385	27997	352.36	458.00	361.19	377.03	2.12	123.87	0.71	75.63	4116.22	-6177.97	2730.87
Fixation L	1	5	1481630385	1482046391	416006	345.56	373.20	48	40	-1	13.66	13.66
Fixation R	1	5	1481630385	1482046391	416006	345.56	373.20	48	40	-1	13.49	13.49
Saccade L	1	5	1482046391	1482090388	43997	330.23	397.15	363.49	351.52	1.20	49.97	0.27	27.27	1472.39	-1388.64	914.56
Saccade R	1	5	1482046391	1482090388	43997	330.23	397.15	363.49	351.52	1.20	49.97	0.27	27.27	1472.39	-1388.64	914.56
Saccade L	1	6	1482090388	1482138390	48002	363.49	351.52	353.10	319.42	1.19	52.29	0.50	24.81	2098.94	-1472.77	897.02
Saccade R	1	6	1482090388	1482138390	48002	363.49	351.52	353.10	319.42	1.19	52.29	0.50	24.81	2098.94	-1472.77	897.02
UserEvent	1	2	1482110482	# Message: UE-mouseclick left x=375 y=311
Fixation L	1	6	1482138390	1482235007	96617	367.79	324.17	21	37	-1	14.20	14.20
Fixation R	1	6	1482138390	1482235007	96617	367.79	324.17	21	37	-1	14.01	14.01
Saccade L	1	7	1482235007	1482266391	31384	371.46	303.41	372.69	369.94	1.36	101.01	0.36	43.39	3635.79	-3863.45	2671.47
Saccade R	1	7	1482235007	1482266391	31384	371.46	303.41	372.69	369.94	1.36	101.01	0.36	43.39	3635.79	-3863.45	2671.47
Fixation L	1	7	1482266391	1482362389	95998	370.65	345.83	8	48	-1	14.34	14.34
Fixation R	1	7	1482266391	1482362389	95998	370.65	345.83	8	48	-1	14.03	14.03
Saccade L	1	8	1482362389	1482406396	44007	369.99	322.79	417.97	329.18	1.15	53.45	0.55	26.14	1971.81	-1134.29	810.86
Saccade R	1	8	1482362389	1482406396	44007	369.99	322.79	417.97	329.18	1.15	53.45	0.55	26.14	1971.81	-1134.29	810.86
Fixation L	1	8	1482406396	1483514280	1107884	415.58	345.47	36	87	-1	13.89	13.89
Fixation R	1	8	1482406396	1483514280	1107884	415.58	345.47	36	87	-1	13.94	13.94
Saccade L	1	9	1483514280	1483542284	28004	402.84	318.00	398.27	353.32	0.89	57.23	0.43	31.71	2592.73	-2489.72	1878.23
Saccade R	1	9	1483514280	1483542284	28004	402.84	318.00	398.27	353.32	0.89	57.23	0.43	31.71	2592.73	-2489.72	1878.23
Fixation L	1	9	1483542284	1483698302	156018	409.76	382.03	19	44	-1	13.49	13.49
Fixation R	1	9	1483542284	1483698302	156018	409.76	382.03	19	44	-1	13.92	13.92
Saccade L	1	10	1483698302	1483722273	23971	410.00	374.36	394.21	453.81	1.62	148.83	0.50	67.65	6375.23	-5899.17	4518.28
Saccade R	1	10	1483698302	1483722273	23971	410.00	374.36	394.21	453.81	1.62	148.83	0.50	67.65	6375.23	-5899.17	4518.28
Fixation L	1	10	1483722273	1483778286	56013	388.92	446.73	9	13	-1	13.55	13.55
Fixation R	1	10	1483722273	1483778286	56013	388.92	446.73	9	13	-1	13.96	13.96
Saccade L	1	11	1483926290	1483994280	67990	93.55	728.12	401.23	426.03	15.67	661.21	0.53	230.43	17981.80	-18439.01	8709.29
Saccade R	1	11	1483926290	1483994280	67990	93.55	728.12	401.23	426.03	15.67	661.21	0.53	230.43	17981.80	-18439.01	8709.29
Fixation L	1	11	1484030279	1484274158	243879	355.20	435.49	35	54	-1	13.47	13.47
Fixation R	1	11	1484030279	1484274158	243879	355.20	435.49	35	54	-1	13.85	13.85
UserEvent	1	3	1484150484	# Message: UE-mouseclick left x=380 y=387
