[BeGaze]
Converted from:	D:\Kirillov\Results\ermolova_temp\Anna-eye_data.idf
Date:	17.04.2019 03:52:51
Version:	BeGaze 3.0.181
Sample Rate:	250
Subject:	Anna
Description:	Run15

Table Header for Fixations:
Event Type	Trial	Number	Start	End	Duration	Location X	Location Y	Dispersion X	Dispersion Y	Plane	Avg. Pupil Size X	Avg. Pupil Size Y

Table Header for Saccades:
Event Type	Trial	Number	Start	End	Duration	Start Loc.X	Start Loc.Y	End Loc.X	End Loc.Y	Amplitude	Peak Speed	Peak Speed At	Average Speed	Peak Accel.	Peak Decel.	Average Accel.

Table Header for User Events:
Event Type	Trial	Number	Start	Description

UserEvent	1	1	3365631989	# Message: Questionnaire6.jpg
Fixation L	1	1	3365635907	3365943895	307988	314.10	181.28	22	65	-1	12.53	12.53
Fixation R	1	1	3365635907	3365943895	307988	314.10	181.28	22	65	-1	13.04	13.04
Saccade L	1	1	3365943895	3365987895	44000	323.91	212.87	488.98	207.65	3.62	201.63	0.36	82.33	9195.46	-7674.88	5391.20
Saccade R	1	1	3365943895	3365987895	44000	323.91	212.87	488.98	207.65	3.62	201.63	0.36	82.33	9195.46	-7674.88	5391.20
Fixation L	1	2	3365987895	3366075909	88014	487.65	209.55	29	12	-1	13.20	13.20
Fixation R	1	2	3365987895	3366075909	88014	487.65	209.55	29	12	-1	13.63	13.63
Saccade L	1	2	3366075909	3366123770	47861	489.68	211.13	667.35	208.11	3.76	219.03	0.75	78.65	9428.25	-10286.99	5160.38
Saccade R	1	2	3366075909	3366123770	47861	489.68	211.13	667.35	208.11	3.76	219.03	0.75	78.65	9428.25	-10286.99	5160.38
Fixation L	1	3	3366123770	3366251828	128058	672.38	190.07	7	36	-1	13.24	13.24
Fixation R	1	3	3366123770	3366251828	128058	672.38	190.07	7	36	-1	13.93	13.93
Saccade L	1	3	3366251828	3366319785	67957	674.99	178.84	441.42	249.30	6.22	298.56	0.29	91.57	14052.59	-12415.54	5740.22
Saccade R	1	3	3366251828	3366319785	67957	674.99	178.84	441.42	249.30	6.22	298.56	0.29	91.57	14052.59	-12415.54	5740.22
Fixation L	1	4	3366319785	3366463779	143994	427.91	268.89	24	47	-1	13.41	13.41
Fixation R	1	4	3366319785	3366463779	143994	427.91	268.89	24	47	-1	13.64	13.64
Saccade L	1	4	3366463779	3366491814	28035	424.08	289.26	431.76	280.96	0.71	52.15	0.43	25.30	1964.63	-1429.17	1150.53
Saccade R	1	4	3366463779	3366491814	28035	424.08	289.26	431.76	280.96	0.71	52.15	0.43	25.30	1964.63	-1429.17	1150.53
Fixation L	1	5	3366491814	3366711804	219990	448.55	282.84	36	34	-1	13.66	13.66
Fixation R	1	5	3366491814	3366711804	219990	448.55	282.84	36	34	-1	14.17	14.17
Saccade R	1	5	3366711804	3366747777	35973	467.17	267.26	0.00	0.00	15.28	1279.35	0.67	424.74	47242.08	-55892.79	31206.50
Fixation R	1	6	3366747777	3366931818	184041	362.59	215.55	756	437	-1	13.73	13.73
Fixation L	1	6	3366863789	3366931818	68029	475.40	281.73	10	5	-1	13.79	13.79
Saccade L	1	5	3366931818	3366959799	27981	478.06	288.91	448.32	399.48	2.60	218.96	0.57	92.80	9252.97	-9195.51	6737.61
Saccade R	1	6	3366931818	3366959799	27981	478.06	288.91	448.32	399.48	2.60	218.96	0.57	92.80	9252.97	-9195.51	6737.61
Fixation L	1	7	3366959799	3367131796	171997	430.99	422.74	32	51	-1	14.12	14.12
Fixation R	1	7	3366959799	3367131796	171997	430.99	422.74	32	51	-1	14.45	14.45
Saccade L	1	6	3367131796	3367171732	39936	448.05	445.91	463.99	337.06	2.49	164.40	0.30	62.47	6993.56	-5341.70	3557.30
Saccade R	1	7	3367131796	3367171732	39936	448.05	445.91	463.99	337.06	2.49	164.40	0.30	62.47	6993.56	-5341.70	3557.30
Fixation L	1	8	3367171732	3367763627	591895	461.90	296.51	74	98	-1	13.90	13.90
Fixation R	1	8	3367171732	3367763627	591895	461.90	296.51	74	98	-1	14.19	14.19
Saccade L	1	7	3367763627	3367791678	28051	445.53	308.76	486.42	308.69	0.80	44.35	0.43	28.57	1673.84	-1538.73	1249.55
Saccade R	1	8	3367763627	3367791678	28051	445.53	308.76	486.42	308.69	0.80	44.35	0.43	28.57	1673.84	-1538.73	1249.55
Fixation L	1	9	3367791678	3368159687	368009	496.03	313.62	36	44	-1	13.38	13.38
Fixation R	1	9	3367791678	3368159687	368009	496.03	313.62	36	44	-1	13.89	13.89
Saccade L	1	8	3368159687	3368187692	28005	509.17	287.46	392.06	255.14	2.61	215.49	0.43	93.17	9324.86	-8532.28	6446.83
Saccade R	1	9	3368159687	3368187692	28005	509.17	287.46	392.06	255.14	2.61	215.49	0.43	93.17	9324.86	-8532.28	6446.83
Fixation L	1	10	3368187692	3368339694	152002	400.99	264.68	19	58	-1	13.50	13.50
Fixation R	1	10	3368187692	3368339694	152002	400.99	264.68	19	58	-1	13.60	13.60
Saccade L	1	9	3368339694	3368367718	28024	411.26	295.55	376.20	286.86	0.80	56.96	0.43	28.44	2333.75	-1911.10	1566.71
Saccade R	1	10	3368339694	3368367718	28024	411.26	295.55	376.20	286.86	0.80	56.96	0.43	28.44	2333.75	-1911.10	1566.71
Fixation L	1	11	3368367718	3369135594	767876	363.51	299.20	30	36	-1	13.49	13.49
Fixation R	1	11	3368367718	3369135594	767876	363.51	299.20	30	36	-1	13.87	13.87
UserEvent	1	2	3368832491	# Message: UE-mouseclick left x=368 y=277
Saccade L	1	10	3369135594	3369179591	43997	351.61	297.92	369.10	364.98	1.57	67.92	0.55	35.66	2572.28	-2470.09	1715.66
Saccade R	1	11	3369135594	3369179591	43997	351.61	297.92	369.10	364.98	1.57	67.92	0.55	35.66	2572.28	-2470.09	1715.66
Fixation L	1	12	3369179591	3369367595	188004	371.84	384.61	10	33	-1	13.76	13.76
Fixation R	1	12	3369179591	3369367595	188004	371.84	384.61	10	33	-1	14.39	14.39
Saccade L	1	11	3369367595	3369467598	100003	372.74	382.04	1034.71	1102.85	26.55	585.57	0.44	265.48	20254.52	-16754.75	8244.35
Saccade R	1	12	3369367595	3369467598	100003	372.74	382.04	1034.71	1102.85	26.55	585.57	0.44	265.48	20254.52	-16754.75	8244.35
Saccade L	1	12	3369467598	3369603623	136025	1034.71	1102.85	620.15	389.33	25.34	504.64	0.35	186.27	17752.34	-14621.42	6488.47
Saccade R	1	13	3369467598	3369603623	136025	1034.71	1102.85	620.15	389.33	25.34	504.64	0.35	186.27	17752.34	-14621.42	6488.47
Fixation L	1	13	3369603623	3369655603	51980	611.26	394.63	18	10	-1	14.20	14.20
Fixation R	1	13	3369603623	3369655603	51980	611.26	394.63	18	10	-1	14.90	14.90
Saccade L	1	13	3369655603	3369707598	51995	610.66	399.69	447.79	400.55	3.87	229.42	0.54	74.35	9691.85	-9658.00	5181.45
Saccade R	1	14	3369655603	3369707598	51995	610.66	399.69	447.79	400.55	3.87	229.42	0.54	74.35	9691.85	-9658.00	5181.45
Fixation L	1	14	3369707598	3369831605	124007	438.03	402.50	18	22	-1	13.57	13.57
Fixation R	1	14	3369707598	3369831605	124007	438.03	402.50	18	22	-1	14.08	14.08
