[BeGaze]
Converted from:	D:\Kirillov\Results\ermolova_temp\Sofia-eye_data.idf
Date:	17.04.2019 03:54:06
Version:	BeGaze 3.0.181
Sample Rate:	250
Subject:	Sofia
Description:	Run35

Table Header for Fixations:
Event Type	Trial	Number	Start	End	Duration	Location X	Location Y	Dispersion X	Dispersion Y	Plane	Avg. Pupil Size X	Avg. Pupil Size Y

Table Header for Saccades:
Event Type	Trial	Number	Start	End	Duration	Start Loc.X	Start Loc.Y	End Loc.X	End Loc.Y	Amplitude	Peak Speed	Peak Speed At	Average Speed	Peak Accel.	Peak Decel.	Average Accel.

Table Header for User Events:
Event Type	Trial	Number	Start	Description

UserEvent	1	1	3658084152	# Message: experiment-06.jpg
Fixation L	1	1	3658086237	3658150242	64005	410.70	360.35	3	11	-1	14.33	14.33
Fixation R	1	1	3658086237	3658150242	64005	410.70	360.35	3	11	-1	15.26	15.26
Saccade L	1	1	3658150242	3658182258	32016	410.44	357.68	565.71	383.48	3.37	207.63	0.38	105.10	9953.65	-9753.57	7314.48
Saccade R	1	1	3658150242	3658182258	32016	410.44	357.68	565.71	383.48	3.37	207.63	0.38	105.10	9953.65	-9753.57	7314.48
Fixation L	1	2	3658182258	3658358256	175998	577.99	390.89	22	22	-1	14.45	14.45
Fixation R	1	2	3658182258	3658358256	175998	577.99	390.89	22	22	-1	15.43	15.43
Saccade L	1	2	3658358256	3658390265	32009	583.46	399.16	475.16	407.01	2.19	124.70	0.50	68.40	6136.88	-5941.34	4583.98
Saccade R	1	2	3658358256	3658390265	32009	583.46	399.16	475.16	407.01	2.19	124.70	0.50	68.40	6136.88	-5941.34	4583.98
Fixation L	1	3	3658390265	3658466245	75980	475.66	406.79	11	9	-1	14.37	14.37
Fixation R	1	3	3658390265	3658466245	75980	475.66	406.79	11	9	-1	15.32	15.32
Saccade R	1	3	3658466245	3658506247	40002	475.34	406.95	0.00	0.00	22.64	1637.46	0.70	565.98	47859.01	-71542.17	35701.99
Fixation R	1	4	3658506247	3658586057	79810	0.00	0.00	0	0	-1	12.03	12.03
Fixation L	1	4	3658674262	3658786286	112024	551.77	479.07	21	18	-1	13.93	13.93
Fixation R	1	5	3658674262	3658786286	112024	551.77	479.07	21	18	-1	14.96	14.96
Saccade L	1	3	3658786286	3658814273	27987	546.62	481.75	499.37	605.06	2.65	198.95	0.43	94.72	9278.40	-9188.19	6809.48
Saccade R	1	4	3658786286	3658814273	27987	546.62	481.75	499.37	605.06	2.65	198.95	0.43	94.72	9278.40	-9188.19	6809.48
Fixation L	1	5	3658814273	3659346143	531870	513.14	641.41	56	67	-1	14.42	14.42
Fixation R	1	6	3658814273	3659346143	531870	513.14	641.41	56	67	-1	15.44	15.44
Saccade L	1	4	3659346143	3659410166	64023	537.58	653.43	1079.41	609.83	12.32	345.82	0.31	192.42	16896.12	-13586.09	8177.57
Saccade R	1	5	3659346143	3659410166	64023	537.58	653.43	1079.41	609.83	12.32	345.82	0.31	192.42	16896.12	-13586.09	8177.57
Fixation L	1	6	3659410166	3659526178	116012	1084.65	595.71	15	21	-1	13.92	13.92
Fixation R	1	7	3659410166	3659526178	116012	1084.65	595.71	15	21	-1	15.25	15.25
Saccade R	1	6	3659526178	3659566163	39985	1088.14	604.77	0.00	0.00	35.91	3047.35	0.70	898.04	110120.51	-127536.38	66818.82
Fixation R	1	8	3659566163	3659666151	99988	0.00	0.00	0	0	-1	9.93	9.93
Fixation L	1	7	3659726155	3660466180	740025	431.16	462.98	67	54	-1	13.97	13.97
Fixation R	1	9	3659726155	3660466180	740025	431.16	462.98	67	54	-1	14.90	14.90
Saccade L	1	5	3660466180	3660498167	31987	408.11	453.84	383.69	567.03	2.74	185.40	0.50	85.72	8838.07	-8200.80	5852.78
Saccade R	1	7	3660466180	3660498167	31987	408.11	453.84	383.69	567.03	2.74	185.40	0.50	85.72	8838.07	-8200.80	5852.78
Saccade L	1	6	3660538176	3660574110	35934	361.72	589.50	310.60	459.25	3.28	263.61	0.33	91.15	10464.71	-10267.69	6395.87
Saccade R	1	8	3660538176	3660574110	35934	361.72	589.50	310.60	459.25	3.28	263.61	0.33	91.15	10464.71	-10267.69	6395.87
Saccade L	1	7	3660610170	3660654047	43877	304.15	446.47	342.78	585.94	3.71	285.88	0.46	84.67	11058.06	-11115.65	6306.15
Saccade R	1	9	3660610170	3660654047	43877	304.15	446.47	342.78	585.94	3.71	285.88	0.46	84.67	11058.06	-11115.65	6306.15
Saccade L	1	8	3660686063	3660714063	28000	355.79	590.85	414.94	623.56	1.45	94.44	0.43	51.92	4302.66	-4287.83	3214.17
Saccade R	1	10	3660686063	3660714063	28000	355.79	590.85	414.94	623.56	1.45	94.44	0.43	51.92	4302.66	-4287.83	3214.17
Fixation L	1	8	3660714063	3660866050	151987	417.14	633.83	12	13	-1	13.70	13.70
Fixation R	1	10	3660714063	3660866050	151987	417.14	633.83	12	13	-1	15.03	15.03
Saccade L	1	9	3660866050	3660898049	31999	412.19	636.31	410.97	567.36	1.37	81.45	0.38	42.79	3967.68	-3574.40	2694.87
Saccade R	1	11	3660866050	3660898049	31999	412.19	636.31	410.97	567.36	1.37	81.45	0.38	42.79	3967.68	-3574.40	2694.87
Fixation L	1	9	3660898049	3660986053	88004	410.74	569.43	3	4	-1	13.85	13.85
Fixation R	1	11	3660898049	3660986053	88004	410.74	569.43	3	4	-1	15.07	15.07
Saccade L	1	10	3660986053	3661010054	24001	410.05	566.68	398.55	497.61	1.40	119.24	0.50	58.44	5301.71	-4572.34	3533.08
Saccade R	1	12	3660986053	3661010054	24001	410.05	566.68	398.55	497.61	1.40	119.24	0.50	58.44	5301.71	-4572.34	3533.08
Fixation L	1	10	3661010054	3661670071	660017	367.31	540.53	67	79	-1	14.16	14.16
Fixation R	1	12	3661010054	3661670071	660017	367.31	540.53	67	79	-1	15.32	15.32
Saccade L	1	11	3661670071	3661702066	31995	340.61	559.75	286.30	672.32	2.66	171.84	0.50	83.22	7517.23	-7539.62	5644.77
Saccade R	1	13	3661670071	3661702066	31995	340.61	559.75	286.30	672.32	2.66	171.84	0.50	83.22	7517.23	-7539.62	5644.77
Fixation L	1	11	3661702066	3661842085	140019	286.13	661.69	9	17	-1	14.18	14.18
Fixation R	1	13	3661702066	3661842085	140019	286.13	661.69	9	17	-1	15.15	15.15
Saccade L	1	12	3661842085	3661882070	39985	291.13	656.11	271.51	548.73	2.32	114.59	0.40	58.12	4994.68	-4190.16	3320.12
Saccade R	1	14	3661842085	3661882070	39985	291.13	656.11	271.51	548.73	2.32	114.59	0.40	58.12	4994.68	-4190.16	3320.12
Fixation L	1	12	3661882070	3662034080	152010	265.73	543.00	12	29	-1	13.97	13.97
Fixation R	1	14	3661882070	3662034080	152010	265.73	543.00	12	29	-1	14.82	14.82
Saccade L	1	13	3662034080	3662065962	31882	260.99	560.20	266.69	472.21	1.76	111.23	0.50	55.24	5074.04	-4660.21	3622.81
Saccade R	1	15	3662034080	3662065962	31882	260.99	560.20	266.69	472.21	1.76	111.23	0.50	55.24	5074.04	-4660.21	3622.81
Fixation L	1	13	3662065962	3662333959	267997	259.80	479.12	22	12	-1	13.56	13.56
Fixation R	1	15	3662065962	3662333959	267997	259.80	479.12	22	12	-1	14.46	14.46
Saccade L	1	14	3662333959	3662373983	40024	248.46	475.03	269.81	405.89	1.58	84.09	0.30	39.52	3226.09	-1902.90	1619.01
Saccade R	1	16	3662333959	3662373983	40024	248.46	475.03	269.81	405.89	1.58	84.09	0.30	39.52	3226.09	-1902.90	1619.01
Fixation L	1	14	3662373983	3662629977	255994	279.29	412.65	16	13	-1	13.44	13.44
Fixation R	1	16	3662373983	3662629977	255994	279.29	412.65	16	13	-1	14.23	14.23
Saccade R	1	17	3662713966	3662765990	52024	0.00	0.00	1186.90	615.71	36.11	2913.78	0.23	694.06	125146.72	-111961.94	53123.66
Fixation L	1	15	3662765990	3662990006	224016	1177.85	614.60	25	17	-1	13.15	13.15
Fixation R	1	17	3662765990	3662990006	224016	1177.85	614.60	25	17	-1	14.47	14.47
Saccade L	1	15	3662990006	3663017974	27968	1176.63	608.86	1150.84	670.56	1.31	90.72	0.43	46.91	4086.26	-3740.44	2714.31
Saccade R	1	18	3662990006	3663017974	27968	1176.63	608.86	1150.84	670.56	1.31	90.72	0.43	46.91	4086.26	-3740.44	2714.31
Fixation L	1	16	3663017974	3663285973	267999	1144.29	681.17	50	21	-1	13.23	13.23
Fixation R	1	18	3663017974	3663285973	267999	1144.29	681.17	50	21	-1	14.66	14.66
Saccade L	1	16	3663285973	3663317982	32009	1128.15	683.41	1153.66	646.24	0.99	43.10	0.50	30.87	1833.14	-1417.54	1226.11
Saccade R	1	19	3663285973	3663317982	32009	1128.15	683.41	1153.66	646.24	0.99	43.10	0.50	30.87	1833.14	-1417.54	1226.11
Fixation L	1	17	3663317982	3663413982	96000	1160.31	636.47	11	15	-1	13.21	13.21
Fixation R	1	19	3663317982	3663413982	96000	1160.31	636.47	11	15	-1	14.55	14.55
Saccade L	1	17	3663413982	3663441979	27997	1157.90	643.99	1229.27	668.37	1.56	116.99	0.57	55.55	4780.32	-4453.05	3379.34
Saccade R	1	20	3663413982	3663441979	27997	1157.90	643.99	1229.27	668.37	1.56	116.99	0.57	55.55	4780.32	-4453.05	3379.34
Fixation L	1	18	3663441979	3663661862	219883	1233.31	668.64	21	35	-1	13.43	13.43
Fixation R	1	20	3663441979	3663661862	219883	1233.31	668.64	21	35	-1	14.66	14.66
Saccade L	1	18	3663661862	3663689867	28005	1232.98	643.59	1287.85	656.02	1.23	79.91	0.43	43.81	3126.26	-3171.93	2351.94
Saccade R	1	21	3663661862	3663689867	28005	1232.98	643.59	1287.85	656.02	1.23	79.91	0.43	43.81	3126.26	-3171.93	2351.94
Fixation L	1	19	3663689867	3663989866	299999	1304.69	656.30	28	16	-1	13.49	13.49
Fixation R	1	21	3663689867	3663989866	299999	1304.69	656.30	28	16	-1	14.92	14.92
Saccade L	1	19	3663989866	3664065872	76006	1316.98	666.51	559.46	553.23	17.20	399.35	0.42	226.30	17910.59	-13458.84	8868.25
Saccade R	1	22	3663989866	3664065872	76006	1316.98	666.51	559.46	553.23	17.20	399.35	0.42	226.30	17910.59	-13458.84	8868.25
Fixation L	1	20	3664065872	3664153873	88001	559.62	552.82	15	9	-1	13.86	13.86
Fixation R	1	22	3664065872	3664153873	88001	559.62	552.82	15	9	-1	14.83	14.83
Saccade L	1	20	3664153873	3664193877	40004	569.94	549.61	441.24	482.72	3.27	183.64	0.40	81.66	8241.13	-7094.44	5268.76
Saccade R	1	23	3664153873	3664193877	40004	569.94	549.61	441.24	482.72	3.27	183.64	0.40	81.66	8241.13	-7094.44	5268.76
Fixation L	1	21	3664193877	3664345886	152009	440.01	465.71	13	24	-1	13.91	13.91
Fixation R	1	23	3664193877	3664345886	152009	440.01	465.71	13	24	-1	14.71	14.71
Saccade L	1	21	3664345886	3664373901	28015	442.62	467.66	458.20	416.46	1.06	62.63	0.57	37.96	2581.20	-2784.48	2059.28
Saccade R	1	24	3664345886	3664373901	28015	442.62	467.66	458.20	416.46	1.06	62.63	0.57	37.96	2581.20	-2784.48	2059.28
Fixation L	1	22	3664373901	3664705892	331991	459.90	438.93	27	43	-1	14.17	14.17
Fixation R	1	24	3664373901	3664705892	331991	459.90	438.93	27	43	-1	15.06	15.06
Saccade L	1	22	3664705892	3664773883	67991	476.03	462.10	1031.38	698.79	13.33	322.93	0.47	196.03	13448.23	-9204.94	7237.83
Saccade R	1	25	3664705892	3664773883	67991	476.03	462.10	1031.38	698.79	13.33	322.93	0.47	196.03	13448.23	-9204.94	7237.83
Fixation L	1	23	3664773883	3664937776	163893	1025.29	715.16	22	30	-1	14.21	14.21
Fixation R	1	25	3664773883	3664937776	163893	1025.29	715.16	22	30	-1	15.32	15.32
Saccade L	1	23	3664937776	3664969767	31991	1023.24	730.66	1093.71	702.44	1.72	126.36	0.37	53.83	5492.09	-4931.14	3520.16
Saccade R	1	26	3664937776	3664969767	31991	1023.24	730.66	1093.71	702.44	1.72	126.36	0.37	53.83	5492.09	-4931.14	3520.16
Fixation L	1	24	3664969767	3665105780	136013	1090.89	696.43	5	13	-1	14.22	14.22
Fixation R	1	26	3664969767	3665105780	136013	1090.89	696.43	5	13	-1	15.27	15.27
Saccade L	1	24	3665105780	3665125792	20012	1092.07	703.64	1090.79	648.00	1.32	139.84	0.60	65.86	5977.52	-4799.31	3667.29
Saccade R	1	27	3665105780	3665125792	20012	1092.07	703.64	1090.79	648.00	1.32	139.84	0.60	65.86	5977.52	-4799.31	3667.29
Fixation L	1	25	3665125792	3665257812	132020	1072.11	642.08	26	21	-1	14.02	14.02
Fixation R	1	27	3665125792	3665257812	132020	1072.11	642.08	26	21	-1	15.16	15.16
Saccade L	1	25	3665257812	3665317771	59959	1071.18	645.13	472.69	629.47	13.04	405.59	0.27	217.55	19710.95	-12184.58	9953.80
Saccade R	1	28	3665257812	3665317771	59959	1071.18	645.13	472.69	629.47	13.04	405.59	0.27	217.55	19710.95	-12184.58	9953.80
Fixation L	1	26	3665317771	3665493774	176003	474.51	604.43	11	43	-1	14.10	14.10
Fixation R	1	28	3665317771	3665493774	176003	474.51	604.43	11	43	-1	15.16	15.16
Saccade L	1	26	3665493774	3665513778	20004	470.62	587.70	507.69	594.58	0.65	59.03	0.60	32.61	2403.47	-2220.39	1694.60
Saccade R	1	29	3665493774	3665513778	20004	470.62	587.70	507.69	594.58	0.65	59.03	0.60	32.61	2403.47	-2220.39	1694.60
Fixation L	1	27	3665513778	3665761785	248007	516.20	595.54	23	12	-1	14.13	14.13
Fixation R	1	29	3665513778	3665761785	248007	516.20	595.54	23	12	-1	15.17	15.17
Saccade L	1	27	3665761785	3665793799	32014	514.99	594.32	491.87	657.86	1.48	92.53	0.37	46.13	4274.17	-3896.32	2919.81
Saccade R	1	30	3665761785	3665793799	32014	514.99	594.32	491.87	657.86	1.48	92.53	0.37	46.13	4274.17	-3896.32	2919.81
Fixation L	1	28	3665793799	3665877808	84009	484.91	659.52	11	10	-1	14.50	14.50
Fixation R	1	30	3665793799	3665877808	84009	484.91	659.52	11	10	-1	15.32	15.32
Saccade L	1	28	3665877808	3665937809	60001	487.68	654.04	1066.88	623.34	12.67	406.50	0.33	211.18	19251.08	-12677.32	10623.33
Saccade R	1	31	3665877808	3665937809	60001	487.68	654.04	1066.88	623.34	12.67	406.50	0.33	211.18	19251.08	-12677.32	10623.33
Fixation L	1	29	3665937809	3666141786	203977	1075.99	616.16	19	22	-1	14.25	14.25
Fixation R	1	31	3665937809	3666141786	203977	1075.99	616.16	19	22	-1	15.70	15.70
Saccade L	1	29	3666141786	3666161824	20038	1068.84	608.53	1087.07	567.36	0.92	87.53	0.60	45.81	3916.50	-3528.04	2554.80
Saccade R	1	32	3666141786	3666161824	20038	1068.84	608.53	1087.07	567.36	0.92	87.53	0.60	45.81	3916.50	-3528.04	2554.80
Fixation L	1	30	3666161824	3666353680	191856	1099.07	560.44	23	15	-1	14.26	14.26
Fixation R	1	32	3666161824	3666353680	191856	1099.07	560.44	23	15	-1	15.65	15.65
Saccade L	1	30	3666353680	3666381667	27987	1099.20	559.59	1138.28	541.89	0.89	49.73	0.43	31.65	2063.96	-1608.75	1310.90
Saccade R	1	33	3666353680	3666381667	27987	1099.20	559.59	1138.28	541.89	0.89	49.73	0.43	31.65	2063.96	-1608.75	1310.90
Fixation L	1	31	3666381667	3666597672	216005	1137.21	532.52	11	23	-1	13.80	13.80
Fixation R	1	33	3666381667	3666597672	216005	1137.21	532.52	11	23	-1	15.28	15.28
Saccade L	1	31	3666597672	3666625703	28031	1135.68	520.81	1209.48	510.50	1.51	102.18	0.57	53.78	4814.33	-4562.94	3457.62
Saccade R	1	34	3666597672	3666625703	28031	1135.68	520.81	1209.48	510.50	1.51	102.18	0.57	53.78	4814.33	-4562.94	3457.62
Fixation L	1	32	3666625703	3666737708	112005	1205.55	515.25	23	21	-1	13.68	13.68
Fixation R	1	34	3666625703	3666737708	112005	1205.55	515.25	23	21	-1	14.88	14.88
Saccade L	1	32	3666737708	3666765684	27976	1194.59	526.33	1226.83	504.66	0.81	44.87	0.43	28.99	1925.60	-1526.32	1273.11
Saccade R	1	35	3666737708	3666765684	27976	1194.59	526.33	1226.83	504.66	0.81	44.87	0.43	28.99	1925.60	-1526.32	1273.11
Fixation L	1	33	3666765684	3666885676	119992	1236.41	501.05	13	10	-1	13.42	13.42
Fixation R	1	35	3666765684	3666885676	119992	1236.41	501.05	13	10	-1	14.74	14.74
Saccade L	1	33	3666885676	3666925684	40008	1238.55	497.52	991.64	511.33	5.25	261.17	0.30	131.14	12878.92	-10472.55	8358.62
Saccade R	1	36	3666885676	3666925684	40008	1238.55	497.52	991.64	511.33	5.25	261.17	0.30	131.14	12878.92	-10472.55	8358.62
Saccade L	1	34	3666969692	3667005693	36001	990.55	510.10	1277.48	506.42	5.91	303.14	0.56	164.04	14561.89	-13882.74	10850.61
Saccade R	1	37	3666969692	3667005693	36001	990.55	510.10	1277.48	506.42	5.91	303.14	0.56	164.04	14561.89	-13882.74	10850.61
Fixation L	1	34	3667005693	3667065718	60025	1271.09	503.82	16	9	-1	13.41	13.41
Fixation R	1	36	3667005693	3667065718	60025	1271.09	503.82	16	9	-1	14.72	14.72
Saccade L	1	35	3667065718	3667137715	71997	1274.42	503.10	454.28	491.84	17.99	430.83	0.22	249.84	21368.15	-11758.19	9356.06
Saccade R	1	38	3667065718	3667137715	71997	1274.42	503.10	454.28	491.84	17.99	430.83	0.22	249.84	21368.15	-11758.19	9356.06
Fixation L	1	35	3667137715	3667373723	236008	454.49	494.36	12	21	-1	13.89	13.89
Fixation R	1	37	3667137715	3667373723	236008	454.49	494.36	12	21	-1	14.54	14.54
Saccade L	1	36	3667373723	3667397690	23967	452.41	501.73	457.34	559.21	1.26	103.49	0.50	52.48	4592.35	-4563.48	3310.02
Saccade R	1	39	3667373723	3667397690	23967	452.41	501.73	457.34	559.21	1.26	103.49	0.50	52.48	4592.35	-4563.48	3310.02
Fixation L	1	36	3667397690	3667541704	144014	455.87	565.52	15	11	-1	13.93	13.93
Fixation R	1	38	3667397690	3667541704	144014	455.87	565.52	15	11	-1	14.87	14.87
Saccade L	1	37	3667541704	3667561701	19997	466.87	567.50	480.48	605.31	0.82	72.59	0.60	41.15	3275.90	-2782.46	2166.54
Saccade R	1	40	3667541704	3667561701	19997	466.87	567.50	480.48	605.31	0.82	72.59	0.60	41.15	3275.90	-2782.46	2166.54
Fixation L	1	37	3667561701	3667949578	387877	497.59	623.84	25	30	-1	14.15	14.15
Fixation R	1	39	3667561701	3667949578	387877	497.59	623.84	25	30	-1	15.13	15.13
Saccade R	1	41	3667949578	3667985601	36023	501.43	634.66	0.00	0.00	20.18	1652.86	0.67	560.11	64296.24	-69080.98	42218.26
Fixation R	1	40	3667985601	3668089620	104019	0.00	0.00	0	0	-1	7.75	7.75
Saccade R	1	42	3668089620	3668125613	35993	0.00	0.00	510.08	671.31	19.01	1529.11	0.33	528.22	62427.55	-51969.13	33150.02
Saccade L	1	38	3668125613	3668217584	91971	510.08	671.31	491.09	620.33	9.01	279.97	0.61	97.96	10586.00	-9313.04	4586.34
Saccade R	1	43	3668125613	3668217584	91971	510.08	671.31	491.09	620.33	9.01	279.97	0.61	97.96	10586.00	-9313.04	4586.34
Fixation L	1	38	3668217584	3668369606	152022	494.27	623.19	15	12	-1	14.36	14.36
Fixation R	1	41	3668217584	3668369606	152022	494.27	623.19	15	12	-1	15.23	15.23
Saccade L	1	39	3668369606	3668405589	35983	489.08	628.42	421.87	772.44	3.54	183.47	0.56	98.50	8780.03	-7458.13	6112.12
Saccade R	1	44	3668369606	3668405589	35983	489.08	628.42	421.87	772.44	3.54	183.47	0.56	98.50	8780.03	-7458.13	6112.12
Fixation L	1	39	3668405589	3668685592	280003	395.04	762.48	34	27	-1	14.77	14.77
Fixation R	1	42	3668405589	3668685592	280003	395.04	762.48	34	27	-1	15.69	15.69
Saccade L	1	40	3668685592	3668713603	28011	388.89	766.94	394.03	653.62	2.27	153.01	0.57	80.89	7384.10	-7484.81	5522.94
Saccade R	1	45	3668685592	3668713603	28011	388.89	766.94	394.03	653.62	2.27	153.01	0.57	80.89	7384.10	-7484.81	5522.94
Fixation L	1	40	3668713603	3668869539	155936	393.03	658.57	13	15	-1	14.53	14.53
Fixation R	1	43	3668713603	3668869539	155936	393.03	658.57	13	15	-1	15.36	15.36
Saccade L	1	41	3668869539	3668897595	28056	397.83	664.20	436.36	534.18	2.79	207.35	0.57	99.40	9143.69	-8814.53	6741.68
Saccade R	1	46	3668869539	3668897595	28056	397.83	664.20	436.36	534.18	2.79	207.35	0.57	99.40	9143.69	-8814.53	6741.68
Fixation L	1	41	3668897595	3669205485	307890	437.54	543.73	15	32	-1	14.22	14.22
Fixation R	1	44	3668897595	3669205485	307890	437.54	543.73	15	32	-1	15.26	15.26
Saccade L	1	42	3669205485	3669233518	28033	443.80	538.60	437.95	596.10	1.12	67.06	0.57	39.83	2798.05	-2958.11	2195.39
Saccade R	1	47	3669205485	3669233518	28033	443.80	538.60	437.95	596.10	1.12	67.06	0.57	39.83	2798.05	-2958.11	2195.39
Fixation L	1	42	3669233518	3669365506	131988	427.86	592.58	20	19	-1	14.34	14.34
Fixation R	1	45	3669233518	3669365506	131988	427.86	592.58	20	19	-1	15.42	15.42
Saccade L	1	43	3669365506	3669409496	43990	418.39	576.75	450.47	498.90	2.00	92.29	0.36	45.43	3643.17	-3277.34	2261.56
Saccade R	1	48	3669365506	3669409496	43990	418.39	576.75	450.47	498.90	2.00	92.29	0.36	45.43	3643.17	-3277.34	2261.56
Fixation L	1	43	3669409496	3669689518	280022	454.32	483.44	28	36	-1	14.49	14.49
Fixation R	1	46	3669409496	3669689518	280022	454.32	483.44	28	36	-1	15.25	15.25
Saccade L	1	44	3669689518	3669709522	20004	452.45	464.82	489.54	472.56	0.66	48.86	0.40	33.14	2306.43	-1807.54	1463.98
Saccade R	1	49	3669689518	3669709522	20004	452.45	464.82	489.54	472.56	0.66	48.86	0.40	33.14	2306.43	-1807.54	1463.98
Fixation L	1	44	3669709522	3669961513	251991	503.08	494.85	33	33	-1	14.57	14.57
Fixation R	1	47	3669709522	3669961513	251991	503.08	494.85	33	33	-1	15.36	15.36
Saccade L	1	45	3669961513	3670033503	71990	497.83	475.12	1267.42	510.00	16.84	403.19	0.56	233.91	15520.73	-16779.06	9090.61
Saccade R	1	50	3669961513	3670033503	71990	497.83	475.12	1267.42	510.00	16.84	403.19	0.56	233.91	15520.73	-16779.06	9090.61
Fixation L	1	45	3670033503	3670149512	116009	1256.82	504.66	15	9	-1	14.10	14.10
Fixation R	1	48	3670033503	3670149512	116009	1256.82	504.66	15	9	-1	15.54	15.54
Saccade L	1	46	3670149512	3670181504	31992	1253.62	506.02	1109.34	497.67	3.04	203.96	0.50	95.06	9850.58	-9128.91	6780.71
Saccade R	1	51	3670149512	3670181504	31992	1253.62	506.02	1109.34	497.67	3.04	203.96	0.50	95.06	9850.58	-9128.91	6780.71
Fixation L	1	46	3670181504	3670393502	211998	1105.29	512.86	39	49	-1	14.01	14.01
Fixation R	1	49	3670181504	3670393502	211998	1105.29	512.86	39	49	-1	15.34	15.34
Saccade L	1	47	3670393502	3670425532	32030	1078.79	535.11	1093.49	565.10	2.28	160.34	0.38	71.17	6126.14	-4117.77	3407.14
Saccade R	1	52	3670393502	3670425532	32030	1078.79	535.11	1093.49	565.10	2.28	160.34	0.38	71.17	6126.14	-4117.77	3407.14
Fixation L	1	47	3670425532	3670661430	235898	1092.24	604.41	19	57	-1	13.62	13.62
Fixation R	1	50	3670425532	3670661430	235898	1092.24	604.41	19	57	-1	15.00	15.00
Saccade L	1	48	3670661430	3670681383	19953	1082.22	595.47	1083.21	653.34	1.04	95.20	0.60	52.19	3692.96	-4156.69	2690.83
Saccade R	1	53	3670661430	3670681383	19953	1082.22	595.47	1083.21	653.34	1.04	95.20	0.60	52.19	3692.96	-4156.69	2690.83
Fixation L	1	48	3670681383	3670737404	56021	1086.88	654.19	6	15	-1	13.66	13.66
Fixation R	1	51	3670681383	3670737404	56021	1086.88	654.19	6	15	-1	14.99	14.99
