[BeGaze]
Converted from:	D:\Kirillov\Results\ermolova_temp\Vita-eye_data.idf
Date:	17.04.2019 03:54:18
Version:	BeGaze 3.0.181
Sample Rate:	250
Subject:	Vita
Description:	Run38

Table Header for Fixations:
Event Type	Trial	Number	Start	End	Duration	Location X	Location Y	Dispersion X	Dispersion Y	Plane	Avg. Pupil Size X	Avg. Pupil Size Y

Table Header for Saccades:
Event Type	Trial	Number	Start	End	Duration	Start Loc.X	Start Loc.Y	End Loc.X	End Loc.Y	Amplitude	Peak Speed	Peak Speed At	Average Speed	Peak Accel.	Peak Decel.	Average Accel.

Table Header for User Events:
Event Type	Trial	Number	Start	Description

UserEvent	1	1	6149355319	# Message: experiment-04.jpg
Fixation L	1	1	6149355671	6149595677	240006	465.26	320.96	22	15	-1	15.38	15.38
Fixation R	1	1	6149355671	6149595677	240006	465.26	320.96	22	15	-1	15.46	15.46
Saccade L	1	1	6149595677	6149651679	56002	461.04	326.76	968.12	561.39	12.44	499.65	0.43	222.05	23497.85	-20135.58	13858.17
Saccade R	1	1	6149595677	6149651679	56002	461.04	326.76	968.12	561.39	12.44	499.65	0.43	222.05	23497.85	-20135.58	13858.17
Fixation L	1	2	6149651679	6149719738	68059	986.97	582.98	28	27	-1	15.33	15.33
Fixation R	1	2	6149651679	6149719738	68059	986.97	582.98	28	27	-1	15.72	15.72
Fixation L	1	3	6149767933	6149843908	75975	0.00	0.00	0	0	-1	11.15	11.15
Fixation R	1	3	6149767933	6149843908	75975	0.00	0.00	0	0	-1	10.29	10.29
Saccade L	1	2	6149843908	6149899674	55766	0.00	0.00	1058.77	498.17	36.29	2850.61	0.21	650.72	120774.79	-99024.63	43796.46
Saccade R	1	2	6149843908	6149899674	55766	0.00	0.00	1058.77	498.17	36.29	2850.61	0.21	650.72	120774.79	-99024.63	43796.46
Fixation L	1	4	6149899674	6150043682	144008	1060.93	511.71	19	23	-1	14.10	14.10
Fixation R	1	4	6149899674	6150043682	144008	1060.93	511.71	19	23	-1	14.39	14.39
Saccade L	1	3	6150043682	6150075698	32016	1059.86	513.73	1003.99	512.77	1.19	83.28	0.37	37.09	3385.85	-3271.37	2247.37
Saccade R	1	3	6150043682	6150075698	32016	1059.86	513.73	1003.99	512.77	1.19	83.28	0.37	37.09	3385.85	-3271.37	2247.37
Fixation L	1	5	6150075698	6150271565	195867	1004.22	507.83	15	15	-1	13.98	13.98
Fixation R	1	5	6150075698	6150271565	195867	1004.22	507.83	15	15	-1	14.08	14.08
Saccade L	1	4	6150271565	6150299567	28002	1002.27	506.85	1011.67	593.79	1.90	143.24	0.43	67.86	6462.84	-6248.47	4640.78
Saccade R	1	4	6150271565	6150299567	28002	1002.27	506.85	1011.67	593.79	1.90	143.24	0.43	67.86	6462.84	-6248.47	4640.78
Fixation L	1	6	6150299567	6150475559	175992	1011.33	588.03	9	16	-1	13.70	13.70
Fixation R	1	6	6150299567	6150475559	175992	1011.33	588.03	9	16	-1	13.80	13.80
Saccade L	1	5	6150475559	6150539570	64011	1013.81	596.47	270.69	634.21	16.22	460.25	0.38	253.32	20486.57	-17602.36	12097.24
Saccade R	1	5	6150475559	6150539570	64011	1013.81	596.47	270.69	634.21	16.22	460.25	0.38	253.32	20486.57	-17602.36	12097.24
Fixation L	1	7	6150539570	6150719585	180015	272.24	623.95	10	23	-1	14.04	14.04
Fixation R	1	7	6150539570	6150719585	180015	272.24	623.95	10	23	-1	13.79	13.79
Saccade L	1	6	6150719585	6150755567	35982	268.75	612.90	333.56	565.33	1.84	102.58	0.44	51.08	4933.61	-4646.65	3431.35
Saccade R	1	6	6150719585	6150755567	35982	268.75	612.90	333.56	565.33	1.84	102.58	0.44	51.08	4933.61	-4646.65	3431.35
Fixation L	1	8	6150755567	6151147572	392005	355.37	552.20	43	63	-1	14.30	14.30
Fixation R	1	8	6150755567	6151147572	392005	355.37	552.20	43	63	-1	14.23	14.23
Saccade L	1	7	6151147572	6151207645	60073	369.93	570.36	1003.90	621.01	13.99	479.88	0.33	232.90	22596.43	-20412.43	13455.39
Saccade R	1	7	6151147572	6151207645	60073	369.93	570.36	1003.90	621.01	13.99	479.88	0.33	232.90	22596.43	-20412.43	13455.39
Fixation L	1	9	6151207645	6151563614	355969	998.15	608.21	20	37	-1	15.45	15.45
Fixation R	1	9	6151207645	6151563614	355969	998.15	608.21	20	37	-1	15.49	15.49
Saccade L	1	8	6151563614	6151627592	63978	995.08	597.54	274.38	625.71	15.70	442.90	0.25	245.45	21962.15	-15099.78	11339.64
Saccade R	1	8	6151563614	6151627592	63978	995.08	597.54	274.38	625.71	15.70	442.90	0.25	245.45	21962.15	-15099.78	11339.64
Fixation L	1	10	6151627592	6151855469	227877	266.34	627.51	21	13	-1	14.88	14.88
Fixation R	1	10	6151627592	6151855469	227877	266.34	627.51	21	13	-1	14.52	14.52
Saccade L	1	9	6151855469	6151891485	36016	261.57	630.18	391.58	585.67	3.02	187.53	0.33	83.88	9010.17	-8412.71	5848.19
Saccade R	1	9	6151855469	6151891485	36016	261.57	630.18	391.58	585.67	3.02	187.53	0.33	83.88	9010.17	-8412.71	5848.19
Fixation L	1	11	6151891485	6152135482	243997	410.49	582.23	30	20	-1	14.60	14.60
Fixation R	1	11	6151891485	6152135482	243997	410.49	582.23	30	20	-1	14.55	14.55
Saccade R	1	10	6152135482	6152167524	32042	415.89	586.21	0.00	0.00	17.11	1517.15	0.62	533.96	60062.06	-64314.46	41565.10
Fixation R	1	12	6152167524	6152253600	86076	0.00	0.00	0	0	-1	12.79	12.79
Saccade R	1	11	6152253600	6152299486	45886	0.00	0.00	212.32	798.00	40.51	2450.92	0.33	882.81	102873.25	-59712.03	45417.14
Fixation L	1	12	6152347477	6152547505	200028	410.65	636.18	24	76	-1	15.45	15.45
Fixation R	1	13	6152347477	6152547505	200028	410.65	636.18	24	76	-1	15.67	15.67
Saccade L	1	10	6152547505	6152583510	36005	406.66	648.42	407.55	560.28	1.82	126.46	0.45	50.67	5240.48	-4969.68	3475.53
Saccade R	1	12	6152547505	6152583510	36005	406.66	648.42	407.55	560.28	1.82	126.46	0.45	50.67	5240.48	-4969.68	3475.53
Fixation L	1	13	6152583510	6152759497	175987	409.87	553.58	12	17	-1	15.74	15.74
Fixation R	1	14	6152583510	6152759497	175987	409.87	553.58	12	17	-1	16.06	16.06
Saccade L	1	11	6152759497	6152787522	28025	407.46	542.51	279.35	527.86	2.71	211.22	0.57	96.84	9564.80	-8980.55	6857.82
Saccade R	1	13	6152759497	6152787522	28025	407.46	542.51	279.35	527.86	2.71	211.22	0.57	96.84	9564.80	-8980.55	6857.82
Fixation L	1	14	6152787522	6152975407	187885	282.97	511.24	11	27	-1	15.43	15.43
Fixation R	1	15	6152787522	6152975407	187885	282.97	511.24	11	27	-1	15.73	15.73
Saccade L	1	12	6152975407	6153027524	52117	284.77	516.04	377.60	465.48	3.37	209.46	0.31	64.67	8629.88	-7447.36	4137.25
Saccade R	1	14	6152975407	6153027524	52117	284.77	516.04	377.60	465.48	3.37	209.46	0.31	64.67	8629.88	-7447.36	4137.25
Saccade L	1	13	6153047501	6153087499	39998	374.41	461.24	382.99	515.06	1.20	45.26	0.30	29.89	1969.03	-1143.51	1084.02
Saccade R	1	15	6153047501	6153087499	39998	374.41	461.24	382.99	515.06	1.20	45.26	0.30	29.89	1969.03	-1143.51	1084.02
Saccade L	1	14	6153119373	6153139377	20004	385.54	549.82	399.58	510.49	0.73	61.94	0.60	36.50	1735.85	798.17	1315.59
Saccade R	1	16	6153119373	6153139377	20004	385.54	549.82	399.58	510.49	0.73	61.94	0.60	36.50	1735.85	798.17	1315.59
Saccade L	1	15	6153139377	6153159393	20016	399.58	510.49	421.32	562.97	1.04	99.02	0.40	51.90	1245.28	-3878.67	1888.18
Saccade R	1	17	6153139377	6153159393	20016	399.58	510.49	421.32	562.97	1.04	99.02	0.40	51.90	1245.28	-3878.67	1888.18
Saccade L	1	16	6153187382	6153215374	27992	425.90	568.22	362.73	471.34	2.39	198.13	0.43	85.52	8357.90	-8586.59	6262.83
Saccade R	1	18	6153187382	6153215374	27992	425.90	568.22	362.73	471.34	2.39	198.13	0.43	85.52	8357.90	-8586.59	6262.83
Fixation L	1	15	6153215374	6153279388	64014	360.94	474.77	9	10	-1	15.23	15.23
Fixation R	1	16	6153215374	6153279388	64014	360.94	474.77	9	10	-1	15.61	15.61
Saccade L	1	17	6153279388	6153311397	32009	356.20	482.95	429.67	414.76	2.10	133.86	0.37	65.46	6043.21	-5632.51	4237.92
Saccade R	1	19	6153279388	6153311397	32009	356.20	482.95	429.67	414.76	2.10	133.86	0.37	65.46	6043.21	-5632.51	4237.92
Fixation L	1	16	6153311397	6153675387	363990	433.73	416.66	28	24	-1	15.19	15.19
Fixation R	1	17	6153311397	6153675387	363990	433.73	416.66	28	24	-1	15.59	15.59
Saccade L	1	18	6153675387	6153699386	23999	431.27	410.47	385.39	408.18	0.89	68.31	0.50	37.08	2865.72	-2930.44	2166.45
Saccade R	1	20	6153675387	6153699386	23999	431.27	410.47	385.39	408.18	0.89	68.31	0.50	37.08	2865.72	-2930.44	2166.45
Fixation L	1	17	6153699386	6153827386	128000	384.90	420.56	11	21	-1	15.33	15.33
Fixation R	1	18	6153699386	6153827386	128000	384.90	420.56	11	21	-1	15.54	15.54
Saccade L	1	19	6153827386	6153879394	52008	388.19	424.05	980.59	620.22	13.60	534.66	0.38	261.52	25284.10	-19232.88	15397.52
Saccade R	1	21	6153827386	6153879394	52008	388.19	424.05	980.59	620.22	13.60	534.66	0.38	261.52	25284.10	-19232.88	15397.52
Fixation L	1	18	6153879394	6154139413	260019	1001.58	625.02	47	45	-1	15.99	15.99
Fixation R	1	19	6153879394	6154139413	260019	1001.58	625.02	47	45	-1	16.32	16.32
Saccade L	1	20	6154139413	6154167393	27980	1021.93	594.78	1197.50	598.62	3.52	263.80	0.57	125.75	12856.59	-12491.71	9408.84
Saccade R	1	22	6154139413	6154167393	27980	1021.93	594.78	1197.50	598.62	3.52	263.80	0.57	125.75	12856.59	-12491.71	9408.84
Fixation L	1	19	6154167393	6154363421	196028	1187.85	587.95	15	20	-1	15.30	15.30
Fixation R	1	20	6154167393	6154363421	196028	1187.85	587.95	15	20	-1	15.39	15.39
Saccade L	1	21	6154363421	6154387411	23990	1178.02	586.73	1273.31	589.13	2.05	194.49	0.50	85.47	7693.00	-7902.77	5823.15
Saccade R	1	23	6154363421	6154387411	23990	1178.02	586.73	1273.31	589.13	2.05	194.49	0.50	85.47	7693.00	-7902.77	5823.15
Fixation L	1	20	6154387411	6154571277	183866	1280.39	583.75	13	13	-1	14.57	14.57
Fixation R	1	21	6154387411	6154571277	183866	1280.39	583.75	13	13	-1	14.57	14.57
Saccade L	1	22	6154571277	6154599278	28001	1273.59	578.85	1199.58	578.99	1.50	112.25	0.43	53.66	5015.24	-5101.17	3721.56
Saccade R	1	24	6154571277	6154599278	28001	1273.59	578.85	1199.58	578.99	1.50	112.25	0.43	53.66	5015.24	-5101.17	3721.56
Fixation L	1	21	6154599278	6154867285	268007	1207.25	585.50	20	13	-1	14.51	14.51
Fixation R	1	22	6154599278	6154867285	268007	1207.25	585.50	20	13	-1	14.28	14.28
Saccade L	1	23	6154867285	6154895295	28010	1207.42	581.63	1069.47	580.96	2.87	232.94	0.43	102.32	11108.33	-11064.84	8066.74
Saccade R	1	25	6154867285	6154895295	28010	1207.42	581.63	1069.47	580.96	2.87	232.94	0.43	102.32	11108.33	-11064.84	8066.74
Saccade L	1	24	6154943293	6155011290	67997	1063.85	570.36	277.09	463.16	17.51	435.22	0.29	257.51	21114.63	-14075.98	10360.11
Saccade R	1	26	6154943293	6155011290	67997	1063.85	570.36	277.09	463.16	17.51	435.22	0.29	257.51	21114.63	-14075.98	10360.11
Fixation L	1	22	6155011290	6155287303	276013	275.09	466.97	17	11	-1	15.09	15.09
Fixation R	1	23	6155011290	6155287303	276013	275.09	466.97	17	11	-1	14.48	14.48
Saccade L	1	25	6155287303	6155315300	27997	274.94	469.37	360.45	458.71	1.88	149.90	0.57	67.04	6589.22	-6306.72	4714.31
Saccade R	1	27	6155287303	6155315300	27997	274.94	469.37	360.45	458.71	1.88	149.90	0.57	67.04	6589.22	-6306.72	4714.31
Fixation L	1	23	6155315300	6155475331	160031	370.82	461.42	16	31	-1	15.48	15.48
Fixation R	1	24	6155315300	6155475331	160031	370.82	461.42	16	31	-1	15.09	15.09
Saccade L	1	26	6155475331	6155507300	31969	376.92	480.41	273.32	511.47	2.21	159.46	0.50	69.10	7292.93	-6997.41	5072.97
Saccade R	1	28	6155475331	6155507300	31969	376.92	480.41	273.32	511.47	2.21	159.46	0.50	69.10	7292.93	-6997.41	5072.97
Fixation L	1	24	6155507300	6155703333	196033	262.49	529.70	20	27	-1	16.04	16.04
Fixation R	1	25	6155507300	6155703333	196033	262.49	529.70	20	27	-1	15.77	15.77
Saccade L	1	27	6155703333	6155771322	67989	262.26	538.87	1102.62	620.97	19.00	543.76	0.35	279.45	25847.87	-20405.91	13575.18
Saccade R	1	29	6155703333	6155771322	67989	262.26	538.87	1102.62	620.97	19.00	543.76	0.35	279.45	25847.87	-20405.91	13575.18
Fixation L	1	25	6155771322	6156019158	247836	1107.94	610.99	24	52	-1	16.58	16.58
Fixation R	1	26	6155771322	6156019158	247836	1107.94	610.99	24	52	-1	16.40	16.40
Saccade L	1	28	6156019158	6156047199	28041	1096.47	577.43	960.24	578.86	2.83	218.71	0.43	100.93	10318.37	-10142.15	7490.42
Saccade R	1	30	6156019158	6156047199	28041	1096.47	577.43	960.24	578.86	2.83	218.71	0.43	100.93	10318.37	-10142.15	7490.42
Fixation L	1	26	6156047199	6156315169	267970	966.65	582.13	21	19	-1	15.82	15.82
Fixation R	1	27	6156047199	6156315169	267970	966.65	582.13	21	19	-1	15.48	15.48
Fixation L	1	27	6156387241	6158815002	2427761	20.82	21.66	1044	1109	-1	17.48	17.48
Fixation R	1	28	6156387241	6158815002	2427761	20.82	21.66	1044	1109	-1	17.79	17.78
