[BeGaze]
Converted from:	D:\Kirillov\Results\ermolova_temp\Polina 03-1-eye_data.idf
Date:	17.04.2019 03:53:30
Version:	BeGaze 3.0.181
Sample Rate:	250
Subject:	Polina 03
Description:	Run26

Table Header for Fixations:
Event Type	Trial	Number	Start	End	Duration	Location X	Location Y	Dispersion X	Dispersion Y	Plane	Avg. Pupil Size X	Avg. Pupil Size Y

Table Header for Saccades:
Event Type	Trial	Number	Start	End	Duration	Start Loc.X	Start Loc.Y	End Loc.X	End Loc.Y	Amplitude	Peak Speed	Peak Speed At	Average Speed	Peak Accel.	Peak Decel.	Average Accel.

Table Header for User Events:
Event Type	Trial	Number	Start	Description

UserEvent	1	1	11923976713	# Message: experiment-04.jpg
Saccade L	1	1	11924029906	11924073871	43965	426.13	357.17	430.71	382.26	1.21	44.12	0.27	27.47	416.39	-604.56	261.46
Saccade R	1	1	11924029906	11924073871	43965	426.13	357.17	430.71	382.26	1.21	44.12	0.27	27.47	416.39	-604.56	261.46
Fixation L	1	1	11924073871	11924129861	55990	430.53	392.67	24	16	-1	11.03	11.03
Fixation R	1	1	11924073871	11924129861	55990	430.53	392.67	24	16	-1	11.57	11.57
Saccade L	1	2	11924129861	11924161860	31999	442.40	390.56	401.61	373.01	1.03	49.77	0.63	32.29	2010.06	-963.72	957.28
Saccade R	1	2	11924129861	11924161860	31999	442.40	390.56	401.61	373.01	1.03	49.77	0.63	32.29	2010.06	-963.72	957.28
Saccade L	1	3	11924161860	11924181871	20011	401.61	373.01	392.31	344.31	0.66	42.54	0.40	32.81	536.73	-1080.38	563.04
Saccade R	1	3	11924161860	11924181871	20011	401.61	373.01	392.31	344.31	0.66	42.54	0.40	32.81	536.73	-1080.38	563.04
Saccade L	1	4	11924181871	11924217873	36002	392.31	344.31	426.54	355.30	0.98	48.27	0.44	27.29	1342.57	-1467.30	943.16
Saccade R	1	4	11924181871	11924217873	36002	392.31	344.31	426.54	355.30	0.98	48.27	0.44	27.29	1342.57	-1467.30	943.16
Saccade L	1	5	11924265861	11924333869	68008	433.78	352.12	1086.09	565.78	16.18	655.97	0.47	237.91	31155.47	-23457.10	14925.85
Saccade R	1	5	11924265861	11924333869	68008	433.78	352.12	1086.09	565.78	16.18	655.97	0.47	237.91	31155.47	-23457.10	14925.85
Fixation L	1	2	11924333869	11924497795	163926	1089.51	587.73	10	47	-1	10.82	10.82
Fixation R	1	2	11924333869	11924497795	163926	1089.51	587.73	10	47	-1	11.27	11.27
Saccade L	1	6	11924497795	11924529791	31996	1089.32	611.34	1059.87	453.60	3.34	208.42	0.50	104.46	9466.78	-9435.18	6954.47
Saccade R	1	6	11924497795	11924529791	31996	1089.32	611.34	1059.87	453.60	3.34	208.42	0.50	104.46	9466.78	-9435.18	6954.47
Fixation L	1	3	11924529791	11924665886	136095	1065.76	448.97	22	33	-1	10.44	10.44
Fixation R	1	3	11924529791	11924665886	136095	1065.76	448.97	22	33	-1	11.07	11.07
Saccade L	1	7	11924665886	11924725872	59986	1068.72	428.74	0.00	0.01	31.78	1763.00	0.53	529.78	73472.74	-41716.35	30421.47
Saccade R	1	7	11924665886	11924725872	59986	1068.72	428.74	0.00	0.01	31.78	1763.00	0.53	529.78	73472.74	-41716.35	30421.47
Fixation L	1	4	11924817881	11924893864	75983	463.52	348.80	14	13	-1	10.34	10.34
Fixation R	1	4	11924817881	11924893864	75983	463.52	348.80	14	13	-1	10.80	10.80
Saccade L	1	8	11924893864	11924925876	32012	469.60	357.92	511.42	365.73	0.90	46.06	0.38	27.96	1212.96	-1357.73	962.08
Saccade R	1	8	11924893864	11924925876	32012	469.60	357.92	511.42	365.73	0.90	46.06	0.38	27.96	1212.96	-1357.73	962.08
Saccade L	1	9	11924937865	11924969895	32030	515.35	365.68	440.82	383.14	1.64	92.01	0.50	51.21	4267.65	-3480.62	2713.18
Saccade R	1	9	11924937865	11924969895	32030	515.35	365.68	440.82	383.14	1.64	92.01	0.50	51.21	4267.65	-3480.62	2713.18
Saccade L	1	10	11924969895	11925009890	39995	440.82	383.14	490.38	512.97	3.01	182.85	0.60	75.28	7732.73	-7743.85	4832.56
Saccade R	1	10	11924969895	11925009890	39995	440.82	383.14	490.38	512.97	3.01	182.85	0.60	75.28	7732.73	-7743.85	4832.56
Fixation L	1	5	11925009890	11925169767	159877	496.46	528.62	22	25	-1	10.64	10.64
Fixation R	1	5	11925009890	11925169767	159877	496.46	528.62	22	25	-1	11.14	11.14
Saccade L	1	11	11925169767	11925213747	43980	485.56	528.62	411.14	598.42	2.44	121.29	0.46	55.56	5463.92	-4581.53	3236.30
Saccade R	1	11	11925169767	11925213747	43980	485.56	528.62	411.14	598.42	2.44	121.29	0.46	55.56	5463.92	-4581.53	3236.30
Fixation L	1	6	11925213747	11925385811	172064	400.67	606.98	28	15	-1	10.76	10.76
Fixation R	1	6	11925213747	11925385811	172064	400.67	606.98	28	15	-1	11.30	11.30
Saccade L	1	12	11925385811	11925409782	23971	391.11	604.68	418.60	617.27	0.65	45.28	0.50	26.98	1731.22	-1785.60	1231.68
Saccade R	1	12	11925385811	11925409782	23971	391.11	604.68	418.60	617.27	0.65	45.28	0.50	26.98	1731.22	-1785.60	1231.68
Fixation L	1	7	11925409782	11925649762	239980	397.09	601.18	47	34	-1	10.92	10.92
Fixation R	1	7	11925409782	11925649762	239980	397.09	601.18	47	34	-1	11.42	11.42
Saccade L	1	13	11925649762	11925713775	64013	403.63	585.29	1060.80	502.53	14.84	487.69	0.44	231.83	22587.52	-15382.77	12369.88
Saccade R	1	13	11925649762	11925713775	64013	403.63	585.29	1060.80	502.53	14.84	487.69	0.44	231.83	22587.52	-15382.77	12369.88
Fixation L	1	8	11925713775	11925921769	207994	1053.30	494.51	35	15	-1	10.71	10.71
Fixation R	1	8	11925713775	11925921769	207994	1053.30	494.51	35	15	-1	11.37	11.37
Saccade L	1	14	11925921769	11925953775	32006	1059.59	483.90	1053.46	611.86	2.64	179.77	0.37	82.36	8449.20	-8387.11	6016.67
Saccade R	1	14	11925921769	11925953775	32006	1059.59	483.90	1053.46	611.86	2.64	179.77	0.37	82.36	8449.20	-8387.11	6016.67
Fixation L	1	9	11925953775	11926121802	168027	1054.95	602.02	22	32	-1	10.58	10.58
Fixation R	1	9	11925953775	11926121802	168027	1054.95	602.02	22	32	-1	11.07	11.07
Saccade L	1	15	11926121802	11926197770	75968	1063.95	606.01	341.30	522.13	16.14	364.19	0.53	212.43	17462.46	-14375.34	7918.80
Saccade R	1	15	11926121802	11926197770	75968	1063.95	606.01	341.30	522.13	16.14	364.19	0.53	212.43	17462.46	-14375.34	7918.80
Fixation L	1	10	11926197770	11926505791	308021	354.98	548.07	27	59	-1	10.36	10.36
Fixation R	1	10	11926197770	11926505791	308021	354.98	548.07	27	59	-1	10.88	10.88
Saccade L	1	16	11926505791	11926553686	47895	348.32	574.10	264.71	533.29	2.28	90.16	0.42	47.64	3625.35	-2744.20	2149.00
Saccade R	1	16	11926505791	11926553686	47895	348.32	574.10	264.71	533.29	2.28	90.16	0.42	47.64	3625.35	-2744.20	2149.00
Fixation L	1	11	11926553686	11926765665	211979	164.33	365.07	546	665	-1	11.09	11.09
Fixation R	1	11	11926553686	11926669664	115978	253.32	522.69	20	16	-1	10.96	10.96
Saccade R	1	17	11926669664	11926713661	43997	241.93	524.44	-1.29	0.00	15.33	1064.36	0.73	348.36	41225.06	-46152.96	25514.56
Fixation R	1	12	11926713661	11926765665	52004	-0.39	0.00	1	0	-1	14.59	14.59
Fixation L	1	12	11926837691	11927481714	644023	319.85	450.84	45	53	-1	10.75	10.75
Fixation R	1	13	11926837691	11927481714	644023	319.85	450.84	45	53	-1	11.24	11.24
Saccade L	1	17	11927481714	11927517688	35974	302.99	445.33	241.79	463.72	1.47	79.45	0.56	40.82	2893.78	-3702.54	2213.00
Saccade R	1	18	11927481714	11927517688	35974	302.99	445.33	241.79	463.72	1.47	79.45	0.56	40.82	2893.78	-3702.54	2213.00
Fixation L	1	13	11927517688	11927929691	412003	256.62	482.75	41	55	-1	10.57	10.57
Fixation R	1	14	11927517688	11927929691	412003	256.62	482.75	41	55	-1	11.15	11.15
Saccade L	1	18	11927929691	11927989580	59889	280.88	510.98	423.78	324.02	5.85	283.69	0.27	97.75	12740.59	-9801.41	5694.85
Saccade R	1	19	11927929691	11927989580	59889	280.88	510.98	423.78	324.02	5.85	283.69	0.27	97.75	12740.59	-9801.41	5694.85
Fixation L	1	14	11927989580	11928221565	231985	444.37	323.34	58	28	-1	10.74	10.74
Fixation R	1	15	11927989580	11928221565	231985	444.37	323.34	58	28	-1	11.32	11.32
Saccade L	1	19	11928221565	11928265565	44000	475.74	321.79	0.00	0.00	23.47	1758.45	0.73	533.44	61379.87	-78977.52	37170.15
Saccade R	1	20	11928221565	11928265565	44000	475.74	321.79	0.00	0.00	23.47	1758.45	0.73	533.44	61379.87	-78977.52	37170.15
Fixation L	1	15	11928265565	11928317591	52026	0.00	0.00	0	0	-1	13.72	13.72
Fixation R	1	16	11928265565	11928317591	52026	0.00	0.00	0	0	-1	14.54	14.54
Fixation L	1	16	11928397576	11928645580	248004	523.51	449.23	13	18	-1	10.82	10.82
Fixation R	1	17	11928397576	11928645580	248004	523.51	449.23	13	18	-1	11.48	11.48
Saccade L	1	20	11928645580	11928681587	36007	526.67	448.18	468.18	477.96	1.47	71.71	0.44	40.81	2881.13	-2513.01	1998.32
Saccade R	1	21	11928645580	11928681587	36007	526.67	448.18	468.18	477.96	1.47	71.71	0.44	40.81	2881.13	-2513.01	1998.32
Fixation L	1	17	11928681587	11928925618	244031	484.33	493.08	41	27	-1	11.14	11.14
Fixation R	1	18	11928681587	11928925618	244031	484.33	493.08	41	27	-1	11.55	11.55
Saccade L	1	21	11928925618	11928965591	39973	487.06	497.59	420.72	436.50	1.97	100.92	0.40	49.36	4550.20	-3523.17	2799.87
Saccade R	1	22	11928925618	11928965591	39973	487.06	497.59	420.72	436.50	1.97	100.92	0.40	49.36	4550.20	-3523.17	2799.87
Fixation L	1	18	11928965591	11929141618	176027	405.35	461.04	36	44	-1	10.96	10.96
Fixation R	1	19	11928965591	11929141618	176027	405.35	461.04	36	44	-1	11.18	11.18
Saccade L	1	22	11929141618	11929197522	55904	429.76	479.47	974.82	599.90	12.23	488.59	0.36	218.83	22708.21	-17306.08	12972.95
Saccade R	1	23	11929141618	11929197522	55904	429.76	479.47	974.82	599.90	12.23	488.59	0.36	218.83	22708.21	-17306.08	12972.95
Fixation L	1	19	11929197522	11929473515	275993	999.44	615.39	40	38	-1	10.92	10.92
Fixation R	1	20	11929197522	11929473515	275993	999.44	615.39	40	38	-1	11.31	11.31
Saccade L	1	23	11929473515	11929501469	27954	975.59	593.14	1046.87	594.47	1.47	101.89	0.43	52.55	4482.11	-4484.72	3296.97
Saccade R	1	24	11929473515	11929501469	27954	975.59	593.14	1046.87	594.47	1.47	101.89	0.43	52.55	4482.11	-4484.72	3296.97
Fixation L	1	20	11929501469	11930065488	564019	1052.58	604.70	61	45	-1	10.59	10.59
Fixation R	1	21	11929501469	11930065488	564019	1052.58	604.70	61	45	-1	11.11	11.11
Saccade L	1	24	11930065488	11930097510	32022	1016.41	575.82	1146.77	566.81	2.69	176.34	0.50	83.92	8461.74	-8195.21	6003.20
Saccade R	1	25	11930065488	11930097510	32022	1016.41	575.82	1146.77	566.81	2.69	176.34	0.50	83.92	8461.74	-8195.21	6003.20
Fixation L	1	21	11930097510	11930421408	323898	1147.49	588.29	45	55	-1	10.46	10.46
Fixation R	1	22	11930097510	11930421408	323898	1147.49	588.29	45	55	-1	10.90	10.90
Saccade L	1	25	11930421408	11930441525	20117	1134.65	608.61	1123.48	535.64	0.72	70.29	0.60	35.75	59854.89	1046.34	15715.98
Saccade R	1	26	11930421408	11930441525	20117	1134.65	608.61	1123.48	535.64	0.72	70.29	0.60	35.75	59854.89	1046.34	15715.98
Saccade L	1	26	11930441525	11930469493	27968	1123.48	535.64	0.00	0.00	26.23	2397.69	0.57	937.91	99106.67	-102695.19	74126.59
Saccade R	1	27	11930441525	11930469493	27968	1123.48	535.64	0.00	0.00	26.23	2397.69	0.57	937.91	99106.67	-102695.19	74126.59
Fixation L	1	22	11930585527	11930833372	247845	1187.79	580.10	52	20	-1	10.30	10.30
Fixation R	1	23	11930585527	11930833372	247845	1187.79	580.10	52	20	-1	10.77	10.77
Saccade L	1	27	11930833372	11930905507	72135	1216.94	579.05	457.66	348.94	17.75	496.11	0.22	246.12	24258.43	-15245.47	11480.16
Saccade R	1	28	11930833372	11930905507	72135	1216.94	579.05	457.66	348.94	17.75	496.11	0.22	246.12	24258.43	-15245.47	11480.16
Fixation L	1	23	11930905507	11931101378	195871	465.22	372.53	14	31	-1	10.09	10.09
Fixation R	1	24	11930905507	11931101378	195871	465.22	372.53	14	31	-1	10.46	10.46
Saccade L	1	28	11931101378	11931133391	32013	469.90	374.90	370.99	365.39	2.11	128.05	0.38	65.76	6134.32	-5788.91	4288.47
Saccade R	1	29	11931101378	11931133391	32013	469.90	374.90	370.99	365.39	2.11	128.05	0.38	65.76	6134.32	-5788.91	4288.47
Fixation L	1	24	11931133391	11931429397	296006	382.93	366.46	39	42	-1	10.11	10.11
Fixation R	1	25	11931133391	11931429397	296006	382.93	366.46	39	42	-1	10.64	10.64
Saccade L	1	29	11931429397	11931513401	84004	401.66	344.02	1155.60	639.57	19.38	441.65	0.29	230.64	20890.78	-13247.02	8694.83
Saccade R	1	30	11931429397	11931513401	84004	401.66	344.02	1155.60	639.57	19.38	441.65	0.29	230.64	20890.78	-13247.02	8694.83
Fixation L	1	25	11931513401	11931581403	68002	1158.35	646.63	14	9	-1	10.52	10.52
Fixation R	1	26	11931513401	11931581403	68002	1158.35	646.63	14	9	-1	10.96	10.96
Saccade L	1	30	11931581403	11931605389	23986	1149.82	648.16	1148.58	615.35	0.65	42.10	0.50	27.01	1478.30	-1695.42	1183.72
Saccade R	1	31	11931581403	11931605389	23986	1149.82	648.16	1148.58	615.35	0.65	42.10	0.50	27.01	1478.30	-1695.42	1183.72
Fixation L	1	26	11931605389	11931713423	108034	1159.46	594.59	20	33	-1	10.40	10.40
Fixation R	1	27	11931605389	11931713423	108034	1159.46	594.59	20	33	-1	10.67	10.67
Saccade L	1	31	11931713423	11931733399	19976	1170.59	589.14	1176.24	634.62	0.84	74.72	0.60	42.22	7773.02	-12.87	2465.30
Saccade R	1	32	11931713423	11931733399	19976	1170.59	589.14	1176.24	634.62	0.84	74.72	0.60	42.22	7773.02	-12.87	2465.30
Saccade L	1	32	11931733399	11931769394	35995	1176.24	634.62	0.00	0.00	29.37	2467.48	0.67	815.92	103056.41	-102878.43	65010.29
Saccade R	1	33	11931733399	11931769394	35995	1176.24	634.62	0.00	0.00	29.37	2467.48	0.67	815.92	103056.41	-102878.43	65010.29
Saccade L	1	33	11931797429	11931853394	55965	0.00	0.00	1075.55	557.45	34.14	1548.57	0.50	610.08	62080.93	-57725.65	27339.77
Saccade R	1	34	11931797429	11931853394	55965	0.00	0.00	1075.55	557.45	34.14	1548.57	0.50	610.08	62080.93	-57725.65	27339.77
Fixation L	1	27	11931853394	11932165409	312015	1061.40	587.14	72	39	-1	10.58	10.58
Fixation R	1	28	11931853394	11932165409	312015	1061.40	587.14	72	39	-1	10.83	10.83
Saccade L	1	34	11932165409	11932189407	23998	1025.30	597.41	970.78	600.02	1.07	83.42	0.49	44.71	3002.91	-3249.49	2342.91
Saccade R	1	35	11932165409	11932189407	23998	1025.30	597.41	970.78	600.02	1.07	83.42	0.49	44.71	3002.91	-3249.49	2342.91
Fixation L	1	28	11932189407	11932317276	127869	954.58	585.40	33	38	-1	10.42	10.42
Fixation R	1	29	11932189407	11932317276	127869	954.58	585.40	33	38	-1	10.96	10.96
Saccade L	1	35	11932317276	11932353289	36013	940.43	559.54	0.00	0.00	26.23	2214.46	0.67	728.26	91723.39	-93548.30	58285.22
Saccade R	1	36	11932317276	11932353289	36013	940.43	559.54	0.00	0.00	26.23	2214.46	0.67	728.26	91723.39	-93548.30	58285.22
Fixation L	1	29	11932353289	11932585290	232001	0.00	0.00	0	0	-1	9.88	9.88
Fixation R	1	30	11932353289	11932585290	232001	0.00	0.00	0	0	-1	11.88	11.88
