[BeGaze]
Converted from:	D:\Kirillov\Results\ermolova_temp\Boris-eye_data.idf
Date:	17.04.2019 03:54:05
Version:	BeGaze 3.0.181
Sample Rate:	250
Subject:	Boris
Description:	Run34

Table Header for Fixations:
Event Type	Trial	Number	Start	End	Duration	Location X	Location Y	Dispersion X	Dispersion Y	Plane	Avg. Pupil Size X	Avg. Pupil Size Y

Table Header for Saccades:
Event Type	Trial	Number	Start	End	Duration	Start Loc.X	Start Loc.Y	End Loc.X	End Loc.Y	Amplitude	Peak Speed	Peak Speed At	Average Speed	Peak Accel.	Peak Decel.	Average Accel.

Table Header for User Events:
Event Type	Trial	Number	Start	Description

UserEvent	1	1	1817131122	# Message: experiment-19.jpg
Fixation L	1	1	1817132095	1817364107	232012	116.12	194.08	46	28	-1	13.62	13.62
Fixation R	1	1	1817132095	1817364107	232012	116.12	194.08	46	28	-1	13.56	13.56
Saccade L	1	1	1817364107	1817424107	60000	146.44	215.05	887.31	427.75	17.00	643.58	0.33	283.35	29639.69	-18160.32	15710.74
Saccade R	1	1	1817364107	1817424107	60000	146.44	215.05	887.31	427.75	17.00	643.58	0.33	283.35	29639.69	-18160.32	15710.74
Fixation R	1	2	1817424107	1817588104	163997	339.00	163.57	1275	555	-1	6.90	6.90
Saccade L	1	2	1817696035	1817760011	63976	956.15	469.37	172.01	366.10	17.60	603.52	0.44	275.14	28373.52	-19717.82	14623.38
Saccade R	1	2	1817696035	1817760011	63976	956.15	469.37	172.01	366.10	17.60	603.52	0.44	275.14	28373.52	-19717.82	14623.38
Fixation L	1	2	1817760011	1817923988	163977	175.00	366.84	30	9	-1	13.17	13.17
Fixation R	1	3	1817760011	1817923988	163977	175.00	366.84	30	9	-1	12.99	12.99
Saccade L	1	3	1817923988	1817976013	52025	183.48	372.35	28.38	403.74	4.74	253.23	0.31	91.18	12486.20	-10277.41	6092.30
Saccade R	1	3	1817923988	1817976013	52025	183.48	372.35	28.38	403.74	4.74	253.23	0.31	91.18	12486.20	-10277.41	6092.30
Fixation L	1	3	1817976013	1818244209	268196	12.69	159.22	280	416	-1	10.11	10.11
Fixation R	1	4	1817976013	1818051982	75969	25.95	411.46	12	12	-1	12.94	12.94
Saccade L	1	4	1818244209	1818300012	55803	0.00	0.00	173.89	238.84	39.24	2320.02	0.21	703.23	105502.41	-70340.50	41470.83
Fixation L	1	4	1818300012	1818456015	156003	198.54	268.85	49	41	-1	13.09	13.09
Fixation R	1	5	1818300012	1818456015	156003	198.54	268.85	49	41	-1	13.20	13.20
Saccade L	1	5	1818456015	1818484006	27991	203.08	280.16	-26.71	276.15	4.79	366.59	0.43	170.95	17182.08	-17457.44	12736.83
Saccade R	1	4	1818456015	1818484006	27991	203.08	280.16	-26.71	276.15	4.79	366.59	0.43	170.95	17182.08	-17457.44	12736.83
Fixation L	1	5	1818484006	1818724028	240022	-0.22	301.49	53	44	-1	13.77	13.77
Fixation R	1	6	1818484006	1818724028	240022	-0.22	301.49	53	44	-1	13.61	13.61
Saccade L	1	6	1818724028	1818756007	31979	15.09	316.08	92.26	275.28	2.32	172.15	0.37	72.47	7891.76	-7524.54	5192.82
Saccade R	1	5	1818724028	1818756007	31979	15.09	316.08	92.26	275.28	2.32	172.15	0.37	72.47	7891.76	-7524.54	5192.82
Fixation L	1	6	1818756007	1818967924	211917	104.54	253.19	25	35	-1	13.26	13.26
Fixation R	1	7	1818756007	1818967924	211917	104.54	253.19	25	35	-1	13.43	13.43
Saccade L	1	7	1818967924	1819011882	43958	116.20	253.37	-52.64	238.10	4.99	333.48	0.37	113.49	14770.19	-12595.97	8265.41
Saccade R	1	6	1818967924	1819011882	43958	116.20	253.37	-52.64	238.10	4.99	333.48	0.37	113.49	14770.19	-12595.97	8265.41
Fixation L	1	7	1819011882	1819123903	112021	-57.81	246.00	15	16	-1	13.05	13.05
Fixation R	1	8	1819011882	1819123903	112021	-57.81	246.00	15	16	-1	13.13	13.13
Saccade L	1	8	1819123903	1819199889	75986	-59.47	252.93	1277.77	671.33	30.78	789.96	0.37	405.12	36520.27	-23260.80	16949.68
Saccade R	1	7	1819123903	1819199889	75986	-59.47	252.93	1277.77	671.33	30.78	789.96	0.37	405.12	36520.27	-23260.80	16949.68
Fixation L	1	8	1819199889	1819503893	304004	1278.75	676.81	31	28	-1	12.84	12.84
Fixation R	1	9	1819199889	1819503893	304004	1278.75	676.81	31	28	-1	13.47	13.47
Saccade L	1	9	1819503893	1819539910	36017	1285.51	690.48	1209.93	533.94	3.87	240.99	0.56	107.57	11154.30	-10886.12	7772.23
Saccade R	1	8	1819503893	1819539910	36017	1285.51	690.48	1209.93	533.94	3.87	240.99	0.56	107.57	11154.30	-10886.12	7772.23
Fixation L	1	9	1819539910	1819887906	347996	1193.99	551.67	41	31	-1	12.74	12.74
Fixation R	1	10	1819539910	1819887906	347996	1193.99	551.67	41	31	-1	13.00	13.00
Saccade L	1	10	1819887906	1819911943	24037	1183.03	550.27	1122.72	545.55	1.11	85.44	0.50	46.36	3578.17	-3265.21	2602.16
Saccade R	1	9	1819887906	1819911943	24037	1183.03	550.27	1122.72	545.55	1.11	85.44	0.50	46.36	3578.17	-3265.21	2602.16
Fixation L	1	10	1819911943	1820007906	95963	1115.56	537.89	10	13	-1	12.71	12.71
Fixation R	1	11	1819911943	1820007906	95963	1115.56	537.89	10	13	-1	12.75	12.75
Saccade L	1	11	1820007906	1820035906	28000	1117.92	543.24	1127.38	465.15	1.53	102.94	0.43	54.74	4629.65	-4449.27	3384.73
Saccade R	1	10	1820007906	1820035906	28000	1117.92	543.24	1127.38	465.15	1.53	102.94	0.43	54.74	4629.65	-4449.27	3384.73
Fixation L	1	11	1820035906	1820191910	156004	1133.60	456.29	11	15	-1	12.68	12.68
Fixation R	1	12	1820035906	1820191910	156004	1133.60	456.29	11	15	-1	12.87	12.87
Saccade L	1	12	1820191910	1820219941	28031	1132.60	464.68	1070.17	462.83	1.27	90.69	0.43	45.20	4092.94	-4216.79	3049.47
Saccade R	1	11	1820191910	1820219941	28031	1132.60	464.68	1070.17	462.83	1.27	90.69	0.43	45.20	4092.94	-4216.79	3049.47
Fixation L	1	12	1820219941	1820455812	235871	1071.15	453.52	17	15	-1	12.77	12.77
Fixation R	1	13	1820219941	1820455812	235871	1071.15	453.52	17	15	-1	12.98	12.98
Saccade L	1	13	1820455812	1820483792	27980	1065.13	452.32	1169.72	449.36	2.10	150.79	0.43	74.88	6992.16	-6949.17	5191.31
Saccade R	1	12	1820455812	1820483792	27980	1065.13	452.32	1169.72	449.36	2.10	150.79	0.43	74.88	6992.16	-6949.17	5191.31
Fixation L	1	13	1820483792	1820631803	148011	1167.47	443.71	11	15	-1	12.88	12.88
Fixation R	1	14	1820483792	1820631803	148011	1167.47	443.71	11	15	-1	13.09	13.09
Saccade L	1	14	1820631803	1820659822	28019	1160.25	448.03	1238.35	439.95	1.57	122.95	0.57	56.19	5557.31	-5709.19	4146.12
Saccade R	1	13	1820631803	1820659822	28019	1160.25	448.03	1238.35	439.95	1.57	122.95	0.57	56.19	5557.31	-5709.19	4146.12
Fixation L	1	14	1820659822	1820939797	279975	1238.03	450.08	20	43	-1	12.82	12.82
Fixation R	1	15	1820659822	1820939797	279975	1238.03	450.08	20	43	-1	12.89	12.89
Saccade L	1	15	1820939797	1821003803	64006	1240.38	469.88	180.81	266.21	23.79	572.02	0.63	371.74	25011.88	-25140.48	14537.01
Saccade R	1	14	1820939797	1821003803	64006	1240.38	469.88	180.81	266.21	23.79	572.02	0.63	371.74	25011.88	-25140.48	14537.01
Fixation L	1	15	1821003803	1821172546	168743	133.00	188.21	350	332	-1	11.27	11.27
Fixation R	1	16	1821003803	1821172546	168743	133.00	188.21	350	332	-1	10.76	10.76
Fixation L	1	16	1821259816	1821407726	147910	24.00	234.20	30	12	-1	13.09	13.09
Fixation R	1	17	1821259816	1821407726	147910	24.00	234.20	30	12	-1	13.08	13.08
Saccade L	1	16	1821407726	1821435830	28104	25.81	234.68	-67.80	237.47	1.89	146.53	0.43	67.40	6153.64	-6136.81	4566.43
Saccade R	1	15	1821407726	1821435830	28104	25.81	234.68	-67.80	237.47	1.89	146.53	0.43	67.40	6153.64	-6136.81	4566.43
Fixation L	1	17	1821435830	1821779818	343988	-39.90	249.62	48	20	-1	13.38	13.38
Fixation R	1	18	1821435830	1821779818	343988	-39.90	249.62	48	20	-1	13.65	13.65
Saccade L	1	17	1821779818	1821851712	71894	-61.37	247.87	585.56	417.88	15.72	643.03	0.28	218.63	30800.46	-23986.42	13476.54
Saccade R	1	16	1821779818	1821851712	71894	-61.37	247.87	585.56	417.88	15.72	643.03	0.28	218.63	30800.46	-23986.42	13476.54
Fixation L	1	18	1821851712	1822027724	176012	281.90	196.05	1006	531	-1	10.50	10.50
Fixation R	1	19	1821851712	1822027724	176012	281.90	196.05	1006	531	-1	9.25	9.25
Fixation L	1	19	1822115713	1822199737	84024	-49.33	359.76	33	26	-1	12.99	12.99
Fixation R	1	20	1822115713	1822199737	84024	-49.33	359.76	33	26	-1	13.13	13.13
Saccade L	1	18	1822199737	1822263706	63969	-68.85	358.77	65.56	448.27	4.43	242.12	0.50	69.20	10842.89	-10049.60	4694.37
Saccade R	1	17	1822199737	1822263706	63969	-68.85	358.77	65.56	448.27	4.43	242.12	0.50	69.20	10842.89	-10049.60	4694.37
Fixation L	1	20	1822263706	1822383721	120015	71.44	463.57	30	28	-1	13.27	13.27
Fixation R	1	21	1822263706	1822383721	120015	71.44	463.57	30	28	-1	13.41	13.41
Saccade L	1	19	1822383721	1822431682	47961	78.04	472.66	248.78	322.34	5.76	254.11	0.33	120.17	12674.66	-10572.31	7750.07
Saccade R	1	18	1822383721	1822431682	47961	78.04	472.66	248.78	322.34	5.76	254.11	0.33	120.17	12674.66	-10572.31	7750.07
Fixation L	1	21	1822431682	1822539707	108025	269.46	309.75	27	35	-1	13.53	13.53
Fixation R	1	22	1822431682	1822539707	108025	269.46	309.75	27	35	-1	14.11	14.11
Saccade L	1	20	1822539707	1822603731	64024	274.65	297.76	1103.91	594.28	19.93	666.91	0.31	311.34	33003.27	-22058.79	16120.04
Saccade R	1	19	1822539707	1822603731	64024	274.65	297.76	1103.91	594.28	19.93	666.91	0.31	311.34	33003.27	-22058.79	16120.04
Fixation L	1	22	1822619722	1822951722	332000	1136.51	593.40	29	18	-1	13.26	13.26
Fixation R	1	23	1822619722	1822951722	332000	1136.51	593.40	29	18	-1	13.74	13.74
Saccade L	1	21	1822951722	1822979696	27974	1151.65	598.18	1175.34	702.14	2.36	177.69	0.57	84.47	8653.62	-8273.65	6185.29
Saccade R	1	20	1822951722	1822979696	27974	1151.65	598.18	1175.34	702.14	2.36	177.69	0.57	84.47	8653.62	-8273.65	6185.29
Fixation L	1	23	1822979696	1823111738	132042	1193.58	699.04	28	20	-1	12.81	12.81
Fixation R	1	24	1822979696	1823111738	132042	1193.58	699.04	28	20	-1	13.20	13.20
Saccade L	1	22	1823111738	1823147732	35994	1182.44	684.84	1208.24	586.39	2.12	102.85	0.56	58.80	4713.79	-4312.07	3430.76
Saccade R	1	21	1823111738	1823147732	35994	1182.44	684.84	1208.24	586.39	2.12	102.85	0.56	58.80	4713.79	-4312.07	3430.76
Fixation L	1	24	1823147732	1823475609	327877	1210.66	572.16	25	27	-1	12.89	12.89
Fixation R	1	25	1823147732	1823475609	327877	1210.66	572.16	25	27	-1	13.24	13.24
Saccade L	1	23	1823475609	1823507612	32003	1224.56	585.60	1276.71	693.72	2.68	193.80	0.38	83.86	8332.52	-7760.62	5584.76
Saccade R	1	22	1823475609	1823507612	32003	1224.56	585.60	1276.71	693.72	2.68	193.80	0.38	83.86	8332.52	-7760.62	5584.76
Fixation L	1	25	1823507612	1823635611	127999	1277.26	682.07	25	23	-1	12.79	12.79
Fixation R	1	26	1823507612	1823635611	127999	1277.26	682.07	25	23	-1	13.36	13.36
Saccade L	1	24	1823843616	1823903589	59973	1229.54	551.32	341.91	459.68	19.61	564.45	0.33	326.98	26482.42	-23220.39	14708.32
Saccade R	1	23	1823843616	1823903589	59973	1229.54	551.32	341.91	459.68	19.61	564.45	0.33	326.98	26482.42	-23220.39	14708.32
Saccade L	1	25	1823903589	1823927617	24028	341.91	459.68	315.64	451.87	0.57	41.38	0.50	23.63	347.87	-8380.36	1927.71
Saccade R	1	24	1823903589	1823927617	24028	341.91	459.68	315.64	451.87	0.57	41.38	0.50	23.63	347.87	-8380.36	1927.71
Fixation L	1	26	1823927617	1824039610	111993	305.68	449.87	31	21	-1	13.03	13.03
Fixation R	1	27	1823927617	1824039610	111993	305.68	449.87	31	21	-1	13.11	13.11
Saccade L	1	26	1824039610	1824087624	48014	324.03	463.89	80.01	430.53	6.76	425.44	0.33	140.70	18999.28	-16883.34	9995.18
Saccade R	1	25	1824039610	1824087624	48014	324.03	463.89	80.01	430.53	6.76	425.44	0.33	140.70	18999.28	-16883.34	9995.18
Fixation L	1	27	1824087624	1824211642	124018	69.81	432.72	18	22	-1	13.65	13.65
Fixation R	1	28	1824087624	1824211642	124018	69.81	432.72	18	22	-1	13.60	13.60
Saccade L	1	27	1824211642	1824259660	48018	68.94	445.50	40.97	261.96	4.82	247.04	0.33	100.36	11590.32	-10036.30	6568.61
Saccade R	1	26	1824211642	1824259660	48018	68.94	445.50	40.97	261.96	4.82	247.04	0.33	100.36	11590.32	-10036.30	6568.61
Fixation L	1	28	1824259660	1824459646	199986	39.13	261.50	26	12	-1	13.72	13.72
Fixation R	1	29	1824259660	1824459646	199986	39.13	261.50	26	12	-1	13.90	13.90
Saccade L	1	28	1824459646	1824543644	83998	39.50	261.61	1283.05	655.73	29.42	792.45	0.24	350.29	37414.29	-21002.64	14741.35
Saccade R	1	27	1824459646	1824543644	83998	39.50	261.61	1283.05	655.73	29.42	792.45	0.24	350.29	37414.29	-21002.64	14741.35
Fixation L	1	29	1824543644	1824911530	367886	1305.10	687.83	72	61	-1	13.42	13.42
Fixation R	1	30	1824543644	1824911530	367886	1305.10	687.83	72	61	-1	14.02	14.02
Saccade L	1	29	1824911530	1824939509	27979	1334.18	704.06	1253.46	696.47	1.71	132.78	0.57	61.20	6038.27	-5680.02	4277.76
Saccade R	1	28	1824911530	1824939509	27979	1334.18	704.06	1253.46	696.47	1.71	132.78	0.57	61.20	6038.27	-5680.02	4277.76
Fixation L	1	30	1824939509	1825087491	147982	1250.97	669.39	24	47	-1	13.23	13.23
Fixation R	1	31	1824939509	1825087491	147982	1250.97	669.39	24	47	-1	13.59	13.59
Saccade L	1	30	1825087491	1825159526	72035	1235.97	651.82	208.67	413.47	24.02	699.33	0.33	333.38	33724.32	-23090.10	16229.39
Saccade R	1	29	1825087491	1825159526	72035	1235.97	651.82	208.67	413.47	24.02	699.33	0.33	333.38	33724.32	-23090.10	16229.39
Fixation L	1	31	1825159526	1825271554	112028	228.70	423.84	50	27	-1	13.24	13.24
Fixation R	1	32	1825159526	1825271554	112028	228.70	423.84	50	27	-1	13.23	13.23
Saccade L	1	31	1825271554	1825315556	44002	254.39	441.67	210.55	285.86	3.87	203.55	0.36	87.86	9769.93	-7931.00	5483.48
Saccade R	1	30	1825271554	1825315556	44002	254.39	441.67	210.55	285.86	3.87	203.55	0.36	87.86	9769.93	-7931.00	5483.48
Fixation L	1	32	1825315556	1825507473	191917	221.73	276.28	32	16	-1	13.12	13.12
Fixation R	1	33	1825315556	1825507473	191917	221.73	276.28	32	16	-1	13.24	13.24
Saccade L	1	32	1825507473	1825527530	20057	232.80	290.77	136.35	278.26	1.67	166.86	0.60	83.32	6982.74	-5953.87	4204.11
Saccade R	1	31	1825507473	1825527530	20057	232.80	290.77	136.35	278.26	1.67	166.86	0.60	83.32	6982.74	-5953.87	4204.11
Fixation L	1	33	1825527530	1825839533	312003	160.69	271.08	42	22	-1	13.52	13.52
Fixation R	1	34	1825527530	1825839533	312003	160.69	271.08	42	22	-1	13.46	13.46
Saccade L	1	33	1825839533	1825903507	63974	172.64	273.13	1181.93	648.60	23.69	655.65	0.38	370.30	32006.83	-26033.04	17188.82
Saccade R	1	32	1825839533	1825903507	63974	172.64	273.13	1181.93	648.60	23.69	655.65	0.38	370.30	32006.83	-26033.04	17188.82
Fixation L	1	34	1825903507	1826031434	127927	1213.30	653.29	42	13	-1	13.54	13.54
Fixation R	1	35	1825903507	1826031434	127927	1213.30	653.29	42	13	-1	14.00	14.00
Saccade L	1	34	1826031434	1826063439	32005	1222.18	652.33	1196.09	598.75	1.41	80.83	0.50	43.97	3715.47	-3378.20	2552.67
Saccade R	1	33	1826031434	1826063439	32005	1222.18	652.33	1196.09	598.75	1.41	80.83	0.50	43.97	3715.47	-3378.20	2552.67
Fixation L	1	35	1826063439	1826319392	255953	1194.68	597.76	17	19	-1	13.49	13.49
Fixation R	1	36	1826063439	1826319392	255953	1194.68	597.76	17	19	-1	13.99	13.99
Saccade L	1	35	1826319392	1826359438	40046	1185.19	593.21	1013.31	570.98	4.01	259.66	0.40	100.13	12069.17	-11102.68	7325.84
Saccade R	1	34	1826319392	1826359438	40046	1185.19	593.21	1013.31	570.98	4.01	259.66	0.40	100.13	12069.17	-11102.68	7325.84
Fixation L	1	36	1826359438	1826559396	199958	1007.45	559.93	14	15	-1	13.11	13.11
Fixation R	1	37	1826359438	1826559396	199958	1007.45	559.93	14	15	-1	13.54	13.54
Saccade L	1	36	1826559396	1826587430	28034	1018.64	564.95	1110.42	564.97	1.83	130.12	0.57	65.14	6071.88	-6229.97	4509.65
Saccade R	1	35	1826559396	1826587430	28034	1018.64	564.95	1110.42	564.97	1.83	130.12	0.57	65.14	6071.88	-6229.97	4509.65
Fixation L	1	37	1826587430	1826739447	152017	1103.96	564.72	12	13	-1	13.13	13.13
Fixation R	1	38	1826587430	1826739447	152017	1103.96	564.72	12	13	-1	13.41	13.41
