[BeGaze]
Converted from:	D:\Kirillov\Results\ermolova_temp\Daniil-eye_data.idf
Date:	17.04.2019 03:53:00
Version:	BeGaze 3.0.181
Sample Rate:	250
Subject:	Daniil
Description:	Run17

Table Header for Fixations:
Event Type	Trial	Number	Start	End	Duration	Location X	Location Y	Dispersion X	Dispersion Y	Plane	Avg. Pupil Size X	Avg. Pupil Size Y

Table Header for Saccades:
Event Type	Trial	Number	Start	End	Duration	Start Loc.X	Start Loc.Y	End Loc.X	End Loc.Y	Amplitude	Peak Speed	Peak Speed At	Average Speed	Peak Accel.	Peak Decel.	Average Accel.

Table Header for User Events:
Event Type	Trial	Number	Start	Description

UserEvent	1	1	4645203045	# Message: experiment-11.jpg
Fixation L	1	1	4645204262	4645352134	147872	373.12	370.14	23	12	-1	13.14	13.14
Fixation R	1	1	4645204262	4645352134	147872	373.12	370.14	23	12	-1	13.15	13.15
Saccade L	1	1	4645352134	4645412197	60063	366.07	364.10	822.36	372.66	9.94	301.21	0.33	165.43	14744.48	-11010.67	8091.40
Saccade R	1	1	4645352134	4645412197	60063	366.07	364.10	822.36	372.66	9.94	301.21	0.33	165.43	14744.48	-11010.67	8091.40
Saccade L	1	2	4645428202	4645448167	19965	818.52	389.39	822.76	353.18	0.53	48.94	0.40	26.49	1067.20	-1648.03	950.81
Saccade R	1	2	4645428202	4645448167	19965	818.52	389.39	822.76	353.18	0.53	48.94	0.40	26.49	1067.20	-1648.03	950.81
Fixation L	1	2	4645448167	4645576145	127978	835.68	364.99	16	31	-1	13.17	13.17
Fixation R	1	2	4645448167	4645576145	127978	835.68	364.99	16	31	-1	13.35	13.35
Saccade L	1	3	4645576145	4645648172	72027	838.51	360.51	1029.93	352.91	5.14	234.77	0.39	71.36	10032.86	-9421.28	4118.11
Saccade R	1	3	4645576145	4645648172	72027	838.51	360.51	1029.93	352.91	5.14	234.77	0.39	71.36	10032.86	-9421.28	4118.11
Fixation L	1	3	4645648172	4645792163	143991	1029.96	342.43	16	21	-1	12.99	12.99
Fixation R	1	3	4645648172	4645792163	143991	1029.96	342.43	16	21	-1	13.13	13.13
Saccade L	1	4	4645792163	4645820176	28013	1030.49	354.22	1184.03	355.11	3.12	237.54	0.43	111.22	10769.39	-11114.89	8083.61
Saccade R	1	4	4645792163	4645820176	28013	1030.49	354.22	1184.03	355.11	3.12	237.54	0.43	111.22	10769.39	-11114.89	8083.61
Fixation L	1	4	4645820176	4646312190	492014	1203.92	356.85	69	52	-1	12.80	12.80
Fixation R	1	4	4645820176	4646312190	492014	1203.92	356.85	69	52	-1	12.94	12.94
Saccade L	1	5	4646312190	4646348150	35960	1242.18	378.09	1245.06	406.65	1.01	42.02	0.22	28.08	1851.49	-1325.18	795.85
Saccade R	1	5	4646312190	4646348150	35960	1242.18	378.09	1245.06	406.65	1.01	42.02	0.22	28.08	1851.49	-1325.18	795.85
Fixation L	1	5	4646348150	4646420161	72011	1234.31	398.58	26	42	-1	12.57	12.57
Fixation R	1	5	4646348150	4646420161	72011	1234.31	398.58	26	42	-1	12.83	12.83
Saccade L	1	6	4646420161	4646464171	44010	1218.12	372.08	1247.30	421.01	1.21	49.38	0.27	27.54	1369.01	-1012.98	742.23
Saccade R	1	6	4646420161	4646464171	44010	1218.12	372.08	1247.30	421.01	1.21	49.38	0.27	27.54	1369.01	-1012.98	742.23
Fixation L	1	6	4646464171	4646904075	439904	1222.74	370.08	48	67	-1	12.37	12.37
Fixation R	1	6	4646464171	4646904075	439904	1222.74	370.08	48	67	-1	12.54	12.54
Saccade L	1	7	4646904075	4646940074	35999	1215.08	357.34	1140.67	332.65	1.66	96.12	0.33	46.06	4472.61	-3671.35	2769.33
Saccade R	1	7	4646904075	4646940074	35999	1215.08	357.34	1140.67	332.65	1.66	96.12	0.33	46.06	4472.61	-3671.35	2769.33
Fixation L	1	7	4646940074	4647212056	271982	1137.13	316.23	24	27	-1	12.68	12.68
Fixation R	1	7	4646940074	4647212056	271982	1137.13	316.23	24	27	-1	12.87	12.87
Saccade L	1	8	4647212056	4647236090	24034	1119.91	327.85	1061.39	316.70	1.22	109.46	0.50	50.86	4562.98	-3923.30	3181.62
Saccade R	1	8	4647212056	4647236090	24034	1119.91	327.85	1061.39	316.70	1.22	109.46	0.50	50.86	4562.98	-3923.30	3181.62
Saccade L	1	9	4647268070	4647292053	23983	1056.98	304.12	1112.07	340.07	1.50	129.92	0.67	62.43	6232.41	-5305.19	4056.31
Saccade R	1	9	4647268070	4647292053	23983	1056.98	304.12	1112.07	340.07	1.50	129.92	0.67	62.43	6232.41	-5305.19	4056.31
Fixation L	1	8	4647352050	4648068075	716025	1215.03	346.76	60	35	-1	12.80	12.80
Fixation R	1	8	4647352050	4648068075	716025	1215.03	346.76	60	35	-1	13.10	13.10
Saccade L	1	10	4648068075	4648115965	47890	1218.31	342.36	944.35	713.15	9.75	350.34	0.50	203.68	15901.37	-13705.87	10444.53
Saccade R	1	10	4648068075	4648115965	47890	1218.31	342.36	944.35	713.15	9.75	350.34	0.50	203.68	15901.37	-13705.87	10444.53
Fixation L	1	9	4648115965	4648315964	199999	926.11	696.48	29	45	-1	13.10	13.10
Fixation R	1	9	4648115965	4648315964	199999	926.11	696.48	29	45	-1	13.62	13.62
Saccade L	1	11	4648315964	4648339963	23999	929.66	688.26	923.16	725.77	0.78	57.03	0.50	32.54	2562.26	-2431.47	1855.74
Saccade R	1	11	4648315964	4648339963	23999	929.66	688.26	923.16	725.77	0.78	57.03	0.50	32.54	2562.26	-2431.47	1855.74
Fixation L	1	10	4648339963	4648411974	72011	919.28	726.98	11	10	-1	13.15	13.15
Fixation R	1	10	4648339963	4648411974	72011	919.28	726.98	11	10	-1	13.75	13.75
Saccade L	1	12	4648411974	4648503951	91977	925.26	714.46	902.66	676.24	3.97	112.83	0.26	43.21	3850.18	-3370.94	1595.73
Saccade R	1	12	4648411974	4648503951	91977	925.26	714.46	902.66	676.24	3.97	112.83	0.26	43.21	3850.18	-3370.94	1595.73
Fixation L	1	11	4648503951	4648595967	92016	910.05	668.17	36	20	-1	13.14	13.14
Fixation R	1	11	4648503951	4648595967	92016	910.05	668.17	36	20	-1	13.59	13.59
Saccade L	1	13	4648595967	4648631950	35983	915.76	663.08	918.62	671.66	1.46	77.69	0.67	40.63	3153.55	-1362.27	1376.84
Saccade R	1	13	4648595967	4648631950	35983	915.76	663.08	918.62	671.66	1.46	77.69	0.67	40.63	3153.55	-1362.27	1376.84
Saccade L	1	14	4648631950	4648663964	32014	918.62	671.66	1005.24	704.01	1.89	121.41	0.38	58.93	3495.53	-4390.99	2628.04
Saccade R	1	14	4648631950	4648663964	32014	918.62	671.66	1005.24	704.01	1.89	121.41	0.38	58.93	3495.53	-4390.99	2628.04
Saccade L	1	15	4648679969	4648699988	20019	1008.19	693.96	975.57	650.06	0.98	102.44	0.40	49.11	2422.99	-3618.96	2023.85
Saccade R	1	15	4648679969	4648699988	20019	1008.19	693.96	975.57	650.06	0.98	102.44	0.40	49.11	2422.99	-3618.96	2023.85
Fixation L	1	12	4648699988	4648791976	91988	979.56	642.00	12	20	-1	12.95	12.95
Fixation R	1	12	4648699988	4648791976	91988	979.56	642.00	12	20	-1	13.44	13.44
Saccade L	1	16	4648791976	4648827978	36002	973.26	652.46	951.85	732.91	1.75	91.36	0.44	48.69	3793.48	-3631.00	2646.63
Saccade R	1	16	4648791976	4648827978	36002	973.26	652.46	951.85	732.91	1.75	91.36	0.44	48.69	3793.48	-3631.00	2646.63
Fixation L	1	13	4648827978	4648935965	107987	946.68	752.41	18	48	-1	13.05	13.05
Fixation R	1	13	4648827978	4648935965	107987	946.68	752.41	18	48	-1	13.57	13.57
Saccade L	1	17	4648935965	4648971992	36027	932.21	782.34	968.35	762.81	2.33	125.73	0.22	64.67	4887.12	-3688.62	2593.28
Saccade R	1	17	4648935965	4648971992	36027	932.21	782.34	968.35	762.81	2.33	125.73	0.22	64.67	4887.12	-3688.62	2593.28
Saccade L	1	18	4648991969	4649039977	48008	974.86	765.26	925.26	805.01	1.82	73.36	0.67	37.97	2065.47	-3272.06	1674.79
Saccade R	1	18	4648991969	4649039977	48008	974.86	765.26	925.26	805.01	1.82	73.36	0.67	37.97	2065.47	-3272.06	1674.79
Fixation L	1	14	4649039977	4649380001	340024	915.50	816.77	35	50	-1	13.23	13.23
Fixation R	1	14	4649039977	4649380001	340024	915.50	816.77	35	50	-1	13.78	13.78
Saccade L	1	19	4649380001	4649415967	35966	949.87	847.45	841.74	841.57	1.97	103.85	0.56	54.65	3793.24	-4832.98	3129.45
Saccade R	1	19	4649380001	4649415967	35966	949.87	847.45	841.74	841.57	1.97	103.85	0.56	54.65	3793.24	-4832.98	3129.45
Fixation L	1	15	4649415967	4649647849	231882	839.40	828.99	26	32	-1	13.41	13.41
Fixation R	1	15	4649415967	4649647849	231882	839.40	828.99	26	32	-1	13.77	13.77
Saccade L	1	20	4649647849	4649683916	36067	841.70	831.04	738.98	832.97	2.07	92.73	0.33	57.40	4363.74	-3942.72	3196.41
Saccade R	1	20	4649647849	4649683916	36067	841.70	831.04	738.98	832.97	2.07	92.73	0.33	57.40	4363.74	-3942.72	3196.41
Fixation L	1	16	4649683916	4649739861	55945	737.43	838.62	7	9	-1	13.37	13.37
Fixation R	1	16	4649683916	4649739861	55945	737.43	838.62	7	9	-1	13.77	13.77
