[BeGaze]
Converted from:	D:\Kirillov\Results\ermolova_temp\Anna-eye_data.idf
Date:	17.04.2019 03:52:53
Version:	BeGaze 3.0.181
Sample Rate:	250
Subject:	Anna
Description:	Run15

Table Header for Fixations:
Event Type	Trial	Number	Start	End	Duration	Location X	Location Y	Dispersion X	Dispersion Y	Plane	Avg. Pupil Size X	Avg. Pupil Size Y

Table Header for Saccades:
Event Type	Trial	Number	Start	End	Duration	Start Loc.X	Start Loc.Y	End Loc.X	End Loc.Y	Amplitude	Peak Speed	Peak Speed At	Average Speed	Peak Accel.	Peak Decel.	Average Accel.

Table Header for User Events:
Event Type	Trial	Number	Start	Description

UserEvent	1	1	3539834182	# Message: Questionnaire11.jpg
Fixation L	1	1	3539864580	3540104580	240000	317.80	240.21	35	60	-1	12.78	12.78
Fixation R	1	1	3539864580	3540104580	240000	317.80	240.21	35	60	-1	12.72	12.72
Saccade L	1	1	3540104580	3540152561	47981	334.32	260.40	322.46	273.37	1.72	68.24	0.50	35.92	2877.32	-2680.11	1925.41
Saccade R	1	1	3540104580	3540152561	47981	334.32	260.40	322.46	273.37	1.72	68.24	0.50	35.92	2877.32	-2680.11	1925.41
Fixation L	1	2	3540152561	3540248547	95986	311.01	274.04	42	9	-1	12.89	12.89
Fixation R	1	2	3540152561	3540248547	95986	311.01	274.04	42	9	-1	12.95	12.95
Saccade L	1	2	3540248547	3540268589	20042	281.78	276.04	279.05	274.78	1.86	178.59	0.60	92.63	7799.12	-4341.19	4039.25
Saccade R	1	2	3540248547	3540268589	20042	281.78	276.04	279.05	274.78	1.86	178.59	0.60	92.63	7799.12	-4341.19	4039.25
Fixation L	1	3	3540284619	3540532560	247941	294.13	139.25	25	17	-1	13.24	13.24
Fixation R	1	3	3540284619	3540532560	247941	294.13	139.25	25	17	-1	13.31	13.31
Saccade L	1	3	3540532560	3540572491	39931	294.83	135.70	367.77	241.25	2.86	214.73	0.30	71.54	9211.95	-8808.59	5103.79
Saccade R	1	3	3540532560	3540572491	39931	294.83	135.70	367.77	241.25	2.86	214.73	0.30	71.54	9211.95	-8808.59	5103.79
Fixation L	1	4	3540572491	3540848585	276094	385.71	234.49	27	36	-1	13.30	13.30
Fixation R	1	4	3540572491	3540848585	276094	385.71	234.49	27	36	-1	13.64	13.64
Saccade L	1	4	3540848585	3540868572	19987	380.40	238.00	357.61	227.26	0.52	50.43	0.60	26.07	2195.79	-1541.55	1262.10
Saccade R	1	4	3540848585	3540868572	19987	380.40	238.00	357.61	227.26	0.52	50.43	0.60	26.07	2195.79	-1541.55	1262.10
Fixation L	1	5	3540868572	3541076446	207874	359.54	259.32	31	47	-1	13.45	13.45
Fixation R	1	5	3540868572	3541076446	207874	359.54	259.32	31	47	-1	13.54	13.54
Saccade L	1	5	3541076446	3541128432	51986	368.54	269.35	418.05	299.74	1.46	63.27	0.23	28.12	2835.37	-1706.13	1375.61
Saccade R	1	5	3541076446	3541128432	51986	368.54	269.35	418.05	299.74	1.46	63.27	0.23	28.12	2835.37	-1706.13	1375.61
Fixation L	1	6	3541128432	3541652463	524031	417.38	288.95	37	54	-1	13.90	13.90
Fixation R	1	6	3541128432	3541652463	524031	417.38	288.95	37	54	-1	14.00	14.00
Saccade L	1	6	3541652463	3541692470	40007	433.33	269.49	411.66	326.24	1.32	74.46	0.50	32.87	3296.69	-2964.89	2009.63
Saccade R	1	6	3541652463	3541692470	40007	433.33	269.49	411.66	326.24	1.32	74.46	0.50	32.87	3296.69	-2964.89	2009.63
Fixation L	1	7	3541692470	3541880449	187979	418.49	343.30	12	24	-1	14.53	14.53
Fixation R	1	7	3541692470	3541880449	187979	418.49	343.30	12	24	-1	14.51	14.51
Saccade L	1	7	3541880449	3541908463	28014	422.62	352.70	424.01	270.64	1.62	125.11	0.57	57.82	5700.37	-5455.02	4178.73
Saccade R	1	7	3541880449	3541908463	28014	422.62	352.70	424.01	270.64	1.62	125.11	0.57	57.82	5700.37	-5455.02	4178.73
Fixation L	1	8	3541908463	3542100470	192007	434.19	278.62	24	12	-1	14.78	14.78
Fixation R	1	8	3541908463	3542100470	192007	434.19	278.62	24	12	-1	14.76	14.76
Saccade L	1	8	3542100470	3542136482	36012	448.45	283.86	458.48	356.44	1.50	109.19	0.44	41.54	4445.09	-4234.64	2736.34
Saccade R	1	8	3542100470	3542136482	36012	448.45	283.86	458.48	356.44	1.50	109.19	0.44	41.54	4445.09	-4234.64	2736.34
Fixation L	1	9	3542136482	3542320463	183981	469.35	336.82	17	28	-1	14.92	14.92
Fixation R	1	9	3542136482	3542320463	183981	469.35	336.82	17	28	-1	15.04	15.04
Saccade L	1	9	3542320463	3542344463	24000	457.13	343.52	483.63	347.96	0.57	44.93	0.50	23.87	1768.48	-1696.42	1234.53
Saccade R	1	9	3542320463	3542344463	24000	457.13	343.52	483.63	347.96	0.57	44.93	0.50	23.87	1768.48	-1696.42	1234.53
Fixation L	1	10	3542344463	3542836385	491922	483.88	344.13	16	40	-1	14.57	14.57
Fixation R	1	10	3542344463	3542836385	491922	483.88	344.13	16	40	-1	14.81	14.81
Saccade L	1	10	3542836385	3542876383	39998	487.27	318.29	444.75	332.30	1.04	61.62	0.30	26.00	2456.09	-2146.73	1366.62
Saccade R	1	10	3542836385	3542876383	39998	487.27	318.29	444.75	332.30	1.04	61.62	0.30	26.00	2456.09	-2146.73	1366.62
Fixation L	1	11	3542876383	3543176363	299980	449.71	343.83	21	32	-1	13.84	13.84
Fixation R	1	11	3542876383	3543176363	299980	449.71	343.83	21	32	-1	14.31	14.31
Saccade L	1	11	3543176363	3543232358	55995	447.66	359.38	374.46	350.52	2.69	159.57	0.50	47.97	7082.41	-6480.71	3348.54
Saccade R	1	11	3543176363	3543232358	55995	447.66	359.38	374.46	350.52	2.69	159.57	0.50	47.97	7082.41	-6480.71	3348.54
Fixation L	1	12	3543232358	3543768250	535892	365.16	319.31	25	61	-1	13.68	13.68
Fixation R	1	12	3543232358	3543768250	535892	365.16	319.31	25	61	-1	13.84	13.84
UserEvent	1	2	3543436271	# Message: UE-mouseclick left x=368 y=315
Saccade L	1	12	3543768250	3543812248	43998	370.39	300.92	467.05	359.21	2.69	172.44	0.36	61.06	7641.11	-6881.49	4359.52
Saccade R	1	12	3543768250	3543812248	43998	370.39	300.92	467.05	359.21	2.69	172.44	0.36	61.06	7641.11	-6881.49	4359.52
Fixation L	1	13	3543812248	3543932304	120056	468.15	363.16	10	8	-1	13.52	13.52
Fixation R	1	13	3543812248	3543932304	120056	468.15	363.16	10	8	-1	14.03	14.03
