[BeGaze]
Converted from:	D:\Kirillov\Results\ermolova_temp\Dima-eye_data.idf
Date:	17.04.2019 03:53:57
Version:	BeGaze 3.0.181
Sample Rate:	250
Subject:	Dima
Description:	Run33

Table Header for Fixations:
Event Type	Trial	Number	Start	End	Duration	Location X	Location Y	Dispersion X	Dispersion Y	Plane	Avg. Pupil Size X	Avg. Pupil Size Y

Table Header for Saccades:
Event Type	Trial	Number	Start	End	Duration	Start Loc.X	Start Loc.Y	End Loc.X	End Loc.Y	Amplitude	Peak Speed	Peak Speed At	Average Speed	Peak Accel.	Peak Decel.	Average Accel.

Table Header for User Events:
Event Type	Trial	Number	Start	Description

UserEvent	1	1	782683451	# Message: experiment-08.jpg
Fixation L	1	1	782687189	783190989	503800	372.46	346.06	1516	828	-1	14.73	14.73
Fixation R	1	1	782687189	783190989	503800	372.46	346.06	1516	828	-1	14.49	14.49
Saccade L	1	1	783190989	783267048	76059	0.00	0.00	1148.50	398.05	43.23	2123.93	0.21	568.43	85284.25	-71926.14	31133.32
Saccade R	1	1	783190989	783267048	76059	0.00	0.00	1148.50	398.05	43.23	2123.93	0.21	568.43	85284.25	-71926.14	31133.32
Saccade L	1	2	783267048	783291048	24000	1148.50	398.05	1208.10	392.69	1.11	93.50	0.50	46.35	-177.61	-3363.77	2119.73
Saccade R	1	2	783267048	783291048	24000	1148.50	398.05	1208.10	392.69	1.11	93.50	0.50	46.35	-177.61	-3363.77	2119.73
Saccade L	1	3	783323053	783415072	92019	1202.75	410.81	1217.63	426.48	10.29	273.28	0.39	111.80	6804.79	-6046.46	3548.46
Saccade R	1	3	783323053	783415072	92019	1202.75	410.81	1217.63	426.48	10.29	273.28	0.39	111.80	6804.79	-6046.46	3548.46
Saccade L	1	4	783415072	783447055	31983	1217.63	426.48	1222.80	408.28	2.99	178.05	0.37	93.51	4271.09	-6191.23	3678.94
Saccade R	1	4	783415072	783447055	31983	1217.63	426.48	1222.80	408.28	2.99	178.05	0.37	93.51	4271.09	-6191.23	3678.94
Fixation L	1	2	783447055	783634511	187456	319.34	106.33	1486	557	-1	11.54	11.54
Fixation R	1	2	783447055	783634511	187456	319.34	106.33	1486	557	-1	9.40	9.40
Fixation L	1	3	783763066	783855054	91988	747.25	751.38	54	30	-1	14.76	14.76
Fixation R	1	3	783763066	783855054	91988	747.25	751.38	54	30	-1	15.42	15.42
Saccade L	1	5	783855054	783907036	51982	723.09	733.48	715.82	756.38	25.31	1319.03	0.39	486.96	62675.21	-61322.91	29261.35
Saccade R	1	5	783855054	783907036	51982	723.09	733.48	715.82	756.38	25.31	1319.03	0.39	486.96	62675.21	-61322.91	29261.35
Saccade L	1	6	783907036	783927056	20020	715.82	756.38	737.00	742.65	0.46	44.24	0.40	23.08	197.84	-1051.82	484.57
Saccade R	1	6	783907036	783927056	20020	715.82	756.38	737.00	742.65	0.46	44.24	0.40	23.08	197.84	-1051.82	484.57
Saccade L	1	7	783951025	783999063	48038	721.65	752.43	628.88	401.84	7.69	264.14	0.25	160.15	11998.34	-11721.65	7238.74
Saccade R	1	7	783951025	783999063	48038	721.65	752.43	628.88	401.84	7.69	264.14	0.25	160.15	11998.34	-11721.65	7238.74
Fixation L	1	4	783999063	784131069	132006	641.74	430.54	24	56	-1	14.82	14.82
Fixation R	1	4	783999063	784131069	132006	641.74	430.54	24	56	-1	15.62	15.62
Saccade L	1	8	784131069	784231071	100002	634.39	428.88	1146.06	384.12	13.65	489.75	0.24	136.54	22618.09	-18570.61	7863.49
Saccade R	1	8	784131069	784231071	100002	634.39	428.88	1146.06	384.12	13.65	489.75	0.24	136.54	22618.09	-18570.61	7863.49
Fixation L	1	5	784231071	784878932	647861	895.31	292.58	1383	398	-1	13.22	13.22
Fixation R	1	5	784231071	784878932	647861	895.31	292.58	1383	398	-1	13.85	13.85
Saccade L	1	9	785014966	785046932	31966	825.77	361.87	889.43	393.43	1.30	91.35	0.25	40.69	1031.08	-3254.85	1526.23
Saccade R	1	9	785014966	785046932	31966	825.77	361.87	889.43	393.43	1.30	91.35	0.25	40.69	1031.08	-3254.85	1526.23
Saccade L	1	10	785066951	785154969	88018	885.42	409.89	804.68	677.69	9.18	219.67	0.41	104.29	7606.18	-6676.30	3756.13
Saccade R	1	10	785066951	785154969	88018	885.42	409.89	804.68	677.69	9.18	219.67	0.41	104.29	7606.18	-6676.30	3756.13
Saccade L	1	11	785154969	785218963	63994	804.68	677.69	817.11	632.87	4.30	233.12	0.25	67.21	8460.50	-6352.77	3405.92
Saccade R	1	11	785154969	785218963	63994	804.68	677.69	817.11	632.87	4.30	233.12	0.25	67.21	8460.50	-6352.77	3405.92
Saccade L	1	12	785258944	785306957	48013	826.73	625.06	651.46	659.57	3.91	220.85	0.75	81.38	8217.13	-7791.12	4157.05
Saccade R	1	12	785258944	785306957	48013	826.73	625.06	651.46	659.57	3.91	220.85	0.75	81.38	8217.13	-7791.12	4157.05
Saccade L	1	13	785306957	785334997	28040	651.46	659.57	720.74	719.65	2.02	171.64	0.43	71.99	3643.98	-6213.28	3550.13
Saccade R	1	13	785306957	785334997	28040	651.46	659.57	720.74	719.65	2.02	171.64	0.43	71.99	3643.98	-6213.28	3550.13
Fixation L	1	6	785334997	785402965	67968	734.82	707.93	23	32	-1	15.10	15.10
Fixation R	1	6	785334997	785402965	67968	734.82	707.93	23	32	-1	15.76	15.76
Saccade L	1	14	785402965	785458970	56005	745.22	708.13	498.37	321.88	9.91	330.68	0.43	176.88	15853.56	-12776.47	9699.68
Saccade R	1	14	785402965	785458970	56005	745.22	708.13	498.37	321.88	9.91	330.68	0.43	176.88	15853.56	-12776.47	9699.68
Fixation L	1	7	785458970	785654959	195989	527.71	365.71	51	77	-1	15.04	15.04
Fixation R	1	7	785458970	785654959	195989	527.71	365.71	51	77	-1	15.45	15.45
Saccade L	1	15	785654959	785742967	88008	537.38	377.49	1174.44	370.54	16.23	534.67	0.27	184.39	24856.03	-20360.97	9979.11
Saccade R	1	15	785654959	785742967	88008	537.38	377.49	1174.44	370.54	16.23	534.67	0.27	184.39	24856.03	-20360.97	9979.11
Fixation L	1	8	785742967	785866980	124013	1142.55	380.28	44	18	-1	14.44	14.44
Fixation R	1	8	785742967	785866980	124013	1142.55	380.28	44	18	-1	15.15	15.15
Saccade L	1	16	785866980	785910966	43986	1139.11	376.70	1081.25	368.23	1.31	51.13	0.36	29.71	2023.43	-1451.99	1243.26
Saccade R	1	16	785866980	785910966	43986	1139.11	376.70	1081.25	368.23	1.31	51.13	0.36	29.71	2023.43	-1451.99	1243.26
Fixation L	1	9	785910966	785998832	87866	1080.93	377.43	14	14	-1	14.45	14.45
Fixation R	1	9	785910966	785998832	87866	1080.93	377.43	14	14	-1	15.05	15.05
Saccade L	1	17	785998832	786054853	56021	1088.70	383.49	758.14	804.36	11.75	465.41	0.36	209.76	21921.72	-18544.16	13006.62
Saccade R	1	17	785998832	786054853	56021	1088.70	383.49	758.14	804.36	11.75	465.41	0.36	209.76	21921.72	-18544.16	13006.62
Saccade L	1	18	786070864	786110855	39991	762.21	802.08	812.87	762.77	1.29	50.81	0.40	32.33	1944.29	-1564.99	1259.53
Saccade R	1	18	786070864	786110855	39991	762.21	802.08	812.87	762.77	1.29	50.81	0.40	32.33	1944.29	-1564.99	1259.53
Fixation L	1	10	786110855	786198833	87978	798.85	779.71	26	25	-1	15.01	15.01
Fixation R	1	10	786110855	786198833	87978	798.85	779.71	26	25	-1	15.24	15.24
Saccade L	1	19	786198833	786242863	44030	802.13	784.75	746.19	753.10	1.38	58.82	0.36	31.34	2084.33	-2022.13	1312.11
Saccade R	1	19	786198833	786242863	44030	802.13	784.75	746.19	753.10	1.38	58.82	0.36	31.34	2084.33	-2022.13	1312.11
Fixation L	1	11	786242863	786446868	204005	753.54	727.02	26	44	-1	14.98	14.98
Fixation R	1	11	786242863	786446868	204005	753.54	727.02	26	44	-1	15.35	15.35
Saccade L	1	20	786446868	786510840	63972	762.95	724.00	978.71	367.37	10.32	415.12	0.38	161.34	19018.36	-16278.98	9692.41
Saccade R	1	20	786446868	786510840	63972	762.95	724.00	978.71	367.37	10.32	415.12	0.38	161.34	19018.36	-16278.98	9692.41
Fixation L	1	12	786510840	786678847	168007	973.10	369.26	12	18	-1	14.72	14.72
Fixation R	1	12	786510840	786678847	168007	973.10	369.26	12	18	-1	15.13	15.13
Saccade L	1	21	786678847	786730850	52003	972.46	382.12	1178.45	336.31	4.67	230.26	0.31	89.89	11160.19	-8688.82	5814.87
Saccade R	1	21	786678847	786730850	52003	972.46	382.12	1178.45	336.31	4.67	230.26	0.31	89.89	11160.19	-8688.82	5814.87
Fixation L	1	13	786730850	786950858	220008	1156.37	340.32	32	27	-1	14.28	14.28
Fixation R	1	13	786730850	786950858	220008	1156.37	340.32	32	27	-1	14.99	14.99
Saccade L	1	22	786950858	786990883	40025	1150.15	347.33	1218.92	353.98	1.55	74.87	0.60	38.65	2758.88	-3006.12	2027.50
Saccade R	1	22	786950858	786990883	40025	1150.15	347.33	1218.92	353.98	1.55	74.87	0.60	38.65	2758.88	-3006.12	2027.50
Fixation L	1	14	786990883	787202882	211999	1224.52	365.30	31	16	-1	14.48	14.48
Fixation R	1	14	786990883	787202882	211999	1224.52	365.30	31	16	-1	15.22	15.22
Saccade L	1	23	787202882	787270886	68004	1234.86	366.76	819.60	814.12	14.42	497.70	0.35	212.05	23652.34	-17131.51	11747.46
Saccade R	1	23	787202882	787270886	68004	1234.86	366.76	819.60	814.12	14.42	497.70	0.35	212.05	23652.34	-17131.51	11747.46
Fixation L	1	15	787270886	787510763	239877	847.32	764.29	54	100	-1	14.85	14.85
Fixation R	1	15	787270886	787510763	239877	847.32	764.29	54	100	-1	15.35	15.35
Saccade L	1	24	787510763	787550769	40006	848.17	726.48	769.14	815.79	2.46	118.30	0.40	61.47	5581.37	-4846.77	3679.04
Saccade R	1	24	787510763	787550769	40006	848.17	726.48	769.14	815.79	2.46	118.30	0.40	61.47	5581.37	-4846.77	3679.04
Fixation L	1	16	787550769	787830762	279993	766.87	804.81	64	27	-1	14.52	14.52
Fixation R	1	16	787550769	787830762	279993	766.87	804.81	64	27	-1	15.16	15.16
Saccade L	1	25	787830762	787866785	36023	743.34	806.43	844.38	793.47	2.29	142.21	0.44	63.47	6413.45	-6121.07	4332.94
Saccade R	1	25	787830762	787866785	36023	743.34	806.43	844.38	793.47	2.29	142.21	0.44	63.47	6413.45	-6121.07	4332.94
Fixation L	1	17	787866785	788042765	175980	855.26	794.76	21	16	-1	14.62	14.62
Fixation R	1	17	787866785	788042765	175980	855.26	794.76	21	16	-1	15.15	15.15
Saccade L	1	26	788042765	788098776	56011	839.31	801.11	1094.59	328.66	11.63	426.58	0.50	207.67	18296.57	-16385.26	11662.00
Saccade R	1	26	788042765	788098776	56011	839.31	801.11	1094.59	328.66	11.63	426.58	0.50	207.67	18296.57	-16385.26	11662.00
Fixation L	1	18	788098776	788334787	236011	1073.05	367.41	39	59	-1	14.05	14.05
Fixation R	1	18	788098776	788334787	236011	1073.05	367.41	39	59	-1	14.75	14.75
Fixation L	1	19	788438777	788762708	323931	884.13	785.85	36	49	-1	14.45	14.45
Fixation R	1	19	788438777	788762708	323931	884.13	785.85	36	49	-1	15.05	15.05
Saccade L	1	27	788762708	788794655	31947	866.43	786.67	916.46	795.53	1.04	52.82	0.37	32.50	2170.95	-2267.39	1713.93
Saccade R	1	27	788762708	788794655	31947	866.43	786.67	916.46	795.53	1.04	52.82	0.37	32.50	2170.95	-2267.39	1713.93
Fixation L	1	20	788794655	788858708	64053	909.96	795.91	16	8	-1	14.83	14.83
Fixation R	1	20	788794655	788858708	64053	909.96	795.91	16	8	-1	15.15	15.15
Saccade L	1	28	788858708	788918647	59939	903.04	794.46	1187.23	319.82	12.29	452.09	0.40	205.11	20917.19	-17144.17	11971.16
Saccade R	1	28	788858708	788918647	59939	903.04	794.46	1187.23	319.82	12.29	452.09	0.40	205.11	20917.19	-17144.17	11971.16
Fixation L	1	21	788918647	789586661	668014	1208.78	344.99	105	43	-1	14.22	14.22
Fixation R	1	21	788918647	789586661	668014	1208.78	344.99	105	43	-1	14.95	14.95
Saccade L	1	29	789586661	789618667	32006	1260.41	343.45	1179.75	347.45	1.67	106.66	0.50	52.18	4963.14	-4866.14	3560.07
Saccade R	1	29	789586661	789618667	32006	1260.41	343.45	1179.75	347.45	1.67	106.66	0.50	52.18	4963.14	-4866.14	3560.07
Fixation L	1	22	789618667	789922696	304029	1175.19	341.47	18	37	-1	13.80	13.80
Fixation R	1	22	789618667	789922696	304029	1175.19	341.47	18	37	-1	14.51	14.51
Saccade L	1	30	789922696	790006700	84004	1174.19	339.02	852.34	848.19	14.56	446.66	0.43	173.33	19310.74	-18067.06	9192.70
Saccade R	1	30	789922696	790006700	84004	1174.19	339.02	852.34	848.19	14.56	446.66	0.43	173.33	19310.74	-18067.06	9192.70
Fixation L	1	23	790006700	790210571	203871	887.25	825.23	50	47	-1	14.24	14.24
Fixation R	1	23	790006700	790210571	203871	887.25	825.23	50	47	-1	14.67	14.67
Saccade L	1	31	790210571	790246573	36002	897.33	846.56	809.24	833.29	1.92	116.57	0.44	53.20	5276.09	-4965.23	3475.37
Saccade R	1	31	790210571	790246573	36002	897.33	846.56	809.24	833.29	1.92	116.57	0.44	53.20	5276.09	-4965.23	3475.37
Fixation L	1	24	790246573	790370565	123992	810.97	834.79	20	10	-1	14.36	14.36
Fixation R	1	24	790246573	790370565	123992	810.97	834.79	20	10	-1	14.62	14.62
Saccade L	1	32	790370565	790410552	39987	813.58	829.10	828.01	890.14	1.28	46.35	0.30	31.96	1885.15	-1504.67	1234.24
Saccade R	1	32	790370565	790410552	39987	813.58	829.10	828.01	890.14	1.28	46.35	0.30	31.96	1885.15	-1504.67	1234.24
Fixation L	1	25	790410552	790570554	160002	826.92	886.56	39	17	-1	14.35	14.35
Fixation R	1	25	790410552	790570554	160002	826.92	886.56	39	17	-1	14.70	14.70
Fixation L	1	26	790622596	790882570	259974	915.80	797.73	61	20	-1	14.24	14.24
Fixation R	1	26	790622596	790882570	259974	915.80	797.73	61	20	-1	14.62	14.62
Saccade L	1	33	790882570	790934574	52004	940.53	784.84	1030.29	788.16	1.89	66.07	0.38	36.32	2790.95	-2038.76	1648.44
Saccade R	1	33	790882570	790934574	52004	940.53	784.84	1030.29	788.16	1.89	66.07	0.38	36.32	2790.95	-2038.76	1648.44
Saccade L	1	34	790982581	791038575	55994	1024.24	794.55	1353.08	242.84	13.99	486.22	0.43	249.80	22903.72	-17606.90	13550.22
Saccade R	1	34	790982581	791038575	55994	1024.24	794.55	1353.08	242.84	13.99	486.22	0.43	249.80	22903.72	-17606.90	13550.22
Fixation L	1	27	791038575	791250583	212008	1345.90	262.29	18	25	-1	13.90	13.90
Fixation R	1	27	791038575	791250583	212008	1345.90	262.29	18	25	-1	14.47	14.47
Saccade L	1	35	791250583	791310492	59909	1357.63	261.84	1299.48	315.27	1.73	46.79	0.53	28.96	1671.88	-1515.04	943.87
Saccade R	1	35	791250583	791310492	59909	1357.63	261.84	1299.48	315.27	1.73	46.79	0.53	28.96	1671.88	-1515.04	943.87
Fixation L	1	28	791310492	791470576	160084	1302.15	317.72	23	13	-1	13.94	13.94
Fixation R	1	28	791310492	791470576	160084	1302.15	317.72	23	13	-1	14.44	14.44
Saccade L	1	36	791470576	791522614	52038	1295.73	326.26	824.27	707.29	13.31	603.26	0.31	255.83	29098.31	-21205.70	16232.20
Saccade R	1	36	791470576	791522614	52038	1295.73	326.26	824.27	707.29	13.31	603.26	0.31	255.83	29098.31	-21205.70	16232.20
Fixation L	1	29	791522614	791734455	211841	857.19	707.26	71	47	-1	14.28	14.28
Fixation R	1	29	791522614	791734455	211841	857.19	707.26	71	47	-1	14.78	14.78
Saccade L	1	37	791734455	791782452	47997	891.47	695.33	720.81	809.41	4.54	219.10	0.42	94.66	10407.18	-7536.64	5815.74
Saccade R	1	37	791734455	791782452	47997	891.47	695.33	720.81	809.41	4.54	219.10	0.42	94.66	10407.18	-7536.64	5815.74
Fixation L	1	30	791782452	792010463	228011	690.41	803.54	56	32	-1	14.54	14.54
Fixation R	1	30	791782452	792010463	228011	690.41	803.54	56	32	-1	14.90	14.90
