[BeGaze]
Converted from:	D:\Kirillov\Results\ermolova_temp\Polina 03-1-eye_data.idf
Date:	17.04.2019 03:53:32
Version:	BeGaze 3.0.181
Sample Rate:	250
Subject:	Polina 03
Description:	Run26

Table Header for Fixations:
Event Type	Trial	Number	Start	End	Duration	Location X	Location Y	Dispersion X	Dispersion Y	Plane	Avg. Pupil Size X	Avg. Pupil Size Y

Table Header for Saccades:
Event Type	Trial	Number	Start	End	Duration	Start Loc.X	Start Loc.Y	End Loc.X	End Loc.Y	Amplitude	Peak Speed	Peak Speed At	Average Speed	Peak Accel.	Peak Decel.	Average Accel.

Table Header for User Events:
Event Type	Trial	Number	Start	Description

UserEvent	1	1	12030482093	# Message: experiment-12.jpg
Fixation L	1	1	12030482787	12030782801	300014	380.17	315.35	70	35	-1	10.63	10.63
Fixation R	1	1	12030482787	12030782801	300014	380.17	315.35	70	35	-1	11.08	11.08
Saccade L	1	1	12030782801	12030838798	55997	418.76	315.59	859.73	350.44	9.61	335.39	0.29	171.68	15639.10	-9311.55	8415.30
Saccade R	1	1	12030782801	12030838798	55997	418.76	315.59	859.73	350.44	9.61	335.39	0.29	171.68	15639.10	-9311.55	8415.30
Fixation L	1	2	12030838798	12030982719	143921	849.91	346.18	26	36	-1	10.50	10.50
Fixation R	1	2	12030838798	12030982719	143921	849.91	346.18	26	36	-1	10.85	10.85
Saccade L	1	2	12030982719	12031034830	52111	835.84	317.17	732.55	359.64	2.71	137.30	0.31	51.96	5049.16	-3954.20	2569.24
Saccade R	1	2	12030982719	12031034830	52111	835.84	317.17	732.55	359.64	2.71	137.30	0.31	51.96	5049.16	-3954.20	2569.24
Fixation L	1	3	12031034830	12031134704	99874	715.59	368.20	30	19	-1	10.28	10.28
Fixation R	1	3	12031034830	12031134704	99874	715.59	368.20	30	19	-1	10.61	10.61
Saccade L	1	3	12031134704	12031206733	72029	705.71	377.26	509.83	418.77	4.54	170.75	0.22	62.98	8167.01	-6284.10	3240.32
Saccade R	1	3	12031134704	12031206733	72029	705.71	377.26	509.83	418.77	4.54	170.75	0.22	62.98	8167.01	-6284.10	3240.32
Fixation L	1	4	12031206733	12031286735	80002	504.98	449.34	13	51	-1	10.35	10.35
Fixation R	1	4	12031206733	12031286735	80002	504.98	449.34	13	51	-1	10.86	10.86
Saccade L	1	4	12031286735	12031322674	35939	510.91	465.14	506.71	392.82	1.55	93.84	0.56	43.12	3733.05	-3744.27	2652.68
Saccade R	1	4	12031286735	12031322674	35939	510.91	465.14	506.71	392.82	1.55	93.84	0.56	43.12	3733.05	-3744.27	2652.68
Fixation L	1	5	12031322674	12031506702	184028	498.83	378.96	14	26	-1	10.33	10.33
Fixation R	1	5	12031322674	12031506702	184028	498.83	378.96	14	26	-1	10.68	10.68
Saccade L	1	5	12031506702	12031590693	83991	498.31	368.49	987.02	579.15	12.04	405.39	0.48	143.29	18617.75	-15178.01	8163.08
Saccade R	1	5	12031506702	12031590693	83991	498.31	368.49	987.02	579.15	12.04	405.39	0.48	143.29	18617.75	-15178.01	8163.08
Fixation L	1	6	12031590693	12031874710	284017	834.47	509.78	1005	1096	-1	10.48	10.48
Fixation R	1	6	12031590693	12031790688	199995	992.91	590.18	37	17	-1	11.01	11.01
Saccade R	1	6	12031790688	12031842692	52004	966.74	585.29	0.00	0.00	31.28	2501.24	0.77	601.54	95876.86	-107143.66	45767.53
Fixation L	1	7	12031950723	12032006703	55980	988.56	612.79	24	11	-1	10.33	10.33
Fixation R	1	7	12031950723	12032006703	55980	988.56	612.79	24	11	-1	10.75	10.75
Saccade L	1	6	12032006703	12032038690	31987	1002.37	616.92	1000.39	656.61	0.84	47.97	0.38	26.25	3058.61	-1934.54	1379.68
Saccade R	1	7	12032006703	12032038690	31987	1002.37	616.92	1000.39	656.61	0.84	47.97	0.38	26.25	3058.61	-1934.54	1379.68
Saccade L	1	7	12032038690	12032078723	40033	1000.39	656.61	992.88	465.68	4.07	265.04	0.50	101.58	12026.53	-12179.85	7853.01
Saccade R	1	8	12032038690	12032078723	40033	1000.39	656.61	992.88	465.68	4.07	265.04	0.50	101.58	12026.53	-12179.85	7853.01
Fixation L	1	8	12032078723	12032274712	195989	979.01	456.92	24	17	-1	10.33	10.33
Fixation R	1	8	12032078723	12032274712	195989	979.01	456.92	24	17	-1	10.51	10.51
Saccade L	1	8	12032274712	12032334696	59984	968.67	462.63	503.14	447.96	10.26	351.42	0.33	171.10	16237.82	-12202.62	9283.74
Saccade R	1	9	12032274712	12032334696	59984	968.67	462.63	503.14	447.96	10.26	351.42	0.33	171.10	16237.82	-12202.62	9283.74
Fixation L	1	9	12032334696	12032534584	199888	489.79	431.73	39	41	-1	10.16	10.16
Fixation R	1	9	12032334696	12032534584	199888	489.79	431.73	39	41	-1	10.49	10.49
Saccade L	1	9	12032534584	12032606605	72021	462.85	410.27	968.15	384.53	11.16	403.67	0.28	154.92	18625.79	-15138.73	8702.65
Saccade R	1	10	12032534584	12032606605	72021	462.85	410.27	968.15	384.53	11.16	403.67	0.28	154.92	18625.79	-15138.73	8702.65
Saccade L	1	10	12032614599	12032662593	47994	971.50	385.27	966.48	453.97	1.53	68.50	0.25	31.97	3045.41	-2296.97	1356.97
Saccade R	1	11	12032614599	12032662593	47994	971.50	385.27	966.48	453.97	1.53	68.50	0.25	31.97	3045.41	-2296.97	1356.97
Fixation L	1	10	12032662593	12032842599	180006	998.70	460.93	49	23	-1	10.41	10.41
Fixation R	1	10	12032662593	12032842599	180006	998.70	460.93	49	23	-1	10.78	10.78
Saccade L	1	11	12032842599	12032894618	52019	1004.25	456.43	1076.16	429.71	1.69	53.63	0.31	32.57	2115.35	-1734.79	1045.97
Saccade R	1	12	12032842599	12032894618	52019	1004.25	456.43	1076.16	429.71	1.69	53.63	0.31	32.57	2115.35	-1734.79	1045.97
Fixation L	1	11	12032894618	12032986602	91984	1082.50	431.17	10	20	-1	10.42	10.42
Fixation R	1	11	12032894618	12032986602	91984	1082.50	431.17	10	20	-1	10.80	10.80
Saccade L	1	12	12032986602	12033014623	28021	1080.80	446.73	1043.12	446.01	0.75	47.16	0.43	26.89	2014.47	-1481.53	1299.01
Saccade R	1	13	12032986602	12033014623	28021	1080.80	446.73	1043.12	446.01	0.75	47.16	0.43	26.89	2014.47	-1481.53	1299.01
Saccade L	1	13	12033014623	12033058596	43973	1043.12	446.01	955.65	419.02	2.20	145.28	0.36	49.94	5772.40	-5806.42	3159.78
Saccade R	1	14	12033014623	12033058596	43973	1043.12	446.01	955.65	419.02	2.20	145.28	0.36	49.94	5772.40	-5806.42	3159.78
Fixation L	1	12	12033058596	12033122596	64000	942.10	404.36	34	25	-1	10.00	10.00
Fixation R	1	12	12033058596	12033122596	64000	942.10	404.36	34	25	-1	10.49	10.49
