[BeGaze]
Converted from:	D:\Kirillov\Results\ermolova_temp\Nastya 05-eye_data.idf
Date:	17.04.2019 03:52:56
Version:	BeGaze 3.0.181
Sample Rate:	250
Subject:	Nastya 05
Description:	Run16

Table Header for Fixations:
Event Type	Trial	Number	Start	End	Duration	Location X	Location Y	Dispersion X	Dispersion Y	Plane	Avg. Pupil Size X	Avg. Pupil Size Y

Table Header for Saccades:
Event Type	Trial	Number	Start	End	Duration	Start Loc.X	Start Loc.Y	End Loc.X	End Loc.Y	Amplitude	Peak Speed	Peak Speed At	Average Speed	Peak Accel.	Peak Decel.	Average Accel.

Table Header for User Events:
Event Type	Trial	Number	Start	Description

UserEvent	1	1	3917392460	# Message: experiment-08.jpg
Fixation L	1	1	3917393726	3917669750	276024	380.37	407.92	25	36	-1	15.37	15.37
Fixation R	1	1	3917393726	3917669750	276024	380.37	407.92	25	36	-1	17.24	17.24
Saccade L	1	1	3917669750	3917701751	32001	384.48	404.83	579.35	481.90	4.19	277.37	0.50	131.03	13220.12	-12732.16	9543.51
Saccade R	1	1	3917669750	3917701751	32001	384.48	404.83	579.35	481.90	4.19	277.37	0.50	131.03	13220.12	-12732.16	9543.51
Fixation L	1	2	3917701751	3917941674	239923	583.11	449.27	29	43	-1	14.64	14.64
Fixation R	1	2	3917701751	3917941674	239923	583.11	449.27	29	43	-1	16.45	16.45
Saccade L	1	2	3917941674	3917981731	40057	566.62	448.84	742.65	658.85	6.52	364.92	0.30	162.70	16782.74	-12998.46	9971.94
Saccade R	1	2	3917941674	3917981731	40057	566.62	448.84	742.65	658.85	6.52	364.92	0.30	162.70	16782.74	-12998.46	9971.94
Fixation L	1	3	3918005750	3918437636	431886	752.58	651.85	42	37	-1	13.75	13.75
Fixation R	1	3	3918005750	3918437636	431886	752.58	651.85	42	37	-1	15.02	15.02
Saccade L	1	3	3918437636	3918473619	35983	747.20	632.73	813.15	602.63	1.53	67.48	0.56	42.49	2996.78	-2437.11	2087.00
Saccade R	1	3	3918437636	3918473619	35983	747.20	632.73	813.15	602.63	1.53	67.48	0.56	42.49	2996.78	-2437.11	2087.00
Fixation L	1	4	3918473619	3918713639	240020	825.14	613.79	19	30	-1	13.71	13.71
Fixation R	1	4	3918473619	3918713639	240020	825.14	613.79	19	30	-1	14.88	14.88
Saccade L	1	4	3918713639	3918737622	23983	830.99	616.26	790.32	630.21	0.98	69.31	0.50	40.81	2878.77	-2397.21	1987.30
Saccade R	1	4	3918713639	3918737622	23983	830.99	616.26	790.32	630.21	0.98	69.31	0.50	40.81	2878.77	-2397.21	1987.30
Fixation L	1	5	3918737622	3918949639	212017	769.90	636.79	29	18	-1	13.57	13.57
Fixation R	1	5	3918737622	3918949639	212017	769.90	636.79	29	18	-1	14.79	14.79
Saccade L	1	5	3918949639	3919005648	56009	762.70	628.49	740.23	721.35	3.02	162.19	0.29	53.92	7262.95	-5287.18	3086.38
Saccade R	1	5	3918949639	3919005648	56009	762.70	628.49	740.23	721.35	3.02	162.19	0.29	53.92	7262.95	-5287.18	3086.38
Fixation L	1	6	3919005648	3919129654	124006	743.30	723.86	5	12	-1	13.65	13.65
Fixation R	1	6	3919005648	3919129654	124006	743.30	723.86	5	12	-1	15.07	15.07
Saccade L	1	6	3919129654	3919205669	76015	743.11	728.75	1038.30	346.39	11.07	395.40	0.32	145.69	18662.94	-12910.64	8105.58
Saccade R	1	6	3919129654	3919205669	76015	743.11	728.75	1038.30	346.39	11.07	395.40	0.32	145.69	18662.94	-12910.64	8105.58
Fixation L	1	7	3919205669	3919501647	295978	1042.30	349.21	18	13	-1	13.59	13.59
Fixation R	1	7	3919205669	3919501647	295978	1042.30	349.21	18	13	-1	15.14	15.14
Fixation L	1	8	3919517652	3919865543	347891	1088.38	360.77	51	17	-1	13.68	13.68
Fixation R	1	8	3919517652	3919865543	347891	1088.38	360.77	51	17	-1	15.48	15.48
Saccade L	1	7	3919865543	3919925553	60010	1090.92	353.95	757.17	808.66	12.95	418.73	0.27	215.86	19601.87	-11298.32	9466.48
Saccade R	1	7	3919865543	3919925553	60010	1090.92	353.95	757.17	808.66	12.95	418.73	0.27	215.86	19601.87	-11298.32	9466.48
Saccade L	1	8	3919925553	3919953535	27982	757.17	808.66	721.65	826.15	0.97	66.31	0.28	34.62	-685.40	-3700.92	1860.27
Saccade R	1	8	3919925553	3919953535	27982	757.17	808.66	721.65	826.15	0.97	66.31	0.28	34.62	-685.40	-3700.92	1860.27
Fixation L	1	9	3919953535	3920345532	391997	723.01	822.86	29	31	-1	13.99	13.99
Fixation R	1	9	3919953535	3920345532	391997	723.01	822.86	29	31	-1	15.87	15.87
Saccade L	1	9	3920345532	3920413534	68002	731.09	840.12	884.90	340.39	12.10	330.62	0.24	177.91	15485.62	-11133.33	6515.16
Saccade R	1	9	3920345532	3920413534	68002	731.09	840.12	884.90	340.39	12.10	330.62	0.24	177.91	15485.62	-11133.33	6515.16
Saccade L	1	10	3920413534	3920433550	20016	884.90	340.39	887.11	304.37	0.54	46.60	0.60	27.08	446.31	-1858.89	893.17
Saccade R	1	10	3920413534	3920433550	20016	884.90	340.39	887.11	304.37	0.54	46.60	0.60	27.08	446.31	-1858.89	893.17
Fixation L	1	10	3920433550	3920601568	168018	892.69	310.78	14	24	-1	13.87	13.87
Fixation R	1	10	3920433550	3920601568	168018	892.69	310.78	14	24	-1	15.57	15.57
Saccade L	1	11	3920601568	3920637579	36011	897.53	303.18	1120.43	312.89	4.67	286.16	0.44	129.70	13632.46	-12566.75	9337.96
Saccade R	1	11	3920601568	3920637579	36011	897.53	303.18	1120.43	312.89	4.67	286.16	0.44	129.70	13632.46	-12566.75	9337.96
Fixation L	1	11	3920665552	3921065572	400020	1128.55	341.01	20	41	-1	14.19	14.19
Fixation R	1	11	3920665552	3921065572	400020	1128.55	341.01	20	41	-1	15.95	15.95
Saccade L	1	12	3921065572	3921141591	76019	1131.58	341.77	783.34	829.69	14.41	391.53	0.21	189.51	18229.35	-10320.75	7790.94
Saccade R	1	12	3921065572	3921141591	76019	1131.58	341.77	783.34	829.69	14.41	391.53	0.21	189.51	18229.35	-10320.75	7790.94
Fixation L	1	12	3921141591	3921305462	163871	766.98	835.26	37	24	-1	14.32	14.32
Fixation R	1	12	3921141591	3921305462	163871	766.98	835.26	37	24	-1	16.05	16.05
Saccade L	1	13	3921305462	3921341441	35979	749.09	820.42	839.09	818.13	2.32	171.05	0.44	64.43	7585.81	-7132.31	4424.24
Saccade R	1	13	3921305462	3921341441	35979	749.09	820.42	839.09	818.13	2.32	171.05	0.44	64.43	7585.81	-7132.31	4424.24
Fixation L	1	13	3921341441	3921485443	144002	857.33	822.11	31	19	-1	14.28	14.28
Fixation R	1	13	3921341441	3921485443	144002	857.33	822.11	31	19	-1	15.95	15.95
Saccade L	1	14	3921485443	3921509458	24015	844.49	832.86	906.35	826.92	1.22	104.12	0.50	50.74	4600.51	-4162.12	3263.22
Saccade R	1	14	3921485443	3921509458	24015	844.49	832.86	906.35	826.92	1.22	104.12	0.50	50.74	4600.51	-4162.12	3263.22
Fixation L	1	14	3921509458	3921589455	79997	912.54	824.34	26	6	-1	14.04	14.04
Fixation R	1	14	3921509458	3921589455	79997	912.54	824.34	26	6	-1	15.85	15.85
Saccade L	1	15	3921589455	3921645437	55982	909.09	823.82	1153.48	301.39	12.63	401.06	0.29	225.60	19411.01	-15363.66	9456.30
Saccade R	1	15	3921589455	3921645437	55982	909.09	823.82	1153.48	301.39	12.63	401.06	0.29	225.60	19411.01	-15363.66	9456.30
Fixation L	1	15	3921645437	3921857443	212006	1184.19	297.65	40	23	-1	13.78	13.78
Fixation R	1	15	3921645437	3921857443	212006	1184.19	297.65	40	23	-1	15.53	15.53
Saccade L	1	16	3921857443	3921893414	35971	1192.58	307.87	1123.28	307.37	2.05	150.75	0.33	56.89	6719.11	-5835.71	3647.30
Saccade R	1	16	3921857443	3921893414	35971	1192.58	307.87	1123.28	307.37	2.05	150.75	0.33	56.89	6719.11	-5835.71	3647.30
Fixation L	1	16	3921893414	3922149479	256065	1114.91	310.49	15	19	-1	13.84	13.84
Fixation R	1	16	3921893414	3922149479	256065	1114.91	310.49	15	19	-1	15.67	15.67
Saccade L	1	17	3922149479	3922221448	71969	1118.04	308.32	731.44	795.94	13.87	430.25	0.22	192.74	20451.34	-10784.89	8281.88
Saccade R	1	17	3922149479	3922221448	71969	1118.04	308.32	731.44	795.94	13.87	430.25	0.22	192.74	20451.34	-10784.89	8281.88
Fixation L	1	17	3922221448	3922445458	224010	726.15	815.73	20	30	-1	14.49	14.49
Fixation R	1	17	3922221448	3922445458	224010	726.15	815.73	20	30	-1	16.21	16.21
Saccade L	1	18	3922445458	3922465497	20039	731.54	825.71	700.14	842.91	0.81	65.70	0.60	40.31	3043.09	-2338.42	1783.08
Saccade R	1	18	3922445458	3922465497	20039	731.54	825.71	700.14	842.91	0.81	65.70	0.60	40.31	3043.09	-2338.42	1783.08
Fixation L	1	18	3922465497	3922601470	135973	682.75	839.47	53	13	-1	14.41	14.41
Fixation R	1	18	3922465497	3922601470	135973	682.75	839.47	53	13	-1	16.38	16.38
Saccade L	1	19	3922601470	3922629407	27937	694.91	834.17	661.64	883.59	1.44	111.10	0.43	51.53	4647.37	-4035.47	2734.14
Saccade R	1	19	3922601470	3922629407	27937	694.91	834.17	661.64	883.59	1.44	111.10	0.43	51.53	4647.37	-4035.47	2734.14
Fixation L	1	19	3922629407	3922849354	219947	639.28	895.05	28	19	-1	14.41	14.41
Fixation R	1	19	3922629407	3922849354	219947	639.28	895.05	28	19	-1	16.36	16.36
