[BeGaze]
Converted from:	D:\Kirillov\Results\ermolova_temp\Polina 03-1-eye_data.idf
Date:	17.04.2019 03:53:31
Version:	BeGaze 3.0.181
Sample Rate:	250
Subject:	Polina 03
Description:	Run26

Table Header for Fixations:
Event Type	Trial	Number	Start	End	Duration	Location X	Location Y	Dispersion X	Dispersion Y	Plane	Avg. Pupil Size X	Avg. Pupil Size Y

Table Header for Saccades:
Event Type	Trial	Number	Start	End	Duration	Start Loc.X	Start Loc.Y	End Loc.X	End Loc.Y	Amplitude	Peak Speed	Peak Speed At	Average Speed	Peak Accel.	Peak Decel.	Average Accel.

Table Header for User Events:
Event Type	Trial	Number	Start	Description

UserEvent	1	1	11982375796	# Message: experiment-08.jpg
Fixation L	1	1	11982378004	11982613916	235912	405.05	290.19	18	45	-1	10.33	10.33
Fixation R	1	1	11982378004	11982613916	235912	405.05	290.19	18	45	-1	10.73	10.73
Saccade L	1	1	11982613916	11982665993	52077	409.07	275.36	849.24	436.80	10.50	448.34	0.39	201.72	21529.43	-18011.52	13117.08
Saccade R	1	1	11982613916	11982665993	52077	409.07	275.36	849.24	436.80	10.50	448.34	0.39	201.72	21529.43	-18011.52	13117.08
Fixation L	1	2	11982665993	11982845999	180006	836.43	464.92	42	47	-1	10.41	10.41
Fixation R	1	2	11982665993	11982845999	180006	836.43	464.92	42	47	-1	10.88	10.88
Saccade L	1	2	11982845999	11982914016	68017	848.00	476.00	0.00	0.00	42.59	1653.92	0.59	626.22	48656.51	-25416.92	17814.55
Saccade R	1	2	11982845999	11982914016	68017	848.00	476.00	0.00	0.00	42.59	1653.92	0.59	626.22	48656.51	-25416.92	17814.55
Fixation L	1	3	11982914016	11983113890	199874	719.58	590.05	913	1136	-1	10.47	10.47
Saccade R	1	3	11982914016	11983002010	87994	0.00	0.00	812.31	662.52	39.26	1553.46	0.41	446.15	35768.95	-59132.54	14206.85
Fixation R	1	3	11983002010	11983113890	111880	821.38	666.77	22	16	-1	10.63	10.63
Saccade L	1	3	11983113890	11983165899	52009	827.84	673.11	1154.03	409.03	9.25	416.28	0.39	177.79	18394.61	-14814.03	11124.77
Saccade R	1	4	11983113890	11983165899	52009	827.84	673.11	1154.03	409.03	9.25	416.28	0.39	177.79	18394.61	-14814.03	11124.77
Fixation L	1	4	11983165899	11983425933	260034	1146.42	400.60	58	33	-1	10.56	10.56
Fixation R	1	4	11983165899	11983425933	260034	1146.42	400.60	58	33	-1	11.20	11.20
Saccade L	1	4	11983425933	11983489894	63961	1164.35	382.78	843.29	755.00	11.55	356.26	0.31	180.50	16346.65	-10929.57	8236.88
Saccade R	1	5	11983425933	11983489894	63961	1164.35	382.78	843.29	755.00	11.55	356.26	0.31	180.50	16346.65	-10929.57	8236.88
Fixation L	1	5	11983489894	11983689893	199999	851.10	735.98	35	41	-1	10.74	10.74
Fixation R	1	5	11983489894	11983689893	199999	851.10	735.98	35	41	-1	10.82	10.82
Saccade L	1	5	11983689893	11983729932	40039	876.56	745.21	782.54	770.73	2.10	118.39	0.30	52.56	5144.89	-4435.53	3077.96
Saccade R	1	6	11983689893	11983729932	40039	876.56	745.21	782.54	770.73	2.10	118.39	0.30	52.56	5144.89	-4435.53	3077.96
Fixation L	1	6	11983729932	11983897902	167970	772.98	774.76	17	13	-1	10.53	10.53
Fixation R	1	6	11983729932	11983897902	167970	772.98	774.76	17	13	-1	10.51	10.51
Saccade L	1	6	11983897902	11983929925	32023	778.36	769.32	732.65	779.10	1.08	50.78	0.63	33.63	1764.88	-1275.04	1192.73
Saccade R	1	7	11983897902	11983929925	32023	778.36	769.32	732.65	779.10	1.08	50.78	0.63	33.63	1764.88	-1275.04	1192.73
Fixation L	1	7	11983929925	11984053919	123994	720.35	813.18	20	48	-1	10.51	10.51
Fixation R	1	7	11983929925	11984053919	123994	720.35	813.18	20	48	-1	10.67	10.67
Saccade L	1	7	11984053919	11984113937	60018	732.27	823.25	1087.01	305.05	14.31	555.71	0.40	238.47	24666.27	-18573.88	14081.16
Saccade R	1	8	11984053919	11984113937	60018	732.27	823.25	1087.01	305.05	14.31	555.71	0.40	238.47	24666.27	-18573.88	14081.16
Fixation L	1	8	11984113937	11984313938	200001	1114.51	333.67	37	50	-1	10.14	10.14
Fixation R	1	8	11984113937	11984313938	200001	1114.51	333.67	37	50	-1	10.67	10.67
Saccade L	1	8	11984313938	11984341904	27966	1120.34	352.97	1215.86	360.13	1.91	136.39	0.43	68.43	5939.83	-6228.03	4559.81
Saccade R	1	9	11984313938	11984341904	27966	1120.34	352.97	1215.86	360.13	1.91	136.39	0.43	68.43	5939.83	-6228.03	4559.81
Fixation L	1	9	11984341904	11984741819	399915	1202.29	332.35	31	45	-1	10.09	10.09
Fixation R	1	9	11984341904	11984741819	399915	1202.29	332.35	31	45	-1	10.64	10.64
Saccade L	1	9	11984741819	11984769812	27993	1207.98	346.92	1153.76	357.56	1.19	78.77	0.43	42.56	3397.08	-2949.70	2334.64
Saccade R	1	10	11984741819	11984769812	27993	1207.98	346.92	1153.76	357.56	1.19	78.77	0.43	42.56	3397.08	-2949.70	2334.64
Fixation L	1	10	11984769812	11984929819	160007	1156.43	347.06	27	25	-1	10.16	10.16
Fixation R	1	10	11984769812	11984929819	160007	1156.43	347.06	27	25	-1	10.69	10.69
Saccade L	1	10	11984929819	11984953818	23999	1169.00	335.26	1221.88	346.34	1.16	84.81	0.50	48.21	3757.40	-3102.85	2493.14
Saccade R	1	11	11984929819	11984953818	23999	1169.00	335.26	1221.88	346.34	1.16	84.81	0.50	48.21	3757.40	-3102.85	2493.14
Fixation L	1	11	11984953818	11985185835	232017	1244.79	364.79	30	42	-1	10.09	10.09
Fixation R	1	11	11984953818	11985185835	232017	1244.79	364.79	30	42	-1	10.54	10.54
Saccade L	1	11	11985185835	11985249833	63998	1249.68	376.90	901.16	833.54	13.19	427.37	0.37	206.03	19093.91	-11378.53	10542.14
Saccade R	1	12	11985185835	11985249833	63998	1249.68	376.90	901.16	833.54	13.19	427.37	0.37	206.03	19093.91	-11378.53	10542.14
Fixation L	1	12	11985249833	11985445807	195974	905.73	839.54	36	19	-1	10.73	10.73
Fixation R	1	12	11985249833	11985445807	195974	905.73	839.54	36	19	-1	10.77	10.77
Saccade L	1	12	11985445807	11985477831	32024	887.36	846.93	954.36	865.48	1.47	84.63	0.38	45.97	3886.35	-3430.32	2626.46
Saccade R	1	13	11985445807	11985477831	32024	887.36	846.93	954.36	865.48	1.47	84.63	0.38	45.97	3886.35	-3430.32	2626.46
Fixation L	1	13	11985477831	11985605827	127996	961.92	867.33	12	22	-1	10.59	10.59
Fixation R	1	13	11985477831	11985605827	127996	961.92	867.33	12	22	-1	10.81	10.81
Saccade L	1	13	11985605827	11985629832	24005	959.85	863.52	920.79	855.23	0.79	55.61	0.50	33.06	2607.51	-2039.88	1683.15
Saccade R	1	14	11985605827	11985629832	24005	959.85	863.52	920.79	855.23	0.79	55.61	0.50	33.06	2607.51	-2039.88	1683.15
Fixation L	1	14	11985629832	11985725848	96016	912.65	837.58	13	24	-1	10.46	10.46
Fixation R	1	14	11985629832	11985725848	96016	912.65	837.58	13	24	-1	10.84	10.84
Saccade L	1	14	11985725848	11985753831	27983	921.25	833.69	929.94	887.64	0.96	48.18	0.71	34.21	12905.73	-132.87	3265.33
Saccade R	1	15	11985725848	11985753831	27983	921.25	833.69	929.94	887.64	0.96	48.18	0.71	34.21	12905.73	-132.87	3265.33
Saccade L	1	15	11985753831	11985809859	56028	929.94	887.64	1221.97	353.01	13.12	523.48	0.36	234.12	23455.36	-17360.20	13017.12
Saccade R	1	16	11985753831	11985809859	56028	929.94	887.64	1221.97	353.01	13.12	523.48	0.36	234.12	23455.36	-17360.20	13017.12
Fixation L	1	15	11985809859	11986065738	255879	1218.24	376.13	19	36	-1	10.28	10.28
Fixation R	1	15	11985809859	11986065738	255879	1218.24	376.13	19	36	-1	10.53	10.53
Saccade L	1	16	11986065738	11986089721	23983	1219.96	376.19	1148.93	383.17	1.41	114.57	0.50	58.78	5049.47	-4433.56	3475.86
Saccade R	1	17	11986065738	11986089721	23983	1219.96	376.19	1148.93	383.17	1.41	114.57	0.50	58.78	5049.47	-4433.56	3475.86
Fixation L	1	16	11986089721	11986445707	355986	1123.72	389.66	53	30	-1	10.36	10.36
Fixation R	1	16	11986089721	11986445707	355986	1123.72	389.66	53	30	-1	10.68	10.68
Fixation L	1	17	11986525706	11986717711	192005	854.06	869.53	69	24	-1	10.75	10.75
Fixation R	1	17	11986525706	11986717711	192005	854.06	869.53	69	24	-1	10.72	10.72
Saccade L	1	17	11986717711	11986753749	36038	829.94	856.74	812.58	783.25	1.55	86.22	0.56	43.04	3155.35	-3682.66	2272.10
Saccade R	1	18	11986717711	11986753749	36038	829.94	856.74	812.58	783.25	1.55	86.22	0.56	43.04	3155.35	-3682.66	2272.10
Fixation L	1	18	11986753749	11987137638	383889	834.58	772.00	42	39	-1	10.69	10.69
Fixation R	1	18	11986753749	11987137638	383889	834.58	772.00	42	39	-1	10.70	10.70
Saccade L	1	18	11987137638	11987205726	68088	846.18	796.38	1138.09	389.93	11.48	418.04	0.35	168.59	18768.71	-12822.72	8849.80
Saccade R	1	19	11987137638	11987205726	68088	846.18	796.38	1138.09	389.93	11.48	418.04	0.35	168.59	18768.71	-12822.72	8849.80
Fixation L	1	19	11987205726	11987401605	195879	1131.64	370.93	26	69	-1	10.12	10.12
Fixation R	1	19	11987205726	11987401605	195879	1131.64	370.93	26	69	-1	10.67	10.67
Saccade L	1	19	11987401605	11987425620	24015	1113.64	332.38	1198.43	351.22	1.64	133.45	0.50	68.28	5352.95	-5250.05	3932.86
Saccade R	1	20	11987401605	11987425620	24015	1113.64	332.38	1198.43	351.22	1.64	133.45	0.50	68.28	5352.95	-5250.05	3932.86
Fixation L	1	20	11987425620	11987857632	432012	1202.43	350.60	51	66	-1	10.27	10.27
Fixation R	1	20	11987425620	11987857632	432012	1202.43	350.60	51	66	-1	10.59	10.59
Saccade L	1	20	11987857632	11987881636	24004	1222.81	307.17	1188.56	312.30	0.88	68.01	0.50	36.46	2462.25	-2536.72	1832.83
Saccade R	1	21	11987857632	11987881636	24004	1222.81	307.17	1188.56	312.30	0.88	68.01	0.50	36.46	2462.25	-2536.72	1832.83
Fixation L	1	21	11987881636	11988537652	656016	1176.53	317.35	27	85	-1	10.50	10.50
Fixation R	1	21	11987881636	11988537652	656016	1176.53	317.35	27	85	-1	10.84	10.84
Saccade L	1	21	11988537652	11988605641	67989	1178.74	377.45	743.93	818.19	15.00	482.21	0.23	220.64	23489.62	-15358.62	10724.91
Saccade R	1	22	11988537652	11988605641	67989	1178.74	377.45	743.93	818.19	15.00	482.21	0.23	220.64	23489.62	-15358.62	10724.91
Fixation L	1	22	11988605641	11988881526	275885	764.03	818.87	66	21	-1	10.88	10.88
Fixation R	1	22	11988605641	11988881526	275885	764.03	818.87	66	21	-1	10.93	10.93
Saccade L	1	22	11988881526	11988909517	27991	740.45	806.98	741.85	675.02	2.72	224.71	0.57	97.10	9645.85	-10069.62	7202.23
Saccade R	1	23	11988881526	11988909517	27991	740.45	806.98	741.85	675.02	2.72	224.71	0.57	97.10	9645.85	-10069.62	7202.23
Fixation L	1	23	11988909517	11989005535	96018	733.11	681.82	15	15	-1	10.75	10.75
Fixation R	1	23	11988909517	11989005535	96018	733.11	681.82	15	15	-1	10.81	10.81
Saccade L	1	23	11989005535	11989041577	36042	727.12	686.62	663.27	751.18	2.01	96.63	0.67	55.80	3173.71	-4047.55	2692.27
Saccade R	1	24	11989005535	11989041577	36042	727.12	686.62	663.27	751.18	2.01	96.63	0.67	55.80	3173.71	-4047.55	2692.27
Fixation L	1	24	11989041577	11989113508	71931	663.94	761.60	8	16	-1	10.58	10.58
Fixation R	1	24	11989041577	11989113508	71931	663.94	761.60	8	16	-1	10.64	10.64
