[BeGaze]
Converted from:	D:\Kirillov\Results\ermolova_temp\Polina 04-eye_data.idf
Date:	17.04.2019 03:53:38
Version:	BeGaze 3.0.181
Sample Rate:	250
Subject:	Polina 04
Description:	Run28

Table Header for Fixations:
Event Type	Trial	Number	Start	End	Duration	Location X	Location Y	Dispersion X	Dispersion Y	Plane	Avg. Pupil Size X	Avg. Pupil Size Y

Table Header for Saccades:
Event Type	Trial	Number	Start	End	Duration	Start Loc.X	Start Loc.Y	End Loc.X	End Loc.Y	Amplitude	Peak Speed	Peak Speed At	Average Speed	Peak Accel.	Peak Decel.	Average Accel.

Table Header for User Events:
Event Type	Trial	Number	Start	Description

UserEvent	1	1	12558243902	# Message: experiment-09.jpg
Fixation L	1	1	12558254975	12558478881	223906	392.23	347.89	10	14	-1	17.36	17.36
Fixation R	1	1	12558254975	12558478881	223906	392.23	347.89	10	14	-1	18.15	18.15
Saccade L	1	1	12558478881	12558538878	59997	396.75	345.71	775.94	608.01	10.52	389.48	0.33	175.28	18520.58	-14695.94	10324.85
Saccade R	1	1	12558478881	12558538878	59997	396.75	345.71	775.94	608.01	10.52	389.48	0.33	175.28	18520.58	-14695.94	10324.85
Fixation L	1	2	12558538878	12558590891	52013	786.14	613.76	13	8	-1	17.54	17.54
Fixation R	1	2	12558538878	12558590891	52013	786.14	613.76	13	8	-1	18.37	18.37
Fixation L	1	3	12558742875	12558942873	199998	765.96	662.20	24	36	-1	15.38	15.38
Fixation R	1	3	12558742875	12558942873	199998	765.96	662.20	24	36	-1	16.08	16.08
Saccade L	1	2	12558942873	12558990867	47994	765.79	653.03	980.12	633.35	4.63	256.32	0.33	96.56	11722.71	-11240.43	6821.23
Saccade R	1	2	12558942873	12558990867	47994	765.79	653.03	980.12	633.35	4.63	256.32	0.33	96.56	11722.71	-11240.43	6821.23
Saccade L	1	3	12558990867	12559018811	27944	980.12	633.35	979.74	692.44	1.42	107.49	0.57	50.97	4022.03	244.68	1787.61
Saccade R	1	3	12558990867	12559018811	27944	980.12	633.35	979.74	692.44	1.42	107.49	0.57	50.97	4022.03	244.68	1787.61
Saccade L	1	4	12559018811	12559042891	24080	979.74	692.44	986.62	617.29	1.41	129.28	0.34	58.38	870.75	-5422.97	2578.45
Saccade R	1	4	12559018811	12559042891	24080	979.74	692.44	986.62	617.29	1.41	129.28	0.34	58.38	870.75	-5422.97	2578.45
Fixation L	1	4	12559042891	12559210907	168016	991.60	623.18	13	13	-1	15.34	15.34
Fixation R	1	4	12559042891	12559210907	168016	991.60	623.18	13	13	-1	16.24	16.24
Saccade L	1	5	12559210907	12559254873	43966	995.51	631.99	797.99	633.10	4.17	208.13	0.45	94.84	9441.58	-8509.98	6248.73
Saccade R	1	5	12559210907	12559254873	43966	995.51	631.99	797.99	633.10	4.17	208.13	0.45	94.84	9441.58	-8509.98	6248.73
Fixation L	1	5	12559254873	12559630920	376047	782.39	628.37	35	19	-1	15.36	15.36
Fixation R	1	5	12559254873	12559630920	376047	782.39	628.37	35	19	-1	15.94	15.94
Saccade L	1	6	12559630920	12559698783	67863	769.23	628.36	1098.96	359.67	9.91	322.21	0.47	146.00	12069.63	-10714.53	7329.89
Saccade R	1	6	12559630920	12559698783	67863	769.23	628.36	1098.96	359.67	9.91	322.21	0.47	146.00	12069.63	-10714.53	7329.89
Fixation L	1	6	12559698783	12560010784	312001	1108.06	360.26	16	18	-1	14.95	14.95
Fixation R	1	6	12559698783	12560010784	312001	1108.06	360.26	16	18	-1	15.66	15.66
Saccade L	1	7	12560010784	12560066785	56001	1103.14	358.54	934.90	647.75	7.40	345.27	0.36	132.06	16528.44	-12960.79	8882.71
Saccade R	1	7	12560010784	12560066785	56001	1103.14	358.54	934.90	647.75	7.40	345.27	0.36	132.06	16528.44	-12960.79	8882.71
Fixation L	1	7	12560066785	12560306777	239992	917.70	663.78	29	24	-1	15.47	15.47
Fixation R	1	7	12560066785	12560306777	239992	917.70	663.78	29	24	-1	15.88	15.88
Saccade L	1	8	12560306777	12560346780	40003	905.45	667.87	1024.83	664.07	2.59	155.56	0.40	64.63	7170.46	-6335.40	4326.47
Saccade R	1	8	12560306777	12560346780	40003	905.45	667.87	1024.83	664.07	2.59	155.56	0.40	64.63	7170.46	-6335.40	4326.47
Fixation L	1	8	12560346780	12560554700	207920	1025.05	675.62	14	29	-1	16.13	16.13
Fixation R	1	8	12560346780	12560554700	207920	1025.05	675.62	14	29	-1	16.75	16.75
Saccade L	1	9	12560554700	12560586726	32026	1033.38	671.04	1023.15	731.68	1.32	94.89	0.50	41.25	4262.82	-3949.35	2945.03
Saccade R	1	9	12560554700	12560586726	32026	1033.38	671.04	1023.15	731.68	1.32	94.89	0.50	41.25	4262.82	-3949.35	2945.03
Fixation L	1	9	12560586726	12560654801	68075	1019.69	737.97	7	8	-1	16.68	16.68
Fixation R	1	9	12560586726	12560654801	68075	1019.69	737.97	7	8	-1	17.20	17.20
Fixation L	1	10	12560738797	12561322692	583895	1245.93	394.12	30	26	-1	16.32	16.32
Fixation R	1	10	12560738797	12561322692	583895	1245.93	394.12	30	26	-1	16.95	16.95
Saccade L	1	10	12561322692	12561398691	75999	1236.82	393.93	1009.02	786.02	10.44	361.04	0.32	137.38	16340.65	-9385.26	7296.04
Saccade R	1	10	12561322692	12561398691	75999	1236.82	393.93	1009.02	786.02	10.44	361.04	0.32	137.38	16340.65	-9385.26	7296.04
Fixation L	1	11	12561398691	12561750690	351999	1005.16	769.75	30	48	-1	16.86	16.86
Fixation R	1	11	12561398691	12561750690	351999	1005.16	769.75	30	48	-1	17.11	17.11
Saccade L	1	11	12561750690	12561778679	27989	998.73	748.97	942.95	750.24	1.06	82.78	0.57	37.89	3846.57	-3834.74	2797.20
Saccade R	1	11	12561750690	12561778679	27989	998.73	748.97	942.95	750.24	1.06	82.78	0.57	37.89	3846.57	-3834.74	2797.20
Fixation L	1	12	12561778679	12562142698	364019	932.45	753.86	28	19	-1	17.23	17.23
Fixation R	1	12	12561778679	12562142698	364019	932.45	753.86	28	19	-1	17.89	17.89
Saccade L	1	12	12562142698	12562182701	40003	925.83	756.69	926.71	800.53	0.97	55.52	0.30	24.30	2574.19	-2167.86	1390.40
Saccade R	1	12	12562142698	12562182701	40003	925.83	756.69	926.71	800.53	0.97	55.52	0.30	24.30	2574.19	-2167.86	1390.40
Fixation L	1	13	12562182701	12562262708	80007	927.00	807.84	6	11	-1	17.54	17.54
Fixation R	1	13	12562182701	12562262708	80007	927.00	807.84	6	11	-1	18.01	18.01
Saccade L	1	13	12562262708	12562374719	112011	929.11	810.77	1238.72	309.90	14.03	471.96	0.57	125.26	22127.95	-11761.84	6713.60
Saccade R	1	13	12562262708	12562374719	112011	929.11	810.77	1238.72	309.90	14.03	471.96	0.57	125.26	22127.95	-11761.84	6713.60
Fixation L	1	14	12562374719	12562574568	199849	1245.94	324.26	28	34	-1	16.45	16.45
Fixation R	1	14	12562374719	12562574568	199849	1245.94	324.26	28	34	-1	17.42	17.42
Saccade L	1	14	12562574568	12562646571	72003	1257.08	340.27	938.87	730.04	12.22	360.68	0.33	169.70	17104.84	-12260.49	8205.36
Saccade R	1	14	12562574568	12562646571	72003	1257.08	340.27	938.87	730.04	12.22	360.68	0.33	169.70	17104.84	-12260.49	8205.36
Fixation L	1	15	12562646571	12563078612	432041	939.60	757.70	22	35	-1	17.43	17.43
Fixation R	1	15	12562646571	12563078612	432041	939.60	757.70	22	35	-1	18.05	18.05
Saccade L	1	15	12563078612	12563130604	51992	949.87	759.30	727.50	734.48	5.20	223.60	0.38	99.92	10588.34	-8604.40	6372.25
Saccade R	1	15	12563078612	12563130604	51992	949.87	759.30	727.50	734.48	5.20	223.60	0.38	99.92	10588.34	-8604.40	6372.25
Fixation L	1	16	12563130604	12563318595	187991	706.66	740.99	31	11	-1	17.04	17.04
Fixation R	1	16	12563130604	12563318595	187991	706.66	740.99	31	11	-1	17.65	17.65
Saccade L	1	16	12563454629	12563506629	52000	926.54	668.46	698.92	724.60	5.10	314.14	0.31	98.02	13411.53	-11988.75	6256.33
Saccade R	1	16	12563454629	12563506629	52000	926.54	668.46	698.92	724.60	5.10	314.14	0.31	98.02	13411.53	-11988.75	6256.33
Saccade L	1	17	12563542600	12563618619	76019	700.23	727.46	1025.43	668.70	8.14	300.05	0.21	107.07	14639.37	-9645.56	5975.20
Saccade R	1	17	12563542600	12563618619	76019	700.23	727.46	1025.43	668.70	8.14	300.05	0.21	107.07	14639.37	-9645.56	5975.20
Fixation L	1	17	12563618619	12563862604	243985	1011.94	669.61	20	14	-1	16.65	16.65
Fixation R	1	17	12563618619	12563862604	243985	1011.94	669.61	20	14	-1	17.46	17.46
Saccade L	1	18	12563862604	12563926499	63895	1004.52	672.05	784.00	732.37	5.12	270.59	0.31	80.20	12485.28	-11282.30	5618.79
Saccade R	1	18	12563862604	12563926499	63895	1004.52	672.05	784.00	732.37	5.12	270.59	0.31	80.20	12485.28	-11282.30	5618.79
Fixation L	1	18	12563926499	12564114513	188014	785.46	724.36	15	16	-1	17.03	17.03
Fixation R	1	18	12563926499	12564114513	188014	785.46	724.36	15	16	-1	17.62	17.62
Saccade L	1	19	12564114513	12564138505	23992	789.49	716.66	732.33	726.65	1.23	107.17	0.50	51.24	4833.39	-4339.98	3371.41
Saccade R	1	19	12564114513	12564138505	23992	789.49	716.66	732.33	726.65	1.23	107.17	0.50	51.24	4833.39	-4339.98	3371.41
Fixation L	1	19	12564138505	12564478505	340000	713.06	738.32	45	22	-1	17.13	17.13
Fixation R	1	19	12564138505	12564478505	340000	713.06	738.32	45	22	-1	17.43	17.43
Saccade L	1	20	12564478505	12564542486	63981	697.31	731.91	1183.81	352.35	13.74	459.09	0.25	214.79	22290.05	-13941.37	10848.03
Saccade R	1	20	12564478505	12564542486	63981	697.31	731.91	1183.81	352.35	13.74	459.09	0.25	214.79	22290.05	-13941.37	10848.03
Fixation L	1	20	12564542486	12564790503	248017	1197.03	360.69	32	18	-1	16.60	16.60
Fixation R	1	20	12564542486	12564790503	248017	1197.03	360.69	32	18	-1	17.44	17.44
Saccade L	1	21	12564790503	12564870511	80008	1173.93	362.15	706.96	724.69	13.86	375.54	0.45	173.22	17572.91	-15094.07	8399.76
Saccade R	1	21	12564790503	12564870511	80008	1173.93	362.15	706.96	724.69	13.86	375.54	0.45	173.22	17572.91	-15094.07	8399.76
Fixation L	1	21	12564870511	12565102536	232025	696.02	739.21	24	25	-1	16.21	16.21
Fixation R	1	21	12564870511	12565102536	232025	696.02	739.21	24	25	-1	16.59	16.59
