[BeGaze]
Converted from:	D:\Kirillov\Results\ermolova_temp\Dasha-eye_data.idf
Date:	17.04.2019 03:53:24
Version:	BeGaze 3.0.181
Sample Rate:	250
Subject:	Dasha
Description:	Run24

Table Header for Fixations:
Event Type	Trial	Number	Start	End	Duration	Location X	Location Y	Dispersion X	Dispersion Y	Plane	Avg. Pupil Size X	Avg. Pupil Size Y

Table Header for Saccades:
Event Type	Trial	Number	Start	End	Duration	Start Loc.X	Start Loc.Y	End Loc.X	End Loc.Y	Amplitude	Peak Speed	Peak Speed At	Average Speed	Peak Accel.	Peak Decel.	Average Accel.

Table Header for User Events:
Event Type	Trial	Number	Start	Description

UserEvent	1	1	11064725610	# Message: experiment-07.jpg
Saccade L	1	1	11064748841	11064784761	35920	415.53	358.79	474.65	389.39	1.88	130.73	0.33	52.42	6026.81	-5588.97	3613.83
Saccade R	1	1	11064748841	11064784761	35920	415.53	358.79	474.65	389.39	1.88	130.73	0.33	52.42	6026.81	-5588.97	3613.83
Fixation L	1	1	11064784761	11064996742	211981	478.31	401.03	22	29	-1	13.82	13.82
Fixation R	1	1	11064784761	11064996742	211981	478.31	401.03	22	29	-1	14.11	14.11
Saccade L	1	2	11064996742	11065064739	67997	468.59	381.23	749.94	672.06	9.22	430.59	0.29	135.60	19477.78	-15299.16	8438.23
Saccade R	1	2	11064996742	11065064739	67997	468.59	381.23	749.94	672.06	9.22	430.59	0.29	135.60	19477.78	-15299.16	8438.23
Fixation L	1	2	11065064739	11065284726	219987	764.99	647.57	23	62	-1	13.10	13.10
Fixation R	1	2	11065064739	11065284726	219987	764.99	647.57	23	62	-1	14.02	14.02
Saccade L	1	3	11065284726	11065308740	24014	771.06	619.55	865.40	619.61	1.92	159.75	0.50	79.92	7482.45	-7394.91	5397.63
Saccade R	1	3	11065284726	11065308740	24014	771.06	619.55	865.40	619.61	1.92	159.75	0.50	79.92	7482.45	-7394.91	5397.63
Fixation L	1	3	11065308740	11065456760	148020	875.47	613.07	17	41	-1	12.34	12.34
Fixation R	1	3	11065308740	11065456760	148020	875.47	613.07	17	41	-1	13.03	13.03
Saccade L	1	4	11065456760	11065484746	27986	864.88	618.32	955.50	634.84	1.84	125.85	0.43	65.78	5423.52	-6050.78	4247.28
Saccade R	1	4	11065456760	11065484746	27986	864.88	618.32	955.50	634.84	1.84	125.85	0.43	65.78	5423.52	-6050.78	4247.28
Saccade L	1	5	11065572744	11065596742	23998	956.22	636.04	947.84	591.13	0.72	44.50	0.50	30.00	1490.90	-1720.40	1125.23
Saccade R	1	5	11065572744	11065596742	23998	956.22	636.04	947.84	591.13	0.72	44.50	0.50	30.00	1490.90	-1720.40	1125.23
Saccade L	1	6	11065624741	11065688760	64019	938.76	594.46	1104.88	365.73	6.33	273.76	0.50	98.93	12419.16	-10955.18	6093.00
Saccade R	1	6	11065624741	11065688760	64019	938.76	594.46	1104.88	365.73	6.33	273.76	0.50	98.93	12419.16	-10955.18	6093.00
Fixation L	1	4	11065688760	11066052740	363980	1121.23	332.47	40	73	-1	11.40	11.40
Fixation R	1	4	11065688760	11066052740	363980	1121.23	332.47	40	73	-1	12.13	12.13
Fixation L	1	5	11066116759	11066356628	239869	0.00	0.00	0	0	-1	10.49	10.49
Fixation R	1	5	11066116759	11066356628	239869	0.00	0.00	0	0	-1	11.06	11.06
Fixation L	1	6	11066428656	11066676646	247990	963.89	463.00	20	91	-1	12.15	12.15
Fixation R	1	6	11066428656	11066676646	247990	963.89	463.00	20	91	-1	12.72	12.72
Saccade L	1	7	11066676646	11066720651	44005	961.27	428.54	853.40	572.92	4.38	228.86	0.36	99.49	10998.46	-9994.69	6449.42
Saccade R	1	7	11066676646	11066720651	44005	961.27	428.54	853.40	572.92	4.38	228.86	0.36	99.49	10998.46	-9994.69	6449.42
Fixation L	1	7	11066720651	11067080656	360005	808.54	587.64	67	30	-1	12.76	12.76
Fixation R	1	7	11066720651	11067080656	360005	808.54	587.64	67	30	-1	13.17	13.17
Saccade L	1	8	11067080656	11067116697	36041	790.47	589.83	790.19	365.40	4.70	250.56	0.55	130.39	11315.06	-11526.72	8434.49
Saccade R	1	8	11067080656	11067116697	36041	790.47	589.83	790.19	365.40	4.70	250.56	0.55	130.39	11315.06	-11526.72	8434.49
Fixation L	1	8	11067116697	11067264660	147963	813.63	355.39	39	32	-1	12.61	12.61
Fixation R	1	8	11067116697	11067264660	147963	813.63	355.39	39	32	-1	13.11	13.11
Saccade L	1	9	11067264660	11067324679	60019	808.66	346.78	990.46	303.99	4.21	223.33	0.27	70.17	10302.78	-9061.76	4450.64
Saccade R	1	9	11067264660	11067324679	60019	808.66	346.78	990.46	303.99	4.21	223.33	0.27	70.17	10302.78	-9061.76	4450.64
Fixation L	1	9	11067324679	11067540659	215980	984.96	304.48	28	30	-1	12.23	12.23
Fixation R	1	9	11067324679	11067540659	215980	984.96	304.48	28	30	-1	12.94	12.94
Saccade L	1	10	11067540659	11067564652	23993	982.52	324.25	1050.79	315.96	1.59	143.24	0.50	66.12	5572.15	-5341.05	4028.77
Saccade R	1	10	11067540659	11067564652	23993	982.52	324.25	1050.79	315.96	1.59	143.24	0.50	66.12	5572.15	-5341.05	4028.77
Fixation L	1	10	11067564652	11067784541	219889	1080.54	315.15	41	35	-1	12.09	12.09
Fixation R	1	10	11067564652	11067784541	219889	1080.54	315.15	41	35	-1	12.84	12.84
Saccade L	1	11	11067784541	11067812605	28064	1089.09	295.88	946.03	317.90	3.09	226.55	0.43	110.21	10388.46	-9983.63	7504.49
Saccade R	1	11	11067784541	11067812605	28064	1089.09	295.88	946.03	317.90	3.09	226.55	0.43	110.21	10388.46	-9983.63	7504.49
Fixation L	1	11	11067812605	11067956542	143937	940.68	331.17	25	27	-1	12.20	12.20
Fixation R	1	11	11067812605	11067956542	143937	940.68	331.17	25	27	-1	12.84	12.84
Saccade L	1	12	11067956542	11068004562	48020	941.00	324.15	665.44	334.15	6.19	290.01	0.25	128.92	14072.68	-8042.42	6661.39
Saccade R	1	12	11067956542	11068004562	48020	941.00	324.15	665.44	334.15	6.19	290.01	0.25	128.92	14072.68	-8042.42	6661.39
Fixation L	1	12	11068004562	11068192553	187991	569.19	281.00	790	516	-1	12.54	12.54
Fixation R	1	12	11068004562	11068136553	131991	655.88	322.69	15	36	-1	13.06	13.06
Saccade R	1	13	11068136553	11068176545	39992	654.38	326.35	0.00	0.00	21.80	1664.74	0.70	545.13	59665.48	-70467.24	38717.46
Fixation L	1	13	11068308562	11068524568	216006	775.10	288.96	23	30	-1	13.42	13.42
Fixation R	1	13	11068308562	11068524568	216006	775.10	288.96	23	30	-1	13.99	13.99
Saccade L	1	13	11068524568	11068568567	43999	771.34	294.86	788.36	610.30	7.49	451.34	0.27	170.26	21742.22	-20716.93	12276.99
Saccade R	1	14	11068524568	11068568567	43999	771.34	294.86	788.36	610.30	7.49	451.34	0.27	170.26	21742.22	-20716.93	12276.99
Saccade L	1	14	11068568567	11068592547	23980	788.36	610.30	778.86	635.76	0.85	64.46	0.50	35.33	1242.06	-2306.15	1163.09
Saccade R	1	15	11068568567	11068592547	23980	788.36	610.30	778.86	635.76	0.85	64.46	0.50	35.33	1242.06	-2306.15	1163.09
Fixation L	1	14	11068592547	11068808565	216018	780.95	641.12	11	42	-1	13.59	13.59
Fixation R	1	14	11068592547	11068808565	216018	780.95	641.12	11	42	-1	14.06	14.06
Saccade L	1	15	11068832565	11068872593	40028	750.65	636.80	753.08	630.32	1.19	62.42	0.30	29.74	330.10	-1175.85	602.40
Saccade R	1	16	11068832565	11068872593	40028	750.65	636.80	753.08	630.32	1.19	62.42	0.30	29.74	330.10	-1175.85	602.40
Fixation L	1	15	11068872593	11068924572	51979	750.57	614.83	5	22	-1	12.81	12.81
Fixation R	1	15	11068872593	11068924572	51979	750.57	614.83	5	22	-1	13.40	13.40
Saccade L	1	16	11068924572	11068944560	19988	753.38	628.57	741.85	592.39	0.52	42.99	0.60	25.86	1669.01	-948.72	804.57
Saccade R	1	17	11068924572	11068944560	19988	753.38	628.57	741.85	592.39	0.52	42.99	0.60	25.86	1669.01	-948.72	804.57
Saccade L	1	17	11068984584	11069020564	35980	741.74	580.84	742.03	762.53	4.24	320.13	0.33	117.94	13190.31	-13339.66	7772.37
Saccade R	1	18	11068984584	11069020564	35980	741.74	580.84	742.03	762.53	4.24	320.13	0.33	117.94	13190.31	-13339.66	7772.37
Fixation L	1	16	11069060469	11069124465	63996	737.96	776.13	9	13	-1	12.13	12.13
Fixation R	1	16	11069060469	11069124465	63996	737.96	776.13	9	13	-1	12.84	12.84
Saccade L	1	18	11069148435	11069196443	48008	734.56	753.99	911.85	319.18	9.79	551.63	0.33	203.92	26612.33	-24611.29	14629.71
Saccade R	1	19	11069148435	11069196443	48008	734.56	753.99	911.85	319.18	9.79	551.63	0.33	203.92	26612.33	-24611.29	14629.71
Fixation L	1	17	11069196443	11069408447	212004	912.78	308.43	11	19	-1	12.64	12.64
Fixation R	1	17	11069196443	11069408447	212004	912.78	308.43	11	19	-1	13.36	13.36
Saccade L	1	19	11069408447	11069432446	23999	917.82	316.75	1013.76	311.27	1.93	164.39	0.50	80.36	7481.89	-6693.44	5237.01
Saccade R	1	20	11069408447	11069432446	23999	917.82	316.75	1013.76	311.27	1.93	164.39	0.50	80.36	7481.89	-6693.44	5237.01
Fixation L	1	18	11069432446	11069684453	252007	1010.98	306.26	22	21	-1	12.51	12.51
Fixation R	1	18	11069432446	11069684453	252007	1010.98	306.26	22	21	-1	13.38	13.38
Saccade L	1	20	11069684453	11069724467	40014	1004.57	320.24	1179.14	351.28	3.72	217.99	0.30	93.00	10051.84	-8840.29	6062.47
Saccade R	1	21	11069684453	11069724467	40014	1004.57	320.24	1179.14	351.28	3.72	217.99	0.30	93.00	10051.84	-8840.29	6062.47
Fixation L	1	19	11069724467	11069900470	176003	1187.51	353.84	37	40	-1	12.65	12.65
Fixation R	1	19	11069724467	11069900470	176003	1187.51	353.84	37	40	-1	13.26	13.26
Saccade L	1	21	11069900470	11069924475	24005	1186.97	329.04	1241.67	341.83	1.25	108.08	0.50	51.92	3305.19	-4041.94	2595.27
Saccade R	1	22	11069900470	11069924475	24005	1186.97	329.04	1241.67	341.83	1.25	108.08	0.50	51.92	3305.19	-4041.94	2595.27
Fixation L	1	20	11069924475	11070040494	116019	1242.95	358.27	17	25	-1	12.57	12.57
Fixation R	1	20	11069924475	11070040494	116019	1242.95	358.27	17	25	-1	13.35	13.35
Saccade L	1	22	11070040494	11070116467	75973	1232.78	367.14	863.41	674.35	10.68	413.96	0.26	140.54	20262.03	-14943.09	8221.52
Saccade R	1	23	11070040494	11070116467	75973	1232.78	367.14	863.41	674.35	10.68	413.96	0.26	140.54	20262.03	-14943.09	8221.52
Fixation L	1	21	11070116467	11070244466	127999	858.84	660.31	13	28	-1	12.58	12.58
Fixation R	1	21	11070116467	11070244466	127999	858.84	660.31	13	28	-1	13.06	13.06
Saccade L	1	23	11070244466	11070272487	28021	867.11	653.86	962.37	778.06	3.26	240.40	0.43	116.33	11458.64	-11145.40	8372.84
Saccade R	1	24	11070244466	11070272487	28021	867.11	653.86	962.37	778.06	3.26	240.40	0.43	116.33	11458.64	-11145.40	8372.84
Fixation L	1	22	11070272487	11070412337	139850	956.60	757.45	13	40	-1	12.59	12.59
Fixation R	1	22	11070272487	11070412337	139850	956.60	757.45	13	40	-1	13.04	13.04
Saccade L	1	24	11070412337	11070464341	52004	965.06	751.81	999.18	706.12	1.84	71.02	0.46	35.47	2193.39	-2138.43	1486.46
Saccade R	1	25	11070412337	11070464341	52004	965.06	751.81	999.18	706.12	1.84	71.02	0.46	35.47	2193.39	-2138.43	1486.46
Fixation L	1	23	11070464341	11070664382	200041	985.44	696.81	31	19	-1	12.30	12.30
Fixation R	1	23	11070464341	11070664382	200041	985.44	696.81	31	19	-1	12.92	12.92
Saccade L	1	25	11070664382	11070692342	27960	985.37	697.29	983.83	642.31	2.31	197.36	0.43	82.55	8489.39	-5426.47	4172.38
Saccade R	1	26	11070664382	11070692342	27960	985.37	697.29	983.83	642.31	2.31	197.36	0.43	82.55	8489.39	-5426.47	4172.38
Saccade L	1	26	11070708364	11070732356	23992	984.28	591.74	986.18	629.85	0.66	53.33	0.33	27.54	67.97	-1834.22	942.98
Saccade R	1	27	11070708364	11070732356	23992	984.28	591.74	986.18	629.85	0.66	53.33	0.33	27.54	67.97	-1834.22	942.98
Fixation L	1	24	11070732356	11070952386	220030	988.07	621.13	23	39	-1	11.96	11.96
Fixation R	1	24	11070732356	11070952386	220030	988.07	621.13	23	39	-1	12.63	12.63
Saccade L	1	27	11070952386	11070988348	35962	979.92	627.37	915.96	697.55	2.40	126.25	0.44	66.81	5752.18	-5308.42	3876.19
Saccade R	1	28	11070952386	11070988348	35962	979.92	627.37	915.96	697.55	2.40	126.25	0.44	66.81	5752.18	-5308.42	3876.19
Fixation L	1	25	11070988348	11071236375	248027	907.13	703.56	20	26	-1	11.98	11.98
Fixation R	1	25	11070988348	11071236375	248027	907.13	703.56	20	26	-1	12.39	12.39
Saccade L	1	28	11071236375	11071260378	24003	920.04	710.98	886.23	758.33	1.09	75.87	0.50	45.54	3126.48	-2925.92	2243.36
Saccade R	1	29	11071236375	11071260378	24003	920.04	710.98	886.23	758.33	1.09	75.87	0.50	45.54	3126.48	-2925.92	2243.36
Saccade L	1	29	11071268390	11071288300	19910	887.25	757.23	883.33	788.27	0.62	50.68	0.40	31.28	1412.30	-1872.57	1118.78
Saccade R	1	30	11071268390	11071288300	19910	887.25	757.23	883.33	788.27	0.62	50.68	0.40	31.28	1412.30	-1872.57	1118.78
Fixation L	1	26	11071288300	11071444396	156096	890.10	787.97	14	20	-1	12.39	12.39
Fixation R	1	26	11071288300	11071444396	156096	890.10	787.97	14	20	-1	12.70	12.70
Saccade L	1	30	11071444396	11071508365	63969	886.64	798.58	1193.23	381.86	11.47	532.69	0.25	179.38	24867.01	-21419.73	11643.93
Saccade R	1	31	11071444396	11071508365	63969	886.64	798.58	1193.23	381.86	11.47	532.69	0.25	179.38	24867.01	-21419.73	11643.93
Fixation L	1	27	11071508365	11071736402	228037	1181.07	386.34	26	28	-1	12.45	12.45
Fixation R	1	27	11071508365	11071736402	228037	1181.07	386.34	26	28	-1	13.08	13.08
Saccade L	1	31	11071736402	11071768391	31989	1182.98	401.95	1182.52	316.25	1.69	107.71	0.50	52.68	4867.03	-4922.79	3582.02
Saccade R	1	32	11071736402	11071768391	31989	1182.98	401.95	1182.52	316.25	1.69	107.71	0.50	52.68	4867.03	-4922.79	3582.02
Fixation L	1	28	11071768391	11071968281	199890	1191.10	324.10	30	36	-1	12.23	12.23
Fixation R	1	28	11071768391	11071968281	199890	1191.10	324.10	30	36	-1	12.70	12.70
Saccade L	1	32	11071968281	11072000272	31991	1187.86	321.78	1082.31	311.53	2.29	143.13	0.50	71.55	5386.49	-5862.36	4163.71
Saccade R	1	33	11071968281	11072000272	31991	1187.86	321.78	1082.31	311.53	2.29	143.13	0.50	71.55	5386.49	-5862.36	4163.71
Fixation L	1	29	11072000272	11072092290	92018	1078.72	318.23	10	12	-1	12.04	12.04
Fixation R	1	29	11072000272	11072092290	92018	1078.72	318.23	10	12	-1	12.39	12.39
Saccade L	1	33	11072092290	11072168273	75983	1075.61	314.16	807.05	801.05	12.62	450.37	0.21	166.05	22087.92	-12870.84	8946.12
Saccade R	1	34	11072092290	11072168273	75983	1075.61	314.16	807.05	801.05	12.62	450.37	0.21	166.05	22087.92	-12870.84	8946.12
Saccade L	1	34	11072212255	11072240255	28000	807.21	830.43	808.13	817.23	1.11	80.05	0.43	39.79	2809.78	-1799.62	1504.23
Saccade R	1	35	11072212255	11072240255	28000	807.21	830.43	808.13	817.23	1.11	80.05	0.43	39.79	2809.78	-1799.62	1504.23
Saccade L	1	35	11072260273	11072280277	20004	807.33	788.07	807.54	788.21	0.59	67.82	0.40	29.36	-750.13	-2603.81	1347.58
Saccade R	1	36	11072260273	11072280277	20004	807.33	788.07	807.54	788.21	0.59	67.82	0.40	29.36	-750.13	-2603.81	1347.58
Fixation L	1	30	11072280277	11072348272	67995	803.03	789.20	13	23	-1	12.14	12.14
Fixation R	1	30	11072280277	11072348272	67995	803.03	789.20	13	23	-1	12.54	12.54
Saccade L	1	36	11072348272	11072376276	28004	793.66	776.08	734.75	771.75	1.46	97.28	0.57	52.01	3881.69	-3897.31	2680.98
Saccade R	1	37	11072348272	11072376276	28004	793.66	776.08	734.75	771.75	1.46	97.28	0.57	52.01	3881.69	-3897.31	2680.98
Fixation L	1	31	11072376276	11072632290	256014	729.85	796.35	27	46	-1	12.33	12.33
Fixation R	1	31	11072376276	11072632290	256014	729.85	796.35	27	46	-1	12.85	12.85
Saccade L	1	37	11072632290	11072652269	19979	713.06	791.02	710.00	738.95	1.03	96.24	0.60	51.48	3781.10	-3153.33	2415.10
Saccade R	1	38	11072632290	11072652269	19979	713.06	791.02	710.00	738.95	1.03	96.24	0.60	51.48	3781.10	-3153.33	2415.10
Saccade L	1	38	11072668260	11072688286	20026	713.27	743.85	707.94	718.12	0.59	55.87	0.60	29.54	1247.95	-1928.57	1089.62
Saccade R	1	39	11072668260	11072688286	20026	713.27	743.85	707.94	718.12	0.59	55.87	0.60	29.54	1247.95	-1928.57	1089.62
Fixation L	1	32	11072688286	11072812266	123980	707.25	723.32	20	38	-1	12.47	12.47
Fixation R	1	32	11072688286	11072812266	123980	707.25	723.32	20	38	-1	13.08	13.08
Saccade L	1	39	11072840185	11072876293	36108	711.66	725.87	859.56	730.42	3.35	238.67	0.56	92.90	9738.55	-10401.39	6645.40
Saccade R	1	40	11072840185	11072876293	36108	711.66	725.87	859.56	730.42	3.35	238.67	0.56	92.90	9738.55	-10401.39	6645.40
Fixation L	1	33	11072876293	11073024280	147987	861.23	746.79	8	45	-1	12.28	12.28
Fixation R	1	33	11072876293	11073024280	147987	861.23	746.79	8	45	-1	12.80	12.80
Saccade L	1	40	11073024280	11073064293	40013	863.22	728.22	729.35	719.51	3.61	252.05	0.40	90.13	12282.92	-10619.97	6502.09
Saccade R	1	41	11073024280	11073064293	40013	863.22	728.22	729.35	719.51	3.61	252.05	0.40	90.13	12282.92	-10619.97	6502.09
Fixation L	1	34	11073064293	11073484175	419882	714.57	694.70	31	46	-1	12.37	12.37
Fixation R	1	34	11073064293	11073484175	419882	714.57	694.70	31	46	-1	12.90	12.90
Saccade L	1	41	11073484175	11073512178	28003	717.23	689.03	790.21	679.09	1.61	129.55	0.57	57.64	5255.52	-5470.72	3945.38
Saccade R	1	42	11073484175	11073512178	28003	717.23	689.03	790.21	679.09	1.61	129.55	0.57	57.64	5255.52	-5470.72	3945.38
Fixation L	1	35	11073512178	11073804177	291999	788.65	670.78	25	27	-1	12.22	12.22
Fixation R	1	35	11073512178	11073804177	291999	788.65	670.78	25	27	-1	12.78	12.78
Saccade L	1	42	11073804177	11073828178	24001	781.21	671.99	868.45	678.12	1.74	151.48	0.67	72.68	6971.43	-5882.61	4481.97
Saccade R	1	43	11073804177	11073828178	24001	781.21	671.99	868.45	678.12	1.74	151.48	0.67	72.68	6971.43	-5882.61	4481.97
Fixation L	1	36	11073840174	11073944203	104029	861.73	688.14	12	22	-1	12.58	12.58
Fixation R	1	36	11073840174	11073944203	104029	861.73	688.14	12	22	-1	12.75	12.75
Saccade R	1	44	11073944203	11073980199	35996	859.81	700.16	0.00	0.00	23.12	2050.43	0.67	642.38	84729.69	-85568.85	52525.73
Saccade L	1	43	11074092174	11074136174	44000	963.06	246.59	969.92	237.51	2.08	113.89	0.36	47.27	1405.44	-3890.06	1581.28
Saccade R	1	45	11074092174	11074136174	44000	963.06	246.59	969.92	237.51	2.08	113.89	0.36	47.27	1405.44	-3890.06	1581.28
Saccade L	1	44	11074152169	11074176175	24006	983.28	245.12	1188.13	340.85	4.31	422.59	0.50	179.42	17232.96	-16860.25	12746.77
Saccade R	1	46	11074152169	11074176175	24006	983.28	245.12	1188.13	340.85	4.31	422.59	0.50	179.42	17232.96	-16860.25	12746.77
Saccade L	1	45	11074200186	11074224169	23983	1164.99	338.11	1130.27	329.68	0.80	55.02	0.50	33.56	2297.54	-1813.71	1509.30
Saccade R	1	47	11074200186	11074224169	23983	1164.99	338.11	1130.27	329.68	0.80	55.02	0.50	33.56	2297.54	-1813.71	1509.30
Fixation L	1	37	11074224169	11074280177	56008	1104.50	324.36	53	10	-1	12.69	12.69
Fixation R	1	37	11074224169	11074280177	56008	1104.50	324.36	53	10	-1	13.43	13.43
Saccade L	1	46	11074280177	11074320194	40017	1076.96	322.63	1137.45	315.57	2.44	166.94	0.30	60.86	6348.53	-4983.26	3326.81
Saccade R	1	48	11074280177	11074320194	40017	1076.96	322.63	1137.45	315.57	2.44	166.94	0.30	60.86	6348.53	-4983.26	3326.81
Fixation L	1	38	11074320194	11074548189	227995	1163.87	337.51	41	39	-1	12.76	12.76
Fixation R	1	38	11074320194	11074548189	227995	1163.87	337.51	41	39	-1	13.30	13.30
Saccade L	1	47	11074548189	11074568193	20004	1158.41	348.42	1210.45	351.22	0.95	94.16	0.60	47.26	3584.45	-2698.68	2093.13
Saccade R	1	49	11074548189	11074568193	20004	1158.41	348.42	1210.45	351.22	0.95	94.16	0.60	47.26	3584.45	-2698.68	2093.13
Fixation L	1	39	11074568193	11074744100	175907	1212.25	331.45	33	28	-1	12.15	12.15
Fixation R	1	39	11074568193	11074744100	175907	1212.25	331.45	33	28	-1	12.81	12.81
Saccade L	1	48	11074744100	11074820087	75987	1222.18	343.04	911.30	768.36	12.10	381.33	0.26	159.24	18543.59	-14533.37	7987.96
Saccade R	1	50	11074744100	11074820087	75987	1222.18	343.04	911.30	768.36	12.10	381.33	0.26	159.24	18543.59	-14533.37	7987.96
Fixation L	1	40	11074820087	11075004129	184042	910.88	792.13	33	80	-1	12.20	12.20
Fixation R	1	40	11074820087	11075004129	184042	910.88	792.13	33	80	-1	12.55	12.55
Saccade L	1	49	11075004129	11075048090	43961	902.54	788.67	907.94	716.78	1.66	84.20	0.27	37.83	3837.64	-2802.38	1945.60
Saccade R	1	51	11075004129	11075048090	43961	902.54	788.67	907.94	716.78	1.66	84.20	0.27	37.83	3837.64	-2802.38	1945.60
Fixation L	1	41	11075080066	11075272074	192008	918.41	703.61	13	53	-1	12.30	12.30
Fixation R	1	41	11075080066	11075272074	192008	918.41	703.61	13	53	-1	12.64	12.64
Saccade L	1	50	11075272074	11075324089	52015	911.33	727.95	693.54	674.92	5.03	266.06	0.23	96.77	12341.91	-11480.75	6096.31
Saccade R	1	52	11075272074	11075324089	52015	911.33	727.95	693.54	674.92	5.03	266.06	0.23	96.77	12341.91	-11480.75	6096.31
Fixation L	1	42	11075324089	11075844109	520020	692.41	689.59	38	65	-1	12.12	12.12
Fixation R	1	42	11075324089	11075844109	520020	692.41	689.59	38	65	-1	12.76	12.76
Saccade L	1	51	11075976082	11076028092	52010	689.94	687.27	654.07	387.99	6.55	376.90	0.31	125.91	17551.63	-15052.78	8656.23
Saccade R	1	53	11075976082	11076028092	52010	689.94	687.27	654.07	387.99	6.55	376.90	0.31	125.91	17551.63	-15052.78	8656.23
Fixation L	1	43	11076028092	11076119990	91898	653.14	378.36	12	20	-1	12.81	12.81
Fixation R	1	43	11076028092	11076119990	91898	653.14	378.36	12	20	-1	13.72	13.72
Saccade L	1	52	11076119990	11076167981	47991	646.00	384.32	537.32	308.60	3.57	215.43	0.25	74.47	10536.97	-8929.87	4882.88
Saccade R	1	54	11076119990	11076167981	47991	646.00	384.32	537.32	308.60	3.57	215.43	0.25	74.47	10536.97	-8929.87	4882.88
