[BeGaze]
Converted from:	D:\Kirillov\Results\ermolova_temp\Ignat2-eye_data.idf
Date:	17.04.2019 03:54:14
Version:	BeGaze 3.0.181
Sample Rate:	250
Subject:	Ignat2
Description:	Run37

Table Header for Fixations:
Event Type	Trial	Number	Start	End	Duration	Location X	Location Y	Dispersion X	Dispersion Y	Plane	Avg. Pupil Size X	Avg. Pupil Size Y

Table Header for Saccades:
Event Type	Trial	Number	Start	End	Duration	Start Loc.X	Start Loc.Y	End Loc.X	End Loc.Y	Amplitude	Peak Speed	Peak Speed At	Average Speed	Peak Accel.	Peak Decel.	Average Accel.

Table Header for User Events:
Event Type	Trial	Number	Start	Description

UserEvent	1	1	5530210856	# Message: Questionnaire11.jpg
Saccade L	1	1	5530219719	5530243718	23999	721.35	583.32	743.14	604.28	0.70	43.03	0.50	29.29	789.09	-1227.45	612.13
Saccade R	1	1	5530219719	5530243718	23999	721.35	583.32	743.14	604.28	0.70	43.03	0.50	29.29	789.09	-1227.45	612.13
Fixation L	1	1	5530243718	5530319725	76007	734.38	614.82	18	20	-1	13.17	13.17
Fixation R	1	1	5530243718	5530319725	76007	734.38	614.82	18	20	-1	12.61	12.61
Saccade L	1	2	5530319725	5530359722	39997	727.26	615.33	651.15	271.52	7.85	467.25	0.40	196.38	22720.51	-21752.77	14199.15
Saccade R	1	2	5530319725	5530359722	39997	727.26	615.33	651.15	271.52	7.85	467.25	0.40	196.38	22720.51	-21752.77	14199.15
Saccade L	1	3	5530391723	5530427722	35999	639.27	268.60	649.15	206.34	1.39	77.57	0.22	38.66	629.63	-1715.19	828.63
Saccade R	1	3	5530391723	5530427722	35999	639.27	268.60	649.15	206.34	1.39	77.57	0.22	38.66	629.63	-1715.19	828.63
Saccade L	1	4	5530427722	5530455720	27998	649.15	206.34	651.71	239.64	0.93	66.72	0.57	33.22	2177.80	-1980.61	1298.64
Saccade R	1	4	5530427722	5530455720	27998	649.15	206.34	651.71	239.64	0.93	66.72	0.57	33.22	2177.80	-1980.61	1298.64
Saccade L	1	5	5530495738	5530547722	51984	636.46	265.87	558.31	197.79	3.50	192.06	0.23	67.38	7878.57	-5557.73	3625.51
Saccade R	1	5	5530495738	5530547722	51984	636.46	265.87	558.31	197.79	3.50	192.06	0.23	67.38	7878.57	-5557.73	3625.51
Saccade L	1	6	5530579780	5530627720	47940	549.23	192.31	580.12	82.00	3.29	234.72	0.25	68.56	9973.48	-9162.95	4452.46
Saccade R	1	6	5530579780	5530627720	47940	549.23	192.31	580.12	82.00	3.29	234.72	0.25	68.56	9973.48	-9162.95	4452.46
Saccade L	1	7	5530655727	5530683721	27994	579.08	68.47	570.03	67.92	2.50	125.78	0.57	89.13	5146.79	-6114.71	4533.00
Saccade R	1	7	5530655727	5530683721	27994	579.08	68.47	570.03	67.92	2.50	125.78	0.57	89.13	5146.79	-6114.71	4533.00
Fixation L	1	2	5530683721	5530787726	104005	568.91	83.25	16	35	-1	11.51	11.51
Fixation R	1	2	5530683721	5530787726	104005	568.91	83.25	16	35	-1	10.75	10.75
Saccade L	1	8	5530803748	5530831739	27991	566.54	93.52	570.95	75.29	4.35	372.08	0.71	155.25	10040.64	-805.73	4193.98
Saccade R	1	8	5530803748	5530831739	27991	566.54	93.52	570.95	75.29	4.35	372.08	0.71	155.25	10040.64	-805.73	4193.98
Saccade L	1	9	5530831739	5530851754	20015	570.95	75.29	693.21	211.07	3.23	360.93	0.40	161.22	2463.89	-14196.83	7538.21
Saccade R	1	9	5530831739	5530851754	20015	570.95	75.29	693.21	211.07	3.23	360.93	0.40	161.22	2463.89	-14196.83	7538.21
Saccade L	1	10	5530931736	5530967762	36026	573.61	65.17	713.19	200.33	4.71	379.31	0.22	130.70	5822.59	-9662.26	3930.21
Saccade R	1	10	5530931736	5530967762	36026	573.61	65.17	713.19	200.33	4.71	379.31	0.22	130.70	5822.59	-9662.26	3930.21
Saccade L	1	11	5530983731	5531011746	28015	565.90	55.45	688.83	220.04	3.78	366.53	0.71	135.07	14020.05	-6493.04	5795.01
Saccade R	1	11	5530983731	5531011746	28015	565.90	55.45	688.83	220.04	3.78	366.53	0.71	135.07	14020.05	-6493.04	5795.01
Saccade L	1	12	5531011746	5531031740	19994	688.83	220.04	575.57	70.54	3.32	372.50	0.40	165.82	42.41	-6704.69	3106.68
Saccade R	1	12	5531011746	5531031740	19994	688.83	220.04	575.57	70.54	3.32	372.50	0.40	165.82	42.41	-6704.69	3106.68
Saccade L	1	13	5531031740	5531055765	24025	575.57	70.54	686.78	211.04	3.70	352.14	0.50	153.87	6011.68	-14398.29	7226.48
Saccade R	1	13	5531031740	5531055765	24025	575.57	70.54	686.78	211.04	3.70	352.14	0.50	153.87	6011.68	-14398.29	7226.48
Saccade L	1	14	5531067738	5531091739	24001	684.52	222.74	559.93	65.83	3.73	387.98	0.67	155.31	15662.23	-256.72	7774.69
Saccade R	1	14	5531067738	5531091739	24001	684.52	222.74	559.93	65.83	3.73	387.98	0.67	155.31	15662.23	-256.72	7774.69
Saccade L	1	15	5531135753	5531155740	19987	557.46	69.21	555.44	84.96	1.75	234.62	0.40	87.46	3280.92	-9091.60	3832.25
Saccade R	1	15	5531135753	5531155740	19987	557.46	69.21	555.44	84.96	1.75	234.62	0.40	87.46	3280.92	-9091.60	3832.25
Saccade L	1	16	5531191758	5531211755	19997	559.89	70.65	699.85	196.67	2.87	365.69	0.60	143.73	14102.82	-6106.30	6727.10
Saccade R	1	16	5531191758	5531211755	19997	559.89	70.65	699.85	196.67	2.87	365.69	0.60	143.73	14102.82	-6106.30	6727.10
Saccade L	1	17	5531251737	5531271738	20001	698.15	202.97	558.03	55.19	3.48	386.52	0.40	174.18	6019.47	-16076.17	8260.18
Saccade R	1	17	5531251737	5531271738	20001	698.15	202.97	558.03	55.19	3.48	386.52	0.40	174.18	6019.47	-16076.17	8260.18
Fixation L	1	3	5531271738	5531339737	67999	556.82	67.94	5	25	-1	11.69	11.69
Fixation R	1	3	5531271738	5531339737	67999	556.82	67.94	5	25	-1	11.35	11.35
Saccade L	1	18	5531339737	5531359658	19921	558.09	75.24	706.96	182.65	2.83	353.90	0.60	142.22	14328.40	-9365.47	7880.89
Saccade R	1	18	5531339737	5531359658	19921	558.09	75.24	706.96	182.65	2.83	353.90	0.60	142.22	14328.40	-9365.47	7880.89
Saccade L	1	19	5531399611	5531419627	20016	589.59	47.02	594.91	38.30	1.73	127.32	0.60	86.48	2318.45	-797.95	1320.14
Saccade R	1	19	5531399611	5531419627	20016	589.59	47.02	594.91	38.30	1.73	127.32	0.60	86.48	2318.45	-797.95	1320.14
Saccade L	1	20	5531419627	5531479618	59991	594.91	38.30	543.79	117.35	8.31	340.75	0.60	138.60	5682.91	-12977.08	4972.70
Saccade R	1	20	5531419627	5531479618	59991	594.91	38.30	543.79	117.35	8.31	340.75	0.60	138.60	5682.91	-12977.08	4972.70
Saccade L	1	21	5531499609	5531527617	28008	542.72	105.99	725.88	176.48	4.20	378.07	0.43	150.13	15420.56	-14967.62	11035.36
Saccade R	1	21	5531499609	5531527617	28008	542.72	105.99	725.88	176.48	4.20	378.07	0.43	150.13	15420.56	-14967.62	11035.36
Saccade L	1	22	5531591616	5531611617	20001	720.46	181.63	566.47	44.08	2.70	268.75	0.40	135.18	6052.47	-12513.08	6130.53
Saccade R	1	22	5531591616	5531611617	20001	720.46	181.63	566.47	44.08	2.70	268.75	0.40	135.18	6052.47	-12513.08	6130.53
Saccade L	1	23	5531639615	5531663636	24021	568.88	62.53	568.97	89.20	0.60	40.94	0.50	24.99	798.94	-1398.97	727.69
Saccade R	1	23	5531639615	5531663636	24021	568.88	62.53	568.97	89.20	0.60	40.94	0.50	24.99	798.94	-1398.97	727.69
UserEvent	1	2	5531661985	# Message: UE-mouseclick left x=329 y=308
Saccade L	1	24	5531683624	5531751655	68031	566.30	89.06	530.48	90.25	9.89	388.28	0.65	145.32	14356.93	-15159.58	6750.80
Saccade R	1	24	5531683624	5531751655	68031	566.30	89.06	530.48	90.25	9.89	388.28	0.65	145.32	14356.93	-15159.58	6750.80
Fixation L	1	4	5531751655	5531815639	63984	533.19	85.28	8	10	-1	11.67	11.67
Fixation R	1	4	5531751655	5531815639	63984	533.19	85.28	8	10	-1	11.32	11.32
Saccade L	1	25	5531815639	5531859651	44012	539.57	81.15	552.96	26.03	1.77	81.61	0.73	40.19	3106.23	-2420.30	2094.23
Saccade R	1	25	5531815639	5531859651	44012	539.57	81.15	552.96	26.03	1.77	81.61	0.73	40.19	3106.23	-2420.30	2094.23
Fixation L	1	5	5531859651	5531919627	59976	561.75	43.54	16	33	-1	11.61	11.61
Fixation R	1	5	5531859651	5531919627	59976	561.75	43.54	16	33	-1	11.39	11.39
Saccade L	1	26	5531919627	5531943642	24015	553.20	55.01	682.34	182.02	3.71	354.05	0.50	154.54	13817.55	-10441.27	9083.41
Saccade R	1	26	5531919627	5531943642	24015	553.20	55.01	682.34	182.02	3.71	354.05	0.50	154.54	13817.55	-10441.27	9083.41
UserEvent	1	3	5531950008	# Message: UE-mouseclick left x=378 y=311
Saccade L	1	27	5531979626	5532035659	56033	563.23	40.09	543.48	76.18	7.69	356.23	0.50	137.28	8502.38	-13282.90	4834.43
Saccade R	1	27	5531979626	5532035659	56033	563.23	40.09	543.48	76.18	7.69	356.23	0.50	137.28	8502.38	-13282.90	4834.43
Saccade L	1	28	5532051721	5532075632	23911	546.91	83.77	547.67	117.69	0.68	44.40	0.50	28.39	1355.42	-1196.12	987.09
Saccade R	1	28	5532051721	5532075632	23911	546.91	83.77	547.67	117.69	0.68	44.40	0.50	28.39	1355.42	-1196.12	987.09
Fixation L	1	6	5532075632	5532259549	183917	536.17	111.62	35	57	-1	11.63	11.63
Fixation R	1	6	5532075632	5532259549	183917	536.17	111.62	35	57	-1	11.34	11.34
Saccade L	1	29	5532275633	5532307644	32011	658.48	215.01	556.31	258.96	3.98	228.50	0.50	124.25	4066.85	-10035.69	4857.75
Saccade R	1	29	5532275633	5532307644	32011	658.48	215.01	556.31	258.96	3.98	228.50	0.50	124.25	4066.85	-10035.69	4857.75
Fixation L	1	7	5532307644	5532459637	151993	547.84	282.71	34	40	-1	11.60	11.60
Fixation R	1	7	5532307644	5532459637	151993	547.84	282.71	34	40	-1	11.30	11.30
Saccade L	1	30	5532459637	5532483646	24009	523.23	276.72	536.53	241.16	0.92	72.38	0.50	38.29	2204.55	-2253.15	1659.63
Saccade R	1	30	5532459637	5532483646	24009	523.23	276.72	536.53	241.16	0.92	72.38	0.50	38.29	2204.55	-2253.15	1659.63
UserEvent	1	4	5532462020	# Message: UE-mouseclick left x=380 y=411
Saccade L	1	31	5532491633	5532523647	32014	547.28	226.37	542.34	272.54	0.90	42.31	0.38	28.05	1003.01	-1377.25	722.53
Saccade R	1	31	5532491633	5532523647	32014	547.28	226.37	542.34	272.54	0.90	42.31	0.38	28.05	1003.01	-1377.25	722.53
Fixation L	1	8	5532523647	5532595642	71995	539.06	274.62	6	27	-1	11.48	11.48
Fixation R	1	8	5532523647	5532595642	71995	539.06	274.62	6	27	-1	11.39	11.39
Saccade L	1	32	5532595642	5532615640	19998	536.77	256.17	548.18	228.51	0.59	49.29	0.60	29.31	1482.58	-1646.98	1156.30
Saccade R	1	32	5532595642	5532615640	19998	536.77	256.17	548.18	228.51	0.59	49.29	0.60	29.31	1482.58	-1646.98	1156.30
Fixation L	1	9	5532643674	5532775645	131971	545.58	238.55	10	67	-1	11.51	11.51
Fixation R	1	9	5532643674	5532775645	131971	545.58	238.55	10	67	-1	11.15	11.15
UserEvent	1	5	5532645998	# Message: UE-mouseclick left x=380 y=388
