[BeGaze]
Converted from:	D:\Kirillov\Results\ermolova_temp\Dima-eye_data.idf
Date:	17.04.2019 03:53:56
Version:	BeGaze 3.0.181
Sample Rate:	250
Subject:	Dima
Description:	Run33

Table Header for Fixations:
Event Type	Trial	Number	Start	End	Duration	Location X	Location Y	Dispersion X	Dispersion Y	Plane	Avg. Pupil Size X	Avg. Pupil Size Y

Table Header for Saccades:
Event Type	Trial	Number	Start	End	Duration	Start Loc.X	Start Loc.Y	End Loc.X	End Loc.Y	Amplitude	Peak Speed	Peak Speed At	Average Speed	Peak Accel.	Peak Decel.	Average Accel.

Table Header for User Events:
Event Type	Trial	Number	Start	Description

UserEvent	1	1	759785861	# Message: experiment-07.jpg
Fixation L	1	1	759788639	759988652	200013	390.77	452.19	17	46	-1	15.64	15.64
Fixation R	1	1	759788639	759988652	200013	390.77	452.19	17	46	-1	16.14	16.14
Saccade L	1	1	759988652	760036644	47992	396.69	428.27	785.68	625.25	9.63	416.75	0.42	200.66	20160.44	-15763.09	12166.92
Saccade R	1	1	759988652	760036644	47992	396.69	428.27	785.68	625.25	9.63	416.75	0.42	200.66	20160.44	-15763.09	12166.92
Fixation L	1	2	760036644	760148647	112003	769.54	611.39	35	33	-1	15.57	15.57
Fixation R	1	2	760036644	760148647	112003	769.54	611.39	35	33	-1	16.42	16.42
Saccade L	1	2	760148647	760196658	48011	747.68	595.25	1151.99	433.78	9.35	390.91	0.50	194.79	17311.13	-16588.63	11638.30
Saccade R	1	2	760148647	760196658	48011	747.68	595.25	1151.99	433.78	9.35	390.91	0.50	194.79	17311.13	-16588.63	11638.30
Fixation L	1	3	760196658	760472661	276003	1130.31	438.36	35	37	-1	14.69	14.69
Fixation R	1	3	760196658	760472661	276003	1130.31	438.36	35	37	-1	15.74	15.74
Saccade L	1	3	760472661	760548681	76020	1119.05	458.19	816.05	838.25	11.97	396.38	0.32	157.40	17720.53	-11917.01	8165.28
Saccade R	1	3	760472661	760548681	76020	1119.05	458.19	816.05	838.25	11.97	396.38	0.32	157.40	17720.53	-11917.01	8165.28
Fixation L	1	4	760548681	760652667	103986	841.02	829.76	39	19	-1	14.26	14.26
Fixation R	1	4	760548681	760652667	103986	841.02	829.76	39	19	-1	15.00	15.00
Saccade L	1	4	760652667	760704675	52008	849.78	838.28	826.24	769.57	1.81	58.79	0.46	34.83	1982.90	-1278.22	1144.93
Saccade R	1	4	760652667	760704675	52008	849.78	838.28	826.24	769.57	1.81	58.79	0.46	34.83	1982.90	-1278.22	1144.93
Fixation L	1	5	760704675	760768662	63987	834.05	748.36	20	37	-1	13.94	13.94
Fixation R	1	5	760704675	760768662	63987	834.05	748.36	20	37	-1	15.04	15.04
Saccade L	1	5	760768662	760808666	40004	846.28	734.01	737.03	859.04	3.58	196.70	0.40	89.51	9414.18	-8873.52	6195.39
Saccade R	1	5	760768662	760808666	40004	846.28	734.01	737.03	859.04	3.58	196.70	0.40	89.51	9414.18	-8873.52	6195.39
Fixation L	1	6	760808666	760908688	100022	733.51	856.71	11	21	-1	14.02	14.02
Fixation R	1	6	760808666	760908688	100022	733.51	856.71	11	21	-1	14.83	14.83
Saccade L	1	6	760908688	760928642	19954	729.41	839.67	724.88	820.75	0.49	42.66	0.60	24.37	1143.89	-1261.69	776.12
Saccade R	1	6	760908688	760928642	19954	729.41	839.67	724.88	820.75	0.49	42.66	0.60	24.37	1143.89	-1261.69	776.12
Fixation L	1	7	760928642	761036554	107912	738.60	843.98	31	45	-1	14.06	14.06
Fixation R	1	7	760928642	761036554	107912	738.60	843.98	31	45	-1	14.63	14.63
Saccade L	1	7	761036554	761084548	47994	753.92	848.90	734.72	937.14	1.87	69.39	0.33	38.96	3004.71	-1783.85	1630.75
Saccade R	1	7	761036554	761084548	47994	753.92	848.90	734.72	937.14	1.87	69.39	0.33	38.96	3004.71	-1783.85	1630.75
Fixation L	1	8	761084548	761388554	304006	734.08	911.91	32	47	-1	14.15	14.15
Fixation R	1	8	761084548	761388554	304006	734.08	911.91	32	47	-1	14.78	14.78
Saccade L	1	8	761388554	761444552	55998	715.31	911.33	681.69	411.39	11.03	345.92	0.50	197.03	14722.86	-13944.33	9721.47
Saccade R	1	8	761388554	761444552	55998	715.31	911.33	681.69	411.39	11.03	345.92	0.50	197.03	14722.86	-13944.33	9721.47
Fixation L	1	9	761444552	761568575	124023	687.16	430.86	15	46	-1	14.06	14.06
Fixation R	1	9	761444552	761568575	124023	687.16	430.86	15	46	-1	14.57	14.57
Saccade L	1	9	761568575	761620583	52008	699.62	442.80	1067.32	383.26	8.13	353.53	0.38	156.32	16872.02	-11584.43	9218.16
Saccade R	1	9	761568575	761620583	52008	699.62	442.80	1067.32	383.26	8.13	353.53	0.38	156.32	16872.02	-11584.43	9218.16
Saccade L	1	10	761620583	761652571	31988	1067.32	383.26	1023.44	360.29	1.01	45.38	0.37	31.48	1209.66	-1713.40	1083.29
Saccade R	1	10	761620583	761652571	31988	1067.32	383.26	1023.44	360.29	1.01	45.38	0.37	31.48	1209.66	-1713.40	1083.29
Fixation L	1	10	761652571	761768582	116011	1020.28	367.08	21	22	-1	13.91	13.91
Fixation R	1	10	761652571	761768582	116011	1020.28	367.08	21	22	-1	14.53	14.53
Saccade L	1	11	761768582	761820563	51981	1033.35	382.66	1229.33	346.08	4.89	234.83	0.31	94.04	11002.93	-9739.96	5782.93
Saccade R	1	11	761768582	761820563	51981	1033.35	382.66	1229.33	346.08	4.89	234.83	0.31	94.04	11002.93	-9739.96	5782.93
Fixation L	1	11	761820563	762032590	212027	1203.58	349.71	40	14	-1	13.82	13.82
Fixation R	1	11	761820563	762032590	212027	1203.58	349.71	40	14	-1	14.57	14.57
Saccade L	1	12	762032590	762084561	51971	1205.72	347.76	1089.74	399.72	2.75	84.49	0.46	52.89	3384.37	-3032.62	2234.20
Saccade R	1	12	762032590	762084561	51971	1205.72	347.76	1089.74	399.72	2.75	84.49	0.46	52.89	3384.37	-3032.62	2234.20
Fixation L	1	12	762084561	762172587	88026	1088.00	386.20	24	30	-1	13.98	13.98
Fixation R	1	12	762084561	762172587	88026	1088.00	386.20	24	30	-1	14.56	14.56
Saccade L	1	13	762172587	762216570	43983	1072.33	376.34	1228.44	377.16	3.21	168.85	0.27	72.97	7758.55	-5181.92	3918.93
Saccade R	1	13	762172587	762216570	43983	1072.33	376.34	1228.44	377.16	3.21	168.85	0.27	72.97	7758.55	-5181.92	3918.93
Fixation L	1	13	762232580	762484447	251867	1199.77	374.55	30	62	-1	13.60	13.60
Fixation R	1	13	762232580	762484447	251867	1199.77	374.55	30	62	-1	14.27	14.27
Saccade L	1	14	762484447	762564446	79999	1215.85	351.84	794.97	907.92	15.98	469.14	0.35	199.70	19299.97	-16589.44	9644.17
Saccade R	1	14	762484447	762564446	79999	1215.85	351.84	794.97	907.92	15.98	469.14	0.35	199.70	19299.97	-16589.44	9644.17
Fixation L	1	14	762564446	762732472	168026	822.80	873.09	46	54	-1	14.08	14.08
Fixation R	1	14	762564446	762732472	168026	822.80	873.09	46	54	-1	14.34	14.34
Saccade L	1	15	762732472	762772452	39980	821.87	863.01	756.65	911.15	1.83	99.59	0.30	45.70	3914.51	-2655.67	2095.54
Saccade R	1	15	762732472	762772452	39980	821.87	863.01	756.65	911.15	1.83	99.59	0.30	45.70	3914.51	-2655.67	2095.54
Fixation L	1	15	762772452	762832466	60014	752.07	914.89	10	8	-1	14.26	14.26
Fixation R	1	15	762772452	762832466	60014	752.07	914.89	10	8	-1	14.51	14.51
Saccade L	1	16	762892475	762928483	36008	757.60	911.13	843.88	907.73	1.71	92.60	0.44	47.44	3960.44	-3769.18	2756.82
Saccade R	1	16	762892475	762928483	36008	757.60	911.13	843.88	907.73	1.71	92.60	0.44	47.44	3960.44	-3769.18	2756.82
Fixation L	1	16	762928483	763056475	127992	835.11	919.15	28	20	-1	14.28	14.28
Fixation R	1	16	762928483	763056475	127992	835.11	919.15	28	20	-1	14.36	14.36
Saccade L	1	17	763056475	763116459	59984	827.04	915.83	1190.65	309.76	15.61	523.97	0.40	260.27	24798.93	-20694.70	14530.53
Saccade R	1	17	763056475	763116459	59984	827.04	915.83	1190.65	309.76	15.61	523.97	0.40	260.27	24798.93	-20694.70	14530.53
Fixation L	1	17	763116459	763304476	188017	1166.33	346.32	38	55	-1	14.01	14.01
Fixation R	1	17	763116459	763304476	188017	1166.33	346.32	38	55	-1	14.45	14.45
Saccade L	1	18	763304476	763336465	31989	1156.15	365.35	1227.63	351.74	1.52	89.34	0.38	47.65	4352.62	-3520.09	2837.41
Saccade R	1	18	763304476	763336465	31989	1156.15	365.35	1227.63	351.74	1.52	89.34	0.38	47.65	4352.62	-3520.09	2837.41
Fixation L	1	18	763336465	763612476	276011	1225.85	326.04	29	34	-1	13.66	13.66
Fixation R	1	18	763336465	763612476	276011	1225.85	326.04	29	34	-1	14.25	14.25
Saccade L	1	19	763612476	763676500	64024	1232.56	313.58	827.64	803.96	14.85	557.24	0.38	231.88	25714.04	-18088.47	13184.29
Saccade R	1	19	763612476	763676500	64024	1232.56	313.58	827.64	803.96	14.85	557.24	0.38	231.88	25714.04	-18088.47	13184.29
Fixation L	1	19	763676500	763940373	263873	836.42	791.61	29	85	-1	13.86	13.86
Fixation R	1	19	763676500	763940373	263873	836.42	791.61	29	85	-1	14.33	14.33
Saccade L	1	20	763940373	763980360	39987	820.69	826.22	949.37	807.86	2.84	185.64	0.30	70.95	7661.26	-6815.61	4298.79
Saccade R	1	20	763940373	763980360	39987	820.69	826.22	949.37	807.86	2.84	185.64	0.30	70.95	7661.26	-6815.61	4298.79
Fixation L	1	20	763980360	764120392	140032	940.49	792.32	29	24	-1	13.80	13.80
Fixation R	1	20	763980360	764120392	140032	940.49	792.32	29	24	-1	14.40	14.40
Saccade L	1	21	764120392	764168360	47968	934.21	793.72	1230.46	311.74	12.21	479.60	0.42	254.53	22775.50	-18290.68	14545.92
Saccade R	1	21	764120392	764168360	47968	934.21	793.72	1230.46	311.74	12.21	479.60	0.42	254.53	22775.50	-18290.68	14545.92
Fixation L	1	21	764168360	764444366	276006	1202.97	345.60	44	71	-1	13.69	13.69
Fixation R	1	21	764168360	764444366	276006	1202.97	345.60	44	71	-1	14.38	14.38
Saccade L	1	22	764444366	764476365	31999	1193.90	379.95	1248.50	351.20	1.42	75.24	0.63	44.22	2953.65	-2938.56	2263.10
Saccade R	1	22	764444366	764476365	31999	1193.90	379.95	1248.50	351.20	1.42	75.24	0.63	44.22	2953.65	-2938.56	2263.10
Fixation L	1	22	764476365	765276753	800388	718.78	188.66	1539	357	-1	12.35	12.35
Fixation R	1	22	764476365	765276753	800388	718.78	188.66	1539	357	-1	12.30	12.33
Fixation L	1	23	765372286	765464279	91993	903.40	695.57	10	17	-1	15.11	15.11
Fixation R	1	23	765372286	765464279	91993	903.40	695.57	10	17	-1	15.72	15.72
Saccade L	1	23	765464279	765504271	39992	913.18	699.98	690.97	822.98	5.82	281.47	0.50	145.44	13273.59	-12517.45	9487.18
Saccade R	1	23	765464279	765504271	39992	913.18	699.98	690.97	822.98	5.82	281.47	0.50	145.44	13273.59	-12517.45	9487.18
Fixation L	1	24	765504271	765712289	208018	713.65	811.51	62	31	-1	15.33	15.33
Fixation R	1	24	765504271	765712289	208018	713.65	811.51	62	31	-1	16.02	16.02
Saccade L	1	24	765728278	765756274	27996	729.27	793.34	0.00	0.00	23.10	2216.11	0.57	824.94	89165.58	-93799.53	64251.25
Saccade R	1	24	765728278	765756274	27996	729.27	793.34	0.00	0.00	23.10	2216.11	0.57	824.94	89165.58	-93799.53	64251.25
Fixation L	1	25	765756274	766372300	616026	0.00	0.00	0	0	-1	14.41	14.41
Fixation R	1	25	765756274	766372300	616026	0.00	0.00	0	0	-1	14.14	14.14
Saccade L	1	25	766448311	766500227	51916	919.40	800.85	912.72	926.96	2.65	104.14	0.54	50.96	4238.65	-4257.69	2643.42
Saccade R	1	25	766448311	766500227	51916	919.40	800.85	912.72	926.96	2.65	104.14	0.54	50.96	4238.65	-4257.69	2643.42
Saccade L	1	26	766524301	766560184	35883	921.84	933.28	906.33	830.63	2.23	127.72	0.33	62.02	5602.87	-5141.44	3722.08
Saccade R	1	26	766524301	766560184	35883	921.84	933.28	906.33	830.63	2.23	127.72	0.33	62.02	5602.87	-5141.44	3722.08
Fixation L	1	26	766560184	766620164	59980	902.43	834.76	15	20	-1	16.42	16.42
Fixation R	1	26	766560184	766620164	59980	902.43	834.76	15	20	-1	16.87	16.87
Saccade L	1	27	766620164	766660189	40025	904.66	844.96	881.29	788.80	1.27	54.22	0.50	31.65	1783.93	-1778.34	1203.09
Saccade R	1	27	766620164	766660189	40025	904.66	844.96	881.29	788.80	1.27	54.22	0.50	31.65	1783.93	-1778.34	1203.09
Fixation L	1	27	766660189	766772224	112035	870.24	792.02	18	12	-1	16.04	16.04
Fixation R	1	27	766660189	766772224	112035	870.24	792.02	18	12	-1	16.86	16.86
Saccade L	1	28	766772224	766816173	43949	878.32	801.78	794.12	820.37	1.86	95.66	0.27	42.43	2871.29	-2289.11	1725.53
Saccade R	1	28	766772224	766816173	43949	878.32	801.78	794.12	820.37	1.86	95.66	0.27	42.43	2871.29	-2289.11	1725.53
Fixation L	1	28	766816173	767164182	348009	748.90	827.36	102	41	-1	15.13	15.13
Fixation R	1	28	766816173	767164182	348009	748.90	827.36	102	41	-1	15.85	15.85
Saccade L	1	29	767164182	767200203	36021	702.91	831.43	738.82	793.17	1.21	50.75	0.67	33.54	1656.62	-2045.25	1412.82
Saccade R	1	29	767164182	767200203	36021	702.91	831.43	738.82	793.17	1.21	50.75	0.67	33.54	1656.62	-2045.25	1412.82
Fixation L	1	29	767200203	767476211	276008	737.30	802.26	21	81	-1	14.79	14.79
Fixation R	1	29	767200203	767476211	276008	737.30	802.26	21	81	-1	15.35	15.35
Saccade L	1	30	767476211	767516198	39987	742.76	826.13	897.74	894.13	3.55	195.24	0.50	88.86	9011.50	-8789.87	6131.82
Saccade R	1	30	767476211	767516198	39987	742.76	826.13	897.74	894.13	3.55	195.24	0.50	88.86	9011.50	-8789.87	6131.82
Fixation L	1	30	767516198	767616205	100007	884.24	882.08	28	35	-1	14.80	14.80
Fixation R	1	30	767516198	767616205	100007	884.24	882.08	28	35	-1	15.35	15.35
Saccade L	1	31	767616205	767648190	31985	877.56	861.85	858.56	911.18	1.15	49.35	0.38	35.85	1535.71	-1526.59	1095.84
Saccade R	1	31	767616205	767648190	31985	877.56	861.85	858.56	911.18	1.15	49.35	0.38	35.85	1535.71	-1526.59	1095.84
Fixation L	1	31	767648190	767872209	224019	848.03	903.48	20	32	-1	14.75	14.75
Fixation R	1	31	767648190	767872209	224019	848.03	903.48	20	32	-1	15.22	15.22
Saccade L	1	32	767872209	767904186	31977	851.24	891.86	909.86	786.93	2.33	138.48	0.50	72.96	6090.56	-6330.25	4545.97
Saccade R	1	32	767872209	767904186	31977	851.24	891.86	909.86	786.93	2.33	138.48	0.50	72.96	6090.56	-6330.25	4545.97
Fixation L	1	32	767904186	768436088	531902	897.37	807.87	40	62	-1	14.63	14.63
Fixation R	1	32	767904186	768436088	531902	897.37	807.87	40	62	-1	15.15	15.15
Saccade L	1	33	768436088	768468087	31999	903.37	808.92	835.17	815.01	1.38	82.42	0.50	43.19	3742.77	-3093.78	2496.43
Saccade R	1	33	768436088	768468087	31999	903.37	808.92	835.17	815.01	1.38	82.42	0.50	43.19	3742.77	-3093.78	2496.43
Fixation L	1	33	768468087	768608099	140012	825.50	815.84	16	15	-1	14.35	14.35
Fixation R	1	33	768468087	768608099	140012	825.50	815.84	16	15	-1	14.82	14.82
Saccade L	1	34	768608099	768656101	48002	825.30	817.25	647.57	801.33	4.09	219.39	0.42	85.28	9207.37	-8050.66	5516.42
Saccade R	1	34	768608099	768656101	48002	825.30	817.25	647.57	801.33	4.09	219.39	0.42	85.28	9207.37	-8050.66	5516.42
Fixation L	1	34	768656101	768880085	223984	658.72	828.66	47	47	-1	14.38	14.38
Fixation R	1	34	768656101	768880085	223984	658.72	828.66	47	47	-1	14.74	14.74
Saccade L	1	35	768880085	768952096	72011	661.65	823.44	412.96	317.60	12.86	352.56	0.39	178.60	16365.89	-10099.68	7357.58
Saccade R	1	35	768880085	768952096	72011	661.65	823.44	412.96	317.60	12.86	352.56	0.39	178.60	16365.89	-10099.68	7357.58
