[BeGaze]
Converted from:	D:\Kirillov\Results\ermolova_temp\georgy-eye_data.idf
Date:	17.04.2019 03:52:25
Version:	BeGaze 3.0.181
Sample Rate:	250
Subject:	georgy
Description:	Run5

Table Header for Fixations:
Event Type	Trial	Number	Start	End	Duration	Location X	Location Y	Dispersion X	Dispersion Y	Plane	Avg. Pupil Size X	Avg. Pupil Size Y

Table Header for Saccades:
Event Type	Trial	Number	Start	End	Duration	Start Loc.X	Start Loc.Y	End Loc.X	End Loc.Y	Amplitude	Peak Speed	Peak Speed At	Average Speed	Peak Accel.	Peak Decel.	Average Accel.

Table Header for User Events:
Event Type	Trial	Number	Start	Description

UserEvent	1	1	3033006859	# Message: experiment-15.jpg
Fixation L	1	1	3033010446	3033138443	127997	419.11	419.97	14	23	-1	17.57	17.57
Fixation R	1	1	3033010446	3033138443	127997	419.11	419.97	14	23	-1	17.45	17.45
Saccade L	1	1	3033138443	3033174476	36033	421.84	431.42	448.38	299.50	3.07	218.62	0.33	85.16	9547.03	-7433.40	5144.44
Saccade R	1	1	3033138443	3033174476	36033	421.84	431.42	448.38	299.50	3.07	218.62	0.33	85.16	9547.03	-7433.40	5144.44
Fixation L	1	2	3033174476	3033414453	239977	424.11	296.74	40	20	-1	17.34	17.34
Fixation R	1	2	3033174476	3033414453	239977	424.11	296.74	40	20	-1	17.61	17.61
Saccade L	1	2	3033414453	3033470466	56013	409.31	291.85	895.22	448.20	11.00	350.52	0.50	196.47	14134.21	-12895.16	9337.94
Saccade R	1	2	3033414453	3033470466	56013	409.31	291.85	895.22	448.20	11.00	350.52	0.50	196.47	14134.21	-12895.16	9337.94
Fixation L	1	3	3033470466	3033614320	143854	884.56	449.35	27	13	-1	16.08	16.08
Fixation R	1	3	3033470466	3033614320	143854	884.56	449.35	27	13	-1	16.29	16.29
Saccade L	1	3	3033614320	3033654333	40013	880.29	446.66	917.44	482.30	1.09	49.22	0.30	27.32	2196.40	-1215.99	970.18
Saccade R	1	3	3033614320	3033654333	40013	880.29	446.66	917.44	482.30	1.09	49.22	0.30	27.32	2196.40	-1215.99	970.18
Fixation L	1	4	3033654333	3033802384	148051	902.13	491.13	24	11	-1	15.98	15.98
Fixation R	1	4	3033654333	3033802384	148051	902.13	491.13	24	11	-1	16.15	16.15
Saccade L	1	4	3033802384	3033842356	39972	900.17	488.50	962.41	531.08	1.67	89.68	0.40	41.77	3694.41	-3314.05	2300.15
Saccade R	1	4	3033802384	3033842356	39972	900.17	488.50	962.41	531.08	1.67	89.68	0.40	41.77	3694.41	-3314.05	2300.15
Fixation L	1	5	3033842356	3034030337	187981	974.97	542.02	37	19	-1	15.48	15.48
Fixation R	1	5	3033842356	3034030337	187981	974.97	542.02	37	19	-1	15.65	15.65
Saccade L	1	5	3034030337	3034058343	28006	948.30	548.27	956.39	491.11	1.22	77.55	0.43	43.54	2895.44	-2567.24	2066.30
Saccade R	1	5	3034030337	3034058343	28006	948.30	548.27	956.39	491.11	1.22	77.55	0.43	43.54	2895.44	-2567.24	2066.30
Fixation L	1	6	3034058343	3034186349	128006	972.48	476.63	19	19	-1	15.33	15.33
Fixation R	1	6	3034058343	3034186349	128006	972.48	476.63	19	19	-1	15.58	15.58
Saccade L	1	6	3034186349	3034246345	59996	970.70	479.43	382.46	181.05	14.41	435.26	0.33	240.15	21040.31	-17578.30	12126.73
Saccade R	1	6	3034186349	3034246345	59996	970.70	479.43	382.46	181.05	14.41	435.26	0.33	240.15	21040.31	-17578.30	12126.73
Fixation L	1	7	3034246345	3034686333	439988	443.23	212.70	73	69	-1	15.24	15.24
Fixation R	1	7	3034246345	3034686333	439988	443.23	212.70	73	69	-1	15.34	15.34
Saccade L	1	7	3034686333	3034722337	36004	457.13	223.42	473.41	309.10	1.86	102.05	0.44	51.79	4184.59	-4103.34	2999.81
Saccade R	1	7	3034686333	3034722337	36004	457.13	223.42	473.41	309.10	1.86	102.05	0.44	51.79	4184.59	-4103.34	2999.81
Fixation L	1	8	3034722337	3035030234	307897	476.75	305.95	21	22	-1	16.03	16.03
Fixation R	1	8	3034722337	3035030234	307897	476.75	305.95	21	22	-1	16.23	16.23
Saccade L	1	8	3035030234	3035082233	51999	479.43	303.17	867.04	443.91	8.91	387.01	0.54	171.38	18032.67	-16801.21	11305.82
Saccade R	1	8	3035030234	3035082233	51999	479.43	303.17	867.04	443.91	8.91	387.01	0.54	171.38	18032.67	-16801.21	11305.82
Fixation L	1	9	3035082233	3035306233	224000	861.21	451.38	405	83	-1	16.91	16.91
Fixation R	1	9	3035082233	3035306233	224000	861.21	451.38	405	83	-1	17.33	17.33
