[BeGaze]
Converted from:	D:\Kirillov\Results\ermolova_temp\Ignat2-eye_data.idf
Date:	17.04.2019 03:54:17
Version:	BeGaze 3.0.181
Sample Rate:	250
Subject:	Ignat2
Description:	Run37

Table Header for Fixations:
Event Type	Trial	Number	Start	End	Duration	Location X	Location Y	Dispersion X	Dispersion Y	Plane	Avg. Pupil Size X	Avg. Pupil Size Y

Table Header for Saccades:
Event Type	Trial	Number	Start	End	Duration	Start Loc.X	Start Loc.Y	End Loc.X	End Loc.Y	Amplitude	Peak Speed	Peak Speed At	Average Speed	Peak Accel.	Peak Decel.	Average Accel.

Table Header for User Events:
Event Type	Trial	Number	Start	Description

UserEvent	1	1	5622488763	# Message: Questionnaire20.jpg
Saccade L	1	1	5622489594	5622509594	20000	595.93	140.65	601.93	101.11	0.72	66.52	0.60	36.12	0.00	-2626.29	701.65
Saccade R	1	1	5622489594	5622509594	20000	595.93	140.65	601.93	101.11	0.72	66.52	0.60	36.12	0.00	-2626.29	701.65
Fixation L	1	1	5622509594	5622673599	164005	596.10	101.18	19	34	-1	11.38	11.38
Fixation R	1	1	5622509594	5622673599	164005	596.10	101.18	19	34	-1	10.95	10.95
Saccade L	1	2	5622689614	5622721598	31984	604.81	83.34	595.30	94.79	1.33	74.00	0.25	41.69	1408.06	-1598.14	847.20
Saccade R	1	2	5622689614	5622721598	31984	604.81	83.34	595.30	94.79	1.33	74.00	0.25	41.69	1408.06	-1598.14	847.20
Saccade L	1	3	5622721598	5622741610	20012	595.30	94.79	589.92	111.30	0.60	51.68	0.40	29.97	1448.77	-1288.25	1022.53
Saccade R	1	3	5622721598	5622741610	20012	595.30	94.79	589.92	111.30	0.60	51.68	0.40	29.97	1448.77	-1288.25	1022.53
Saccade L	1	4	5622857601	5622933516	75915	776.95	166.30	537.84	113.47	9.69	374.19	0.68	127.66	12579.07	-14174.44	5355.71
Saccade R	1	4	5622857601	5622933516	75915	776.95	166.30	537.84	113.47	9.69	374.19	0.68	127.66	12579.07	-14174.44	5355.71
Saccade L	1	5	5622933516	5623001598	68082	537.84	113.47	713.51	147.96	7.46	395.11	0.41	109.59	12106.87	-13949.82	5946.61
Saccade R	1	5	5622933516	5623001598	68082	537.84	113.47	713.51	147.96	7.46	395.11	0.41	109.59	12106.87	-13949.82	5946.61
Saccade L	1	6	5623017605	5623045602	27997	711.95	143.76	558.93	85.81	3.30	319.29	0.71	117.77	12688.25	-6157.33	6414.88
Saccade R	1	6	5623017605	5623045602	27997	711.95	143.76	558.93	85.81	3.30	319.29	0.71	117.77	12688.25	-6157.33	6414.88
Saccade L	1	7	5623117477	5623177474	59997	579.17	52.61	703.67	195.82	8.97	376.30	0.47	149.48	13174.13	-13100.75	5913.38
Saccade R	1	7	5623117477	5623177474	59997	579.17	52.61	703.67	195.82	8.97	376.30	0.47	149.48	13174.13	-13100.75	5913.38
Saccade L	1	8	5623209495	5623229488	19993	701.85	204.95	717.89	193.90	0.53	40.77	0.40	26.49	1195.48	-953.27	824.54
Saccade R	1	8	5623209495	5623229488	19993	701.85	204.95	717.89	193.90	0.53	40.77	0.40	26.49	1195.48	-953.27	824.54
Saccade L	1	9	5623277488	5623305510	28022	720.55	168.10	755.49	119.81	1.18	72.07	0.57	41.93	11101.18	-505.85	3481.56
Saccade R	1	9	5623277488	5623305510	28022	720.55	168.10	755.49	119.81	1.18	72.07	0.57	41.93	11101.18	-505.85	3481.56
Saccade L	1	10	5623305510	5623345483	39973	755.49	119.81	586.84	155.86	4.42	329.97	0.30	110.54	11495.84	-11845.59	6606.99
Saccade R	1	10	5623305510	5623345483	39973	755.49	119.81	586.84	155.86	4.42	329.97	0.30	110.54	11495.84	-11845.59	6606.99
Saccade L	1	11	5623381504	5623401479	19975	573.59	102.28	565.34	101.54	1.42	133.60	0.40	70.85	4241.33	-5663.73	2964.01
Saccade R	1	11	5623381504	5623401479	19975	573.59	102.28	565.34	101.54	1.42	133.60	0.40	70.85	4241.33	-5663.73	2964.01
Saccade L	1	12	5623409483	5623429500	20017	565.12	104.61	554.58	126.77	0.59	49.39	0.60	29.48	1235.64	-1882.25	1159.43
Saccade R	1	12	5623409483	5623429500	20017	565.12	104.61	554.58	126.77	0.59	49.39	0.60	29.48	1235.64	-1882.25	1159.43
Fixation L	1	2	5623473497	5623545498	72001	580.88	111.80	139	154	-1	11.68	11.68
Fixation R	1	2	5623473497	5623545498	72001	580.88	111.80	139	154	-1	11.40	11.40
Saccade L	1	13	5623545498	5623565486	19988	573.25	102.51	544.09	82.41	0.76	59.80	0.40	37.93	2597.70	-588.66	1168.36
Saccade R	1	13	5623545498	5623565486	19988	573.25	102.51	544.09	82.41	0.76	59.80	0.40	37.93	2597.70	-588.66	1168.36
Saccade L	1	14	5623565486	5623585483	19997	544.09	82.41	522.95	117.64	0.63	51.36	0.40	31.41	-235.57	-1714.05	834.58
Saccade R	1	14	5623565486	5623585483	19997	544.09	82.41	522.95	117.64	0.63	51.36	0.40	31.41	-235.57	-1714.05	834.58
Saccade L	1	15	5623637501	5623689490	51989	631.87	277.83	487.27	139.14	3.66	41.45	0.46	70.47	976.09	-11063.30	3269.84
Saccade R	1	15	5623637501	5623689490	51989	631.87	277.83	487.27	139.14	3.66	41.45	0.46	70.47	976.09	-11063.30	3269.84
UserEvent	1	2	5623671979	# Message: UE-mouseclick left x=359 y=335
Fixation L	1	3	5623689490	5623797491	108001	501.23	162.07	26	31	-1	11.74	11.74
Fixation R	1	3	5623689490	5623797491	108001	501.23	162.07	26	31	-1	11.42	11.42
Saccade L	1	16	5623797491	5623829497	32006	512.36	163.84	519.02	124.05	0.94	49.50	0.50	29.36	1815.88	-1874.05	1348.38
Saccade R	1	16	5623797491	5623829497	32006	512.36	163.84	519.02	124.05	0.94	49.50	0.50	29.36	1815.88	-1874.05	1348.38
Saccade L	1	17	5623841494	5623877501	36007	519.24	114.34	501.22	194.90	1.68	79.95	0.33	46.72	3295.52	-2323.09	2056.50
Saccade R	1	17	5623841494	5623877501	36007	519.24	114.34	501.22	194.90	1.68	79.95	0.33	46.72	3295.52	-2323.09	2056.50
Saccade L	1	18	5623909415	5623933511	24096	500.11	195.01	506.02	161.66	0.71	45.77	0.34	29.67	2095.98	-1826.91	1434.63
Saccade R	1	18	5623909415	5623933511	24096	500.11	195.01	506.02	161.66	0.71	45.77	0.34	29.67	2095.98	-1826.91	1434.63
Saccade L	1	19	5623961503	5623997494	35991	501.68	144.73	515.47	227.23	1.64	87.37	0.33	45.45	3551.28	-2193.83	1476.20
Saccade R	1	19	5623961503	5623997494	35991	501.68	144.73	515.47	227.23	1.64	87.37	0.33	45.45	3551.28	-2193.83	1476.20
Fixation L	1	4	5623997494	5624117506	120012	531.55	242.58	31	43	-1	11.62	11.62
Fixation R	1	4	5623997494	5624117506	120012	531.55	242.58	31	43	-1	11.34	11.34
UserEvent	1	3	5624023979	# Message: UE-mouseclick left x=376 y=406
