[BeGaze]
Converted from:	D:\Kirillov\Results\ermolova_temp\Daniil-1-eye_data.idf
Date:	17.04.2019 03:54:38
Version:	BeGaze 3.0.181
Sample Rate:	250
Subject:	Daniil
Description:	Run41

Table Header for Fixations:
Event Type	Trial	Number	Start	End	Duration	Location X	Location Y	Dispersion X	Dispersion Y	Plane	Avg. Pupil Size X	Avg. Pupil Size Y

Table Header for Saccades:
Event Type	Trial	Number	Start	End	Duration	Start Loc.X	Start Loc.Y	End Loc.X	End Loc.Y	Amplitude	Peak Speed	Peak Speed At	Average Speed	Peak Accel.	Peak Decel.	Average Accel.

Table Header for User Events:
Event Type	Trial	Number	Start	Description

UserEvent	1	1	9986386471	# Message: experiment-02.jpg
Fixation L	1	1	9986386992	9986666994	280002	434.33	333.75	23	21	-1	14.85	14.85
Fixation R	1	1	9986386992	9986666994	280002	434.33	333.75	23	21	-1	14.93	14.93
Saccade L	1	1	9986666994	9986714980	47986	421.99	344.40	800.38	469.16	8.68	380.26	0.42	180.98	18113.53	-13241.19	10957.79
Saccade R	1	1	9986666994	9986714980	47986	421.99	344.40	800.38	469.16	8.68	380.26	0.42	180.98	18113.53	-13241.19	10957.79
Fixation L	1	2	9986714980	9986850984	136004	822.69	479.75	38	20	-1	14.87	14.87
Fixation R	1	2	9986714980	9986850984	136004	822.69	479.75	38	20	-1	15.07	15.07
Saccade L	1	2	9986850984	9986911000	60016	809.39	479.10	453.40	461.14	7.83	262.69	0.53	130.40	8224.67	-10380.22	6283.06
Saccade R	1	2	9986850984	9986911000	60016	809.39	479.10	453.40	461.14	7.83	262.69	0.53	130.40	8224.67	-10380.22	6283.06
Fixation L	1	3	9986911000	9987050987	139987	429.24	450.36	38	14	-1	13.70	13.70
Fixation R	1	3	9986911000	9987050987	139987	429.24	450.36	38	14	-1	13.81	13.81
Saccade L	1	3	9987050987	9987079081	28094	436.58	446.52	448.11	518.37	1.58	125.02	0.57	56.23	5762.18	-5612.61	4103.92
Saccade R	1	3	9987050987	9987079081	28094	436.58	446.52	448.11	518.37	1.58	125.02	0.57	56.23	5762.18	-5612.61	4103.92
Fixation L	1	4	9987079081	9987582880	503799	451.77	558.15	52	80	-1	13.42	13.42
Fixation R	1	4	9987079081	9987582880	503799	451.77	558.15	52	80	-1	13.38	13.38
Saccade L	1	4	9987582880	9987639094	56214	437.04	579.75	898.83	599.19	10.08	362.24	0.36	179.38	17500.61	-12662.33	10025.73
Saccade R	1	4	9987582880	9987639094	56214	437.04	579.75	898.83	599.19	10.08	362.24	0.36	179.38	17500.61	-12662.33	10025.73
Fixation L	1	5	9987639094	9987894893	255799	939.90	600.85	70	20	-1	13.76	13.76
Fixation R	1	5	9987639094	9987894893	255799	939.90	600.85	70	20	-1	13.97	13.97
Saccade L	1	5	9987894893	9987946885	51992	966.48	600.57	518.10	503.86	9.94	383.99	0.31	191.16	19032.42	-11459.78	10602.75
Saccade R	1	5	9987894893	9987946885	51992	966.48	600.57	518.10	503.86	9.94	383.99	0.31	191.16	19032.42	-11459.78	10602.75
Fixation L	1	6	9987946885	9988042902	96017	509.46	493.29	18	26	-1	13.56	13.56
Fixation R	1	6	9987946885	9988042902	96017	509.46	493.29	18	26	-1	13.43	13.43
Fixation L	1	7	9988210903	9988422906	212003	389.96	503.09	23	27	-1	12.97	12.97
Fixation R	1	7	9988210903	9988422906	212003	389.96	503.09	23	27	-1	12.86	12.86
Saccade L	1	6	9988422906	9988458895	35989	387.06	491.34	413.51	560.70	1.92	127.82	0.33	53.44	6068.30	-4963.19	3194.81
Saccade R	1	6	9988422906	9988458895	35989	387.06	491.34	413.51	560.70	1.92	127.82	0.33	53.44	6068.30	-4963.19	3194.81
Saccade L	1	7	9988506921	9988578914	71993	439.49	578.62	1041.35	534.54	13.39	440.99	0.28	185.93	21102.86	-15096.30	9577.43
Saccade R	1	7	9988506921	9988578914	71993	439.49	578.62	1041.35	534.54	13.39	440.99	0.28	185.93	21102.86	-15096.30	9577.43
Fixation L	1	8	9988578914	9988854928	276014	1057.42	540.42	24	16	-1	13.76	13.76
Fixation R	1	8	9988578914	9988854928	276014	1057.42	540.42	24	16	-1	13.83	13.83
Saccade L	1	8	9988854928	9988902913	47985	1054.66	546.29	1038.00	623.10	3.10	163.01	0.25	64.51	6960.40	-5117.49	3095.63
Saccade R	1	8	9988854928	9988902913	47985	1054.66	546.29	1038.00	623.10	3.10	163.01	0.25	64.51	6960.40	-5117.49	3095.63
Fixation L	1	9	9988902913	9989090785	187872	1033.03	632.43	20	25	-1	13.78	13.78
Fixation R	1	9	9988902913	9989090785	187872	1033.03	632.43	20	25	-1	13.66	13.66
Saccade L	1	9	9989090785	9989154785	64000	1044.17	651.13	409.31	593.01	14.14	445.06	0.31	221.01	21093.69	-11720.51	11245.22
Saccade R	1	9	9989090785	9989154785	64000	1044.17	651.13	409.31	593.01	14.14	445.06	0.31	221.01	21093.69	-11720.51	11245.22
Fixation L	1	10	9989154785	9989402788	248003	397.47	586.25	22	36	-1	13.51	13.51
Fixation R	1	10	9989154785	9989402788	248003	397.47	586.25	22	36	-1	13.23	13.23
Saccade L	1	10	9989402788	9989422789	20001	391.01	598.52	429.92	588.37	0.77	70.63	0.60	38.54	2787.67	-2504.45	1790.87
Saccade R	1	10	9989402788	9989422789	20001	391.01	598.52	429.92	588.37	0.77	70.63	0.60	38.54	2787.67	-2504.45	1790.87
Fixation L	1	11	9989514796	9989778803	264007	417.75	596.67	11	25	-1	13.69	13.69
Fixation R	1	11	9989514796	9989778803	264007	417.75	596.67	11	25	-1	13.66	13.66
Saccade L	1	11	9989778803	9989842806	64003	419.06	603.52	979.69	577.17	12.57	411.57	0.37	196.40	19537.00	-14321.18	10247.74
Saccade R	1	11	9989778803	9989842806	64003	419.06	603.52	979.69	577.17	12.57	411.57	0.37	196.40	19537.00	-14321.18	10247.74
Fixation L	1	12	9989842806	9989990808	148002	990.60	576.39	32	12	-1	13.91	13.91
Fixation R	1	12	9989842806	9989990808	148002	990.60	576.39	32	12	-1	14.17	14.17
Saccade L	1	12	9989990808	9990026803	35995	997.57	586.19	1024.85	501.13	2.35	164.26	0.33	65.16	7265.44	-6192.65	4197.94
Saccade R	1	12	9989990808	9990026803	35995	997.57	586.19	1024.85	501.13	2.35	164.26	0.33	65.16	7265.44	-6192.65	4197.94
Fixation L	1	13	9990026803	9990190808	164005	1040.82	496.80	31	27	-1	13.94	13.94
Fixation R	1	13	9990026803	9990190808	164005	1040.82	496.80	31	27	-1	14.13	14.13
Saccade L	1	13	9990190808	9990250816	60008	1057.75	481.36	410.14	634.94	14.67	504.93	0.33	244.53	24722.31	-14818.43	12711.59
Saccade R	1	13	9990190808	9990250816	60008	1057.75	481.36	410.14	634.94	14.67	504.93	0.33	244.53	24722.31	-14818.43	12711.59
Fixation L	1	14	9990250816	9990598723	347907	404.13	642.13	35	21	-1	13.58	13.58
Fixation R	1	14	9990250816	9990598723	347907	404.13	642.13	35	21	-1	13.50	13.50
Saccade L	1	14	9990598723	9990618696	19973	400.84	628.57	356.49	621.83	0.86	82.25	0.60	42.90	3344.46	-2866.93	2160.30
Saccade R	1	14	9990598723	9990618696	19973	400.84	628.57	356.49	621.83	0.86	82.25	0.60	42.90	3344.46	-2866.93	2160.30
Fixation L	1	15	9990618696	9991670722	1052026	350.57	617.25	37	24	-1	13.58	13.58
Fixation R	1	15	9990618696	9991670722	1052026	350.57	617.25	37	24	-1	13.87	13.87
Saccade L	1	15	9991670722	9991706729	36007	345.63	631.06	228.98	655.68	2.84	212.89	0.44	78.94	9846.37	-9140.32	6004.29
Saccade R	1	15	9991670722	9991706729	36007	345.63	631.06	228.98	655.68	2.84	212.89	0.44	78.94	9846.37	-9140.32	6004.29
Fixation L	1	16	9991706729	9991914598	207869	215.08	684.41	23	46	-1	14.16	14.16
Fixation R	1	16	9991706729	9991914598	207869	215.08	684.41	23	46	-1	14.01	14.01
Saccade L	1	16	9991914598	9991942625	28027	215.90	685.08	266.10	704.34	1.24	92.73	0.43	44.33	3944.19	-3254.73	2552.05
Saccade R	1	16	9991914598	9991942625	28027	215.90	685.08	266.10	704.34	1.24	92.73	0.43	44.33	3944.19	-3254.73	2552.05
Fixation L	1	17	9991942625	9992006594	63969	281.99	724.71	21	36	-1	14.08	14.08
Fixation R	1	17	9991942625	9992006594	63969	281.99	724.71	21	36	-1	14.12	14.12
Saccade L	1	17	9992006594	9992058620	52026	282.88	742.80	550.62	661.22	6.24	291.21	0.38	119.88	13118.35	-8777.21	6996.07
Saccade R	1	17	9992006594	9992058620	52026	282.88	742.80	550.62	661.22	6.24	291.21	0.38	119.88	13118.35	-8777.21	6996.07
Fixation L	1	18	9992058620	9992218610	159990	583.26	646.02	41	20	-1	13.87	13.87
Fixation R	1	18	9992058620	9992218610	159990	583.26	646.02	41	20	-1	13.89	13.89
Saccade L	1	18	9992218610	9992250608	31998	583.69	643.13	500.78	573.40	2.32	155.07	0.50	72.57	7347.02	-7008.06	5208.10
Saccade R	1	18	9992218610	9992250608	31998	583.69	643.13	500.78	573.40	2.32	155.07	0.50	72.57	7347.02	-7008.06	5208.10
Fixation L	1	19	9992250608	9992410617	160009	493.89	560.97	16	23	-1	13.44	13.44
Fixation R	1	19	9992250608	9992410617	160009	493.89	560.97	16	23	-1	13.22	13.22
Saccade L	1	19	9992410617	9992478636	68019	493.06	555.61	945.34	495.34	9.99	346.94	0.24	146.93	16819.34	-11819.01	7619.69
Saccade R	1	19	9992410617	9992478636	68019	493.06	555.61	945.34	495.34	9.99	346.94	0.24	146.93	16819.34	-11819.01	7619.69
Fixation L	1	20	9992478636	9992666613	187977	948.77	485.33	16	16	-1	12.95	12.95
Fixation R	1	20	9992478636	9992666613	187977	948.77	485.33	16	16	-1	12.99	12.99
Saccade L	1	20	9992666613	9992690618	24005	937.35	480.99	972.38	544.77	1.46	121.01	0.50	60.78	4811.18	-4955.96	3652.96
Saccade R	1	20	9992666613	9992690618	24005	937.35	480.99	972.38	544.77	1.46	121.01	0.50	60.78	4811.18	-4955.96	3652.96
Fixation L	1	21	9992690618	9992814612	123994	987.17	550.60	20	11	-1	12.84	12.84
Fixation R	1	21	9992690618	9992814612	123994	987.17	550.60	20	11	-1	12.79	12.79
Saccade L	1	21	9992814612	9992834620	20008	993.26	550.95	1052.62	556.99	1.15	123.51	0.60	57.60	5075.35	-4216.48	3238.91
Saccade R	1	21	9992814612	9992834620	20008	993.26	550.95	1052.62	556.99	1.15	123.51	0.60	57.60	5075.35	-4216.48	3238.91
Fixation L	1	22	9992834620	9993014621	180001	1050.90	565.59	31	22	-1	12.57	12.57
Fixation R	1	22	9992834620	9993142629	308009	705.19	383.58	1088	854	-1	9.76	9.75
Saccade L	1	22	9993254514	9993290635	36121	1122.61	542.81	1038.04	617.44	2.50	170.89	0.66	69.33	7378.44	-8017.74	4874.20
Saccade R	1	22	9993254514	9993290635	36121	1122.61	542.81	1038.04	617.44	2.50	170.89	0.66	69.33	7378.44	-8017.74	4874.20
Fixation L	1	23	9993290635	9993458511	167876	1039.16	632.51	34	28	-1	12.58	12.58
Fixation R	1	23	9993290635	9993458511	167876	1039.16	632.51	34	28	-1	12.38	12.38
Saccade L	1	23	9993458511	9993494507	35996	1050.57	649.16	1045.91	474.55	3.67	229.26	0.33	102.09	10071.33	-9156.24	6602.87
Saccade R	1	23	9993458511	9993494507	35996	1050.57	649.16	1045.91	474.55	3.67	229.26	0.33	102.09	10071.33	-9156.24	6602.87
Fixation L	1	24	9993494507	9993630525	136018	1047.13	465.91	23	16	-1	13.08	13.08
Fixation R	1	24	9993494507	9993630525	136018	1047.13	465.91	23	16	-1	12.90	12.90
Fixation L	1	25	9993766514	9993866512	99998	1140.15	458.56	11	20	-1	13.15	13.15
Fixation R	1	25	9993766514	9993866512	99998	1140.15	458.56	11	20	-1	12.95	12.95
Saccade L	1	24	9993990521	9994010545	20024	386.14	398.84	426.41	394.63	0.69	83.23	0.40	34.58	-558.20	-3096.24	2006.20
Saccade R	1	24	9993990521	9994010545	20024	386.14	398.84	426.41	394.63	0.69	83.23	0.40	34.58	-558.20	-3096.24	2006.20
Fixation L	1	26	9994010545	9994166520	155975	435.81	412.88	22	25	-1	13.44	13.44
Fixation R	1	26	9994010545	9994166520	155975	435.81	412.88	22	25	-1	13.03	13.03
Saccade L	1	25	9994166520	9994206522	40002	447.18	421.66	376.85	503.69	3.05	197.42	0.40	76.35	9076.67	-8059.40	5090.03
Saccade R	1	25	9994166520	9994206522	40002	447.18	421.66	376.85	503.69	3.05	197.42	0.40	76.35	9076.67	-8059.40	5090.03
Fixation L	1	27	9994222520	9994510529	288009	365.24	527.46	23	29	-1	13.90	13.90
Fixation R	1	27	9994222520	9994510529	288009	365.24	527.46	23	29	-1	13.89	13.89
Saccade L	1	26	9994510529	9994530524	19995	360.53	545.26	325.68	551.92	0.74	76.96	0.60	37.22	2635.41	-2260.18	1724.89
Saccade R	1	26	9994510529	9994530524	19995	360.53	545.26	325.68	551.92	0.74	76.96	0.60	37.22	2635.41	-2260.18	1724.89
Fixation L	1	28	9994530524	9994658402	127878	333.42	563.99	23	34	-1	14.31	14.31
Fixation R	1	28	9994530524	9994658402	127878	333.42	563.99	23	34	-1	14.35	14.35
Saccade L	1	27	9994658402	9994742562	84160	317.26	579.88	1063.17	511.48	16.88	457.40	0.29	200.55	21864.51	-16454.57	9181.28
Saccade R	1	27	9994658402	9994742562	84160	317.26	579.88	1063.17	511.48	16.88	457.40	0.29	200.55	21864.51	-16454.57	9181.28
Fixation L	1	29	9994742562	9995054431	311869	1046.63	513.62	52	35	-1	14.45	14.45
Fixation R	1	29	9994742562	9995054431	311869	1046.63	513.62	52	35	-1	14.69	14.69
Saccade L	1	28	9995054431	9995078413	23982	1033.41	503.37	960.67	491.62	1.40	121.58	0.50	58.35	4996.21	-5050.77	3718.72
Saccade R	1	28	9995054431	9995078413	23982	1033.41	503.37	960.67	491.62	1.40	121.58	0.50	58.35	4996.21	-5050.77	3718.72
Fixation L	1	30	9995078413	9995214433	136020	952.30	490.98	22	32	-1	14.15	14.15
Fixation R	1	30	9995078413	9995214433	136020	952.30	490.98	22	32	-1	14.05	14.05
Saccade L	1	29	9995214433	9995242424	27991	944.32	506.02	1062.40	494.91	2.33	161.26	0.57	83.30	7470.29	-7611.06	5682.28
Saccade R	1	29	9995214433	9995242424	27991	944.32	506.02	1062.40	494.91	2.33	161.26	0.57	83.30	7470.29	-7611.06	5682.28
Fixation L	1	31	9995242424	9995382422	139998	1073.62	490.60	24	22	-1	13.77	13.77
Fixation R	1	31	9995242424	9995382422	139998	1073.62	490.60	24	22	-1	13.58	13.58
Saccade L	1	30	9995382422	9995430422	48000	1069.59	483.00	1232.89	474.40	3.52	204.38	0.25	73.39	9925.35	-8610.82	4733.45
Saccade R	1	30	9995382422	9995430422	48000	1069.59	483.00	1232.89	474.40	3.52	204.38	0.25	73.39	9925.35	-8610.82	4733.45
Fixation L	1	32	9995430422	9995658445	228023	1236.55	475.88	27	13	-1	13.47	13.47
Fixation R	1	32	9995430422	9995658445	228023	1236.55	475.88	27	13	-1	13.32	13.32
Saccade L	1	31	9995658445	9995702445	44000	1243.99	477.48	1060.04	490.49	3.89	193.82	0.27	88.30	8390.20	-5182.47	4341.44
Saccade R	1	31	9995658445	9995702445	44000	1243.99	477.48	1060.04	490.49	3.89	193.82	0.27	88.30	8390.20	-5182.47	4341.44
Fixation L	1	33	9995702445	9995854430	151985	1048.50	486.76	21	11	-1	13.59	13.59
Fixation R	1	33	9995702445	9995854430	151985	1048.50	486.76	21	11	-1	13.28	13.28
Saccade L	1	32	9995854430	9995886431	32001	1058.96	491.57	971.60	494.40	2.58	221.71	0.38	80.78	9252.18	-7973.59	5172.70
Saccade R	1	32	9995854430	9995886431	32001	1058.96	491.57	971.60	494.40	2.58	221.71	0.38	80.78	9252.18	-7973.59	5172.70
Fixation L	1	34	9995886431	9996154308	267877	945.28	493.27	188	28	-1	13.46	13.46
Fixation R	1	34	9995886431	9996154308	267877	945.28	493.27	188	28	-1	13.13	13.13
