[BeGaze]
Converted from:	D:\Kirillov\Results\ermolova_temp\versh-eye_data.idf
Date:	17.04.2019 03:53:49
Version:	BeGaze 3.0.181
Sample Rate:	250
Subject:	versh
Description:	Run31

Table Header for Fixations:
Event Type	Trial	Number	Start	End	Duration	Location X	Location Y	Dispersion X	Dispersion Y	Plane	Avg. Pupil Size X	Avg. Pupil Size Y

Table Header for Saccades:
Event Type	Trial	Number	Start	End	Duration	Start Loc.X	Start Loc.Y	End Loc.X	End Loc.Y	Amplitude	Peak Speed	Peak Speed At	Average Speed	Peak Accel.	Peak Decel.	Average Accel.

Table Header for User Events:
Event Type	Trial	Number	Start	Description

UserEvent	1	1	8200436570	# Message: experiment-15.jpg
Fixation L	1	1	8200437337	8200801358	364021	387.33	694.05	31	46	-1	13.75	13.75
Fixation R	1	1	8200437337	8200801358	364021	387.33	694.05	31	46	-1	13.50	13.50
Saccade L	1	1	8200801358	8200845339	43981	368.14	686.95	0.00	0.00	18.49	1269.01	0.73	420.46	28743.51	-52912.42	22709.54
Fixation L	1	2	8200845339	8200945341	100002	0.00	0.00	0	0	-1	5.53	5.53
Saccade L	1	2	8200945341	8200977351	32010	0.00	0.00	896.71	882.66	27.77	2482.86	0.38	867.67	98902.15	-79814.60	53486.34
Saccade L	1	3	8201029385	8201125387	96002	977.38	723.71	461.72	301.71	17.21	445.48	0.58	179.27	18197.71	-16716.49	7874.69
Saccade R	1	1	8201029385	8201125387	96002	977.38	723.71	461.72	301.71	17.21	445.48	0.58	179.27	18197.71	-16716.49	7874.69
Saccade L	1	4	8201173279	8201201358	28079	479.98	299.70	553.29	225.32	2.75	251.75	0.43	97.88	10134.93	-8833.00	6151.36
Saccade R	1	2	8201173279	8201201358	28079	479.98	299.70	553.29	225.32	2.75	251.75	0.43	97.88	10134.93	-8833.00	6151.36
Saccade L	1	5	8201221288	8201257234	35946	534.50	203.25	460.38	285.42	2.22	142.03	0.34	61.69	4836.03	-4578.03	3280.57
Saccade R	1	3	8201221288	8201257234	35946	534.50	203.25	460.38	285.42	2.22	142.03	0.34	61.69	4836.03	-4578.03	3280.57
Fixation L	1	3	8201257234	8201345226	87992	458.76	272.14	15	31	-1	12.59	12.59
Fixation R	1	2	8201257234	8201345226	87992	458.76	272.14	15	31	-1	12.75	12.75
Saccade L	1	6	8201345226	8201373236	28010	464.23	270.41	475.50	191.64	1.65	128.29	0.57	58.99	5859.50	-4834.87	3830.09
Saccade R	1	4	8201345226	8201373236	28010	464.23	270.41	475.50	191.64	1.65	128.29	0.57	58.99	5859.50	-4834.87	3830.09
Saccade L	1	7	8201389230	8201449245	60015	488.64	183.60	464.74	123.82	5.42	192.82	0.60	90.35	4788.38	-6995.62	3374.06
Saccade R	1	5	8201389230	8201449245	60015	488.64	183.60	464.74	123.82	5.42	192.82	0.60	90.35	4788.38	-6995.62	3374.06
Saccade L	1	8	8201449245	8201489234	39989	464.74	123.82	490.03	287.24	4.16	302.77	0.40	103.96	10851.20	-11207.89	6229.68
Saccade R	1	6	8201449245	8201489234	39989	464.74	123.82	490.03	287.24	4.16	302.77	0.40	103.96	10851.20	-11207.89	6229.68
Saccade L	1	9	8201537229	8201561221	23992	485.08	275.32	485.66	58.54	4.33	379.42	0.50	180.46	15881.86	-10119.49	10233.68
Saccade R	1	7	8201537229	8201561221	23992	485.08	275.32	485.66	58.54	4.33	379.42	0.50	180.46	15881.86	-10119.49	10233.68
Saccade L	1	10	8201605276	8201633264	27988	438.71	110.05	450.98	78.48	0.86	64.87	0.57	30.60	2151.71	-2067.68	1429.77
Saccade R	1	8	8201605276	8201633264	27988	438.71	110.05	450.98	78.48	0.86	64.87	0.57	30.60	2151.71	-2067.68	1429.77
Fixation L	1	4	8201633264	8201781234	147970	445.17	68.32	30	58	-1	12.30	12.30
Fixation R	1	3	8201633264	8201781234	147970	445.17	68.32	30	58	-1	12.55	12.55
Saccade L	1	11	8201781234	8201809243	28009	463.71	94.07	480.88	125.41	1.44	113.40	0.57	51.28	4417.90	-3585.50	2885.68
Saccade R	1	9	8201781234	8201809243	28009	463.71	94.07	480.88	125.41	1.44	113.40	0.57	51.28	4417.90	-3585.50	2885.68
Saccade L	1	12	8201809243	8201829247	20004	480.88	125.41	492.47	123.69	0.51	41.10	0.40	25.72	140.87	-2828.11	1022.32
Saccade R	1	10	8201809243	8201829247	20004	480.88	125.41	492.47	123.69	0.51	41.10	0.40	25.72	140.87	-2828.11	1022.32
Saccade L	1	13	8201893265	8201917227	23962	498.31	169.01	501.21	199.28	0.65	43.90	0.50	27.14	1643.62	-1608.53	1258.23
Saccade R	1	11	8201893265	8201917227	23962	498.31	169.01	501.21	199.28	0.65	43.90	0.50	27.14	1643.62	-1608.53	1258.23
Saccade L	1	14	8202021244	8202041232	19988	452.92	83.88	470.94	257.24	3.39	371.01	0.60	169.40	15024.35	-9125.70	8190.72
Saccade R	1	12	8202021244	8202041232	19988	452.92	83.88	470.94	257.24	3.39	371.01	0.60	169.40	15024.35	-9125.70	8190.72
Saccade L	1	15	8202101239	8202153252	52013	484.72	242.04	485.10	199.70	3.29	139.48	0.54	63.22	4957.89	-5925.99	2857.34
Saccade R	1	13	8202101239	8202153252	52013	484.72	242.04	485.10	199.70	3.29	139.48	0.54	63.22	4957.89	-5925.99	2857.34
Fixation L	1	5	8202153252	8202273240	119988	494.92	175.60	20	37	-1	11.99	11.99
Fixation R	1	4	8202153252	8202273240	119988	494.92	175.60	20	37	-1	12.31	12.31
Saccade L	1	16	8202273240	8202297249	24009	483.06	182.73	477.00	211.13	0.71	61.00	0.50	29.65	2104.34	-1365.84	1243.35
Saccade R	1	14	8202273240	8202297249	24009	483.06	182.73	477.00	211.13	0.71	61.00	0.50	29.65	2104.34	-1365.84	1243.35
Saccade L	1	17	8202297249	8202341260	44011	477.00	211.13	440.97	274.21	1.48	71.94	0.36	33.71	2173.48	-1526.49	1067.10
Saccade R	1	15	8202297249	8202341260	44011	477.00	211.13	440.97	274.21	1.48	71.94	0.36	33.71	2173.48	-1526.49	1067.10
Saccade L	1	18	8202361263	8202381261	19998	440.67	272.89	426.37	245.30	0.67	66.89	0.40	33.55	2184.71	-1086.87	1197.33
Saccade R	1	16	8202361263	8202381261	19998	440.67	272.89	426.37	245.30	0.67	66.89	0.40	33.55	2184.71	-1086.87	1197.33
Saccade L	1	19	8202381261	8202449254	67993	426.37	245.30	477.29	254.15	4.39	173.46	0.35	64.53	6416.78	-3787.14	2218.23
Saccade R	1	17	8202381261	8202449254	67993	426.37	245.30	477.29	254.15	4.39	173.46	0.35	64.53	6416.78	-3787.14	2218.23
Fixation L	1	6	8202465243	8202553257	88014	497.00	288.93	15	22	-1	12.50	12.50
Fixation R	1	5	8202465243	8202553257	88014	497.00	288.93	15	22	-1	12.69	12.69
Fixation L	1	7	8202569244	8202625242	55998	507.39	330.61	11	34	-1	12.75	12.75
Fixation R	1	6	8202569244	8202625242	55998	507.39	330.61	11	34	-1	12.83	12.83
Saccade L	1	20	8202625242	8202649118	23876	517.14	333.34	528.24	286.10	1.07	92.61	0.50	44.82	3359.70	-2838.92	2221.08
Saccade R	1	18	8202625242	8202649118	23876	517.14	333.34	528.24	286.10	1.07	92.61	0.50	44.82	3359.70	-2838.92	2221.08
Fixation R	1	7	8202649118	8202797135	148017	206.07	143.14	605	602	-1	11.52	11.52
Fixation L	1	8	8202937138	8203013150	76012	449.27	253.40	15	24	-1	12.99	12.99
Fixation R	1	8	8202937138	8203013150	76012	449.27	253.40	15	24	-1	13.28	13.28
Saccade L	1	21	8203013150	8203057166	44016	438.70	257.97	575.04	240.99	3.25	142.54	0.64	73.93	4420.74	-5532.34	3545.59
Saccade R	1	19	8203013150	8203057166	44016	438.70	257.97	575.04	240.99	3.25	142.54	0.64	73.93	4420.74	-5532.34	3545.59
Fixation L	1	9	8203057166	8203137175	80009	547.80	238.53	52	13	-1	13.38	13.38
Fixation R	1	9	8203057166	8203137175	80009	547.80	238.53	52	13	-1	13.27	13.27
Saccade L	1	22	8203137175	8203157130	19955	532.67	228.69	565.94	228.55	0.64	45.73	0.40	32.14	1696.85	-1473.32	1151.24
Saccade R	1	20	8203137175	8203157130	19955	532.67	228.69	565.94	228.55	0.64	45.73	0.40	32.14	1696.85	-1473.32	1151.24
Saccade L	1	23	8203173121	8203201130	28009	573.06	240.82	517.53	246.91	1.24	82.34	0.43	44.26	2969.43	-2574.21	1997.64
Saccade R	1	21	8203173121	8203201130	28009	573.06	240.82	517.53	246.91	1.24	82.34	0.43	44.26	2969.43	-2574.21	1997.64
Saccade L	1	24	8203245146	8203269146	24000	453.84	249.56	449.51	266.26	0.84	90.61	0.33	35.07	-698.26	-2473.33	1528.10
Saccade R	1	22	8203245146	8203269146	24000	453.84	249.56	449.51	266.26	0.84	90.61	0.33	35.07	-698.26	-2473.33	1528.10
Fixation L	1	10	8203269146	8203377141	107995	454.87	255.25	20	43	-1	13.51	13.51
Fixation R	1	10	8203269146	8203377141	107995	454.87	255.25	20	43	-1	13.65	13.65
Saccade L	1	25	8203393141	8203421142	28001	474.72	235.52	566.69	249.46	1.55	115.33	0.43	55.19	3249.02	-4764.73	2911.51
Saccade R	1	23	8203393141	8203421142	28001	474.72	235.52	566.69	249.46	1.55	115.33	0.43	55.19	3249.02	-4764.73	2911.51
Saccade L	1	26	8203445144	8203537167	92023	560.34	259.82	992.21	904.33	21.31	522.57	0.65	231.52	16045.24	-19795.89	9392.08
Saccade R	1	24	8203445144	8203537167	92023	560.34	259.82	992.21	904.33	21.31	522.57	0.65	231.52	16045.24	-19795.89	9392.08
Fixation L	1	11	8203537167	8203805132	267965	984.18	892.27	14	21	-1	12.90	12.90
Fixation R	1	11	8203537167	8203805132	267965	984.18	892.27	14	21	-1	13.32	13.32
Saccade L	1	27	8203805132	8203841061	35929	983.71	885.14	1073.77	888.87	1.89	119.12	0.67	52.60	5143.46	-5347.12	3476.38
Saccade R	1	25	8203805132	8203841061	35929	983.71	885.14	1073.77	888.87	1.89	119.12	0.67	52.60	5143.46	-5347.12	3476.38
Fixation L	1	12	8203841061	8204005134	164073	1080.62	870.84	14	26	-1	12.39	12.39
Fixation R	1	12	8203841061	8204005134	164073	1080.62	870.84	14	26	-1	13.09	13.09
Saccade L	1	28	8204005134	8204029145	24011	1071.88	865.19	1115.74	866.71	0.98	75.25	0.50	40.90	3170.88	-2701.11	2163.15
Saccade R	1	26	8204005134	8204029145	24011	1071.88	865.19	1115.74	866.71	0.98	75.25	0.50	40.90	3170.88	-2701.11	2163.15
Fixation L	1	13	8204029145	8204233012	203867	1130.79	852.18	21	25	-1	12.10	12.10
Fixation R	1	13	8204029145	8204233012	203867	1130.79	852.18	21	25	-1	12.52	12.52
Saccade L	1	29	8204233012	8204273059	40047	1125.44	845.91	1047.46	866.69	1.70	77.14	0.40	42.34	3653.00	-2600.75	2186.31
Saccade R	1	27	8204233012	8204273059	40047	1125.44	845.91	1047.46	866.69	1.70	77.14	0.40	42.34	3653.00	-2600.75	2186.31
Fixation L	1	14	8204273059	8204369034	95975	1033.96	864.07	20	12	-1	12.04	12.04
Fixation R	1	14	8204273059	8204369034	95975	1033.96	864.07	20	12	-1	12.28	12.28
Saccade L	1	30	8204369034	8204401025	31991	1026.17	862.13	930.13	860.45	1.97	117.26	0.37	61.52	5349.06	-4933.14	2884.42
Saccade R	1	28	8204369034	8204401025	31991	1026.17	862.13	930.13	860.45	1.97	117.26	0.37	61.52	5349.06	-4933.14	2884.42
