[BeGaze]
Converted from:	D:\Kirillov\Results\ermolova_temp\Nastya 06-eye_data.idf
Date:	17.04.2019 03:53:04
Version:	BeGaze 3.0.181
Sample Rate:	250
Subject:	Nastya 06
Description:	Run18

Table Header for Fixations:
Event Type	Trial	Number	Start	End	Duration	Location X	Location Y	Dispersion X	Dispersion Y	Plane	Avg. Pupil Size X	Avg. Pupil Size Y

Table Header for Saccades:
Event Type	Trial	Number	Start	End	Duration	Start Loc.X	Start Loc.Y	End Loc.X	End Loc.Y	Amplitude	Peak Speed	Peak Speed At	Average Speed	Peak Accel.	Peak Decel.	Average Accel.

Table Header for User Events:
Event Type	Trial	Number	Start	Description

UserEvent	1	1	6710304655	# Message: experiment-12.jpg
Fixation L	1	1	6710307172	6710471191	164019	402.50	388.73	8	24	-1	13.90	13.90
Fixation R	1	1	6710307172	6710471191	164019	402.50	388.73	8	24	-1	14.59	14.59
Saccade L	1	1	6710471191	6710515168	43977	405.02	378.94	527.42	351.28	2.81	196.92	0.36	64.01	8480.95	-7849.93	4870.34
Saccade R	1	1	6710471191	6710515168	43977	405.02	378.94	527.42	351.28	2.81	196.92	0.36	64.01	8480.95	-7849.93	4870.34
Fixation L	1	2	6710515168	6710767110	251942	522.26	341.27	12	27	-1	13.70	13.70
Fixation R	1	2	6710515168	6710767110	251942	522.26	341.27	12	27	-1	14.14	14.14
Saccade L	1	2	6710767110	6710787190	20080	516.51	325.61	612.07	323.50	1.08	119.85	0.60	53.84	6718.29	708.31	3737.54
Saccade R	1	2	6710767110	6710787190	20080	516.51	325.61	612.07	323.50	1.08	119.85	0.60	53.84	6718.29	708.31	3737.54
Fixation L	1	3	6710979203	6711311195	331992	435.08	186.34	18	24	-1	12.83	12.83
Fixation R	1	3	6710979203	6711311195	331992	435.08	186.34	18	24	-1	13.18	13.18
Saccade L	1	3	6711311195	6711415191	103996	437.22	180.36	1103.23	516.41	16.76	452.74	0.23	161.21	22302.57	-16358.99	7526.31
Saccade R	1	3	6711311195	6711415191	103996	437.22	180.36	1103.23	516.41	16.76	452.74	0.23	161.21	22302.57	-16358.99	7526.31
Fixation L	1	4	6711415191	6711723101	307910	1111.46	513.62	20	22	-1	12.75	12.75
Fixation R	1	4	6711415191	6711723101	307910	1111.46	513.62	20	22	-1	13.42	13.42
Saccade L	1	4	6711723101	6711759110	36009	1106.14	517.08	1117.96	451.68	1.39	71.66	0.44	38.67	3315.31	-3191.16	2397.81
Saccade R	1	4	6711723101	6711759110	36009	1106.14	517.08	1117.96	451.68	1.39	71.66	0.44	38.67	3315.31	-3191.16	2397.81
Fixation L	1	5	6711759110	6711987102	227992	1126.10	455.27	30	16	-1	12.39	12.39
Fixation R	1	5	6711759110	6711987102	227992	1126.10	455.27	30	16	-1	13.26	13.26
Saccade L	1	5	6711987102	6712071093	83991	1139.92	458.28	435.53	119.52	17.53	426.48	0.29	208.69	19065.00	-15020.72	9033.99
Saccade R	1	5	6711987102	6712071093	83991	1139.92	458.28	435.53	119.52	17.53	426.48	0.29	208.69	19065.00	-15020.72	9033.99
Fixation L	1	6	6712071093	6712311078	239985	427.77	110.20	29	15	-1	12.22	12.22
Fixation R	1	6	6712071093	6712311078	239985	427.77	110.20	29	15	-1	12.68	12.68
Saccade L	1	6	6712311078	6712359099	48021	418.67	113.35	406.33	135.31	1.50	54.14	0.67	31.31	2184.94	-1725.31	1105.89
Saccade R	1	6	6712311078	6712359099	48021	418.67	113.35	406.33	135.31	1.50	54.14	0.67	31.31	2184.94	-1725.31	1105.89
Saccade L	1	7	6712403121	6712431104	27983	399.39	125.31	408.28	122.75	1.06	88.47	0.43	37.92	4004.98	-1767.99	1876.19
Saccade R	1	7	6712403121	6712431104	27983	399.39	125.31	408.28	122.75	1.06	88.47	0.43	37.92	4004.98	-1767.99	1876.19
Saccade L	1	8	6712623100	6712655085	31985	1103.36	472.82	1116.03	470.98	1.01	45.13	0.63	31.65	1897.30	-1933.60	1570.23
Saccade R	1	8	6712623100	6712655085	31985	1103.36	472.82	1116.03	470.98	1.01	45.13	0.63	31.65	1897.30	-1933.60	1570.23
Saccade L	1	9	6712671114	6712699087	27973	1121.78	469.74	1124.68	534.40	1.33	110.81	0.43	47.71	4456.16	-4496.11	3241.51
Saccade R	1	9	6712671114	6712699087	27973	1121.78	469.74	1124.68	534.40	1.33	110.81	0.43	47.71	4456.16	-4496.11	3241.51
Saccade L	1	10	6712711112	6712759098	47986	1122.98	537.73	1168.27	468.78	2.27	91.55	0.50	47.25	4081.61	-3801.50	2682.84
Saccade R	1	10	6712711112	6712759098	47986	1122.98	537.73	1168.27	468.78	2.27	91.55	0.50	47.25	4081.61	-3801.50	2682.84
Fixation L	1	7	6712759098	6712915098	156000	1168.90	473.21	5	14	-1	12.97	12.97
Fixation R	1	7	6712759098	6712915098	156000	1168.90	473.21	5	14	-1	13.46	13.46
Saccade L	1	11	6712915098	6712950969	35871	1169.97	475.37	1063.27	472.08	2.18	140.09	0.55	60.84	6775.15	-6466.20	4651.20
Saccade R	1	11	6712915098	6712950969	35871	1169.97	475.37	1063.27	472.08	2.18	140.09	0.55	60.84	6775.15	-6466.20	4651.20
Fixation L	1	8	6712950969	6713367008	416039	1062.72	473.83	35	30	-1	12.63	12.63
Fixation R	1	8	6712950969	6713367008	416039	1062.72	473.83	35	30	-1	12.98	12.98
Saccade L	1	12	6713367008	6713406987	39979	1049.32	487.63	1113.44	599.23	2.97	139.17	0.60	74.32	5506.87	-6456.62	4436.80
Saccade R	1	12	6713367008	6713406987	39979	1049.32	487.63	1113.44	599.23	2.97	139.17	0.60	74.32	5506.87	-6456.62	4436.80
Fixation L	1	9	6713406987	6713555023	148036	1107.29	596.50	8	12	-1	12.41	12.41
Fixation R	1	9	6713406987	6713555023	148036	1107.29	596.50	8	12	-1	13.03	13.03
Saccade L	1	13	6713555023	6713611009	55986	1106.17	595.82	1101.75	395.50	4.32	195.90	0.21	77.19	9361.57	-6671.99	4466.11
Saccade R	1	13	6713555023	6713611009	55986	1106.17	595.82	1101.75	395.50	4.32	195.90	0.21	77.19	9361.57	-6671.99	4466.11
Fixation L	1	10	6713611009	6713999010	388001	1157.08	349.76	84	86	-1	12.57	12.57
Fixation R	1	10	6713611009	6713999010	388001	1157.08	349.76	84	86	-1	13.22	13.22
Saccade L	1	14	6713999010	6714090994	91984	1174.07	375.68	472.28	209.33	16.41	435.14	0.39	178.44	20195.22	-17698.55	8060.96
Saccade R	1	14	6713999010	6714090994	91984	1174.07	375.68	472.28	209.33	16.41	435.14	0.39	178.44	20195.22	-17698.55	8060.96
Fixation L	1	11	6714090994	6714319036	228042	461.96	214.24	16	31	-1	12.69	12.69
Fixation R	1	11	6714090994	6714319036	228042	461.96	214.24	16	31	-1	12.95	12.95
Saccade L	1	15	6714319036	6714366873	47837	463.73	233.84	426.92	156.73	1.83	72.20	0.33	38.22	3225.49	-2134.62	1906.74
Saccade R	1	15	6714319036	6714366873	47837	463.73	233.84	426.92	156.73	1.83	72.20	0.33	38.22	3225.49	-2134.62	1906.74
Fixation L	1	12	6714366873	6714546929	180056	421.28	157.09	13	12	-1	12.52	12.52
Fixation R	1	12	6714366873	6714546929	180056	421.28	157.09	13	12	-1	12.96	12.96
Saccade L	1	16	6714546929	6714710892	163963	421.32	150.44	664.67	502.59	86.44	1876.59	0.32	527.21	43571.30	-39937.06	16634.57
Saccade R	1	16	6714546929	6714710892	163963	421.32	150.44	664.67	502.59	86.44	1876.59	0.32	527.21	43571.30	-39937.06	16634.57
Fixation L	1	13	6714710892	6714786958	76066	668.32	501.68	6	6	-1	12.89	12.89
Fixation R	1	13	6714710892	6714786958	76066	668.32	501.68	6	6	-1	13.47	13.47
Saccade L	1	17	6714786958	6714854888	67930	665.09	502.59	1031.93	461.43	8.11	361.30	0.29	119.34	16792.33	-12901.38	7723.79
Saccade R	1	17	6714786958	6714854888	67930	665.09	502.59	1031.93	461.43	8.11	361.30	0.29	119.34	16792.33	-12901.38	7723.79
Fixation L	1	14	6714854888	6715102910	248022	1030.56	452.63	10	19	-1	12.81	12.81
Fixation R	1	14	6714854888	6715102910	248022	1030.56	452.63	10	19	-1	13.70	13.70
Saccade L	1	18	6715102910	6715130912	28002	1032.23	442.81	1055.18	502.13	1.25	89.29	0.57	44.47	4231.50	-3932.45	3029.34
Saccade R	1	18	6715102910	6715130912	28002	1032.23	442.81	1055.18	502.13	1.25	89.29	0.57	44.47	4231.50	-3932.45	3029.34
Fixation L	1	15	6715130912	6715638901	507989	1071.82	504.13	38	15	-1	12.90	12.90
Fixation R	1	15	6715130912	6715638901	507989	1071.82	504.13	38	15	-1	13.47	13.47
Saccade L	1	19	6715638901	6715694908	56007	1092.33	505.50	1029.18	417.64	2.43	117.61	0.29	43.31	5055.46	-3835.87	2338.22
Saccade R	1	19	6715638901	6715694908	56007	1092.33	505.50	1029.18	417.64	2.43	117.61	0.29	43.31	5055.46	-3835.87	2338.22
Fixation L	1	16	6715694908	6715838817	143909	1016.77	415.56	18	17	-1	12.55	12.55
Fixation R	1	16	6715694908	6715838817	143909	1016.77	415.56	18	17	-1	13.35	13.35
Saccade L	1	20	6715838817	6715894781	55964	1018.47	424.91	1198.81	385.40	4.28	313.53	0.21	76.52	13340.88	-12752.73	5536.42
Saccade R	1	20	6715838817	6715894781	55964	1018.47	424.91	1198.81	385.40	4.28	313.53	0.21	76.52	13340.88	-12752.73	5536.42
Fixation L	1	17	6715894781	6716090791	196010	1204.25	377.81	14	10	-1	12.39	12.39
Fixation R	1	17	6715894781	6716090791	196010	1204.25	377.81	14	10	-1	13.24	13.24
Saccade L	1	21	6716090791	6716214804	124013	1207.24	373.77	1186.34	427.95	34.81	943.24	0.26	280.72	30981.22	-28468.48	12249.22
Saccade R	1	21	6716090791	6716214804	124013	1207.24	373.77	1186.34	427.95	34.81	943.24	0.26	280.72	30981.22	-28468.48	12249.22
Fixation L	1	18	6716214804	6716278833	64029	1188.34	433.53	6	13	-1	12.58	12.58
Fixation R	1	18	6716214804	6716278833	64029	1188.34	433.53	6	13	-1	13.29	13.29
Saccade R	1	22	6716278833	6716326791	47958	1183.99	440.39	0.00	0.00	34.76	1996.63	0.58	724.81	71584.14	-79991.55	45693.16
Saccade R	1	23	6716358808	6716430820	72012	0.00	0.00	429.00	260.84	32.30	1562.73	0.22	448.49	73442.20	-43172.82	22756.90
Fixation L	1	19	6716430820	6716554815	123995	449.31	304.88	30	61	-1	12.76	12.76
Fixation R	1	19	6716430820	6716554815	123995	449.31	304.88	30	61	-1	12.93	12.93
Saccade L	1	22	6716554815	6716626808	71993	456.87	321.43	429.48	147.28	4.93	136.32	0.56	68.48	5445.62	-5692.49	2813.16
Saccade R	1	24	6716554815	6716626808	71993	456.87	321.43	429.48	147.28	4.93	136.32	0.56	68.48	5445.62	-5692.49	2813.16
Fixation L	1	20	6716626808	6716870816	244008	436.74	155.02	15	45	-1	12.94	12.94
Fixation R	1	20	6716626808	6716870816	244008	436.74	155.02	15	45	-1	13.27	13.27
Saccade L	1	23	6716870816	6716922802	51986	447.04	182.21	491.99	125.94	1.67	64.48	0.39	32.14	2632.93	-2146.95	1612.63
Saccade R	1	25	6716870816	6716922802	51986	447.04	182.21	491.99	125.94	1.67	64.48	0.39	32.14	2632.93	-2146.95	1612.63
Fixation L	1	21	6716922802	6717130812	208010	483.76	115.65	17	17	-1	12.94	12.94
Fixation R	1	21	6716922802	6717130812	208010	483.76	115.65	17	17	-1	13.43	13.43
Saccade L	1	24	6717130812	6717214711	83899	486.27	118.84	1178.19	496.21	17.74	492.33	0.33	211.46	21474.54	-15930.28	9401.36
Saccade R	1	26	6717130812	6717214711	83899	486.27	118.84	1178.19	496.21	17.74	492.33	0.33	211.46	21474.54	-15930.28	9401.36
Fixation L	1	22	6717214711	6717358747	144036	1202.71	511.30	32	23	-1	12.96	12.96
Fixation R	1	22	6717214711	6717358747	144036	1202.71	511.30	32	23	-1	13.75	13.75
Saccade L	1	25	6717358747	6717406745	47998	1209.55	505.11	1190.19	429.42	1.77	95.31	0.25	36.90	4335.42	-3864.06	2170.81
Saccade R	1	27	6717358747	6717406745	47998	1209.55	505.11	1190.19	429.42	1.77	95.31	0.25	36.90	4335.42	-3864.06	2170.81
Fixation L	1	23	6717406745	6717534745	128000	1185.13	421.22	8	14	-1	12.97	12.97
Fixation R	1	23	6717406745	6717534745	128000	1185.13	421.22	8	14	-1	13.51	13.51
Saccade L	1	26	6717534745	6717594723	59978	1186.30	423.38	524.62	95.97	16.22	466.27	0.33	270.43	23070.32	-19124.39	12089.96
Saccade R	1	28	6717534745	6717594723	59978	1186.30	423.38	524.62	95.97	16.22	466.27	0.33	270.43	23070.32	-19124.39	12089.96
Fixation L	1	24	6717594723	6717866732	272009	495.91	83.13	40	22	-1	12.74	12.74
Fixation R	1	24	6717594723	6717866732	272009	495.91	83.13	40	22	-1	13.02	13.02
Saccade L	1	27	6717866732	6717938731	71999	491.52	95.06	1041.35	431.13	14.50	486.52	0.33	201.37	23337.60	-14574.99	10693.67
Saccade R	1	29	6717866732	6717938731	71999	491.52	95.06	1041.35	431.13	14.50	486.52	0.33	201.37	23337.60	-14574.99	10693.67
Fixation L	1	25	6717938731	6718234711	295980	1066.41	431.36	33	17	-1	13.17	13.17
Fixation R	1	25	6717938731	6718234711	295980	1066.41	431.36	33	17	-1	13.87	13.87
Saccade L	1	28	6718234711	6718266711	32000	1074.82	437.59	971.65	441.13	2.10	154.79	0.50	65.65	6993.15	-7003.24	5041.60
Saccade R	1	30	6718234711	6718266711	32000	1074.82	437.59	971.65	441.13	2.10	154.79	0.50	65.65	6993.15	-7003.24	5041.60
Fixation L	1	26	6718266711	6718398725	132014	968.10	433.24	16	19	-1	13.51	13.51
Fixation R	1	26	6718266711	6718398725	132014	968.10	433.24	16	19	-1	14.04	14.04
