[BeGaze]
Converted from:	D:\Kirillov\Results\ermolova_temp\Sofia-eye_data.idf
Date:	17.04.2019 03:54:08
Version:	BeGaze 3.0.181
Sample Rate:	250
Subject:	Sofia
Description:	Run35

Table Header for Fixations:
Event Type	Trial	Number	Start	End	Duration	Location X	Location Y	Dispersion X	Dispersion Y	Plane	Avg. Pupil Size X	Avg. Pupil Size Y

Table Header for Saccades:
Event Type	Trial	Number	Start	End	Duration	Start Loc.X	Start Loc.Y	End Loc.X	End Loc.Y	Amplitude	Peak Speed	Peak Speed At	Average Speed	Peak Accel.	Peak Decel.	Average Accel.

Table Header for User Events:
Event Type	Trial	Number	Start	Description

UserEvent	1	1	3848005993	# Message: Questionnaire16.jpg
Fixation L	1	1	3848006972	3848253487	246515	676.54	364.83	40	36	-1	13.72	13.72
Fixation R	1	1	3848006972	3848253487	246515	676.54	364.83	40	36	-1	14.56	14.56
Saccade L	1	1	3848253487	3848293506	40019	676.26	376.02	500.33	369.02	3.74	188.84	0.30	93.41	8617.04	-5744.77	5127.51
Saccade R	1	1	3848253487	3848293506	40019	676.26	376.02	500.33	369.02	3.74	188.84	0.30	93.41	8617.04	-5744.77	5127.51
Fixation L	1	2	3848293506	3848485495	191989	486.21	363.37	36	34	-1	14.06	14.06
Fixation R	1	2	3848293506	3848485495	191989	486.21	363.37	36	34	-1	14.96	14.96
Saccade L	1	2	3848485495	3848505491	19996	486.61	367.35	513.23	364.24	0.49	44.65	0.60	24.30	1902.88	-1454.17	1276.73
Saccade R	1	2	3848485495	3848505491	19996	486.61	367.35	513.23	364.24	0.49	44.65	0.60	24.30	1902.88	-1454.17	1276.73
Fixation L	1	3	3848505491	3849217448	711957	498.66	319.50	52	81	-1	13.88	13.88
Fixation R	1	3	3848505491	3849217448	711957	498.66	319.50	52	81	-1	14.88	14.88
Saccade L	1	3	3849217448	3849249514	32066	488.37	288.05	462.23	332.77	1.05	55.19	0.38	32.62	2010.68	-1728.79	1401.37
Saccade R	1	3	3849217448	3849249514	32066	488.37	288.05	462.23	332.77	1.05	55.19	0.38	32.62	2010.68	-1728.79	1401.37
Fixation L	1	4	3849249514	3849757407	507893	447.59	312.83	33	59	-1	13.59	13.59
Fixation R	1	4	3849249514	3849757407	507893	447.59	312.83	33	59	-1	14.55	14.55
Saccade L	1	4	3849757407	3849785390	27983	434.47	288.19	486.02	283.58	1.08	76.18	0.43	38.57	3270.08	-2796.77	2209.61
Saccade R	1	4	3849757407	3849785390	27983	434.47	288.19	486.02	283.58	1.08	76.18	0.43	38.57	3270.08	-2796.77	2209.61
Fixation L	1	5	3849785390	3850813428	1028038	504.15	270.85	34	40	-1	13.30	13.30
Fixation R	1	5	3849785390	3850813428	1028038	504.15	270.85	34	40	-1	14.25	14.25
Saccade L	1	5	3850813428	3850845420	31992	506.89	259.43	491.56	290.08	0.84	41.89	0.38	26.27	1950.85	-1046.14	958.62
Saccade R	1	5	3850813428	3850845420	31992	506.89	259.43	491.56	290.08	0.84	41.89	0.38	26.27	1950.85	-1046.14	958.62
Fixation L	1	6	3850845420	3851493318	647898	482.82	279.89	34	39	-1	13.02	13.02
Fixation R	1	6	3850845420	3851493318	647898	482.82	279.89	34	39	-1	13.92	13.92
UserEvent	1	2	3851009560	# Message: UE-mouseclick left x=398 y=310
Saccade L	1	6	3851493318	3851525346	32028	482.56	285.00	426.30	342.61	2.19	143.81	0.37	68.37	6571.48	-5704.64	4144.95
Saccade R	1	6	3851493318	3851525346	32028	482.56	285.00	426.30	342.61	2.19	143.81	0.37	68.37	6571.48	-5704.64	4144.95
Fixation L	1	7	3851525346	3851993317	467971	394.71	352.34	979	1096	-1	12.51	12.51
Fixation R	1	7	3851525346	3851889315	363969	413.42	359.02	17	36	-1	13.96	13.96
UserEvent	1	3	3851881599	# Message: UE-mouseclick left x=398 y=393
Saccade R	1	7	3851889315	3851937350	48035	417.08	356.84	0.00	0.00	28.70	1511.02	0.75	597.49	49053.88	-68372.76	36127.29
Fixation R	1	8	3851937350	3851993317	55967	297.58	298.06	979	904	-1	12.42	12.42
