[BeGaze]
Converted from:	D:\Kirillov\Results\ermolova_temp\Dasha-eye_data.idf
Date:	17.04.2019 03:53:25
Version:	BeGaze 3.0.181
Sample Rate:	250
Subject:	Dasha
Description:	Run24

Table Header for Fixations:
Event Type	Trial	Number	Start	End	Duration	Location X	Location Y	Dispersion X	Dispersion Y	Plane	Avg. Pupil Size X	Avg. Pupil Size Y

Table Header for Saccades:
Event Type	Trial	Number	Start	End	Duration	Start Loc.X	Start Loc.Y	End Loc.X	End Loc.Y	Amplitude	Peak Speed	Peak Speed At	Average Speed	Peak Accel.	Peak Decel.	Average Accel.

Table Header for User Events:
Event Type	Trial	Number	Start	Description

UserEvent	1	1	11133874556	# Message: experiment-16.jpg
Fixation L	1	1	11133876242	11134124101	247859	738.01	461.75	35	27	-1	13.35	13.35
Fixation R	1	1	11133876242	11134124101	247859	738.01	461.75	35	27	-1	14.08	14.08
Saccade L	1	1	11134124101	11134160116	36015	725.73	460.40	936.33	446.22	4.43	287.03	0.33	122.91	13174.08	-12778.24	8818.22
Saccade R	1	1	11134124101	11134160116	36015	725.73	460.40	936.33	446.22	4.43	287.03	0.33	122.91	13174.08	-12778.24	8818.22
Fixation L	1	2	11134160116	11134328132	168016	934.07	431.76	24	28	-1	13.16	13.16
Fixation R	1	2	11134160116	11134328132	168016	934.07	431.76	24	28	-1	14.05	14.05
Saccade L	1	2	11134328132	11134348104	19972	930.39	421.94	975.82	412.46	0.86	75.58	0.60	43.22	3367.57	-2913.71	2285.35
Saccade R	1	2	11134328132	11134348104	19972	930.39	421.94	975.82	412.46	0.86	75.58	0.60	43.22	3367.57	-2913.71	2285.35
Fixation L	1	3	11134348104	11134456140	108036	981.44	423.45	15	17	-1	12.20	12.20
Fixation R	1	3	11134348104	11134456140	108036	981.44	423.45	15	17	-1	13.17	13.17
Saccade L	1	3	11134456140	11134532120	75980	982.82	424.38	438.04	230.94	12.73	444.31	0.26	167.51	20916.93	-14150.98	9015.71
Saccade R	1	3	11134456140	11134532120	75980	982.82	424.38	438.04	230.94	12.73	444.31	0.26	167.51	20916.93	-14150.98	9015.71
Fixation L	1	4	11134532120	11134784131	252011	438.43	238.36	31	26	-1	11.63	11.63
Fixation R	1	4	11134532120	11134784131	252011	438.43	238.36	31	26	-1	11.85	11.85
Saccade L	1	4	11135056134	11135080141	24007	447.34	88.91	427.15	100.11	0.76	67.22	0.33	31.74	2454.10	-911.02	878.47
Saccade R	1	4	11135056134	11135080141	24007	447.34	88.91	427.15	100.11	0.76	67.22	0.33	31.74	2454.10	-911.02	878.47
Saccade L	1	5	11135080141	11135104139	23998	427.15	100.11	461.57	228.03	1.97	164.13	0.67	82.03	7124.31	-1407.48	3287.22
Saccade R	1	5	11135080141	11135104139	23998	427.15	100.11	461.57	228.03	1.97	164.13	0.67	82.03	7124.31	-1407.48	3287.22
Fixation L	1	5	11135120056	11135208119	88063	487.07	126.90	18	19	-1	12.25	12.25
Fixation R	1	5	11135120056	11135208119	88063	487.07	126.90	18	19	-1	12.94	12.94
Saccade L	1	6	11135208119	11135244149	36030	478.57	139.14	403.43	64.44	2.36	135.07	0.44	65.58	6137.79	-5933.96	4130.88
Saccade R	1	6	11135208119	11135244149	36030	478.57	139.14	403.43	64.44	2.36	135.07	0.44	65.58	6137.79	-5933.96	4130.88
Fixation L	1	6	11135244149	11135540043	295894	421.21	74.55	40	32	-1	12.44	12.44
Fixation R	1	6	11135244149	11135540043	295894	421.21	74.55	40	32	-1	12.96	12.96
Fixation L	1	7	11135644000	11136752035	1108035	0.00	0.00	0	0	-1	9.37	9.37
Fixation R	1	7	11135644000	11136752035	1108035	0.00	0.00	0	0	-1	11.91	11.91
Fixation L	1	8	11137166191	11137666064	499873	0.00	0.00	0	0	-1	8.24	7.83
Fixation R	1	8	11137890180	11138762203	872023	14.67	13.49	536	497	-1	2.37	2.37
Saccade L	1	7	11137894188	11137926176	31988	526.95	476.93	0.00	0.00	15.15	1402.85	0.62	473.57	57766.35	-58595.28	38636.20
Fixation L	1	9	11137926176	11138762203	836027	0.00	0.00	0	0	-1	3.07	3.54
Fixation R	1	9	11138790200	11139186149	395949	0.00	0.00	0	0	-1	6.25	6.22
Fixation L	1	10	11139214088	11139414104	200016	0.00	0.00	0	0	-1	4.04	3.64
Saccade L	1	8	11139478094	11139506112	28018	0.00	0.00	985.25	728.61	24.77	2338.34	0.43	884.07	97897.59	-97086.46	71422.39
Saccade R	1	7	11139478094	11139506112	28018	0.00	0.00	985.25	728.61	24.77	2338.34	0.43	884.07	97897.59	-97086.46	71422.39
Saccade L	1	9	11139790110	11139818108	27998	0.00	0.00	0.00	0.00	26.02	1239.20	0.29	929.40	33192.94	-66385.88	35933.23
Fixation L	1	11	11139818108	11140218107	399999	0.00	0.00	0	0	-1	4.59	4.05
Fixation R	1	10	11139818108	11140218107	399999	0.00	0.00	0	0	-1	11.60	11.60
Saccade L	1	10	11140494046	11140686250	192204	0.00	0.00	539.14	401.33	86.53	1430.44	0.88	450.18	60044.08	-55600.57	35096.57
Saccade R	1	8	11140494046	11140686250	192204	0.00	0.00	539.14	401.33	86.53	1430.44	0.88	450.18	60044.08	-55600.57	35096.57
Saccade L	1	11	11140722247	11140750244	27997	533.96	387.90	514.71	347.22	0.93	58.47	0.57	33.32	2120.40	-2505.62	1730.78
Saccade R	1	9	11140722247	11140750244	27997	533.96	387.90	514.71	347.22	0.93	58.47	0.57	33.32	2120.40	-2505.62	1730.78
Fixation L	1	12	11140750244	11140978260	228016	492.32	317.97	53	68	-1	12.16	12.16
Fixation R	1	11	11140750244	11140978260	228016	492.32	317.97	53	68	-1	12.51	12.51
Saccade L	1	12	11140978260	11141030285	52025	482.09	303.49	974.26	532.91	11.73	479.51	0.31	225.55	23344.78	-12573.31	12460.22
Saccade R	1	10	11140978260	11141030285	52025	482.09	303.49	974.26	532.91	11.73	479.51	0.31	225.55	23344.78	-12573.31	12460.22
Fixation L	1	13	11141030285	11141154268	123983	977.96	529.49	7	14	-1	12.45	12.45
Fixation R	1	12	11141030285	11141154268	123983	977.96	529.49	7	14	-1	12.96	12.96
Saccade L	1	13	11141154268	11141190280	36012	982.86	525.38	962.13	573.49	1.13	69.11	0.44	31.50	3039.76	-2371.36	1663.60
Saccade R	1	11	11141154268	11141190280	36012	982.86	525.38	962.13	573.49	1.13	69.11	0.44	31.50	3039.76	-2371.36	1663.60
Fixation L	1	14	11141190280	11141330132	139852	975.83	581.42	24	24	-1	12.46	12.46
Fixation R	1	13	11141190280	11141330132	139852	975.83	581.42	24	24	-1	12.88	12.88
Saccade L	1	14	11141330132	11141362171	32039	976.37	588.33	992.38	505.52	2.00	137.39	0.50	62.28	6056.32	-6040.08	4430.40
Saccade R	1	12	11141330132	11141362171	32039	976.37	588.33	992.38	505.52	2.00	137.39	0.50	62.28	6056.32	-6040.08	4430.40
Fixation L	1	15	11141362171	11141490161	127990	987.66	493.06	13	17	-1	12.41	12.41
Fixation R	1	14	11141362171	11141490161	127990	987.66	493.06	13	17	-1	12.74	12.74
Saccade L	1	15	11141490161	11141546159	55998	987.25	496.24	485.88	260.66	12.07	442.47	0.29	215.59	21650.73	-13242.63	11159.64
Saccade R	1	13	11141490161	11141546159	55998	987.25	496.24	485.88	260.66	12.07	442.47	0.29	215.59	21650.73	-13242.63	11159.64
Fixation L	1	16	11141546159	11141682140	135981	473.45	262.10	24	15	-1	12.31	12.31
Fixation R	1	15	11141546159	11141682140	135981	473.45	262.10	24	15	-1	12.40	12.40
Saccade L	1	16	11141682140	11141710150	28010	466.01	260.57	376.13	66.77	4.42	350.56	0.57	157.74	15920.71	-14956.64	10928.29
Saccade R	1	14	11141682140	11141710150	28010	466.01	260.57	376.13	66.77	4.42	350.56	0.57	157.74	15920.71	-14956.64	10928.29
Fixation L	1	17	11141710150	11141910177	200027	377.41	68.85	21	50	-1	12.18	12.18
Fixation R	1	16	11141710150	11141910177	200027	377.41	68.85	21	50	-1	12.41	12.41
Saccade L	1	17	11141910177	11141974181	64004	371.63	72.24	1153.17	462.03	19.06	594.60	0.31	297.79	28316.14	-18936.63	14593.24
Saccade R	1	15	11141910177	11141974181	64004	371.63	72.24	1153.17	462.03	19.06	594.60	0.31	297.79	28316.14	-18936.63	14593.24
Fixation L	1	18	11141974181	11142314172	339991	1186.09	436.48	48	60	-1	12.33	12.33
Fixation R	1	17	11141974181	11142314172	339991	1186.09	436.48	48	60	-1	12.95	12.95
Saccade L	1	18	11142314172	11142378170	63998	1195.29	416.95	332.72	43.43	20.83	558.54	0.31	325.52	26524.48	-18708.89	14125.07
Saccade R	1	16	11142314172	11142378170	63998	1195.29	416.95	332.72	43.43	20.83	558.54	0.31	325.52	26524.48	-18708.89	14125.07
Fixation L	1	19	11142378170	11142634189	256019	360.83	46.90	45	20	-1	12.08	12.08
Fixation R	1	18	11142378170	11142634189	256019	360.83	46.90	45	20	-1	12.31	12.31
Fixation R	1	19	11142722186	11142774169	51983	0.00	0.18	0	2	-1	13.37	13.37
Saccade L	1	19	11142838042	11142870039	31997	670.81	164.26	756.30	159.57	6.11	333.97	0.50	190.88	1802.70	-8184.57	3563.71
Saccade R	1	17	11142838042	11142870039	31997	670.81	164.26	756.30	159.57	6.11	333.97	0.50	190.88	1802.70	-8184.57	3563.71
Saccade L	1	20	11142962070	11142986064	23994	520.75	78.08	372.14	90.73	1.19	97.17	0.33	49.73	4029.40	-2112.35	1848.48
Saccade R	1	18	11142962070	11142986064	23994	520.75	78.08	372.14	90.73	1.19	97.17	0.33	49.73	4029.40	-2112.35	1848.48
Fixation L	1	20	11143002047	11143198081	196034	163.05	80.89	707	808	-1	8.00	8.00
Fixation R	1	20	11143106059	11143198081	92022	0.37	0.00	2	0	-1	11.80	11.80
Saccade L	1	21	11143198081	11143294051	95970	0.00	0.00	643.82	103.18	23.89	799.88	0.29	248.91	20177.54	-12437.56	9667.74
Saccade R	1	19	11143198081	11143294051	95970	0.00	0.00	643.82	103.18	23.89	799.88	0.29	248.91	20177.54	-12437.56	9667.74
Saccade L	1	22	11143294051	11143350061	56010	643.82	103.18	309.08	74.29	11.02	567.79	0.43	196.76	17248.21	-18976.94	10199.36
Saccade R	1	20	11143294051	11143350061	56010	643.82	103.18	309.08	74.29	11.02	567.79	0.43	196.76	17248.21	-18976.94	10199.36
Fixation L	1	21	11143366078	11143502089	136011	357.04	96.59	44	35	-1	14.16	14.16
Fixation R	1	21	11143366078	11143502089	136011	357.04	96.59	44	35	-1	14.33	14.33
Saccade L	1	23	11143570093	11143626066	55973	152.15	92.36	218.67	107.78	2.92	91.71	0.36	52.14	1463.34	-2664.86	1309.54
Saccade R	1	21	11143570093	11143626066	55973	152.15	92.36	218.67	107.78	2.92	91.71	0.36	52.14	1463.34	-2664.86	1309.54
Saccade L	1	24	11143626066	11143690062	63996	218.67	107.78	169.88	173.35	2.22	65.09	0.50	34.66	1220.15	-493.60	517.42
Saccade R	1	22	11143626066	11143690062	63996	218.67	107.78	169.88	173.35	2.22	65.09	0.50	34.66	1220.15	-493.60	517.42
Saccade L	1	25	11143706060	11143754077	48017	207.78	182.15	343.29	119.65	3.85	248.63	0.50	80.28	9245.95	-9140.60	4898.41
Saccade R	1	23	11143706060	11143754077	48017	207.78	182.15	343.29	119.65	3.85	248.63	0.50	80.28	9245.95	-9140.60	4898.41
Saccade L	1	26	11143766057	11143838073	72016	358.02	112.58	0.00	1.55	18.04	1072.15	0.78	250.46	32801.41	-48571.34	14865.90
Saccade R	1	24	11143766057	11143838073	72016	358.02	112.58	0.00	1.55	18.04	1072.15	0.78	250.46	32801.41	-48571.34	14865.90
Saccade L	1	27	11143942066	11143966061	23995	423.84	31.89	349.77	39.68	0.99	84.47	0.67	41.09	1987.93	-1791.50	1099.67
Saccade R	1	25	11143942066	11143966061	23995	423.84	31.89	349.77	39.68	0.99	84.47	0.67	41.09	1987.93	-1791.50	1099.67
Saccade L	1	28	11143974098	11144010093	35995	414.98	36.45	398.27	28.24	2.48	170.53	0.22	68.76	2587.30	-3479.49	2232.39
Saccade R	1	26	11143974098	11144010093	35995	414.98	36.45	398.27	28.24	2.48	170.53	0.22	68.76	2587.30	-3479.49	2232.39
Fixation L	1	22	11144074059	11144141957	67898	352.86	51.00	24	37	-1	13.64	13.64
Saccade L	1	29	11144177934	11144209975	32041	343.38	58.50	341.47	-1.25	1.52	92.84	0.75	47.46	3750.65	-3882.92	2509.43
Saccade R	1	27	11144177934	11144209975	32041	343.38	58.50	341.47	-1.25	1.52	92.84	0.75	47.46	3750.65	-3882.92	2509.43
Saccade L	1	30	11144233947	11144253968	20021	337.10	-13.77	357.09	10.01	0.53	48.25	0.60	26.70	1511.53	-1585.14	947.50
Saccade R	1	28	11144233947	11144253968	20021	337.10	-13.77	357.09	10.01	0.53	48.25	0.60	26.70	1511.53	-1585.14	947.50
Fixation R	1	22	11144253968	11144501958	247990	442.50	18.72	762	229	-1	13.42	13.42
Saccade L	1	31	11144273950	11144381987	108037	350.50	-1.02	377.39	-2.60	23.75	755.04	0.56	219.79	25350.74	-22600.62	9835.85
Fixation L	1	23	11144381987	11144501958	119971	367.41	5.72	30	14	-1	13.09	13.09
Saccade L	1	32	11144581944	11144618009	36065	0.00	0.00	846.89	1123.53	29.70	2724.27	0.44	823.49	93073.95	-112575.25	62611.45
Saccade R	1	29	11144581944	11144618009	36065	0.00	0.00	846.89	1123.53	29.70	2724.27	0.44	823.49	93073.95	-112575.25	62611.45
Saccade L	1	33	11144618009	11144645957	27948	846.89	1123.53	0.00	0.00	28.44	2696.57	0.57	1017.78	111474.97	-112567.26	79088.51
Saccade R	1	30	11144618009	11144645957	27948	846.89	1123.53	0.00	0.00	28.44	2696.57	0.57	1017.78	111474.97	-112567.26	79088.51
Fixation L	1	24	11144645957	11144965950	319993	0.00	0.00	0	0	-1	9.32	9.32
Fixation R	1	23	11144645957	11144965950	319993	0.00	0.00	0	0	-1	11.80	11.80
Fixation L	1	25	11145057964	11145181963	123999	465.49	61.72	35	30	-1	13.91	13.91
Fixation R	1	24	11145057964	11145181963	123999	465.49	61.72	35	30	-1	14.21	14.21
Saccade L	1	34	11145181963	11145237957	55994	469.17	81.52	0.00	0.00	34.08	1987.89	0.79	608.72	40659.28	-84971.23	33062.62
Saccade R	1	31	11145181963	11145237957	55994	469.17	81.52	0.00	0.00	34.08	1987.89	0.79	608.72	40659.28	-84971.23	33062.62
Fixation L	1	26	11145237957	11145717844	479887	0.00	0.00	0	0	-1	10.23	10.24
Fixation R	1	25	11145237957	11145717844	479887	0.00	0.00	0	0	-1	10.56	10.54
Fixation L	1	27	11145973999	11146233989	259990	0.00	0.00	0	0	-1	10.74	10.74
Fixation R	1	26	11145973999	11146233989	259990	0.00	0.00	0	0	-1	11.32	11.32
Saccade L	1	35	11146233989	11146281996	48007	0.00	0.00	0.00	0.00	44.78	2437.60	0.75	932.78	72438.63	-102667.08	46739.47
Saccade R	1	32	11146233989	11146281996	48007	0.00	0.00	0.00	0.00	44.78	2437.60	0.75	932.78	72438.63	-102667.08	46739.47
Fixation L	1	28	11146281996	11146842016	560020	0.00	0.00	0	0	-1	11.31	11.31
Fixation R	1	27	11146281996	11147142001	860005	4.74	2.09	1018	448	-1	12.39	12.39
Fixation L	1	29	11146870001	11147142001	272000	0.00	0.00	0	0	-1	11.21	11.21
Fixation L	1	30	11147170031	11147453905	283874	0.00	0.00	0	0	-1	11.68	11.68
Fixation R	1	28	11147170031	11147453905	283874	0.00	0.00	0	0	-1	12.71	12.71
Fixation L	1	31	11147541912	11148229907	687995	0.00	0.00	0	0	-1	12.51	12.51
Fixation R	1	29	11147541912	11148229907	687995	0.00	0.00	0	0	-1	11.90	11.90
Fixation L	1	32	11148257908	11148881824	623916	0.00	0.00	0	0	-1	11.82	11.82
Fixation R	1	30	11148257908	11148881824	623916	0.00	0.00	0	0	-1	12.79	12.79
Saccade L	1	36	11148881824	11148913789	31965	0.00	0.00	0.00	0.00	17.27	720.17	0.38	540.13	38580.40	-38580.40	32150.33
Saccade R	1	33	11148881824	11148913789	31965	0.00	0.00	0.00	0.00	17.27	720.17	0.38	540.13	38580.40	-38580.40	32150.33
Fixation L	1	33	11148913789	11149605838	692049	0.00	0.00	0	0	-1	11.19	11.19
Fixation R	1	31	11148913789	11149605838	692049	0.00	0.00	0	0	-1	12.40	12.40
Saccade L	1	37	11149605838	11149633821	27983	0.00	0.00	0.00	0.00	21.02	1001.53	0.43	751.15	53653.37	-53653.37	44711.14
Saccade R	1	34	11149605838	11149633821	27983	0.00	0.00	0.00	0.00	21.02	1001.53	0.43	751.15	53653.37	-53653.37	44711.14
Fixation L	1	34	11149633821	11152397628	2763807	0.00	0.00	0	0	-1	7.95	7.94
Fixation R	1	32	11149633821	11152397628	2763807	0.00	0.00	0	0	-1	10.59	10.59
