[BeGaze]
Converted from:	D:\Kirillov\Results\ermolova_temp\Kate 02-eye_data.idf
Date:	17.04.2019 03:52:31
Version:	BeGaze 3.0.181
Sample Rate:	250
Subject:	Kate 02
Description:	Run7

Table Header for Fixations:
Event Type	Trial	Number	Start	End	Duration	Location X	Location Y	Dispersion X	Dispersion Y	Plane	Avg. Pupil Size X	Avg. Pupil Size Y

Table Header for Saccades:
Event Type	Trial	Number	Start	End	Duration	Start Loc.X	Start Loc.Y	End Loc.X	End Loc.Y	Amplitude	Peak Speed	Peak Speed At	Average Speed	Peak Accel.	Peak Decel.	Average Accel.

Table Header for User Events:
Event Type	Trial	Number	Start	Description

UserEvent	1	1	4276282671	# Message: Questionnaire17.jpg
Saccade L	1	1	4276301844	4276357844	56000	918.47	509.99	454.71	160.86	13.29	534.97	0.29	237.31	25301.74	-15655.23	13351.87
Saccade R	1	1	4276301844	4276357844	56000	918.47	509.99	454.71	160.86	13.29	534.97	0.29	237.31	25301.74	-15655.23	13351.87
Fixation L	1	1	4276357844	4276561847	204003	432.46	147.49	39	43	-1	15.02	15.02
Fixation R	1	1	4276357844	4276561847	204003	432.46	147.49	39	43	-1	14.87	14.87
Saccade L	1	2	4276561847	4276593852	32005	427.05	140.73	432.28	177.47	1.01	46.23	0.50	31.54	1757.39	-1797.46	1327.17
Saccade R	1	2	4276561847	4276593852	32005	427.05	140.73	432.28	177.47	1.01	46.23	0.50	31.54	1757.39	-1797.46	1327.17
Saccade L	1	3	4276621843	4276649850	28007	441.42	181.79	442.72	202.12	1.04	71.52	0.71	37.31	2290.70	-1875.74	1342.89
Saccade R	1	3	4276621843	4276649850	28007	441.42	181.79	442.72	202.12	1.04	71.52	0.71	37.31	2290.70	-1875.74	1342.89
Fixation L	1	2	4276649850	4276769854	120004	433.85	196.07	20	40	-1	15.47	15.47
Fixation R	1	2	4276649850	4276769854	120004	433.85	196.07	20	40	-1	15.17	15.17
Saccade L	1	4	4276769854	4276801848	31994	420.17	172.85	432.98	222.92	1.11	53.85	0.62	34.70	2070.69	-1888.69	1578.77
Saccade R	1	4	4276769854	4276801848	31994	420.17	172.85	432.98	222.92	1.11	53.85	0.62	34.70	2070.69	-1888.69	1578.77
Fixation L	1	3	4276801848	4276973880	172032	441.71	229.47	14	40	-1	16.12	16.12
Fixation R	1	3	4276801848	4276973880	172032	441.71	229.47	14	40	-1	15.83	15.83
Saccade L	1	5	4276973880	4277025849	51969	436.42	255.99	420.07	322.84	1.90	53.26	0.69	36.56	1376.25	-1371.26	640.49
Saccade R	1	5	4276973880	4277025849	51969	436.42	255.99	420.07	322.84	1.90	53.26	0.69	36.56	1376.25	-1371.26	640.49
Saccade L	1	6	4277025849	4277057855	32006	420.07	322.84	483.65	276.96	2.25	160.46	0.50	70.33	6067.80	-6698.81	4381.87
Saccade R	1	6	4277025849	4277057855	32006	420.07	322.84	483.65	276.96	2.25	160.46	0.50	70.33	6067.80	-6698.81	4381.87
Fixation L	1	4	4277057855	4277489740	431885	486.29	281.45	28	100	-1	16.70	16.70
Fixation R	1	4	4277057855	4277489740	431885	486.29	281.45	28	100	-1	16.30	16.30
Saccade L	1	7	4277489740	4277513759	24019	501.37	254.95	418.47	256.25	1.52	125.75	0.67	63.36	5588.40	-5693.57	3962.84
Saccade R	1	7	4277489740	4277513759	24019	501.37	254.95	418.47	256.25	1.52	125.75	0.67	63.36	5588.40	-5693.57	3962.84
Fixation L	1	5	4277513759	4277629773	116014	427.52	259.70	19	19	-1	17.07	17.07
Fixation R	1	5	4277513759	4277629773	116014	427.52	259.70	19	19	-1	16.22	16.22
UserEvent	1	2	4277557182	# Message: UE-mouseclick left x=492 y=304
Fixation L	1	6	4277645756	4277893776	248020	429.47	256.03	18	72	-1	17.00	17.00
Fixation R	1	6	4277645756	4277893776	248020	429.47	256.03	18	72	-1	16.00	16.00
Saccade L	1	8	4277893776	4277937765	43989	430.12	277.66	466.76	414.57	3.63	233.64	0.36	82.57	10016.52	-8664.51	5487.51
Saccade R	1	8	4277893776	4277937765	43989	430.12	277.66	466.76	414.57	3.63	233.64	0.36	82.57	10016.52	-8664.51	5487.51
Fixation L	1	7	4277937765	4278089744	151979	470.39	403.17	20	20	-1	17.11	17.11
Fixation R	1	7	4277937765	4278089744	151979	470.39	403.17	20	20	-1	16.27	16.27
Saccade L	1	9	4278089744	4278117671	27927	474.40	410.59	444.67	400.67	1.23	97.65	0.43	44.20	3612.75	-3167.08	2187.05
Saccade R	1	9	4278089744	4278117671	27927	474.40	410.59	444.67	400.67	1.23	97.65	0.43	44.20	3612.75	-3167.08	2187.05
Fixation L	1	8	4278117671	4278529749	412078	415.67	401.51	46	29	-1	16.86	16.86
Fixation R	1	8	4278117671	4278529749	412078	415.67	401.51	46	29	-1	16.24	16.24
UserEvent	1	3	4278429200	# Message: UE-mouseclick left x=374 y=395
