[BeGaze]
Converted from:	D:\Kirillov\Results\ermolova_temp\Boris-eye_data.idf
Date:	17.04.2019 03:54:04
Version:	BeGaze 3.0.181
Sample Rate:	250
Subject:	Boris
Description:	Run34

Table Header for Fixations:
Event Type	Trial	Number	Start	End	Duration	Location X	Location Y	Dispersion X	Dispersion Y	Plane	Avg. Pupil Size X	Avg. Pupil Size Y

Table Header for Saccades:
Event Type	Trial	Number	Start	End	Duration	Start Loc.X	Start Loc.Y	End Loc.X	End Loc.Y	Amplitude	Peak Speed	Peak Speed At	Average Speed	Peak Accel.	Peak Decel.	Average Accel.

Table Header for User Events:
Event Type	Trial	Number	Start	Description

UserEvent	1	1	1745395292	# Message: experiment-16.jpg
Fixation L	1	1	1745420910	1745700933	280023	811.81	422.04	34	17	-1	13.17	13.17
Fixation R	1	1	1745420910	1745820938	400028	639.74	331.76	1190	509	-1	12.38	12.38
Fixation L	1	2	1745892932	1746020808	127876	953.84	417.07	11	7	-1	12.30	12.30
Fixation R	1	2	1745892932	1746020808	127876	953.84	417.07	11	7	-1	12.74	12.74
Saccade L	1	1	1746020808	1746096806	75998	957.28	417.23	1037.51	593.99	4.54	213.07	0.26	59.78	9934.70	-8793.93	3745.07
Saccade R	1	1	1746020808	1746096806	75998	957.28	417.23	1037.51	593.99	4.54	213.07	0.26	59.78	9934.70	-8793.93	3745.07
Fixation L	1	3	1746096806	1746172781	75975	1028.19	597.54	14	5	-1	12.50	12.50
Fixation R	1	3	1746096806	1746172781	75975	1028.19	597.54	14	5	-1	12.76	12.76
Saccade L	1	2	1746172781	1746240807	68026	1025.94	595.80	257.40	304.96	18.37	566.28	0.29	270.01	28095.18	-18412.94	13614.14
Saccade R	1	2	1746172781	1746240807	68026	1025.94	595.80	257.40	304.96	18.37	566.28	0.29	270.01	28095.18	-18412.94	13614.14
Fixation L	1	4	1746240807	1746472786	231979	237.65	290.28	45	29	-1	12.56	12.56
Fixation R	1	4	1746240807	1746472786	231979	237.65	290.28	45	29	-1	12.56	12.56
Saccade L	1	3	1746472786	1746524815	52029	239.05	293.89	338.31	332.15	2.53	164.78	0.31	48.58	7110.55	-6738.78	3444.76
Saccade R	1	3	1746472786	1746524815	52029	239.05	293.89	338.31	332.15	2.53	164.78	0.31	48.58	7110.55	-6738.78	3444.76
Fixation L	1	5	1746524815	1746588879	64064	333.74	329.21	16	9	-1	12.49	12.49
Fixation R	1	5	1746524815	1746872850	348035	100.13	97.00	632	439	-1	9.19	9.19
Fixation L	1	6	1746948846	1747220831	271985	1041.61	587.68	38	62	-1	13.07	13.07
Fixation R	1	6	1746948846	1747220831	271985	1041.61	587.68	38	62	-1	13.37	13.37
Saccade L	1	4	1747220831	1747304836	84005	1030.03	625.25	296.53	358.40	18.27	713.42	0.24	217.43	34373.37	-23576.25	13095.03
Saccade R	1	4	1747220831	1747304836	84005	1030.03	625.25	296.53	358.40	18.27	713.42	0.24	217.43	34373.37	-23576.25	13095.03
Fixation L	1	7	1747304836	1747704725	399889	223.01	255.09	600	367	-1	11.07	11.07
Fixation R	1	7	1747304836	1747704725	399889	223.01	255.09	600	367	-1	11.06	11.06
Fixation L	1	8	1747792722	1747984724	192002	296.81	335.31	20	39	-1	12.66	12.66
Fixation R	1	8	1747792722	1747984724	192002	296.81	335.31	20	39	-1	12.42	12.42
Saccade L	1	5	1747984724	1748044749	60025	287.77	347.16	290.00	232.14	3.10	129.80	0.33	51.59	5955.28	-5497.87	2973.75
Saccade R	1	5	1747984724	1748044749	60025	287.77	347.16	290.00	232.14	3.10	129.80	0.33	51.59	5955.28	-5497.87	2973.75
Fixation L	1	9	1748044749	1748196748	151999	300.87	243.84	17	20	-1	13.05	13.05
Fixation R	1	9	1748044749	1748196748	151999	300.87	243.84	17	20	-1	13.04	13.04
Fixation L	1	10	1748320740	1748380753	60013	966.88	574.61	4	13	-1	12.95	12.95
Fixation R	1	10	1748320740	1748380753	60013	966.88	574.61	4	13	-1	13.13	13.13
Saccade L	1	6	1748380753	1748416742	35989	967.24	583.70	1047.21	607.05	2.07	150.64	0.33	57.53	6825.23	-6622.62	4144.72
Saccade R	1	6	1748380753	1748416742	35989	967.24	583.70	1047.21	607.05	2.07	150.64	0.33	57.53	6825.23	-6622.62	4144.72
Fixation L	1	11	1748416742	1748520744	104002	1050.25	613.23	7	10	-1	13.18	13.18
Fixation R	1	11	1748416742	1748520744	104002	1050.25	613.23	7	10	-1	13.33	13.33
Saccade L	1	7	1748520744	1748568766	48022	1049.42	612.95	964.22	484.92	3.81	220.62	0.42	79.29	10259.02	-9353.80	5912.45
Saccade R	1	7	1748520744	1748568766	48022	1049.42	612.95	964.22	484.92	3.81	220.62	0.42	79.29	10259.02	-9353.80	5912.45
Fixation L	1	12	1748568766	1748700737	131971	975.26	481.67	18	6	-1	12.78	12.78
Fixation R	1	12	1748568766	1748700737	131971	975.26	481.67	18	6	-1	12.88	12.88
Saccade L	1	8	1748700737	1748736736	35999	978.07	481.99	994.10	407.44	1.62	101.27	0.44	44.88	4696.34	-4607.12	3271.97
Saccade R	1	8	1748700737	1748736736	35999	978.07	481.99	994.10	407.44	1.62	101.27	0.44	44.88	4696.34	-4607.12	3271.97
Fixation L	1	13	1748736736	1748912613	175877	980.79	405.46	19	10	-1	12.34	12.34
Fixation R	1	13	1748736736	1748912613	175877	980.79	405.46	19	10	-1	12.70	12.70
Saccade L	1	9	1748912613	1748976641	64028	979.70	402.19	273.27	295.34	16.15	565.26	0.31	252.22	26391.72	-16014.57	13297.20
Saccade R	1	9	1748912613	1748976641	64028	979.70	402.19	273.27	295.34	16.15	565.26	0.31	252.22	26391.72	-16014.57	13297.20
Fixation L	1	14	1748976641	1749212637	235996	276.21	296.64	47	28	-1	12.60	12.60
Fixation R	1	14	1748976641	1749212637	235996	276.21	296.64	47	28	-1	12.59	12.59
Saccade L	1	10	1749212637	1749256639	44002	299.96	316.46	321.37	180.30	3.27	205.39	0.36	74.26	10104.24	-9190.91	5376.03
Saccade R	1	10	1749212637	1749256639	44002	299.96	316.46	321.37	180.30	3.27	205.39	0.36	74.26	10104.24	-9190.91	5376.03
Fixation L	1	15	1749256639	1749468644	212005	325.29	197.73	21	32	-1	12.82	12.82
Fixation R	1	15	1749256639	1749468644	212005	325.29	197.73	21	32	-1	12.98	12.98
Saccade L	1	11	1749468644	1749508624	39980	317.89	212.56	447.25	223.84	2.77	207.43	0.70	69.20	8870.79	-9030.03	5203.63
Saccade R	1	11	1749468644	1749508624	39980	317.89	212.56	447.25	223.84	2.77	207.43	0.70	69.20	8870.79	-9030.03	5203.63
Fixation L	1	16	1749508624	1749664631	156007	439.67	221.40	13	6	-1	13.16	13.16
Fixation R	1	16	1749508624	1749664631	156007	439.67	221.40	13	6	-1	13.51	13.51
Saccade L	1	12	1749664631	1749728640	64009	436.62	219.29	1044.15	595.56	16.37	490.58	0.31	255.80	23966.12	-20793.39	12689.32
Saccade R	1	12	1749664631	1749728640	64009	436.62	219.29	1044.15	595.56	16.37	490.58	0.31	255.80	23966.12	-20793.39	12689.32
Fixation L	1	17	1749728640	1749856648	128008	1038.84	589.92	17	18	-1	13.33	13.33
Fixation R	1	17	1749728640	1749856648	128008	1038.84	589.92	17	18	-1	13.78	13.78
Saccade L	1	13	1749856648	1749904643	47995	1031.44	586.33	1143.94	611.45	2.96	173.10	0.33	61.68	8472.26	-7686.32	4518.27
Saccade R	1	13	1749856648	1749904643	47995	1031.44	586.33	1143.94	611.45	2.96	173.10	0.33	61.68	8472.26	-7686.32	4518.27
Fixation L	1	18	1749904643	1750052645	148002	1142.80	599.38	9	40	-1	13.09	13.09
Fixation R	1	18	1749904643	1750052645	148002	1142.80	599.38	9	40	-1	13.52	13.52
Fixation L	1	19	1750120646	1750384519	263873	1244.44	593.97	29	14	-1	12.66	12.66
Fixation R	1	19	1750120646	1750384519	263873	1244.44	593.97	29	14	-1	12.92	12.92
Saccade L	1	14	1750384519	1750460523	76004	1257.01	594.75	322.32	174.20	23.50	621.73	0.37	309.21	29343.24	-18880.58	14065.01
Saccade R	1	14	1750384519	1750460523	76004	1257.01	594.75	322.32	174.20	23.50	621.73	0.37	309.21	29343.24	-18880.58	14065.01
Saccade L	1	15	1750460523	1750488534	28011	322.32	174.20	354.76	173.79	0.74	45.19	0.43	26.50	1267.71	-1826.65	998.24
Saccade R	1	15	1750460523	1750488534	28011	322.32	174.20	354.76	173.79	0.74	45.19	0.43	26.50	1267.71	-1826.65	998.24
Fixation L	1	20	1750488534	1750684551	196017	359.33	183.83	16	16	-1	12.57	12.57
Fixation R	1	20	1750488534	1750684551	196017	359.33	183.83	16	16	-1	12.53	12.53
Saccade L	1	16	1750684551	1750712500	27949	353.52	180.33	388.00	113.23	1.57	110.18	0.57	56.02	5061.69	-5198.70	3834.43
Saccade R	1	16	1750684551	1750712500	27949	353.52	180.33	388.00	113.23	1.57	110.18	0.57	56.02	5061.69	-5198.70	3834.43
Fixation L	1	21	1750712500	1751032550	320050	391.04	125.78	23	27	-1	12.67	12.67
Fixation R	1	21	1750712500	1751032550	320050	391.04	125.78	23	27	-1	12.71	12.71
Saccade R	1	17	1751044536	1751072536	28000	310.67	134.09	0.00	0.01	11.56	1106.87	0.57	412.72	40274.60	-49310.80	27582.86
Saccade R	1	18	1751104535	1751156550	52015	0.00	0.00	437.12	109.46	17.08	857.53	0.31	328.41	40601.82	-31608.48	19693.96
Fixation L	1	22	1751156550	1751668424	511874	301.10	97.09	732	447	-1	11.36	11.36
Fixation R	1	22	1751156550	1751468541	311991	419.62	130.98	37	37	-1	13.04	13.04
Fixation L	1	23	1751744429	1751840423	95994	400.66	119.51	25	10	-1	12.97	12.97
Fixation R	1	23	1751744429	1751840423	95994	400.66	119.51	25	10	-1	13.08	13.08
Saccade L	1	17	1751840423	1751940435	100012	406.46	121.87	1223.09	653.42	24.92	567.68	0.40	249.15	25649.68	-21426.98	10200.73
Saccade R	1	19	1751840423	1751940435	100012	406.46	121.87	1223.09	653.42	24.92	567.68	0.40	249.15	25649.68	-21426.98	10200.73
Fixation L	1	24	1751940435	1752020460	80025	1238.24	666.64	29	21	-1	13.37	13.37
Fixation R	1	24	1751940435	1752020460	80025	1238.24	666.64	29	21	-1	14.17	14.17
Saccade L	1	18	1752020460	1752092429	71969	1252.74	666.80	1097.30	583.92	6.91	320.75	0.39	96.06	15475.94	-9927.60	5489.55
Saccade R	1	20	1752020460	1752092429	71969	1252.74	666.80	1097.30	583.92	6.91	320.75	0.39	96.06	15475.94	-9927.60	5489.55
Saccade L	1	19	1752092429	1752120451	28022	1097.30	583.92	1049.95	595.87	1.15	97.74	0.57	41.03	2545.81	-2762.10	1878.69
Saccade R	1	21	1752092429	1752120451	28022	1097.30	583.92	1049.95	595.87	1.15	97.74	0.57	41.03	2545.81	-2762.10	1878.69
Fixation L	1	25	1752120451	1752196447	75996	1035.20	612.60	21	24	-1	13.73	13.73
Fixation R	1	25	1752120451	1752196447	75996	1035.20	612.60	21	24	-1	14.06	14.06
Saccade L	1	20	1752196447	1752248459	52012	1037.30	619.51	948.82	605.11	2.32	140.92	0.31	44.57	6806.70	-5978.26	3151.83
Saccade R	1	22	1752196447	1752248459	52012	1037.30	619.51	948.82	605.11	2.32	140.92	0.31	44.57	6806.70	-5978.26	3151.83
Fixation L	1	26	1752248459	1752336444	87985	944.60	606.19	7	12	-1	13.14	13.14
Fixation R	1	26	1752248459	1752336444	87985	944.60	606.19	7	12	-1	13.16	13.16
