[BeGaze]
Converted from:	D:\Kirillov\Results\ermolova_temp\Boris-eye_data.idf
Date:	17.04.2019 03:54:02
Version:	BeGaze 3.0.181
Sample Rate:	250
Subject:	Boris
Description:	Run34

Table Header for Fixations:
Event Type	Trial	Number	Start	End	Duration	Location X	Location Y	Dispersion X	Dispersion Y	Plane	Avg. Pupil Size X	Avg. Pupil Size Y

Table Header for Saccades:
Event Type	Trial	Number	Start	End	Duration	Start Loc.X	Start Loc.Y	End Loc.X	End Loc.Y	Amplitude	Peak Speed	Peak Speed At	Average Speed	Peak Accel.	Peak Decel.	Average Accel.

Table Header for User Events:
Event Type	Trial	Number	Start	Description

UserEvent	1	1	1654185772	# Message: experiment-11.jpg
Saccade L	1	1	1654219058	1654263062	44004	215.13	287.36	655.10	428.74	9.71	415.23	0.45	220.61	20834.97	-16295.65	13006.56
Saccade R	1	1	1654219058	1654263062	44004	215.13	287.36	655.10	428.74	9.71	415.23	0.45	220.61	20834.97	-16295.65	13006.56
Fixation L	1	1	1654263062	1654503094	240032	635.47	414.32	32	30	-1	13.63	13.63
Fixation R	1	1	1654263062	1654607040	343978	495.72	324.17	777	481	-1	12.68	12.68
Fixation L	1	2	1654683137	1654770962	87825	911.50	700.08	38	29	-1	12.87	12.87
Fixation R	1	2	1654683137	1654770962	87825	911.50	700.08	38	29	-1	13.52	13.52
Saccade L	1	2	1654770962	1654794945	23983	930.98	718.58	784.73	695.60	2.88	242.91	0.50	120.04	10564.53	-9280.05	7430.40
Saccade R	1	2	1654770962	1654794945	23983	930.98	718.58	784.73	695.60	2.88	242.91	0.50	120.04	10564.53	-9280.05	7430.40
Fixation L	1	3	1654794945	1654898975	104030	809.31	697.75	33	19	-1	13.11	13.11
Fixation R	1	3	1654794945	1654898975	104030	809.31	697.75	33	19	-1	13.59	13.59
Saccade L	1	3	1654898975	1654922968	23993	807.13	684.31	846.05	699.99	0.83	51.98	0.50	34.48	1991.70	-2003.13	1458.11
Saccade R	1	3	1654898975	1654922968	23993	807.13	684.31	846.05	699.99	0.83	51.98	0.50	34.48	1991.70	-2003.13	1458.11
Saccade L	1	4	1654938966	1654966951	27985	835.38	699.61	789.73	667.12	1.19	72.11	0.43	42.38	2868.97	-3268.34	2238.20
Saccade R	1	4	1654938966	1654966951	27985	835.38	699.61	789.73	667.12	1.19	72.11	0.43	42.38	2868.97	-3268.34	2238.20
Fixation R	1	4	1654966951	1655114990	148039	221.77	185.91	835	678	-1	7.46	7.46
Fixation L	1	4	1655178970	1655358974	180004	849.96	668.24	37	55	-1	12.64	12.64
Fixation R	1	5	1655178970	1655358974	180004	849.96	668.24	37	55	-1	13.12	13.12
Saccade L	1	5	1655358974	1655410986	52012	870.07	670.12	988.58	385.31	6.89	279.92	0.31	132.55	13131.78	-7393.84	6976.07
Saccade R	1	5	1655358974	1655410986	52012	870.07	670.12	988.58	385.31	6.89	279.92	0.31	132.55	13131.78	-7393.84	6976.07
Fixation L	1	5	1655410986	1655598980	187994	996.50	396.11	28	26	-1	12.89	12.89
Fixation R	1	6	1655410986	1655598980	187994	996.50	396.11	28	26	-1	13.26	13.26
Saccade L	1	6	1655598980	1655626963	27983	998.52	402.50	1143.25	390.20	3.09	227.71	0.57	110.59	10367.04	-10749.90	7760.64
Saccade R	1	6	1655598980	1655626963	27983	998.52	402.50	1143.25	390.20	3.09	227.71	0.57	110.59	10367.04	-10749.90	7760.64
Fixation L	1	6	1655626963	1655710973	84010	1149.08	387.33	12	13	-1	12.85	12.85
Fixation R	1	7	1655626963	1655710973	84010	1149.08	387.33	12	13	-1	13.18	13.18
Saccade L	1	7	1655710973	1655750967	39994	1154.66	395.79	902.13	379.28	5.26	292.41	0.30	131.52	13657.08	-11395.36	8395.67
Saccade R	1	7	1655710973	1655750967	39994	1154.66	395.79	902.13	379.28	5.26	292.41	0.30	131.52	13657.08	-11395.36	8395.67
Fixation L	1	7	1655750967	1656090996	340029	904.26	347.43	25	64	-1	12.88	12.88
Fixation R	1	8	1655750967	1656090996	340029	904.26	347.43	25	64	-1	13.08	13.08
Saccade L	1	8	1656090996	1656170885	79889	899.70	327.88	932.55	729.24	12.62	392.98	0.35	157.96	17433.88	-13123.27	7633.46
Saccade R	1	8	1656090996	1656170885	79889	899.70	327.88	932.55	729.24	12.62	392.98	0.35	157.96	17433.88	-13123.27	7633.46
Saccade L	1	9	1656206892	1656246852	39960	876.29	717.55	937.94	759.89	1.65	82.96	0.40	41.21	3405.14	-2817.74	2058.08
Saccade R	1	9	1656206892	1656246852	39960	876.29	717.55	937.94	759.89	1.65	82.96	0.40	41.21	3405.14	-2817.74	2058.08
Saccade L	1	10	1656278887	1656306859	27972	920.85	760.80	945.01	697.90	1.40	89.62	0.43	49.94	3808.88	-4002.87	2882.99
Saccade R	1	10	1656278887	1656306859	27972	920.85	760.80	945.01	697.90	1.40	89.62	0.43	49.94	3808.88	-4002.87	2882.99
Fixation L	1	8	1656306859	1656478869	172010	933.35	704.17	28	23	-1	13.00	13.00
Fixation R	1	9	1656306859	1656586865	280006	613.10	462.89	948	715	-1	11.51	11.51
Saccade L	1	11	1656686841	1656734881	48040	930.49	618.22	1046.16	361.86	6.21	264.25	0.33	129.28	11766.46	-7954.72	7049.92
Saccade R	1	11	1656686841	1656734881	48040	930.49	618.22	1046.16	361.86	6.21	264.25	0.33	129.28	11766.46	-7954.72	7049.92
Fixation L	1	9	1656734881	1656874883	140002	1041.59	364.19	23	11	-1	12.95	12.95
Fixation R	1	10	1656734881	1656874883	140002	1041.59	364.19	23	11	-1	13.48	13.48
Saccade L	1	12	1656874883	1656918871	43988	1024.65	371.76	1142.75	335.94	3.23	185.35	0.36	73.40	8424.96	-7483.75	4863.81
Saccade R	1	12	1656874883	1656918871	43988	1024.65	371.76	1142.75	335.94	3.23	185.35	0.36	73.40	8424.96	-7483.75	4863.81
Fixation L	1	10	1656918871	1657098889	180018	1137.55	340.69	15	24	-1	13.44	13.44
Fixation R	1	11	1656918871	1657098889	180018	1137.55	340.69	15	24	-1	13.76	13.76
Saccade L	1	13	1657098889	1657126879	27990	1129.35	357.87	1224.68	342.91	1.95	136.20	0.57	69.69	6256.66	-5750.84	4469.58
Saccade R	1	13	1657098889	1657126879	27990	1129.35	357.87	1224.68	342.91	1.95	136.20	0.57	69.69	6256.66	-5750.84	4469.58
Fixation L	1	11	1657126879	1657346883	220004	1225.72	335.05	15	13	-1	13.21	13.21
Fixation R	1	12	1657126879	1657346883	220004	1225.72	335.05	15	13	-1	13.69	13.69
Saccade L	1	14	1657346883	1657374887	28004	1225.37	338.47	1102.24	339.79	2.48	199.40	0.57	88.66	8808.37	-8685.27	6493.54
Saccade R	1	14	1657346883	1657374887	28004	1225.37	338.47	1102.24	339.79	2.48	199.40	0.57	88.66	8808.37	-8685.27	6493.54
Fixation L	1	12	1657374887	1657598754	223867	1120.32	325.21	28	29	-1	12.96	12.96
Fixation R	1	13	1657374887	1657598754	223867	1120.32	325.21	28	29	-1	13.24	13.24
Saccade L	1	15	1657598754	1657626760	28006	1130.73	311.09	1254.82	306.20	2.60	209.63	0.57	92.78	9776.53	-9860.62	7181.44
Saccade R	1	15	1657598754	1657626760	28006	1130.73	311.09	1254.82	306.20	2.60	209.63	0.57	92.78	9776.53	-9860.62	7181.44
Fixation L	1	13	1657626760	1658046777	420017	1245.88	312.73	24	33	-1	12.93	12.93
Fixation R	1	14	1657626760	1658046777	420017	1245.88	312.73	24	33	-1	13.20	13.20
Saccade L	1	16	1658046777	1658078778	32001	1245.25	331.80	1118.29	332.38	2.64	182.49	0.50	82.42	8176.07	-8078.91	5992.60
Saccade R	1	16	1658046777	1658078778	32001	1245.25	331.80	1118.29	332.38	2.64	182.49	0.50	82.42	8176.07	-8078.91	5992.60
Fixation L	1	14	1658078778	1658214749	135971	1107.27	331.84	16	4	-1	13.05	13.05
Fixation R	1	15	1658078778	1658318788	240010	720.23	216.78	1357	364	-1	11.08	11.08
Fixation L	1	15	1658386776	1658574783	188007	1054.26	346.09	27	27	-1	13.10	13.10
Fixation R	1	16	1658386776	1658574783	188007	1054.26	346.09	27	27	-1	13.41	13.41
Saccade L	1	17	1658574783	1658650799	76016	1054.91	334.00	1030.72	858.15	15.25	471.74	0.26	200.68	22401.92	-14247.12	9432.46
Saccade R	1	17	1658574783	1658650799	76016	1054.91	334.00	1030.72	858.15	15.25	471.74	0.26	200.68	22401.92	-14247.12	9432.46
Fixation L	1	16	1658650799	1658738782	87983	1022.51	860.38	22	20	-1	13.54	13.54
Fixation R	1	17	1658650799	1658738782	87983	1022.51	860.38	22	20	-1	13.88	13.88
Saccade L	1	18	1658738782	1658770784	32002	1010.55	848.20	1063.04	842.67	1.81	140.69	0.38	56.65	5353.85	-5280.67	3529.08
Saccade R	1	18	1658738782	1658770784	32002	1010.55	848.20	1063.04	842.67	1.81	140.69	0.38	56.65	5353.85	-5280.67	3529.08
Fixation L	1	17	1658770784	1658918797	148013	1066.60	837.83	16	17	-1	13.64	13.64
Fixation R	1	18	1658770784	1658918797	148013	1066.60	837.83	16	17	-1	13.80	13.80
Saccade L	1	19	1658918797	1658946790	27993	1070.91	836.89	1114.03	823.48	0.95	60.29	0.43	33.95	2832.66	-2264.80	1907.24
Saccade R	1	19	1658918797	1658946790	27993	1070.91	836.89	1114.03	823.48	0.95	60.29	0.43	33.95	2832.66	-2264.80	1907.24
Fixation L	1	18	1658946790	1659098685	151895	1125.28	812.02	27	20	-1	13.18	13.18
Fixation R	1	19	1658946790	1659098685	151895	1125.28	812.02	27	20	-1	13.37	13.37
Saccade L	1	20	1659098685	1659130667	31982	1132.78	817.81	1003.67	672.89	4.08	291.18	0.50	127.70	13176.41	-11967.74	9229.29
Saccade R	1	20	1659098685	1659130667	31982	1132.78	817.81	1003.67	672.89	4.08	291.18	0.50	127.70	13176.41	-11967.74	9229.29
Fixation L	1	19	1659130667	1659510685	380018	1025.82	683.74	41	31	-1	12.99	12.99
Fixation R	1	20	1659130667	1659610652	479985	850.39	564.29	1466	698	-1	12.21	12.21
Saccade L	1	21	1659718683	1659754686	36003	1040.42	669.36	1104.67	676.44	1.36	66.94	0.44	37.91	2225.75	-2454.79	1674.09
Saccade R	1	21	1659718683	1659754686	36003	1040.42	669.36	1104.67	676.44	1.36	66.94	0.44	37.91	2225.75	-2454.79	1674.09
Fixation L	1	20	1659754686	1659882711	128025	1117.96	677.15	25	24	-1	12.94	12.94
Fixation R	1	21	1659754686	1659882711	128025	1117.96	677.15	25	24	-1	13.37	13.37
Saccade L	1	22	1659882711	1659906684	23973	1119.79	662.61	1024.31	659.17	1.99	177.32	0.50	82.99	8284.73	-7855.83	5801.26
Saccade R	1	22	1659882711	1659906684	23973	1119.79	662.61	1024.31	659.17	1.99	177.32	0.50	82.99	8284.73	-7855.83	5801.26
Fixation L	1	21	1659906684	1660298724	392040	1033.76	658.62	55	18	-1	13.37	13.37
Fixation R	1	22	1659906684	1660298724	392040	1033.76	658.62	55	18	-1	13.72	13.72
Saccade L	1	23	1660298724	1660330698	31974	1051.96	663.76	1151.43	827.46	3.99	297.19	0.50	124.82	13857.35	-13429.47	9809.43
Saccade R	1	23	1660298724	1660330698	31974	1051.96	663.76	1151.43	827.46	3.99	297.19	0.50	124.82	13857.35	-13429.47	9809.43
Fixation L	1	22	1660330698	1660498600	167902	1172.27	843.16	35	31	-1	13.33	13.33
Fixation R	1	23	1660330698	1660498600	167902	1172.27	843.16	35	31	-1	13.67	13.67
Saccade L	1	24	1660498600	1660526587	27987	1170.15	855.12	1209.33	877.07	0.91	50.86	0.57	32.68	2077.00	-1680.35	1396.36
Saccade R	1	24	1660498600	1660526587	27987	1170.15	855.12	1209.33	877.07	0.91	50.86	0.57	32.68	2077.00	-1680.35	1396.36
Fixation L	1	23	1660526587	1660638603	112016	1212.25	882.40	19	9	-1	13.48	13.48
Fixation R	1	24	1660526587	1660638603	112016	1212.25	882.40	19	9	-1	13.83	13.83
Saccade L	1	25	1660638603	1660670579	31976	1187.02	873.97	1313.55	952.74	3.49	276.74	0.37	109.20	11004.56	-11086.00	7503.82
Saccade R	1	25	1660638603	1660670579	31976	1187.02	873.97	1313.55	952.74	3.49	276.74	0.37	109.20	11004.56	-11086.00	7503.82
Fixation L	1	24	1660670579	1661086652	416073	1320.41	962.42	42	34	-1	13.49	13.49
Fixation R	1	25	1660670579	1661086652	416073	1320.41	962.42	42	34	-1	13.82	13.82
Saccade L	1	26	1661086652	1661118625	31973	1326.38	984.53	1142.07	809.10	5.15	403.21	0.62	161.07	17575.17	-17291.65	12207.00
Saccade R	1	26	1661086652	1661118625	31973	1326.38	984.53	1142.07	809.10	5.15	403.21	0.62	161.07	17575.17	-17291.65	12207.00
Fixation L	1	25	1661118625	1661254613	135988	1164.93	819.71	34	18	-1	13.63	13.63
Fixation R	1	26	1661118625	1661378623	259998	798.18	555.33	1738	898	-1	11.84	11.81
Saccade R	1	27	1661378623	1661474603	95980	0.00	0.00	1229.49	950.40	40.02	1983.83	0.21	417.00	81089.62	-67997.05	24668.87
Fixation L	1	26	1661474603	1661526610	52007	1239.13	956.61	15	9	-1	13.34	13.34
Fixation R	1	27	1661474603	1661526610	52007	1239.13	956.61	15	9	-1	13.83	13.83
Saccade L	1	27	1661526610	1661550615	24005	1243.15	954.79	1310.24	958.06	1.20	95.30	0.67	50.04	4270.97	-3043.09	2670.36
Saccade R	1	28	1661526610	1661550615	24005	1243.15	954.79	1310.24	958.06	1.20	95.30	0.67	50.04	4270.97	-3043.09	2670.36
Saccade L	1	28	1661550615	1661598625	48010	1310.24	958.06	1350.95	996.39	1.46	47.24	0.42	30.34	1620.17	-2783.78	1150.52
Saccade R	1	29	1661550615	1661598625	48010	1310.24	958.06	1350.95	996.39	1.46	47.24	0.42	30.34	1620.17	-2783.78	1150.52
Fixation L	1	27	1661598625	1661674592	75967	1360.12	1003.87	13	11	-1	13.67	13.67
Fixation R	1	28	1661598625	1661674592	75967	1360.12	1003.87	13	11	-1	14.07	14.07
Saccade L	1	29	1661674592	1661738596	64004	1359.48	1008.30	1142.25	330.30	16.77	601.36	0.31	262.04	29648.31	-18589.89	13979.94
Saccade R	1	30	1661674592	1661738596	64004	1359.48	1008.30	1142.25	330.30	16.77	601.36	0.31	262.04	29648.31	-18589.89	13979.94
Fixation L	1	28	1661738596	1662054486	315890	1139.13	351.24	21	41	-1	13.61	13.61
Fixation R	1	29	1661738596	1662054486	315890	1139.13	351.24	21	41	-1	13.79	13.79
Saccade L	1	30	1662054486	1662082494	28008	1137.61	364.95	1224.48	339.45	1.81	125.07	0.43	64.50	5989.09	-5417.29	4292.47
Saccade R	1	31	1662054486	1662082494	28008	1137.61	364.95	1224.48	339.45	1.81	125.07	0.43	64.50	5989.09	-5417.29	4292.47
Fixation L	1	29	1662082494	1662286495	204001	1231.98	332.39	29	14	-1	13.15	13.15
Fixation R	1	30	1662082494	1662286495	204001	1231.98	332.39	29	14	-1	13.38	13.38
Saccade L	1	31	1662286495	1662314489	27994	1234.61	324.50	1137.80	324.26	1.97	142.82	0.43	70.40	6445.39	-6572.93	4805.28
Saccade R	1	32	1662286495	1662314489	27994	1234.61	324.50	1137.80	324.26	1.97	142.82	0.43	70.40	6445.39	-6572.93	4805.28
Fixation L	1	30	1662314489	1662478507	164018	1136.13	328.71	7	9	-1	13.08	13.08
Fixation R	1	31	1662314489	1662478507	164018	1136.13	328.71	7	9	-1	13.11	13.11
Saccade L	1	32	1662478507	1662502465	23958	1136.73	331.57	1247.43	328.50	2.16	182.72	0.50	90.26	7943.73	-7830.39	5918.03
Saccade R	1	33	1662478507	1662502465	23958	1136.73	331.57	1247.43	328.50	2.16	182.72	0.50	90.26	7943.73	-7830.39	5918.03
Fixation L	1	31	1662502465	1662930506	428041	1261.57	319.67	48	30	-1	12.95	12.95
Fixation R	1	32	1662502465	1662930506	428041	1261.57	319.67	48	30	-1	13.15	13.15
Saccade L	1	33	1662930506	1662962500	31994	1285.16	307.14	1147.16	323.12	2.93	206.39	0.37	91.53	9179.77	-8671.84	6321.00
Saccade R	1	34	1662930506	1662962500	31994	1285.16	307.14	1147.16	323.12	2.93	206.39	0.37	91.53	9179.77	-8671.84	6321.00
Fixation L	1	32	1662962500	1663294386	331886	1139.18	335.04	28	21	-1	12.58	12.58
Fixation R	1	33	1662962500	1663294386	331886	1139.18	335.04	28	21	-1	12.95	12.95
Saccade L	1	34	1663294386	1663322397	28011	1121.87	337.08	1249.43	332.40	2.60	195.06	0.57	92.76	9061.88	-8692.09	6526.44
Saccade R	1	35	1663294386	1663322397	28011	1121.87	337.08	1249.43	332.40	2.60	195.06	0.57	92.76	9061.88	-8692.09	6526.44
Fixation L	1	33	1663322397	1663618414	296017	1253.06	323.53	42	15	-1	12.84	12.84
Fixation R	1	34	1663322397	1663618414	296017	1253.06	323.53	42	15	-1	13.04	13.04
Saccade L	1	35	1663618414	1663694391	75977	1240.77	325.66	1225.78	897.94	16.37	473.60	0.53	215.47	20581.47	-20898.51	9707.24
Saccade R	1	36	1663618414	1663694391	75977	1240.77	325.66	1225.78	897.94	16.37	473.60	0.53	215.47	20581.47	-20898.51	9707.24
Fixation L	1	34	1663694391	1663806396	112005	1206.58	894.79	31	8	-1	13.06	13.06
Fixation R	1	35	1663694391	1663806396	112005	1206.58	894.79	31	8	-1	12.98	12.98
Saccade L	1	36	1663806396	1663838406	32010	1210.05	897.30	1330.89	988.67	3.62	270.18	0.37	113.22	12713.13	-12189.12	8292.51
Saccade R	1	37	1663806396	1663838406	32010	1210.05	897.30	1330.89	988.67	3.62	270.18	0.37	113.22	12713.13	-12189.12	8292.51
Fixation L	1	35	1663838406	1663994355	155949	1330.18	994.80	36	23	-1	12.96	12.96
Fixation R	1	36	1663838406	1664102408	264002	902.43	671.97	1433	1002	-1	10.86	10.86
Fixation L	1	36	1664198422	1664282478	84056	1295.02	952.22	27	9	-1	12.29	12.29
Fixation R	1	37	1664198422	1664282478	84056	1295.02	952.22	27	9	-1	13.07	13.07
Saccade L	1	37	1664282478	1664310434	27956	1286.66	949.19	1113.12	950.22	3.57	282.47	0.57	127.76	12942.85	-12708.37	9362.07
Saccade R	1	38	1664282478	1664310434	27956	1286.66	949.19	1113.12	950.22	3.57	282.47	0.57	127.76	12942.85	-12708.37	9362.07
Saccade L	1	38	1664322411	1664342417	20006	1118.31	947.79	1093.28	939.72	0.64	49.77	0.40	32.08	1376.78	-1627.37	999.20
Saccade R	1	39	1664322411	1664342417	20006	1118.31	947.79	1093.28	939.72	0.64	49.77	0.40	32.08	1376.78	-1627.37	999.20
Fixation L	1	37	1664342417	1664510413	167996	1101.57	942.95	64	35	-1	12.98	12.98
Fixation R	1	38	1664342417	1664510413	167996	1101.57	942.95	64	35	-1	13.34	13.34
Saccade L	1	39	1664510413	1664534383	23970	1146.29	969.51	1080.43	966.27	1.42	118.91	0.50	59.17	4442.33	-4479.76	3062.66
Saccade R	1	40	1664510413	1664534383	23970	1146.29	969.51	1080.43	966.27	1.42	118.91	0.50	59.17	4442.33	-4479.76	3062.66
Fixation L	1	38	1664534383	1664674305	139922	1087.96	976.10	29	41	-1	13.07	13.07
Fixation R	1	39	1664534383	1664674305	139922	1087.96	976.10	29	41	-1	13.43	13.43
Saccade L	1	40	1664674305	1664702287	27982	1103.40	990.96	1185.08	976.02	1.79	135.14	0.43	64.14	6514.03	-6026.98	4529.99
Saccade R	1	41	1664674305	1664702287	27982	1103.40	990.96	1185.08	976.02	1.79	135.14	0.43	64.14	6514.03	-6026.98	4529.99
Fixation L	1	39	1664702287	1664922330	220043	1157.72	943.30	50	50	-1	12.96	12.96
Fixation R	1	40	1664702287	1664922330	220043	1157.72	943.30	50	50	-1	13.47	13.47
Saccade L	1	41	1664922330	1664978318	55988	1154.75	943.86	941.38	328.26	14.54	523.47	0.36	259.68	25374.39	-16165.93	14234.81
Saccade R	1	42	1664922330	1664978318	55988	1154.75	943.86	941.38	328.26	14.54	523.47	0.36	259.68	25374.39	-16165.93	14234.81
Fixation L	1	40	1664978318	1665294307	315989	938.65	338.19	15	30	-1	13.00	13.00
Fixation R	1	41	1664978318	1665414278	435960	705.85	254.20	946	354	-1	11.55	11.55
Fixation R	1	42	1665522305	1665682773	160468	272.85	160.66	1432	750	-1	9.05	9.05
Saccade L	1	42	1665770285	1665810312	40027	1237.15	957.11	1292.25	1012.41	1.49	58.80	0.70	37.20	1658.99	-2639.18	1481.92
Saccade R	1	43	1665770285	1665810312	40027	1237.15	957.11	1292.25	1012.41	1.49	58.80	0.70	37.20	1658.99	-2639.18	1481.92
Saccade L	1	43	1665822315	1665850319	28004	1298.63	1012.51	1294.15	962.56	1.00	59.68	0.43	35.76	2431.68	-1902.74	1511.90
Saccade R	1	44	1665822315	1665850319	28004	1298.63	1012.51	1294.15	962.56	1.00	59.68	0.43	35.76	2431.68	-1902.74	1511.90
Fixation L	1	41	1665850319	1666106195	255876	1302.70	974.15	49	36	-1	13.60	13.60
Fixation R	1	43	1665850319	1666106195	255876	1302.70	974.15	49	36	-1	14.21	14.21
Saccade L	1	44	1666106195	1666142208	36013	1293.96	972.11	1390.99	971.17	2.24	140.82	0.44	62.15	6139.90	-5938.14	4264.90
Saccade R	1	45	1666106195	1666142208	36013	1293.96	972.11	1390.99	971.17	2.24	140.82	0.44	62.15	6139.90	-5938.14	4264.90
Fixation L	1	42	1666142208	1666266193	123985	1376.67	961.63	52	28	-1	13.23	13.23
Fixation R	1	44	1666142208	1666266193	123985	1376.67	961.63	52	28	-1	13.57	13.57
Saccade L	1	45	1666266193	1666334219	68026	1350.75	944.85	1222.35	354.30	14.06	440.05	0.23	206.66	21023.00	-14923.95	10367.22
Saccade R	1	46	1666266193	1666334219	68026	1350.75	944.85	1222.35	354.30	14.06	440.05	0.23	206.66	21023.00	-14923.95	10367.22
Fixation L	1	43	1666334219	1666530219	196000	1211.34	367.04	29	22	-1	13.03	13.03
Fixation R	1	45	1666334219	1666606214	271995	981.88	297.93	1477	501	-1	11.73	11.73
Fixation L	1	44	1666666230	1666842239	176009	1281.20	323.45	42	44	-1	13.10	13.10
Fixation R	1	46	1666666230	1666842239	176009	1281.20	323.45	42	44	-1	13.32	13.32
Saccade L	1	46	1666842239	1666866226	23987	1286.31	317.24	1147.31	317.17	2.87	250.00	0.50	119.73	11574.75	-11222.17	8245.32
Saccade R	1	47	1666842239	1666866226	23987	1286.31	317.24	1147.31	317.17	2.87	250.00	0.50	119.73	11574.75	-11222.17	8245.32
Fixation L	1	45	1666866226	1667074211	207985	1143.07	331.76	41	29	-1	13.47	13.47
Fixation R	1	47	1666866226	1667074211	207985	1143.07	331.76	41	29	-1	13.73	13.73
Saccade L	1	47	1667074211	1667154237	80026	1152.80	335.94	1373.89	1003.78	21.97	633.52	0.45	274.60	21873.99	-22485.85	12395.21
Saccade R	1	48	1667074211	1667154237	80026	1152.80	335.94	1373.89	1003.78	21.97	633.52	0.45	274.60	21873.99	-22485.85	12395.21
Fixation L	1	46	1667154237	1667294227	139990	1368.42	1008.20	29	17	-1	13.59	13.59
Fixation R	1	48	1667154237	1667294227	139990	1368.42	1008.20	29	17	-1	13.83	13.83
Saccade L	1	48	1667294227	1667318285	24058	1386.89	1017.10	1352.63	1006.04	0.70	49.00	0.50	29.26	1336.15	-1871.26	1223.74
Saccade R	1	49	1667294227	1667318285	24058	1386.89	1017.10	1352.63	1006.04	0.70	49.00	0.50	29.26	1336.15	-1871.26	1223.74
Fixation L	1	47	1667318285	1667510099	191814	1333.89	992.15	30	26	-1	13.34	13.34
Fixation R	1	49	1667318285	1667510099	191814	1333.89	992.15	30	26	-1	13.78	13.78
Saccade L	1	49	1667510099	1667550112	40013	1320.06	995.02	1364.19	966.58	1.71	110.07	0.30	42.66	4473.57	-3326.04	2034.98
Saccade R	1	50	1667510099	1667550112	40013	1320.06	995.02	1364.19	966.58	1.71	110.07	0.30	42.66	4473.57	-3326.04	2034.98
Fixation L	1	48	1667550112	1667662119	112007	1377.02	971.72	25	25	-1	13.22	13.22
Fixation R	1	50	1667550112	1667662119	112007	1377.02	971.72	25	25	-1	13.47	13.47
Saccade L	1	50	1667662119	1667726118	63999	1372.28	977.89	1163.25	985.38	6.54	375.53	0.31	102.14	17236.51	-13777.17	6892.64
Saccade R	1	51	1667662119	1667726118	63999	1372.28	977.89	1163.25	985.38	6.54	375.53	0.31	102.14	17236.51	-13777.17	6892.64
Fixation L	1	49	1667726118	1667814108	87990	1154.91	982.73	30	11	-1	13.11	13.11
Fixation R	1	51	1667726118	1667814108	87990	1154.91	982.73	30	11	-1	13.48	13.48
Saccade L	1	51	1667814108	1667850112	36004	1135.47	978.03	1200.49	987.01	1.28	65.87	0.44	35.63	2898.25	-2288.12	1888.27
Saccade R	1	52	1667814108	1667850112	36004	1135.47	978.03	1200.49	987.01	1.28	65.87	0.44	35.63	2898.25	-2288.12	1888.27
Fixation L	1	50	1667850112	1667942146	92034	1190.87	974.18	20	25	-1	13.21	13.21
Fixation R	1	52	1667850112	1667942146	92034	1190.87	974.18	20	25	-1	13.44	13.44
Saccade L	1	52	1667942146	1667974178	32032	1186.91	966.66	1263.05	961.55	1.64	133.35	0.37	51.11	5045.01	-4979.83	3125.85
Saccade R	1	53	1667942146	1667974178	32032	1186.91	966.66	1263.05	961.55	1.64	133.35	0.37	51.11	5045.01	-4979.83	3125.85
Saccade L	1	53	1667974178	1667994131	19953	1263.05	961.55	1230.24	950.67	0.59	57.30	0.60	29.76	1127.09	-2390.47	1023.21
Saccade R	1	54	1667974178	1667994131	19953	1263.05	961.55	1230.24	950.67	0.59	57.30	0.60	29.76	1127.09	-2390.47	1023.21
Fixation L	1	51	1667994131	1668150213	156082	1232.79	948.03	13	7	-1	13.18	13.18
Fixation R	1	53	1667994131	1668150213	156082	1232.79	948.03	13	7	-1	13.41	13.41
Saccade L	1	54	1668150213	1668178118	27905	1237.40	941.47	1275.90	996.52	1.71	126.45	0.43	61.23	5368.56	-3918.63	2882.17
Saccade R	1	55	1668150213	1668178118	27905	1237.40	941.47	1275.90	996.52	1.71	126.45	0.43	61.23	5368.56	-3918.63	2882.17
Saccade L	1	55	1668178118	1668214029	35911	1275.90	996.52	1342.31	1022.67	1.51	77.39	0.22	41.96	1043.66	-2165.99	998.75
Saccade R	1	56	1668178118	1668214029	35911	1275.90	996.52	1342.31	1022.67	1.51	77.39	0.22	41.96	1043.66	-2165.99	998.75
Fixation R	1	54	1668214029	1668374132	160103	542.39	411.89	1359	1035	-1	10.36	10.33
Saccade R	1	57	1668374132	1668410153	36021	0.00	0.00	1313.62	829.19	33.32	2723.09	0.33	925.02	116230.54	-116588.35	72177.44
Saccade L	1	56	1668410153	1668466139	55986	1313.62	829.19	1238.92	923.79	10.04	527.07	0.21	179.33	14108.61	-11848.23	7008.11
Saccade R	1	58	1668410153	1668466139	55986	1313.62	829.19	1238.92	923.79	10.04	527.07	0.21	179.33	14108.61	-11848.23	7008.11
Fixation L	1	52	1668466139	1668574122	107983	1245.37	944.00	18	29	-1	13.27	13.27
Fixation R	1	55	1668466139	1668574122	107983	1245.37	944.00	18	29	-1	13.97	13.97
Saccade L	1	57	1668574122	1668606098	31976	1241.57	946.19	1164.60	936.75	2.13	183.32	0.38	66.72	7444.80	-6758.37	4428.13
Saccade R	1	59	1668574122	1668606098	31976	1241.57	946.19	1164.60	936.75	2.13	183.32	0.38	66.72	7444.80	-6758.37	4428.13
Fixation L	1	53	1668606098	1668686132	80034	1192.04	948.55	50	44	-1	13.57	13.57
Fixation R	1	56	1668606098	1668686132	80034	1192.04	948.55	50	44	-1	14.27	14.27
Saccade L	1	58	1668686132	1668746135	60003	1216.18	972.84	1155.06	821.33	5.11	290.32	0.27	85.13	13259.56	-10912.24	5516.09
Saccade R	1	60	1668686132	1668746135	60003	1216.18	972.84	1155.06	821.33	5.11	290.32	0.27	85.13	13259.56	-10912.24	5516.09
Fixation L	1	54	1668746135	1669350046	603911	1159.92	831.70	60	45	-1	13.97	13.97
Fixation R	1	57	1668746135	1669350046	603911	1159.92	831.70	60	45	-1	14.52	14.52
Saccade L	1	59	1669350046	1669386035	35989	1164.87	837.39	1062.16	809.33	2.61	187.36	0.33	72.46	8557.88	-8007.45	5178.11
Saccade R	1	61	1669350046	1669386035	35989	1164.87	837.39	1062.16	809.33	2.61	187.36	0.33	72.46	8557.88	-8007.45	5178.11
Fixation L	1	55	1669386035	1669610025	223990	1048.20	803.00	27	22	-1	13.77	13.77
Fixation R	1	58	1669386035	1669610025	223990	1048.20	803.00	27	22	-1	14.15	14.15
Saccade L	1	60	1669610025	1669646033	36008	1049.57	805.41	1143.80	837.88	2.36	164.84	0.33	65.67	7823.03	-6840.79	4492.84
Saccade R	1	62	1669610025	1669646033	36008	1049.57	805.41	1143.80	837.88	2.36	164.84	0.33	65.67	7823.03	-6840.79	4492.84
Fixation L	1	56	1669646033	1669982034	336001	1153.29	839.36	52	29	-1	13.76	13.76
Fixation R	1	59	1669646033	1669982034	336001	1153.29	839.36	52	29	-1	14.23	14.23
Saccade L	1	61	1669982034	1670010039	28005	1142.56	835.32	1043.10	816.58	2.31	179.63	0.57	82.51	7979.97	-7552.74	5697.10
Saccade R	1	63	1669982034	1670010039	28005	1142.56	835.32	1043.10	816.58	2.31	179.63	0.57	82.51	7979.97	-7552.74	5697.10
Fixation L	1	57	1670010039	1670118032	107993	1051.52	807.58	24	12	-1	13.85	13.85
Fixation R	1	60	1670010039	1670118032	107993	1051.52	807.58	24	12	-1	14.19	14.19
Saccade L	1	62	1670118032	1670158025	39993	1061.45	812.80	1186.45	850.93	3.05	226.37	0.40	76.24	9823.64	-8944.27	5454.79
Saccade R	1	64	1670118032	1670158025	39993	1061.45	812.80	1186.45	850.93	3.05	226.37	0.40	76.24	9823.64	-8944.27	5454.79
Fixation L	1	58	1670158025	1670349917	191892	1164.32	842.38	35	30	-1	13.65	13.65
Fixation R	1	61	1670158025	1670349917	191892	1164.32	842.38	35	30	-1	14.03	14.03
Saccade L	1	63	1670349917	1670377925	28008	1163.53	823.95	1051.19	824.36	2.33	186.20	0.43	83.28	8414.19	-7976.29	6055.49
Saccade R	1	65	1670349917	1670377925	28008	1163.53	823.95	1051.19	824.36	2.33	186.20	0.43	83.28	8414.19	-7976.29	6055.49
Fixation L	1	59	1670377925	1670649928	272003	1049.74	826.37	37	22	-1	13.64	13.64
Fixation R	1	62	1670377925	1670649928	272003	1049.74	826.37	37	22	-1	13.92	13.92
Saccade L	1	64	1670649928	1670677920	27992	1047.20	835.52	1144.09	842.99	2.01	157.11	0.57	71.72	7336.67	-6930.34	5125.67
Saccade R	1	66	1670649928	1670677920	27992	1047.20	835.52	1144.09	842.99	2.01	157.11	0.57	71.72	7336.67	-6930.34	5125.67
Fixation L	1	60	1670677920	1670757921	80001	1155.88	842.79	33	9	-1	13.77	13.77
Fixation R	1	63	1670677920	1670757921	80001	1155.88	842.79	33	9	-1	13.94	13.94
Fixation R	1	64	1670773928	1670873935	100007	216.10	141.81	1716	892	-1	8.41	8.41
Saccade L	1	65	1671001892	1671033926	32034	1098.23	809.22	980.48	794.48	2.67	192.75	0.63	83.39	8400.69	-8430.47	5372.45
Saccade R	1	67	1671001892	1671033926	32034	1098.23	809.22	980.48	794.48	2.67	192.75	0.63	83.39	8400.69	-8430.47	5372.45
Fixation L	1	61	1671033926	1671169947	136021	974.08	792.55	27	13	-1	13.44	13.44
Fixation R	1	65	1671033926	1671169947	136021	974.08	792.55	27	13	-1	13.97	13.97
Saccade L	1	66	1671169947	1671189934	19987	962.35	786.61	926.74	794.74	0.81	70.70	0.40	40.57	3165.52	-2432.98	1928.51
Saccade R	1	68	1671169947	1671189934	19987	962.35	786.61	926.74	794.74	0.81	70.70	0.40	40.57	3165.52	-2432.98	1928.51
Fixation L	1	62	1671189934	1671313946	124012	926.86	808.25	11	18	-1	13.78	13.78
Fixation R	1	66	1671189934	1671313946	124012	926.86	808.25	11	18	-1	13.93	13.93
Saccade L	1	67	1671313946	1671357935	43989	930.14	810.76	1121.20	952.66	6.44	406.80	0.36	146.41	18729.36	-16102.88	10640.43
Saccade R	1	69	1671313946	1671357935	43989	930.14	810.76	1121.20	952.66	6.44	406.80	0.36	146.41	18729.36	-16102.88	10640.43
Fixation L	1	63	1671357935	1671465961	108026	1127.76	953.77	38	30	-1	13.49	13.49
Fixation R	1	67	1671357935	1671465961	108026	1127.76	953.77	38	30	-1	13.83	13.83
Saccade L	1	68	1671465961	1671489933	23972	1153.19	974.48	1025.69	940.32	2.72	239.24	0.50	113.38	9686.51	-9644.21	7196.59
Saccade R	1	70	1671465961	1671489933	23972	1153.19	974.48	1025.69	940.32	2.72	239.24	0.50	113.38	9686.51	-9644.21	7196.59
Fixation L	1	64	1671489933	1671621841	131908	1050.67	941.03	44	30	-1	13.45	13.45
Fixation R	1	68	1671489933	1671621841	131908	1050.67	941.03	44	30	-1	13.83	13.83
Saccade L	1	69	1671621841	1671677815	55974	1061.68	946.81	886.82	382.95	12.72	540.26	0.29	227.32	25269.31	-14863.59	13402.49
Saccade R	1	71	1671621841	1671677815	55974	1061.68	946.81	886.82	382.95	12.72	540.26	0.29	227.32	25269.31	-14863.59	13402.49
Fixation L	1	65	1671677815	1671873791	195976	911.02	383.15	38	22	-1	13.48	13.48
Fixation R	1	69	1671677815	1671873791	195976	911.02	383.15	38	22	-1	13.92	13.92
Saccade L	1	70	1671873791	1671909823	36032	917.16	371.80	1100.15	339.41	3.95	256.55	0.45	109.52	12252.59	-11237.77	7945.31
Saccade R	1	72	1671873791	1671909823	36032	917.16	371.80	1100.15	339.41	3.95	256.55	0.45	109.52	12252.59	-11237.77	7945.31
Fixation L	1	66	1671909823	1672065825	156002	1101.34	327.02	15	16	-1	13.76	13.76
Fixation R	1	70	1671909823	1672065825	156002	1101.34	327.02	15	16	-1	13.92	13.92
Saccade L	1	71	1672065825	1672093845	28020	1094.42	333.65	946.28	337.28	3.02	240.75	0.57	107.81	11051.68	-10608.84	7682.52
Saccade R	1	73	1672065825	1672093845	28020	1094.42	333.65	946.28	337.28	3.02	240.75	0.57	107.81	11051.68	-10608.84	7682.52
Fixation L	1	67	1672093845	1672237838	143993	950.77	331.89	16	14	-1	13.49	13.49
Fixation R	1	71	1672093845	1672237838	143993	950.77	331.89	16	14	-1	13.83	13.83
Saccade L	1	72	1672237838	1672269860	32022	945.38	329.08	1113.77	323.31	3.49	252.40	0.50	108.91	11357.96	-11341.87	8341.47
Saccade R	1	74	1672237838	1672269860	32022	945.38	329.08	1113.77	323.31	3.49	252.40	0.50	108.91	11357.96	-11341.87	8341.47
Fixation L	1	68	1672269860	1672393833	123973	1117.97	331.94	11	12	-1	13.49	13.49
Fixation R	1	72	1672269860	1672393833	123973	1117.97	331.94	11	12	-1	13.78	13.78
Saccade L	1	73	1672393833	1672469838	76005	1120.23	331.33	1047.09	912.15	15.96	491.50	0.26	210.01	23138.28	-16137.36	10047.21
Saccade R	1	75	1672393833	1672469838	76005	1120.23	331.33	1047.09	912.15	15.96	491.50	0.26	210.01	23138.28	-16137.36	10047.21
Saccade L	1	74	1672517844	1672553843	35999	1045.79	910.50	1092.11	943.01	1.16	59.70	0.78	32.15	1425.13	-2187.16	1108.86
Saccade R	1	76	1672517844	1672553843	35999	1045.79	910.50	1092.11	943.01	1.16	59.70	0.78	32.15	1425.13	-2187.16	1108.86
Saccade L	1	75	1672569857	1672593832	23975	1087.65	939.05	1052.52	983.40	1.29	85.98	0.50	53.64	3621.73	-3136.20	2632.46
Saccade R	1	77	1672569857	1672593832	23975	1087.65	939.05	1052.52	983.40	1.29	85.98	0.50	53.64	3621.73	-3136.20	2632.46
Saccade L	1	76	1672633868	1672665846	31978	1055.55	986.18	1025.44	952.11	1.09	57.37	0.50	33.98	1638.48	-1980.80	1321.21
Saccade R	1	78	1672633868	1672665846	31978	1055.55	986.18	1025.44	952.11	1.09	57.37	0.50	33.98	1638.48	-1980.80	1321.21
Saccade L	1	77	1672705837	1672725860	20023	1018.97	946.34	974.13	956.34	0.82	75.03	0.60	40.79	3130.29	-1835.43	1859.18
Saccade R	1	79	1672705837	1672725860	20023	1018.97	946.34	974.13	956.34	0.82	75.03	0.60	40.79	3130.29	-1835.43	1859.18
Saccade L	1	78	1672733856	1672757850	23994	994.66	963.55	955.52	952.66	0.74	57.33	0.34	30.97	1305.85	-2116.57	1216.69
Saccade R	1	80	1672733856	1672757850	23994	994.66	963.55	955.52	952.66	0.74	57.33	0.34	30.97	1305.85	-2116.57	1216.69
Fixation L	1	69	1672757850	1672949852	192002	906.41	870.95	265	485	-1	13.62	13.62
Fixation R	1	73	1672757850	1672949852	192002	906.41	870.95	265	485	-1	14.01	14.01
