[BeGaze]
Converted from:	D:\Kirillov\Results\ermolova_temp\georgy-eye_data.idf
Date:	17.04.2019 03:52:24
Version:	BeGaze 3.0.181
Sample Rate:	250
Subject:	georgy
Description:	Run5

Table Header for Fixations:
Event Type	Trial	Number	Start	End	Duration	Location X	Location Y	Dispersion X	Dispersion Y	Plane	Avg. Pupil Size X	Avg. Pupil Size Y

Table Header for Saccades:
Event Type	Trial	Number	Start	End	Duration	Start Loc.X	Start Loc.Y	End Loc.X	End Loc.Y	Amplitude	Peak Speed	Peak Speed At	Average Speed	Peak Accel.	Peak Decel.	Average Accel.

Table Header for User Events:
Event Type	Trial	Number	Start	Description

UserEvent	1	1	3014048994	# Message: experiment-11.jpg
Fixation L	1	1	3014051846	3014343860	292014	400.75	429.06	29	14	-1	17.59	17.59
Fixation R	1	1	3014051846	3014343860	292014	400.75	429.06	29	14	-1	17.60	17.60
Saccade L	1	1	3014343860	3014395840	51980	404.05	429.07	1046.56	445.05	13.86	481.28	0.46	266.56	21814.04	-18173.08	13685.51
Saccade R	1	1	3014343860	3014395840	51980	404.05	429.07	1046.56	445.05	13.86	481.28	0.46	266.56	21814.04	-18173.08	13685.51
Fixation L	1	2	3014395840	3014699856	304016	1026.88	438.19	40	18	-1	15.84	15.84
Fixation R	1	2	3014395840	3014699856	304016	1026.88	438.19	40	18	-1	16.24	16.24
Saccade L	1	2	3014699856	3014763859	64003	1022.25	426.37	818.54	667.09	7.71	260.34	0.44	120.43	11722.60	-11796.52	6523.96
Saccade R	1	2	3014699856	3014763859	64003	1022.25	426.37	818.54	667.09	7.71	260.34	0.44	120.43	11722.60	-11796.52	6523.96
Fixation L	1	3	3014763859	3014919853	155994	823.97	663.39	17	18	-1	14.97	14.97
Fixation R	1	3	3014763859	3014919853	155994	823.97	663.39	17	18	-1	15.20	15.20
Saccade L	1	3	3014919853	3014959852	39999	816.42	671.30	841.79	742.39	1.63	81.11	0.50	40.77	3727.03	-3335.39	2415.94
Saccade R	1	3	3014919853	3014959852	39999	816.42	671.30	841.79	742.39	1.63	81.11	0.50	40.77	3727.03	-3335.39	2415.94
Fixation L	1	4	3014959852	3015083872	124020	831.10	735.48	24	27	-1	15.51	15.51
Fixation R	1	4	3014959852	3015083872	124020	831.10	735.48	24	27	-1	16.01	16.01
Saccade L	1	4	3015083872	3015119857	35985	822.09	734.81	735.41	735.96	1.75	101.95	0.44	48.74	4754.83	-3946.17	3032.57
Saccade R	1	4	3015083872	3015119857	35985	822.09	734.81	735.41	735.96	1.75	101.95	0.44	48.74	4754.83	-3946.17	3032.57
Fixation L	1	5	3015119857	3015291752	171895	732.44	737.32	10	7	-1	15.71	15.71
Fixation R	1	5	3015119857	3015291752	171895	732.44	737.32	10	7	-1	16.16	16.16
Saccade L	1	5	3015291752	3015319750	27998	733.60	736.16	730.48	778.30	0.83	52.54	0.43	29.67	2466.30	-2051.18	1667.61
Saccade R	1	5	3015291752	3015319750	27998	733.60	736.16	730.48	778.30	0.83	52.54	0.43	29.67	2466.30	-2051.18	1667.61
Fixation L	1	6	3015319750	3015527746	207996	733.11	790.33	20	21	-1	15.94	15.94
Fixation R	1	6	3015319750	3015527746	207996	733.11	790.33	20	21	-1	16.21	16.21
Saccade L	1	6	3015527746	3015559754	32008	742.22	798.57	744.20	914.11	2.44	178.37	0.50	76.19	7776.15	-7899.20	5701.21
Saccade R	1	6	3015527746	3015559754	32008	742.22	798.57	744.20	914.11	2.44	178.37	0.50	76.19	7776.15	-7899.20	5701.21
Fixation L	1	7	3015559754	3015811740	251986	745.38	916.88	20	29	-1	16.26	16.26
Fixation R	1	7	3015559754	3015811740	251986	745.38	916.88	20	29	-1	16.29	16.29
Saccade L	1	7	3015811740	3015899756	88016	734.16	903.69	952.52	341.14	17.47	440.57	0.23	198.44	20961.72	-10683.09	7623.63
Saccade R	1	7	3015811740	3015899756	88016	734.16	903.69	952.52	341.14	17.47	440.57	0.23	198.44	20961.72	-10683.09	7623.63
Fixation L	1	8	3015899756	3016131770	232014	986.29	352.97	53	34	-1	15.53	15.53
Fixation R	1	8	3015899756	3016131770	232014	986.29	352.97	53	34	-1	16.29	16.29
Saccade L	1	8	3016131770	3016163748	31978	988.70	368.33	875.81	384.11	3.07	180.44	0.62	96.03	8557.78	-8570.52	6511.96
Saccade R	1	8	3016131770	3016163748	31978	988.70	368.33	875.81	384.11	3.07	180.44	0.62	96.03	8557.78	-8570.52	6511.96
Fixation L	1	9	3016163748	3016555760	392012	831.42	394.05	544	132	-1	16.16	16.16
Fixation R	1	9	3016163748	3016555760	392012	831.42	394.05	544	132	-1	16.48	16.48
