[BeGaze]
Converted from:	D:\Kirillov\Results\ermolova_temp\Ignat2-eye_data.idf
Date:	17.04.2019 03:54:15
Version:	BeGaze 3.0.181
Sample Rate:	250
Subject:	Ignat2
Description:	Run37

Table Header for Fixations:
Event Type	Trial	Number	Start	End	Duration	Location X	Location Y	Dispersion X	Dispersion Y	Plane	Avg. Pupil Size X	Avg. Pupil Size Y

Table Header for Saccades:
Event Type	Trial	Number	Start	End	Duration	Start Loc.X	Start Loc.Y	End Loc.X	End Loc.Y	Amplitude	Peak Speed	Peak Speed At	Average Speed	Peak Accel.	Peak Decel.	Average Accel.

Table Header for User Events:
Event Type	Trial	Number	Start	Description

UserEvent	1	1	5554435668	# Message: experiment-14.jpg
Fixation L	1	1	5554438124	5554546132	108008	533.11	221.79	28	33	-1	11.71	11.71
Fixation R	1	1	5554438124	5554546132	108008	533.11	221.79	28	33	-1	11.30	11.30
Saccade L	1	1	5554546132	5554594110	47978	545.80	201.32	869.14	208.93	6.98	291.00	0.42	145.53	13777.59	-12603.21	9067.24
Saccade R	1	1	5554546132	5554594110	47978	545.80	201.32	869.14	208.93	6.98	291.00	0.42	145.53	13777.59	-12603.21	9067.24
Fixation L	1	2	5554594110	5554718137	124027	874.40	199.56	7	42	-1	11.47	11.47
Fixation R	1	2	5554594110	5554718137	124027	874.40	199.56	7	42	-1	11.28	11.28
Saccade L	1	2	5554718137	5554758132	39995	872.22	213.64	1030.51	407.98	5.19	268.16	0.30	129.65	13009.18	-10950.16	8258.42
Saccade R	1	2	5554718137	5554758132	39995	872.22	213.64	1030.51	407.98	5.19	268.16	0.30	129.65	13009.18	-10950.16	8258.42
Fixation L	1	3	5554758132	5554890141	132009	1026.66	413.46	26	24	-1	11.24	11.24
Fixation R	1	3	5554758132	5554890141	132009	1026.66	413.46	26	24	-1	11.11	11.11
Saccade L	1	3	5554890141	5554914129	23988	1036.67	415.20	1005.67	413.38	0.76	60.41	0.50	31.86	2528.13	-1573.99	1533.48
Saccade R	1	3	5554890141	5554914129	23988	1036.67	415.20	1005.67	413.38	0.76	60.41	0.50	31.86	2528.13	-1573.99	1533.48
Fixation L	1	4	5554914129	5555058125	143996	985.11	390.79	28	42	-1	10.89	10.89
Fixation R	1	4	5554914129	5555058125	143996	985.11	390.79	28	42	-1	10.58	10.58
Fixation L	1	5	5555230140	5555370022	139882	962.87	531.89	34	17	-1	10.66	10.66
Fixation R	1	5	5555230140	5555370022	139882	962.87	531.89	34	17	-1	10.32	10.32
Saccade L	1	4	5555370022	5555414028	44006	948.73	537.92	885.41	534.99	1.58	77.74	0.27	35.91	3479.83	-2598.42	1506.84
Saccade R	1	4	5555370022	5555414028	44006	948.73	537.92	885.41	534.99	1.58	77.74	0.27	35.91	3479.83	-2598.42	1506.84
Fixation L	1	6	5555414028	5555534024	119996	887.87	527.29	8	38	-1	10.65	10.65
Fixation R	1	6	5555414028	5555534024	119996	887.87	527.29	8	38	-1	10.24	10.24
Saccade L	1	5	5555534024	5555578038	44014	885.41	520.28	562.62	303.16	8.63	400.87	0.45	196.05	17662.38	-17705.03	12347.16
Saccade R	1	5	5555534024	5555578038	44014	885.41	520.28	562.62	303.16	8.63	400.87	0.45	196.05	17662.38	-17705.03	12347.16
Saccade L	1	6	5555618011	5555638081	20070	563.54	297.08	555.54	318.62	0.48	41.51	0.40	23.91	1549.72	-1536.65	1093.23
Saccade R	1	6	5555618011	5555638081	20070	563.54	297.08	555.54	318.62	0.48	41.51	0.40	23.91	1549.72	-1536.65	1093.23
Fixation L	1	7	5555638081	5555706045	67964	558.62	316.42	9	23	-1	10.57	10.57
Fixation R	1	7	5555638081	5555706045	67964	558.62	316.42	9	23	-1	9.78	9.78
Saccade L	1	7	5555746013	5555766061	20048	0.00	7.31	0.00	2.09	7.64	565.93	0.60	381.08	41166.50	-25866.88	17956.14
Saccade R	1	7	5555746013	5555766061	20048	0.00	7.31	0.00	2.09	7.64	565.93	0.60	381.08	41166.50	-25866.88	17956.14
Saccade L	1	8	5555766061	5555798020	31959	0.00	2.09	0.00	-0.21	26.46	1715.44	0.37	827.80	41166.50	-35488.09	27254.15
Saccade R	1	8	5555766061	5555798020	31959	0.00	2.09	0.00	-0.21	26.46	1715.44	0.37	827.80	41166.50	-35488.09	27254.15
Saccade L	1	9	5555810012	5555842027	32015	0.00	-0.26	916.03	-77.05	14.93	1193.70	0.50	466.25	42346.11	-58067.93	30078.08
Saccade R	1	9	5555810012	5555842027	32015	0.00	-0.26	916.03	-77.05	14.93	1193.70	0.50	466.25	42346.11	-58067.93	30078.08
Saccade L	1	10	5555922032	5555946015	23983	658.21	19.95	773.53	151.30	3.52	334.28	0.50	146.63	13451.73	-10468.27	8147.45
Saccade R	1	10	5555922032	5555946015	23983	658.21	19.95	773.53	151.30	3.52	334.28	0.50	146.63	13451.73	-10468.27	8147.45
Saccade L	1	11	5555946015	5555998015	52000	773.53	151.30	649.65	54.44	9.25	391.75	0.54	177.79	10302.64	-10001.82	6166.04
Saccade R	1	11	5555946015	5555998015	52000	773.53	151.30	649.65	54.44	9.25	391.75	0.54	177.79	10302.64	-10001.82	6166.04
Saccade L	1	12	5556030017	5556054042	24025	654.69	47.80	647.68	66.30	2.02	135.47	0.50	84.09	6678.47	-470.77	4151.40
Saccade R	1	12	5556030017	5556054042	24025	654.69	47.80	647.68	66.30	2.02	135.47	0.50	84.09	6678.47	-470.77	4151.40
Saccade L	1	13	5556054042	5556158043	104001	647.68	66.30	909.04	385.55	13.53	313.79	0.69	130.08	9873.52	-13646.48	6132.36
Saccade R	1	13	5556054042	5556158043	104001	647.68	66.30	909.04	385.55	13.53	313.79	0.69	130.08	9873.52	-13646.48	6132.36
Fixation L	1	8	5556158043	5556294034	135991	908.30	412.79	37	63	-1	10.93	10.93
Fixation R	1	8	5556158043	5556294034	135991	908.30	412.79	37	63	-1	10.64	10.64
Saccade L	1	14	5556294034	5556318056	24022	897.22	437.35	906.62	537.68	1.93	168.65	0.50	80.31	6845.45	-7244.23	5345.03
Saccade R	1	14	5556294034	5556318056	24022	897.22	437.35	906.62	537.68	1.93	168.65	0.50	80.31	6845.45	-7244.23	5345.03
Fixation L	1	9	5556318056	5556438056	120000	894.93	539.21	20	17	-1	11.00	11.00
Fixation R	1	9	5556318056	5556438056	120000	894.93	539.21	20	17	-1	10.74	10.74
Saccade L	1	15	5556438056	5556466032	27976	893.61	531.02	895.97	654.55	2.48	173.06	0.57	88.62	8193.52	-8300.34	6125.85
Saccade R	1	15	5556438056	5556466032	27976	893.61	531.02	895.97	654.55	2.48	173.06	0.57	88.62	8193.52	-8300.34	6125.85
Fixation L	1	10	5556466032	5556754035	288003	917.20	664.29	47	24	-1	11.06	11.06
Fixation R	1	10	5556466032	5556754035	288003	917.20	664.29	47	24	-1	10.70	10.70
Saccade L	1	16	5556754035	5556825921	71886	938.67	665.92	687.51	163.82	14.80	361.03	0.28	205.83	16262.26	-11792.51	7322.85
Saccade R	1	16	5556754035	5556825921	71886	938.67	665.92	687.51	163.82	14.80	361.03	0.28	205.83	16262.26	-11792.51	7322.85
Saccade L	1	17	5556825921	5556861912	35991	687.51	163.82	502.28	404.08	4.55	310.07	0.22	126.48	853.15	-12069.81	4852.55
Saccade R	1	17	5556825921	5556861912	35991	687.51	163.82	502.28	404.08	4.55	310.07	0.22	126.48	853.15	-12069.81	4852.55
Saccade L	1	18	5556873919	5556941929	68010	511.25	403.39	565.39	298.74	2.71	106.49	0.41	39.78	3621.51	-3574.60	1609.96
Saccade R	1	18	5556873919	5556941929	68010	511.25	403.39	565.39	298.74	2.71	106.49	0.41	39.78	3621.51	-3574.60	1609.96
Saccade L	1	19	5556949983	5557009916	59933	566.78	302.21	523.16	405.72	2.42	64.66	0.40	40.32	2281.27	-1402.03	1316.93
Saccade R	1	19	5556949983	5557009916	59933	566.78	302.21	523.16	405.72	2.42	64.66	0.40	40.32	2281.27	-1402.03	1316.93
Fixation L	1	11	5557009916	5557117925	108009	525.65	374.52	33	61	-1	10.65	10.65
Fixation R	1	11	5557009916	5557117925	108009	525.65	374.52	33	61	-1	10.08	10.08
Saccade L	1	20	5557117925	5557153915	35990	537.30	360.67	614.86	184.76	4.23	231.15	0.44	117.43	10995.15	-10435.23	7793.76
Saccade R	1	20	5557117925	5557153915	35990	537.30	360.67	614.86	184.76	4.23	231.15	0.44	117.43	10995.15	-10435.23	7793.76
Fixation L	1	12	5557153915	5557253945	100030	606.86	187.94	11	29	-1	10.69	10.69
Fixation R	1	12	5557153915	5557363630	209715	407.72	146.23	692	752	-1	8.28	8.28
Fixation L	1	13	5557481931	5557569976	88045	925.22	609.57	39	65	-1	10.97	10.97
Fixation R	1	13	5557481931	5557569976	88045	925.22	609.57	39	65	-1	10.79	10.79
Fixation L	1	14	5557585933	5557765965	180032	919.79	641.30	19	19	-1	11.31	11.31
Fixation R	1	14	5557585933	5557765965	180032	919.79	641.30	19	19	-1	11.16	11.16
Saccade L	1	21	5557765965	5557789935	23970	908.48	637.88	867.81	650.55	0.95	70.94	0.50	39.82	2978.97	-2522.03	2019.05
Saccade R	1	21	5557765965	5557789935	23970	908.48	637.88	867.81	650.55	0.95	70.94	0.50	39.82	2978.97	-2522.03	2019.05
Fixation L	1	15	5557789935	5557957951	168016	877.08	638.83	29	48	-1	11.06	11.06
Fixation R	1	15	5557789935	5557957951	168016	877.08	638.83	29	48	-1	10.80	10.80
Saccade L	1	22	5557957951	5558005969	48018	874.28	645.96	491.76	501.15	8.89	370.86	0.42	185.16	17058.55	-13819.44	10734.32
Saccade R	1	22	5557957951	5558005969	48018	874.28	645.96	491.76	501.15	8.89	370.86	0.42	185.16	17058.55	-13819.44	10734.32
Fixation L	1	16	5558005969	5558105972	100003	487.21	496.30	22	26	-1	11.00	11.00
Fixation R	1	16	5558005969	5558105972	100003	487.21	496.30	22	26	-1	10.53	10.53
Saccade L	1	23	5558105972	5558125941	19969	503.26	477.86	519.75	449.21	0.61	41.44	0.60	30.63	999.58	-1057.50	791.15
Saccade R	1	23	5558105972	5558125941	19969	503.26	477.86	519.75	449.21	0.61	41.44	0.60	30.63	999.58	-1057.50	791.15
Fixation L	1	17	5558125941	5558197820	71879	528.58	451.95	14	19	-1	11.00	11.00
Fixation R	1	17	5558125941	5558197820	71879	528.58	451.95	14	19	-1	10.58	10.58
Saccade L	1	24	5558197820	5558241830	44010	520.98	448.99	563.70	169.57	6.28	307.93	0.55	142.66	13773.13	-14153.39	9486.50
Saccade R	1	24	5558197820	5558241830	44010	520.98	448.99	563.70	169.57	6.28	307.93	0.55	142.66	13773.13	-14153.39	9486.50
Fixation L	1	18	5558241830	5558349820	107990	560.42	162.66	19	50	-1	11.00	11.00
Fixation R	1	18	5558241830	5558349820	107990	560.42	162.66	19	50	-1	10.51	10.51
Saccade L	1	25	5558349820	5558413819	63999	551.09	189.62	1000.68	377.61	11.56	375.51	0.50	180.59	15741.18	-14877.04	9590.83
Saccade R	1	25	5558349820	5558413819	63999	551.09	189.62	1000.68	377.61	11.56	375.51	0.50	180.59	15741.18	-14877.04	9590.83
Fixation L	1	19	5558413819	5558501821	88002	993.45	377.44	13	27	-1	10.92	10.92
Fixation R	1	19	5558413819	5558501821	88002	993.45	377.44	13	27	-1	10.61	10.61
Saccade L	1	26	5558501821	5558521834	20013	992.40	385.90	1002.10	363.44	0.53	42.61	0.40	26.69	1117.56	-1057.23	714.01
Saccade R	1	26	5558501821	5558521834	20013	992.40	385.90	1002.10	363.44	0.53	42.61	0.40	26.69	1117.56	-1057.23	714.01
Saccade L	1	27	5558545836	5558589825	43989	995.00	344.90	943.43	592.46	5.42	297.34	0.45	123.25	13583.47	-12546.41	8314.39
Saccade R	1	27	5558545836	5558589825	43989	995.00	344.90	943.43	592.46	5.42	297.34	0.45	123.25	13583.47	-12546.41	8314.39
Fixation L	1	20	5558589825	5558705878	116053	941.52	605.65	9	18	-1	10.94	10.94
Fixation R	1	20	5558589825	5558705878	116053	941.52	605.65	9	18	-1	10.70	10.70
Saccade L	1	28	5558705878	5558745837	39959	933.77	611.91	879.50	646.93	1.55	87.58	0.60	38.74	3154.09	-3303.50	2068.32
Saccade R	1	28	5558705878	5558745837	39959	933.77	611.91	879.50	646.93	1.55	87.58	0.60	38.74	3154.09	-3303.50	2068.32
Saccade L	1	29	5558761845	5558781841	19996	863.64	652.71	857.23	619.69	0.53	40.95	0.60	26.54	851.73	-696.78	509.07
Saccade R	1	29	5558761845	5558781841	19996	863.64	652.71	857.23	619.69	0.53	40.95	0.60	26.54	851.73	-696.78	509.07
Fixation L	1	21	5558781841	5558901851	120010	865.17	641.65	19	30	-1	11.07	11.07
Fixation R	1	21	5558781841	5558901851	120010	865.17	641.65	19	30	-1	10.66	10.66
Saccade L	1	30	5558901851	5558941828	39977	870.90	645.12	936.84	422.64	5.06	279.69	0.40	126.56	13513.45	-11538.20	8439.19
Saccade R	1	30	5558901851	5558941828	39977	870.90	645.12	936.84	422.64	5.06	279.69	0.40	126.56	13513.45	-11538.20	8439.19
Fixation L	1	22	5558941828	5559065871	124043	926.59	423.83	21	10	-1	10.95	10.95
Fixation R	1	22	5558941828	5559065871	124043	926.59	423.83	21	10	-1	10.82	10.82
Saccade L	1	31	5559065871	5559113836	47965	926.80	415.17	516.31	386.69	8.78	337.81	0.50	183.13	15584.18	-15857.34	10962.83
Saccade R	1	31	5559065871	5559113836	47965	926.80	415.17	516.31	386.69	8.78	337.81	0.50	183.13	15584.18	-15857.34	10962.83
Fixation L	1	23	5559113836	5559281936	168100	513.89	385.22	15	33	-1	11.27	11.27
Fixation R	1	23	5559113836	5559281936	168100	513.89	385.22	15	33	-1	10.71	10.71
Saccade L	1	32	5559281936	5559317842	35906	519.23	375.14	592.76	117.03	5.89	383.79	0.33	164.04	18941.79	-17384.38	11256.32
Saccade R	1	32	5559281936	5559317842	35906	519.23	375.14	592.76	117.03	5.89	383.79	0.33	164.04	18941.79	-17384.38	11256.32
Saccade L	1	33	5559317842	5559337838	19996	592.76	117.03	598.91	49.21	1.08	103.74	0.40	54.01	1205.11	-4332.86	1921.72
Saccade R	1	33	5559317842	5559337838	19996	592.76	117.03	598.91	49.21	1.08	103.74	0.40	54.01	1205.11	-4332.86	1921.72
Fixation L	1	24	5559337838	5559417839	80001	610.39	66.78	17	40	-1	11.26	11.26
Fixation R	1	24	5559337838	5559417839	80001	610.39	66.78	17	40	-1	10.87	10.87
Saccade L	1	34	5559417839	5559449840	32001	612.57	78.36	877.50	-10.76	6.40	438.94	0.38	199.86	20210.49	-19244.92	14055.37
Saccade R	1	34	5559417839	5559449840	32001	612.57	78.36	877.50	-10.76	6.40	438.94	0.38	199.86	20210.49	-19244.92	14055.37
Saccade L	1	35	5559557858	5559581734	23876	862.54	0.41	884.47	-48.39	0.90	56.27	0.67	37.54	1714.31	-1354.46	1178.55
Saccade R	1	35	5559557858	5559581734	23876	862.54	0.41	884.47	-48.39	0.90	56.27	0.67	37.54	1714.31	-1354.46	1178.55
Fixation L	1	25	5559593720	5559673750	80030	877.42	-25.62	10	37	-1	11.37	11.37
Fixation R	1	25	5559593720	5559673750	80030	877.42	-25.62	10	37	-1	11.08	11.08
Saccade L	1	36	5559673750	5559709753	36003	871.94	-10.44	905.01	-66.21	1.16	60.58	0.67	32.28	12887.36	-2312.18	2531.34
Saccade R	1	36	5559673750	5559709753	36003	871.94	-10.44	905.01	-66.21	1.16	60.58	0.67	32.28	12887.36	-2312.18	2531.34
Saccade L	1	37	5559717734	5559745731	27997	901.99	-59.61	0.00	-8.51	18.40	1738.40	0.43	657.11	71918.49	-71919.62	52538.84
Saccade R	1	37	5559717734	5559745731	27997	901.99	-59.61	0.00	-8.51	18.40	1738.40	0.43	657.11	71918.49	-71919.62	52538.84
Fixation L	1	26	5559745731	5559865739	120008	0.00	-0.94	0	8	-1	11.48	11.48
Fixation R	1	26	5559745731	5559865739	120008	0.00	-0.94	0	8	-1	11.04	11.04
Fixation L	1	27	5559925741	5560105748	180007	929.92	640.55	21	34	-1	11.28	11.28
Fixation R	1	27	5559925741	5560105748	180007	929.92	640.55	21	34	-1	11.12	11.12
Saccade L	1	38	5560105748	5560133731	27983	923.95	650.89	929.73	514.69	2.81	227.23	0.43	100.30	10222.20	-10403.29	7522.49
Saccade R	1	38	5560105748	5560133731	27983	923.95	650.89	929.73	514.69	2.81	227.23	0.43	100.30	10222.20	-10403.29	7522.49
Fixation L	1	28	5560133731	5560301736	168005	947.75	518.80	33	47	-1	11.09	11.09
Fixation R	1	28	5560133731	5560301736	168005	947.75	518.80	33	47	-1	10.97	10.97
Saccade L	1	39	5560301736	5560325746	24010	964.38	499.37	901.72	502.73	1.30	104.18	0.50	54.10	4492.95	-3794.92	3182.37
Saccade R	1	39	5560301736	5560325746	24010	964.38	499.37	901.72	502.73	1.30	104.18	0.50	54.10	4492.95	-3794.92	3182.37
Fixation L	1	29	5560325746	5560461743	135997	892.75	484.39	17	32	-1	11.00	11.00
Fixation R	1	29	5560325746	5560461743	135997	892.75	484.39	17	32	-1	10.70	10.70
Saccade L	1	40	5560461743	5560497756	36013	893.41	486.13	879.22	642.12	3.43	238.90	0.55	95.27	10100.76	-10848.88	7255.51
Saccade R	1	40	5560461743	5560497756	36013	893.41	486.13	879.22	642.12	3.43	238.90	0.55	95.27	10100.76	-10848.88	7255.51
Fixation L	1	30	5560497756	5561213629	715873	243.37	185.66	1514	783	-1	10.43	10.43
Fixation R	1	30	5560497756	5561213629	715873	243.37	185.66	1514	783	-1	10.31	10.30
Saccade L	1	41	5561213629	5561253639	40010	0.00	0.00	0.00	5.86	57.36	2836.00	0.30	1433.67	119057.92	-14061.47	35315.21
Saccade R	1	41	5561213629	5561253639	40010	0.00	0.00	0.00	5.86	57.36	2836.00	0.30	1433.67	119057.92	-14061.47	35315.21
Saccade L	1	42	5561253639	5561281647	28008	0.00	5.86	1470.30	52.68	26.61	2761.94	0.29	950.13	1508.95	-115013.91	52777.05
Saccade R	1	42	5561253639	5561281647	28008	0.00	5.86	1470.30	52.68	26.61	2761.94	0.29	950.13	1508.95	-115013.91	52777.05
Saccade L	1	43	5561297638	5561345668	48030	1467.63	55.45	0.00	2.73	34.40	2960.08	0.75	716.29	117947.90	-123148.20	57261.60
Saccade R	1	43	5561297638	5561345668	48030	1467.63	55.45	0.00	2.73	34.40	2960.08	0.75	716.29	117947.90	-123148.20	57261.60
Fixation L	1	31	5561345668	5561533642	187974	68.44	25.02	1312	744	-1	11.82	11.82
Fixation R	1	31	5561345668	5561533642	187974	68.44	25.02	1312	744	-1	11.58	11.58
