[BeGaze]
Converted from:	D:\Kirillov\Results\ermolova_temp\Nikol-eye_data.idf
Date:	17.04.2019 03:54:32
Version:	BeGaze 3.0.181
Sample Rate:	250
Subject:	Nikol
Description:	Run39

Table Header for Fixations:
Event Type	Trial	Number	Start	End	Duration	Location X	Location Y	Dispersion X	Dispersion Y	Plane	Avg. Pupil Size X	Avg. Pupil Size Y

Table Header for Saccades:
Event Type	Trial	Number	Start	End	Duration	Start Loc.X	Start Loc.Y	End Loc.X	End Loc.Y	Amplitude	Peak Speed	Peak Speed At	Average Speed	Peak Accel.	Peak Decel.	Average Accel.

Table Header for User Events:
Event Type	Trial	Number	Start	Description

UserEvent	1	1	8694262126	# Message: experiment-17.jpg
Fixation L	1	1	8694264603	8694536639	272036	402.09	193.80	4	5	-1	12.32	12.32
Fixation R	1	1	8694264603	8694536639	272036	402.09	193.80	4	5	-1	14.13	14.13
Saccade L	1	1	8694536639	8694612621	75982	400.33	192.88	444.25	359.35	4.43	202.96	0.26	58.25	9464.82	-8469.80	3742.20
Saccade R	1	1	8694536639	8694612621	75982	400.33	192.88	444.25	359.35	4.43	202.96	0.26	58.25	9464.82	-8469.80	3742.20
Fixation L	1	2	8694612621	8694684460	71839	446.02	364.63	8	8	-1	12.31	12.31
Fixation R	1	2	8694612621	8694684460	71839	446.02	364.63	8	8	-1	14.00	14.00
Fixation L	1	3	8694784527	8694884490	99963	1070.82	394.22	18	15	-1	11.53	11.53
Fixation R	1	3	8694784527	8694884490	99963	1070.82	394.22	18	15	-1	13.15	13.15
Saccade L	1	2	8694884490	8694944507	60017	1077.46	384.76	988.00	425.05	2.47	129.53	0.27	41.20	6106.49	-5651.90	2695.57
Saccade R	1	2	8694884490	8694944507	60017	1077.46	384.76	988.00	425.05	2.47	129.53	0.27	41.20	6106.49	-5651.90	2695.57
Fixation L	1	4	8694944507	8695288502	343995	827.23	356.83	1008	447	-1	11.36	11.36
Fixation R	1	4	8694944507	8695200528	256021	993.70	426.73	28	27	-1	12.78	12.78
Saccade R	1	3	8695200528	8695240511	39983	1004.71	430.38	0.00	0.00	23.21	1960.77	0.70	580.56	75969.77	-82019.98	44937.21
Saccade L	1	3	8695288502	8695348520	60018	0.00	0.00	928.01	445.78	46.13	2151.13	0.33	768.57	93468.54	-77473.45	40066.78
Saccade R	1	4	8695288502	8695348520	60018	0.00	0.00	928.01	445.78	46.13	2151.13	0.33	768.57	93468.54	-77473.45	40066.78
Fixation L	1	5	8695428522	8695576512	147990	1100.20	440.86	12	7	-1	10.83	10.83
Fixation R	1	5	8695428522	8695576512	147990	1100.20	440.86	12	7	-1	12.27	12.27
Saccade L	1	4	8695576512	8695600524	24012	1093.64	445.01	1009.92	438.18	1.73	154.73	0.50	71.87	6529.17	-6562.10	4918.09
Saccade R	1	5	8695576512	8695600524	24012	1093.64	445.01	1009.92	438.18	1.73	154.73	0.50	71.87	6529.17	-6562.10	4918.09
Fixation L	1	6	8695600524	8696312401	711877	1003.36	422.20	32	37	-1	10.61	10.61
Fixation R	1	6	8695600524	8696312401	711877	1003.36	422.20	32	37	-1	11.78	11.78
Saccade L	1	5	8696312401	8696404402	92001	1023.91	402.41	257.62	571.27	17.52	409.56	0.35	190.48	18518.70	-9743.08	7683.84
Saccade R	1	6	8696312401	8696404402	92001	1023.91	402.41	257.62	571.27	17.52	409.56	0.35	190.48	18518.70	-9743.08	7683.84
Fixation L	1	7	8696404402	8696592408	188006	263.63	575.87	26	28	-1	10.46	10.46
Fixation R	1	7	8696404402	8696592408	188006	263.63	575.87	26	28	-1	11.52	11.52
Saccade L	1	6	8696592408	8696632423	40015	279.27	589.20	260.04	443.48	3.12	190.53	0.40	77.88	9220.42	-8607.57	5952.84
Saccade R	1	7	8696592408	8696632423	40015	279.27	589.20	260.04	443.48	3.12	190.53	0.40	77.88	9220.42	-8607.57	5952.84
Fixation L	1	8	8696632423	8696832453	200030	263.75	438.76	9	10	-1	10.51	10.51
Fixation R	1	8	8696632423	8696832453	200030	263.75	438.76	9	10	-1	11.65	11.65
Saccade L	1	7	8696832453	8696880446	47993	258.63	440.74	310.06	613.14	3.97	235.10	0.33	82.63	11720.34	-10859.07	6338.21
Saccade R	1	8	8696832453	8696880446	47993	258.63	440.74	310.06	613.14	3.97	235.10	0.33	82.63	11720.34	-10859.07	6338.21
Fixation L	1	9	8696880446	8697504446	624000	309.76	617.75	42	40	-1	10.61	10.61
Fixation R	1	9	8696880446	8697504446	624000	309.76	617.75	42	40	-1	12.04	12.04
Saccade L	1	8	8697504446	8697672326	167880	319.53	635.60	334.37	679.69	46.47	1239.61	0.36	276.79	26011.49	-30003.78	9325.54
Saccade R	1	9	8697504446	8697672326	167880	319.53	635.60	334.37	679.69	46.47	1239.61	0.36	276.79	26011.49	-30003.78	9325.54
Fixation L	1	10	8697672326	8698000308	327982	352.93	640.15	27	53	-1	10.58	10.58
Fixation R	1	10	8697672326	8698000308	327982	352.93	640.15	27	53	-1	11.89	11.89
Saccade L	1	9	8698000308	8698052310	52002	351.32	629.97	0.00	0.00	19.19	1604.02	0.77	368.96	60971.27	-67503.39	28464.83
Saccade R	1	10	8698000308	8698052310	52002	351.32	629.97	0.00	0.00	19.19	1604.02	0.77	368.96	60971.27	-67503.39	28464.83
Fixation L	1	11	8698052310	8698140378	88068	0.00	0.00	0	0	-1	7.95	7.95
Fixation R	1	11	8698052310	8698404321	352011	704.27	480.15	1082	1107	-1	11.37	11.37
Fixation L	1	12	8698248314	8698404321	156007	1070.26	663.11	31	29	-1	11.07	11.07
Saccade L	1	10	8698404321	8698432317	27996	1083.01	670.59	1014.65	629.21	1.68	138.31	0.43	59.96	6341.37	-6020.53	4481.49
Saccade R	1	11	8698404321	8698432317	27996	1083.01	670.59	1014.65	629.21	1.68	138.31	0.43	59.96	6341.37	-6020.53	4481.49
Fixation L	1	13	8698432317	8698628342	196025	1013.67	627.40	13	26	-1	11.47	11.47
Fixation R	1	12	8698432317	8698628342	196025	1013.67	627.40	13	26	-1	12.78	12.78
Saccade L	1	11	8698628342	8698680300	51958	1015.43	622.47	1011.82	520.03	2.78	136.51	0.31	53.42	6418.17	-5685.65	3157.01
Saccade R	1	12	8698628342	8698680300	51958	1015.43	622.47	1011.82	520.03	2.78	136.51	0.31	53.42	6418.17	-5685.65	3157.01
Fixation L	1	14	8698680300	8698872203	191903	1005.17	509.46	17	24	-1	11.59	11.59
Fixation R	1	13	8698680300	8698872203	191903	1005.17	509.46	17	24	-1	12.75	12.75
Saccade L	1	12	8698872203	8698904180	31977	1001.29	496.65	999.43	451.64	0.96	52.93	0.50	29.87	2359.90	-2188.93	1685.86
Saccade R	1	13	8698872203	8698904180	31977	1001.29	496.65	999.43	451.64	0.96	52.93	0.50	29.87	2359.90	-2188.93	1685.86
Fixation L	1	15	8698904180	8699332252	428072	1010.33	429.37	22	41	-1	11.77	11.77
Fixation R	1	14	8698904180	8699332252	428072	1010.33	429.37	22	41	-1	12.98	12.98
Saccade L	1	13	8699332252	8699388243	55991	1014.47	445.07	768.70	448.37	6.09	361.98	0.29	108.71	16626.83	-15216.67	8003.33
Saccade R	1	14	8699332252	8699388243	55991	1014.47	445.07	768.70	448.37	6.09	361.98	0.29	108.71	16626.83	-15216.67	8003.33
Fixation L	1	16	8699388243	8699540217	151974	759.04	458.37	17	14	-1	11.93	11.93
Fixation R	1	15	8699388243	8699540217	151974	759.04	458.37	17	14	-1	13.44	13.44
Saccade L	1	14	8699540217	8699608196	67979	765.50	458.97	1019.67	518.21	6.04	279.98	0.35	88.83	12480.66	-13085.65	5961.49
Saccade R	1	15	8699540217	8699608196	67979	765.50	458.97	1019.67	518.21	6.04	279.98	0.35	88.83	12480.66	-13085.65	5961.49
Fixation L	1	17	8699608196	8699688229	80033	1022.55	517.67	6	2	-1	11.95	11.95
Fixation R	1	16	8699608196	8699688229	80033	1022.55	517.67	6	2	-1	13.23	13.23
Saccade L	1	15	8699688229	8699752254	64025	1025.29	517.67	389.02	442.18	14.04	436.66	0.31	219.23	21574.61	-13529.32	10846.60
Saccade R	1	16	8699688229	8699752254	64025	1025.29	517.67	389.02	442.18	14.04	436.66	0.31	219.23	21574.61	-13529.32	10846.60
Fixation L	1	18	8699752254	8700092236	339982	245.06	312.18	443	951	-1	9.56	9.56
Fixation R	1	17	8699752254	8699940245	187991	360.73	452.03	42	20	-1	13.57	13.57
Saccade L	1	16	8700168264	8700240249	71985	302.47	575.97	369.42	542.55	1.82	42.51	0.28	25.28	1012.20	-1076.07	560.14
Saccade R	1	17	8700168264	8700240249	71985	302.47	575.97	369.42	542.55	1.82	42.51	0.28	25.28	1012.20	-1076.07	560.14
Saccade L	1	17	8700288131	8700412131	124000	371.03	555.75	957.49	558.16	13.42	442.95	0.32	108.24	21438.84	-15505.65	6011.50
Saccade R	1	18	8700288131	8700412131	124000	371.03	555.75	957.49	558.16	13.42	442.95	0.32	108.24	21438.84	-15505.65	6011.50
Fixation L	1	19	8700412131	8700592142	180011	955.51	550.45	12	13	-1	12.39	12.39
Fixation R	1	18	8700412131	8700592142	180011	955.51	550.45	12	13	-1	13.88	13.88
Saccade L	1	18	8700592142	8700616094	23952	963.71	548.69	1001.32	554.32	0.70	52.68	0.50	29.30	2496.37	-2227.64	1776.65
Saccade R	1	19	8700592142	8700616094	23952	963.71	548.69	1001.32	554.32	0.70	52.68	0.50	29.30	2496.37	-2227.64	1776.65
Fixation L	1	20	8700616094	8701188140	572046	995.15	523.25	19	53	-1	12.03	12.03
Fixation R	1	19	8700616094	8701188140	572046	995.15	523.25	19	53	-1	13.48	13.48
Saccade L	1	19	8701188140	8701264145	76005	991.75	500.75	222.07	512.36	17.41	432.15	0.21	229.02	21129.30	-16377.77	9205.32
Saccade R	1	20	8701188140	8701264145	76005	991.75	500.75	222.07	512.36	17.41	432.15	0.21	229.02	21129.30	-16377.77	9205.32
Fixation L	1	21	8701264145	8701668148	404003	219.74	520.95	24	15	-1	11.65	11.65
Fixation R	1	20	8701264145	8701668148	404003	219.74	520.95	24	15	-1	12.89	12.89
Saccade L	1	20	8701668148	8701736014	67866	224.90	523.05	958.27	477.99	16.11	452.13	0.29	237.36	21043.52	-15067.95	10492.98
Saccade R	1	21	8701668148	8701736014	67866	224.90	523.05	958.27	477.99	16.11	452.13	0.29	237.36	21043.52	-15067.95	10492.98
Fixation L	1	22	8701736014	8701896054	160040	965.05	460.55	17	28	-1	11.83	11.83
Fixation R	1	21	8701736014	8701896054	160040	965.05	460.55	17	28	-1	13.43	13.43
Saccade L	1	21	8701896054	8701924029	27975	967.97	467.09	995.60	433.05	0.98	75.54	0.43	35.18	3018.40	-2746.75	2056.85
Saccade R	1	22	8701896054	8701924029	27975	967.97	467.09	995.60	433.05	0.98	75.54	0.43	35.18	3018.40	-2746.75	2056.85
Fixation L	1	23	8701924029	8702087996	163967	1003.43	415.36	11	23	-1	11.65	11.65
Fixation R	1	22	8701924029	8702087996	163967	1003.43	415.36	11	23	-1	13.36	13.36
Saccade L	1	22	8702087996	8702144034	56038	1002.17	418.94	0.00	0.00	25.50	1492.73	0.79	455.13	50359.07	-64430.24	28213.23
Fixation L	1	24	8702288043	8702400054	112011	282.81	510.64	9	16	-1	11.82	11.82
Fixation R	1	23	8702288043	8702400054	112011	282.81	510.64	9	16	-1	13.34	13.34
Saccade L	1	23	8702400054	8702440069	40015	286.91	500.68	226.69	588.08	3.10	201.26	0.40	77.36	9183.94	-8399.59	5679.02
Saccade R	1	23	8702400054	8702440069	40015	286.91	500.68	226.69	588.08	3.10	201.26	0.40	77.36	9183.94	-8399.59	5679.02
Fixation L	1	25	8702440069	8703060011	619942	232.11	605.35	24	31	-1	12.10	12.10
Fixation R	1	24	8702440069	8703060011	619942	232.11	605.35	24	31	-1	13.67	13.67
Saccade L	1	24	8703060011	8703147936	87925	236.64	592.00	990.01	547.98	16.83	460.13	0.27	191.41	21452.32	-13381.07	8410.68
Saccade R	1	24	8703060011	8703147936	87925	236.64	592.00	990.01	547.98	16.83	460.13	0.27	191.41	21452.32	-13381.07	8410.68
Fixation L	1	26	8703147936	8703707951	560015	886.97	475.78	1309	1101	-1	11.53	11.53
Fixation R	1	25	8703147936	8703603957	456021	1009.14	537.57	37	27	-1	13.21	13.21
Fixation L	1	27	8703823946	8704019977	196031	222.02	506.61	27	20	-1	12.01	12.01
Fixation R	1	26	8703823946	8704019977	196031	222.02	506.61	27	20	-1	13.29	13.29
Saccade L	1	25	8704019977	8704055977	36000	222.21	505.32	222.18	556.56	1.06	59.38	0.56	29.56	2539.78	-2617.97	1869.23
Saccade R	1	25	8704019977	8704055977	36000	222.21	505.32	222.18	556.56	1.06	59.38	0.56	29.56	2539.78	-2617.97	1869.23
Fixation L	1	28	8704055977	8704447946	391969	235.00	571.74	19	45	-1	12.20	12.20
Fixation R	1	27	8704055977	8704447946	391969	235.00	571.74	19	45	-1	13.56	13.56
Fixation L	1	29	8704555836	8704715836	160000	1086.67	506.84	11	18	-1	11.94	11.94
Fixation R	1	28	8704555836	8704715836	160000	1086.67	506.84	11	18	-1	13.39	13.39
Saccade L	1	26	8704715836	8704759850	44014	1089.62	497.06	983.33	435.16	2.67	177.19	0.36	60.77	8403.21	-7731.67	4727.45
Saccade R	1	26	8704715836	8704759850	44014	1089.62	497.06	983.33	435.16	2.67	177.19	0.36	60.77	8403.21	-7731.67	4727.45
Fixation L	1	30	8704759850	8704883817	123967	995.73	427.98	22	16	-1	11.74	11.74
Fixation R	1	29	8704759850	8704883817	123967	995.73	427.98	22	16	-1	13.11	13.11
Saccade L	1	27	8704883817	8704947810	63993	998.88	419.21	1152.63	406.07	4.33	279.06	0.25	67.67	13096.94	-12069.05	5119.43
Saccade R	1	27	8704883817	8704947810	63993	998.88	419.21	1152.63	406.07	4.33	279.06	0.25	67.67	13096.94	-12069.05	5119.43
Fixation L	1	31	8704947810	8705059854	112044	1162.67	406.63	23	7	-1	11.61	11.61
Fixation R	1	30	8704947810	8705059854	112044	1162.67	406.63	23	7	-1	12.94	12.94
Saccade L	1	28	8705059854	8705091850	31996	1168.23	409.34	1081.56	406.53	1.74	136.58	0.62	54.35	5639.22	-5668.49	3854.27
Saccade R	1	28	8705059854	8705091850	31996	1168.23	409.34	1081.56	406.53	1.74	136.58	0.62	54.35	5639.22	-5668.49	3854.27
Fixation L	1	32	8705091850	8705287848	195998	1092.15	410.24	23	11	-1	11.47	11.47
Fixation R	1	31	8705091850	8705287848	195998	1092.15	410.24	23	11	-1	12.84	12.84
Saccade L	1	29	8705287848	8705363793	75945	1103.15	407.85	278.79	462.06	18.54	469.91	0.26	244.08	22538.51	-17117.24	10228.95
Saccade R	1	29	8705287848	8705363793	75945	1103.15	407.85	278.79	462.06	18.54	469.91	0.26	244.08	22538.51	-17117.24	10228.95
Fixation L	1	33	8705363793	8705587764	223971	268.18	479.64	16	29	-1	11.62	11.62
Fixation R	1	32	8705363793	8705587764	223971	268.18	479.64	16	29	-1	12.79	12.79
Saccade L	1	30	8705587764	8705635873	48109	271.62	478.20	230.00	463.59	0.94	40.18	0.25	19.62	1681.59	-1284.19	755.70
Saccade R	1	30	8705587764	8705635873	48109	271.62	478.20	230.00	463.59	0.94	40.18	0.25	19.62	1681.59	-1284.19	755.70
Fixation L	1	34	8705635873	8705839831	203958	218.93	464.17	17	12	-1	11.57	11.57
Fixation R	1	33	8705635873	8705955730	319857	173.47	356.42	578	603	-1	12.54	12.54
Saccade L	1	31	8705839831	8705887884	48053	219.17	470.66	0.00	0.00	16.44	1299.92	0.75	342.12	46886.59	-55829.33	25008.09
Fixation L	1	35	8705887884	8705955730	67846	0.00	0.00	0	0	-1	11.25	11.25
Fixation L	1	36	8706039734	8706179765	140031	1133.82	422.21	16	15	-1	11.71	11.71
Fixation R	1	34	8706039734	8706179765	140031	1133.82	422.21	16	15	-1	13.03	13.03
Saccade L	1	32	8706179765	8706211755	31990	1136.11	421.98	1178.70	434.10	1.01	72.56	0.37	31.66	3116.77	-3098.75	2069.20
Saccade R	1	31	8706179765	8706211755	31990	1136.11	421.98	1178.70	434.10	1.01	72.56	0.37	31.66	3116.77	-3098.75	2069.20
Fixation L	1	37	8706211755	8706679752	467997	1204.17	433.39	69	27	-1	11.63	11.63
Fixation R	1	35	8706211755	8706679752	467997	1204.17	433.39	69	27	-1	12.84	12.84
Saccade L	1	33	8706679752	8706703748	23996	1247.58	426.32	1168.13	420.99	1.68	148.60	0.50	69.96	6376.70	-6489.74	4818.83
Saccade R	1	32	8706679752	8706703748	23996	1247.58	426.32	1168.13	420.99	1.68	148.60	0.50	69.96	6376.70	-6489.74	4818.83
Fixation L	1	38	8706703748	8706827764	124016	1160.61	425.10	10	12	-1	11.55	11.55
Fixation R	1	36	8706703748	8706827764	124016	1160.61	425.10	10	12	-1	12.56	12.56
Saccade L	1	34	8706827764	8706867756	39992	1160.07	427.98	945.19	431.30	4.56	307.19	0.50	113.93	14297.92	-13844.10	9326.44
Saccade R	1	33	8706827764	8706867756	39992	1160.07	427.98	945.19	431.30	4.56	307.19	0.50	113.93	14297.92	-13844.10	9326.44
Fixation L	1	39	8706867756	8707155782	288026	944.50	440.50	14	26	-1	11.26	11.26
Fixation R	1	37	8706867756	8707155782	288026	944.50	440.50	14	26	-1	12.42	12.42
Fixation L	1	40	8707239762	8707647666	407904	0.00	0.00	0	0	-1	11.06	11.06
Fixation R	1	38	8707239762	8707647666	407904	0.00	0.00	0	0	-1	12.47	12.47
