[BeGaze]
Converted from:	D:\Kirillov\Results\ermolova_temp\Yaroslava-1-eye_data.idf
Date:	17.04.2019 03:52:37
Version:	BeGaze 3.0.181
Sample Rate:	250
Subject:	Yaroslava
Description:	Run10

Table Header for Fixations:
Event Type	Trial	Number	Start	End	Duration	Location X	Location Y	Dispersion X	Dispersion Y	Plane	Avg. Pupil Size X	Avg. Pupil Size Y

Table Header for Saccades:
Event Type	Trial	Number	Start	End	Duration	Start Loc.X	Start Loc.Y	End Loc.X	End Loc.Y	Amplitude	Peak Speed	Peak Speed At	Average Speed	Peak Accel.	Peak Decel.	Average Accel.

Table Header for User Events:
Event Type	Trial	Number	Start	Description

UserEvent	1	1	1370899596	# Message: experiment-01.jpg
Fixation L	1	1	1370901433	1371093445	192012	192.83	800.66	26	25	-1	14.80	14.80
Fixation R	1	1	1370901433	1371093445	192012	192.83	800.66	26	25	-1	14.63	14.63
Saccade L	1	1	1371093445	1371177437	83992	194.00	805.14	610.12	570.70	13.53	475.03	0.29	161.07	20025.48	-15774.65	8086.86
Saccade R	1	1	1371093445	1371177437	83992	194.00	805.14	610.12	570.70	13.53	475.03	0.29	161.07	20025.48	-15774.65	8086.86
Saccade L	1	2	1371177437	1371209431	31994	610.12	570.70	656.69	563.20	1.91	183.03	0.50	59.65	3384.71	-5783.23	3136.44
Saccade R	1	2	1371177437	1371209431	31994	610.12	570.70	656.69	563.20	1.91	183.03	0.50	59.65	3384.71	-5783.23	3136.44
Saccade L	1	3	1371229431	1371277443	48012	643.91	553.71	577.10	575.43	3.82	250.69	0.25	79.62	9351.46	-6777.58	4104.19
Saccade R	1	3	1371229431	1371277443	48012	643.91	553.71	577.10	575.43	3.82	250.69	0.25	79.62	9351.46	-6777.58	4104.19
Saccade L	1	4	1371301456	1371353455	51999	575.81	577.75	924.90	665.67	7.88	405.80	0.31	151.60	18731.47	-11601.12	8527.73
Saccade R	1	4	1371301456	1371353455	51999	575.81	577.75	924.90	665.67	7.88	405.80	0.31	151.60	18731.47	-11601.12	8527.73
Fixation L	1	2	1371413439	1371477444	64005	1018.92	718.75	37	15	-1	14.35	14.35
Fixation R	1	2	1371413439	1371477444	64005	1018.92	718.75	37	15	-1	14.70	14.70
Saccade L	1	5	1371477444	1371505446	28002	1033.89	719.91	1028.41	616.76	2.22	171.11	0.43	79.43	7706.46	-6579.46	5261.80
Saccade R	1	5	1371477444	1371505446	28002	1033.89	719.91	1028.41	616.76	2.22	171.11	0.43	79.43	7706.46	-6579.46	5261.80
Fixation L	1	3	1371505446	1371677442	171996	1018.33	610.15	23	30	-1	13.99	13.99
Fixation R	1	3	1371505446	1371677442	171996	1018.33	610.15	23	30	-1	13.89	13.89
Saccade L	1	6	1371677442	1371725443	48001	1026.10	599.74	1233.59	577.52	4.43	176.67	0.67	92.27	6818.96	-7597.30	4972.21
Saccade R	1	6	1371677442	1371725443	48001	1026.10	599.74	1233.59	577.52	4.43	176.67	0.67	92.27	6818.96	-7597.30	4972.21
Fixation L	1	4	1371725443	1371885323	159880	1226.03	570.00	23	12	-1	13.15	13.15
Fixation R	1	4	1371725443	1371885323	159880	1226.03	570.00	23	12	-1	13.21	13.21
Saccade L	1	7	1371885323	1371929332	44009	1211.23	567.65	1073.40	724.95	4.67	238.44	0.36	106.10	11295.32	-8644.22	6465.93
Saccade R	1	7	1371885323	1371929332	44009	1211.23	567.65	1073.40	724.95	4.67	238.44	0.36	106.10	11295.32	-8644.22	6465.93
Fixation L	1	5	1371929332	1372233337	304005	1055.76	738.97	43	29	-1	12.83	12.83
Fixation R	1	5	1371929332	1372233337	304005	1055.76	738.97	43	29	-1	13.04	13.04
Saccade L	1	8	1372233337	1372253321	19984	1050.36	737.37	1027.01	744.98	0.48	42.89	0.60	23.86	1792.32	-1203.55	1109.40
Saccade R	1	8	1372233337	1372253321	19984	1050.36	737.37	1027.01	744.98	0.48	42.89	0.60	23.86	1792.32	-1203.55	1109.40
Fixation L	1	6	1372253321	1372593262	339941	1015.30	775.11	50	64	-1	12.93	12.93
Fixation R	1	6	1372253321	1372769325	516004	900.33	707.87	1760	934	-1	12.21	12.21
Saccade L	1	9	1372593262	1372761261	167999	1039.23	809.39	529.09	551.89	78.42	2797.64	0.43	466.79	63393.73	-89360.40	17822.37
Saccade L	1	10	1372769325	1372801340	32015	538.89	546.60	372.26	581.87	3.08	237.48	0.62	96.25	8627.39	-8627.98	6005.08
Saccade R	1	9	1372769325	1372801340	32015	538.89	546.60	372.26	581.87	3.08	237.48	0.62	96.25	8627.39	-8627.98	6005.08
Saccade L	1	11	1372825331	1372845328	19997	385.56	590.58	366.88	556.39	0.51	48.22	0.40	25.40	1508.85	-1456.87	959.79
Saccade R	1	10	1372825331	1372845328	19997	385.56	590.58	366.88	556.39	0.51	48.22	0.40	25.40	1508.85	-1456.87	959.79
Saccade L	1	12	1372853337	1372881334	27997	367.59	563.11	312.00	562.56	1.64	117.84	0.57	58.56	6720.48	-4431.03	3877.63
Saccade R	1	11	1372853337	1372881334	27997	367.59	563.11	312.00	562.56	1.64	117.84	0.57	58.56	6720.48	-4431.03	3877.63
Saccade L	1	13	1372881334	1372941341	60007	312.00	562.56	326.93	576.96	10.92	437.72	0.60	181.99	21102.89	-21485.22	12987.52
Saccade R	1	12	1372881334	1372941341	60007	312.00	562.56	326.93	576.96	10.92	437.72	0.60	181.99	21102.89	-21485.22	12987.52
Fixation L	1	7	1372941341	1373033347	92006	343.64	590.14	29	26	-1	12.56	12.56
Fixation R	1	7	1372941341	1373033347	92006	343.64	590.14	29	26	-1	12.94	12.94
Saccade L	1	14	1373033347	1373061330	27983	354.86	595.31	516.27	603.72	3.35	252.24	0.57	119.87	12005.69	-11811.93	8736.11
Saccade R	1	13	1373033347	1373061330	27983	354.86	595.31	516.27	603.72	3.35	252.24	0.57	119.87	12005.69	-11811.93	8736.11
Fixation L	1	8	1373061330	1373153264	91934	528.60	600.77	33	31	-1	12.42	12.42
Fixation R	1	8	1373061330	1373153264	91934	528.60	600.77	33	31	-1	12.92	12.92
Saccade L	1	15	1373233204	1373253220	20016	537.27	624.77	495.40	617.00	1.15	114.75	0.60	57.43	5500.77	-314.17	2561.17
Saccade R	1	14	1373233204	1373253220	20016	537.27	624.77	495.40	617.00	1.15	114.75	0.60	57.43	5500.77	-314.17	2561.17
Saccade L	1	16	1373253220	1373321220	68000	495.40	617.00	378.30	498.18	5.77	233.14	0.29	84.80	9245.66	-7725.68	3622.67
Saccade R	1	15	1373253220	1373321220	68000	495.40	617.00	378.30	498.18	5.77	233.14	0.29	84.80	9245.66	-7725.68	3622.67
Fixation L	1	9	1373345213	1373473208	127995	372.58	470.87	15	57	-1	11.58	11.58
Fixation R	1	9	1373345213	1373473208	127995	372.58	470.87	15	57	-1	12.09	12.09
Saccade L	1	17	1373481209	1373557243	76034	368.67	487.35	237.14	474.06	12.99	393.86	0.21	170.86	19471.20	-13588.93	9992.42
Saccade R	1	16	1373481209	1373557243	76034	368.67	487.35	237.14	474.06	12.99	393.86	0.21	170.86	19471.20	-13588.93	9992.42
Saccade L	1	18	1373565211	1373649208	83997	245.11	479.22	202.61	423.27	5.99	121.97	0.67	71.29	2898.73	-3465.73	1541.15
Saccade R	1	17	1373565211	1373649208	83997	245.11	479.22	202.61	423.27	5.99	121.97	0.67	71.29	2898.73	-3465.73	1541.15
Saccade L	1	19	1373649208	1373721225	72017	202.61	423.27	193.29	221.48	8.81	367.94	0.28	122.39	15685.12	-10674.07	5480.94
Saccade R	1	18	1373649208	1373721225	72017	202.61	423.27	193.29	221.48	8.81	367.94	0.28	122.39	15685.12	-10674.07	5480.94
Saccade L	1	20	1373721225	1373777203	55978	193.29	221.48	205.18	302.01	4.16	183.07	0.21	74.35	6090.57	-5888.91	2954.35
Saccade R	1	19	1373721225	1373777203	55978	193.29	221.48	205.18	302.01	4.16	183.07	0.21	74.35	6090.57	-5888.91	2954.35
Saccade L	1	21	1373777203	1373845250	68047	205.18	302.01	180.68	210.06	3.67	138.24	0.41	53.98	2703.71	-2714.33	1122.52
Saccade R	1	20	1373777203	1373845250	68047	205.18	302.01	180.68	210.06	3.67	138.24	0.41	53.98	2703.71	-2714.33	1122.52
Saccade L	1	22	1373845250	1373913224	67974	180.68	210.06	298.84	225.48	4.71	140.27	0.35	69.27	4246.10	-3700.02	2033.06
Saccade R	1	21	1373845250	1373913224	67974	180.68	210.06	298.84	225.48	4.71	140.27	0.35	69.27	4246.10	-3700.02	2033.06
Saccade L	1	23	1373913224	1373953211	39987	298.84	225.48	237.90	148.04	2.15	102.51	0.70	53.81	1840.31	-1512.50	750.91
Saccade R	1	22	1373913224	1373953211	39987	298.84	225.48	237.90	148.04	2.15	102.51	0.70	53.81	1840.31	-1512.50	750.91
Saccade L	1	24	1374029236	1374057236	28000	269.14	161.75	253.36	113.27	1.74	133.89	0.71	62.17	3533.68	-3149.02	2255.97
Saccade R	1	23	1374029236	1374057236	28000	269.14	161.75	253.36	113.27	1.74	133.89	0.71	62.17	3533.68	-3149.02	2255.97
Saccade L	1	25	1374065223	1374141219	75996	282.86	161.26	398.40	133.83	5.76	183.24	0.37	75.84	7651.75	-5448.88	2798.27
Saccade R	1	24	1374065223	1374141219	75996	282.86	161.26	398.40	133.83	5.76	183.24	0.37	75.84	7651.75	-5448.88	2798.27
Saccade L	1	26	1374141219	1374253218	111999	398.40	133.83	393.61	155.10	7.94	177.38	0.46	70.92	4437.25	-2777.41	1395.70
Saccade R	1	25	1374141219	1374253218	111999	398.40	133.83	393.61	155.10	7.94	177.38	0.46	70.92	4437.25	-2777.41	1395.70
Saccade L	1	27	1374253218	1374573089	319871	393.61	155.10	187.06	133.92	53.51	608.41	0.56	167.30	20924.41	-17650.46	6646.31
Saccade R	1	26	1374253218	1374573089	319871	393.61	155.10	187.06	133.92	53.51	608.41	0.56	167.30	20924.41	-17650.46	6646.31
Saccade L	1	28	1374573089	1374613216	40127	187.06	133.92	133.17	210.66	3.45	148.15	0.50	85.89	3857.28	-3538.94	1995.83
Saccade R	1	27	1374573089	1374613216	40127	187.06	133.92	133.17	210.66	3.45	148.15	0.50	85.89	3857.28	-3538.94	1995.83
Saccade L	1	29	1374637102	1374665094	27992	140.77	146.30	151.84	80.55	2.28	171.72	0.71	81.60	5657.77	-111.84	2064.17
Saccade R	1	28	1374637102	1374665094	27992	140.77	146.30	151.84	80.55	2.28	171.72	0.71	81.60	5657.77	-111.84	2064.17
Saccade L	1	30	1374809111	1374833105	23994	175.32	75.34	165.35	30.13	1.20	100.85	0.33	50.03	990.56	-3207.81	1104.01
Saccade R	1	29	1374809111	1374833105	23994	175.32	75.34	165.35	30.13	1.20	100.85	0.33	50.03	990.56	-3207.81	1104.01
Saccade L	1	31	1374889123	1374913097	23974	162.50	44.15	161.02	-17.12	0.83	61.17	0.33	34.54	1716.21	70.63	618.10
Saccade R	1	30	1374889123	1374913097	23974	162.50	44.15	161.02	-17.12	0.83	61.17	0.33	34.54	1716.21	70.63	618.10
Saccade L	1	32	1375209098	1375565114	356016	325.57	387.78	719.03	124.01	54.87	468.84	0.61	154.11	15988.04	-14072.02	4058.47
Saccade R	1	31	1375209098	1375565114	356016	325.57	387.78	719.03	124.01	54.87	468.84	0.61	154.11	15988.04	-14072.02	4058.47
Saccade L	1	33	1375849100	1375877105	28005	122.29	104.65	100.22	127.81	2.02	193.73	0.57	72.26	5364.50	-2921.75	3019.87
Saccade R	1	32	1375849100	1375877105	28005	122.29	104.65	100.22	127.81	2.02	193.73	0.57	72.26	5364.50	-2921.75	3019.87
Saccade L	1	34	1375877105	1376101022	223917	100.22	127.81	1031.81	648.37	42.78	512.37	0.55	191.05	17659.12	-18311.84	4389.01
Saccade R	1	33	1375877105	1376101022	223917	100.22	127.81	1031.81	648.37	42.78	512.37	0.55	191.05	17659.12	-18311.84	4389.01
Saccade L	1	35	1376108998	1376224986	115988	1026.53	650.41	982.36	661.21	12.17	266.72	0.72	104.91	6429.87	-5587.32	2615.90
Saccade R	1	34	1376108998	1376224986	115988	1026.53	650.41	982.36	661.21	12.17	266.72	0.72	104.91	6429.87	-5587.32	2615.90
Saccade L	1	36	1376224986	1376249009	24023	982.36	661.21	965.40	580.79	2.33	213.83	0.50	97.01	3578.77	-9406.25	4146.61
Saccade R	1	35	1376224986	1376249009	24023	982.36	661.21	965.40	580.79	2.33	213.83	0.50	97.01	3578.77	-9406.25	4146.61
Saccade L	1	37	1376641001	1376664993	23992	470.03	793.51	529.90	774.74	6.77	791.80	0.33	282.27	9303.46	-18503.76	10836.67
Saccade R	1	36	1376641001	1376664993	23992	470.03	793.51	529.90	774.74	6.77	791.80	0.33	282.27	9303.46	-18503.76	10836.67
Saccade L	1	38	1376664993	1376716984	51991	529.90	774.74	1095.62	594.56	7.04	476.85	0.23	135.50	9303.46	-19736.85	5822.75
Saccade R	1	37	1376664993	1376716984	51991	529.90	774.74	1095.62	594.56	7.04	476.85	0.23	135.50	9303.46	-19736.85	5822.75
Saccade L	1	39	1376756986	1376800982	43996	1128.91	583.01	1099.84	538.65	2.59	102.79	0.36	58.86	2325.21	-4299.46	2254.66
Saccade R	1	38	1376756986	1376800982	43996	1128.91	583.01	1099.84	538.65	2.59	102.79	0.36	58.86	2325.21	-4299.46	2254.66
Saccade L	1	40	1376828990	1377008997	180007	1101.59	513.47	1173.28	739.02	18.74	230.24	0.64	104.10	6622.49	-7430.32	2623.52
Saccade R	1	39	1376828990	1377008997	180007	1101.59	513.47	1173.28	739.02	18.74	230.24	0.64	104.10	6622.49	-7430.32	2623.52
Saccade L	1	41	1377008997	1377037003	28006	1173.28	739.02	1137.75	793.87	1.28	87.24	0.29	45.75	1858.26	-4490.84	1765.06
Saccade R	1	40	1377008997	1377037003	28006	1173.28	739.02	1137.75	793.87	1.28	87.24	0.29	45.75	1858.26	-4490.84	1765.06
Saccade L	1	42	1377037003	1377064996	27993	1137.75	793.87	1127.28	802.11	1.11	90.14	0.43	39.60	653.26	-2724.80	837.66
Saccade R	1	41	1377037003	1377064996	27993	1137.75	793.87	1127.28	802.11	1.11	90.14	0.43	39.60	653.26	-2724.80	837.66
Saccade R	1	42	1377089014	1377142553	53539	1113.12	779.73	0.00	0.00	43.43	2678.89	0.37	811.11	108614.26	-55417.24	42709.39
Fixation R	1	10	1377142553	1377513144	370591	0.00	0.00	0	0	-1	5.32	5.10
Saccade R	1	43	1379835918	1379872980	37062	0.00	0.00	0.03	-1.36	4.05	271.74	0.32	109.18	11464.09	-6518.28	4544.97
Saccade R	1	44	1379872980	1379903880	30900	0.03	-1.36	0.00	-1.43	4.58	294.85	0.74	148.34	10335.31	-2453.47	4321.77
Saccade R	1	45	1379903880	1379927882	24002	0.00	-1.43	152.79	476.30	5.05	407.53	0.50	210.32	7062.34	-8469.66	6191.24
Saccade L	1	43	1379927882	1379971888	44006	152.79	476.30	153.63	517.31	12.81	1000.27	0.45	291.03	33501.68	-40838.01	19980.28
Saccade R	1	46	1379927882	1379971888	44006	152.79	476.30	153.63	517.31	12.81	1000.27	0.45	291.03	33501.68	-40838.01	19980.28
Saccade L	1	44	1379971888	1380011940	40052	153.63	517.31	0.27	0.08	11.89	767.51	0.70	296.84	22420.25	-35607.09	17569.99
Saccade R	1	47	1379971888	1380011940	40052	153.63	517.31	0.27	0.08	11.89	767.51	0.70	296.84	22420.25	-35607.09	17569.99
Fixation L	1	10	1380011940	1380188275	176335	0.04	0.01	0	0	-1	12.31	12.31
Fixation R	1	11	1380011940	1380188275	176335	0.04	0.01	0	0	-1	12.72	12.72
Saccade L	1	45	1380210351	1380249059	38708	103.59	1028.77	103.67	1028.65	32.12	1327.27	0.29	829.71	29607.22	-29629.60	13327.40
Saccade R	1	48	1380210351	1380249059	38708	103.59	1028.77	103.67	1028.65	32.12	1327.27	0.29	829.71	29607.22	-29629.60	13327.40
Fixation L	1	11	1380271176	1380591769	320593	849.65	597.29	1377	1076	-1	10.99	10.76
Fixation R	1	12	1380463769	1380591769	128000	1031.67	682.97	12	25	-1	16.07	16.07
Saccade L	1	46	1380591769	1380643837	52068	1032.30	691.36	1035.84	702.38	9.89	496.60	0.47	190.00	19905.81	-11541.80	8892.56
Saccade R	1	49	1380591769	1380643837	52068	1032.30	691.36	1035.84	702.38	9.89	496.60	0.47	190.00	19905.81	-11541.80	8892.56
Saccade L	1	47	1380687803	1380799795	111992	1037.54	708.68	496.10	717.44	21.35	516.27	0.32	190.68	16987.14	-17747.90	7194.12
Saccade L	1	48	1380799795	1380823787	23992	496.10	717.44	444.21	724.66	1.39	143.66	0.67	58.07	4289.49	-3139.40	2818.96
Saccade L	1	49	1380823787	1380847780	23993	444.21	724.66	473.40	730.04	1.99	161.14	0.33	82.93	2369.41	-4998.98	2767.87
Saccade L	1	50	1380863796	1380883789	19993	470.27	726.27	524.14	727.50	1.37	159.33	0.40	68.66	2173.55	-1935.33	1326.11
Saccade L	1	51	1380883789	1380911787	27998	524.14	727.50	653.40	715.25	2.24	182.72	0.29	79.94	3825.63	-4123.25	2022.15
Saccade L	1	52	1380911787	1380935789	24002	653.40	715.25	629.13	716.20	1.72	130.68	0.33	71.49	1774.86	-2036.78	1012.85
Saccade L	1	53	1380975784	1381011786	36002	642.63	729.17	720.39	738.06	2.79	179.09	0.78	77.47	3620.43	-2311.79	1572.64
Saccade L	1	54	1381011786	1381051803	40017	720.39	738.06	1005.56	867.40	6.73	389.88	0.70	168.19	14514.74	-9620.15	7095.26
Saccade L	1	55	1381183778	1381239772	55994	626.39	926.35	609.45	913.13	16.39	659.16	0.79	292.65	15749.54	-27002.86	10285.45
Saccade R	1	50	1381183778	1381239772	55994	626.39	926.35	609.45	913.13	16.39	659.16	0.79	292.65	15749.54	-27002.86	10285.45
Saccade L	1	56	1381327773	1381443795	116022	722.09	859.08	684.87	978.37	16.63	368.63	0.45	143.31	8558.67	-9291.34	3799.61
Saccade R	1	51	1381327773	1381443795	116022	722.09	859.08	684.87	978.37	16.63	368.63	0.45	143.31	8558.67	-9291.34	3799.61
Saccade L	1	57	1381515792	1381551801	36009	692.86	988.12	684.76	992.45	15.49	916.51	0.33	430.15	37517.74	-21771.04	14937.39
Saccade L	1	58	1381551801	1381607803	56002	684.76	992.45	223.22	1040.06	20.53	660.28	0.64	366.54	8960.34	-18277.40	7695.92
Saccade L	1	59	1381607803	1381743649	135846	223.22	1040.06	1391.33	324.13	115.41	2905.76	0.53	849.53	71427.72	-67925.29	28476.79
Saccade R	1	52	1381607803	1381743649	135846	223.22	1040.06	1391.33	324.13	115.41	2905.76	0.53	849.53	71427.72	-67925.29	28476.79
Saccade L	1	60	1381743649	1381795659	52010	1391.33	324.13	1298.95	386.49	6.41	228.22	0.38	123.23	4679.76	-38710.30	8468.17
Saccade R	1	53	1381743649	1381795659	52010	1391.33	324.13	1298.95	386.49	6.41	228.22	0.38	123.23	4679.76	-38710.30	8468.17
Saccade L	1	61	1381795659	1381904675	109016	1298.95	386.49	0.00	0.00	72.59	1806.10	0.37	665.87	66143.76	-60422.79	27552.97
Saccade R	1	54	1381795659	1381904675	109016	1298.95	386.49	0.00	0.00	72.59	1806.10	0.37	665.87	66143.76	-60422.79	27552.97
Fixation L	1	12	1381904675	1382405250	500575	0.00	0.00	0	0	-1	11.42	11.42
Fixation R	1	13	1381904675	1382405250	500575	0.00	0.00	0	0	-1	15.31	15.31
Saccade L	1	62	1383918056	1384142192	224136	0.00	0.00	877.25	771.44	170.18	2269.70	0.91	759.28	95053.75	-93223.93	62749.21
Saccade R	1	55	1383918056	1384142192	224136	0.00	0.00	877.25	771.44	170.18	2269.70	0.91	759.28	95053.75	-93223.93	62749.21
Saccade L	1	63	1384214205	1384322177	107972	890.42	789.20	910.21	612.20	8.11	221.19	0.44	75.08	7564.00	-7252.58	2955.48
Saccade R	1	56	1384214205	1384322177	107972	890.42	789.20	910.21	612.20	8.11	221.19	0.44	75.08	7564.00	-7252.58	2955.48
Saccade L	1	64	1384338199	1384394171	55972	904.56	609.82	915.61	617.42	2.55	93.66	0.64	45.53	2530.11	-3483.59	1453.00
Saccade R	1	57	1384338199	1384394171	55972	904.56	609.82	915.61	617.42	2.55	93.66	0.64	45.53	2530.11	-3483.59	1453.00
Fixation L	1	13	1384394171	1384470188	76017	891.16	604.27	33	30	-1	14.69	14.69
Fixation R	1	14	1384394171	1384470188	76017	891.16	604.27	33	30	-1	14.82	14.82
Saccade L	1	65	1384470188	1384506191	36003	890.26	622.96	1031.40	612.43	18.04	944.90	0.56	501.10	40101.03	-46897.26	33127.28
Saccade R	1	58	1384470188	1384506191	36003	890.26	622.96	1031.40	612.43	18.04	944.90	0.56	501.10	40101.03	-46897.26	33127.28
Saccade L	1	66	1384530177	1384550171	19994	1034.69	602.40	1078.72	598.90	0.59	51.52	0.60	29.38	1419.01	-1401.90	972.44
Saccade R	1	59	1384530177	1384550171	19994	1034.69	602.40	1078.72	598.90	0.59	51.52	0.60	29.38	1419.01	-1401.90	972.44
Fixation L	1	14	1384550171	1384622192	72021	1067.88	599.75	31	16	-1	14.08	14.08
Fixation R	1	15	1384550171	1384622192	72021	1067.88	599.75	31	16	-1	14.15	14.15
Saccade L	1	67	1384622192	1384714174	91982	1082.52	598.40	1201.69	569.24	9.41	194.45	0.30	102.27	6474.70	-7446.65	3398.23
Saccade R	1	60	1384622192	1384714174	91982	1082.52	598.40	1201.69	569.24	9.41	194.45	0.30	102.27	6474.70	-7446.65	3398.23
Saccade L	1	68	1384714174	1384782192	68018	1201.69	569.24	1218.84	561.06	6.45	286.19	0.41	94.84	9469.46	-10296.65	4078.74
Saccade R	1	61	1384714174	1384782192	68018	1201.69	569.24	1218.84	561.06	6.45	286.19	0.41	94.84	9469.46	-10296.65	4078.74
Fixation L	1	15	1384782192	1384850173	67981	1226.66	552.35	19	14	-1	13.76	13.76
Fixation R	1	16	1384782192	1384850173	67981	1226.66	552.35	19	14	-1	13.62	13.62
Saccade L	1	69	1384850173	1384930228	80055	1224.99	548.05	421.10	379.65	20.25	614.26	0.45	252.97	23717.65	-20845.24	11131.08
Saccade R	1	62	1384850173	1384930228	80055	1224.99	548.05	421.10	379.65	20.25	614.26	0.45	252.97	23717.65	-20845.24	11131.08
Saccade L	1	70	1384930228	1384994192	63964	421.10	379.65	420.48	403.63	8.26	420.99	0.31	129.19	14518.80	-11450.55	6047.74
Saccade R	1	63	1384930228	1384994192	63964	421.10	379.65	420.48	403.63	8.26	420.99	0.31	129.19	14518.80	-11450.55	6047.74
Saccade L	1	71	1385010202	1385034188	23986	433.55	383.25	421.58	429.02	1.33	144.96	0.33	55.65	3720.80	-4286.15	2404.24
Saccade R	1	64	1385010202	1385034188	23986	433.55	383.25	421.58	429.02	1.33	144.96	0.33	55.65	3720.80	-4286.15	2404.24
Fixation L	1	16	1385106188	1385170179	63991	595.88	259.67	17	15	-1	13.73	13.73
Fixation R	1	17	1385106188	1385170179	63991	595.88	259.67	17	15	-1	13.63	13.63
Saccade L	1	72	1385182119	1385222202	40083	600.39	294.46	624.39	233.17	4.07	216.61	0.70	101.51	5081.35	-5677.45	3440.73
Saccade R	1	65	1385182119	1385222202	40083	600.39	294.46	624.39	233.17	4.07	216.61	0.70	101.51	5081.35	-5677.45	3440.73
Saccade L	1	73	1385238200	1385270178	31978	656.66	184.20	666.48	195.76	3.70	202.37	0.25	115.66	5726.17	-6571.68	4409.01
Saccade R	1	66	1385238200	1385270178	31978	656.66	184.20	666.48	195.76	3.70	202.37	0.25	115.66	5726.17	-6571.68	4409.01
Saccade L	1	74	1385270178	1385290177	19999	666.48	195.76	667.46	239.73	0.69	63.75	0.40	34.71	872.77	-6571.68	2350.82
Saccade R	1	67	1385270178	1385290177	19999	666.48	195.76	667.46	239.73	0.69	63.75	0.40	34.71	872.77	-6571.68	2350.82
Saccade L	1	75	1385290177	1385346192	56015	667.46	239.73	663.58	241.14	3.88	121.27	0.64	69.33	2805.13	-5224.19	2324.27
Saccade R	1	68	1385290177	1385346192	56015	667.46	239.73	663.58	241.14	3.88	121.27	0.64	69.33	2805.13	-5224.19	2324.27
Fixation L	1	17	1385346192	1385398188	51996	665.19	238.54	5	33	-1	13.74	13.74
Fixation R	1	18	1385346192	1385398188	51996	665.19	238.54	5	33	-1	13.72	13.72
Saccade L	1	76	1385398188	1385490061	91873	665.28	259.32	207.81	201.97	11.93	335.55	0.30	129.85	14770.38	-10132.74	5654.31
Saccade R	1	69	1385398188	1385490061	91873	665.28	259.32	207.81	201.97	11.93	335.55	0.30	129.85	14770.38	-10132.74	5654.31
Fixation L	1	18	1385506054	1385598058	92004	207.54	191.11	9	50	-1	13.63	13.63
Fixation R	1	19	1385506054	1385598058	92004	207.54	191.11	9	50	-1	13.52	13.52
Fixation L	1	19	1385614089	1385722073	107984	220.85	204.21	14	38	-1	13.55	13.55
Fixation R	1	20	1385614089	1385722073	107984	220.85	204.21	14	38	-1	13.56	13.56
Saccade L	1	77	1385722073	1385766092	44019	224.65	212.53	437.54	239.94	4.60	247.45	0.46	104.48	11066.33	-9814.45	6803.59
Saccade R	1	70	1385722073	1385766092	44019	224.65	212.53	437.54	239.94	4.60	247.45	0.46	104.48	11066.33	-9814.45	6803.59
Saccade L	1	78	1385814073	1385910063	95990	451.16	244.95	424.78	246.35	7.32	184.14	0.29	76.28	7348.60	-6391.32	2663.04
Saccade R	1	71	1385814073	1385910063	95990	451.16	244.95	424.78	246.35	7.32	184.14	0.29	76.28	7348.60	-6391.32	2663.04
Saccade L	1	79	1385910063	1385958096	48033	424.78	246.35	456.62	221.77	6.00	297.36	0.33	124.88	10952.57	-9841.93	5741.02
Saccade R	1	72	1385910063	1385958096	48033	424.78	246.35	456.62	221.77	6.00	297.36	0.33	124.88	10952.57	-9841.93	5741.02
Saccade L	1	80	1385958096	1386026059	67963	456.62	221.77	811.34	238.64	8.90	335.53	0.41	130.98	14581.90	-8641.04	6355.37
Saccade R	1	73	1385958096	1386026059	67963	456.62	221.77	811.34	238.64	8.90	335.53	0.41	130.98	14581.90	-8641.04	6355.37
Fixation L	1	20	1386026059	1386118062	92003	817.70	246.02	15	38	-1	13.19	13.19
Fixation R	1	21	1386026059	1386118062	92003	817.70	246.02	15	38	-1	13.72	13.72
Saccade L	1	81	1386118062	1386146060	27998	812.48	256.26	821.89	210.31	0.89	63.47	0.57	31.82	3007.68	-2565.11	2052.35
Saccade R	1	74	1386118062	1386146060	27998	812.48	256.26	821.89	210.31	0.89	63.47	0.57	31.82	3007.68	-2565.11	2052.35
Fixation L	1	21	1386146060	1386206083	60023	819.64	226.79	13	28	-1	13.17	13.17
Fixation R	1	22	1386146060	1386206083	60023	819.64	226.79	13	28	-1	13.92	13.92
Saccade L	1	82	1386206083	1386230074	23991	816.03	235.70	873.83	208.83	0.85	71.42	0.67	35.46	3115.41	854.94	1748.88
Saccade R	1	75	1386206083	1386230074	23991	816.03	235.70	873.83	208.83	0.85	71.42	0.67	35.46	3115.41	854.94	1748.88
Saccade L	1	83	1386230074	1386298082	68008	873.83	208.83	1024.03	221.26	7.87	334.03	0.47	115.74	9875.67	-12375.36	5534.40
Saccade R	1	76	1386230074	1386298082	68008	873.83	208.83	1024.03	221.26	7.87	334.03	0.47	115.74	9875.67	-12375.36	5534.40
Saccade L	1	84	1386310060	1386334077	24017	1013.73	220.93	990.75	261.23	0.80	64.20	0.67	33.49	2002.18	-1689.15	1161.72
Saccade R	1	77	1386310060	1386334077	24017	1013.73	220.93	990.75	261.23	0.80	64.20	0.67	33.49	2002.18	-1689.15	1161.72
Saccade L	1	85	1386346093	1386374077	27984	1000.06	229.00	988.73	226.80	1.52	100.80	0.57	54.40	2702.71	-3562.69	2345.48
Saccade R	1	78	1386346093	1386374077	27984	1000.06	229.00	988.73	226.80	1.52	100.80	0.57	54.40	2702.71	-3562.69	2345.48
Saccade L	1	86	1386382007	1386406076	24069	985.58	235.00	997.53	219.05	0.54	41.81	0.34	22.45	785.13	-1384.86	717.06
Saccade R	1	79	1386382007	1386406076	24069	985.58	235.00	997.53	219.05	0.54	41.81	0.34	22.45	785.13	-1384.86	717.06
Saccade L	1	87	1386414005	1386442065	28060	996.05	215.25	997.69	247.76	0.71	41.82	0.57	25.45	1587.28	-1433.27	1101.91
Saccade R	1	80	1386414005	1386442065	28060	996.05	215.25	997.69	247.76	0.71	41.82	0.57	25.45	1587.28	-1433.27	1101.91
Saccade L	1	88	1386474067	1386534066	59999	993.27	246.65	1246.97	359.22	7.20	236.11	0.27	120.03	10839.68	-7580.12	5227.19
Saccade R	1	81	1386474067	1386534066	59999	993.27	246.65	1246.97	359.22	7.20	236.11	0.27	120.03	10839.68	-7580.12	5227.19
Saccade L	1	89	1386534066	1386586060	51994	1246.97	359.22	1215.89	270.28	2.61	182.75	0.31	50.20	6604.19	-6308.02	2798.65
Saccade R	1	82	1386534066	1386586060	51994	1246.97	359.22	1215.89	270.28	2.61	182.75	0.31	50.20	6604.19	-6308.02	2798.65
Fixation L	1	22	1386586060	1386710068	124008	1230.93	258.46	32	21	-1	13.43	13.43
Fixation R	1	23	1386586060	1386710068	124008	1230.93	258.46	32	21	-1	14.27	14.27
Saccade L	1	90	1386710068	1386734070	24002	1246.92	262.01	1163.45	267.59	1.78	146.10	0.50	74.28	6560.00	-6248.24	4686.56
Saccade R	1	83	1386710068	1386734070	24002	1246.92	262.01	1163.45	267.59	1.78	146.10	0.50	74.28	6560.00	-6248.24	4686.56
Fixation L	1	23	1386734070	1386913940	179870	1147.74	255.12	29	36	-1	13.73	13.73
Fixation R	1	24	1386734070	1386913940	179870	1147.74	255.12	29	36	-1	14.30	14.30
Saccade L	1	91	1386913940	1386981953	68013	1155.05	262.09	271.15	249.56	19.35	481.67	0.29	284.53	22592.70	-16784.81	10471.25
Saccade R	1	84	1386913940	1386981953	68013	1155.05	262.09	271.15	249.56	19.35	481.67	0.29	284.53	22592.70	-16784.81	10471.25
Fixation L	1	24	1386981953	1387169950	187997	262.51	271.84	25	42	-1	13.90	13.90
Fixation R	1	25	1386981953	1387169950	187997	262.51	271.84	25	42	-1	14.02	14.02
Saccade L	1	92	1387169950	1387193946	23996	259.26	289.96	338.10	310.19	1.63	134.43	0.50	67.88	6280.66	-5498.61	4390.87
Saccade R	1	85	1387169950	1387193946	23996	259.26	289.96	338.10	310.19	1.63	134.43	0.50	67.88	6280.66	-5498.61	4390.87
Fixation L	1	25	1387193946	1387401939	207993	345.31	307.57	27	31	-1	14.12	14.12
Fixation R	1	26	1387193946	1387401939	207993	345.31	307.57	27	31	-1	14.04	14.04
Saccade L	1	93	1387401939	1387429944	28005	330.82	284.40	501.09	306.60	3.54	259.90	0.43	126.46	12060.66	-12251.77	8999.03
Saccade R	1	86	1387401939	1387429944	28005	330.82	284.40	501.09	306.60	3.54	259.90	0.43	126.46	12060.66	-12251.77	8999.03
Fixation L	1	26	1387429944	1387513954	84010	517.80	341.51	27	71	-1	14.11	14.11
Fixation R	1	27	1387429944	1387513954	84010	517.80	341.51	27	71	-1	13.84	13.84
Saccade L	1	94	1387565956	1387589943	23987	476.63	394.99	468.58	176.29	3.72	284.13	0.50	155.17	13035.14	-8827.32	8396.59
Saccade R	1	87	1387565956	1387589943	23987	476.63	394.99	468.58	176.29	3.72	284.13	0.50	155.17	13035.14	-8827.32	8396.59
Saccade L	1	95	1387589943	1387653964	64021	468.58	176.29	595.75	236.46	7.91	270.17	0.75	123.52	9715.59	-12161.24	5883.16
Saccade R	1	88	1387589943	1387653964	64021	468.58	176.29	595.75	236.46	7.91	270.17	0.75	123.52	9715.59	-12161.24	5883.16
Fixation L	1	27	1387653964	1387861955	207991	594.76	254.85	15	52	-1	13.97	13.97
Fixation R	1	28	1387653964	1387861955	207991	594.76	254.85	15	52	-1	13.42	13.42
Saccade L	1	96	1387861955	1387905953	43998	597.35	276.14	757.73	296.29	3.81	233.17	0.27	86.62	10737.56	-8774.80	5541.12
Saccade R	1	89	1387861955	1387905953	43998	597.35	276.14	757.73	296.29	3.81	233.17	0.27	86.62	10737.56	-8774.80	5541.12
Fixation L	1	28	1387905953	1388097978	192025	765.79	302.60	34	45	-1	13.85	13.85
Fixation R	1	29	1387905953	1388097978	192025	765.79	302.60	34	45	-1	13.50	13.50
Saccade L	1	97	1388097978	1388157957	59979	786.62	280.34	951.32	410.27	6.07	248.14	0.33	101.12	11696.07	-9961.61	5443.73
Saccade R	1	90	1388097978	1388157957	59979	786.62	280.34	951.32	410.27	6.07	248.14	0.33	101.12	11696.07	-9961.61	5443.73
Saccade L	1	98	1388169957	1388213962	44005	953.97	408.89	900.03	297.59	3.20	226.03	0.27	72.65	9535.32	-8227.33	4856.78
Saccade R	1	91	1388169957	1388213962	44005	953.97	408.89	900.03	297.59	3.20	226.03	0.27	72.65	9535.32	-8227.33	4856.78
Fixation L	1	29	1388213962	1388285848	71886	905.86	289.95	18	25	-1	13.92	13.92
Fixation R	1	30	1388213962	1388285848	71886	905.86	289.95	18	25	-1	13.69	13.69
Saccade L	1	99	1388285848	1388329828	43980	915.56	288.63	1116.66	279.74	4.29	237.72	0.45	97.61	11114.77	-9672.40	6787.15
Saccade R	1	92	1388285848	1388329828	43980	915.56	288.63	1116.66	279.74	4.29	237.72	0.45	97.61	11114.77	-9672.40	6787.15
Fixation L	1	30	1388329828	1388525868	196040	1101.48	293.91	34	35	-1	13.79	13.79
Fixation R	1	31	1388329828	1388525868	196040	1101.48	293.91	34	35	-1	13.82	13.82
Saccade L	1	100	1388525868	1388565848	39980	1087.21	287.34	1276.66	287.00	4.42	214.96	0.40	110.68	10240.22	-8920.34	6860.14
Saccade R	1	93	1388525868	1388565848	39980	1087.21	287.34	1276.66	287.00	4.42	214.96	0.40	110.68	10240.22	-8920.34	6860.14
Fixation L	1	31	1388565848	1388741861	176013	1286.97	306.74	22	51	-1	13.60	13.60
Fixation R	1	32	1388565848	1388741861	176013	1286.97	306.74	22	51	-1	13.76	13.76
Saccade L	1	101	1388741861	1388785851	43990	1281.02	292.57	1389.24	330.33	3.36	242.48	0.27	76.44	10073.35	-8506.29	4956.49
Saccade R	1	94	1388741861	1388785851	43990	1281.02	292.57	1389.24	330.33	3.36	242.48	0.27	76.44	10073.35	-8506.29	4956.49
Saccade L	1	102	1388821840	1388905861	84021	1389.13	328.55	311.95	289.78	24.39	546.50	0.24	290.31	25088.19	-17767.79	10149.25
Saccade R	1	95	1388821840	1388905861	84021	1389.13	328.55	311.95	289.78	24.39	546.50	0.24	290.31	25088.19	-17767.79	10149.25
Fixation L	1	32	1388905861	1389085844	179983	301.76	317.08	16	43	-1	13.71	13.71
Fixation R	1	33	1388905861	1389085844	179983	301.76	317.08	16	43	-1	13.40	13.40
Saccade L	1	103	1389085844	1389117841	31997	300.13	332.75	377.20	356.00	2.03	159.90	0.50	63.46	7351.23	-6604.44	4605.64
Saccade R	1	96	1389085844	1389117841	31997	300.13	332.75	377.20	356.00	2.03	159.90	0.50	63.46	7351.23	-6604.44	4605.64
Fixation L	1	33	1389117841	1389265834	147993	405.03	361.06	40	15	-1	13.80	13.80
Fixation R	1	34	1389117841	1389265834	147993	405.03	361.06	40	15	-1	13.49	13.49
Saccade L	1	104	1389265834	1389313835	48001	415.60	357.68	502.86	390.62	2.08	116.86	0.25	43.31	4934.34	-4260.90	2229.18
Saccade R	1	97	1389265834	1389313835	48001	415.60	357.68	502.86	390.62	2.08	116.86	0.25	43.31	4934.34	-4260.90	2229.18
Fixation L	1	34	1389313835	1389445850	132015	507.95	396.17	7	9	-1	13.70	13.70
Fixation R	1	35	1389313835	1389445850	132015	507.95	396.17	7	9	-1	13.55	13.55
Saccade L	1	105	1389445850	1389473839	27989	505.85	396.56	612.25	390.09	2.11	165.42	0.57	75.34	7653.19	-7210.85	5494.60
Saccade R	1	98	1389445850	1389473839	27989	505.85	396.56	612.25	390.09	2.11	165.42	0.57	75.34	7653.19	-7210.85	5494.60
Fixation L	1	35	1389473839	1389649732	175893	614.43	379.15	15	32	-1	13.60	13.60
Fixation R	1	36	1389473839	1389649732	175893	614.43	379.15	15	32	-1	13.57	13.57
Saccade L	1	106	1389649732	1389689712	39980	612.41	374.66	553.59	622.07	5.41	270.77	0.40	135.43	12886.61	-11133.83	8514.91
Saccade R	1	99	1389649732	1389689712	39980	612.41	374.66	553.59	622.07	5.41	270.77	0.40	135.43	12886.61	-11133.83	8514.91
Fixation L	1	36	1389689712	1389937719	248007	539.61	640.24	31	36	-1	13.69	13.69
Fixation R	1	37	1389689712	1389937719	248007	539.61	640.24	31	36	-1	13.69	13.69
Saccade L	1	107	1389937719	1389993717	55998	536.46	641.00	1043.42	807.86	11.73	390.62	0.36	209.55	17766.52	-14136.50	10041.46
Saccade R	1	100	1389937719	1389993717	55998	536.46	641.00	1043.42	807.86	11.73	390.62	0.36	209.55	17766.52	-14136.50	10041.46
Fixation L	1	37	1389993717	1390245727	252010	1059.28	804.20	26	25	-1	13.82	13.82
Fixation R	1	38	1389993717	1390245727	252010	1059.28	804.20	26	25	-1	13.78	13.78
Saccade L	1	108	1390245727	1390265750	20023	1068.25	803.10	1050.32	780.22	0.57	47.91	0.60	28.61	1589.33	-1592.00	1181.72
Saccade R	1	101	1390245727	1390265750	20023	1068.25	803.10	1050.32	780.22	0.57	47.91	0.60	28.61	1589.33	-1592.00	1181.72
Fixation L	1	38	1390265750	1390457752	192002	1037.68	762.40	29	35	-1	13.72	13.72
Fixation R	1	39	1390265750	1390457752	192002	1037.68	762.40	29	35	-1	13.53	13.53
Saccade L	1	109	1390457752	1390521730	63978	1048.29	749.17	465.81	728.06	12.83	431.00	0.31	200.60	20686.31	-12071.16	10045.39
Saccade R	1	102	1390457752	1390521730	63978	1048.29	749.17	465.81	728.06	12.83	431.00	0.31	200.60	20686.31	-12071.16	10045.39
Fixation L	1	39	1390521730	1390893735	372005	452.95	727.85	27	20	-1	13.21	13.21
Fixation R	1	40	1390521730	1390893735	372005	452.95	727.85	27	20	-1	13.25	13.25
Saccade L	1	110	1390893735	1390921751	28016	438.51	723.51	526.03	749.43	1.75	113.51	0.43	62.60	4846.97	-4923.11	3682.85
Saccade R	1	103	1390893735	1390921751	28016	438.51	723.51	526.03	749.43	1.75	113.51	0.43	62.60	4846.97	-4923.11	3682.85
Fixation L	1	40	1390921751	1391125623	203872	535.42	751.26	25	17	-1	13.47	13.47
Fixation R	1	41	1390921751	1391125623	203872	535.42	751.26	25	17	-1	13.61	13.61
Saccade L	1	111	1391125623	1391181617	55994	537.73	757.05	985.78	754.18	9.79	317.91	0.50	174.83	14916.56	-12879.81	9170.83
Saccade R	1	104	1391125623	1391181617	55994	537.73	757.05	985.78	754.18	9.79	317.91	0.50	174.83	14916.56	-12879.81	9170.83
Fixation L	1	41	1391181617	1391425605	243988	1013.49	745.12	65	31	-1	13.92	13.92
Fixation R	1	42	1391181617	1391425605	243988	1013.49	745.12	65	31	-1	14.04	14.04
Saccade L	1	112	1391425605	1391469624	44019	1017.22	743.87	915.53	542.79	5.41	336.88	0.27	122.82	16043.41	-15739.81	9035.79
Saccade R	1	105	1391425605	1391469624	44019	1017.22	743.87	915.53	542.79	5.41	336.88	0.27	122.82	16043.41	-15739.81	9035.79
Fixation L	1	42	1391469624	1391617607	147983	923.07	540.52	45	14	-1	14.12	14.12
Fixation R	1	43	1391469624	1391617607	147983	923.07	540.52	45	14	-1	14.25	14.25
Saccade L	1	113	1391617607	1391665626	48019	926.37	536.33	460.57	554.89	9.98	422.25	0.42	207.92	20174.31	-15811.65	12490.18
Saccade R	1	106	1391617607	1391665626	48019	926.37	536.33	460.57	554.89	9.98	422.25	0.42	207.92	20174.31	-15811.65	12490.18
Fixation L	1	43	1391665626	1391853623	187997	454.95	553.25	40	22	-1	13.88	13.88
Fixation R	1	44	1391665626	1391853623	187997	454.95	553.25	40	22	-1	13.79	13.79
Saccade L	1	114	1391853623	1391877643	24020	464.50	568.22	532.14	561.66	1.21	96.20	0.50	50.34	4397.02	-3367.73	2742.60
Saccade R	1	107	1391853623	1391877643	24020	464.50	568.22	532.14	561.66	1.21	96.20	0.50	50.34	4397.02	-3367.73	2742.60
Fixation L	1	44	1391877643	1392021619	143976	557.35	561.57	50	18	-1	14.00	14.00
Fixation R	1	45	1391877643	1392021619	143976	557.35	561.57	50	18	-1	13.90	13.90
Saccade L	1	115	1392021619	1392085637	64018	573.23	570.34	423.70	456.14	6.13	316.34	0.25	95.83	14814.49	-11399.20	5819.82
Saccade R	1	108	1392021619	1392085637	64018	573.23	570.34	423.70	456.14	6.13	316.34	0.25	95.83	14814.49	-11399.20	5819.82
Fixation L	1	45	1392085637	1392293636	207999	434.31	472.19	22	29	-1	14.27	14.27
Fixation R	1	46	1392085637	1392293636	207999	434.31	472.19	22	29	-1	14.02	14.02
Saccade L	1	116	1392293636	1392349555	55919	437.18	480.30	662.22	497.88	5.76	233.81	0.29	103.07	11054.56	-8351.93	5820.06
Saccade R	1	109	1392293636	1392349555	55919	437.18	480.30	662.22	497.88	5.76	233.81	0.29	103.07	11054.56	-8351.93	5820.06
Fixation L	1	46	1392349555	1392521500	171945	680.58	492.52	41	31	-1	14.10	14.10
Fixation R	1	47	1392349555	1392521500	171945	680.58	492.52	41	31	-1	13.99	13.99
Saccade L	1	117	1392521500	1392629493	107993	662.58	486.07	943.90	643.54	11.10	293.19	0.33	102.82	12146.88	-5809.18	3839.55
Saccade R	1	110	1392521500	1392629493	107993	662.58	486.07	943.90	643.54	11.10	293.19	0.33	102.82	12146.88	-5809.18	3839.55
Saccade L	1	118	1392761489	1392789500	28011	953.61	667.61	951.36	679.39	0.77	52.78	0.29	27.44	1853.86	-1747.44	1053.19
Saccade R	1	111	1392761489	1392789500	28011	953.61	667.61	951.36	679.39	0.77	52.78	0.29	27.44	1853.86	-1747.44	1053.19
Saccade L	1	119	1392809495	1392833495	24000	981.80	691.63	1007.68	689.88	0.61	41.48	0.50	25.62	464.33	-1039.63	503.81
Saccade R	1	112	1392809495	1392833495	24000	981.80	691.63	1007.68	689.88	0.61	41.48	0.50	25.62	464.33	-1039.63	503.81
Saccade L	1	120	1392861501	1392897493	35992	995.99	679.51	1010.02	722.03	1.04	43.16	0.22	28.84	1160.27	-1058.90	821.37
Saccade R	1	113	1392861501	1392897493	35992	995.99	679.51	1010.02	722.03	1.04	43.16	0.22	28.84	1160.27	-1058.90	821.37
Fixation L	1	47	1392897493	1392953502	56009	1005.64	730.21	24	12	-1	12.71	12.71
Fixation R	1	48	1392897493	1392953502	56009	1005.64	730.21	24	12	-1	12.77	12.77
Saccade L	1	121	1392953502	1393005504	52002	1016.61	734.75	0.00	0.00	30.84	1967.86	0.77	593.00	79687.16	-88266.63	42336.53
Fixation L	1	48	1393005504	1393205508	200004	760.76	689.43	1354	1056	-1	12.35	12.35
Fixation R	1	49	1393141526	1393205508	63982	974.09	721.26	45	14	-1	11.91	11.91
Saccade L	1	122	1393205508	1393241531	36023	968.64	728.61	1004.38	584.98	3.29	212.07	0.55	91.33	9383.25	-6620.97	5159.31
Saccade R	1	114	1393205508	1393241531	36023	968.64	728.61	1004.38	584.98	3.29	212.07	0.55	91.33	9383.25	-6620.97	5159.31
Saccade L	1	123	1393241531	1393273408	31877	1004.38	584.98	902.79	592.22	1.89	116.82	0.38	59.14	1998.11	-4855.25	2608.81
Saccade R	1	115	1393241531	1393273408	31877	1004.38	584.98	902.79	592.22	1.89	116.82	0.38	59.14	1998.11	-4855.25	2608.81
Saccade L	1	124	1393289502	1393321437	31935	893.42	584.61	945.42	579.12	1.09	61.07	0.38	34.19	2178.70	-2413.59	1729.47
Saccade R	1	116	1393289502	1393321437	31935	893.42	584.61	945.42	579.12	1.09	61.07	0.38	34.19	2178.70	-2413.59	1729.47
Fixation L	1	49	1393321437	1393457530	136093	929.83	567.65	36	37	-1	12.33	12.33
Fixation R	1	50	1393321437	1393457530	136093	929.83	567.65	36	37	-1	12.84	12.84
Saccade L	1	125	1393457530	1393537492	79962	900.24	549.56	1090.48	540.89	6.55	245.71	0.25	81.92	10977.77	-10339.93	4414.99
Saccade R	1	117	1393457530	1393537492	79962	900.24	549.56	1090.48	540.89	6.55	245.71	0.25	81.92	10977.77	-10339.93	4414.99
Saccade L	1	126	1393573500	1393593503	20003	1076.54	550.57	1133.56	557.51	0.86	96.48	0.60	42.86	3046.64	-2289.12	1821.78
Saccade R	1	118	1393573500	1393593503	20003	1076.54	550.57	1133.56	557.51	0.86	96.48	0.60	42.86	3046.64	-2289.12	1821.78
Saccade L	1	127	1393593503	1393621520	28017	1133.56	557.51	1120.08	573.78	0.98	56.53	0.71	34.81	1019.33	-2289.12	1242.26
Saccade R	1	119	1393593503	1393621520	28017	1133.56	557.51	1120.08	573.78	0.98	56.53	0.71	34.81	1019.33	-2289.12	1242.26
Saccade L	1	128	1393653497	1393673589	20092	1098.64	572.44	1085.30	552.78	0.55	41.27	0.60	27.47	1291.54	585.92	913.46
Saccade R	1	120	1393653497	1393673589	20092	1098.64	572.44	1085.30	552.78	0.55	41.27	0.60	27.47	1291.54	585.92	913.46
Saccade L	1	129	1393673589	1393717525	43936	1085.30	552.78	1099.42	578.86	1.63	60.06	0.27	37.03	7090.65	-1184.22	1325.97
Saccade R	1	121	1393673589	1393717525	43936	1085.30	552.78	1099.42	578.86	1.63	60.06	0.27	37.03	7090.65	-1184.22	1325.97
Saccade L	1	130	1393717525	1393757518	39993	1099.42	578.86	996.53	739.33	4.49	273.65	0.40	112.31	10928.13	-10766.29	6906.37
Saccade R	1	122	1393717525	1393757518	39993	1099.42	578.86	996.53	739.33	4.49	273.65	0.40	112.31	10928.13	-10766.29	6906.37
Fixation L	1	50	1393757518	1394033384	275866	981.29	739.44	40	35	-1	12.86	12.86
Fixation R	1	51	1393757518	1394033384	275866	981.29	739.44	40	35	-1	13.26	13.26
Saccade L	1	131	1394049382	1394077395	28013	937.18	727.46	982.90	748.54	0.93	64.08	0.29	33.19	-393.40	-2259.66	1222.19
Saccade R	1	123	1394049382	1394077395	28013	937.18	727.46	982.90	748.54	0.93	64.08	0.29	33.19	-393.40	-2259.66	1222.19
Saccade L	1	132	1394105388	1394173380	67992	984.15	749.38	371.67	486.29	15.66	533.01	0.71	230.37	14588.16	-24367.88	11736.84
Saccade R	1	124	1394105388	1394173380	67992	984.15	749.38	371.67	486.29	15.66	533.01	0.71	230.37	14588.16	-24367.88	11736.84
Fixation L	1	51	1394173380	1394405377	231997	393.92	477.58	48	30	-1	12.72	12.72
Fixation R	1	52	1394173380	1394405377	231997	393.92	477.58	48	30	-1	12.96	12.96
Saccade L	1	133	1394405377	1394445390	40013	399.72	477.06	508.52	526.49	2.81	172.80	0.40	70.20	7530.90	-6921.90	4315.09
Saccade R	1	125	1394405377	1394445390	40013	399.72	477.06	508.52	526.49	2.81	172.80	0.40	70.20	7530.90	-6921.90	4315.09
Fixation L	1	52	1394445390	1394637396	192006	525.06	541.07	33	27	-1	12.27	12.27
Fixation R	1	53	1394445390	1394637396	192006	525.06	541.07	33	27	-1	12.50	12.50
Saccade L	1	134	1394637396	1394673380	35984	530.64	536.48	347.52	529.07	3.80	215.25	0.44	105.48	10604.59	-9904.52	7379.62
Saccade R	1	126	1394637396	1394673380	35984	530.64	536.48	347.52	529.07	3.80	215.25	0.44	105.48	10604.59	-9904.52	7379.62
Fixation L	1	53	1394673380	1394905330	231950	348.03	529.86	29	21	-1	12.25	12.25
Fixation R	1	54	1394673380	1394905330	231950	348.03	529.86	29	21	-1	12.30	12.30
Saccade L	1	135	1394905330	1394937418	32088	352.99	521.65	370.50	470.35	1.40	84.87	0.38	43.70	3716.23	-3576.07	2483.39
Saccade R	1	127	1394905330	1394937418	32088	352.99	521.65	370.50	470.35	1.40	84.87	0.38	43.70	3716.23	-3576.07	2483.39
Fixation L	1	54	1394937418	1395109419	172001	400.41	448.92	42	41	-1	12.52	12.52
Fixation R	1	55	1394937418	1395109419	172001	400.41	448.92	42	41	-1	12.46	12.46
Saccade L	1	136	1395109419	1395173385	63966	383.30	438.70	494.64	544.48	6.06	339.44	0.25	94.69	14681.56	-11725.73	5609.98
Saccade R	1	128	1395109419	1395173385	63966	383.30	438.70	494.64	544.48	6.06	339.44	0.25	94.69	14681.56	-11725.73	5609.98
Saccade L	1	137	1395225389	1395253389	28000	526.55	530.36	538.68	525.75	0.77	47.49	0.71	27.41	863.21	-790.36	421.39
Saccade R	1	129	1395225389	1395253389	28000	526.55	530.36	538.68	525.75	0.77	47.49	0.71	27.41	863.21	-790.36	421.39
Saccade L	1	138	1395317264	1395361281	44017	500.46	519.68	615.01	680.26	4.73	269.18	0.55	107.46	12482.95	-12619.72	7659.28
Saccade R	1	130	1395317264	1395361281	44017	500.46	519.68	615.01	680.26	4.73	269.18	0.55	107.46	12482.95	-12619.72	7659.28
Fixation L	1	55	1395361281	1395433277	71996	621.49	682.20	22	15	-1	12.91	12.91
Fixation R	1	56	1395361281	1395433277	71996	621.49	682.20	22	15	-1	13.06	13.06
Saccade L	1	139	1395433277	1395465270	31993	634.37	689.64	668.86	701.94	1.15	63.47	0.38	36.01	2652.72	-1793.43	1412.18
Saccade R	1	131	1395433277	1395465270	31993	634.37	689.64	668.86	701.94	1.15	63.47	0.38	36.01	2652.72	-1793.43	1412.18
Saccade L	1	140	1395465270	1395497328	32058	668.86	701.94	624.62	715.63	1.07	55.96	0.62	33.37	1319.86	-1403.95	913.92
Saccade R	1	132	1395465270	1395497328	32058	668.86	701.94	624.62	715.63	1.07	55.96	0.62	33.37	1319.86	-1403.95	913.92
Saccade L	1	141	1395521280	1395565263	43983	620.14	693.29	1034.32	742.38	8.87	389.54	0.27	201.59	17989.32	-13866.97	11503.76
Saccade R	1	133	1395521280	1395565263	43983	620.14	693.29	1034.32	742.38	8.87	389.54	0.27	201.59	17989.32	-13866.97	11503.76
Fixation L	1	56	1395565263	1395665262	99999	1041.02	754.21	43	25	-1	12.93	12.93
Fixation R	1	57	1395565263	1395665262	99999	1041.02	754.21	43	25	-1	13.53	13.53
Saccade L	1	142	1395685276	1395713269	27993	1043.42	773.04	1084.30	780.52	0.96	71.44	0.71	34.38	1448.14	-1950.91	1007.32
Saccade R	1	134	1395685276	1395713269	27993	1043.42	773.04	1084.30	780.52	0.96	71.44	0.71	34.38	1448.14	-1950.91	1007.32
Fixation L	1	57	1395713269	1395825267	111998	1064.75	756.90	50	38	-1	13.47	13.47
Fixation R	1	58	1395713269	1395825267	111998	1064.75	756.90	50	38	-1	13.78	13.78
Saccade L	1	143	1395825267	1395849318	24051	1064.48	748.92	1100.49	753.00	0.76	60.85	0.50	31.48	2315.09	-1952.54	1590.53
Saccade R	1	135	1395825267	1395849318	24051	1064.48	748.92	1100.49	753.00	0.76	60.85	0.50	31.48	2315.09	-1952.54	1590.53
Fixation L	1	58	1395849318	1395989269	139951	1113.89	762.67	25	15	-1	13.88	13.88
Fixation R	1	59	1395849318	1395989269	139951	1113.89	762.67	25	15	-1	13.85	13.85
Saccade L	1	144	1395989269	1396017270	28001	1122.75	756.89	1053.47	778.13	1.28	86.35	0.43	45.72	3677.39	-2891.85	2520.67
Saccade R	1	136	1395989269	1396017270	28001	1122.75	756.89	1053.47	778.13	1.28	86.35	0.43	45.72	3677.39	-2891.85	2520.67
Fixation L	1	59	1396017270	1396141277	124007	1078.85	808.51	48	44	-1	13.92	13.92
Fixation R	1	60	1396017270	1396141277	124007	1078.85	808.51	48	44	-1	13.77	13.77
Saccade L	1	145	1396141277	1396169294	28017	1097.85	818.91	1049.74	806.09	0.97	72.44	0.71	34.63	2757.81	-2824.55	1802.81
Saccade R	1	137	1396141277	1396169294	28017	1097.85	818.91	1049.74	806.09	0.97	72.44	0.71	34.63	2757.81	-2824.55	1802.81
Fixation L	1	60	1396169294	1396309272	139978	1018.74	789.27	52	33	-1	14.42	14.42
Fixation R	1	61	1396169294	1396309272	139978	1018.74	789.27	52	33	-1	14.12	14.12
Saccade L	1	146	1396309272	1396393364	84092	998.17	774.21	420.46	717.97	13.21	448.34	0.24	157.04	21489.58	-11127.46	8000.77
Saccade R	1	138	1396309272	1396393364	84092	998.17	774.21	420.46	717.97	13.21	448.34	0.24	157.04	21489.58	-11127.46	8000.77
Fixation L	1	61	1396393364	1396565277	171913	439.51	727.52	43	20	-1	14.26	14.26
Fixation R	1	62	1396393364	1396565277	171913	439.51	727.52	43	20	-1	13.95	13.95
Saccade L	1	147	1396565277	1396633250	67973	439.17	735.48	977.19	775.57	14.13	478.99	0.24	207.88	23606.96	-12345.65	9328.70
Saccade R	1	139	1396565277	1396633250	67973	439.17	735.48	977.19	775.57	14.13	478.99	0.24	207.88	23606.96	-12345.65	9328.70
Saccade L	1	148	1396633250	1396665181	31931	977.19	775.57	1035.71	789.98	1.35	95.57	0.25	42.33	105.88	-3173.47	1366.56
Saccade R	1	140	1396633250	1396665181	31931	977.19	775.57	1035.71	789.98	1.35	95.57	0.25	42.33	105.88	-3173.47	1366.56
Fixation L	1	62	1396685152	1396941162	256010	1020.82	798.37	49	10	-1	14.36	14.36
Fixation R	1	63	1396685152	1396941162	256010	1020.82	798.37	49	10	-1	14.48	14.48
Saccade L	1	149	1396941162	1396961152	19990	994.62	800.00	968.81	793.68	0.53	45.72	0.60	26.59	1563.17	-1445.49	1084.19
Saccade R	1	141	1396941162	1396961152	19990	994.62	800.00	968.81	793.68	0.53	45.72	0.60	26.59	1563.17	-1445.49	1084.19
Fixation L	1	63	1396961152	1397141160	180008	939.07	765.68	55	44	-1	13.58	13.58
Fixation R	1	64	1396961152	1397141160	180008	939.07	765.68	55	44	-1	13.30	13.30
Saccade L	1	150	1397141160	1397213162	72002	950.69	757.97	402.60	672.71	12.28	418.41	0.61	170.62	12282.85	-18214.72	8704.49
Saccade R	1	142	1397141160	1397213162	72002	950.69	757.97	402.60	672.71	12.28	418.41	0.61	170.62	12282.85	-18214.72	8704.49
Fixation L	1	64	1397213162	1397513099	299937	395.58	651.26	26	45	-1	12.47	12.47
Fixation R	1	65	1397213162	1397513099	299937	395.58	651.26	26	45	-1	12.37	12.37
Saccade L	1	151	1397513099	1397553157	40058	387.08	646.62	461.46	712.23	2.15	100.92	0.50	53.67	4520.20	-4280.37	3126.18
Saccade R	1	143	1397513099	1397553157	40058	387.08	646.62	461.46	712.23	2.15	100.92	0.50	53.67	4520.20	-4280.37	3126.18
Fixation L	1	65	1397553157	1397709160	156003	460.22	715.52	11	6	-1	12.54	12.54
Fixation R	1	66	1397553157	1397709160	156003	460.22	715.52	11	6	-1	12.79	12.79
Saccade L	1	152	1397709160	1397761176	52016	465.79	718.39	936.37	733.90	10.01	435.60	0.38	192.42	20413.66	-16462.46	12313.56
Saccade R	1	144	1397709160	1397761176	52016	465.79	718.39	936.37	733.90	10.01	435.60	0.38	192.42	20413.66	-16462.46	12313.56
Fixation L	1	66	1397761176	1398025104	263928	922.59	724.49	44	15	-1	12.53	12.53
Fixation R	1	67	1397761176	1398025104	263928	922.59	724.49	44	15	-1	12.91	12.91
Saccade L	1	153	1398025104	1398045176	20072	911.28	725.36	938.93	725.39	0.92	98.67	0.60	45.63	4077.47	-3714.80	2574.24
Saccade R	1	145	1398025104	1398045176	20072	911.28	725.36	938.93	725.39	0.92	98.67	0.60	45.63	4077.47	-3714.80	2574.24
Fixation L	1	67	1398045176	1398169099	123923	963.91	726.12	44	7	-1	12.74	12.74
Fixation R	1	68	1398045176	1398169099	123923	963.91	726.12	44	7	-1	13.14	13.14
Saccade L	1	154	1398169099	1398221041	51942	962.91	726.84	496.95	705.55	10.02	352.57	0.31	192.84	16721.30	-13752.47	9040.73
Saccade R	1	146	1398169099	1398221041	51942	962.91	726.84	496.95	705.55	10.02	352.57	0.31	192.84	16721.30	-13752.47	9040.73
Fixation L	1	68	1398221041	1399261071	1040030	475.94	691.17	40	31	-1	13.04	13.04
Fixation R	1	69	1398221041	1399261071	1040030	475.94	691.17	40	31	-1	13.65	13.65
Saccade L	1	155	1399261071	1399320960	59889	468.52	705.33	920.58	789.83	10.16	339.17	0.27	169.58	17022.34	-9320.24	8590.66
Saccade R	1	147	1399261071	1399320960	59889	468.52	705.33	920.58	789.83	10.16	339.17	0.27	169.58	17022.34	-9320.24	8590.66
Fixation L	1	69	1399320960	1399512947	191987	905.56	790.03	35	20	-1	13.64	13.64
Fixation R	1	70	1399320960	1399512947	191987	905.56	790.03	35	20	-1	14.32	14.32
Saccade L	1	156	1399512947	1399592944	79997	916.87	796.57	1031.12	853.29	2.91	94.79	0.40	36.43	2764.64	-2362.46	1114.78
Saccade R	1	148	1399512947	1399592944	79997	916.87	796.57	1031.12	853.29	2.91	94.79	0.40	36.43	2764.64	-2362.46	1114.78
Fixation L	1	70	1399592944	1400172939	579995	1017.16	855.87	59	27	-1	14.84	14.84
Fixation R	1	71	1399592944	1400172939	579995	1017.16	855.87	59	27	-1	14.44	14.44
Saccade L	1	157	1400172939	1400240946	68007	1022.25	860.62	524.96	782.68	11.01	333.56	0.76	161.87	10616.19	-16002.27	7484.80
Saccade R	1	149	1400172939	1400240946	68007	1022.25	860.62	524.96	782.68	11.01	333.56	0.76	161.87	10616.19	-16002.27	7484.80
Fixation L	1	71	1400240946	1400372948	132002	518.22	775.92	32	19	-1	13.89	13.89
Fixation R	1	72	1400240946	1400372948	132002	518.22	775.92	32	19	-1	13.92	13.92
Saccade L	1	158	1400372948	1400440942	67994	527.53	773.68	1062.66	854.82	12.47	460.22	0.24	183.42	22520.41	-12251.21	9280.29
Saccade R	1	150	1400372948	1400440942	67994	527.53	773.68	1062.66	854.82	12.47	460.22	0.24	183.42	22520.41	-12251.21	9280.29
Fixation L	1	72	1400456875	1400656930	200055	1065.83	859.00	102	44	-1	14.50	14.50
Fixation R	1	73	1400456875	1400656930	200055	1065.83	859.00	102	44	-1	14.28	14.28
Fixation L	1	73	1400672940	1400792909	119969	1088.34	866.34	31	16	-1	14.75	14.75
Fixation R	1	74	1400672940	1400792909	119969	1088.34	866.34	31	16	-1	13.95	13.95
Saccade L	1	159	1400792909	1400848955	56046	1100.74	876.64	519.29	801.81	12.90	411.22	0.28	230.15	19275.37	-15947.16	11220.77
Saccade R	1	151	1400792909	1400848955	56046	1100.74	876.64	519.29	801.81	12.90	411.22	0.28	230.15	19275.37	-15947.16	11220.77
Fixation L	1	74	1400848955	1401308818	459863	515.72	801.85	41	34	-1	13.68	13.68
Fixation R	1	75	1400848955	1401308818	459863	515.72	801.85	41	34	-1	13.75	13.75
Saccade L	1	160	1401308818	1401332832	24014	541.97	810.35	457.50	811.74	1.58	143.20	0.50	65.70	6067.03	-6030.34	4454.50
Saccade R	1	152	1401308818	1401332832	24014	541.97	810.35	457.50	811.74	1.58	143.20	0.50	65.70	6067.03	-6030.34	4454.50
Fixation L	1	75	1401332832	1401608814	275982	461.75	813.72	13	20	-1	13.89	13.89
Fixation R	1	76	1401332832	1401608814	275982	461.75	813.72	13	20	-1	13.94	13.94
Saccade L	1	161	1401608814	1401668815	60001	465.60	819.40	1054.56	880.39	13.10	427.99	0.40	218.40	19190.63	-10845.51	10403.63
Saccade R	1	153	1401608814	1401668815	60001	465.60	819.40	1054.56	880.39	13.10	427.99	0.40	218.40	19190.63	-10845.51	10403.63
Fixation L	1	76	1401668815	1401756821	88006	1063.56	884.81	27	8	-1	14.65	14.65
Fixation R	1	77	1401668815	1401756821	88006	1063.56	884.81	27	8	-1	14.41	14.41
Saccade L	1	162	1401756821	1401784837	28016	1054.45	884.38	1097.37	891.47	0.80	47.34	0.71	28.69	1772.16	-1690.09	1257.62
Saccade R	1	154	1401756821	1401784837	28016	1054.45	884.38	1097.37	891.47	0.80	47.34	0.71	28.69	1772.16	-1690.09	1257.62
Fixation L	1	77	1401784837	1402068821	283984	1090.45	889.29	54	28	-1	14.78	14.78
Fixation R	1	78	1401784837	1402068821	283984	1090.45	889.29	54	28	-1	14.58	14.58
Saccade L	1	163	1402068821	1402100825	32004	1097.12	879.90	1221.11	883.39	2.51	152.49	0.63	78.54	7231.94	-7353.18	5240.89
Saccade R	1	155	1402068821	1402100825	32004	1097.12	879.90	1221.11	883.39	2.51	152.49	0.63	78.54	7231.94	-7353.18	5240.89
Fixation L	1	78	1402100825	1402296694	195869	1217.36	871.59	42	22	-1	14.23	14.23
Fixation R	1	79	1402100825	1402296694	195869	1217.36	871.59	42	22	-1	14.42	14.42
Saccade L	1	164	1402296694	1402340709	44015	1206.36	889.80	1204.03	800.07	2.45	145.55	0.45	55.72	5770.55	-4804.50	2984.24
Saccade R	1	156	1402296694	1402340709	44015	1206.36	889.80	1204.03	800.07	2.45	145.55	0.45	55.72	5770.55	-4804.50	2984.24
Saccade L	1	165	1402340709	1402368705	27996	1204.03	800.07	1176.67	780.17	0.91	61.54	0.43	32.63	1118.60	-1980.34	976.19
Saccade R	1	157	1402340709	1402368705	27996	1204.03	800.07	1176.67	780.17	0.91	61.54	0.43	32.63	1118.60	-1980.34	976.19
Fixation L	1	79	1402368705	1402500698	131993	1170.30	769.92	39	15	-1	14.21	14.21
Fixation R	1	80	1402368705	1402500698	131993	1170.30	769.92	39	15	-1	14.02	14.02
Saccade L	1	166	1402500698	1402536705	36007	1179.72	765.42	1104.79	775.93	1.54	100.28	0.33	42.66	4358.21	-3186.99	2085.97
Saccade R	1	158	1402500698	1402536705	36007	1179.72	765.42	1104.79	775.93	1.54	100.28	0.33	42.66	4358.21	-3186.99	2085.97
Fixation L	1	80	1402536705	1402648702	111997	1131.28	802.64	58	45	-1	14.39	14.39
Fixation R	1	81	1402536705	1402648702	111997	1131.28	802.64	58	45	-1	13.90	13.90
Saccade L	1	167	1402648702	1402700708	52006	1151.81	824.60	1008.32	804.07	6.05	387.33	0.54	116.37	13372.99	-14679.05	7574.65
Saccade R	1	159	1402648702	1402700708	52006	1151.81	824.60	1008.32	804.07	6.05	387.33	0.54	116.37	13372.99	-14679.05	7574.65
Fixation L	1	81	1402700708	1402788701	87993	1004.19	795.84	30	11	-1	13.94	13.94
Fixation R	1	82	1402700708	1402788701	87993	1004.19	795.84	30	11	-1	13.83	13.83
Saccade L	1	168	1402788701	1402812723	24022	997.67	795.11	953.16	789.55	0.77	59.83	0.50	32.08	2445.09	-2019.83	1620.20
Saccade R	1	160	1402788701	1402812723	24022	997.67	795.11	953.16	789.55	0.77	59.83	0.50	32.08	2445.09	-2019.83	1620.20
Fixation L	1	82	1402812723	1402968699	155976	956.52	778.76	42	31	-1	13.61	13.61
Fixation R	1	83	1402812723	1402968699	155976	956.52	778.76	42	31	-1	14.11	14.11
Saccade L	1	169	1402968699	1403004647	35948	983.09	800.88	1155.81	817.23	3.62	253.45	0.67	100.63	10834.87	-11209.41	6951.82
Saccade R	1	161	1402968699	1403004647	35948	983.09	800.88	1155.81	817.23	3.62	253.45	0.67	100.63	10834.87	-11209.41	6951.82
Fixation L	1	83	1403004647	1403264712	260065	1117.75	819.67	71	21	-1	14.25	14.25
Fixation R	1	84	1403004647	1403264712	260065	1117.75	819.67	71	21	-1	14.18	14.18
Saccade L	1	170	1403264712	1403300748	36036	1106.23	825.74	966.95	809.35	3.04	200.99	0.33	84.29	9426.47	-8696.88	5554.15
Saccade R	1	162	1403264712	1403300748	36036	1106.23	825.74	966.95	809.35	3.04	200.99	0.33	84.29	9426.47	-8696.88	5554.15
Saccade L	1	171	1403300748	1403320724	19976	966.95	809.35	926.71	797.33	0.75	58.02	0.60	37.64	1054.36	-1236.97	829.00
Saccade R	1	163	1403300748	1403320724	19976	966.95	809.35	926.71	797.33	0.75	58.02	0.60	37.64	1054.36	-1236.97	829.00
Fixation L	1	84	1403320724	1403540713	219989	956.54	806.64	60	22	-1	14.16	14.16
Fixation R	1	85	1403320724	1403540713	219989	956.54	806.64	60	22	-1	14.32	14.32
Saccade L	1	172	1403540713	1403592731	52018	955.80	807.51	881.64	577.93	7.00	356.63	0.38	134.58	15624.82	-12236.98	8186.38
Saccade R	1	164	1403540713	1403592731	52018	955.80	807.51	881.64	577.93	7.00	356.63	0.38	134.58	15624.82	-12236.98	8186.38
Fixation L	1	85	1403608726	1403676590	67864	915.92	584.13	27	39	-1	13.77	13.77
Fixation R	1	86	1403608726	1403676590	67864	915.92	584.13	27	39	-1	14.25	14.25
Fixation L	1	86	1403684612	1403740604	55992	893.99	589.66	35	12	-1	13.50	13.50
Fixation R	1	87	1403684612	1403740604	55992	893.99	589.66	35	12	-1	14.41	14.41
Saccade L	1	173	1403740604	1403788590	47986	863.79	577.61	1100.97	580.32	4.40	237.24	0.58	91.69	8898.13	-10501.24	5744.14
Saccade R	1	165	1403740604	1403788590	47986	863.79	577.61	1100.97	580.32	4.40	237.24	0.58	91.69	8898.13	-10501.24	5744.14
Fixation L	1	87	1403788590	1403868591	80001	1085.86	581.45	31	14	-1	13.02	13.02
Fixation R	1	88	1403788590	1403868591	80001	1085.86	581.45	31	14	-1	14.20	14.20
Saccade L	1	174	1403868591	1403892609	24018	1094.73	570.94	1062.30	553.13	0.87	67.56	0.50	36.40	2230.33	-2660.73	1707.88
Saccade R	1	166	1403868591	1403892609	24018	1094.73	570.94	1062.30	553.13	0.87	67.56	0.50	36.40	2230.33	-2660.73	1707.88
Saccade L	1	175	1403916609	1403968603	51994	1079.20	545.96	1151.52	574.06	2.74	132.52	0.23	52.72	4993.21	-4739.80	2466.55
Saccade R	1	167	1403916609	1403968603	51994	1079.20	545.96	1151.52	574.06	2.74	132.52	0.23	52.72	4993.21	-4739.80	2466.55
Saccade L	1	176	1404000588	1404064594	64006	1110.30	566.09	877.36	559.65	5.24	296.92	0.31	81.90	12662.27	-11426.05	4951.49
Saccade R	1	168	1404000588	1404064594	64006	1110.30	566.09	877.36	559.65	5.24	296.92	0.31	81.90	12662.27	-11426.05	4951.49
Fixation L	1	88	1404064594	1404220603	156009	882.28	557.68	51	23	-1	13.77	13.77
Fixation R	1	89	1404064594	1404220603	156009	882.28	557.68	51	23	-1	14.42	14.42
Saccade L	1	177	1404220603	1404260613	40010	879.63	556.11	673.95	473.61	5.03	372.44	0.30	125.84	16522.91	-14902.87	8704.00
Saccade R	1	169	1404220603	1404260613	40010	879.63	556.11	673.95	473.61	5.03	372.44	0.30	125.84	16522.91	-14902.87	8704.00
Fixation L	1	89	1404300626	1404480599	179973	658.39	465.57	40	24	-1	13.81	13.81
Fixation R	1	90	1404300626	1404480599	179973	658.39	465.57	40	24	-1	14.23	14.23
Saccade L	1	178	1404480599	1404552593	71994	672.65	473.21	420.00	446.14	5.77	285.67	0.22	80.09	13775.86	-11605.95	5115.29
Saccade R	1	170	1404480599	1404552593	71994	672.65	473.21	420.00	446.14	5.77	285.67	0.22	80.09	13775.86	-11605.95	5115.29
Fixation L	1	90	1404552593	1404760600	208007	419.44	463.63	14	46	-1	13.86	13.86
Fixation R	1	91	1404552593	1404760600	208007	419.44	463.63	14	46	-1	13.98	13.98
Saccade L	1	179	1404760600	1404820616	60016	418.09	477.72	819.93	547.25	10.55	385.66	0.33	175.79	18155.59	-9219.62	8600.45
Saccade R	1	171	1404760600	1404820616	60016	418.09	477.72	819.93	547.25	10.55	385.66	0.33	175.79	18155.59	-9219.62	8600.45
Saccade L	1	180	1404820616	1404840595	19979	819.93	547.25	873.08	557.48	0.89	92.45	0.40	44.36	140.92	-2931.41	1695.26
Saccade R	1	172	1404820616	1404840595	19979	819.93	547.25	873.08	557.48	0.89	92.45	0.40	44.36	140.92	-2931.41	1695.26
Fixation L	1	91	1404840595	1404892514	51919	886.57	562.95	31	33	-1	14.36	14.36
Fixation R	1	92	1404840595	1404892514	51919	886.57	562.95	31	33	-1	14.21	14.21
Fixation L	1	92	1404900610	1405092470	191860	893.50	571.65	42	27	-1	14.33	14.33
Fixation R	1	93	1404900610	1405092470	191860	893.50	571.65	42	27	-1	14.24	14.24
Saccade L	1	181	1405092470	1405160488	68018	922.49	563.86	980.42	752.88	4.89	264.61	0.24	71.92	11687.78	-10222.81	4385.31
Saccade R	1	173	1405092470	1405160488	68018	922.49	563.86	980.42	752.88	4.89	264.61	0.24	71.92	11687.78	-10222.81	4385.31
Fixation L	1	93	1405160488	1405276478	115990	986.72	758.79	27	16	-1	14.34	14.34
Fixation R	1	94	1405160488	1405276478	115990	986.72	758.79	27	16	-1	14.15	14.15
Saccade L	1	182	1405276478	1405308488	32010	985.08	758.84	942.55	747.00	0.93	44.44	0.50	29.18	1807.48	-1661.76	1345.14
Saccade R	1	174	1405276478	1405308488	32010	985.08	758.84	942.55	747.00	0.93	44.44	0.50	29.18	1807.48	-1661.76	1345.14
Saccade L	1	183	1405320493	1405348497	28004	925.92	742.62	977.85	741.00	0.96	61.40	0.43	34.26	2421.77	-2295.50	1686.22
Saccade R	1	175	1405320493	1405348497	28004	925.92	742.62	977.85	741.00	0.96	61.40	0.43	34.26	2421.77	-2295.50	1686.22
Saccade L	1	184	1405372495	1405392477	19982	978.27	740.23	935.41	734.36	0.60	57.89	0.60	30.21	2257.84	-1837.82	1504.48
Saccade R	1	176	1405372495	1405392477	19982	978.27	740.23	935.41	734.36	0.60	57.89	0.60	30.21	2257.84	-1837.82	1504.48
Saccade L	1	185	1405420512	1405440480	19968	913.60	735.72	968.91	746.52	0.76	73.67	0.40	38.04	1566.15	-2061.63	1127.40
Saccade R	1	177	1405420512	1405440480	19968	913.60	735.72	968.91	746.52	0.76	73.67	0.40	38.04	1566.15	-2061.63	1127.40
Saccade L	1	186	1405480510	1405500489	19979	948.78	751.64	990.59	745.38	0.50	45.77	0.60	25.15	1536.38	-1141.01	970.42
Saccade R	1	178	1405480510	1405500489	19979	948.78	751.64	990.59	745.38	0.50	45.77	0.60	25.15	1536.38	-1141.01	970.42
Fixation L	1	94	1405500489	1405556473	55984	980.78	754.67	20	27	-1	14.25	14.25
Fixation R	1	95	1405500489	1405556473	55984	980.78	754.67	20	27	-1	14.31	14.31
Saccade L	1	187	1405656495	1405676506	20011	990.57	760.04	965.97	742.93	0.62	47.51	0.60	30.91	1384.17	-1232.93	810.53
Saccade R	1	179	1405656495	1405676506	20011	990.57	760.04	965.97	742.93	0.62	47.51	0.60	30.91	1384.17	-1232.93	810.53
Saccade L	1	188	1405724514	1405756483	31969	979.58	738.53	987.82	750.39	1.19	64.85	0.25	37.24	2437.96	-1466.22	1216.68
Saccade R	1	180	1405724514	1405756483	31969	979.58	738.53	987.82	750.39	1.19	64.85	0.25	37.24	2437.96	-1466.22	1216.68
Saccade L	1	189	1405764490	1405796492	32002	985.19	752.92	963.43	811.09	1.80	94.24	0.50	56.33	3649.01	-2051.70	2008.19
Saccade R	1	181	1405764490	1405796492	32002	985.19	752.92	963.43	811.09	1.80	94.24	0.50	56.33	3649.01	-2051.70	2008.19
Saccade L	1	190	1405796492	1405832504	36012	963.43	811.09	945.59	814.27	2.34	120.88	0.33	64.99	2663.32	-3056.16	1751.73
Saccade R	1	182	1405796492	1405832504	36012	963.43	811.09	945.59	814.27	2.34	120.88	0.33	64.99	2663.32	-3056.16	1751.73
Fixation L	1	95	1405868501	1405920478	51977	951.39	808.96	49	4	-1	13.58	13.58
Fixation R	1	96	1405868501	1405920478	51977	951.39	808.96	49	4	-1	13.60	13.60
Saccade L	1	191	1405920478	1405940491	20013	935.69	809.83	974.33	813.17	0.58	55.23	0.60	28.76	2084.46	-1150.45	1113.01
Saccade R	1	183	1405920478	1405940491	20013	935.69	809.83	974.33	813.17	0.58	55.23	0.60	28.76	2084.46	-1150.45	1113.01
Saccade L	1	192	1405980512	1406000498	19986	943.07	815.50	957.73	813.29	0.49	42.73	0.40	24.75	1777.53	-1090.74	995.66
Saccade R	1	184	1405980512	1406000498	19986	943.07	815.50	957.73	813.29	0.49	42.73	0.40	24.75	1777.53	-1090.74	995.66
Fixation L	1	96	1406000498	1406076505	76007	985.90	819.03	41	20	-1	13.87	13.87
Fixation R	1	97	1406000498	1406076505	76007	985.90	819.03	41	20	-1	13.71	13.71
Saccade L	1	193	1406076505	1406108546	32041	984.90	831.70	932.28	803.38	1.61	109.65	0.37	50.27	4605.19	-3959.09	2511.53
Saccade R	1	185	1406076505	1406108546	32041	984.90	831.70	932.28	803.38	1.61	109.65	0.37	50.27	4605.19	-3959.09	2511.53
Saccade L	1	194	1406144480	1406200480	56000	934.80	794.85	857.20	769.67	1.74	48.20	0.71	31.14	787.51	-1752.58	653.36
Saccade R	1	186	1406144480	1406200480	56000	934.80	794.85	857.20	769.67	1.74	48.20	0.71	31.14	787.51	-1752.58	653.36
Saccade L	1	195	1406200480	1406240482	40002	857.20	769.67	910.27	782.92	1.19	61.77	0.70	29.67	1754.87	-1860.01	966.79
Saccade R	1	187	1406200480	1406240482	40002	857.20	769.67	910.27	782.92	1.19	61.77	0.70	29.67	1754.87	-1860.01	966.79
Saccade L	1	196	1406264489	1406284494	20005	926.61	790.70	890.99	788.69	0.57	41.44	0.60	28.28	555.06	-347.41	281.47
Saccade R	1	188	1406264489	1406284494	20005	926.61	790.70	890.99	788.69	0.57	41.44	0.60	28.28	555.06	-347.41	281.47
Saccade L	1	197	1406348577	1406388497	39920	869.51	787.87	920.68	799.16	1.82	70.05	0.60	45.71	1263.50	-1107.35	784.49
Saccade R	1	189	1406348577	1406388497	39920	869.51	787.87	920.68	799.16	1.82	70.05	0.60	45.71	1263.50	-1107.35	784.49
Saccade L	1	198	1406404505	1406424495	19990	885.38	799.32	926.11	803.71	0.67	57.25	0.60	33.47	6258.38	-347.36	1461.94
Saccade R	1	190	1406404505	1406424495	19990	885.38	799.32	926.11	803.71	0.67	57.25	0.60	33.47	6258.38	-347.36	1461.94
Saccade L	1	199	1406424495	1406468361	43866	926.11	803.71	873.49	546.71	6.98	387.05	0.36	159.22	17153.30	-12744.46	9282.27
Saccade R	1	191	1406424495	1406468361	43866	926.11	803.71	873.49	546.71	6.98	387.05	0.36	159.22	17153.30	-12744.46	9282.27
Saccade L	1	200	1406468361	1406520359	51998	873.49	546.71	919.89	536.35	2.46	124.22	0.39	47.40	7042.50	-4621.69	2333.44
Saccade R	1	192	1406468361	1406520359	51998	873.49	546.71	919.89	536.35	2.46	124.22	0.39	47.40	7042.50	-4621.69	2333.44
Saccade L	1	201	1406520359	1406568392	48033	919.89	536.35	1068.31	563.93	3.50	203.70	0.25	72.88	7042.50	-5493.05	3134.64
Saccade R	1	193	1406520359	1406568392	48033	919.89	536.35	1068.31	563.93	3.50	203.70	0.25	72.88	7042.50	-5493.05	3134.64
Saccade L	1	202	1406568392	1406676367	107975	1068.31	563.93	519.42	526.08	13.48	364.07	0.67	124.87	13775.64	-16752.85	5888.55
Saccade R	1	194	1406568392	1406676367	107975	1068.31	563.93	519.42	526.08	13.48	364.07	0.67	124.87	13775.64	-16752.85	5888.55
Fixation L	1	97	1406676367	1406872359	195992	490.49	531.54	54	26	-1	13.40	13.40
Fixation R	1	98	1406676367	1406872359	195992	490.49	531.54	54	26	-1	13.41	13.41
Saccade L	1	203	1406872359	1406968372	96013	488.97	521.23	1112.14	817.49	19.06	713.02	0.21	198.55	31521.90	-28302.22	11034.10
Saccade R	1	195	1406872359	1406968372	96013	488.97	521.23	1112.14	817.49	19.06	713.02	0.21	198.55	31521.90	-28302.22	11034.10
Saccade L	1	204	1406968372	1406988370	19998	1112.14	817.49	938.65	821.98	2.60	257.52	0.40	130.24	7255.71	-6775.17	3751.06
Saccade R	1	196	1406968372	1406988370	19998	1112.14	817.49	938.65	821.98	2.60	257.52	0.40	130.24	7255.71	-6775.17	3751.06
Saccade L	1	205	1406988370	1407032387	44017	938.65	821.98	895.00	753.06	3.83	158.54	0.36	86.90	3832.27	-6775.17	3143.51
Saccade R	1	197	1406988370	1407032387	44017	938.65	821.98	895.00	753.06	3.83	158.54	0.36	86.90	3832.27	-6775.17	3143.51
Saccade L	1	206	1407032387	1407092378	59991	895.00	753.06	1024.29	749.22	4.51	253.67	0.67	75.15	8579.73	-10207.41	3875.01
Saccade R	1	198	1407032387	1407092378	59991	895.00	753.06	1024.29	749.22	4.51	253.67	0.67	75.15	8579.73	-10207.41	3875.01
Saccade L	1	207	1407172363	1407224383	52020	995.69	753.54	860.18	730.67	3.47	137.84	0.77	66.63	2389.60	-4934.45	2012.14
Saccade R	1	199	1407172363	1407224383	52020	995.69	753.54	860.18	730.67	3.47	137.84	0.77	66.63	2389.60	-4934.45	2012.14
Saccade L	1	208	1407224383	1407276374	51991	860.18	730.67	972.65	753.75	3.13	104.10	0.38	60.16	4320.48	-3860.50	2435.62
Saccade R	1	200	1407224383	1407276374	51991	860.18	730.67	972.65	753.75	3.13	104.10	0.38	60.16	4320.48	-3860.50	2435.62
Saccade L	1	209	1407276374	1407296362	19988	972.65	753.75	911.13	749.71	1.39	130.91	0.60	69.33	3048.03	-1039.87	1416.15
Saccade R	1	201	1407276374	1407296362	19988	972.65	753.75	911.13	749.71	1.39	130.91	0.60	69.33	3048.03	-1039.87	1416.15
Saccade L	1	210	1407296362	1407316401	20039	911.13	749.71	971.74	754.43	1.07	104.59	0.40	53.54	203.83	-1844.81	1273.37
Saccade R	1	202	1407296362	1407316401	20039	911.13	749.71	971.74	754.43	1.07	104.59	0.40	53.54	203.83	-1844.81	1273.37
Saccade L	1	211	1407316401	1407432367	115966	971.74	754.43	1154.39	807.00	13.68	347.17	0.45	117.94	11899.09	-9660.11	3804.13
Saccade R	1	203	1407316401	1407432367	115966	971.74	754.43	1154.39	807.00	13.68	347.17	0.45	117.94	11899.09	-9660.11	3804.13
Saccade L	1	212	1407432367	1407456390	24023	1154.39	807.00	938.73	755.52	3.67	295.55	0.33	152.60	94.54	-11800.70	4847.45
Saccade R	1	204	1407432367	1407456390	24023	1154.39	807.00	938.73	755.52	3.67	295.55	0.33	152.60	94.54	-11800.70	4847.45
Saccade L	1	213	1407456390	1407500395	44005	938.73	755.52	958.81	778.16	3.65	181.49	0.73	83.04	2942.82	-7499.44	3219.63
Saccade R	1	205	1407456390	1407500395	44005	938.73	755.52	958.81	778.16	3.65	181.49	0.73	83.04	2942.82	-7499.44	3219.63
Saccade L	1	214	1407528367	1407556316	27949	960.95	768.87	898.21	755.74	1.21	72.88	0.29	43.30	874.81	-1006.36	535.19
Saccade R	1	206	1407528367	1407556316	27949	960.95	768.87	898.21	755.74	1.21	72.88	0.29	43.30	874.81	-1006.36	535.19
Fixation L	1	98	1407644387	1407716401	72014	0.00	0.00	0	0	-1	11.75	11.75
Fixation L	1	99	1407948253	1408252269	304016	512.92	460.02	1320	1039	-1	12.97	12.97
Saccade L	1	215	1408252269	1408272249	19980	719.48	538.61	771.10	496.42	0.57	62.81	0.60	28.52	-151.52	-1014.60	598.26
Saccade R	1	207	1408252269	1408272249	19980	719.48	538.61	771.10	496.42	0.57	62.81	0.60	28.52	-151.52	-1014.60	598.26
Saccade L	1	216	1408272249	1408336258	64009	771.10	496.42	921.81	549.79	4.28	256.85	0.44	66.89	9777.13	-8971.06	4059.90
Saccade R	1	208	1408272249	1408336258	64009	771.10	496.42	921.81	549.79	4.28	256.85	0.44	66.89	9777.13	-8971.06	4059.90
Fixation L	1	100	1408336258	1408472268	136010	929.24	552.05	55	22	-1	13.72	13.72
Fixation R	1	99	1408336258	1408472268	136010	929.24	552.05	55	22	-1	13.41	13.41
Saccade L	1	217	1408472268	1408564271	92003	934.40	539.29	969.24	767.04	23.36	761.77	0.22	253.89	36720.03	-34611.02	16203.36
Saccade R	1	209	1408472268	1408564271	92003	934.40	539.29	969.24	767.04	23.36	761.77	0.22	253.89	36720.03	-34611.02	16203.36
Saccade L	1	218	1408564271	1408592275	28004	969.24	767.04	921.55	780.30	1.44	88.47	0.71	51.51	1844.22	-2113.04	1474.29
Saccade R	1	210	1408564271	1408592275	28004	969.24	767.04	921.55	780.30	1.44	88.47	0.71	51.51	1844.22	-2113.04	1474.29
Saccade L	1	219	1408668270	1408688251	19981	892.88	775.45	926.20	764.52	0.85	96.42	0.40	42.76	1127.62	-2093.04	1119.68
Saccade R	1	211	1408668270	1408688251	19981	892.88	775.45	926.20	764.52	0.85	96.42	0.40	42.76	1127.62	-2093.04	1119.68
Saccade L	1	220	1408688251	1408708266	20015	926.20	764.52	915.85	775.28	0.55	48.41	0.40	27.50	54.76	-2093.04	774.20
Saccade R	1	212	1408688251	1408708266	20015	926.20	764.52	915.85	775.28	0.55	48.41	0.40	27.50	54.76	-2093.04	774.20
Saccade L	1	221	1408772261	1408792253	19992	927.29	758.57	978.88	787.22	0.65	57.09	0.60	32.53	695.97	-947.01	524.49
Saccade R	1	213	1408772261	1408792253	19992	927.29	758.57	978.88	787.22	0.65	57.09	0.60	32.53	695.97	-947.01	524.49
Saccade L	1	222	1408908284	1408932264	23980	994.98	775.25	1011.22	771.30	0.85	63.03	0.67	35.60	1054.97	-1751.05	926.10
Saccade R	1	214	1408908284	1408932264	23980	994.98	775.25	1011.22	771.30	0.85	63.03	0.67	35.60	1054.97	-1751.05	926.10
Saccade L	1	223	1408932264	1408992255	59991	1011.22	771.30	1046.42	777.12	3.49	108.06	0.33	58.09	4066.45	-2776.30	2415.57
Saccade R	1	215	1408932264	1408992255	59991	1011.22	771.30	1046.42	777.12	3.49	108.06	0.33	58.09	4066.45	-2776.30	2415.57
Saccade L	1	224	1409260277	1409328136	67859	802.53	665.76	872.72	642.17	4.88	118.06	0.76	71.96	1971.83	-4266.65	1398.79
Saccade R	1	216	1409260277	1409328136	67859	802.53	665.76	872.72	642.17	4.88	118.06	0.76	71.96	1971.83	-4266.65	1398.79
Saccade L	1	225	1409512132	1409604148	92016	923.08	631.65	1052.85	572.63	23.71	796.15	0.26	257.73	39063.67	-34849.53	14595.14
Saccade R	1	217	1409512132	1409604148	92016	923.08	631.65	1052.85	572.63	23.71	796.15	0.26	257.73	39063.67	-34849.53	14595.14
Saccade L	1	226	1409604148	1409628142	23994	1052.85	572.63	1116.40	590.45	0.94	62.14	0.50	39.07	213.96	-1905.48	971.26
Saccade R	1	218	1409604148	1409628142	23994	1052.85	572.63	1116.40	590.45	0.94	62.14	0.50	39.07	213.96	-1905.48	971.26
Saccade L	1	227	1409628142	1409664140	35998	1116.40	590.45	1096.35	548.43	1.29	79.34	0.22	35.87	595.83	-1422.87	513.50
Saccade R	1	219	1409628142	1409664140	35998	1116.40	590.45	1096.35	548.43	1.29	79.34	0.22	35.87	595.83	-1422.87	513.50
Saccade L	1	228	1409664140	1409700196	36056	1096.35	548.43	1103.70	550.22	1.60	77.49	0.78	44.43	973.15	-1154.15	643.99
Saccade R	1	220	1409664140	1409700196	36056	1096.35	548.43	1103.70	550.22	1.60	77.49	0.78	44.43	973.15	-1154.15	643.99
Saccade L	1	229	1409700196	1409732166	31970	1103.70	550.22	1103.64	616.35	1.24	63.66	0.37	38.73	9359.55	-1959.99	1978.70
Saccade R	1	221	1409700196	1409732166	31970	1103.70	550.22	1103.64	616.35	1.24	63.66	0.37	38.73	9359.55	-1959.99	1978.70
Saccade L	1	230	1409808139	1409832137	23998	877.08	565.34	866.99	530.32	1.02	84.54	0.50	42.63	1703.46	-2517.88	1345.63
Saccade R	1	222	1409808139	1409832137	23998	877.08	565.34	866.99	530.32	1.02	84.54	0.50	42.63	1703.46	-2517.88	1345.63
Saccade L	1	231	1409832137	1409856141	24004	866.99	530.32	875.87	550.18	0.97	89.55	0.67	40.52	2265.44	-1486.03	1170.16
Saccade R	1	223	1409832137	1409856141	24004	866.99	530.32	875.87	550.18	0.97	89.55	0.67	40.52	2265.44	-1486.03	1170.16
Saccade L	1	232	1409872148	1409956162	84014	874.28	528.66	876.32	518.77	5.67	198.41	0.43	67.46	5903.05	-6507.13	2301.10
Saccade R	1	224	1409872148	1409956162	84014	874.28	528.66	876.32	518.77	5.67	198.41	0.43	67.46	5903.05	-6507.13	2301.10
Fixation L	1	101	1409956162	1410036161	79999	880.45	509.13	17	37	-1	12.25	12.25
Fixation R	1	100	1409956162	1410036161	79999	880.45	509.13	17	37	-1	12.53	12.53
Saccade L	1	233	1410036161	1410076149	39988	880.79	491.62	886.51	544.85	1.20	43.14	0.50	30.09	1057.18	-1399.40	932.45
Saccade R	1	225	1410036161	1410076149	39988	880.79	491.62	886.51	544.85	1.20	43.14	0.50	30.09	1057.18	-1399.40	932.45
Saccade L	1	234	1410100166	1410140175	40009	878.01	547.65	793.02	388.99	4.00	227.07	0.40	99.96	10135.32	-8789.89	6521.35
Saccade R	1	226	1410100166	1410140175	40009	878.01	547.65	793.02	388.99	4.00	227.07	0.40	99.96	10135.32	-8789.89	6521.35
Fixation L	1	102	1410140175	1410292161	151986	786.31	376.29	35	40	-1	12.12	12.12
Fixation R	1	101	1410140175	1410292161	151986	786.31	376.29	35	40	-1	12.26	12.26
Fixation L	1	103	1410380145	1410432152	52007	787.43	379.62	24	42	-1	11.86	11.86
Fixation R	1	102	1410380145	1410432152	52007	787.43	379.62	24	42	-1	12.02	12.02
Saccade L	1	235	1410432152	1410468150	35998	792.80	396.64	773.02	-49.08	8.67	526.69	0.55	240.74	25136.32	-20822.49	15700.96
Saccade R	1	227	1410432152	1410468150	35998	792.80	396.64	773.02	-49.08	8.67	526.69	0.55	240.74	25136.32	-20822.49	15700.96
Saccade L	1	236	1410468150	1410504160	36010	773.02	-49.08	773.48	-47.70	11.53	510.49	0.67	320.15	23311.71	-26071.33	17594.85
Saccade R	1	228	1410468150	1410504160	36010	773.02	-49.08	773.48	-47.70	11.53	510.49	0.67	320.15	23311.71	-26071.33	17594.85
Saccade L	1	237	1410644177	1410664026	19849	761.92	-48.03	765.37	-53.72	0.61	40.28	0.60	30.60	381.62	-812.47	476.01
Saccade R	1	229	1410644177	1410664026	19849	761.92	-48.03	765.37	-53.72	0.61	40.28	0.60	30.60	381.62	-812.47	476.01
Saccade L	1	238	1410688046	1410756042	67996	766.16	-36.64	544.45	602.72	15.86	508.22	0.35	233.29	23652.74	-16166.27	10792.55
Saccade R	1	230	1410688046	1410756042	67996	766.16	-36.64	544.45	602.72	15.86	508.22	0.35	233.29	23652.74	-16166.27	10792.55
Fixation L	1	104	1410756042	1410940041	183999	524.90	643.39	41	59	-1	12.49	12.49
Fixation R	1	103	1410756042	1410940041	183999	524.90	643.39	41	59	-1	12.55	12.55
Fixation L	1	105	1411036022	1411423516	387494	0.00	0.00	0	0	-1	12.25	12.25
Fixation R	1	104	1411036022	1411423516	387494	0.00	0.00	0	0	-1	12.56	12.56
Fixation L	1	106	1413726691	1413878677	151986	519.04	591.96	59	20	-1	15.05	15.05
Fixation R	1	105	1413726691	1413878677	151986	519.04	591.96	59	20	-1	15.14	15.14
Saccade L	1	239	1413878677	1413914674	35997	535.86	592.78	433.85	503.12	3.04	175.06	0.45	84.44	8097.19	-7211.42	5471.72
Saccade R	1	231	1413878677	1413914674	35997	535.86	592.78	433.85	503.12	3.04	175.06	0.45	84.44	8097.19	-7211.42	5471.72
Fixation L	1	107	1413914674	1414070690	156016	426.46	494.48	31	21	-1	13.78	13.78
Fixation R	1	106	1413914674	1414070690	156016	426.46	494.48	31	21	-1	13.58	13.58
Saccade L	1	240	1414070690	1414134699	64009	425.33	492.38	659.47	500.66	15.63	502.75	0.44	244.22	22228.37	-15100.65	11344.55
Saccade R	1	232	1414070690	1414134699	64009	425.33	492.38	659.47	500.66	15.63	502.75	0.44	244.22	22228.37	-15100.65	11344.55
Fixation L	1	108	1414134699	1414318691	183992	681.38	502.44	40	42	-1	12.81	12.81
Fixation R	1	107	1414134699	1414318691	183992	681.38	502.44	40	42	-1	12.64	12.64
Fixation L	1	109	1414378864	1414710550	331686	375.22	287.69	1657	1027	-1	7.77	7.77
Saccade R	1	233	1414706568	1414750555	43987	1272.88	530.18	905.92	499.68	8.31	671.32	0.64	188.89	26829.38	-27540.20	15221.51
Saccade L	1	241	1414710550	1414750555	40005	1284.33	539.22	905.92	499.68	8.21	671.32	0.60	205.11	26829.38	-27540.20	16452.81
Fixation L	1	110	1414750555	1414814556	64001	887.37	499.56	35	32	-1	11.16	11.16
Fixation R	1	108	1414750555	1414814556	64001	887.37	499.56	35	32	-1	12.01	12.01
Fixation L	1	111	1414858563	1414934574	76011	860.48	502.61	58	18	-1	11.63	11.63
Fixation R	1	109	1414858563	1414934574	76011	860.48	502.61	58	18	-1	12.69	12.69
Saccade L	1	242	1414934574	1415010562	75988	890.43	496.26	1117.19	748.47	8.86	417.95	0.58	116.53	17952.97	-15662.00	7106.36
Saccade R	1	234	1414934574	1415010562	75988	890.43	496.26	1117.19	748.47	8.86	417.95	0.58	116.53	17952.97	-15662.00	7106.36
Fixation L	1	112	1415010562	1415182575	172013	1121.66	759.79	49	20	-1	14.00	14.00
Fixation R	1	110	1415010562	1415182575	172013	1121.66	759.79	49	20	-1	13.74	13.74
Fixation L	1	113	1415198563	1415258586	60023	1097.55	760.33	44	12	-1	14.06	14.06
Fixation R	1	111	1415198563	1415258586	60023	1097.55	760.33	44	12	-1	14.02	14.02
Saccade L	1	243	1415258586	1415322503	63917	1119.29	762.34	923.42	589.00	6.80	299.13	0.44	106.33	11021.03	-11329.64	5972.33
Saccade R	1	235	1415258586	1415322503	63917	1119.29	762.34	923.42	589.00	6.80	299.13	0.44	106.33	11021.03	-11329.64	5972.33
Saccade L	1	244	1415430561	1415466566	36005	894.71	567.11	888.14	568.32	1.75	102.32	0.22	48.60	1164.06	-1145.52	714.00
Saccade R	1	236	1415430561	1415466566	36005	894.71	567.11	888.14	568.32	1.75	102.32	0.22	48.60	1164.06	-1145.52	714.00
Saccade L	1	245	1415482503	1415502565	20062	913.58	557.85	883.70	561.38	0.64	57.37	0.40	31.76	-321.19	-1896.71	963.15
Saccade R	1	237	1415482503	1415502565	20062	913.58	557.85	883.70	561.38	0.64	57.37	0.40	31.76	-321.19	-1896.71	963.15
Fixation L	1	114	1415502565	1415554559	51994	889.22	565.84	39	10	-1	13.78	13.78
Fixation R	1	112	1415502565	1415554559	51994	889.22	565.84	39	10	-1	13.79	13.79
Saccade L	1	246	1415618601	1415638564	19963	919.52	561.91	943.10	594.42	0.58	44.51	0.60	29.26	1276.94	-259.97	768.20
Saccade R	1	238	1415618601	1415638564	19963	919.52	561.91	943.10	594.42	0.58	44.51	0.60	29.26	1276.94	-259.97	768.20
Saccade L	1	247	1415638564	1415698563	59999	943.10	594.42	716.87	465.01	6.99	269.18	0.47	116.49	11368.68	-8585.69	5288.33
Saccade R	1	239	1415638564	1415698563	59999	943.10	594.42	716.87	465.01	6.99	269.18	0.47	116.49	11368.68	-8585.69	5288.33
Saccade L	1	248	1415698563	1415726568	28005	716.87	465.01	663.93	481.65	1.10	60.45	0.43	39.42	404.23	-1868.28	654.89
Saccade R	1	240	1415698563	1415726568	28005	716.87	465.01	663.93	481.65	1.10	60.45	0.43	39.42	404.23	-1868.28	654.89
Saccade L	1	249	1415726568	1415746572	20004	663.93	481.65	645.23	499.84	0.58	57.61	0.60	28.96	210.44	-626.70	204.81
Saccade R	1	241	1415726568	1415746572	20004	663.93	481.65	645.23	499.84	0.58	57.61	0.60	28.96	210.44	-626.70	204.81
Saccade L	1	250	1415770508	1415842603	72095	621.02	499.97	610.52	489.73	3.01	111.91	0.56	41.79	2709.94	-3192.81	1136.05
Saccade R	1	242	1415770508	1415842603	72095	621.02	499.97	610.52	489.73	3.01	111.91	0.56	41.79	2709.94	-3192.81	1136.05
Fixation L	1	115	1415842603	1415982581	139978	605.78	501.00	64	17	-1	13.22	13.22
Fixation R	1	113	1415842603	1415982581	139978	605.78	501.00	64	17	-1	13.44	13.44
Saccade L	1	251	1415982581	1416030569	47988	613.20	497.77	471.73	428.90	5.28	286.87	0.33	110.05	13873.41	-11714.23	6338.36
Saccade R	1	243	1415982581	1416030569	47988	613.20	497.77	471.73	428.90	5.28	286.87	0.33	110.05	13873.41	-11714.23	6338.36
Fixation L	1	116	1416030569	1416118442	87873	409.16	444.63	82	32	-1	12.99	12.99
Fixation R	1	114	1416030569	1416118442	87873	409.16	444.63	82	32	-1	13.31	13.31
Saccade L	1	252	1416118442	1416142455	24013	400.92	457.27	429.49	461.85	0.59	49.81	0.50	24.46	1747.71	-1472.95	1216.90
Saccade R	1	244	1416118442	1416142455	24013	400.92	457.27	429.49	461.85	0.59	49.81	0.50	24.46	1747.71	-1472.95	1216.90
Fixation L	1	117	1416142455	1416282510	140055	406.30	460.50	47	17	-1	13.05	13.05
Fixation R	1	115	1416142455	1416282510	140055	406.30	460.50	47	17	-1	13.04	13.04
Saccade L	1	253	1416282510	1416350449	67939	389.62	469.54	963.12	635.25	13.79	431.69	0.41	202.96	19238.03	-14921.26	10158.83
Saccade R	1	245	1416282510	1416350449	67939	389.62	469.54	963.12	635.25	13.79	431.69	0.41	202.96	19238.03	-14921.26	10158.83
Fixation L	1	118	1416366456	1416558455	191999	995.03	668.78	33	16	-1	13.11	13.11
Fixation R	1	116	1416366456	1416558455	191999	995.03	668.78	33	16	-1	13.34	13.34
Saccade L	1	254	1416558455	1416586493	28038	980.21	672.79	1086.35	738.09	2.67	200.93	0.43	95.14	9480.89	-9243.49	6941.07
Saccade R	1	246	1416558455	1416586493	28038	980.21	672.79	1086.35	738.09	2.67	200.93	0.43	95.14	9480.89	-9243.49	6941.07
Fixation L	1	119	1416586493	1416782466	195973	1094.92	752.72	28	24	-1	12.87	12.87
Fixation R	1	117	1416586493	1416782466	195973	1094.92	752.72	28	24	-1	13.40	13.40
Saccade L	1	255	1416782466	1416838450	55984	1096.65	742.14	1018.30	585.29	4.02	212.76	0.21	71.73	9953.36	-9100.63	4289.41
Saccade R	1	247	1416782466	1416838450	55984	1096.65	742.14	1018.30	585.29	4.02	212.76	0.21	71.73	9953.36	-9100.63	4289.41
Fixation L	1	120	1416838450	1417058468	220018	1014.55	567.37	49	26	-1	12.87	12.87
Fixation R	1	118	1416838450	1417058468	220018	1014.55	567.37	49	26	-1	13.67	13.67
Saccade L	1	256	1417058468	1417110447	51979	1001.55	575.68	1240.42	585.50	5.72	312.99	0.31	110.12	13810.47	-11200.83	6875.77
Saccade R	1	248	1417058468	1417110447	51979	1001.55	575.68	1240.42	585.50	5.72	312.99	0.31	110.12	13810.47	-11200.83	6875.77
Fixation L	1	121	1417110447	1417234488	124041	1266.97	577.91	33	35	-1	12.76	12.76
Fixation R	1	119	1417110447	1417234488	124041	1266.97	577.91	33	35	-1	13.31	13.31
Saccade L	1	257	1417234488	1417302453	67965	1265.12	551.42	1055.22	808.63	7.66	355.55	0.35	112.70	16553.10	-12484.91	6982.00
Saccade R	1	249	1417234488	1417302453	67965	1265.12	551.42	1055.22	808.63	7.66	355.55	0.35	112.70	16553.10	-12484.91	6982.00
Fixation L	1	122	1417302453	1417618336	315883	1063.42	799.03	45	24	-1	13.02	13.02
Fixation R	1	120	1417302453	1417618336	315883	1063.42	799.03	45	24	-1	13.65	13.65
Saccade L	1	258	1417618336	1417658354	40018	1074.71	807.52	1135.44	846.72	1.77	104.86	0.40	44.22	4935.13	-3953.97	2497.12
Saccade R	1	250	1417618336	1417658354	40018	1074.71	807.52	1135.44	846.72	1.77	104.86	0.40	44.22	4935.13	-3953.97	2497.12
Fixation L	1	123	1417658354	1418158334	499980	1114.14	862.65	49	31	-1	13.27	13.27
Fixation R	1	121	1417658354	1418158334	499980	1114.14	862.65	49	31	-1	14.20	14.20
Saccade L	1	259	1418158334	1418202344	44010	1098.89	879.72	971.24	868.17	4.75	292.07	0.27	108.01	13069.47	-9634.34	5936.15
Saccade R	1	251	1418158334	1418202344	44010	1098.89	879.72	971.24	868.17	4.75	292.07	0.27	108.01	13069.47	-9634.34	5936.15
Saccade L	1	260	1418202344	1418222356	20012	971.24	868.17	950.62	868.05	0.57	60.98	0.40	28.49	-593.18	-2252.12	1582.19
Saccade R	1	252	1418202344	1418222356	20012	971.24	868.17	950.62	868.05	0.57	60.98	0.40	28.49	-593.18	-2252.12	1582.19
Fixation L	1	124	1418222356	1418478361	256005	971.74	876.14	55	13	-1	13.48	13.48
Fixation R	1	122	1418222356	1418478361	256005	971.74	876.14	55	13	-1	13.92	13.92
Saccade L	1	261	1418478361	1418502338	23977	1001.49	870.27	904.37	861.57	2.06	182.01	0.50	86.07	7369.75	-7365.51	5596.01
Saccade R	1	253	1418478361	1418502338	23977	1001.49	870.27	904.37	861.57	2.06	182.01	0.50	86.07	7369.75	-7365.51	5596.01
Fixation L	1	125	1418502338	1418730362	228024	918.48	862.88	45	13	-1	13.46	13.46
Fixation R	1	123	1418502338	1418730362	228024	918.48	862.88	45	13	-1	13.67	13.67
Saccade L	1	262	1418766340	1418786342	20002	967.93	867.11	993.87	872.33	0.70	55.92	0.60	35.21	1272.21	-1651.40	929.08
Saccade R	1	254	1418766340	1418786342	20002	967.93	867.11	993.87	872.33	0.70	55.92	0.60	35.21	1272.21	-1651.40	929.08
Saccade L	1	263	1418962226	1418990227	28001	974.51	867.08	1016.89	882.91	0.96	58.81	0.57	34.17	1941.68	-1557.17	1277.66
Saccade R	1	255	1418962226	1418990227	28001	974.51	867.08	1016.89	882.91	0.96	58.81	0.57	34.17	1941.68	-1557.17	1277.66
Fixation L	1	126	1419046216	1419122241	76025	1018.74	879.08	28	7	-1	13.84	13.84
Fixation R	1	124	1419046216	1419122241	76025	1018.74	879.08	28	7	-1	13.71	13.71
Saccade L	1	264	1419122241	1419158227	35986	1031.53	879.62	910.76	863.07	2.55	191.68	0.33	70.79	8299.50	-6816.04	4380.39
Saccade R	1	256	1419122241	1419158227	35986	1031.53	879.62	910.76	863.07	2.55	191.68	0.33	70.79	8299.50	-6816.04	4380.39
Fixation L	1	127	1419158227	1419442225	283998	904.78	857.12	48	19	-1	14.13	14.13
Fixation R	1	125	1419158227	1419442225	283998	904.78	857.12	48	19	-1	13.91	13.91
Saccade L	1	265	1419454220	1419526241	72021	982.25	850.01	902.57	513.25	9.30	382.05	0.28	129.16	15567.09	-15357.18	6505.46
Saccade R	1	257	1419454220	1419526241	72021	982.25	850.01	902.57	513.25	9.30	382.05	0.28	129.16	15567.09	-15357.18	6505.46
Saccade L	1	266	1419526241	1419558225	31984	902.57	513.25	876.98	551.08	1.05	54.89	0.38	32.72	-16.96	-1623.84	760.86
Saccade R	1	258	1419526241	1419558225	31984	902.57	513.25	876.98	551.08	1.05	54.89	0.38	32.72	-16.96	-1623.84	760.86
Fixation L	1	128	1419558225	1419694224	135999	881.53	540.27	47	29	-1	15.53	15.53
Fixation R	1	126	1419558225	1419694224	135999	881.53	540.27	47	29	-1	13.88	13.88
Saccade L	1	267	1419710223	1419758235	48012	908.62	560.34	1101.35	552.62	4.44	240.26	0.67	92.55	10347.39	-11391.77	5815.13
Saccade R	1	259	1419710223	1419758235	48012	908.62	560.34	1101.35	552.62	4.44	240.26	0.67	92.55	10347.39	-11391.77	5815.13
Saccade L	1	268	1419798228	1419830261	32033	1092.64	556.55	1087.59	527.49	0.88	42.55	0.50	27.44	1304.98	-1428.57	996.12
Saccade R	1	260	1419798228	1419830261	32033	1092.64	556.55	1087.59	527.49	0.88	42.55	0.50	27.44	1304.98	-1428.57	996.12
Fixation L	1	129	1419830261	1419938223	107962	1100.82	548.58	37	33	-1	14.88	14.88
Fixation R	1	127	1419830261	1419938223	107962	1100.82	548.58	37	33	-1	13.72	13.72
Saccade L	1	269	1419938223	1419982234	44011	1102.04	541.41	1191.95	600.40	2.33	120.19	0.45	53.04	4752.95	-4898.53	3011.15
Saccade R	1	261	1419938223	1419982234	44011	1102.04	541.41	1191.95	600.40	2.33	120.19	0.45	53.04	4752.95	-4898.53	3011.15
Fixation L	1	130	1419982234	1420138249	156015	1192.80	597.17	32	35	-1	13.70	13.70
Fixation R	1	128	1419982234	1420138249	156015	1192.80	597.17	32	35	-1	13.47	13.47
Saccade L	1	270	1420138249	1420182244	43995	1175.75	572.63	933.81	573.66	5.34	306.59	0.45	121.46	13955.57	-11615.38	8194.46
Saccade R	1	262	1420138249	1420182244	43995	1175.75	572.63	933.81	573.66	5.34	306.59	0.45	121.46	13955.57	-11615.38	8194.46
Fixation L	1	131	1420182244	1420522114	339870	922.74	578.80	30	34	-1	13.34	13.34
Fixation R	1	129	1420182244	1420522114	339870	922.74	578.80	30	34	-1	12.99	12.99
Saccade L	1	271	1420522114	1420574120	52006	921.32	562.22	764.15	490.44	4.15	211.99	0.39	79.71	9153.28	-8139.23	4922.21
Saccade R	1	263	1420522114	1420574120	52006	921.32	562.22	764.15	490.44	4.15	211.99	0.39	79.71	9153.28	-8139.23	4922.21
Fixation L	1	132	1420574120	1420870115	295995	805.29	559.99	1782	984	-1	11.63	11.63
Fixation R	1	130	1420574120	1420678127	104007	744.35	486.93	27	9	-1	12.55	12.55
Saccade R	1	264	1420678127	1420842132	164005	744.54	483.95	923.01	690.32	85.10	1798.14	0.37	518.86	41571.04	-51993.63	19657.99
Saccade L	1	272	1420870115	1420914117	44002	922.61	694.88	1028.27	705.87	2.39	139.81	0.45	54.30	6154.30	-4402.94	3082.94
Saccade R	1	265	1420870115	1420914117	44002	922.61	694.88	1028.27	705.87	2.39	139.81	0.45	54.30	6154.30	-4402.94	3082.94
Saccade L	1	273	1420914117	1420942132	28015	1028.27	705.87	1054.42	719.21	1.18	85.93	0.43	42.10	2221.73	-2071.74	1083.98
Saccade R	1	266	1420914117	1420942132	28015	1028.27	705.87	1054.42	719.21	1.18	85.93	0.43	42.10	2221.73	-2071.74	1083.98
Fixation L	1	133	1420942132	1421082143	140011	1115.02	738.81	89	48	-1	12.81	12.81
Fixation R	1	131	1420942132	1421082143	140011	1115.02	738.81	89	48	-1	12.49	12.49
Saccade L	1	274	1421082143	1421138141	55998	1132.13	759.45	955.80	603.55	6.31	265.70	0.29	112.77	12565.05	-8132.72	5920.25
Saccade R	1	267	1421082143	1421138141	55998	1132.13	759.45	955.80	603.55	6.31	265.70	0.29	112.77	12565.05	-8132.72	5920.25
Fixation L	1	134	1421138141	1421302118	163977	955.01	587.07	37	26	-1	13.39	13.39
Fixation R	1	132	1421138141	1421302118	163977	955.01	587.07	37	26	-1	12.93	12.93
Saccade L	1	275	1421302118	1421370128	68010	948.53	576.45	1002.11	806.53	5.56	177.78	0.47	81.76	7067.14	-6745.31	3972.91
Saccade R	1	268	1421302118	1421370128	68010	948.53	576.45	1002.11	806.53	5.56	177.78	0.47	81.76	7067.14	-6745.31	3972.91
Fixation L	1	135	1421370128	1421734005	363877	994.46	810.76	22	13	-1	13.36	13.36
Fixation R	1	133	1421370128	1421734005	363877	994.46	810.76	22	13	-1	13.02	13.02
Saccade L	1	276	1421734005	1421766131	32126	994.88	812.42	1081.05	812.44	1.77	122.97	0.62	55.21	5001.47	-5245.96	3604.09
Saccade R	1	269	1421734005	1421766131	32126	994.88	812.42	1081.05	812.44	1.77	122.97	0.62	55.21	5001.47	-5245.96	3604.09
Fixation L	1	136	1421766131	1422049997	283866	1069.38	808.61	35	28	-1	13.66	13.66
Fixation R	1	134	1421766131	1422049997	283866	1069.38	808.61	35	28	-1	13.34	13.34
Saccade L	1	277	1422049997	1422090014	40017	1067.22	809.96	1026.39	760.13	2.18	129.36	0.30	54.40	5949.06	-4397.61	3113.10
Saccade R	1	270	1422049997	1422090014	40017	1067.22	809.96	1026.39	760.13	2.18	129.36	0.30	54.40	5949.06	-4397.61	3113.10
Fixation L	1	137	1422090014	1422202020	112006	1017.71	771.87	27	24	-1	13.36	13.36
Fixation R	1	135	1422090014	1422202020	112006	1017.71	771.87	27	24	-1	13.10	13.10
Saccade L	1	278	1422202020	1422238030	36010	1014.09	759.86	1005.83	875.79	2.37	145.20	0.44	65.69	6499.22	-6102.83	4452.13
Saccade R	1	271	1422202020	1422238030	36010	1014.09	759.86	1005.83	875.79	2.37	145.20	0.44	65.69	6499.22	-6102.83	4452.13
Fixation L	1	138	1422238030	1422538002	299972	1027.00	877.95	38	11	-1	13.60	13.60
Fixation R	1	136	1422238030	1422538002	299972	1027.00	877.95	38	11	-1	13.26	13.26
Saccade L	1	279	1422538002	1422565941	27939	1041.66	880.13	1115.31	883.70	1.46	105.86	0.57	52.12	5025.61	-4049.48	3362.76
Saccade R	1	272	1422538002	1422565941	27939	1041.66	880.13	1115.31	883.70	1.46	105.86	0.57	52.12	5025.61	-4049.48	3362.76
Saccade L	1	280	1422565941	1422585999	20058	1115.31	883.70	1089.00	885.65	0.47	42.42	0.60	23.28	18.98	-2582.12	1044.55
Saccade R	1	273	1422565941	1422585999	20058	1115.31	883.70	1089.00	885.65	0.47	42.42	0.60	23.28	18.98	-2582.12	1044.55
Fixation L	1	139	1422585999	1422734013	148014	1085.23	876.63	46	12	-1	13.85	13.85
Fixation R	1	137	1422585999	1422734013	148014	1085.23	876.63	46	12	-1	13.67	13.67
Saccade L	1	281	1422734013	1422766010	31997	1101.61	873.47	1011.65	801.75	2.44	159.29	0.50	76.22	7616.72	-6924.98	5258.19
Saccade R	1	274	1422734013	1422766010	31997	1101.61	873.47	1011.65	801.75	2.44	159.29	0.50	76.22	7616.72	-6924.98	5258.19
Fixation L	1	140	1422766010	1423069905	303895	1006.42	810.06	52	34	-1	13.47	13.47
Fixation R	1	138	1422766010	1423069905	303895	1006.42	810.06	52	34	-1	13.68	13.68
Saccade L	1	282	1423069905	1423101905	32000	1003.93	827.29	915.22	819.63	2.16	166.81	0.37	67.39	7236.82	-6642.25	4413.06
Saccade R	1	275	1423069905	1423101905	32000	1003.93	827.29	915.22	819.63	2.16	166.81	0.37	67.39	7236.82	-6642.25	4413.06
Fixation L	1	141	1423101905	1423245875	143970	934.07	809.31	52	38	-1	13.47	13.47
Fixation R	1	139	1423101905	1423245875	143970	934.07	809.31	52	38	-1	13.89	13.89
Fixation L	1	142	1423329882	1423397884	68002	459.41	574.30	38	11	-1	13.48	13.48
Fixation R	1	140	1423329882	1423397884	68002	459.41	574.30	38	11	-1	13.97	13.97
Saccade L	1	283	1423397884	1423421892	24008	455.39	580.07	476.14	588.14	0.59	43.00	0.50	24.53	1727.80	-1421.06	1168.66
Saccade R	1	276	1423397884	1423421892	24008	455.39	580.07	476.14	588.14	0.59	43.00	0.50	24.53	1727.80	-1421.06	1168.66
