[BeGaze]
Converted from:	D:\Kirillov\Results\ermolova_temp\versh-eye_data.idf
Date:	17.04.2019 03:53:47
Version:	BeGaze 3.0.181
Sample Rate:	250
Subject:	versh
Description:	Run31

Table Header for Fixations:
Event Type	Trial	Number	Start	End	Duration	Location X	Location Y	Dispersion X	Dispersion Y	Plane	Avg. Pupil Size X	Avg. Pupil Size Y

Table Header for Saccades:
Event Type	Trial	Number	Start	End	Duration	Start Loc.X	Start Loc.Y	End Loc.X	End Loc.Y	Amplitude	Peak Speed	Peak Speed At	Average Speed	Peak Accel.	Peak Decel.	Average Accel.

Table Header for User Events:
Event Type	Trial	Number	Start	Description

UserEvent	1	1	8119259694	# Message: experiment-05.jpg
Saccade L	1	1	8119263391	8119303382	39991	307.67	802.84	156.82	675.54	4.27	320.25	0.30	106.83	30095.67	-12318.25	7416.52
Saccade R	1	1	8119263391	8119303382	39991	307.67	802.84	156.82	675.54	4.27	320.25	0.30	106.83	30095.67	-12318.25	7416.52
Saccade L	1	2	8119303382	8119331282	27900	156.82	675.54	0.00	0.00	14.16	1342.45	0.57	507.50	54625.13	-55953.37	40284.34
Saccade R	1	2	8119303382	8119331282	27900	156.82	675.54	0.00	0.00	14.16	1342.45	0.57	507.50	54625.13	-55953.37	40284.34
Fixation L	1	1	8119331282	8119519245	187963	0.00	0.00	0	0	-1	14.10	14.10
Fixation R	1	1	8119331282	8119519245	187963	0.00	0.00	0	0	-1	13.80	13.80
Fixation L	1	2	8119795240	8119871250	76010	1111.74	902.59	15	10	-1	13.07	13.07
Fixation R	1	2	8119795240	8119871250	76010	1111.74	902.59	15	10	-1	13.76	13.76
Saccade L	1	3	8119871250	8119903255	32005	1109.92	899.15	1134.42	798.76	2.28	159.37	0.50	71.31	7342.47	-7081.38	5238.34
Saccade R	1	3	8119871250	8119903255	32005	1109.92	899.15	1134.42	798.76	2.28	159.37	0.50	71.31	7342.47	-7081.38	5238.34
Fixation L	1	3	8119903255	8120043267	140012	1146.22	775.86	22	45	-1	12.99	12.99
Fixation R	1	3	8119903255	8120043267	140012	1146.22	775.86	22	45	-1	13.69	13.69
Saccade L	1	4	8120043267	8120075277	32010	1146.44	755.23	1167.55	810.80	1.25	68.40	0.37	39.04	3156.43	-2344.74	2002.75
Saccade R	1	4	8120043267	8120075277	32010	1146.44	755.23	1167.55	810.80	1.25	68.40	0.37	39.04	3156.43	-2344.74	2002.75
Fixation L	1	4	8120075277	8120179266	103989	1168.07	817.29	22	9	-1	12.83	12.83
Fixation R	1	4	8120075277	8120179266	103989	1168.07	817.29	22	9	-1	13.50	13.50
Saccade L	1	5	8120179266	8120243256	63990	1185.76	814.07	452.93	681.86	16.30	436.28	0.31	254.77	20646.06	-15591.57	11239.33
Saccade R	1	5	8120179266	8120243256	63990	1185.76	814.07	452.93	681.86	16.30	436.28	0.31	254.77	20646.06	-15591.57	11239.33
Fixation L	1	5	8120243256	8120443283	200027	462.18	646.72	20	68	-1	12.74	12.74
Fixation R	1	5	8120243256	8120443283	200027	462.18	646.72	20	68	-1	12.75	12.75
Saccade L	1	6	8120443283	8120491285	48002	465.75	618.64	362.42	646.41	2.59	99.66	0.25	53.97	4661.48	-3011.14	2639.33
Saccade R	1	6	8120443283	8120491285	48002	465.75	618.64	362.42	646.41	2.59	99.66	0.25	53.97	4661.48	-3011.14	2639.33
Fixation L	1	6	8120491285	8120551281	59996	353.06	636.33	15	22	-1	12.78	12.78
Fixation R	1	6	8120491285	8120551281	59996	353.06	636.33	15	22	-1	12.77	12.77
Saccade L	1	7	8120551281	8120575256	23975	346.04	623.14	357.34	591.21	0.73	44.24	0.50	30.50	1616.49	-1076.84	979.52
Saccade R	1	7	8120551281	8120575256	23975	346.04	623.14	357.34	591.21	0.73	44.24	0.50	30.50	1616.49	-1076.84	979.52
Fixation L	1	7	8120575256	8120723256	148000	359.06	584.01	25	56	-1	12.95	12.95
Fixation R	1	7	8120575256	8120723256	148000	359.06	584.01	25	56	-1	12.91	12.91
Saccade L	1	8	8120723256	8120767145	43889	342.89	610.82	332.56	519.82	1.95	93.60	0.27	44.33	3817.35	-3330.11	2279.15
Saccade R	1	8	8120723256	8120767145	43889	342.89	610.82	332.56	519.82	1.95	93.60	0.27	44.33	3817.35	-3330.11	2279.15
Fixation L	1	8	8120767145	8121231130	463985	369.77	513.38	54	61	-1	12.83	12.83
Fixation R	1	8	8120767145	8121231130	463985	369.77	513.38	54	61	-1	12.97	12.97
Saccade L	1	9	8121231130	8121251133	20003	361.03	498.17	368.45	467.07	0.61	53.16	0.60	30.44	2021.55	-1775.69	1390.47
Saccade R	1	9	8121231130	8121251133	20003	361.03	498.17	368.45	467.07	0.61	53.16	0.60	30.44	2021.55	-1775.69	1390.47
Saccade L	1	10	8121275149	8121303143	27994	331.16	481.24	472.40	428.13	3.08	227.00	0.43	109.85	9336.58	-10326.17	6710.59
Saccade R	1	10	8121275149	8121303143	27994	331.16	481.24	472.40	428.13	3.08	227.00	0.43	109.85	9336.58	-10326.17	6710.59
Saccade L	1	11	8121303143	8121327139	23996	472.40	428.13	478.33	416.96	0.75	52.09	0.33	31.45	832.09	-4782.45	1631.02
Saccade R	1	11	8121303143	8121327139	23996	472.40	428.13	478.33	416.96	0.75	52.09	0.33	31.45	832.09	-4782.45	1631.02
Saccade L	1	12	8121335137	8121375165	40028	478.86	412.32	490.67	304.14	2.72	151.08	0.30	68.05	6369.97	-5137.84	3806.80
Saccade R	1	12	8121335137	8121375165	40028	478.86	412.32	490.67	304.14	2.72	151.08	0.30	68.05	6369.97	-5137.84	3806.80
Saccade L	1	13	8121383135	8121499142	116007	490.45	307.85	1198.10	796.82	27.06	514.28	0.48	233.23	16523.32	-18313.12	7514.71
Saccade R	1	13	8121383135	8121499142	116007	490.45	307.85	1198.10	796.82	27.06	514.28	0.48	233.23	16523.32	-18313.12	7514.71
Fixation L	1	9	8121499142	8121687157	188015	1197.06	823.10	17	39	-1	12.34	12.34
Fixation R	1	9	8121499142	8121687157	188015	1197.06	823.10	17	39	-1	13.02	13.02
Saccade L	1	14	8121687157	8121711142	23985	1200.67	825.50	1295.83	749.28	2.59	254.06	0.50	108.08	10286.83	-4680.36	5312.58
Saccade R	1	14	8121687157	8121711142	23985	1200.67	825.50	1295.83	749.28	2.59	254.06	0.50	108.08	10286.83	-4680.36	5312.58
Saccade L	1	15	8121711142	8121731167	20025	1295.83	749.28	1293.14	731.29	1.79	165.41	0.40	89.52	1393.02	-3321.12	1652.65
Saccade R	1	15	8121711142	8121731167	20025	1295.83	749.28	1293.14	731.29	1.79	165.41	0.40	89.52	1393.02	-3321.12	1652.65
Saccade L	1	16	8121731167	8121839144	107977	1293.14	731.29	1042.27	683.89	65.91	2473.54	0.41	610.43	112366.97	-66951.39	27098.21
Saccade R	1	16	8121731167	8121839144	107977	1293.14	731.29	1042.27	683.89	65.91	2473.54	0.41	610.43	112366.97	-66951.39	27098.21
Saccade L	1	17	8121839144	8121867150	28006	1042.27	683.89	1146.68	767.73	2.45	160.90	0.43	87.50	1065.41	-10880.75	5050.09
Saccade R	1	17	8121839144	8121867150	28006	1042.27	683.89	1146.68	767.73	2.45	160.90	0.43	87.50	1065.41	-10880.75	5050.09
Fixation L	1	10	8121867150	8121947161	80011	1145.66	792.43	11	48	-1	11.70	11.70
Fixation R	1	10	8121867150	8121947161	80011	1145.66	792.43	11	48	-1	12.73	12.73
Saccade L	1	18	8121947161	8121983148	35987	1140.77	812.74	0.00	0.00	29.77	2625.71	0.67	827.24	102488.56	-110969.79	64496.02
Fixation L	1	11	8121983148	8122059163	76015	0.00	0.00	0	0	-1	8.02	8.02
Fixation L	1	12	8122175043	8122471043	296000	390.08	557.35	38	57	-1	12.78	12.78
Fixation R	1	11	8122175043	8122471043	296000	390.08	557.35	38	57	-1	12.83	12.83
Saccade L	1	19	8122471043	8122563054	92011	395.69	535.24	1347.82	914.16	24.37	567.42	0.48	264.91	22264.60	-16555.58	10533.07
Saccade R	1	18	8122471043	8122563054	92011	395.69	535.24	1347.82	914.16	24.37	567.42	0.48	264.91	22264.60	-16555.58	10533.07
Fixation L	1	13	8122563054	8122695025	131971	1328.47	908.39	33	14	-1	12.63	12.63
Fixation R	1	12	8122563054	8122695025	131971	1328.47	908.39	33	14	-1	13.31	13.31
Saccade L	1	20	8122695025	8122727032	32007	1313.86	901.79	1239.93	915.92	1.55	96.91	0.50	48.46	4083.52	-4047.03	2965.03
Saccade R	1	19	8122695025	8122727032	32007	1313.86	901.79	1239.93	915.92	1.55	96.91	0.50	48.46	4083.52	-4047.03	2965.03
Fixation L	1	14	8122727032	8122907054	180022	1242.41	902.37	15	23	-1	12.15	12.15
Fixation R	1	13	8122727032	8122907054	180022	1242.41	902.37	15	23	-1	13.02	13.02
Saccade L	1	21	8122907054	8122931048	23994	1238.70	894.00	1172.46	901.28	1.56	125.54	0.50	64.96	5832.05	-4986.30	3960.20
Saccade R	1	20	8122907054	8122931048	23994	1238.70	894.00	1172.46	901.28	1.56	125.54	0.50	64.96	5832.05	-4986.30	3960.20
Fixation L	1	15	8122931048	8123055069	124021	1136.92	913.79	47	16	-1	11.84	11.84
Fixation R	1	14	8122931048	8123055069	124021	1136.92	913.79	47	16	-1	12.59	12.59
Saccade L	1	22	8123055069	8123127052	71983	1134.48	913.35	308.82	680.63	19.00	465.90	0.50	264.01	18816.38	-11886.27	10742.38
Saccade R	1	21	8123055069	8123127052	71983	1134.48	913.35	308.82	680.63	19.00	465.90	0.50	264.01	18816.38	-11886.27	10742.38
Fixation L	1	16	8123127052	8123471059	344007	339.87	684.38	48	24	-1	12.04	12.04
Fixation R	1	15	8123127052	8123471059	344007	339.87	684.38	48	24	-1	12.13	12.13
Saccade L	1	23	8123471059	8123515061	44002	357.49	687.38	283.27	740.09	2.14	99.61	0.45	48.65	4599.92	-3824.08	2731.34
Saccade R	1	22	8123471059	8123515061	44002	357.49	687.38	283.27	740.09	2.14	99.61	0.45	48.65	4599.92	-3824.08	2731.34
Fixation L	1	17	8123515061	8123698972	183911	272.00	762.56	23	37	-1	12.62	12.62
Fixation R	1	16	8123515061	8123698972	183911	272.00	762.56	23	37	-1	12.60	12.60
Saccade L	1	24	8123698972	8123770945	71973	263.21	758.41	1102.82	932.01	18.95	504.66	0.44	263.24	19631.35	-17459.29	11815.15
Saccade R	1	23	8123698972	8123770945	71973	263.21	758.41	1102.82	932.01	18.95	504.66	0.44	263.24	19631.35	-17459.29	11815.15
Fixation L	1	18	8123770945	8124030937	259992	1088.09	929.55	26	18	-1	13.12	13.12
Fixation R	1	17	8123770945	8124030937	259992	1088.09	929.55	26	18	-1	13.50	13.50
Saccade L	1	25	8124030937	8124058933	27996	1089.15	925.27	1014.67	902.52	1.57	117.42	0.43	56.25	5044.46	-4528.53	3526.54
Saccade R	1	24	8124030937	8124058933	27996	1089.15	925.27	1014.67	902.52	1.57	117.42	0.43	56.25	5044.46	-4528.53	3526.54
Fixation L	1	19	8124058933	8124282943	224010	1012.30	905.40	13	20	-1	13.14	13.14
Fixation R	1	18	8124058933	8124282943	224010	1012.30	905.40	13	20	-1	13.44	13.44
