[BeGaze]
Converted from:	D:\Kirillov\Results\ermolova_temp\Julia-eye_data.idf
Date:	17.04.2019 03:54:34
Version:	BeGaze 3.0.181
Sample Rate:	250
Subject:	Julia
Description:	Run40

Table Header for Fixations:
Event Type	Trial	Number	Start	End	Duration	Location X	Location Y	Dispersion X	Dispersion Y	Plane	Avg. Pupil Size X	Avg. Pupil Size Y

Table Header for Saccades:
Event Type	Trial	Number	Start	End	Duration	Start Loc.X	Start Loc.Y	End Loc.X	End Loc.Y	Amplitude	Peak Speed	Peak Speed At	Average Speed	Peak Accel.	Peak Decel.	Average Accel.

Table Header for User Events:
Event Type	Trial	Number	Start	Description

UserEvent	1	1	9480371549	# Message: Questionnaire7.jpg
Saccade L	1	1	9480383899	9480427905	44006	836.18	251.04	844.40	293.92	1.28	47.30	0.27	29.16	1238.46	-1091.37	622.41
Saccade R	1	1	9480383899	9480427905	44006	836.18	251.04	844.40	293.92	1.28	47.30	0.27	29.16	1238.46	-1091.37	622.41
Saccade L	1	2	9480427905	9480459884	31979	844.40	293.92	815.24	270.91	0.89	41.25	0.63	27.73	1313.07	-195.41	530.81
Saccade R	1	2	9480427905	9480459884	31979	844.40	293.92	815.24	270.91	0.89	41.25	0.63	27.73	1313.07	-195.41	530.81
Saccade L	1	3	9480459884	9480495908	36024	815.24	270.91	861.13	225.13	1.50	61.04	0.56	41.55	1486.57	-2031.34	1190.28
Saccade R	1	3	9480459884	9480495908	36024	815.24	270.91	861.13	225.13	1.50	61.04	0.56	41.55	1486.57	-2031.34	1190.28
Saccade L	1	4	9480495908	9480519907	23999	861.13	225.13	892.11	213.12	0.67	45.06	0.67	27.81	1605.21	-793.58	736.38
Saccade R	1	4	9480495908	9480519907	23999	861.13	225.13	892.11	213.12	0.67	45.06	0.67	27.81	1605.21	-793.58	736.38
Saccade L	1	5	9480547912	9480575908	27996	909.20	225.49	823.35	248.45	1.27	100.70	0.29	45.54	2039.92	-3774.83	1773.16
Saccade R	1	5	9480547912	9480575908	27996	909.20	225.49	823.35	248.45	1.27	100.70	0.29	45.54	2039.92	-3774.83	1773.16
Saccade L	1	6	9480619904	9480683908	64004	788.63	277.91	347.81	238.45	10.73	437.71	0.50	167.66	18710.57	-19146.15	10137.12
Saccade R	1	6	9480619904	9480683908	64004	788.63	277.91	347.81	238.45	10.73	437.71	0.50	167.66	18710.57	-19146.15	10137.12
Fixation L	1	1	9480683908	9480811908	128000	371.09	230.25	38	13	-1	12.50	12.50
Fixation R	1	1	9480683908	9480811908	128000	371.09	230.25	38	13	-1	12.95	12.95
Saccade L	1	7	9480811908	9480839933	28025	384.38	228.05	345.78	232.26	0.79	41.15	0.43	28.31	1969.21	-1607.34	1309.11
Saccade R	1	7	9480811908	9480839933	28025	384.38	228.05	345.78	232.26	0.79	41.15	0.43	28.31	1969.21	-1607.34	1309.11
Fixation L	1	2	9480839933	9481783807	943874	347.84	234.67	64	82	-1	12.51	12.51
Fixation R	1	2	9480839933	9481783807	943874	347.84	234.67	64	82	-1	12.57	12.57
Saccade L	1	8	9481783807	9481803807	20000	348.13	223.30	356.24	191.64	0.68	55.94	0.60	33.94	2541.64	-1365.02	1411.68
Saccade R	1	8	9481783807	9481803807	20000	348.13	223.30	356.24	191.64	0.68	55.94	0.60	33.94	2541.64	-1365.02	1411.68
Fixation L	1	3	9481803807	9482135817	332010	384.28	196.00	39	50	-1	12.63	12.63
Fixation R	1	3	9481803807	9482135817	332010	384.28	196.00	39	50	-1	12.64	12.64
Fixation L	1	4	9482175830	9482263821	87991	368.37	265.92	10	23	-1	12.72	12.72
Fixation R	1	4	9482175830	9482263821	87991	368.37	265.92	10	23	-1	12.54	12.54
Saccade L	1	9	9482263821	9482315823	52002	367.81	253.49	365.27	249.71	5.29	228.48	0.46	101.71	8856.96	-5642.05	4063.94
Saccade R	1	9	9482263821	9482315823	52002	367.81	253.49	365.27	249.71	5.29	228.48	0.46	101.71	8856.96	-5642.05	4063.94
Saccade L	1	10	9482315823	9482335816	19993	365.27	249.71	425.02	138.62	1.93	236.53	0.40	96.66	4826.78	-2417.58	2157.26
Saccade R	1	10	9482315823	9482335816	19993	365.27	249.71	425.02	138.62	1.93	236.53	0.40	96.66	4826.78	-2417.58	2157.26
Saccade L	1	11	9482335816	9482371844	36028	425.02	138.62	387.40	234.08	2.87	227.39	0.33	79.67	3552.83	-8383.10	3704.99
Saccade R	1	11	9482335816	9482371844	36028	425.02	138.62	387.40	234.08	2.87	227.39	0.33	79.67	3552.83	-8383.10	3704.99
Fixation L	1	5	9482371844	9482559859	188015	372.51	239.63	22	13	-1	12.90	12.90
Fixation R	1	5	9482371844	9482559859	188015	372.51	239.63	22	13	-1	12.78	12.78
Saccade L	1	12	9482559859	9482587839	27980	368.93	242.17	410.60	246.06	0.90	54.71	0.43	32.26	2486.82	-1738.51	1586.65
Saccade R	1	12	9482559859	9482587839	27980	368.93	242.17	410.60	246.06	0.90	54.71	0.43	32.26	2486.82	-1738.51	1586.65
Fixation L	1	6	9482587839	9483595699	1007860	396.20	267.39	43	48	-1	12.51	12.51
Fixation R	1	6	9482587839	9483595699	1007860	396.20	267.39	43	48	-1	12.45	12.45
UserEvent	1	2	9483019722	# Message: UE-mouseclick left x=388 y=301
Saccade L	1	13	9483595699	9483635728	40029	391.56	283.23	361.12	326.58	1.28	47.35	0.75	31.87	1389.76	-1161.93	753.75
Saccade R	1	13	9483595699	9483635728	40029	391.56	283.23	361.12	326.58	1.28	47.35	0.75	31.87	1389.76	-1161.93	753.75
Fixation L	1	7	9483635728	9484179621	543893	349.02	357.91	32	81	-1	12.19	12.19
Fixation R	1	7	9483635728	9484179621	543893	349.02	357.91	32	81	-1	12.21	12.21
UserEvent	1	3	9484051742	# Message: UE-mouseclick left x=417 y=400
