[BeGaze]
Converted from:	D:\Kirillov\Results\ermolova_temp\Polina 03-eye_data.idf
Date:	17.04.2019 03:52:44
Version:	BeGaze 3.0.181
Sample Rate:	250
Subject:	Polina 03
Description:	Run13

Table Header for Fixations:
Event Type	Trial	Number	Start	End	Duration	Location X	Location Y	Dispersion X	Dispersion Y	Plane	Avg. Pupil Size X	Avg. Pupil Size Y

Table Header for Saccades:
Event Type	Trial	Number	Start	End	Duration	Start Loc.X	Start Loc.Y	End Loc.X	End Loc.Y	Amplitude	Peak Speed	Peak Speed At	Average Speed	Peak Accel.	Peak Decel.	Average Accel.

Table Header for User Events:
Event Type	Trial	Number	Start	Description

UserEvent	1	1	3170582619	# Message: experiment-07.jpg
Fixation L	1	1	3170585982	3170845977	259995	423.29	262.26	26	14	-1	11.12	11.12
Fixation R	1	1	3170585982	3170845977	259995	423.29	262.26	26	14	-1	10.28	10.28
Fixation L	1	2	3170929988	3171041936	111948	787.10	771.38	10	11	-1	11.11	11.11
Fixation R	1	2	3170929988	3171041936	111948	787.10	771.38	10	11	-1	10.45	10.45
Saccade L	1	1	3171041936	3171069983	28047	787.85	771.21	747.01	751.25	0.95	73.07	0.57	33.95	3431.98	-2625.98	2210.65
Saccade R	1	1	3171041936	3171069983	28047	787.85	771.21	747.01	751.25	0.95	73.07	0.57	33.95	3431.98	-2625.98	2210.65
Fixation L	1	3	3171069983	3171157982	87999	736.81	743.58	16	10	-1	10.86	10.86
Fixation R	1	3	3171069983	3171157982	87999	736.81	743.58	16	10	-1	10.07	10.07
Fixation L	1	4	3171433886	3171517862	83976	773.09	632.60	32	16	-1	10.21	10.21
Fixation R	1	4	3171433886	3171517862	83976	773.09	632.60	32	16	-1	9.63	9.63
Saccade L	1	2	3171517862	3171565862	48000	791.31	628.05	883.48	558.78	2.96	217.64	0.58	61.74	8702.21	-9027.08	4796.59
Saccade R	1	2	3171517862	3171565862	48000	791.31	628.05	883.48	558.78	2.96	217.64	0.58	61.74	8702.21	-9027.08	4796.59
Fixation L	1	5	3171565862	3171673886	108024	894.09	569.59	17	17	-1	10.20	10.20
Fixation R	1	5	3171565862	3171673886	108024	894.09	569.59	17	17	-1	9.82	9.82
Saccade L	1	3	3171673886	3171717881	43995	899.76	574.72	793.13	722.41	3.95	243.60	0.36	89.71	11844.35	-11306.15	6997.70
Saccade R	1	3	3171673886	3171717881	43995	899.76	574.72	793.13	722.41	3.95	243.60	0.36	89.71	11844.35	-11306.15	6997.70
Fixation L	1	6	3171717881	3171877876	159995	765.60	705.08	44	25	-1	10.43	10.43
Fixation R	1	6	3171717881	3171877876	159995	765.60	705.08	44	25	-1	9.73	9.73
Saccade R	1	4	3171877876	3171921864	43988	750.67	697.32	0.00	0.00	29.76	2542.22	0.73	676.52	88869.40	-109450.30	48482.12
Fixation R	1	7	3171921864	3171998954	77090	0.00	0.00	0	0	-1	7.57	7.57
Saccade R	1	5	3171998954	3172145880	146926	0.00	0.00	899.60	340.28	65.87	2365.84	0.24	448.32	52758.31	-90585.90	20081.72
Fixation L	1	7	3172145880	3172249880	104000	903.87	360.15	13	29	-1	10.06	10.06
Fixation R	1	8	3172145880	3172249880	104000	903.87	360.15	13	29	-1	9.66	9.66
Saccade L	1	4	3172249880	3172305878	55998	898.02	372.23	1035.93	347.46	3.52	219.07	0.36	62.85	9950.13	-9123.60	4680.66
Saccade R	1	6	3172249880	3172305878	55998	898.02	372.23	1035.93	347.46	3.52	219.07	0.36	62.85	9950.13	-9123.60	4680.66
Fixation L	1	8	3172305878	3172537908	232030	1049.66	348.18	22	17	-1	10.25	10.25
Fixation R	1	9	3172305878	3172537908	232030	1049.66	348.18	22	17	-1	9.95	9.95
Saccade L	1	5	3172537908	3172605907	67999	1041.34	339.43	814.66	661.19	8.89	347.72	0.29	130.73	17164.84	-12458.63	7812.46
Saccade R	1	7	3172537908	3172605907	67999	1041.34	339.43	814.66	661.19	8.89	347.72	0.29	130.73	17164.84	-12458.63	7812.46
Fixation L	1	9	3172605907	3172841775	235868	795.93	694.63	29	58	-1	10.41	10.41
Fixation R	1	10	3172605907	3172841775	235868	795.93	694.63	29	58	-1	9.79	9.79
Saccade L	1	6	3172841775	3172877747	35972	806.18	721.22	747.48	774.62	1.75	97.40	0.44	48.56	4341.60	-4280.78	3048.03
Saccade R	1	8	3172841775	3172877747	35972	806.18	721.22	747.48	774.62	1.75	97.40	0.44	48.56	4341.60	-4280.78	3048.03
Fixation L	1	10	3172877747	3173173782	296035	732.44	795.86	22	31	-1	10.32	10.32
Fixation R	1	11	3172877747	3173173782	296035	732.44	795.86	22	31	-1	9.49	9.49
Saccade L	1	7	3173173782	3173265753	91971	744.99	803.32	934.84	335.25	11.30	385.84	0.48	122.86	17846.69	-9998.97	6353.54
Saccade R	1	9	3173173782	3173265753	91971	744.99	803.32	934.84	335.25	11.30	385.84	0.48	122.86	17846.69	-9998.97	6353.54
Fixation L	1	11	3173265753	3173449756	184003	940.65	348.27	9	29	-1	9.85	9.85
Fixation R	1	12	3173265753	3173449756	184003	940.65	348.27	9	29	-1	9.59	9.59
Saccade L	1	8	3173449756	3173481762	32006	944.31	332.89	1084.45	330.00	3.09	220.95	0.62	96.46	10128.91	-9965.66	7138.32
Saccade R	1	10	3173449756	3173481762	32006	944.31	332.89	1084.45	330.00	3.09	220.95	0.62	96.46	10128.91	-9965.66	7138.32
Fixation L	1	12	3173481762	3173793754	311992	1087.13	325.20	40	21	-1	9.88	9.88
Fixation R	1	13	3173481762	3173793754	311992	1087.13	325.20	40	21	-1	9.51	9.51
Saccade L	1	9	3173793754	3173821758	28004	1077.48	322.65	1043.79	330.31	0.94	69.96	0.57	33.51	2935.16	-2358.25	1964.88
Saccade R	1	11	3173793754	3173821758	28004	1077.48	322.65	1043.79	330.31	0.94	69.96	0.57	33.51	2935.16	-2358.25	1964.88
Fixation L	1	13	3173821758	3173961763	140005	1023.13	335.40	26	26	-1	10.05	10.05
Fixation R	1	14	3173821758	3173961763	140005	1023.13	335.40	26	26	-1	9.59	9.59
Saccade L	1	10	3173961763	3173993768	32005	1028.38	352.27	1150.79	345.48	2.60	196.13	0.50	81.32	9439.14	-9402.03	6522.46
Saccade R	1	12	3173961763	3173993768	32005	1028.38	352.27	1150.79	345.48	2.60	196.13	0.50	81.32	9439.14	-9402.03	6522.46
Fixation L	1	14	3173993768	3174097762	103994	1166.15	335.05	38	30	-1	9.90	9.90
Fixation R	1	15	3173993768	3174097762	103994	1166.15	335.05	38	30	-1	9.51	9.51
Saccade L	1	11	3174097762	3174145982	48220	1172.09	312.83	0.00	0.00	29.08	1650.51	0.75	602.97	54110.29	-71235.42	35250.30
Fixation L	1	15	3174145982	3174215003	69021	0.00	0.00	0	0	-1	14.30	14.30
Fixation L	1	16	3174397664	3174529638	131974	789.95	762.24	22	32	-1	10.12	10.12
Fixation R	1	16	3174397664	3174529638	131974	789.95	762.24	22	32	-1	9.52	9.52
Saccade L	1	12	3174529638	3174597696	68058	794.66	782.26	840.84	707.79	2.83	148.92	0.24	41.64	6864.63	-6262.37	2433.86
Saccade R	1	13	3174529638	3174597696	68058	794.66	782.26	840.84	707.79	2.83	148.92	0.24	41.64	6864.63	-6262.37	2433.86
Fixation L	1	17	3174597696	3174829641	231945	843.70	709.69	18	22	-1	10.29	10.29
Fixation R	1	17	3174597696	3174829641	231945	843.70	709.69	18	22	-1	9.66	9.66
Saccade L	1	13	3174829641	3174949688	120047	848.48	712.99	1071.96	336.89	10.68	292.78	0.43	88.93	13456.72	-9038.93	4184.00
Saccade R	1	14	3174829641	3174949688	120047	848.48	712.99	1071.96	336.89	10.68	292.78	0.43	88.93	13456.72	-9038.93	4184.00
Fixation L	1	18	3174949688	3175073642	123954	1070.07	330.11	20	14	-1	9.83	9.83
Fixation R	1	18	3174949688	3175073642	123954	1070.07	330.11	20	14	-1	9.52	9.52
Saccade L	1	14	3175073642	3175117647	44005	1059.62	335.86	1212.86	322.23	3.29	214.22	0.55	74.75	9356.08	-9754.78	5753.01
Saccade R	1	15	3175073642	3175117647	44005	1059.62	335.86	1212.86	322.23	3.29	214.22	0.55	74.75	9356.08	-9754.78	5753.01
Fixation L	1	19	3175117647	3175505644	387997	1217.71	327.04	44	39	-1	9.94	9.94
Fixation R	1	19	3175117647	3175505644	387997	1217.71	327.04	44	39	-1	9.58	9.58
Saccade L	1	15	3175505644	3175541672	36028	1196.95	343.42	1240.94	330.25	1.04	54.46	0.33	28.89	3762.42	-1705.38	1522.03
Saccade R	1	16	3175505644	3175541672	36028	1196.95	343.42	1240.94	330.25	1.04	54.46	0.33	28.89	3762.42	-1705.38	1522.03
Saccade L	1	16	3175541672	3175613545	71873	1240.94	330.25	945.89	676.79	10.76	414.56	0.28	149.73	19484.05	-10445.48	8289.25
Saccade R	1	17	3175541672	3175613545	71873	1240.94	330.25	945.89	676.79	10.76	414.56	0.28	149.73	19484.05	-10445.48	8289.25
Fixation L	1	20	3175613545	3175773547	160002	934.14	665.06	24	21	-1	10.33	10.33
Fixation R	1	20	3175613545	3175773547	160002	934.14	665.06	24	21	-1	9.96	9.96
Saccade L	1	17	3175773547	3175813536	39989	926.52	673.42	921.80	731.44	1.27	46.58	0.70	31.64	1703.00	-2066.77	1289.84
Saccade R	1	18	3175773547	3175813536	39989	926.52	673.42	921.80	731.44	1.27	46.58	0.70	31.64	1703.00	-2066.77	1289.84
Fixation L	1	21	3175813536	3175961535	147999	912.55	711.31	23	41	-1	10.54	10.54
Fixation R	1	21	3175813536	3175961535	147999	912.55	711.31	23	41	-1	10.00	10.00
Fixation L	1	22	3176041552	3176261535	219983	1210.60	330.66	40	24	-1	10.40	10.40
Fixation R	1	22	3176041552	3176261535	219983	1210.60	330.66	40	24	-1	9.87	9.87
Saccade L	1	18	3176261535	3176285544	24009	1196.02	328.62	1248.64	325.63	1.10	98.81	0.50	45.95	3703.22	-3831.42	2731.24
Saccade R	1	19	3176261535	3176285544	24009	1196.02	328.62	1248.64	325.63	1.10	98.81	0.50	45.95	3703.22	-3831.42	2731.24
Fixation L	1	23	3176285544	3176453545	168001	1259.17	325.58	22	24	-1	10.40	10.40
Fixation R	1	23	3176285544	3176453545	168001	1259.17	325.58	22	24	-1	9.80	9.80
Saccade L	1	19	3176453545	3176501558	48013	1249.82	316.19	1142.07	316.92	2.28	142.35	0.33	47.43	6572.51	-5766.25	3391.82
Saccade R	1	20	3176453545	3176501558	48013	1249.82	316.19	1142.07	316.92	2.28	142.35	0.33	47.43	6572.51	-5766.25	3391.82
Fixation L	1	24	3176501558	3176809553	307995	1135.96	334.43	14	40	-1	10.39	10.39
Fixation R	1	24	3176501558	3176809553	307995	1135.96	334.43	14	40	-1	10.05	10.05
Saccade L	1	20	3176809553	3176837553	28000	1126.94	339.12	1205.65	339.99	1.59	116.01	0.57	56.84	5518.67	-5457.61	4079.57
Saccade R	1	21	3176809553	3176837553	28000	1126.94	339.12	1205.65	339.99	1.59	116.01	0.57	56.84	5518.67	-5457.61	4079.57
Fixation L	1	25	3176837553	3177149415	311862	1218.52	329.33	32	44	-1	10.48	10.48
Fixation R	1	25	3176837553	3177149415	311862	1218.52	329.33	32	44	-1	10.00	10.00
Saccade L	1	21	3177149415	3177217412	67997	1220.40	310.27	1143.48	344.54	2.52	132.13	0.41	37.07	5983.47	-5842.17	2354.62
Saccade R	1	22	3177149415	3177217412	67997	1220.40	310.27	1143.48	344.54	2.52	132.13	0.41	37.07	5983.47	-5842.17	2354.62
Fixation L	1	26	3177217412	3177449424	232012	1142.14	340.48	39	24	-1	10.35	10.35
Fixation R	1	26	3177217412	3177449424	232012	1142.14	340.48	39	24	-1	9.93	9.93
Saccade L	1	22	3177449424	3177541509	92085	1132.09	342.91	848.96	766.52	12.07	417.12	0.30	131.10	18916.96	-12953.81	6894.37
Saccade R	1	23	3177449424	3177541509	92085	1132.09	342.91	848.96	766.52	12.07	417.12	0.30	131.10	18916.96	-12953.81	6894.37
Fixation L	1	27	3177541509	3177757456	215947	841.04	766.49	18	31	-1	10.81	10.81
Fixation R	1	27	3177541509	3177757456	215947	841.04	766.49	18	31	-1	10.08	10.08
Saccade L	1	23	3177757456	3177809453	51997	847.44	766.64	741.18	794.35	2.54	143.27	0.31	48.78	5818.76	-4926.36	2901.02
Saccade R	1	24	3177757456	3177809453	51997	847.44	766.64	741.18	794.35	2.54	143.27	0.31	48.78	5818.76	-4926.36	2901.02
Fixation L	1	28	3177809453	3178081442	271989	424.62	459.47	771	810	-1	10.62	10.33
Fixation R	1	28	3177809453	3177925422	115969	743.67	804.59	19	16	-1	9.97	9.97
Saccade L	1	24	3178273454	3178333425	59971	770.05	765.34	850.89	562.83	5.25	217.19	0.27	87.51	10173.29	-7047.57	4864.06
Saccade R	1	25	3178273454	3178333425	59971	770.05	765.34	850.89	562.83	5.25	217.19	0.27	87.51	10173.29	-7047.57	4864.06
Fixation L	1	29	3178333425	3178413299	79874	852.98	534.45	13	42	-1	10.53	10.53
Fixation R	1	29	3178333425	3178413299	79874	852.98	534.45	13	42	-1	10.05	10.05
Saccade L	1	25	3178413299	3178493332	80033	843.30	531.55	874.40	771.80	5.41	224.97	0.45	67.58	10289.24	-7324.48	3779.02
Saccade R	1	26	3178413299	3178493332	80033	843.30	531.55	874.40	771.80	5.41	224.97	0.45	67.58	10289.24	-7324.48	3779.02
Fixation L	1	30	3178493332	3178641327	147995	864.69	747.06	22	43	-1	10.90	10.90
Fixation R	1	30	3178493332	3178641327	147995	864.69	747.06	22	43	-1	10.19	10.19
Saccade L	1	26	3178641327	3178725303	83976	852.68	733.14	1092.18	349.76	11.20	345.98	0.33	133.32	16149.46	-14714.71	6134.94
Saccade R	1	27	3178641327	3178725303	83976	852.68	733.14	1092.18	349.76	11.20	345.98	0.33	133.32	16149.46	-14714.71	6134.94
Fixation L	1	31	3178725303	3178997311	272008	1086.61	364.96	28	25	-1	10.77	10.77
Fixation R	1	31	3178725303	3178997311	272008	1086.61	364.96	28	25	-1	10.45	10.45
Saccade L	1	27	3178997311	3179037306	39995	1099.47	371.86	986.11	361.90	2.71	199.16	0.60	67.68	8146.95	-8543.00	4944.87
Saccade R	1	28	3178997311	3179037306	39995	1099.47	371.86	986.11	361.90	2.71	199.16	0.60	67.68	8146.95	-8543.00	4944.87
Fixation L	1	32	3179037306	3179273319	236013	977.82	370.97	14	24	-1	10.95	10.95
Fixation R	1	32	3179037306	3179273319	236013	977.82	370.97	14	24	-1	10.58	10.58
Fixation L	1	33	3179353248	3179453303	100055	870.93	786.11	15	29	-1	11.09	11.09
Fixation R	1	33	3179353248	3179453303	100055	870.93	786.11	15	29	-1	10.38	10.38
Saccade L	1	28	3179453303	3179481404	28101	873.57	766.17	848.02	746.83	0.71	44.35	0.57	25.42	1794.84	-1653.92	1250.88
Saccade R	1	29	3179453303	3179481404	28101	873.57	766.17	848.02	746.83	0.71	44.35	0.57	25.42	1794.84	-1653.92	1250.88
Fixation L	1	34	3179481404	3179905183	423779	833.38	714.14	28	63	-1	11.25	11.25
Fixation R	1	34	3179481404	3179905183	423779	833.38	714.14	28	63	-1	10.40	10.40
Saccade L	1	29	3179905183	3179961211	56028	834.18	697.51	799.21	793.93	2.27	113.30	0.29	40.50	5035.28	-4240.01	2435.25
Saccade R	1	30	3179905183	3179961211	56028	834.18	697.51	799.21	793.93	2.27	113.30	0.29	40.50	5035.28	-4240.01	2435.25
Fixation L	1	35	3179961211	3180093190	131979	802.51	788.55	5	15	-1	10.94	10.94
Fixation R	1	35	3179961211	3180093190	131979	802.51	788.55	5	15	-1	10.14	10.14
Saccade L	1	30	3180093190	3180153236	60046	803.18	781.87	800.01	369.30	9.00	381.94	0.33	149.90	18154.72	-10457.56	8628.72
Saccade R	1	31	3180093190	3180153236	60046	803.18	781.87	800.01	369.30	9.00	381.94	0.33	149.90	18154.72	-10457.56	8628.72
Fixation L	1	36	3180153236	3180313204	159968	803.51	377.84	21	25	-1	10.82	10.82
Fixation R	1	36	3180153236	3180313204	159968	803.51	377.84	21	25	-1	10.12	10.12
Saccade L	1	31	3180313204	3180373191	59987	795.50	386.16	956.30	356.69	3.64	180.57	0.27	60.69	8523.89	-7763.95	3945.22
Saccade R	1	32	3180313204	3180373191	59987	795.50	386.16	956.30	356.69	3.64	180.57	0.27	60.69	8523.89	-7763.95	3945.22
Fixation L	1	37	3180373191	3180545222	172031	957.79	362.31	16	22	-1	10.67	10.67
Fixation R	1	37	3180373191	3180545222	172031	957.79	362.31	16	22	-1	10.18	10.18
Saccade L	1	32	3180545222	3180569199	23977	945.21	360.33	1050.64	360.74	2.07	192.75	0.50	86.45	7740.77	-7628.25	5697.50
Saccade R	1	33	3180545222	3180569199	23977	945.21	360.33	1050.64	360.74	2.07	192.75	0.50	86.45	7740.77	-7628.25	5697.50
Fixation L	1	38	3180569199	3181005204	436005	1078.22	348.85	54	48	-1	10.73	10.73
Fixation R	1	38	3180569199	3181005204	436005	1078.22	348.85	54	48	-1	10.34	10.34
Saccade L	1	33	3181005204	3181029197	23993	1082.47	351.94	1166.53	351.40	1.52	133.52	0.50	63.44	5513.02	-5535.84	4121.40
Saccade R	1	34	3181005204	3181029197	23993	1082.47	351.94	1166.53	351.40	1.52	133.52	0.50	63.44	5513.02	-5535.84	4121.40
Fixation L	1	39	3181029197	3181301075	271878	1194.64	348.82	63	28	-1	10.64	10.64
Fixation R	1	39	3181029197	3181301075	271878	1194.64	348.82	63	28	-1	10.20	10.20
Saccade L	1	34	3181301075	3181385086	84011	1199.72	342.33	875.47	793.95	12.60	415.24	0.24	150.04	19833.78	-10095.29	7557.72
Saccade R	1	35	3181301075	3181385086	84011	1199.72	342.33	875.47	793.95	12.60	415.24	0.24	150.04	19833.78	-10095.29	7557.72
Fixation L	1	40	3181385086	3181681084	295998	894.84	802.55	33	15	-1	11.19	11.19
Fixation R	1	40	3181385086	3181681084	295998	894.84	802.55	33	15	-1	10.44	10.44
Saccade L	1	35	3181681084	3181765074	83990	878.66	801.73	1155.41	362.07	11.82	473.10	0.38	140.76	22132.07	-13228.29	8378.24
Saccade R	1	36	3181681084	3181765074	83990	878.66	801.73	1155.41	362.07	11.82	473.10	0.38	140.76	22132.07	-13228.29	8378.24
Fixation L	1	41	3181765074	3182241093	476019	1160.13	353.76	26	27	-1	10.55	10.55
Fixation R	1	41	3181765074	3182241093	476019	1160.13	353.76	26	27	-1	10.16	10.16
Saccade L	1	36	3182241093	3182289092	47999	1148.19	339.70	1093.65	324.07	1.22	64.71	0.25	25.52	2973.36	-2310.47	1429.98
Saccade R	1	37	3182241093	3182289092	47999	1148.19	339.70	1093.65	324.07	1.22	64.71	0.25	25.52	2973.36	-2310.47	1429.98
Fixation L	1	42	3182289092	3182628988	339896	1097.26	327.38	19	48	-1	10.62	10.62
Fixation R	1	42	3182289092	3182628988	339896	1097.26	327.38	19	48	-1	10.11	10.11
Saccade L	1	37	3182628988	3182668991	40003	1095.90	348.56	1226.54	346.42	3.01	221.15	0.40	75.13	10270.31	-9952.18	6103.32
Saccade R	1	38	3182628988	3182668991	40003	1095.90	348.56	1226.54	346.42	3.01	221.15	0.40	75.13	10270.31	-9952.18	6103.32
Fixation L	1	43	3182668991	3182972960	303969	1242.69	329.92	26	33	-1	10.84	10.84
Fixation R	1	43	3182668991	3182972960	303969	1242.69	329.92	26	33	-1	10.11	10.11
Saccade L	1	38	3182972960	3183016979	44019	1234.88	343.95	1286.45	355.00	1.15	67.21	0.27	26.22	3150.39	-2488.10	1608.35
Saccade R	1	39	3182972960	3183016979	44019	1234.88	343.95	1286.45	355.00	1.15	67.21	0.27	26.22	3150.39	-2488.10	1608.35
Fixation L	1	44	3183016979	3183252959	235980	1275.70	354.14	20	14	-1	10.78	10.78
Fixation R	1	44	3183016979	3183252959	235980	1275.70	354.14	20	14	-1	10.06	10.06
Fixation L	1	45	3183356967	3183648967	292000	926.07	778.01	36	31	-1	10.91	10.91
Fixation R	1	45	3183356967	3183648967	292000	926.07	778.01	36	31	-1	10.04	10.04
Saccade L	1	39	3183648967	3183700968	52001	926.99	790.18	715.72	792.96	4.61	243.79	0.31	88.61	11479.61	-8768.16	5875.21
Saccade R	1	40	3183648967	3183700968	52001	926.99	790.18	715.72	792.96	4.61	243.79	0.31	88.61	11479.61	-8768.16	5875.21
Fixation L	1	46	3183700968	3183820981	120013	708.63	799.95	11	12	-1	10.59	10.59
Fixation R	1	46	3183700968	3183820981	120013	708.63	799.95	11	12	-1	9.89	9.89
Saccade L	1	40	3183820981	3183888996	68015	709.41	793.38	864.52	885.29	4.86	245.89	0.24	71.42	11069.09	-9461.09	4318.84
Saccade R	1	41	3183820981	3183888996	68015	709.41	793.38	864.52	885.29	4.86	245.89	0.24	71.42	11069.09	-9461.09	4318.84
Fixation L	1	47	3183888996	3184132849	243853	864.61	885.81	12	15	-1	10.65	10.65
Fixation R	1	47	3183888996	3184132849	243853	864.61	885.81	12	15	-1	9.83	9.83
Saccade L	1	41	3184132849	3184252848	119999	857.60	880.61	910.51	818.39	11.63	301.27	0.30	96.89	12659.13	-11039.04	4730.85
Saccade R	1	42	3184132849	3184252848	119999	857.60	880.61	910.51	818.39	11.63	301.27	0.30	96.89	12659.13	-11039.04	4730.85
Fixation L	1	48	3184252848	3184400866	148018	332.93	290.29	1148	1124	-1	8.27	8.27
Saccade L	1	42	3184536901	3184612867	75966	707.86	692.26	632.21	745.45	2.54	98.83	0.21	33.40	4074.06	-3428.18	1582.34
Saccade R	1	43	3184536901	3184612867	75966	707.86	692.26	632.21	745.45	2.54	98.83	0.21	33.40	4074.06	-3428.18	1582.34
Saccade L	1	43	3184652863	3184688848	35985	637.77	769.17	639.34	823.90	1.37	99.18	0.78	38.12	4080.56	-4001.12	2093.89
Saccade R	1	44	3184652863	3184688848	35985	637.77	769.17	639.34	823.90	1.37	99.18	0.78	38.12	4080.56	-4001.12	2093.89
Fixation L	1	49	3184688848	3184796851	108003	652.07	832.18	21	32	-1	10.79	10.79
Fixation R	1	48	3184688848	3184796851	108003	652.07	832.18	21	32	-1	9.98	9.98
Fixation L	1	50	3184856948	3185251190	394242	0.00	0.00	0	0	-1	1.87	1.87
Saccade L	1	44	3186489188	3186669665	180477	0.00	0.00	849.64	731.03	167.07	2156.37	0.94	925.71	89991.67	-89252.34	67661.89
Fixation L	1	51	3186669665	3186769622	99957	827.97	712.97	173	32	-1	12.00	12.00
Fixation R	1	49	3186669665	3186769622	99957	827.97	712.97	173	32	-1	11.69	11.69
