[BeGaze]
Converted from:	D:\Kirillov\Results\ermolova_temp\Nikol-eye_data.idf
Date:	17.04.2019 03:54:32
Version:	BeGaze 3.0.181
Sample Rate:	250
Subject:	Nikol
Description:	Run39

Table Header for Fixations:
Event Type	Trial	Number	Start	End	Duration	Location X	Location Y	Dispersion X	Dispersion Y	Plane	Avg. Pupil Size X	Avg. Pupil Size Y

Table Header for Saccades:
Event Type	Trial	Number	Start	End	Duration	Start Loc.X	Start Loc.Y	End Loc.X	End Loc.Y	Amplitude	Peak Speed	Peak Speed At	Average Speed	Peak Accel.	Peak Decel.	Average Accel.

Table Header for User Events:
Event Type	Trial	Number	Start	Description

UserEvent	1	1	8691038223	# Message: Questionnaire22.jpg
Fixation L	1	1	8691040790	8691364782	323992	735.80	445.77	38	23	-1	12.45	12.45
Fixation R	1	1	8691040790	8691364782	323992	735.80	445.77	38	23	-1	14.02	14.02
Saccade L	1	1	8691364782	8691452800	88018	745.73	440.31	347.04	296.85	10.57	440.78	0.23	120.09	21819.06	-16190.85	7214.96
Saccade R	1	1	8691364782	8691452800	88018	745.73	440.31	347.04	296.85	10.57	440.78	0.23	120.09	21819.06	-16190.85	7214.96
Fixation L	1	2	8691452800	8691660834	208034	347.61	297.71	11	14	-1	12.91	12.91
Fixation R	1	2	8691452800	8691660834	208034	347.61	297.71	11	14	-1	14.25	14.25
Saccade L	1	2	8691660834	8691684708	23874	344.34	306.02	361.49	274.57	0.71	55.22	0.50	29.86	2277.01	-1900.27	1532.90
Saccade R	1	2	8691660834	8691684708	23874	344.34	306.02	361.49	274.57	0.71	55.22	0.50	29.86	2277.01	-1900.27	1532.90
Fixation L	1	3	8691684708	8692048690	363982	375.78	273.09	20	24	-1	12.99	12.99
Fixation R	1	3	8691684708	8692048690	363982	375.78	273.09	20	24	-1	14.66	14.66
Saccade L	1	3	8692048690	8692072652	23962	378.23	281.39	430.35	273.36	1.03	84.16	0.67	43.11	3914.23	-3833.75	2732.13
Saccade R	1	3	8692048690	8692072652	23962	378.23	281.39	430.35	273.36	1.03	84.16	0.67	43.11	3914.23	-3833.75	2732.13
Fixation L	1	4	8692072652	8692380689	308037	427.62	270.73	17	14	-1	12.90	12.90
Fixation R	1	4	8692072652	8692380689	308037	427.62	270.73	17	14	-1	14.76	14.76
Saccade L	1	4	8692380689	8692420705	40016	432.00	266.35	338.83	274.24	2.87	200.60	0.30	71.79	8877.39	-7402.13	4757.52
Saccade R	1	4	8692380689	8692420705	40016	432.00	266.35	338.83	274.24	2.87	200.60	0.30	71.79	8877.39	-7402.13	4757.52
Fixation L	1	5	8692420705	8693036721	616016	355.22	289.10	46	36	-1	12.72	12.72
Fixation R	1	5	8692420705	8693036721	616016	355.22	289.10	46	36	-1	14.47	14.47
UserEvent	1	2	8692602572	# Message: UE-mouseclick left x=374 y=302
Saccade L	1	5	8693036721	8693064705	27984	362.99	289.09	358.82	378.68	1.69	133.66	0.57	60.32	5913.15	-4682.73	3785.77
Saccade R	1	5	8693036721	8693064705	27984	362.99	289.09	358.82	378.68	1.69	133.66	0.57	60.32	5913.15	-4682.73	3785.77
Fixation L	1	6	8693064705	8693308604	243899	364.38	360.74	10	27	-1	12.86	12.86
Fixation R	1	6	8693064705	8693308604	243899	364.38	360.74	10	27	-1	14.63	14.63
Saccade L	1	6	8693308604	8693336585	27981	362.34	356.26	372.78	308.16	1.10	92.87	0.57	39.19	4068.57	-3675.69	2789.53
Saccade R	1	6	8693308604	8693336585	27981	362.34	356.26	372.78	308.16	1.10	92.87	0.57	39.19	4068.57	-3675.69	2789.53
Fixation L	1	7	8693336585	8693620610	284025	387.60	282.99	19	38	-1	12.96	12.96
Fixation R	1	7	8693336585	8693620610	284025	387.60	282.99	19	38	-1	14.84	14.84
Saccade L	1	7	8693620610	8693656610	36000	387.78	271.96	376.07	221.21	1.12	64.94	0.44	31.16	2886.87	-2776.93	2023.08
Saccade R	1	7	8693620610	8693656610	36000	387.78	271.96	376.07	221.21	1.12	64.94	0.44	31.16	2886.87	-2776.93	2023.08
Fixation L	1	8	8693656610	8694196516	539906	381.70	208.97	33	35	-1	12.72	12.72
Fixation R	1	8	8693656610	8694196516	539906	381.70	208.97	33	35	-1	14.56	14.56
UserEvent	1	3	8694002595	# Message: UE-mouseclick left x=379 y=388
