[BeGaze]
Converted from:	D:\Kirillov\Results\ermolova_temp\Vita-eye_data.idf
Date:	17.04.2019 03:54:24
Version:	BeGaze 3.0.181
Sample Rate:	250
Subject:	Vita
Description:	Run38

Table Header for Fixations:
Event Type	Trial	Number	Start	End	Duration	Location X	Location Y	Dispersion X	Dispersion Y	Plane	Avg. Pupil Size X	Avg. Pupil Size Y

Table Header for Saccades:
Event Type	Trial	Number	Start	End	Duration	Start Loc.X	Start Loc.Y	End Loc.X	End Loc.Y	Amplitude	Peak Speed	Peak Speed At	Average Speed	Peak Accel.	Peak Decel.	Average Accel.

Table Header for User Events:
Event Type	Trial	Number	Start	Description

UserEvent	1	1	6521237380	# Message: experiment-19.jpg
Fixation L	1	1	6521238983	6521438962	199979	370.39	288.64	11	19	-1	14.85	14.85
Fixation R	1	1	6521238983	6521438962	199979	370.39	288.64	11	19	-1	14.89	14.89
Saccade L	1	1	6521438962	6521491051	52089	369.43	288.00	897.40	527.55	12.62	511.76	0.38	242.19	24701.43	-18914.78	14971.81
Saccade R	1	1	6521438962	6521491051	52089	369.43	288.00	897.40	527.55	12.62	511.76	0.38	242.19	24701.43	-18914.78	14971.81
Fixation L	1	2	6521491051	6521726839	235788	904.12	533.92	18	18	-1	14.62	14.62
Fixation R	1	2	6521491051	6521726839	235788	904.12	533.92	18	18	-1	15.24	15.24
Saccade L	1	2	6521726839	6521790879	64040	913.32	526.54	286.39	402.30	14.27	435.15	0.31	222.86	20597.29	-17439.92	11111.32
Saccade R	1	2	6521726839	6521790879	64040	913.32	526.54	286.39	402.30	14.27	435.15	0.31	222.86	20597.29	-17439.92	11111.32
Fixation L	1	3	6521790879	6521982865	191986	308.24	405.48	33	22	-1	13.69	13.69
Fixation R	1	3	6521790879	6521982865	191986	308.24	405.48	33	22	-1	13.82	13.82
Saccade L	1	3	6521982865	6522018850	35985	304.64	408.86	468.83	386.54	3.49	255.22	0.33	96.92	11151.28	-10541.48	6934.91
Saccade R	1	3	6521982865	6522018850	35985	304.64	408.86	468.83	386.54	3.49	255.22	0.33	96.92	11151.28	-10541.48	6934.91
Fixation L	1	4	6522018850	6522126844	107994	472.33	371.53	19	23	-1	13.33	13.33
Fixation R	1	4	6522018850	6522126844	107994	472.33	371.53	19	23	-1	13.49	13.49
Saccade L	1	4	6522126844	6522150856	24012	461.35	369.19	368.80	372.15	1.82	150.24	0.50	75.85	6965.37	-6613.04	4998.63
Saccade R	1	4	6522126844	6522150856	24012	461.35	369.19	368.80	372.15	1.82	150.24	0.50	75.85	6965.37	-6613.04	4998.63
Fixation L	1	5	6522150856	6522366857	216001	361.29	371.98	22	17	-1	13.51	13.51
Fixation R	1	5	6522150856	6522366857	216001	361.29	371.98	22	17	-1	13.54	13.54
Saccade L	1	5	6522366857	6522394863	28006	362.01	368.62	311.33	373.06	1.13	81.25	0.57	40.34	3779.80	-3251.99	2575.61
Saccade R	1	5	6522366857	6522394863	28006	362.01	368.62	311.33	373.06	1.13	81.25	0.57	40.34	3779.80	-3251.99	2575.61
Fixation L	1	6	6522394863	6522662866	268003	304.03	388.84	20	42	-1	14.14	14.14
Fixation R	1	6	6522394863	6522662866	268003	304.03	388.84	20	42	-1	14.25	14.25
Saccade L	1	6	6522662866	6522690800	27934	308.73	408.19	312.22	368.59	0.85	44.74	0.57	30.25	1632.77	-1975.12	1341.17
Saccade R	1	6	6522662866	6522690800	27934	308.73	408.19	312.22	368.59	0.85	44.74	0.57	30.25	1632.77	-1975.12	1341.17
Saccade L	1	7	6522714873	6522742860	27987	314.56	368.88	319.24	401.71	0.77	43.17	0.57	27.62	1828.62	-1158.78	1119.57
Saccade R	1	7	6522714873	6522742860	27987	314.56	368.88	319.24	401.71	0.77	43.17	0.57	27.62	1828.62	-1158.78	1119.57
Fixation L	1	7	6522742860	6523114757	371897	325.44	423.75	18	36	-1	14.57	14.57
Fixation R	1	7	6522742860	6523114757	371897	325.44	423.75	18	36	-1	14.81	14.81
Saccade L	1	8	6523114757	6523158739	43982	325.71	430.20	202.02	501.22	3.60	213.42	0.36	81.86	9383.28	-7710.32	5129.79
Saccade R	1	8	6523114757	6523158739	43982	325.71	430.20	202.02	501.22	3.60	213.42	0.36	81.86	9383.28	-7710.32	5129.79
Fixation L	1	8	6523158739	6523486766	328027	204.64	508.90	33	22	-1	14.93	14.93
Fixation R	1	8	6523158739	6523486766	328027	204.64	508.90	33	22	-1	14.91	14.91
Saccade L	1	9	6523486766	6523510765	23999	198.04	500.47	256.80	503.46	1.24	109.02	0.67	51.75	5133.73	-4403.78	3352.24
Saccade R	1	9	6523486766	6523510765	23999	198.04	500.47	256.80	503.46	1.24	109.02	0.67	51.75	5133.73	-4403.78	3352.24
Fixation L	1	9	6523510765	6524030783	520018	261.40	503.41	35	19	-1	14.67	14.67
Fixation R	1	9	6523510765	6524030783	520018	261.40	503.41	35	19	-1	14.60	14.60
Fixation L	1	10	6524090767	6524182840	92073	0.00	0.00	0	0	-1	13.06	13.06
Fixation L	1	11	6524274771	6524366660	91889	435.73	482.79	17	13	-1	14.39	14.39
Fixation R	1	10	6524274771	6524366660	91889	435.73	482.79	17	13	-1	14.22	14.22
Saccade L	1	10	6524366660	6524406734	40074	442.47	472.49	276.75	418.51	4.21	296.44	0.40	105.11	12777.66	-12135.66	7809.56
Saccade R	1	10	6524366660	6524406734	40074	442.47	472.49	276.75	418.51	4.21	296.44	0.40	105.11	12777.66	-12135.66	7809.56
Fixation L	1	12	6524406734	6524642664	235930	267.14	416.38	19	14	-1	13.81	13.81
Fixation R	1	11	6524406734	6524642664	235930	267.14	416.38	19	14	-1	13.46	13.46
Saccade L	1	11	6524642664	6524666681	24017	274.48	419.86	227.18	487.73	1.84	158.08	0.50	76.64	6678.44	-6612.79	4900.43
Saccade R	1	11	6524642664	6524666681	24017	274.48	419.86	227.18	487.73	1.84	158.08	0.50	76.64	6678.44	-6612.79	4900.43
Fixation L	1	13	6524666681	6524910669	243988	229.94	495.24	19	13	-1	13.21	13.21
Fixation R	1	12	6524666681	6524910669	243988	229.94	495.24	19	13	-1	13.06	13.06
Saccade L	1	12	6524910669	6524974665	63996	233.29	491.69	1095.71	541.43	18.95	519.88	0.31	296.17	24490.01	-20316.37	13868.47
Saccade R	1	12	6524910669	6524974665	63996	233.29	491.69	1095.71	541.43	18.95	519.88	0.31	296.17	24490.01	-20316.37	13868.47
Fixation L	1	14	6524974665	6525226697	252032	1111.64	531.85	25	21	-1	12.98	12.98
Fixation R	1	13	6524974665	6525226697	252032	1111.64	531.85	25	21	-1	13.09	13.09
Saccade L	1	13	6525226697	6525250667	23970	1114.57	526.00	1219.63	540.26	2.09	180.23	0.67	87.33	8562.58	-7444.41	5563.65
Saccade R	1	13	6525226697	6525250667	23970	1114.57	526.00	1219.63	540.26	2.09	180.23	0.67	87.33	8562.58	-7444.41	5563.65
Fixation L	1	15	6525250667	6525506696	256029	1202.45	554.48	35	30	-1	12.48	12.48
Fixation R	1	14	6525250667	6525506696	256029	1202.45	554.48	35	30	-1	12.46	12.46
Saccade L	1	14	6525506696	6525574681	67985	1210.48	571.26	442.47	377.06	17.44	430.43	0.29	256.47	20986.21	-12399.14	10563.29
Saccade R	1	14	6525506696	6525574681	67985	1210.48	571.26	442.47	377.06	17.44	430.43	0.29	256.47	20986.21	-12399.14	10563.29
Fixation L	1	16	6525574681	6525742562	167881	425.99	380.82	25	33	-1	12.75	12.75
Fixation R	1	15	6525574681	6525742562	167881	425.99	380.82	25	33	-1	12.37	12.37
Saccade L	1	15	6525742562	6525774554	31992	424.12	401.56	259.04	421.59	3.53	251.15	0.38	110.19	11974.24	-12054.69	8480.88
Saccade R	1	15	6525742562	6525774554	31992	424.12	401.56	259.04	421.59	3.53	251.15	0.38	110.19	11974.24	-12054.69	8480.88
Fixation L	1	17	6525774554	6526022573	248019	254.14	436.99	18	26	-1	13.25	13.25
Fixation R	1	16	6525774554	6526022573	248019	254.14	436.99	18	26	-1	12.82	12.82
Saccade L	1	16	6526022573	6526046555	23982	247.43	450.15	221.33	482.83	0.91	69.27	0.50	38.14	3121.74	-2362.17	2000.90
Saccade R	1	16	6526022573	6526046555	23982	247.43	450.15	221.33	482.83	0.91	69.27	0.50	38.14	3121.74	-2362.17	2000.90
Fixation L	1	18	6526046555	6526218591	172036	208.29	493.00	21	28	-1	14.13	14.13
Fixation R	1	17	6526046555	6526218591	172036	208.29	493.00	21	28	-1	13.84	13.84
Saccade L	1	17	6526218591	6526250590	31999	212.66	508.09	292.64	490.56	2.03	147.91	0.37	63.44	7027.16	-6307.67	4450.56
Saccade R	1	17	6526218591	6526250590	31999	212.66	508.09	292.64	490.56	2.03	147.91	0.37	63.44	7027.16	-6307.67	4450.56
Fixation L	1	19	6526250590	6526430589	179999	303.60	483.16	17	22	-1	14.56	14.56
Fixation R	1	18	6526250590	6526430589	179999	303.60	483.16	17	22	-1	14.08	14.08
Saccade L	1	18	6526430589	6526454572	23983	297.18	498.86	311.20	421.72	1.60	143.10	0.50	66.91	6096.73	-5877.06	4349.28
Saccade R	1	18	6526430589	6526454572	23983	297.18	498.86	311.20	421.72	1.60	143.10	0.50	66.91	6096.73	-5877.06	4349.28
Fixation L	1	20	6526454572	6526646530	191958	317.72	422.92	16	12	-1	14.22	14.22
Fixation R	1	19	6526454572	6526646530	191958	317.72	422.92	16	12	-1	13.85	13.85
Saccade L	1	19	6526646530	6526714571	68041	318.42	431.97	1166.11	473.67	18.69	479.88	0.29	274.64	21998.89	-14975.82	11409.36
Saccade R	1	19	6526646530	6526714571	68041	318.42	431.97	1166.11	473.67	18.69	479.88	0.29	274.64	21998.89	-14975.82	11409.36
Fixation L	1	21	6526714571	6526986578	272007	1153.75	480.63	27	19	-1	13.79	13.79
Fixation R	1	20	6526714571	6526986578	272007	1153.75	480.63	27	19	-1	13.74	13.74
Saccade L	1	20	6526986578	6527014585	28007	1149.90	470.89	1207.34	470.92	1.56	126.92	0.43	55.73	5296.53	-5081.46	3576.95
Saccade R	1	20	6526986578	6527014585	28007	1149.90	470.89	1207.34	470.92	1.56	126.92	0.43	55.73	5296.53	-5081.46	3576.95
Fixation L	1	22	6527014585	6527218480	203895	1229.41	467.77	36	9	-1	13.26	13.26
Fixation R	1	21	6527014585	6527218480	203895	1229.41	467.77	36	9	-1	13.06	13.06
Saccade L	1	21	6527218480	6527246467	27987	1230.82	467.86	1253.69	576.19	2.42	179.34	0.57	86.34	8506.94	-8361.42	6156.97
Saccade R	1	21	6527218480	6527246467	27987	1230.82	467.86	1253.69	576.19	2.42	179.34	0.57	86.34	8506.94	-8361.42	6156.97
Fixation L	1	23	6527246467	6527622492	376025	1245.73	582.73	36	22	-1	12.91	12.91
Fixation R	1	22	6527246467	6527622492	376025	1245.73	582.73	36	22	-1	12.78	12.78
Saccade L	1	22	6527622492	6527642467	19975	1232.76	581.77	1200.51	577.15	0.71	66.22	0.60	35.78	2987.56	-2499.11	1924.24
Saccade R	1	22	6527622492	6527642467	19975	1232.76	581.77	1200.51	577.15	0.71	66.22	0.60	35.78	2987.56	-2499.11	1924.24
Fixation L	1	24	6527642467	6527894491	252024	1192.66	564.24	14	23	-1	12.99	12.99
Fixation R	1	23	6527642467	6527894491	252024	1192.66	564.24	14	23	-1	12.89	12.89
Saccade L	1	23	6527894491	6527918502	24011	1198.58	560.94	1097.82	563.23	1.94	159.30	0.50	80.89	6927.63	-6598.15	5061.34
Saccade R	1	23	6527894491	6527918502	24011	1198.58	560.94	1097.82	563.23	1.94	159.30	0.50	80.89	6927.63	-6598.15	5061.34
Fixation L	1	25	6527918502	6528410490	491988	1108.64	566.66	47	32	-1	13.04	13.04
Fixation R	1	24	6527918502	6528410490	491988	1108.64	566.66	47	32	-1	12.93	12.93
Saccade L	1	24	6528410490	6528438486	27996	1127.12	570.44	1021.73	573.24	2.17	170.46	0.43	77.68	8025.34	-8067.58	5944.98
Saccade R	1	24	6528410490	6528438486	27996	1127.12	570.44	1021.73	573.24	2.17	170.46	0.43	77.68	8025.34	-8067.58	5944.98
Fixation L	1	26	6528438486	6528578391	139905	1028.57	574.69	17	8	-1	13.43	13.43
Fixation R	1	25	6528438486	6528578391	139905	1028.57	574.69	17	8	-1	13.18	13.18
Saccade L	1	25	6528578391	6528602362	23971	1025.00	580.09	931.92	578.99	1.96	172.65	0.50	81.74	7437.30	-6458.49	5107.35
Saccade R	1	25	6528578391	6528602362	23971	1025.00	580.09	931.92	578.99	1.96	172.65	0.50	81.74	7437.30	-6458.49	5107.35
Fixation L	1	27	6528602362	6528822419	220057	947.50	574.43	21	33	-1	13.78	13.78
Fixation R	1	26	6528602362	6528822419	220057	947.50	574.43	21	33	-1	13.72	13.72
Saccade L	1	26	6528822419	6528866367	43948	940.51	595.35	1182.31	625.32	5.62	309.71	0.27	127.77	14842.91	-14034.55	8600.05
Saccade R	1	26	6528822419	6528866367	43948	940.51	595.35	1182.31	625.32	5.62	309.71	0.27	127.77	14842.91	-14034.55	8600.05
Fixation L	1	28	6528866367	6529246388	380021	1175.28	641.98	53	28	-1	13.72	13.72
Fixation R	1	27	6528866367	6529246388	380021	1175.28	641.98	53	28	-1	13.69	13.69
Saccade L	1	27	6529246388	6529270378	23990	1169.77	638.70	1122.75	646.14	1.03	77.75	0.50	42.98	3624.42	-3272.63	2547.15
Saccade R	1	27	6529246388	6529270378	23990	1169.77	638.70	1122.75	646.14	1.03	77.75	0.50	42.98	3624.42	-3272.63	2547.15
Fixation L	1	29	6529270378	6529454391	184013	1117.16	650.52	13	26	-1	13.61	13.61
Fixation R	1	28	6529270378	6529454391	184013	1117.16	650.52	13	26	-1	13.58	13.58
Saccade L	1	28	6529454391	6529486421	32030	1116.22	666.94	1023.97	615.93	2.46	168.59	0.37	76.92	7499.84	-7430.50	5243.57
Saccade R	1	28	6529454391	6529486421	32030	1116.22	666.94	1023.97	615.93	2.46	168.59	0.37	76.92	7499.84	-7430.50	5243.57
Fixation L	1	30	6529486421	6529606399	119978	1023.08	606.46	4	17	-1	13.30	13.30
Fixation R	1	29	6529486421	6529606399	119978	1023.08	606.46	4	17	-1	13.44	13.44
Saccade L	1	29	6529606399	6529634384	27985	1022.23	603.82	916.55	597.32	2.23	178.03	0.43	79.82	8423.92	-7881.26	5969.93
Saccade R	1	29	6529606399	6529634384	27985	1022.23	603.82	916.55	597.32	2.23	178.03	0.43	79.82	8423.92	-7881.26	5969.93
Fixation L	1	31	6529634384	6529818419	184035	921.50	575.76	12	33	-1	13.10	13.10
Fixation R	1	30	6529634384	6529818419	184035	921.50	575.76	12	33	-1	13.33	13.33
Saccade L	1	30	6529818419	6529846405	27986	921.99	563.12	1054.85	559.26	2.67	188.81	0.43	95.37	9224.33	-9183.51	6819.23
Saccade R	1	30	6529818419	6529846405	27986	921.99	563.12	1054.85	559.26	2.67	188.81	0.43	95.37	9224.33	-9183.51	6819.23
Fixation L	1	32	6529846405	6530030277	183872	1071.39	565.65	31	24	-1	13.09	13.09
Fixation R	1	31	6529846405	6530030277	183872	1071.39	565.65	31	24	-1	13.11	13.11
Saccade L	1	31	6530030277	6530062300	32023	1086.63	582.73	1200.32	584.30	2.36	179.08	0.50	73.85	7912.66	-7952.84	5769.21
Saccade R	1	31	6530030277	6530062300	32023	1086.63	582.73	1200.32	584.30	2.36	179.08	0.50	73.85	7912.66	-7952.84	5769.21
Fixation L	1	33	6530062300	6530354275	291975	1198.92	578.18	19	14	-1	12.91	12.91
Fixation R	1	32	6530062300	6530354275	291975	1198.92	578.18	19	14	-1	13.00	13.00
Saccade L	1	32	6530354275	6530374312	20037	1205.01	583.15	1208.66	624.23	0.84	67.90	0.60	41.94	2802.91	-2944.89	2063.89
Saccade R	1	32	6530354275	6530374312	20037	1205.01	583.15	1208.66	624.23	0.84	67.90	0.60	41.94	2802.91	-2944.89	2063.89
Fixation L	1	34	6530374312	6530658281	283969	1195.89	634.79	20	28	-1	12.84	12.84
Fixation R	1	33	6530374312	6530658281	283969	1195.89	634.79	20	28	-1	12.81	12.81
Saccade L	1	33	6530658281	6530682280	23999	1193.54	645.28	1231.86	558.04	1.83	148.02	0.50	76.17	6779.93	-6394.60	4913.62
Saccade R	1	33	6530658281	6530682280	23999	1193.54	645.28	1231.86	558.04	1.83	148.02	0.50	76.17	6779.93	-6394.60	4913.62
Fixation L	1	35	6530682280	6531126305	444025	1229.79	561.78	54	27	-1	12.76	12.76
Fixation R	1	34	6530682280	6531126305	444025	1229.79	561.78	54	27	-1	12.84	12.84
Saccade L	1	34	6531126305	6531150309	24004	1257.29	575.54	1203.17	569.65	1.11	80.00	0.50	46.06	3601.10	-3743.83	2793.21
Saccade R	1	34	6531126305	6531150309	24004	1257.29	575.54	1203.17	569.65	1.11	80.00	0.50	46.06	3601.10	-3743.83	2793.21
Fixation L	1	36	6531150309	6531254298	103989	1205.32	574.56	8	16	-1	12.84	12.84
Fixation R	1	35	6531150309	6531254298	103989	1205.32	574.56	8	16	-1	12.67	12.67
Saccade L	1	35	6531254298	6531290294	35996	1205.73	563.50	946.79	573.25	5.53	324.89	0.56	153.61	15074.98	-15048.07	10937.02
Saccade R	1	35	6531254298	6531290294	35996	1205.73	563.50	946.79	573.25	5.53	324.89	0.56	153.61	15074.98	-15048.07	10937.02
Fixation L	1	37	6531290294	6531646185	355891	946.86	567.28	17	40	-1	12.84	12.84
Fixation R	1	36	6531290294	6531646185	355891	946.86	567.28	17	40	-1	12.86	12.86
