[BeGaze]
Converted from:	D:\Kirillov\Results\ermolova_temp\versh-eye_data.idf
Date:	17.04.2019 03:53:50
Version:	BeGaze 3.0.181
Sample Rate:	250
Subject:	versh
Description:	Run31

Table Header for Fixations:
Event Type	Trial	Number	Start	End	Duration	Location X	Location Y	Dispersion X	Dispersion Y	Plane	Avg. Pupil Size X	Avg. Pupil Size Y

Table Header for Saccades:
Event Type	Trial	Number	Start	End	Duration	Start Loc.X	Start Loc.Y	End Loc.X	End Loc.Y	Amplitude	Peak Speed	Peak Speed At	Average Speed	Peak Accel.	Peak Decel.	Average Accel.

Table Header for User Events:
Event Type	Trial	Number	Start	Description

UserEvent	1	1	8227913688	# Message: experiment-21.jpg
Fixation L	1	1	8227915380	8228347272	431892	346.10	691.98	31	37	-1	13.69	13.69
Fixation R	1	1	8227915380	8228347272	431892	346.10	691.98	31	37	-1	13.48	13.48
Saccade L	1	1	8228375277	8228423265	47988	328.15	699.34	2.84	0.00	20.46	1513.62	0.75	426.30	56531.61	-67556.66	30585.87
Fixation L	1	2	8228423265	8228499261	75996	0.58	0.00	2	0	-1	12.69	12.69
Saccade L	1	2	8228499261	8228547265	48004	0.00	0.00	457.02	636.33	22.76	1487.58	0.42	474.08	59537.35	-43298.31	27936.26
Saccade L	1	3	8228547265	8228607263	59998	457.02	636.33	443.83	719.34	8.59	316.34	0.27	143.25	7416.00	-6637.46	4059.17
Saccade R	1	1	8228547265	8228607263	59998	457.02	636.33	443.83	719.34	8.59	316.34	0.27	143.25	7416.00	-6637.46	4059.17
Saccade L	1	4	8228711293	8228743272	31979	439.19	742.81	397.87	748.37	1.07	55.63	0.50	33.47	2118.50	-2400.18	1640.32
Saccade R	1	2	8228711293	8228743272	31979	439.19	742.81	397.87	748.37	1.07	55.63	0.50	33.47	2118.50	-2400.18	1640.32
Fixation L	1	3	8228743272	8229403278	660006	390.62	723.11	42	56	-1	12.65	12.65
Fixation R	1	2	8228743272	8229403278	660006	390.62	723.11	42	56	-1	12.55	12.55
Saccade L	1	5	8229403278	8229439279	36001	376.68	695.42	321.29	698.40	1.26	64.88	0.56	35.09	2721.59	-2608.29	1941.72
Saccade R	1	3	8229403278	8229439279	36001	376.68	695.42	321.29	698.40	1.26	64.88	0.56	35.09	2721.59	-2608.29	1941.72
Fixation L	1	4	8229439279	8229751187	311908	307.11	680.69	25	33	-1	12.11	12.11
Fixation R	1	3	8229439279	8229751187	311908	307.11	680.69	25	33	-1	12.11	12.11
Saccade L	1	6	8229751187	8229799160	47973	313.42	668.40	423.03	811.08	4.02	185.86	0.58	83.81	6791.97	-8133.15	5075.46
Saccade R	1	4	8229751187	8229799160	47973	313.42	668.40	423.03	811.08	4.02	185.86	0.58	83.81	6791.97	-8133.15	5075.46
Fixation L	1	5	8229799160	8230059215	260055	438.11	833.36	29	41	-1	12.36	12.36
Fixation R	1	4	8229799160	8230059215	260055	438.11	833.36	29	41	-1	12.30	12.30
Saccade L	1	7	8230059215	8230099183	39968	451.70	854.35	475.96	782.67	1.56	66.04	0.30	38.93	3150.34	-2164.39	1966.70
Saccade R	1	5	8230059215	8230099183	39968	451.70	854.35	475.96	782.67	1.56	66.04	0.30	38.93	3150.34	-2164.39	1966.70
Fixation L	1	6	8230099183	8230379166	279983	472.33	762.63	25	34	-1	12.06	12.06
Fixation R	1	5	8230099183	8230379166	279983	472.33	762.63	25	34	-1	12.15	12.15
Saccade L	1	8	8230379166	8230431168	52002	482.60	760.30	367.20	837.31	3.16	124.46	0.31	60.77	5546.19	-4033.12	3079.61
Saccade R	1	6	8230379166	8230431168	52002	482.60	760.30	367.20	837.31	3.16	124.46	0.31	60.77	5546.19	-4033.12	3079.61
Fixation L	1	7	8230431168	8230615164	183996	345.56	816.53	37	43	-1	12.00	12.00
Fixation R	1	6	8230431168	8230615164	183996	345.56	816.53	37	43	-1	11.77	11.77
Saccade L	1	9	8230615164	8230647200	32036	327.85	797.69	307.77	859.54	1.37	70.09	0.50	42.89	2759.01	-2528.16	1968.20
Saccade R	1	7	8230615164	8230647200	32036	327.85	797.69	307.77	859.54	1.37	70.09	0.50	42.89	2759.01	-2528.16	1968.20
Fixation L	1	8	8230647200	8230983070	335870	296.81	872.13	31	19	-1	12.14	12.14
Fixation R	1	7	8230647200	8230983070	335870	296.81	872.13	31	19	-1	12.09	12.09
Saccade L	1	10	8230983070	8231031062	47992	309.62	879.67	359.29	645.06	5.42	265.82	0.50	113.04	11127.01	-12019.21	7456.89
Saccade R	1	8	8230983070	8231031062	47992	309.62	879.67	359.29	645.06	5.42	265.82	0.50	113.04	11127.01	-12019.21	7456.89
Fixation L	1	9	8231031062	8231235068	204006	347.40	663.21	38	34	-1	12.11	12.11
Fixation R	1	8	8231031062	8231235068	204006	347.40	663.21	38	34	-1	12.17	12.17
Saccade L	1	11	8231235068	8231255072	20004	351.95	647.44	329.33	647.74	0.78	79.74	0.60	39.16	2640.38	-2182.12	1533.96
Saccade R	1	9	8231235068	8231255072	20004	351.95	647.44	329.33	647.74	0.78	79.74	0.60	39.16	2640.38	-2182.12	1533.96
Fixation R	1	9	8231255072	8231407070	151998	90.76	183.63	413	648	-1	8.85	8.85
Saccade L	1	12	8231275114	8231315099	39985	340.19	643.59	2.45	0.00	15.65	961.53	0.60	391.45	39862.31	-45817.48	28616.40
Fixation L	1	10	8231315099	8231407070	91971	0.43	0.00	2	0	-1	9.27	9.27
Fixation L	1	11	8231543076	8231651097	108021	414.98	593.43	32	43	-1	11.95	11.95
Fixation R	1	10	8231543076	8231651097	108021	414.98	593.43	32	43	-1	11.91	11.91
Saccade L	1	13	8231651097	8231711073	59976	398.02	611.13	346.07	707.66	2.61	92.30	0.53	43.50	2459.53	-2861.01	1747.42
Saccade R	1	10	8231651097	8231711073	59976	398.02	611.13	346.07	707.66	2.61	92.30	0.53	43.50	2459.53	-2861.01	1747.42
Fixation L	1	12	8231711073	8231923065	211992	346.64	708.20	13	34	-1	12.19	12.19
Fixation R	1	11	8231711073	8231923065	211992	346.64	708.20	13	34	-1	12.24	12.24
Saccade L	1	14	8231923065	8231951074	28009	354.34	691.46	299.90	698.67	1.06	60.09	0.57	37.67	2515.59	-2454.10	1899.54
Saccade R	1	11	8231923065	8231951074	28009	354.34	691.46	299.90	698.67	1.06	60.09	0.57	37.67	2515.59	-2454.10	1899.54
Fixation L	1	13	8231951074	8232898962	947888	335.59	675.74	130	62	-1	11.93	11.93
Fixation R	1	12	8231951074	8232898962	947888	335.59	675.74	130	62	-1	11.90	11.90
Saccade L	1	15	8232898962	8232938964	40002	378.09	656.39	334.67	696.28	1.28	47.93	0.30	31.97	1940.06	-993.27	1036.70
Saccade R	1	12	8232898962	8232938964	40002	378.09	656.39	334.67	696.28	1.28	47.93	0.30	31.97	1940.06	-993.27	1036.70
Fixation L	1	14	8232938964	8233134976	196012	323.49	672.44	24	60	-1	11.89	11.89
Fixation R	1	13	8232938964	8233134976	196012	323.49	672.44	24	60	-1	11.74	11.74
Saccade L	1	16	8233134976	8233198957	63981	319.59	645.81	924.04	845.46	14.21	456.21	0.44	222.14	20154.93	-18223.75	11681.81
Saccade R	1	13	8233134976	8233198957	63981	319.59	645.81	924.04	845.46	14.21	456.21	0.44	222.14	20154.93	-18223.75	11681.81
Fixation L	1	15	8233198957	8233338964	140007	921.35	851.63	11	16	-1	11.97	11.97
Fixation R	1	14	8233198957	8233338964	140007	921.35	851.63	11	16	-1	12.44	12.44
Saccade L	1	17	8233338964	8233402993	64029	928.42	841.49	295.95	727.86	14.36	378.46	0.44	224.26	17499.42	-17645.22	10101.21
Saccade R	1	14	8233338964	8233402993	64029	928.42	841.49	295.95	727.86	14.36	378.46	0.44	224.26	17499.42	-17645.22	10101.21
Saccade L	1	18	8233426963	8233450996	24033	282.45	726.77	336.31	744.36	1.10	83.50	0.50	45.94	3628.61	-3450.94	2596.15
Saccade R	1	15	8233426963	8233450996	24033	282.45	726.77	336.31	744.36	1.10	83.50	0.50	45.94	3628.61	-3450.94	2596.15
Fixation L	1	16	8233450996	8233558972	107976	341.12	749.25	15	10	-1	12.36	12.36
Fixation R	1	15	8233450996	8233558972	107976	341.12	749.25	15	10	-1	12.02	12.02
Saccade L	1	19	8233558972	8233594984	36012	335.95	744.21	217.54	704.53	2.73	154.46	0.22	75.91	7197.05	-3054.12	2949.69
Saccade R	1	16	8233558972	8233594984	36012	335.95	744.21	217.54	704.53	2.73	154.46	0.22	75.91	7197.05	-3054.12	2949.69
Saccade L	1	20	8233602990	8233626982	23992	218.11	701.09	211.61	696.06	1.31	83.08	0.67	54.69	3237.56	-17.97	1935.00
Saccade R	1	17	8233602990	8233626982	23992	218.11	701.09	211.61	696.06	1.31	83.08	0.67	54.69	3237.56	-17.97	1935.00
Fixation L	1	17	8233658991	8234194912	535921	327.09	695.69	31	56	-1	12.30	12.30
Fixation R	1	16	8233658991	8234194912	535921	327.09	695.69	31	56	-1	12.10	12.10
Saccade L	1	21	8234194912	8234226909	31997	331.80	685.63	311.73	619.96	1.34	67.38	0.37	41.81	2854.48	-2762.79	2167.18
Saccade R	1	18	8234194912	8234226909	31997	331.80	685.63	311.73	619.96	1.34	67.38	0.37	41.81	2854.48	-2762.79	2167.18
Fixation L	1	18	8234226909	8234374867	147958	309.53	621.25	27	27	-1	12.41	12.41
Fixation R	1	17	8234226909	8234374867	147958	309.53	621.25	27	27	-1	12.28	12.28
Fixation L	1	19	8234606870	8234666859	59989	241.62	627.47	28	38	-1	12.23	12.23
Fixation R	1	18	8234606870	8234666859	59989	241.62	627.47	28	38	-1	12.10	12.10
Saccade L	1	22	8234666859	8234738881	72022	252.16	653.57	1190.62	913.07	21.85	546.58	0.39	303.42	21675.38	-18451.98	12649.30
Saccade R	1	19	8234666859	8234738881	72022	252.16	653.57	1190.62	913.07	21.85	546.58	0.39	303.42	21675.38	-18451.98	12649.30
Fixation L	1	20	8234738881	8234934881	196000	1189.04	913.79	29	21	-1	12.85	12.85
Fixation R	1	19	8234738881	8234934881	196000	1189.04	913.79	29	21	-1	13.51	13.51
Saccade L	1	23	8234934881	8234962861	27980	1172.75	927.15	1258.37	922.29	1.71	124.51	0.57	60.98	5649.19	-5424.60	4086.74
Saccade R	1	20	8234934881	8234962861	27980	1172.75	927.15	1258.37	922.29	1.71	124.51	0.57	60.98	5649.19	-5424.60	4086.74
Fixation L	1	21	8234962861	8235486748	523887	1254.15	933.43	28	41	-1	12.36	12.36
Fixation R	1	20	8234962861	8235486748	523887	1254.15	933.43	28	41	-1	12.81	12.81
Saccade L	1	24	8235486748	8235526739	39991	1257.99	957.24	1115.22	979.78	3.05	173.38	0.50	76.19	7820.23	-7318.09	5068.27
Saccade R	1	21	8235486748	8235526739	39991	1257.99	957.24	1115.22	979.78	3.05	173.38	0.50	76.19	7820.23	-7318.09	5068.27
Fixation L	1	22	8235526739	8235614751	88012	1109.82	980.83	19	4	-1	11.94	11.94
Fixation R	1	21	8235526739	8235614751	88012	1109.82	980.83	19	4	-1	12.75	12.75
Saccade L	1	25	8235614751	8235682769	68018	1122.78	981.28	282.39	754.25	19.21	491.88	0.47	282.39	19652.09	-19011.78	11711.95
Saccade R	1	22	8235614751	8235682769	68018	1122.78	981.28	282.39	754.25	19.21	491.88	0.47	282.39	19652.09	-19011.78	11711.95
Fixation L	1	23	8235682769	8235882789	200020	293.98	751.46	34	14	-1	12.55	12.55
Fixation R	1	22	8235682769	8235882789	200020	293.98	751.46	34	14	-1	12.34	12.34
Saccade L	1	26	8235882789	8235918771	35982	287.12	761.47	236.70	780.72	1.04	41.06	0.22	29.03	1633.57	-1204.24	1059.88
Saccade R	1	23	8235882789	8235918771	35982	287.12	761.47	236.70	780.72	1.04	41.06	0.22	29.03	1633.57	-1204.24	1059.88
Fixation L	1	24	8235918771	8236210782	292011	240.73	788.50	15	19	-1	13.02	13.02
Fixation R	1	23	8235918771	8236210782	292011	240.73	788.50	15	19	-1	12.83	12.83
Saccade L	1	27	8236210782	8236242758	31976	237.78	796.04	342.81	875.02	2.65	170.73	0.50	82.97	7725.46	-7804.89	5740.11
Saccade R	1	24	8236210782	8236242758	31976	237.78	796.04	342.81	875.02	2.65	170.73	0.50	82.97	7725.46	-7804.89	5740.11
Fixation L	1	25	8236242758	8236446776	204018	359.78	884.49	30	16	-1	13.26	13.26
Fixation R	1	24	8236242758	8236446776	204018	359.78	884.49	30	16	-1	13.00	13.00
Saccade L	1	28	8236446776	8236526758	79982	360.21	891.93	1112.59	987.14	16.71	411.49	0.55	208.94	15015.58	-15547.38	8835.38
Saccade R	1	25	8236446776	8236526758	79982	360.21	891.93	1112.59	987.14	16.71	411.49	0.55	208.94	15015.58	-15547.38	8835.38
Fixation L	1	26	8236526758	8236738672	211914	1106.50	975.97	22	17	-1	12.89	12.89
Fixation R	1	25	8236526758	8236738672	211914	1106.50	975.97	22	17	-1	13.51	13.51
Fixation L	1	27	8236866642	8236954644	88002	1053.67	986.42	5	6	-1	12.75	12.75
Fixation R	1	26	8236866642	8236954644	88002	1053.67	986.42	5	6	-1	13.08	13.08
Saccade L	1	29	8236954644	8236982633	27989	1055.46	982.83	987.90	986.07	1.27	72.85	0.43	45.27	3309.04	-3024.97	2394.62
Saccade R	1	26	8236954644	8236982633	27989	1055.46	982.83	987.90	986.07	1.27	72.85	0.43	45.27	3309.04	-3024.97	2394.62
Fixation L	1	28	8236982633	8237062644	80011	982.05	984.65	12	3	-1	12.97	12.97
Fixation R	1	27	8236982633	8237062644	80011	982.05	984.65	12	3	-1	12.85	12.85
