[BeGaze]
Converted from:	D:\Kirillov\Results\ermolova_temp\Vika-eye_data.idf
Date:	17.04.2019 03:53:43
Version:	BeGaze 3.0.181
Sample Rate:	250
Subject:	Vika
Description:	Run30

Table Header for Fixations:
Event Type	Trial	Number	Start	End	Duration	Location X	Location Y	Dispersion X	Dispersion Y	Plane	Avg. Pupil Size X	Avg. Pupil Size Y

Table Header for Saccades:
Event Type	Trial	Number	Start	End	Duration	Start Loc.X	Start Loc.Y	End Loc.X	End Loc.Y	Amplitude	Peak Speed	Peak Speed At	Average Speed	Peak Accel.	Peak Decel.	Average Accel.

Table Header for User Events:
Event Type	Trial	Number	Start	Description

UserEvent	1	1	6167957041	# Message: Questionnaire4.jpg
Fixation L	1	1	6167958269	6168034264	75995	364.95	172.38	54	231	-1	0.00	0.00
Saccade R	1	1	6167958269	6168026265	67996	398.48	253.10	360.95	80.36	6.75	209.83	0.65	99.31	6623.09	-8555.48	3252.13
Saccade R	1	2	6168058264	6168090268	32004	367.02	103.18	392.52	174.12	1.60	78.67	0.37	50.07	2510.98	-2760.33	1750.88
Saccade R	1	3	6168106269	6168126269	20000	387.29	191.64	387.41	221.41	0.64	63.04	0.40	32.02	2556.20	-1724.93	1414.23
Saccade R	1	4	6168126269	6168170283	44014	387.41	221.41	372.85	215.82	1.44	82.75	0.45	32.80	2006.16	-2600.70	1465.37
Saccade R	1	5	6168178275	6168202262	23987	380.23	201.65	396.98	222.80	0.81	62.86	0.67	33.72	2889.56	-1498.43	1606.81
Saccade R	1	6	6168202262	6168222263	20001	396.98	222.80	401.40	283.14	0.49	42.88	0.40	24.70	701.66	-1283.07	534.94
Saccade R	1	7	6168222263	6168274272	52009	401.40	283.14	400.85	170.67	3.46	164.16	0.46	66.55	6503.81	-4615.91	2528.55
Saccade R	1	8	6168274272	6168338272	64000	400.85	170.67	407.07	250.42	3.20	118.98	0.25	49.98	3119.26	-2778.37	1721.45
Saccade R	1	9	6168338272	6168358143	19871	407.07	250.42	415.04	229.39	0.58	51.05	0.40	29.43	4446.63	50.43	1302.30
Saccade R	1	10	6168358143	6168402141	43998	415.04	229.39	406.05	216.80	3.03	187.59	0.28	68.92	6627.63	-5804.53	3357.78
Saccade R	1	11	6168466145	6168490144	23999	338.69	195.06	326.04	160.66	0.66	52.62	0.67	27.35	1705.86	-863.38	819.44
Saccade L	1	1	6168562190	6168598188	35998	282.21	27.30	366.92	259.31	4.06	251.83	0.22	112.82	6763.24	-4976.79	2794.77
Saccade R	1	12	6168562190	6168598188	35998	282.21	27.30	366.92	259.31	4.06	251.83	0.22	112.82	6763.24	-4976.79	2794.77
Saccade R	1	13	6168734195	6168754208	20013	378.32	275.68	379.92	244.77	0.53	51.91	0.40	26.32	974.62	-971.18	695.79
Saccade L	1	2	6168774208	6168818174	43966	390.71	285.91	402.95	294.71	1.23	65.47	0.36	28.00	1119.50	-1127.78	415.15
Saccade R	1	14	6168774208	6168818174	43966	390.71	285.91	402.95	294.71	1.23	65.47	0.36	28.00	1119.50	-1127.78	415.15
Saccade L	1	3	6168882164	6168902165	20001	409.77	296.25	423.67	348.83	0.82	80.12	0.40	41.01	1214.28	-3005.60	1598.58
Saccade R	1	15	6168882164	6168902165	20001	409.77	296.25	423.67	348.83	0.82	80.12	0.40	41.01	1214.28	-3005.60	1598.58
Fixation L	1	2	6168902165	6168978177	76012	422.40	362.38	11	45	-1	8.01	8.01
Fixation R	1	1	6168902165	6168978177	76012	422.40	362.38	11	45	-1	12.04	12.04
Saccade L	1	4	6168978177	6169030168	51991	422.21	363.30	424.50	296.11	2.18	103.35	0.54	41.94	3462.05	-3193.12	1919.61
Saccade R	1	16	6168978177	6169030168	51991	422.21	363.30	424.50	296.11	2.18	103.35	0.54	41.94	3462.05	-3193.12	1919.61
Saccade L	1	5	6169070184	6169138173	67989	414.61	271.23	378.21	281.56	3.78	139.51	0.65	55.55	4835.08	-4849.26	2187.83
Saccade R	1	17	6169070184	6169138173	67989	414.61	271.23	378.21	281.56	3.78	139.51	0.65	55.55	4835.08	-4849.26	2187.83
Saccade L	1	6	6169198186	6169230159	31973	421.62	382.87	412.53	309.19	1.31	94.14	0.25	40.93	1745.58	-2822.70	1171.56
Saccade R	1	18	6169198186	6169230159	31973	421.62	382.87	412.53	309.19	1.31	94.14	0.25	40.93	1745.58	-2822.70	1171.56
UserEvent	1	2	6169216526	# Message: UE-mouseclick left x=420 y=335
Saccade R	1	19	6169270159	6169322162	52003	403.25	323.96	396.02	328.19	1.54	52.51	0.38	29.70	1507.07	-1129.23	871.12
Saccade L	1	7	6169322162	6169398165	76003	396.02	328.19	328.11	279.39	4.19	126.84	0.37	55.18	3190.13	-3668.93	1730.79
Saccade R	1	20	6169322162	6169398165	76003	396.02	328.19	328.11	279.39	4.19	126.84	0.37	55.18	3190.13	-3668.93	1730.79
Saccade L	1	8	6169398165	6169438165	40000	328.11	279.39	362.08	338.27	2.45	154.00	0.40	61.35	3663.06	-5060.09	2730.83
Saccade R	1	21	6169398165	6169438165	40000	328.11	279.39	362.08	338.27	2.45	154.00	0.40	61.35	3663.06	-5060.09	2730.83
Fixation L	1	3	6169438165	6169526169	88004	348.21	283.58	37	161	-1	10.34	10.34
Saccade R	1	22	6169438165	6169478170	40005	362.08	338.27	338.88	282.39	1.35	71.47	0.30	33.70	2890.08	-2619.20	1399.23
Saccade L	1	9	6169526169	6169562184	36015	347.72	261.24	367.55	305.87	1.14	56.73	0.56	31.69	2268.86	-1961.42	1356.05
Saccade R	1	23	6169526169	6169562184	36015	347.72	261.24	367.55	305.87	1.14	56.73	0.56	31.69	2268.86	-1961.42	1356.05
Fixation L	1	4	6169562184	6169642201	80017	386.44	330.48	57	164	-1	3.64	3.64
Saccade R	1	24	6169562184	6169646193	84009	367.55	305.87	416.33	277.26	5.03	195.30	0.57	59.85	7364.49	-5558.93	2233.46
Saccade L	1	10	6169642201	6169662164	19963	424.87	241.93	413.90	214.72	0.82	97.22	0.60	41.25	1079.70	-1897.08	781.41
Saccade R	1	25	6169718163	6169758195	40032	407.65	290.37	409.81	277.89	2.29	102.71	0.50	57.22	2101.60	-2339.39	1121.89
Saccade R	1	26	6169758195	6169794078	35883	409.81	277.89	416.16	234.75	2.02	131.20	0.78	56.28	2703.83	-444.60	1088.13
Saccade R	1	27	6169794078	6169830052	35974	416.16	234.75	422.68	317.82	1.82	144.52	0.22	50.56	1401.76	-4747.14	1864.79
Saccade L	1	11	6169902052	6169922096	20044	396.49	292.23	392.98	371.23	0.99	123.72	0.40	49.55	2307.27	-1031.34	1185.12
Saccade R	1	28	6169902052	6169922096	20044	396.49	292.23	392.98	371.23	0.99	123.72	0.40	49.55	2307.27	-1031.34	1185.12
Saccade L	1	12	6169970108	6169994049	23941	406.28	372.58	424.76	412.13	0.78	67.90	0.67	32.73	2104.36	314.87	1109.53
Saccade R	1	29	6169970108	6169994049	23941	406.28	372.58	424.76	412.13	0.78	67.90	0.67	32.73	2104.36	314.87	1109.53
Saccade R	1	30	6169994049	6170026060	32011	424.76	412.13	458.79	351.83	1.12	52.98	0.50	34.97	802.06	-1796.49	847.55
Saccade L	1	13	6170042050	6170114063	72013	462.84	375.92	442.59	424.22	2.67	97.40	0.33	37.10	2469.61	-2580.29	1015.95
Saccade R	1	31	6170126065	6170162049	35984	442.83	437.62	426.42	455.81	0.79	45.87	0.33	21.89	918.30	-1671.20	775.45
Saccade L	1	14	6170162049	6170262084	100035	426.42	455.81	364.72	330.54	7.18	256.83	0.60	71.78	7301.16	-6860.53	3245.27
Saccade R	1	32	6170162049	6170262084	100035	426.42	455.81	364.72	330.54	7.18	256.83	0.60	71.78	7301.16	-6860.53	3245.27
UserEvent	1	3	6170168573	# Message: UE-mouseclick left x=444 y=386
