[BeGaze]
Converted from:	D:\Kirillov\Results\ermolova_temp\georgy-eye_data.idf
Date:	17.04.2019 03:52:22
Version:	BeGaze 3.0.181
Sample Rate:	250
Subject:	georgy
Description:	Run5

Table Header for Fixations:
Event Type	Trial	Number	Start	End	Duration	Location X	Location Y	Dispersion X	Dispersion Y	Plane	Avg. Pupil Size X	Avg. Pupil Size Y

Table Header for Saccades:
Event Type	Trial	Number	Start	End	Duration	Start Loc.X	Start Loc.Y	End Loc.X	End Loc.Y	Amplitude	Peak Speed	Peak Speed At	Average Speed	Peak Accel.	Peak Decel.	Average Accel.

Table Header for User Events:
Event Type	Trial	Number	Start	Description

UserEvent	1	1	2851226793	# Message: Validation.jpg
Fixation L	1	1	2851227757	2851631764	404007	1323.12	615.18	52	46	-1	14.51	14.51
Fixation R	1	1	2851227757	2851631764	404007	1323.12	615.18	52	46	-1	14.73	14.73
Saccade L	1	1	2851631764	2851707768	76004	1341.63	615.14	568.14	432.67	17.58	418.27	0.32	231.35	19372.08	-13279.09	8953.04
Saccade R	1	1	2851631764	2851707768	76004	1341.63	615.14	568.14	432.67	17.58	418.27	0.32	231.35	19372.08	-13279.09	8953.04
Fixation L	1	2	2851707768	2851851655	143887	586.63	438.44	28	27	-1	14.61	14.61
Fixation R	1	2	2851707768	2851851655	143887	586.63	438.44	28	27	-1	14.45	14.45
Saccade L	1	2	2851851655	2851887649	35994	594.39	451.22	513.74	438.92	1.73	97.69	0.33	47.95	4781.52	-3980.20	2991.90
Saccade R	1	2	2851851655	2851887649	35994	594.39	451.22	513.74	438.92	1.73	97.69	0.33	47.95	4781.52	-3980.20	2991.90
Fixation L	1	3	2851887649	2852927663	1040014	506.18	457.42	27	57	-1	15.27	15.27
Fixation R	1	3	2851887649	2852927663	1040014	506.18	457.42	27	57	-1	15.31	15.31
Saccade L	1	3	2852927663	2852995652	67989	503.21	458.91	1060.72	477.48	12.16	369.95	0.41	178.91	16203.23	-11762.63	9024.64
Saccade R	1	3	2852927663	2852995652	67989	503.21	458.91	1060.72	477.48	12.16	369.95	0.41	178.91	16203.23	-11762.63	9024.64
Fixation L	1	4	2852995652	2853499536	503884	1030.67	477.29	49	25	-1	15.35	15.35
Fixation R	1	4	2852995652	2853499536	503884	1030.67	477.29	49	25	-1	15.86	15.86
Saccade L	1	4	2853499536	2853547540	48004	1026.83	487.65	1085.51	768.04	6.15	297.03	0.50	128.06	14025.81	-12970.65	8797.47
Saccade R	1	4	2853499536	2853547540	48004	1026.83	487.65	1085.51	768.04	6.15	297.03	0.50	128.06	14025.81	-12970.65	8797.47
Fixation L	1	5	2853547540	2853675531	127991	1099.49	779.82	31	16	-1	16.08	16.08
Fixation R	1	5	2853547540	2853675531	127991	1099.49	779.82	31	16	-1	16.16	16.16
Saccade L	1	5	2853675531	2853723568	48037	1117.52	776.01	1320.47	932.26	5.55	284.65	0.42	115.60	13446.24	-12686.73	8108.47
Saccade R	1	5	2853675531	2853723568	48037	1117.52	776.01	1320.47	932.26	5.55	284.65	0.42	115.60	13446.24	-12686.73	8108.47
Fixation L	1	6	2853723568	2854635418	911850	1290.53	891.72	68	61	-1	15.16	15.16
Fixation R	1	6	2853723568	2854635418	911850	1290.53	891.72	68	61	-1	15.37	15.37
Saccade L	1	6	2854635418	2854683441	48023	1285.78	889.55	1238.73	743.24	3.40	170.44	0.42	70.75	7722.03	-6578.17	4478.65
Saccade R	1	6	2854635418	2854683441	48023	1285.78	889.55	1238.73	743.24	3.40	170.44	0.42	70.75	7722.03	-6578.17	4478.65
Saccade L	1	7	2854715423	2854759464	44041	1236.65	742.47	1234.31	483.70	5.53	275.06	0.36	125.59	13205.60	-11574.15	8293.29
Saccade R	1	7	2854715423	2854759464	44041	1236.65	742.47	1234.31	483.70	5.53	275.06	0.36	125.59	13205.60	-11574.15	8293.29
Fixation L	1	7	2854759464	2856059342	1299878	1216.81	460.96	51	64	-1	15.62	15.62
Fixation R	1	7	2854759464	2856059342	1299878	1216.81	460.96	51	64	-1	15.76	15.76
Saccade L	1	8	2856059342	2856119324	59982	1189.18	464.53	968.97	622.74	6.16	270.93	0.33	102.76	11964.32	-12246.50	6339.74
Saccade R	1	8	2856059342	2856119324	59982	1189.18	464.53	968.97	622.74	6.16	270.93	0.33	102.76	11964.32	-12246.50	6339.74
Fixation L	1	8	2856119324	2856175332	56008	959.61	634.77	15	23	-1	16.45	16.45
Fixation R	1	8	2856119324	2856175332	56008	959.61	634.77	15	23	-1	16.65	16.65
Saccade L	1	9	2856175332	2856231332	56000	953.80	646.07	775.99	729.97	4.90	245.91	0.36	87.57	11554.06	-10113.12	5506.82
Saccade R	1	9	2856175332	2856231332	56000	953.80	646.07	775.99	729.97	4.90	245.91	0.36	87.57	11554.06	-10113.12	5506.82
Saccade L	1	10	2856275318	2856315326	40008	760.52	745.92	668.33	776.31	2.46	139.00	0.40	61.53	6587.02	-5316.41	3689.64
Saccade R	1	10	2856275318	2856315326	40008	760.52	745.92	668.33	776.31	2.46	139.00	0.40	61.53	6587.02	-5316.41	3689.64
Fixation L	1	9	2856315326	2856435318	119992	659.36	791.53	32	24	-1	16.28	16.28
Fixation R	1	9	2856315326	2856435318	119992	659.36	791.53	32	24	-1	16.24	16.24
Saccade L	1	11	2856435318	2856475314	39996	635.70	802.54	520.52	830.37	2.53	138.91	0.40	63.32	5860.64	-5364.49	3705.76
Saccade R	1	11	2856435318	2856475314	39996	635.70	802.54	520.52	830.37	2.53	138.91	0.40	63.32	5860.64	-5364.49	3705.76
Fixation L	1	10	2856475314	2857051347	576033	537.05	855.23	26	38	-1	15.35	15.35
Fixation R	1	10	2856475314	2857051347	576033	537.05	855.23	26	38	-1	15.39	15.39
