[BeGaze]
Converted from:	D:\Kirillov\Results\ermolova_temp\Polina 04-eye_data.idf
Date:	17.04.2019 03:53:39
Version:	BeGaze 3.0.181
Sample Rate:	250
Subject:	Polina 04
Description:	Run28

Table Header for Fixations:
Event Type	Trial	Number	Start	End	Duration	Location X	Location Y	Dispersion X	Dispersion Y	Plane	Avg. Pupil Size X	Avg. Pupil Size Y

Table Header for Saccades:
Event Type	Trial	Number	Start	End	Duration	Start Loc.X	Start Loc.Y	End Loc.X	End Loc.Y	Amplitude	Peak Speed	Peak Speed At	Average Speed	Peak Accel.	Peak Decel.	Average Accel.

Table Header for User Events:
Event Type	Trial	Number	Start	Description

UserEvent	1	1	12607433736	# Message: experiment-08.jpg
Fixation L	1	1	12607435594	12607591674	156080	382.51	278.60	16	4	-1	15.83	15.83
Fixation R	1	1	12607435594	12607591674	156080	382.51	278.60	16	4	-1	16.31	16.31
Saccade L	1	1	12607591674	12607655684	64010	386.77	280.21	878.14	428.32	11.69	349.71	0.50	182.58	15909.43	-15022.66	8671.02
Saccade R	1	1	12607591674	12607655684	64010	386.77	280.21	878.14	428.32	11.69	349.71	0.50	182.58	15909.43	-15022.66	8671.02
Fixation L	1	2	12607655684	12607831551	175867	886.80	438.48	15	13	-1	16.30	16.30
Fixation R	1	2	12607655684	12607831551	175867	886.80	438.48	15	13	-1	17.13	17.13
Saccade L	1	2	12607831551	12607863552	32001	888.14	437.92	0.00	0.00	20.90	1918.13	0.63	653.21	79527.48	-80021.40	54037.92
Fixation L	1	3	12607863552	12607931564	68012	0.00	0.00	0	0	-1	7.71	7.71
Fixation L	1	4	12607995585	12608127573	131988	845.56	652.92	24	27	-1	15.12	15.12
Fixation R	1	3	12607995585	12608127573	131988	845.56	652.92	24	27	-1	15.65	15.65
Saccade L	1	3	12608127573	12608167591	40018	842.26	666.64	1013.22	674.41	3.58	190.68	0.40	89.50	8820.64	-7349.22	5511.96
Saccade R	1	2	12608127573	12608167591	40018	842.26	666.64	1013.22	674.41	3.58	190.68	0.40	89.50	8820.64	-7349.22	5511.96
Fixation L	1	5	12608167591	12608227558	59967	1015.57	682.20	21	12	-1	15.34	15.34
Fixation R	1	4	12608167591	12608227558	59967	1015.57	682.20	21	12	-1	16.07	16.07
Saccade L	1	4	12608227558	12608267582	40024	1020.56	685.90	1021.27	694.31	1.36	64.63	0.40	34.08	2885.91	-2453.80	1439.01
Saccade R	1	3	12608227558	12608267582	40024	1020.56	685.90	1021.27	694.31	1.36	64.63	0.40	34.08	2885.91	-2453.80	1439.01
Fixation L	1	6	12608267582	12608391565	123983	1024.63	690.14	11	6	-1	15.82	15.82
Fixation R	1	5	12608267582	12608391565	123983	1024.63	690.14	11	6	-1	16.56	16.56
Saccade L	1	5	12608391565	12608451579	60014	1027.41	688.81	1193.21	393.91	7.60	277.28	0.33	126.64	13743.33	-9313.93	7082.95
Saccade R	1	4	12608391565	12608451579	60014	1027.41	688.81	1193.21	393.91	7.60	277.28	0.33	126.64	13743.33	-9313.93	7082.95
Fixation L	1	7	12608451579	12609203458	751879	1218.08	375.29	61	50	-1	15.86	15.86
Fixation R	1	6	12608451579	12609203458	751879	1218.08	375.29	61	50	-1	16.15	16.15
Saccade L	1	6	12609203458	12609243475	40017	1205.81	391.45	1153.56	372.73	1.22	57.98	0.30	30.50	2587.06	-1721.67	1511.01
Saccade R	1	5	12609203458	12609243475	40017	1205.81	391.45	1153.56	372.73	1.22	57.98	0.30	30.50	2587.06	-1721.67	1511.01
Fixation L	1	8	12609243475	12609347460	103985	1153.91	377.95	7	11	-1	16.13	16.13
Fixation R	1	7	12609243475	12609347460	103985	1153.91	377.95	7	11	-1	16.28	16.28
Saccade L	1	7	12609347460	12609411470	64010	1157.76	382.55	930.46	648.13	8.02	320.55	0.38	125.27	15050.49	-10089.01	7344.32
Saccade R	1	6	12609347460	12609411470	64010	1157.76	382.55	930.46	648.13	8.02	320.55	0.38	125.27	15050.49	-10089.01	7344.32
Fixation L	1	9	12609411470	12609647479	236009	926.39	661.77	14	19	-1	16.60	16.60
Fixation R	1	8	12609411470	12609647479	236009	926.39	661.77	14	19	-1	16.83	16.83
Saccade L	1	8	12609647479	12609695476	47997	930.07	663.60	924.96	751.18	3.03	191.58	0.25	63.03	7874.92	-6130.60	3525.64
Saccade R	1	7	12609647479	12609695476	47997	930.07	663.60	924.96	751.18	3.03	191.58	0.25	63.03	7874.92	-6130.60	3525.64
Fixation L	1	10	12609695476	12610155451	459975	937.65	738.71	20	22	-1	17.60	17.60
Fixation R	1	9	12609695476	12610155451	459975	937.65	738.71	20	22	-1	17.91	17.91
Saccade L	1	9	12610155451	12610191487	36036	939.88	731.34	925.59	794.64	1.39	76.54	0.33	38.69	3554.83	-3167.08	2341.14
Saccade R	1	8	12610155451	12610191487	36036	939.88	731.34	925.59	794.64	1.39	76.54	0.33	38.69	3554.83	-3167.08	2341.14
Fixation L	1	11	12610191487	12610771388	579901	913.20	829.07	22	51	-1	17.68	17.68
Fixation R	1	10	12610191487	12610771388	579901	913.20	829.07	22	51	-1	18.26	18.26
Saccade L	1	10	12610771388	12610811404	40016	912.28	843.00	693.80	827.87	4.64	241.39	0.50	115.85	11680.01	-10889.37	7882.84
Saccade R	1	9	12610771388	12610811404	40016	912.28	843.00	693.80	827.87	4.64	241.39	0.50	115.85	11680.01	-10889.37	7882.84
Fixation L	1	12	12610811404	12611255414	444010	692.82	831.07	27	45	-1	17.53	17.53
Fixation R	1	11	12610811404	12611255414	444010	692.82	831.07	27	45	-1	17.78	17.78
