[BeGaze]
Converted from:	D:\Kirillov\Results\ermolova_temp\Nastya 07-eye_data.idf
Date:	17.04.2019 03:53:05
Version:	BeGaze 3.0.181
Sample Rate:	250
Subject:	Nastya 07
Description:	Run19

Table Header for Fixations:
Event Type	Trial	Number	Start	End	Duration	Location X	Location Y	Dispersion X	Dispersion Y	Plane	Avg. Pupil Size X	Avg. Pupil Size Y

Table Header for Saccades:
Event Type	Trial	Number	Start	End	Duration	Start Loc.X	Start Loc.Y	End Loc.X	End Loc.Y	Amplitude	Peak Speed	Peak Speed At	Average Speed	Peak Accel.	Peak Decel.	Average Accel.

Table Header for User Events:
Event Type	Trial	Number	Start	Description

UserEvent	1	1	6878463311	# Message: experiment-06.jpg
Fixation L	1	1	6878464459	6878692466	228007	428.00	389.16	21	15	-1	16.21	16.21
Fixation R	1	1	6878464459	6878692466	228007	428.00	389.16	21	15	-1	15.85	15.85
Saccade L	1	1	6878692466	6878760487	68021	427.97	384.92	966.75	507.57	12.17	395.40	0.29	178.89	17753.76	-10439.33	8669.69
Saccade R	1	1	6878692466	6878760487	68021	427.97	384.92	966.75	507.57	12.17	395.40	0.29	178.89	17753.76	-10439.33	8669.69
Fixation L	1	2	6878760487	6878944444	183957	980.05	517.55	23	19	-1	15.90	15.90
Fixation R	1	2	6878760487	6878944444	183957	980.05	517.55	23	19	-1	15.72	15.72
Saccade L	1	2	6878944444	6879000488	56044	987.24	519.60	1017.47	612.95	2.17	105.51	0.22	38.79	4830.10	-4299.56	2235.48
Saccade R	1	2	6878944444	6879000488	56044	987.24	519.60	1017.47	612.95	2.17	105.51	0.22	38.79	4830.10	-4299.56	2235.48
Fixation L	1	3	6879000488	6879124481	123993	1015.79	610.41	5	10	-1	15.30	15.30
Fixation R	1	3	6879000488	6879124481	123993	1015.79	610.41	5	10	-1	15.00	15.00
Saccade L	1	3	6879124481	6879184449	59968	1017.59	608.80	462.80	566.50	12.22	372.06	0.27	203.73	17736.31	-14854.47	9327.82
Saccade R	1	3	6879124481	6879184449	59968	1017.59	608.80	462.80	566.50	12.22	372.06	0.27	203.73	17736.31	-14854.47	9327.82
Fixation L	1	4	6879184449	6879336498	152049	450.85	564.33	22	30	-1	14.83	14.83
Fixation R	1	4	6879184449	6879336498	152049	450.85	564.33	22	30	-1	14.21	14.21
Saccade L	1	4	6879336498	6879392470	55972	455.48	585.37	0.00	0.00	21.96	1761.81	0.79	392.30	60537.30	-78102.12	26402.32
Saccade L	1	5	6879428494	6879576367	147873	0.00	0.00	441.91	573.98	48.42	938.70	0.27	327.47	50278.44	-25678.12	10936.50
Saccade L	1	6	6879616372	6879640374	24002	446.11	583.77	434.25	573.92	0.59	48.40	0.50	24.66	1733.50	-275.43	1170.79
Saccade R	1	4	6879616372	6879640374	24002	446.11	583.77	434.25	573.92	0.59	48.40	0.50	24.66	1733.50	-275.43	1170.79
Saccade L	1	7	6879640374	6879672368	31994	434.25	573.92	433.29	602.00	1.06	86.28	0.25	33.26	1822.63	-3450.86	1489.70
Saccade R	1	5	6879640374	6879672368	31994	434.25	573.92	433.29	602.00	1.06	86.28	0.25	33.26	1822.63	-3450.86	1489.70
Saccade L	1	8	6879700409	6879784370	83961	439.70	606.29	1016.67	657.32	12.97	357.73	0.24	154.51	17837.75	-9108.00	6563.76
Saccade R	1	6	6879700409	6879784370	83961	439.70	606.29	1016.67	657.32	12.97	357.73	0.24	154.51	17837.75	-9108.00	6563.76
Fixation L	1	5	6879784370	6879848387	64017	1008.04	649.28	27	28	-1	15.19	15.19
Fixation R	1	5	6879784370	6879848387	64017	1008.04	649.28	27	28	-1	14.66	14.66
Saccade L	1	9	6879888359	6879920390	32031	1016.44	660.80	1016.15	649.48	1.13	61.66	0.50	35.18	1333.13	-2444.44	1428.16
Saccade R	1	7	6879888359	6879920390	32031	1016.44	660.80	1016.15	649.48	1.13	61.66	0.50	35.18	1333.13	-2444.44	1428.16
Fixation L	1	6	6879920390	6880112369	191979	1045.80	665.55	46	48	-1	15.00	15.00
Fixation R	1	6	6879920390	6880112369	191979	1045.80	665.55	46	48	-1	14.78	14.78
Saccade L	1	10	6880112369	6880224383	112014	1051.32	669.32	524.00	594.20	12.53	313.35	0.32	111.83	14380.40	-12044.29	5156.08
Saccade R	1	8	6880112369	6880224383	112014	1051.32	669.32	524.00	594.20	12.53	313.35	0.32	111.83	14380.40	-12044.29	5156.08
Fixation L	1	7	6880224383	6880276406	52023	526.11	579.86	15	23	-1	14.49	14.49
Fixation R	1	7	6880224383	6880276406	52023	526.11	579.86	15	23	-1	14.16	14.16
Saccade L	1	11	6880340385	6880436379	95994	513.68	570.63	387.84	525.57	7.86	270.32	0.54	81.89	5446.52	-9492.92	2718.89
Saccade R	1	9	6880340385	6880436379	95994	513.68	570.63	387.84	525.57	7.86	270.32	0.54	81.89	5446.52	-9492.92	2718.89
Saccade L	1	12	6880436379	6880456405	20026	387.84	525.57	407.79	548.22	0.85	92.82	0.40	42.60	1821.85	-3219.35	1567.27
Saccade R	1	10	6880436379	6880456405	20026	387.84	525.57	407.79	548.22	0.85	92.82	0.40	42.60	1821.85	-3219.35	1567.27
Fixation L	1	8	6880456405	6880660409	204004	430.16	577.62	34	41	-1	14.86	14.86
Fixation R	1	8	6880456405	6880660409	204004	430.16	577.62	34	41	-1	14.60	14.60
Saccade L	1	13	6880660409	6880712389	51980	445.74	587.72	403.20	627.29	1.43	53.64	0.54	27.44	1474.33	-1964.24	1033.99
Saccade R	1	11	6880660409	6880712389	51980	445.74	587.72	403.20	627.29	1.43	53.64	0.54	27.44	1474.33	-1964.24	1033.99
Fixation L	1	9	6880712389	6880908410	196021	410.10	648.01	18	32	-1	14.97	14.97
Fixation R	1	9	6880712389	6880908410	196021	410.10	648.01	18	32	-1	14.94	14.94
Fixation L	1	10	6880996276	6881228272	231996	438.55	562.41	12	21	-1	15.20	15.20
Fixation R	1	10	6880996276	6881228272	231996	438.55	562.41	12	21	-1	15.05	15.05
Saccade L	1	14	6881228272	6881276301	48029	440.65	558.56	424.22	408.76	3.20	145.22	0.33	66.53	6609.74	-4751.49	3934.72
Saccade R	1	12	6881228272	6881276301	48029	440.65	558.56	424.22	408.76	3.20	145.22	0.33	66.53	6609.74	-4751.49	3934.72
Fixation L	1	11	6881276301	6881472281	195980	432.43	401.00	18	15	-1	15.37	15.37
Fixation R	1	11	6881276301	6881472281	195980	432.43	401.00	18	15	-1	14.99	14.99
Saccade L	1	15	6881472281	6881524295	52014	441.31	397.11	439.33	320.64	1.66	69.40	0.39	31.97	2923.82	-2410.09	1676.17
Saccade R	1	13	6881472281	6881524295	52014	441.31	397.11	439.33	320.64	1.66	69.40	0.39	31.97	2923.82	-2410.09	1676.17
Saccade L	1	16	6881524295	6881576277	51982	439.33	320.64	362.07	310.11	1.81	74.84	0.69	34.78	1625.99	-2235.76	1178.27
Saccade R	1	14	6881524295	6881576277	51982	439.33	320.64	362.07	310.11	1.81	74.84	0.69	34.78	1625.99	-2235.76	1178.27
Saccade L	1	17	6881576277	6881628281	52004	362.07	310.11	423.08	273.05	2.39	155.38	0.38	46.04	5249.77	-5684.55	2689.96
Saccade R	1	15	6881576277	6881628281	52004	362.07	310.11	423.08	273.05	2.39	155.38	0.38	46.04	5249.77	-5684.55	2689.96
Fixation L	1	12	6881656294	6881720292	63998	440.71	271.68	123	10	-1	15.18	15.18
Fixation R	1	12	6881656294	6881720292	63998	440.71	271.68	123	10	-1	14.42	14.42
Saccade L	1	18	6881720292	6881796244	75952	434.70	279.04	391.85	643.53	8.25	284.51	0.32	108.62	13229.10	-6677.56	5383.49
Saccade R	1	16	6881720292	6881796244	75952	434.70	279.04	391.85	643.53	8.25	284.51	0.32	108.62	13229.10	-6677.56	5383.49
Fixation L	1	13	6881796244	6881868307	72063	393.39	650.05	7	12	-1	14.86	14.86
Fixation R	1	13	6881796244	6881868307	72063	393.39	650.05	7	12	-1	14.46	14.46
Saccade L	1	19	6881868307	6881900296	31989	398.77	642.73	406.47	683.45	0.79	44.53	0.62	24.54	1946.09	-1234.83	1032.21
Saccade R	1	17	6881868307	6881900296	31989	398.77	642.73	406.47	683.45	0.79	44.53	0.62	24.54	1946.09	-1234.83	1032.21
Saccade L	1	20	6881900296	6881936285	35989	406.47	683.45	397.78	669.32	0.77	44.43	0.22	21.42	614.15	-1260.93	551.01
Saccade R	1	18	6881900296	6881936285	35989	406.47	683.45	397.78	669.32	0.77	44.43	0.22	21.42	614.15	-1260.93	551.01
Fixation L	1	14	6881936285	6882136303	200018	404.30	665.06	23	10	-1	14.62	14.62
Fixation R	1	14	6881936285	6882136303	200018	404.30	665.06	23	10	-1	14.33	14.33
Fixation L	1	15	6882244326	6882400186	155860	456.11	662.17	20	26	-1	14.60	14.60
Fixation R	1	15	6882244326	6882400186	155860	456.11	662.17	20	26	-1	14.58	14.58
Saccade L	1	21	6882400186	6882468195	68009	454.48	670.45	447.10	736.97	4.91	181.80	0.24	72.18	7274.86	-3407.01	2874.56
Saccade R	1	19	6882400186	6882468195	68009	454.48	670.45	447.10	736.97	4.91	181.80	0.24	72.18	7274.86	-3407.01	2874.56
Fixation L	1	16	6882468195	6882644176	175981	451.05	736.78	16	35	-1	14.40	14.40
Fixation R	1	16	6882468195	6882644176	175981	451.05	736.78	16	35	-1	14.55	14.55
Saccade L	1	22	6882644176	6882728183	84007	457.09	738.49	1046.72	647.18	13.32	321.63	0.52	158.58	14101.38	-10904.47	5936.57
Saccade R	1	20	6882644176	6882728183	84007	457.09	738.49	1046.72	647.18	13.32	321.63	0.52	158.58	14101.38	-10904.47	5936.57
Fixation L	1	17	6882728183	6882856184	128001	1076.16	651.56	35	19	-1	14.50	14.50
Fixation R	1	17	6882728183	6882856184	128001	1076.16	651.56	35	19	-1	14.85	14.85
Saccade L	1	23	6882856184	6882916186	60002	1077.78	649.78	1046.11	609.62	1.26	45.36	0.27	20.94	1852.58	-1156.05	813.86
Saccade R	1	21	6882856184	6882916186	60002	1077.78	649.78	1046.11	609.62	1.26	45.36	0.27	20.94	1852.58	-1156.05	813.86
Fixation L	1	18	6882916186	6883064212	148026	1044.16	595.37	10	41	-1	14.55	14.55
Fixation R	1	18	6882916186	6883064212	148026	1044.16	595.37	10	41	-1	14.68	14.68
Saccade L	1	24	6883064212	6883108217	44005	1040.35	568.96	1019.18	669.78	2.36	158.39	0.36	53.71	7143.40	-6625.48	3832.82
Saccade R	1	22	6883064212	6883108217	44005	1040.35	568.96	1019.18	669.78	2.36	158.39	0.36	53.71	7143.40	-6625.48	3832.82
Fixation L	1	19	6883108217	6883232208	123991	1009.10	658.01	15	30	-1	14.46	14.46
Fixation R	1	19	6883108217	6883232208	123991	1009.10	658.01	15	30	-1	14.55	14.55
Saccade L	1	25	6883232208	6883276192	43984	1011.19	640.19	967.84	669.71	1.16	51.31	0.36	26.36	2372.14	-1838.22	1446.94
Saccade R	1	23	6883232208	6883276192	43984	1011.19	640.19	967.84	669.71	1.16	51.31	0.36	26.36	2372.14	-1838.22	1446.94
Fixation L	1	20	6883276192	6883524229	248037	976.08	653.77	18	39	-1	14.59	14.59
Fixation R	1	20	6883276192	6883524229	248037	976.08	653.77	18	39	-1	14.59	14.59
Saccade L	1	26	6883524229	6883568212	43983	980.56	654.32	1047.19	541.75	2.81	168.45	0.36	63.78	7637.53	-6787.57	4371.91
Saccade R	1	24	6883524229	6883568212	43983	980.56	654.32	1047.19	541.75	2.81	168.45	0.36	63.78	7637.53	-6787.57	4371.91
Fixation L	1	21	6883568212	6883692195	123983	1050.33	544.49	18	15	-1	14.71	14.71
Fixation R	1	21	6883568212	6883916089	347877	997.92	535.44	1818	1044	-1	14.10	14.09
Saccade L	1	27	6883692195	6883908104	215909	1040.16	535.42	1045.39	606.55	95.24	2878.31	0.39	441.12	91451.12	-97395.86	18778.60
Saccade L	1	28	6883916089	6883944070	27981	1044.93	606.46	997.13	635.33	1.13	76.25	0.43	40.55	3587.88	-3101.49	2479.32
Saccade R	1	25	6883916089	6883944070	27981	1044.93	606.46	997.13	635.33	1.13	76.25	0.43	40.55	3587.88	-3101.49	2479.32
Saccade L	1	29	6883988101	6884028097	39996	989.84	616.28	996.75	658.14	0.88	41.85	0.40	22.05	1787.01	-1506.36	1186.28
Saccade R	1	26	6883988101	6884028097	39996	989.84	616.28	996.75	658.14	0.88	41.85	0.40	22.05	1787.01	-1506.36	1186.28
Fixation L	1	22	6884028097	6884516112	488015	170.48	111.50	1079	1095	-1	10.71	10.71
Fixation R	1	22	6884128074	6884516112	388038	0.00	0.00	0	0	-1	12.18	12.18
