[BeGaze]
Converted from:	D:\Kirillov\Results\ermolova_temp\Nastya 05-eye_data.idf
Date:	17.04.2019 03:52:55
Version:	BeGaze 3.0.181
Sample Rate:	250
Subject:	Nastya 05
Description:	Run16

Table Header for Fixations:
Event Type	Trial	Number	Start	End	Duration	Location X	Location Y	Dispersion X	Dispersion Y	Plane	Avg. Pupil Size X	Avg. Pupil Size Y

Table Header for Saccades:
Event Type	Trial	Number	Start	End	Duration	Start Loc.X	Start Loc.Y	End Loc.X	End Loc.Y	Amplitude	Peak Speed	Peak Speed At	Average Speed	Peak Accel.	Peak Decel.	Average Accel.

Table Header for User Events:
Event Type	Trial	Number	Start	Description

UserEvent	1	1	3839692089	# Message: experiment-03.jpg
Fixation L	1	1	3839693295	3839953289	259994	1062.20	897.07	21	35	-1	14.96	14.96
Fixation R	1	1	3839693295	3839953289	259994	1062.20	897.07	21	35	-1	16.97	16.97
Saccade L	1	1	3839953289	3840033303	80014	1065.56	878.74	462.29	499.61	16.05	526.92	0.25	200.62	25712.29	-15627.59	10494.96
Saccade R	1	1	3839953289	3840033303	80014	1065.56	878.74	462.29	499.61	16.05	526.92	0.25	200.62	25712.29	-15627.59	10494.96
Fixation L	1	2	3840033303	3840181311	148008	462.49	507.78	14	29	-1	13.89	13.89
Fixation R	1	2	3840033303	3840181311	148008	462.49	507.78	14	29	-1	15.33	15.33
Saccade L	1	2	3840181311	3840221308	39997	472.26	522.76	423.13	515.75	1.84	116.85	0.30	46.12	5251.84	-3779.76	2229.12
Saccade R	1	2	3840181311	3840221308	39997	472.26	522.76	423.13	515.75	1.84	116.85	0.30	46.12	5251.84	-3779.76	2229.12
Fixation L	1	3	3840221308	3840629331	408023	407.09	499.94	29	36	-1	13.80	13.80
Fixation R	1	3	3840221308	3840629331	408023	407.09	499.94	29	36	-1	15.13	15.13
Saccade L	1	3	3840629331	3840733321	103990	401.06	492.03	1048.65	433.09	15.51	350.59	0.42	149.15	10110.14	-14574.76	5852.15
Saccade R	1	3	3840629331	3840733321	103990	401.06	492.03	1048.65	433.09	15.51	350.59	0.42	149.15	10110.14	-14574.76	5852.15
Fixation L	1	4	3840733321	3841177200	443879	1050.73	471.89	24	84	-1	14.58	14.58
Fixation R	1	4	3840733321	3841177200	443879	1050.73	471.89	24	84	-1	16.21	16.21
Saccade L	1	4	3841177200	3841225236	48036	1044.30	486.62	980.96	532.62	3.38	178.08	0.25	70.41	7408.63	-5021.54	3376.97
Saccade R	1	4	3841177200	3841225236	48036	1044.30	486.62	980.96	532.62	3.38	178.08	0.25	70.41	7408.63	-5021.54	3376.97
Fixation L	1	5	3841225236	3841469221	243985	976.08	517.37	20	28	-1	13.99	13.99
Fixation R	1	5	3841225236	3841469221	243985	976.08	517.37	20	28	-1	15.84	15.84
Saccade L	1	5	3841469221	3841497216	27995	970.32	511.84	960.12	553.06	0.96	61.20	0.43	34.29	2579.47	-1941.69	1649.51
Saccade R	1	5	3841469221	3841497216	27995	970.32	511.84	960.12	553.06	0.96	61.20	0.43	34.29	2579.47	-1941.69	1649.51
Fixation L	1	6	3841497216	3842025143	527927	963.84	569.18	30	43	-1	14.99	14.99
Fixation R	1	6	3841497216	3842025143	527927	963.84	569.18	30	43	-1	16.92	16.92
Fixation L	1	7	3842041131	3842725139	684008	1018.74	529.06	57	84	-1	15.52	15.52
Fixation R	1	7	3842041131	3842725139	684008	1018.74	529.06	57	84	-1	17.67	17.67
Saccade L	1	6	3842725139	3842769118	43979	1024.63	511.47	994.91	507.92	1.32	59.72	0.55	29.93	1760.39	-1850.06	893.27
Saccade R	1	6	3842725139	3842769118	43979	1024.63	511.47	994.91	507.92	1.32	59.72	0.55	29.93	1760.39	-1850.06	893.27
Fixation L	1	8	3842769118	3842973105	203987	979.72	500.10	30	17	-1	15.28	15.28
Fixation R	1	8	3842769118	3842973105	203987	979.72	500.10	30	17	-1	17.35	17.35
Saccade L	1	7	3842973105	3842997122	24017	965.04	494.97	970.09	455.92	0.79	68.01	0.50	32.89	2867.35	-2937.79	2158.25
Saccade R	1	7	3842973105	3842997122	24017	965.04	494.97	970.09	455.92	0.79	68.01	0.50	32.89	2867.35	-2937.79	2158.25
Fixation L	1	9	3842997122	3843633143	636021	971.83	468.04	25	49	-1	15.31	15.31
Fixation R	1	9	3842997122	3843633143	636021	971.83	468.04	25	49	-1	17.40	17.40
Saccade L	1	8	3843633143	3843665027	31884	971.70	476.14	1046.57	479.93	1.62	92.43	0.50	50.94	4161.26	-4235.42	3151.86
Saccade R	1	8	3843633143	3843665027	31884	971.70	476.14	1046.57	479.93	1.62	92.43	0.50	50.94	4161.26	-4235.42	3151.86
Fixation L	1	10	3843665027	3843933018	267991	1054.77	475.55	18	32	-1	15.31	15.31
Fixation R	1	10	3843665027	3843933018	267991	1054.77	475.55	18	32	-1	17.38	17.38
Saccade L	1	9	3843933018	3843977037	44019	1058.41	456.48	983.28	532.64	3.57	187.87	0.36	81.21	9247.16	-6987.48	4803.47
Saccade R	1	9	3843933018	3843977037	44019	1058.41	456.48	983.28	532.64	3.57	187.87	0.36	81.21	9247.16	-6987.48	4803.47
Fixation L	1	11	3843977037	3844185031	207994	990.43	546.89	20	20	-1	15.82	15.82
Fixation R	1	11	3843977037	3844185031	207994	990.43	546.89	20	20	-1	17.58	17.58
Saccade L	1	10	3844185031	3844221030	35999	983.97	539.75	963.59	611.21	2.08	149.06	0.44	57.77	6445.39	-5539.89	3757.37
Saccade R	1	10	3844185031	3844221030	35999	983.97	539.75	963.59	611.21	2.08	149.06	0.44	57.77	6445.39	-5539.89	3757.37
Fixation L	1	12	3844221030	3844465013	243983	956.24	604.27	20	29	-1	16.15	16.15
Fixation R	1	12	3844221030	3844465013	243983	956.24	604.27	20	29	-1	18.12	18.12
Saccade L	1	11	3844465013	3844501031	36018	952.22	615.21	1042.56	596.09	2.27	160.24	0.44	62.94	7372.36	-6539.63	4379.11
Saccade R	1	11	3844465013	3844501031	36018	952.22	615.21	1042.56	596.09	2.27	160.24	0.44	62.94	7372.36	-6539.63	4379.11
Fixation L	1	13	3844501031	3844721029	219998	1041.09	585.14	22	27	-1	16.15	16.15
Fixation R	1	13	3844501031	3844721029	219998	1041.09	585.14	22	27	-1	18.24	18.24
Saccade L	1	12	3844721029	3844765032	44003	1030.06	600.14	1069.48	523.46	2.33	95.61	0.36	53.00	4445.49	-3273.70	2770.03
Saccade R	1	12	3844721029	3844765032	44003	1030.06	600.14	1069.48	523.46	2.33	95.61	0.36	53.00	4445.49	-3273.70	2770.03
Fixation L	1	14	3844765032	3845516916	751884	1049.61	506.52	44	28	-1	15.63	15.63
Fixation R	1	14	3844765032	3845516916	751884	1049.61	506.52	44	28	-1	17.31	17.31
UserEvent	1	2	3844890947	# Message: UE-mouseclick left x=1679 y=1025
Saccade L	1	13	3845516916	3845564948	48032	1035.26	515.61	953.61	502.82	2.46	153.58	0.25	51.15	6349.93	-5037.30	2734.54
Saccade R	1	13	3845516916	3845564948	48032	1035.26	515.61	953.61	502.82	2.46	153.58	0.25	51.15	6349.93	-5037.30	2734.54
UserEvent	1	3	3845562766	# Message: UE-mouseclick left x=1432 y=1049
Fixation L	1	15	3845564948	3845728936	163988	972.57	501.89	43	8	-1	15.63	15.63
Fixation R	1	15	3845564948	3845728936	163988	972.57	501.89	43	8	-1	17.61	17.61
Saccade L	1	14	3845728936	3845752934	23998	994.20	502.16	943.96	495.61	0.98	74.85	0.50	40.64	3218.88	-2744.97	2190.26
Saccade R	1	14	3845728936	3845752934	23998	994.20	502.16	943.96	495.61	0.98	74.85	0.50	40.64	3218.88	-2744.97	2190.26
Fixation L	1	16	3845752934	3846044922	291988	943.91	490.70	33	28	-1	15.64	15.64
Fixation R	1	16	3845752934	3846044922	291988	943.91	490.70	33	28	-1	17.33	17.33
Saccade L	1	15	3846044922	3846076928	32006	962.70	482.23	980.53	517.65	1.06	56.61	0.37	33.15	2506.66	-2021.30	1705.24
Saccade R	1	15	3846044922	3846076928	32006	962.70	482.23	980.53	517.65	1.06	56.61	0.37	33.15	2506.66	-2021.30	1705.24
Fixation L	1	17	3846076928	3846248872	171944	999.84	527.42	27	30	-1	15.38	15.38
Fixation R	1	17	3846076928	3846248872	171944	999.84	527.42	27	30	-1	17.12	17.12
Saccade L	1	16	3846248872	3846296860	47988	1005.98	536.46	1074.18	493.50	2.54	146.87	0.25	52.96	6367.23	-4113.57	2295.39
Saccade R	1	16	3846248872	3846296860	47988	1005.98	536.46	1074.18	493.50	2.54	146.87	0.25	52.96	6367.23	-4113.57	2295.39
Fixation L	1	18	3846296860	3846472851	175991	1069.55	490.54	9	12	-1	15.33	15.33
Fixation R	1	18	3846296860	3846472851	175991	1069.55	490.54	9	12	-1	16.90	16.90
Saccade L	1	17	3846472851	3846548816	75965	1069.15	493.46	995.44	646.21	6.70	212.15	0.26	88.15	9854.36	-7288.05	4164.84
Saccade R	1	17	3846472851	3846548816	75965	1069.15	493.46	995.44	646.21	6.70	212.15	0.26	88.15	9854.36	-7288.05	4164.84
Fixation L	1	19	3846548816	3846716824	168008	994.57	622.71	27	33	-1	15.02	15.02
Fixation R	1	19	3846548816	3846716824	168008	994.57	622.71	27	33	-1	16.77	16.77
Saccade L	1	18	3846716824	3846772827	56003	985.70	614.61	0.00	0.00	37.85	2387.90	0.79	675.87	74088.59	-100113.22	41104.34
Saccade R	1	18	3846716824	3846772827	56003	985.70	614.61	0.00	0.00	37.85	2387.90	0.79	675.87	74088.59	-100113.22	41104.34
Fixation L	1	20	3846772827	3847308834	536007	0.00	0.00	0	0	-1	12.96	12.96
Fixation R	1	20	3846772827	3847308834	536007	0.00	0.00	0	0	-1	14.62	14.62
Saccade L	1	19	3848090875	3848271423	180548	0.00	0.00	580.68	701.04	136.06	1756.30	0.93	753.59	73203.18	-72978.33	55190.11
Saccade R	1	19	3848090875	3848271423	180548	0.00	0.00	580.68	701.04	136.06	1756.30	0.93	753.59	73203.18	-72978.33	55190.11
Fixation L	1	21	3848271423	3848327395	55972	580.39	703.77	3	12	-1	17.80	17.80
Fixation R	1	21	3848271423	3848327395	55972	580.39	703.77	3	12	-1	20.17	20.17
Saccade L	1	20	3848327395	3848355384	27989	581.91	704.02	433.40	552.63	4.11	302.38	0.57	146.98	14463.77	-13001.15	10321.65
Saccade R	1	20	3848327395	3848355384	27989	581.91	704.02	433.40	552.63	4.11	302.38	0.57	146.98	14463.77	-13001.15	10321.65
Fixation L	1	22	3848355384	3848603380	247996	433.91	554.97	43	47	-1	16.39	16.39
Fixation R	1	22	3848355384	3848603380	247996	433.91	554.97	43	47	-1	18.61	18.61
Saccade L	1	21	3848603380	3848659393	56013	426.44	543.52	999.05	467.81	12.76	425.80	0.36	227.85	20457.24	-15836.19	11553.31
Saccade R	1	21	3848603380	3848659393	56013	426.44	543.52	999.05	467.81	12.76	425.80	0.36	227.85	20457.24	-15836.19	11553.31
Fixation L	1	23	3848659393	3849007391	347998	1022.13	447.25	32	51	-1	13.71	13.71
Fixation R	1	23	3848659393	3849007391	347998	1022.13	447.25	32	51	-1	15.79	15.79
Saccade L	1	22	3849007391	3849039410	32019	1032.74	481.39	959.77	464.18	1.92	150.53	0.37	59.91	6612.19	-5816.61	4108.70
Saccade R	1	22	3849007391	3849039410	32019	1032.74	481.39	959.77	464.18	1.92	150.53	0.37	59.91	6612.19	-5816.61	4108.70
Fixation L	1	24	3849039410	3849399277	359867	956.32	446.64	21	36	-1	12.92	12.92
Fixation R	1	24	3849039410	3849399277	359867	956.32	446.64	21	36	-1	14.80	14.80
Saccade L	1	23	3849399277	3849483284	84007	958.87	432.03	339.69	369.81	14.38	388.27	0.24	171.23	19000.98	-14864.34	7534.85
Saccade R	1	23	3849399277	3849483284	84007	958.87	432.03	339.69	369.81	14.38	388.27	0.24	171.23	19000.98	-14864.34	7534.85
Fixation L	1	25	3849483284	3849611275	127991	336.11	376.10	14	24	-1	13.50	13.50
Fixation R	1	25	3849483284	3849611275	127991	336.11	376.10	14	24	-1	14.72	14.72
Saccade L	1	24	3849611275	3849639281	28006	339.76	385.44	361.88	489.40	2.09	159.32	0.57	74.70	6816.56	-6432.05	4846.00
Saccade R	1	24	3849611275	3849639281	28006	339.76	385.44	361.88	489.40	2.09	159.32	0.57	74.70	6816.56	-6432.05	4846.00
Fixation L	1	26	3849639281	3850075274	435993	373.35	476.88	31	41	-1	14.25	14.25
Fixation R	1	26	3849639281	3850075274	435993	373.35	476.88	31	41	-1	15.64	15.64
Saccade L	1	25	3850075274	3850103300	28026	387.36	477.68	387.44	444.69	1.11	83.22	0.43	39.50	3231.26	-2919.28	1831.93
Saccade R	1	25	3850075274	3850103300	28026	387.36	477.68	387.44	444.69	1.11	83.22	0.43	39.50	3231.26	-2919.28	1831.93
Fixation L	1	27	3850103300	3850263295	159995	375.04	417.75	22	43	-1	14.48	14.48
Fixation R	1	27	3850103300	3850263295	159995	375.04	417.75	22	43	-1	16.18	16.18
Saccade L	1	26	3850263295	3850287202	23907	362.05	405.06	389.06	471.10	1.37	107.07	0.50	57.47	4656.21	-4322.82	3216.60
Saccade R	1	26	3850263295	3850287202	23907	362.05	405.06	389.06	471.10	1.37	107.07	0.50	57.47	4656.21	-4322.82	3216.60
Fixation L	1	28	3850287202	3850523310	236108	393.85	495.52	19	68	-1	14.50	14.50
Fixation R	1	28	3850287202	3850523310	236108	393.85	495.52	19	68	-1	16.35	16.35
Saccade L	1	27	3850523310	3850563301	39991	385.22	513.25	371.28	402.17	2.85	154.08	0.30	71.22	6544.51	-5001.11	3877.03
Saccade R	1	27	3850523310	3850563301	39991	385.22	513.25	371.28	402.17	2.85	154.08	0.30	71.22	6544.51	-5001.11	3877.03
Fixation L	1	29	3850563301	3850823193	259892	362.69	405.95	21	22	-1	14.67	14.67
Fixation R	1	29	3850563301	3850823193	259892	362.69	405.95	21	22	-1	16.61	16.61
Saccade L	1	28	3850823193	3850855170	31977	372.58	411.75	330.60	430.29	1.39	101.32	0.37	43.56	4276.65	-3822.05	2553.88
Saccade R	1	28	3850823193	3850855170	31977	372.58	411.75	330.60	430.29	1.39	101.32	0.37	43.56	4276.65	-3822.05	2553.88
Fixation L	1	30	3850855170	3851103183	248013	309.58	421.81	29	30	-1	14.58	14.58
Fixation R	1	30	3850855170	3851103183	248013	309.58	421.81	29	30	-1	16.52	16.52
Saccade L	1	29	3851103183	3851127199	24016	306.78	407.70	315.91	492.48	1.71	149.88	0.50	71.01	6455.63	-5495.19	4417.44
Saccade R	1	29	3851103183	3851127199	24016	306.78	407.70	315.91	492.48	1.71	149.88	0.50	71.01	6455.63	-5495.19	4417.44
Fixation L	1	31	3851127199	3851287183	159984	325.81	494.33	22	30	-1	14.91	14.91
Fixation R	1	31	3851127199	3851287183	159984	325.81	494.33	22	30	-1	16.67	16.67
Saccade L	1	30	3851287183	3851343147	55964	333.53	504.15	418.99	541.94	4.09	181.85	0.29	73.02	8916.25	-4704.78	3478.15
Saccade R	1	30	3851287183	3851343147	55964	333.53	504.15	418.99	541.94	4.09	181.85	0.29	73.02	8916.25	-4704.78	3478.15
Fixation L	1	32	3851343147	3851827198	484051	413.84	557.37	32	55	-1	15.05	15.05
Fixation R	1	32	3851343147	3851827198	484051	413.84	557.37	32	55	-1	16.80	16.80
Fixation L	1	33	3851875223	3852039073	163850	374.95	553.98	16	21	-1	15.21	15.21
Fixation R	1	33	3851875223	3852039073	163850	374.95	553.98	16	21	-1	17.13	17.13
Saccade L	1	31	3852039073	3852067097	28024	381.47	553.31	317.65	557.84	1.19	73.39	0.57	42.54	3165.15	-3160.18	2339.22
Saccade R	1	31	3852039073	3852067097	28024	381.47	553.31	317.65	557.84	1.19	73.39	0.57	42.54	3165.15	-3160.18	2339.22
Fixation L	1	34	3852067097	3852247113	180016	317.68	559.46	25	26	-1	15.26	15.26
Fixation R	1	34	3852067097	3852247113	180016	317.68	559.46	25	26	-1	17.17	17.17
Saccade L	1	32	3852247113	3852283078	35965	317.73	563.34	409.77	551.36	2.54	188.69	0.44	70.67	8502.94	-7987.57	4978.46
Saccade R	1	32	3852247113	3852283078	35965	317.73	563.34	409.77	551.36	2.54	188.69	0.44	70.67	8502.94	-7987.57	4978.46
Fixation L	1	35	3852283078	3852991061	707983	421.39	590.32	20	70	-1	15.80	15.80
Fixation R	1	35	3852283078	3852991061	707983	421.39	590.32	20	70	-1	17.62	17.62
Saccade L	1	33	3852991061	3853039053	47992	430.04	606.87	384.52	613.83	2.66	142.11	0.25	55.36	6092.45	-3811.27	2632.11
Saccade R	1	33	3852991061	3853039053	47992	430.04	606.87	384.52	613.83	2.66	142.11	0.25	55.36	6092.45	-3811.27	2632.11
Fixation L	1	36	3853039053	3853283106	244053	377.34	606.16	21	39	-1	16.44	16.44
Fixation R	1	36	3853039053	3853283106	244053	377.34	606.16	21	39	-1	18.37	18.37
Fixation L	1	37	3853299134	3853906997	607863	431.49	581.76	29	53	-1	16.09	16.09
Fixation R	1	37	3853299134	3853906997	607863	431.49	581.76	29	53	-1	18.22	18.22
Fixation L	1	38	3853922991	3854667037	744046	382.34	594.68	71	31	-1	16.00	16.00
Fixation R	1	38	3853922991	3854667037	744046	382.34	594.68	71	31	-1	18.04	18.04
Saccade L	1	34	3854835008	3854858896	23888	292.94	597.19	331.18	600.45	0.71	51.73	0.33	29.72	1571.97	-1908.89	1278.78
Saccade R	1	34	3854835008	3854858896	23888	292.94	597.19	331.18	600.45	0.71	51.73	0.33	29.72	1571.97	-1908.89	1278.78
Fixation L	1	39	3854858896	3855118942	260046	329.99	617.39	32	31	-1	15.77	15.77
Fixation R	1	39	3854858896	3855118942	260046	329.99	617.39	32	31	-1	18.19	18.19
Saccade L	1	35	3855118942	3855154890	35948	337.03	631.55	415.56	620.44	2.17	156.39	0.44	60.45	6633.79	-6346.22	4111.64
Saccade R	1	35	3855118942	3855154890	35948	337.03	631.55	415.56	620.44	2.17	156.39	0.44	60.45	6633.79	-6346.22	4111.64
Fixation L	1	40	3855154890	3855582912	428022	422.50	593.86	20	49	-1	15.40	15.40
Fixation R	1	40	3855154890	3855582912	428022	422.50	593.86	20	49	-1	17.53	17.53
Saccade L	1	36	3855582912	3855602905	19993	419.10	601.75	351.62	611.55	0.98	103.51	0.60	49.23	4281.42	-2428.96	2326.62
Saccade R	1	36	3855582912	3855602905	19993	419.10	601.75	351.62	611.55	0.98	103.51	0.60	49.23	4281.42	-2428.96	2326.62
Saccade L	1	37	3855614915	3855634904	19989	400.03	603.26	367.18	599.67	0.54	44.15	0.40	27.14	160.40	-1728.89	1150.98
Saccade R	1	37	3855614915	3855634904	19989	400.03	603.26	367.18	599.67	0.54	44.15	0.40	27.14	160.40	-1728.89	1150.98
Fixation L	1	41	3855634904	3856182844	547940	360.53	622.17	26	39	-1	15.51	15.51
Fixation R	1	41	3855634904	3856182844	547940	360.53	622.17	26	39	-1	17.38	17.38
Saccade L	1	38	3856182844	3856218927	36083	366.63	608.14	403.71	639.79	1.64	102.62	0.44	45.35	4597.27	-3861.38	2376.63
Saccade R	1	38	3856182844	3856218927	36083	366.63	608.14	403.71	639.79	1.64	102.62	0.44	45.35	4597.27	-3861.38	2376.63
Fixation L	1	42	3856218927	3856466816	247889	437.68	653.58	41	32	-1	15.77	15.77
Fixation R	1	42	3856218927	3856466816	247889	437.68	653.58	41	32	-1	17.90	17.90
Saccade L	1	39	3856466816	3856526809	59993	444.31	644.87	1040.46	604.97	12.99	348.61	0.40	216.53	15600.83	-13758.38	8954.18
Saccade R	1	39	3856466816	3856526809	59993	444.31	644.87	1040.46	604.97	12.99	348.61	0.40	216.53	15600.83	-13758.38	8954.18
Saccade L	1	40	3856534811	3856554805	19994	1018.66	610.02	1065.58	589.38	0.89	75.26	0.40	44.41	2081.05	-3257.35	1665.89
Saccade R	1	40	3856534811	3856554805	19994	1018.66	610.02	1065.58	589.38	0.89	75.26	0.40	44.41	2081.05	-3257.35	1665.89
Fixation L	1	43	3856554805	3856850812	296007	1067.66	593.07	42	30	-1	15.13	15.13
Fixation R	1	43	3856554805	3856850812	296007	1067.66	593.07	42	30	-1	17.43	17.43
Saccade L	1	41	3856850812	3856878833	28021	1090.26	578.54	1072.29	679.79	2.12	173.57	0.57	75.65	7503.63	-6339.24	5100.44
Saccade R	1	41	3856850812	3856878833	28021	1090.26	578.54	1072.29	679.79	2.12	173.57	0.57	75.65	7503.63	-6339.24	5100.44
Fixation L	1	44	3856878833	3857122830	243997	1062.41	666.41	19	33	-1	13.72	13.72
Fixation R	1	44	3856878833	3857122830	243997	1062.41	666.41	19	33	-1	15.88	15.88
Saccade L	1	42	3857122830	3857146820	23990	1072.00	644.35	1142.28	644.67	1.65	144.59	0.50	68.80	6029.18	-5851.31	4293.23
Saccade R	1	42	3857122830	3857146820	23990	1072.00	644.35	1142.28	644.67	1.65	144.59	0.50	68.80	6029.18	-5851.31	4293.23
Fixation L	1	45	3857146820	3857406816	259996	1154.01	633.47	19	23	-1	13.50	13.50
Fixation R	1	45	3857146820	3857406816	259996	1154.01	633.47	19	23	-1	15.31	15.31
Saccade L	1	43	3857406816	3857442840	36024	1159.99	628.69	1053.63	630.37	2.81	200.74	0.44	78.10	9118.49	-8390.48	5751.71
Saccade R	1	43	3857406816	3857442840	36024	1159.99	628.69	1053.63	630.37	2.81	200.74	0.44	78.10	9118.49	-8390.48	5751.71
Fixation L	1	46	3857442840	3857586847	144007	1043.00	619.33	17	27	-1	13.78	13.78
Fixation R	1	46	3857442840	3857586847	144007	1043.00	619.33	17	27	-1	15.43	15.43
Saccade L	1	44	3857586847	3857614814	27967	1045.62	638.82	1000.25	643.38	1.23	94.03	0.43	43.82	3488.41	-3566.70	2413.51
Saccade R	1	44	3857586847	3857614814	27967	1045.62	638.82	1000.25	643.38	1.23	94.03	0.43	43.82	3488.41	-3566.70	2413.51
Fixation L	1	47	3857614814	3857738728	123914	987.93	638.28	36	13	-1	13.97	13.97
Fixation R	1	47	3857614814	3857738728	123914	987.93	638.28	36	13	-1	15.79	15.79
Saccade L	1	45	3857738728	3857786704	47976	970.56	640.38	0.00	0.00	34.73	2357.22	0.75	723.94	70641.37	-98572.55	47084.75
Saccade R	1	45	3857738728	3857786704	47976	970.56	640.38	0.00	0.00	34.73	2357.22	0.75	723.94	70641.37	-98572.55	47084.75
Fixation L	1	48	3857786704	3858406731	620027	0.00	0.00	0	0	-1	12.93	12.93
Fixation R	1	48	3857786704	3858406731	620027	0.00	0.00	0	0	-1	8.19	8.19
Saccade L	1	46	3858788438	3858968965	180527	0.00	0.00	960.42	831.98	189.71	2451.70	0.93	1050.87	102312.07	-101957.00	76983.47
Saccade R	1	46	3858788438	3858968965	180527	0.00	0.00	960.42	831.98	189.71	2451.70	0.93	1050.87	102312.07	-101957.00	76983.47
Saccade L	1	47	3858992977	3859056960	63983	959.24	826.52	1017.15	697.89	5.56	259.36	0.31	86.84	11613.77	-6644.96	4663.29
Saccade R	1	47	3858992977	3859056960	63983	959.24	826.52	1017.15	697.89	5.56	259.36	0.31	86.84	11613.77	-6644.96	4663.29
UserEvent	1	4	3859052370	# Message: UE-keypress D3
Fixation L	1	49	3859056960	3859684966	628006	1021.58	662.69	87	67	-1	14.81	14.81
Fixation R	1	49	3859056960	3859684966	628006	1021.58	662.69	87	67	-1	16.93	16.93
Saccade L	1	48	3859684966	3859708986	24020	1064.57	634.53	977.59	644.92	1.73	159.05	0.67	72.23	7282.59	-6615.34	4822.04
Saccade R	1	48	3859684966	3859708986	24020	1064.57	634.53	977.59	644.92	1.73	159.05	0.67	72.23	7282.59	-6615.34	4822.04
Fixation L	1	50	3859708986	3860976880	1267894	970.30	660.59	54	55	-1	14.48	14.48
Fixation R	1	50	3859708986	3860976880	1267894	970.30	660.59	54	55	-1	16.15	16.15
