[BeGaze]
Converted from:	D:\Kirillov\Results\ermolova_temp\Dasha-eye_data.idf
Date:	17.04.2019 03:53:26
Version:	BeGaze 3.0.181
Sample Rate:	250
Subject:	Dasha
Description:	Run24

Table Header for Fixations:
Event Type	Trial	Number	Start	End	Duration	Location X	Location Y	Dispersion X	Dispersion Y	Plane	Avg. Pupil Size X	Avg. Pupil Size Y

Table Header for Saccades:
Event Type	Trial	Number	Start	End	Duration	Start Loc.X	Start Loc.Y	End Loc.X	End Loc.Y	Amplitude	Peak Speed	Peak Speed At	Average Speed	Peak Accel.	Peak Decel.	Average Accel.

Table Header for User Events:
Event Type	Trial	Number	Start	Description

UserEvent	1	1	11164123788	# Message: experiment-14.jpg
Saccade L	1	1	11166404686	11166432701	28015	0.00	0.00	0.00	0.00	11.05	525.90	0.43	394.42	28173.09	-28173.09	23477.57
Saccade R	1	1	11166404686	11166432701	28015	0.00	0.00	0.00	0.00	11.05	525.90	0.43	394.42	28173.09	-28173.09	23477.57
Fixation L	1	1	11166432701	11166488672	55971	0.00	0.00	0	0	-1	10.91	10.91
Fixation R	1	1	11166432701	11166488672	55971	0.00	0.00	0	0	-1	12.65	12.65
Saccade L	1	2	11166544679	11166572683	28004	0.00	0.00	0.00	0.00	10.88	518.11	0.29	388.58	13877.85	-23129.76	10887.43
Saccade R	1	2	11166544679	11166572683	28004	0.00	0.00	0.00	0.00	10.88	518.11	0.29	388.58	13877.85	-23129.76	10887.43
Saccade L	1	3	11166572683	11166644681	71998	0.00	0.00	0.00	0.00	40.92	1444.22	0.22	568.40	37423.84	-39373.23	18431.72
Saccade R	1	3	11166572683	11166644681	71998	0.00	0.00	0.00	0.00	40.92	1444.22	0.22	568.40	37423.84	-39373.23	18431.72
Saccade L	1	4	11166692682	11166724700	32018	0.00	0.00	0.00	0.00	18.96	1049.88	0.25	592.13	51233.37	-51886.86	32403.04
Saccade R	1	4	11166692682	11166724700	32018	0.00	0.00	0.00	0.00	18.96	1049.88	0.25	592.13	51233.37	-51886.86	32403.04
Fixation L	1	2	11166724700	11166860676	135976	0.00	0.00	0	0	-1	13.65	13.65
Fixation R	1	2	11166724700	11166860676	135976	0.00	0.00	0	0	-1	11.50	11.50
Fixation L	1	3	11166888691	11166968556	79865	0.00	0.00	0	0	-1	14.96	14.96
Fixation R	1	3	11166888691	11166968556	79865	0.00	0.00	0	0	-1	11.01	11.01
Saccade L	1	5	11166996588	11167028595	32007	0.00	0.00	0.00	0.00	15.44	723.48	0.50	482.32	32298.24	-38757.89	23452.83
Fixation R	1	4	11166996588	11167084559	87971	46.68	21.06	1026	463	-1	11.03	11.03
Fixation L	1	4	11167028595	11167084559	55964	0.00	0.00	0	0	-1	14.99	14.99
Fixation L	1	5	11167140580	11167480569	339989	0.00	0.00	0	0	-1	14.12	14.12
Fixation R	1	5	11167140580	11167480569	339989	0.00	0.00	0	0	-1	9.57	9.57
Saccade L	1	6	11167480569	11167516571	36002	0.00	0.00	0.00	0.00	21.94	1506.79	0.67	609.45	60389.02	-60728.47	24942.08
Saccade L	1	7	11167556570	11167584617	28047	0.00	0.00	0.00	0.00	15.51	737.41	0.43	553.06	39504.20	-39504.20	32920.16
Fixation L	1	6	11167584617	11167640588	55971	0.00	0.00	0	0	-1	14.39	14.39
Fixation R	1	6	11167584617	11167640588	55971	0.00	0.00	0	0	-1	10.10	10.10
Saccade L	1	8	11167680582	11167716602	36020	0.00	0.00	1028.23	476.52	30.30	1521.83	0.55	841.18	54330.41	-24274.55	25022.03
Saccade L	1	9	11167732572	11167768552	35980	0.00	0.00	0.00	0.00	37.51	2226.87	0.33	1042.51	53366.10	-92780.96	43062.75
Saccade L	1	10	11167836594	11167868578	31984	0.00	0.00	0.00	0.00	15.37	720.68	0.25	480.46	32173.39	-38608.07	23571.79
Fixation L	1	7	11167868578	11167928582	60004	0.00	0.00	0	0	-1	13.31	13.31
Fixation L	1	8	11167956618	11168092607	135989	0.00	0.00	0	0	-1	14.92	14.92
Fixation R	1	7	11167956618	11168092607	135989	0.00	0.00	0	0	-1	7.39	7.39
Saccade L	1	11	11168108579	11168128590	20011	0.00	0.00	536.98	450.74	4.60	462.22	0.40	229.97	11329.86	-12315.23	9190.69
Saccade L	1	12	11168128590	11168176583	47993	536.98	450.74	0.00	0.00	16.08	494.44	0.58	334.95	13108.16	-22073.02	7852.09
Saccade L	1	13	11168176583	11168232610	56027	0.00	0.00	0.00	0.00	29.70	1484.62	0.29	530.15	48360.72	-39873.32	22259.47
Saccade L	1	14	11168252585	11168292592	40007	0.00	0.00	0.00	0.00	34.41	1608.83	0.30	860.19	65506.01	-30108.02	28786.62
Saccade R	1	5	11168252585	11168292592	40007	0.00	0.00	0.00	0.00	34.41	1608.83	0.30	860.19	65506.01	-30108.02	28786.62
Saccade L	1	15	11168292592	11168320598	28006	0.00	0.00	562.67	446.31	11.98	957.00	0.43	427.91	10903.87	-28388.08	16862.49
Saccade L	1	16	11168400487	11168420540	20053	0.00	0.00	0.00	0.00	6.22	918.75	0.40	310.23	349.57	-37022.61	12527.61
Fixation L	1	9	11168420540	11168544465	123925	0.00	0.00	0	0	-1	15.19	15.19
Fixation R	1	8	11168420540	11168544465	123925	0.00	0.00	0	0	-1	5.34	5.34
Fixation L	1	10	11168572479	11168880482	308003	0.00	0.00	0	0	-1	15.67	15.67
Saccade L	1	17	11168880482	11168928476	47994	0.00	0.00	0.00	0.00	26.38	1265.99	0.25	549.71	55468.55	-48989.18	26732.23
Saccade L	1	18	11168984487	11169020496	36009	0.00	0.00	0.00	0.00	21.10	1347.08	0.67	585.93	51432.73	-56941.91	27650.59
Fixation R	1	9	11169020496	11169184503	164007	17.11	10.37	701	425	-1	6.47	6.47
Fixation L	1	11	11169072491	11169184503	112012	0.00	0.00	0	0	-1	16.08	16.08
Saccade L	1	19	11169184503	11169224515	40012	0.00	0.00	623.84	456.37	22.91	1384.86	0.30	572.64	60198.43	-30713.69	27515.27
Saccade R	1	6	11169184503	11169224515	40012	0.00	0.00	623.84	456.37	22.91	1384.86	0.30	572.64	60198.43	-30713.69	27515.27
Saccade L	1	20	11169224515	11169244495	19980	623.84	456.37	0.00	0.00	17.39	2099.33	0.40	870.41	44758.41	-59120.41	34472.97
Saccade L	1	21	11169272486	11169304499	32013	620.27	502.04	0.00	0.00	12.61	475.19	0.50	393.87	19589.29	-12533.70	8729.42
Saccade L	1	22	11169376492	11169428502	52010	0.00	0.00	0.00	0.00	18.95	514.44	0.62	364.36	22238.69	-63196.28	12864.98
Saccade R	1	7	11169376492	11169428502	52010	0.00	0.00	0.00	0.00	18.95	514.44	0.62	364.36	22238.69	-63196.28	12864.98
Saccade L	1	23	11169428502	11169480512	52010	0.00	0.00	0.00	0.00	24.40	1060.44	0.31	469.09	38886.17	-51199.08	19414.92
Fixation R	1	10	11169428502	11169500517	72015	129.10	127.75	617	701	-1	11.80	11.80
Saccade L	1	24	11169500517	11169544430	43913	0.00	0.00	0.00	0.00	19.05	1035.67	0.27	433.88	50904.06	-27793.57	18888.33
Saccade R	1	8	11169500517	11169544430	43913	0.00	0.00	0.00	0.00	19.05	1035.67	0.27	433.88	50904.06	-27793.57	18888.33
Saccade L	1	25	11169552494	11169580525	28031	0.00	0.00	0.00	0.00	17.87	850.24	0.43	637.68	45548.46	-37957.05	28911.94
Saccade L	1	26	11169580525	11169612519	31994	0.00	0.00	0.00	0.00	17.97	842.34	0.25	561.56	37604.25	-45125.10	27560.77
Fixation L	1	12	11169612519	11169748500	135981	0.00	0.00	0	0	-1	14.75	14.75
Fixation R	1	11	11169612519	11169748500	135981	0.00	0.00	0	0	-1	11.38	11.38
Saccade L	1	27	11169748500	11169800397	51897	0.00	0.00	549.70	492.17	24.81	1497.54	0.23	478.10	62505.24	-45971.57	30286.68
Saccade R	1	9	11169748500	11169800397	51897	0.00	0.00	549.70	492.17	24.81	1497.54	0.23	478.10	62505.24	-45971.57	30286.68
Saccade L	1	28	11169800397	11169828392	27995	549.70	492.17	0.00	0.00	11.89	974.07	0.28	424.77	33754.32	-39259.86	27778.83
Fixation L	1	13	11169828392	11169880381	51989	0.00	0.00	0	0	-1	15.77	15.77
Fixation L	1	14	11169908369	11169964386	56017	0.00	0.00	0	0	-1	14.91	14.91
Fixation R	1	12	11169908369	11169964386	56017	0.00	0.00	0	0	-1	13.33	13.33
Saccade L	1	29	11170064382	11170132478	68096	0.00	0.00	0.00	0.00	35.26	1512.49	0.47	517.79	34840.35	-37735.58	18293.44
Saccade L	1	30	11170132478	11170160402	27924	0.00	0.00	0.00	0.00	10.10	482.41	0.28	361.80	12921.56	-25843.13	17431.60
Fixation R	1	13	11170132478	11170236397	103919	23.25	17.15	604	445	-1	7.32	7.32
Fixation L	1	15	11170160402	11170236397	75995	0.00	0.00	0	0	-1	14.70	14.70
Saccade L	1	31	11170236397	11170272376	35979	0.00	0.00	0.00	0.00	24.07	1433.38	0.33	668.88	63977.47	-51230.75	35798.89
Saccade R	1	10	11170236397	11170272376	35979	0.00	0.00	0.00	0.00	24.07	1433.38	0.33	668.88	63977.47	-51230.75	35798.89
Fixation L	1	16	11170272376	11170324408	52032	0.00	0.00	0	0	-1	15.13	15.13
Fixation R	1	14	11170272376	11170324408	52032	0.00	0.00	0	0	-1	13.35	13.35
Saccade L	1	32	11170324408	11170372388	47980	0.00	0.00	516.14	425.54	18.18	851.21	0.58	378.99	24518.98	-22825.81	11394.74
Saccade R	1	11	11170324408	11170372388	47980	0.00	0.00	516.14	425.54	18.18	851.21	0.58	378.99	24518.98	-22825.81	11394.74
Saccade L	1	33	11170508395	11170544385	35990	0.00	0.00	0.00	0.00	21.17	1450.91	0.33	588.27	58715.46	-57905.60	24288.26
Saccade R	1	12	11170508395	11170544385	35990	0.00	0.00	0.00	0.00	21.17	1450.91	0.33	588.27	58715.46	-57905.60	24288.26
Fixation L	1	17	11170544385	11170720454	176069	0.00	0.00	0	0	-1	14.50	14.50
Fixation R	1	15	11170544385	11170720454	176069	0.00	0.00	0	0	-1	10.76	10.76
Fixation L	1	18	11170748397	11170832391	83994	0.00	0.00	0	0	-1	14.20	14.20
Fixation R	1	16	11170748397	11170832391	83994	0.00	0.00	0	0	-1	11.31	11.31
Saccade L	1	34	11170832391	11170852426	20035	0.00	0.00	0.00	0.00	14.20	1061.64	0.60	709.01	56873.35	-28386.74	31596.46
Saccade R	1	13	11170832391	11170852426	20035	0.00	0.00	0.00	0.00	14.20	1061.64	0.60	709.01	56873.35	-28386.74	31596.46
Saccade L	1	35	11170852426	11170876395	23969	0.00	0.00	0.00	0.00	14.51	1055.99	0.33	605.57	27933.19	-56570.98	28204.05
Saccade R	1	14	11170852426	11170876395	23969	0.00	0.00	0.00	0.00	14.51	1055.99	0.33	605.57	27933.19	-56570.98	28204.05
Fixation L	1	19	11170876395	11171036372	159977	0.00	0.00	0	0	-1	14.85	14.85
Fixation R	1	17	11170876395	11171088393	211998	20.74	8.36	1099	443	-1	12.96	12.96
Fixation L	1	20	11171172350	11171328274	155924	0.00	0.00	0	0	-1	14.97	14.97
Fixation R	1	18	11171172350	11171328274	155924	0.00	0.00	0	0	-1	11.65	11.65
Saccade L	1	36	11171328274	11171356282	28008	0.00	0.00	0.00	0.00	9.02	429.26	0.43	321.94	22995.98	-22995.98	19163.31
Fixation L	1	21	11171356282	11171752302	396020	0.00	0.00	0	0	-1	14.61	14.61
Saccade L	1	37	11171752302	11171780284	27982	0.00	0.00	0.00	0.00	14.92	710.86	0.43	533.14	38081.77	-38081.77	31734.81
Fixation L	1	22	11171780284	11171928304	148020	0.00	0.00	0	0	-1	14.80	14.80
Fixation R	1	19	11171780284	11171928304	148020	0.00	0.00	0	0	-1	12.50	12.50
Saccade L	1	38	11171948306	11171968326	20020	0.00	0.00	0.00	0.00	7.72	755.90	0.40	385.38	19786.98	-40494.53	16900.49
Saccade L	1	39	11171984315	11172020307	35992	0.00	0.00	0.00	0.00	39.14	2334.53	0.33	1087.47	98653.31	-95854.05	59356.52
Saccade R	1	15	11171984315	11172020307	35992	0.00	0.00	0.00	0.00	39.14	2334.53	0.33	1087.47	98653.31	-95854.05	59356.52
Fixation L	1	23	11172020307	11172604193	583886	0.00	0.00	0	0	-1	12.27	12.27
Fixation R	1	20	11172020307	11174456168	2435861	1.74	0.93	1061	567	-1	13.46	13.46
Fixation L	1	24	11172632242	11174456168	1823926	0.00	0.00	0	0	-1	13.91	13.91
Fixation L	1	25	11174484130	11175332111	847981	0.00	0.00	0	0	-1	14.39	14.39
Fixation R	1	21	11174484130	11175332111	847981	0.00	0.00	0	0	-1	14.57	14.57
Saccade L	1	40	11175332111	11175360137	28026	0.00	0.00	0.00	0.00	15.45	735.26	0.43	551.44	39388.83	-39388.83	32824.02
Saccade R	1	16	11175332111	11175360137	28026	0.00	0.00	0.00	0.00	15.45	735.26	0.43	551.44	39388.83	-39388.83	32824.02
Fixation L	1	26	11175360137	11176292007	931870	0.00	0.00	0	0	-1	12.33	12.33
Fixation R	1	22	11175360137	11176292007	931870	0.00	0.00	0	0	-1	14.33	14.33
Saccade L	1	41	11176292007	11176320019	28012	0.00	0.00	0.00	0.00	15.38	731.90	0.43	548.93	39209.14	-39209.14	32674.29
Saccade R	1	17	11176292007	11176320019	28012	0.00	0.00	0.00	0.00	15.38	731.90	0.43	548.93	39209.14	-39209.14	32674.29
Fixation L	1	27	11176360031	11176484035	124004	0.00	0.00	0	0	-1	13.60	13.60
Fixation R	1	23	11176360031	11177143905	783874	10.12	7.33	991	784	-1	14.65	14.65
Saccade L	1	42	11176484035	11176516011	31976	0.00	0.00	0.00	0.00	28.23	1571.24	0.25	882.70	77396.42	-76945.32	47925.46
Fixation L	1	28	11176516011	11177143905	627894	0.00	0.00	0	0	-1	13.15	13.15
Fixation L	1	29	11177171911	11177447937	276026	0.00	0.00	0	0	-1	13.58	13.58
Fixation R	1	24	11177171911	11177447937	276026	0.00	0.00	0	0	-1	14.40	14.40
Fixation L	1	30	11177547935	11177899859	351924	0.00	0.00	0	0	-1	13.74	13.74
Fixation R	1	25	11177547935	11177899859	351924	0.00	0.00	0	0	-1	14.43	14.43
Fixation L	1	31	11177927930	11178283816	355886	0.00	0.00	0	0	-1	10.79	10.79
Fixation R	1	26	11177927930	11178543832	615902	6.36	3.11	979	479	-1	12.11	12.11
Saccade L	1	43	11178283816	11178311801	27985	0.00	0.00	0.00	0.00	14.70	700.45	0.43	525.34	37524.27	-37524.27	31270.23
Fixation L	1	32	11178311801	11178543832	232031	0.00	0.00	0	0	-1	11.70	11.70
Fixation L	1	33	11178571876	11178899829	327953	0.00	0.00	0	0	-1	11.60	11.60
Fixation R	1	27	11178571876	11178899829	327953	0.00	0.00	0	0	-1	11.26	11.26
Fixation L	1	34	11178927835	11179031837	104002	0.00	0.00	0	0	-1	12.56	12.56
Fixation R	1	28	11178927835	11179031837	104002	0.00	0.00	0	0	-1	13.78	13.78
Saccade L	1	44	11179031837	11179059828	27991	0.00	0.00	0.00	0.00	14.46	688.56	0.43	516.42	36887.16	-36887.16	30739.30
Saccade R	1	18	11179031837	11179059828	27991	0.00	0.00	0.00	0.00	14.46	688.56	0.43	516.42	36887.16	-36887.16	30739.30
Fixation L	1	35	11179059828	11179303841	244013	0.00	0.00	0	0	-1	11.27	11.27
Fixation R	1	29	11179059828	11179303841	244013	0.00	0.00	0	0	-1	13.50	13.50
