[BeGaze]
Converted from:	D:\Kirillov\Results\ermolova_temp\Anna-eye_data.idf
Date:	17.04.2019 03:52:54
Version:	BeGaze 3.0.181
Sample Rate:	250
Subject:	Anna
Description:	Run15

Table Header for Fixations:
Event Type	Trial	Number	Start	End	Duration	Location X	Location Y	Dispersion X	Dispersion Y	Plane	Avg. Pupil Size X	Avg. Pupil Size Y

Table Header for Saccades:
Event Type	Trial	Number	Start	End	Duration	Start Loc.X	Start Loc.Y	End Loc.X	End Loc.Y	Amplitude	Peak Speed	Peak Speed At	Average Speed	Peak Accel.	Peak Decel.	Average Accel.

Table Header for User Events:
Event Type	Trial	Number	Start	Description

UserEvent	1	1	3609927771	# Message: RichText1.jpg
Saccade L	1	1	3609963932	3609987934	24002	702.91	304.88	768.70	313.60	1.28	108.25	0.50	53.35	4802.68	-4335.08	3309.57
Saccade R	1	1	3609963932	3609987934	24002	702.91	304.88	768.70	313.60	1.28	108.25	0.50	53.35	4802.68	-4335.08	3309.57
Fixation L	1	1	3609987934	3610271850	283916	775.63	329.88	22	24	-1	13.38	13.38
Fixation R	1	1	3609987934	3610271850	283916	775.63	329.88	22	24	-1	14.42	14.42
Saccade L	1	2	3610271850	3610299841	27991	770.38	336.66	648.13	337.76	2.64	217.99	0.57	94.18	9298.87	-9645.85	6950.00
Saccade R	1	2	3610271850	3610299841	27991	770.38	336.66	648.13	337.76	2.64	217.99	0.57	94.18	9298.87	-9645.85	6950.00
Fixation L	1	2	3610299841	3610415840	115999	655.75	342.10	20	17	-1	13.32	13.32
Fixation R	1	2	3610299841	3610415840	115999	655.75	342.10	20	17	-1	13.73	13.73
Saccade L	1	3	3610415840	3610447839	31999	660.84	348.94	855.20	359.66	4.01	288.09	0.63	125.46	14153.54	-13442.98	9882.92
Saccade R	1	3	3610415840	3610447839	31999	660.84	348.94	855.20	359.66	4.01	288.09	0.63	125.46	14153.54	-13442.98	9882.92
Fixation L	1	3	3610447839	3610603834	155995	844.61	371.96	15	28	-1	13.49	13.49
Fixation R	1	3	3610447839	3610603834	155995	844.61	371.96	15	28	-1	14.02	14.02
Saccade L	1	4	3610603834	3610651843	48009	845.09	388.29	687.28	474.32	4.79	299.80	0.33	99.77	13403.36	-11713.95	6926.56
Saccade R	1	4	3610603834	3610651843	48009	845.09	388.29	687.28	474.32	4.79	299.80	0.33	99.77	13403.36	-11713.95	6926.56
Fixation L	1	4	3610651843	3610759826	107983	689.27	472.45	9	12	-1	14.07	14.07
Fixation R	1	4	3610651843	3610759826	107983	689.27	472.45	9	12	-1	14.27	14.27
Saccade L	1	5	3610759826	3610795820	35994	685.74	464.26	733.00	573.11	3.14	208.03	0.33	87.17	9345.88	-8270.27	5569.39
Saccade R	1	5	3610759826	3610795820	35994	685.74	464.26	733.00	573.11	3.14	208.03	0.33	87.17	9345.88	-8270.27	5569.39
Fixation L	1	5	3610795820	3610899827	104007	735.20	580.57	5	12	-1	14.28	14.28
Fixation R	1	5	3610795820	3610899827	104007	735.20	580.57	5	12	-1	14.49	14.49
Saccade L	1	6	3610899827	3610931846	32019	739.47	577.23	898.03	581.83	3.26	205.68	0.62	101.89	9697.85	-9809.78	7092.38
Saccade R	1	6	3610899827	3610931846	32019	739.47	577.23	898.03	581.83	3.26	205.68	0.62	101.89	9697.85	-9809.78	7092.38
Fixation L	1	6	3610931846	3611139833	207987	887.65	581.83	20	10	-1	14.44	14.44
Fixation R	1	6	3610931846	3611139833	207987	887.65	581.83	20	10	-1	14.64	14.64
Saccade L	1	7	3611139833	3611163842	24009	877.64	589.81	923.52	587.02	0.87	69.63	0.50	36.30	2954.28	-2210.89	1853.48
Saccade R	1	7	3611139833	3611163842	24009	877.64	589.81	923.52	587.02	0.87	69.63	0.50	36.30	2954.28	-2210.89	1853.48
Fixation L	1	7	3611163842	3611291876	128034	934.57	584.20	47	61	-1	14.56	14.56
Fixation R	1	7	3611163842	3611291876	128034	934.57	584.20	47	61	-1	14.84	14.84
