[BeGaze]
Converted from:	D:\Kirillov\Results\ermolova_temp\Yulia-eye_data.idf
Date:	17.04.2019 03:53:18
Version:	BeGaze 3.0.181
Sample Rate:	250
Subject:	Yulia
Description:	Run22

Table Header for Fixations:
Event Type	Trial	Number	Start	End	Duration	Location X	Location Y	Dispersion X	Dispersion Y	Plane	Avg. Pupil Size X	Avg. Pupil Size Y

Table Header for Saccades:
Event Type	Trial	Number	Start	End	Duration	Start Loc.X	Start Loc.Y	End Loc.X	End Loc.Y	Amplitude	Peak Speed	Peak Speed At	Average Speed	Peak Accel.	Peak Decel.	Average Accel.

Table Header for User Events:
Event Type	Trial	Number	Start	Description

UserEvent	1	1	9445174143	# Message: experiment-10.jpg
Fixation L	1	1	9445176286	9445248235	71949	455.32	430.56	14	20	-1	13.63	13.63
Fixation R	1	1	9445176286	9445248235	71949	455.32	430.56	14	20	-1	11.50	11.50
Saccade L	1	1	9445308262	9445344258	35996	512.75	454.19	497.82	564.12	2.78	225.81	0.44	77.22	8633.91	-9521.33	5691.47
Saccade R	1	1	9445308262	9445344258	35996	512.75	454.19	497.82	564.12	2.78	225.81	0.44	77.22	8633.91	-9521.33	5691.47
Saccade L	1	2	9445388241	9445420229	31988	495.02	563.45	470.98	387.35	3.69	261.12	0.38	115.42	12073.68	-12281.91	8784.81
Saccade R	1	2	9445388241	9445420229	31988	495.02	563.45	470.98	387.35	3.69	261.12	0.38	115.42	12073.68	-12281.91	8784.81
Saccade L	1	3	9445428232	9445504223	75991	469.70	382.61	750.75	746.57	10.71	434.81	0.37	140.92	17521.79	-11242.23	7408.53
Saccade R	1	3	9445428232	9445504223	75991	469.70	382.61	750.75	746.57	10.71	434.81	0.37	140.92	17521.79	-11242.23	7408.53
Saccade L	1	4	9445524254	9445576297	52043	590.56	662.56	592.30	627.95	7.65	414.99	0.46	146.90	9275.88	-16016.15	5719.95
Saccade R	1	4	9445524254	9445576297	52043	590.56	662.56	592.30	627.95	7.65	414.99	0.46	146.90	9275.88	-16016.15	5719.95
Saccade L	1	5	9445608266	9445712245	103979	586.16	608.17	977.39	673.15	12.66	531.61	0.38	121.79	21388.96	-10535.90	5702.03
Saccade R	1	5	9445608266	9445712245	103979	586.16	608.17	977.39	673.15	12.66	531.61	0.38	121.79	21388.96	-10535.90	5702.03
Fixation L	1	2	9445712245	9445828242	115997	981.74	673.59	20	24	-1	13.43	13.43
Fixation R	1	2	9445712245	9445828242	115997	981.74	673.59	20	24	-1	11.17	11.17
Saccade L	1	6	9445828242	9445888267	60025	974.72	687.03	1231.96	370.08	9.36	303.83	0.27	155.94	13982.86	-10623.29	7668.96
Saccade R	1	6	9445828242	9445888267	60025	974.72	687.03	1231.96	370.08	9.36	303.83	0.27	155.94	13982.86	-10623.29	7668.96
Fixation L	1	3	9445888267	9446036263	147996	1215.68	374.89	30	37	-1	13.17	13.17
Fixation R	1	3	9445888267	9446036263	147996	1215.68	374.89	30	37	-1	10.59	10.59
Saccade L	1	7	9446036263	9446064237	27974	1219.72	391.22	1259.07	493.58	2.34	203.51	0.43	83.47	8278.94	-7903.68	5931.53
Saccade R	1	7	9446036263	9446064237	27974	1219.72	391.22	1259.07	493.58	2.34	203.51	0.43	83.47	8278.94	-7903.68	5931.53
Saccade L	1	8	9446096245	9446124262	28017	1262.68	490.59	1223.12	396.01	2.19	171.08	0.43	78.34	7158.19	-7322.26	5319.36
Saccade R	1	8	9446096245	9446124262	28017	1262.68	490.59	1223.12	396.01	2.19	171.08	0.43	78.34	7158.19	-7322.26	5319.36
Fixation L	1	4	9446124262	9446216260	91998	1208.48	404.27	26	19	-1	13.02	13.02
Fixation R	1	4	9446124262	9446216260	91998	1208.48	404.27	26	19	-1	10.56	10.56
Saccade L	1	9	9446216260	9446252268	36008	1200.72	417.78	1273.70	375.28	1.80	81.15	0.44	49.91	3906.11	-3162.99	2540.02
Saccade R	1	9	9446216260	9446252268	36008	1200.72	417.78	1273.70	375.28	1.80	81.15	0.44	49.91	3906.11	-3162.99	2540.02
Fixation L	1	5	9446252268	9446328270	76002	1280.19	393.98	9	35	-1	13.37	13.37
Fixation R	1	5	9446252268	9446328270	76002	1280.19	393.98	9	35	-1	10.93	10.93
Saccade L	1	10	9446336269	9446396157	59888	1276.39	393.81	707.95	858.30	16.12	602.05	0.33	269.10	24992.50	-18837.34	14221.86
Saccade R	1	10	9446336269	9446396157	59888	1276.39	393.81	707.95	858.30	16.12	602.05	0.33	269.10	24992.50	-18837.34	14221.86
Saccade L	1	11	9446424170	9446448121	23951	724.03	840.10	755.69	828.33	0.69	41.56	0.67	28.63	1294.57	-1244.41	921.40
Saccade R	1	11	9446424170	9446448121	23951	724.03	840.10	755.69	828.33	0.69	41.56	0.67	28.63	1294.57	-1244.41	921.40
Fixation L	1	6	9446448121	9446552139	104018	772.15	840.11	29	30	-1	14.61	14.61
Fixation R	1	6	9446448121	9446552139	104018	772.15	840.11	29	30	-1	11.77	11.77
Saccade L	1	12	9446568173	9446588132	19959	775.34	858.92	630.06	853.12	1.95	193.70	0.60	97.95	3842.91	-7988.53	3782.54
Saccade R	1	12	9446568173	9446588132	19959	775.34	858.92	630.06	853.12	1.95	193.70	0.60	97.95	3842.91	-7988.53	3782.54
Fixation L	1	7	9446588132	9446760190	172058	628.95	830.82	20	33	-1	14.57	14.57
Fixation R	1	7	9446588132	9446760190	172058	628.95	830.82	20	33	-1	11.73	11.73
Saccade L	1	13	9446760190	9446808139	47949	625.31	818.43	811.74	725.60	5.49	284.66	0.25	114.39	12109.97	-5732.33	5532.54
Saccade R	1	13	9446760190	9446808139	47949	625.31	818.43	811.74	725.60	5.49	284.66	0.25	114.39	12109.97	-5732.33	5532.54
Fixation L	1	8	9446808139	9446932146	124007	824.37	719.59	18	33	-1	14.00	14.00
Fixation R	1	8	9446808139	9446932146	124007	824.37	719.59	18	33	-1	11.59	11.59
Saccade L	1	14	9446932146	9447020158	88012	831.30	748.66	1269.20	351.25	18.72	481.19	0.59	212.68	11189.09	-20651.06	8713.74
Saccade R	1	14	9446932146	9447020158	88012	831.30	748.66	1269.20	351.25	18.72	481.19	0.59	212.68	11189.09	-20651.06	8713.74
Fixation L	1	9	9447020158	9447916028	895870	1212.93	421.92	90	105	-1	13.69	13.69
Fixation R	1	9	9447020158	9447916028	895870	1212.93	421.92	90	105	-1	11.10	11.10
Saccade L	1	15	9447916028	9447976104	60076	1202.85	447.82	1001.74	449.38	4.61	157.93	0.27	76.68	7105.49	-4072.87	3062.64
Saccade R	1	15	9447916028	9447976104	60076	1202.85	447.82	1001.74	449.38	4.61	157.93	0.27	76.68	7105.49	-4072.87	3062.64
Fixation L	1	10	9447976104	9448824061	847957	1001.86	395.30	31	78	-1	13.03	13.03
Fixation R	1	10	9447976104	9448824061	847957	1001.86	395.30	31	78	-1	11.28	11.28
Saccade L	1	16	9448824061	9448880048	55987	998.14	405.32	717.07	423.36	6.19	194.46	0.36	110.58	8707.39	-8062.28	5198.52
Saccade R	1	16	9448824061	9448880048	55987	998.14	405.32	717.07	423.36	6.19	194.46	0.36	110.58	8707.39	-8062.28	5198.52
Fixation L	1	11	9448880048	9449683966	803918	726.86	400.31	46	54	-1	13.32	13.32
Fixation R	1	11	9448880048	9450019957	1139909	553.69	310.73	1829	1054	-1	8.89	8.89
Saccade L	1	17	9450251876	9450311964	60088	828.18	810.07	944.65	789.62	4.67	183.82	0.40	77.80	6977.11	-4903.38	3223.34
Saccade R	1	17	9450251876	9450311964	60088	828.18	810.07	944.65	789.62	4.67	183.82	0.40	77.80	6977.11	-4903.38	3223.34
Fixation L	1	12	9450311964	9450471997	160033	917.48	805.01	48	48	-1	14.85	14.85
Fixation R	1	12	9450311964	9450471997	160033	917.48	805.01	48	48	-1	12.25	12.25
Saccade L	1	18	9450547967	9450567959	19992	1344.12	394.23	1331.37	269.94	1.46	156.36	0.60	73.06	962.26	-12553.70	4025.34
Saccade R	1	18	9450547967	9450567959	19992	1344.12	394.23	1331.37	269.94	1.46	156.36	0.60	73.06	962.26	-12553.70	4025.34
Saccade L	1	19	9450595972	9450623976	28004	1345.40	387.77	1339.94	397.20	1.67	83.43	0.71	59.47	2245.99	-4083.75	2132.78
Saccade R	1	19	9450595972	9450623976	28004	1345.40	387.77	1339.94	397.20	1.67	83.43	0.71	59.47	2245.99	-4083.75	2132.78
Fixation L	1	13	9450623976	9450727841	103865	1335.74	413.19	34	31	-1	13.77	13.77
Fixation R	1	13	9450623976	9450727841	103865	1335.74	413.19	34	31	-1	11.48	11.48
Saccade L	1	20	9450727841	9450747886	20045	1346.88	419.09	1326.88	419.27	0.61	44.34	0.40	30.48	1140.07	-761.60	773.32
Saccade R	1	20	9450727841	9450747886	20045	1346.88	419.09	1326.88	419.27	0.61	44.34	0.40	30.48	1140.07	-761.60	773.32
Fixation L	1	14	9450747886	9450907891	160005	1308.54	436.38	32	43	-1	13.24	13.24
Fixation R	1	14	9450747886	9450907891	160005	1308.54	436.38	32	43	-1	11.22	11.22
Saccade L	1	21	9450907891	9450951857	43966	1296.86	460.59	1315.08	399.28	2.33	109.13	0.27	53.02	5276.28	-2986.27	2153.55
Saccade R	1	21	9450907891	9450951857	43966	1296.86	460.59	1315.08	399.28	2.33	109.13	0.27	53.02	5276.28	-2986.27	2153.55
Fixation L	1	15	9450951857	9451195873	244016	1312.58	401.36	12	40	-1	13.11	13.11
Fixation R	1	15	9450951857	9451195873	244016	1312.58	401.36	12	40	-1	11.18	11.18
Saccade L	1	22	9451195873	9451219859	23986	1311.44	426.11	1258.78	442.70	1.13	95.97	0.50	47.06	4064.23	-166.18	1909.78
Saccade R	1	22	9451195873	9451219859	23986	1311.44	426.11	1258.78	442.70	1.13	95.97	0.50	47.06	4064.23	-166.18	1909.78
Saccade L	1	23	9451219859	9451331852	111993	1258.78	442.70	897.58	883.79	16.30	390.28	0.46	145.56	13075.62	-14444.24	5011.56
Saccade R	1	23	9451219859	9451331852	111993	1258.78	442.70	897.58	883.79	16.30	390.28	0.46	145.56	13075.62	-14444.24	5011.56
Saccade L	1	24	9451355876	9451387881	32005	885.98	890.96	920.22	852.15	0.99	53.35	0.37	30.96	2066.60	-1616.86	1329.09
Saccade R	1	24	9451355876	9451387881	32005	885.98	890.96	920.22	852.15	0.99	53.35	0.37	30.96	2066.60	-1616.86	1329.09
Saccade L	1	25	9451407874	9451431898	24024	922.51	852.01	891.59	879.33	0.67	45.90	0.67	27.97	1934.61	-1603.16	1346.60
Saccade R	1	25	9451407874	9451431898	24024	922.51	852.01	891.59	879.33	0.67	45.90	0.67	27.97	1934.61	-1603.16	1346.60
Fixation L	1	16	9451431898	9451719865	287967	909.45	879.84	37	41	-1	13.70	13.70
Fixation R	1	16	9451431898	9451719865	287967	909.45	879.84	37	41	-1	11.61	11.61
Saccade L	1	26	9451719865	9451767862	47997	909.35	864.06	952.67	807.04	1.87	82.52	0.33	39.00	2453.01	-2418.20	1368.86
Saccade R	1	26	9451719865	9451767862	47997	909.35	864.06	952.67	807.04	1.87	82.52	0.33	39.00	2453.01	-2418.20	1368.86
Fixation L	1	17	9451767862	9451867869	100007	949.92	826.51	15	27	-1	14.11	14.11
Fixation R	1	17	9451767862	9451867869	100007	949.92	826.51	15	27	-1	11.29	11.29
Saccade L	1	27	9451867869	9451895875	28006	935.58	831.32	944.02	821.43	1.70	90.05	0.43	60.76	4054.47	-3953.31	3056.85
Saccade R	1	27	9451867869	9451895875	28006	935.58	831.32	944.02	821.43	1.70	90.05	0.43	60.76	4054.47	-3953.31	3056.85
Saccade L	1	28	9451927863	9451987887	60024	935.92	826.09	949.93	728.97	2.26	59.20	0.73	37.65	1631.89	-1835.65	1000.07
Saccade R	1	28	9451927863	9451987887	60024	935.92	826.09	949.93	728.97	2.26	59.20	0.73	37.65	1631.89	-1835.65	1000.07
Saccade L	1	29	9452015904	9452035885	19981	964.22	718.04	954.71	792.89	1.21	120.02	0.60	60.55	4648.78	-1736.63	2297.48
Saccade R	1	29	9452015904	9452035885	19981	964.22	718.04	954.71	792.89	1.21	120.02	0.60	60.55	4648.78	-1736.63	2297.48
Saccade L	1	30	9452035885	9452075795	39910	954.71	792.89	905.30	748.31	1.51	67.75	0.30	37.96	463.76	-1808.26	892.74
Saccade R	1	30	9452035885	9452075795	39910	954.71	792.89	905.30	748.31	1.51	67.75	0.30	37.96	463.76	-1808.26	892.74
Saccade L	1	31	9452075795	9452119751	43956	905.30	748.31	999.27	795.06	2.38	131.96	0.73	54.20	3644.19	-2564.82	1581.33
Saccade R	1	31	9452075795	9452119751	43956	905.30	748.31	999.27	795.06	2.38	131.96	0.73	54.20	3644.19	-2564.82	1581.33
Saccade L	1	32	9452119751	9452143777	24026	999.27	795.06	935.22	781.30	1.41	119.08	0.50	58.59	2043.34	-4510.86	2240.48
Saccade R	1	32	9452119751	9452143777	24026	999.27	795.06	935.22	781.30	1.41	119.08	0.50	58.59	2043.34	-4510.86	2240.48
Saccade L	1	33	9452151778	9452227757	75979	931.97	779.12	1315.73	415.56	12.36	365.61	0.58	162.62	12166.07	-16862.73	6590.94
Saccade R	1	33	9452151778	9452227757	75979	931.97	779.12	1315.73	415.56	12.36	365.61	0.58	162.62	12166.07	-16862.73	6590.94
Saccade L	1	34	9452227757	9452263766	36009	1315.73	415.56	1311.41	465.73	1.39	67.16	0.67	38.71	1745.58	-2447.31	1279.11
Saccade R	1	34	9452227757	9452263766	36009	1315.73	415.56	1311.41	465.73	1.39	67.16	0.67	38.71	1745.58	-2447.31	1279.11
Fixation L	1	18	9452263766	9452375777	112011	1300.80	473.26	19	32	-1	14.67	14.67
Fixation R	1	18	9452263766	9452375777	112011	1300.80	473.26	19	32	-1	11.66	11.66
Saccade L	1	35	9452375777	9452451789	76012	1313.15	443.42	1018.33	780.85	10.83	442.94	0.53	142.42	16905.36	-12747.57	7531.42
Saccade R	1	35	9452375777	9452451789	76012	1313.15	443.42	1018.33	780.85	10.83	442.94	0.53	142.42	16905.36	-12747.57	7531.42
Saccade L	1	36	9452491766	9452535763	43997	1000.06	791.51	956.93	712.17	6.75	317.37	0.36	153.36	13820.09	-10699.34	7951.04
Saccade R	1	36	9452491766	9452535763	43997	1000.06	791.51	956.93	712.17	6.75	317.37	0.36	153.36	13820.09	-10699.34	7951.04
Saccade L	1	37	9452559769	9452579771	20002	962.30	708.36	965.07	741.76	0.54	40.83	0.60	26.84	1717.79	-1379.67	1048.40
Saccade R	1	37	9452559769	9452579771	20002	962.30	708.36	965.07	741.76	0.54	40.83	0.60	26.84	1717.79	-1379.67	1048.40
Saccade L	1	38	9452627791	9452695772	67981	979.80	756.28	1368.43	364.66	12.69	355.31	0.35	186.61	16059.57	-10251.72	7853.12
Saccade R	1	38	9452627791	9452695772	67981	979.80	756.28	1368.43	364.66	12.69	355.31	0.35	186.61	16059.57	-10251.72	7853.12
Saccade L	1	39	9452735763	9452759792	24029	1338.81	337.37	1234.54	286.09	2.12	264.60	0.67	88.20	9335.45	-5928.98	4922.53
Saccade R	1	39	9452735763	9452759792	24029	1338.81	337.37	1234.54	286.09	2.12	264.60	0.67	88.20	9335.45	-5928.98	4922.53
Saccade L	1	40	9452767770	9452787787	20017	1228.79	278.28	1382.00	367.76	2.40	235.90	0.60	120.01	8027.24	-11255.69	6586.82
Saccade R	1	40	9452767770	9452787787	20017	1228.79	278.28	1382.00	367.76	2.40	235.90	0.60	120.01	8027.24	-11255.69	6586.82
Saccade L	1	41	9452807778	9452851768	43990	1379.86	366.20	1309.17	392.80	1.67	57.13	0.46	37.85	2416.12	-1859.77	1377.45
Saccade R	1	41	9452807778	9452851768	43990	1379.86	366.20	1309.17	392.80	1.67	57.13	0.46	37.85	2416.12	-1859.77	1377.45
Fixation L	1	19	9452851768	9452939780	88012	1309.14	398.59	7	28	-1	14.60	14.60
Fixation R	1	19	9452851768	9452939780	88012	1309.14	398.59	7	28	-1	11.56	11.56
Saccade L	1	42	9452939780	9452999778	59998	1307.12	419.27	1330.35	412.35	4.00	124.41	0.73	66.65	3566.29	-4065.27	2083.35
Saccade R	1	42	9452939780	9452999778	59998	1307.12	419.27	1330.35	412.35	4.00	124.41	0.73	66.65	3566.29	-4065.27	2083.35
Saccade L	1	43	9453043789	9453067807	24018	1319.63	411.66	1309.06	444.44	0.69	50.26	0.50	28.84	1302.86	-1255.64	923.42
Saccade R	1	43	9453043789	9453067807	24018	1319.63	411.66	1309.06	444.44	0.69	50.26	0.50	28.84	1302.86	-1255.64	923.42
Saccade L	1	44	9453095773	9453119763	23990	1297.22	445.16	1297.24	403.14	0.72	52.26	0.50	30.09	2005.92	-2159.57	1563.83
Saccade R	1	44	9453095773	9453119763	23990	1297.22	445.16	1297.24	403.14	0.72	52.26	0.50	30.09	2005.92	-2159.57	1563.83
Saccade L	1	45	9453227777	9453267767	39990	1302.94	418.56	0.00	0.00	33.68	3086.45	0.70	842.27	120269.12	-132497.64	65541.57
Saccade R	1	45	9453227777	9453267767	39990	1302.94	418.56	0.00	0.00	33.68	3086.45	0.70	842.27	120269.12	-132497.64	65541.57
Fixation L	1	20	9453267767	9453567660	299893	887.60	310.71	1835	601	-1	10.82	10.82
Fixation R	1	20	9453267767	9453351776	84009	0.00	0.00	0	0	-1	3.16	3.16
Fixation R	1	21	9453455774	9453567660	111886	1313.09	455.36	46	50	-1	11.18	11.18
Fixation L	1	21	9453583676	9454039698	456022	1337.35	454.58	223	116	-1	14.20	14.20
Fixation R	1	22	9453583676	9454039698	456022	1337.35	454.58	223	116	-1	11.15	11.15
Saccade L	1	46	9454039698	9454071703	32005	1368.88	470.77	1346.83	422.82	1.04	55.81	0.62	32.44	1993.32	-2028.06	1435.28
Saccade R	1	46	9454039698	9454071703	32005	1368.88	470.77	1346.83	422.82	1.04	55.81	0.62	32.44	1993.32	-2028.06	1435.28
Saccade L	1	47	9454079672	9454139671	59999	1345.24	430.10	1257.42	431.61	3.05	104.42	0.47	50.83	3000.17	-3756.41	1952.37
Saccade R	1	47	9454079672	9454139671	59999	1345.24	430.10	1257.42	431.61	3.05	104.42	0.47	50.83	3000.17	-3756.41	1952.37
Fixation L	1	22	9454139671	9454471710	332039	1246.26	465.83	19	78	-1	13.35	13.35
Fixation R	1	23	9454139671	9454471710	332039	1246.26	465.83	19	78	-1	10.71	10.71
Saccade L	1	48	9454471710	9454523669	51959	1251.66	489.15	1267.15	396.26	3.62	132.85	0.69	69.75	3929.39	-6062.19	2962.70
Saccade R	1	48	9454471710	9454523669	51959	1251.66	489.15	1267.15	396.26	3.62	132.85	0.69	69.75	3929.39	-6062.19	2962.70
Fixation L	1	23	9454523669	9454591689	68020	1269.50	386.20	13	15	-1	13.30	13.30
Fixation R	1	24	9454523669	9454591689	68020	1269.50	386.20	13	15	-1	10.60	10.60
Saccade L	1	49	9454591689	9454635698	44009	1271.72	376.11	1277.95	358.69	6.29	301.36	0.36	142.98	12495.12	-11925.64	6462.62
Saccade R	1	49	9454591689	9454635698	44009	1271.72	376.11	1277.95	358.69	6.29	301.36	0.36	142.98	12495.12	-11925.64	6462.62
Saccade L	1	50	9454667685	9454695681	27996	1286.79	353.97	1289.79	348.44	1.40	69.24	0.43	50.11	3082.72	-2871.72	2280.71
Saccade R	1	50	9454667685	9454695681	27996	1286.79	353.97	1289.79	348.44	1.40	69.24	0.43	50.11	3082.72	-2871.72	2280.71
Saccade L	1	51	9454731699	9454835679	103980	1277.71	371.47	871.88	859.75	20.02	387.30	0.23	192.50	10852.33	-7666.00	4567.68
Saccade R	1	51	9454731699	9454835679	103980	1277.71	371.47	871.88	859.75	20.02	387.30	0.23	192.50	10852.33	-7666.00	4567.68
Saccade L	1	52	9454859676	9454883559	23883	872.11	854.14	891.04	823.17	0.69	49.46	0.67	28.90	1986.87	-1388.94	1327.20
Saccade R	1	52	9454859676	9454883559	23883	872.11	854.14	891.04	823.17	0.69	49.46	0.67	28.90	1986.87	-1388.94	1327.20
Saccade L	1	53	9454891553	9454939574	48021	893.21	828.19	918.24	812.08	4.62	256.07	0.75	96.31	8774.35	-10213.07	5008.67
Saccade R	1	53	9454891553	9454939574	48021	893.21	828.19	918.24	812.08	4.62	256.07	0.75	96.31	8774.35	-10213.07	5008.67
Fixation L	1	24	9454939574	9455031611	92037	919.87	826.31	20	24	-1	13.95	13.95
Fixation R	1	25	9454939574	9455031611	92037	919.87	826.31	20	24	-1	11.49	11.49
Saccade L	1	54	9455031611	9455099560	67949	936.93	825.14	900.36	905.70	2.60	57.53	0.71	38.23	1583.27	-2560.79	1065.38
Saccade R	1	54	9455031611	9455099560	67949	936.93	825.14	900.36	905.70	2.60	57.53	0.71	38.23	1583.27	-2560.79	1065.38
Fixation L	1	25	9455099560	9455239604	140044	904.98	887.96	20	33	-1	13.96	13.96
Fixation R	1	26	9455099560	9455239604	140044	904.98	887.96	20	33	-1	11.58	11.58
Saccade L	1	55	9455255623	9455303626	48003	920.76	862.73	768.25	913.74	3.89	166.17	0.58	81.05	7265.66	-5628.03	3493.87
Saccade R	1	55	9455255623	9455303626	48003	920.76	862.73	768.25	913.74	3.89	166.17	0.58	81.05	7265.66	-5628.03	3493.87
Saccade L	1	56	9455303626	9455331594	27968	768.25	913.74	912.18	911.13	3.14	264.76	0.43	112.43	9932.42	-11201.43	7387.49
Saccade R	1	56	9455303626	9455331594	27968	768.25	913.74	912.18	911.13	3.14	264.76	0.43	112.43	9932.42	-11201.43	7387.49
Fixation L	1	26	9455331594	9455467567	135973	886.25	917.36	53	24	-1	14.24	14.24
Fixation R	1	27	9455331594	9455467567	135973	886.25	917.36	53	24	-1	11.55	11.55
Saccade L	1	57	9455595573	9455655600	60027	1258.80	401.25	1211.83	431.77	2.84	104.91	0.47	47.29	3634.37	-2751.64	1422.69
Saccade R	1	57	9455595573	9455655600	60027	1258.80	401.25	1211.83	431.77	2.84	104.91	0.47	47.29	3634.37	-2751.64	1422.69
Fixation L	1	27	9455655600	9455791581	135981	1217.01	443.93	26	30	-1	14.25	14.25
Fixation R	1	28	9455655600	9455791581	135981	1217.01	443.93	26	30	-1	11.45	11.45
Saccade L	1	58	9455791581	9455819579	27998	1214.26	444.26	1218.46	401.48	0.78	53.29	0.43	27.80	1892.30	-1014.04	1047.87
Saccade R	1	58	9455791581	9455819579	27998	1214.26	444.26	1218.46	401.48	0.78	53.29	0.43	27.80	1892.30	-1014.04	1047.87
Saccade L	1	59	9455819579	9455851578	31999	1218.46	401.48	1211.03	474.97	1.35	69.70	0.63	42.33	1868.19	-804.55	917.35
Saccade R	1	59	9455819579	9455851578	31999	1218.46	401.48	1211.03	474.97	1.35	69.70	0.63	42.33	1868.19	-804.55	917.35
Saccade L	1	60	9455851578	9455887586	36008	1211.03	474.97	1220.19	356.47	2.20	124.58	0.56	61.22	3476.79	-5141.86	2579.16
Saccade R	1	60	9455851578	9455887586	36008	1211.03	474.97	1220.19	356.47	2.20	124.58	0.56	61.22	3476.79	-5141.86	2579.16
Fixation L	1	28	9455887586	9456255604	368018	1227.92	384.75	72	70	-1	14.82	14.82
Fixation R	1	29	9455887586	9456255604	368018	1227.92	384.75	72	70	-1	11.82	11.82
Saccade L	1	61	9456255604	9456279612	24008	1267.48	362.39	1242.20	449.36	1.96	163.22	0.67	81.79	7644.48	-7549.92	5450.46
Saccade R	1	61	9456255604	9456279612	24008	1267.48	362.39	1242.20	449.36	1.96	163.22	0.67	81.79	7644.48	-7549.92	5450.46
Fixation L	1	29	9456279612	9456359475	79863	1236.77	457.48	10	12	-1	15.36	15.36
Fixation R	1	30	9456279612	9456359475	79863	1236.77	457.48	10	12	-1	11.98	11.98
Saccade L	1	62	9456359475	9456383461	23986	1231.72	457.74	1207.38	508.61	0.86	64.87	0.50	35.94	2632.14	-1659.00	1656.35
Saccade R	1	62	9456359475	9456383461	23986	1231.72	457.74	1207.38	508.61	0.86	64.87	0.50	35.94	2632.14	-1659.00	1656.35
Saccade L	1	63	9456415468	9456435498	20030	1195.65	506.35	1202.97	437.42	1.30	115.47	0.40	64.89	3631.35	-5419.46	2824.99
Saccade R	1	63	9456415468	9456435498	20030	1195.65	506.35	1202.97	437.42	1.30	115.47	0.40	64.89	3631.35	-5419.46	2824.99
Fixation L	1	30	9456435498	9456711481	275983	1211.55	477.03	30	111	-1	15.03	15.03
Fixation R	1	31	9456435498	9456711481	275983	1211.55	477.03	30	111	-1	11.64	11.64
Saccade L	1	64	9456711481	9456735472	23991	1220.85	537.08	1082.48	364.52	2.65	268.04	0.67	110.62	12607.40	-2316.94	6478.72
Saccade R	1	64	9456711481	9456735472	23991	1220.85	537.08	1082.48	364.52	2.65	268.04	0.67	110.62	12607.40	-2316.94	6478.72
Fixation L	1	31	9456735472	9456807509	72037	1204.74	477.73	136	152	-1	14.81	14.81
Fixation R	1	32	9456735472	9456807509	72037	1204.74	477.73	136	152	-1	11.40	11.40
Saccade L	1	65	9456807509	9456835484	27975	1213.58	466.06	1220.56	486.67	0.82	59.24	0.57	29.41	2296.48	-1856.59	1527.46
Saccade R	1	65	9456807509	9456835484	27975	1213.58	466.06	1220.56	486.67	0.82	59.24	0.57	29.41	2296.48	-1856.59	1527.46
Saccade L	1	66	9456871483	9456895490	24007	1214.04	500.85	1221.77	533.00	0.71	45.46	0.50	29.45	1657.69	-1816.00	1271.52
Saccade R	1	66	9456871483	9456895490	24007	1214.04	500.85	1221.77	533.00	0.71	45.46	0.50	29.45	1657.69	-1816.00	1271.52
Fixation L	1	32	9456895490	9456947499	52009	1219.69	528.91	6	9	-1	14.77	14.77
Fixation R	1	33	9456895490	9456947499	52009	1219.69	528.91	6	9	-1	11.33	11.33
Saccade L	1	67	9456967482	9456995504	28022	1230.06	521.43	1223.49	486.96	2.33	280.53	0.29	83.31	651.36	-9182.07	3344.09
Saccade R	1	67	9456967482	9456995504	28022	1230.06	521.43	1223.49	486.96	2.33	280.53	0.29	83.31	651.36	-9182.07	3344.09
Fixation L	1	33	9457015482	9457091498	76016	1205.68	510.21	18	48	-1	14.51	14.51
Fixation R	1	34	9457015482	9457091498	76016	1205.68	510.21	18	48	-1	11.31	11.31
Saccade L	1	68	9457091498	9457119496	27998	1214.00	528.53	1226.59	487.87	0.95	58.31	0.57	33.95	2251.66	-2400.81	1802.31
Saccade R	1	68	9457091498	9457119496	27998	1214.00	528.53	1226.59	487.87	0.95	58.31	0.57	33.95	2251.66	-2400.81	1802.31
Saccade L	1	69	9457131477	9457227500	96023	1210.35	484.59	814.59	910.30	13.92	366.58	0.50	144.94	13804.43	-14673.74	5306.92
Saccade R	1	69	9457131477	9457227500	96023	1210.35	484.59	814.59	910.30	13.92	366.58	0.50	144.94	13804.43	-14673.74	5306.92
Saccade L	1	70	9457255487	9457299486	43999	815.25	941.93	888.51	927.74	1.66	63.89	0.36	37.64	2356.11	-1393.33	1205.85
Saccade R	1	70	9457255487	9457299486	43999	815.25	941.93	888.51	927.74	1.66	63.89	0.36	37.64	2356.11	-1393.33	1205.85
Saccade L	1	71	9457299486	9457347489	48003	888.51	927.74	892.13	874.55	1.35	47.83	0.58	28.04	1335.21	-1903.72	1057.84
Saccade R	1	71	9457299486	9457347489	48003	888.51	927.74	892.13	874.55	1.35	47.83	0.58	28.04	1335.21	-1903.72	1057.84
Fixation L	1	34	9457347489	9457563496	216007	877.02	844.81	38	51	-1	14.84	14.84
Fixation R	1	35	9457347489	9457563496	216007	877.02	844.81	38	51	-1	11.87	11.87
Saccade L	1	72	9457563496	9457587493	23997	871.98	840.12	860.50	874.67	0.72	49.81	0.50	29.82	1962.39	-1395.01	1215.30
Saccade R	1	72	9457563496	9457587493	23997	871.98	840.12	860.50	874.67	0.72	49.81	0.50	29.82	1962.39	-1395.01	1215.30
Saccade L	1	73	9457715386	9457759379	43993	950.87	872.25	1000.98	830.57	1.51	62.43	0.27	34.30	2463.01	-1554.83	1236.65
Saccade R	1	73	9457715386	9457759379	43993	950.87	872.25	1000.98	830.57	1.51	62.43	0.27	34.30	2463.01	-1554.83	1236.65
Fixation L	1	35	9457759379	9457891395	132016	973.73	832.27	50	13	-1	14.61	14.61
Fixation R	1	36	9457759379	9457891395	132016	973.73	832.27	50	13	-1	11.62	11.62
Fixation L	1	36	9457995398	9458091397	95999	0.00	0.00	0	0	-1	5.21	5.21
Saccade L	1	74	9458171382	9458211383	40001	957.71	717.06	905.64	774.65	1.71	76.03	0.30	42.65	1816.94	-2125.53	1349.05
Saccade R	1	74	9458171382	9458211383	40001	957.71	717.06	905.64	774.65	1.71	76.03	0.30	42.65	1816.94	-2125.53	1349.05
Fixation L	1	37	9458211383	9458279402	68019	907.42	796.53	11	46	-1	14.60	14.60
Fixation R	1	37	9458211383	9458279402	68019	907.42	796.53	11	46	-1	11.10	11.10
Saccade L	1	75	9458279402	9458311398	31996	913.03	825.31	961.48	878.02	2.13	155.66	0.50	66.41	6380.02	-6073.87	3910.29
Saccade R	1	75	9458279402	9458311398	31996	913.03	825.31	961.48	878.02	2.13	155.66	0.50	66.41	6380.02	-6073.87	3910.29
Saccade L	1	76	9458311398	9458367383	55985	961.48	878.02	936.24	937.21	5.93	339.95	0.36	105.87	13303.63	-9519.19	5166.32
Saccade R	1	76	9458311398	9458367383	55985	961.48	878.02	936.24	937.21	5.93	339.95	0.36	105.87	13303.63	-9519.19	5166.32
Fixation L	1	38	9458367383	9458455311	87928	915.66	943.47	37	14	-1	14.73	14.73
Fixation R	1	38	9458367383	9458455311	87928	915.66	943.47	37	14	-1	11.90	11.90
Saccade L	1	77	9458455311	9458495395	40084	902.80	940.53	981.76	889.44	2.15	104.32	0.60	53.63	4191.19	-4436.91	3026.42
Saccade R	1	77	9458455311	9458495395	40084	902.80	940.53	981.76	889.44	2.15	104.32	0.60	53.63	4191.19	-4436.91	3026.42
Saccade L	1	78	9458523402	9458631364	107962	987.09	878.63	724.86	886.62	10.15	354.85	0.63	93.97	13610.37	-7055.18	4531.62
Saccade R	1	78	9458523402	9458631364	107962	987.09	878.63	724.86	886.62	10.15	354.85	0.63	93.97	13610.37	-7055.18	4531.62
Saccade L	1	79	9458631364	9458675411	44047	724.86	886.62	866.23	894.99	3.04	190.96	0.64	69.10	7298.32	-7979.10	4323.90
Saccade R	1	79	9458631364	9458675411	44047	724.86	886.62	866.23	894.99	3.04	190.96	0.64	69.10	7298.32	-7979.10	4323.90
Saccade L	1	80	9458683399	9458731396	47997	867.99	899.07	758.39	893.12	3.12	163.13	0.50	64.96	6418.85	-4605.36	3028.42
Saccade R	1	80	9458683399	9458731396	47997	867.99	899.07	758.39	893.12	3.12	163.13	0.50	64.96	6418.85	-4605.36	3028.42
Saccade L	1	81	9458731396	9458751400	20004	758.39	893.12	754.59	888.07	0.74	89.76	0.40	37.18	425.84	-1276.75	797.24
Saccade R	1	81	9458731396	9458751400	20004	758.39	893.12	754.59	888.07	0.74	89.76	0.40	37.18	425.84	-1276.75	797.24
Saccade L	1	82	9458751400	9458787409	36009	754.59	888.07	815.13	922.61	1.54	113.85	0.44	42.84	3168.86	-3643.34	2089.41
Saccade R	1	82	9458751400	9458787409	36009	754.59	888.07	815.13	922.61	1.54	113.85	0.44	42.84	3168.86	-3643.34	2089.41
Saccade L	1	83	9458787409	9458811388	23979	815.13	922.61	848.71	914.13	0.74	46.15	0.67	30.91	1126.65	-1865.06	946.01
Saccade R	1	83	9458787409	9458811388	23979	815.13	922.61	848.71	914.13	0.74	46.15	0.67	30.91	1126.65	-1865.06	946.01
Saccade L	1	84	9458843418	9458899410	55992	861.74	904.01	824.30	859.76	3.83	165.02	0.21	68.40	7365.70	-3432.17	2709.68
Saccade R	1	84	9458843418	9458899410	55992	861.74	904.01	824.30	859.76	3.83	165.02	0.21	68.40	7365.70	-3432.17	2709.68
Fixation L	1	39	9458899410	9458975390	75980	841.09	852.73	40	20	-1	14.13	14.13
Fixation R	1	39	9458899410	9458975390	75980	841.09	852.73	40	20	-1	11.67	11.67
Saccade L	1	85	9458975390	9458995391	20001	840.96	841.47	868.43	828.65	0.64	64.17	0.40	31.88	2023.42	-1558.38	1252.12
Saccade R	1	85	9458975390	9458995391	20001	840.96	841.47	868.43	828.65	0.64	64.17	0.40	31.88	2023.42	-1558.38	1252.12
Saccade L	1	86	9459015438	9459051407	35969	851.91	807.63	675.61	818.88	4.14	267.12	0.44	115.08	12011.41	-12159.49	8212.33
Saccade R	1	86	9459015438	9459051407	35969	851.91	807.63	675.61	818.88	4.14	267.12	0.44	115.08	12011.41	-12159.49	8212.33
Fixation L	1	40	9459051407	9459119403	67996	664.06	830.57	39	30	-1	14.19	14.19
Fixation R	1	40	9459051407	9459119403	67996	664.06	830.57	39	30	-1	11.68	11.68
Saccade L	1	87	9459119403	9459143341	23938	644.53	843.17	653.34	808.54	0.79	49.84	0.50	32.93	2422.55	-734.61	1019.97
Saccade R	1	87	9459119403	9459143341	23938	644.53	843.17	653.34	808.54	0.79	49.84	0.50	32.93	2422.55	-734.61	1019.97
Saccade L	1	88	9459143341	9459207324	63983	653.34	808.54	738.66	842.87	6.93	325.79	0.44	108.32	9046.80	-9349.70	4774.02
Saccade R	1	88	9459143341	9459207324	63983	653.34	808.54	738.66	842.87	6.93	325.79	0.44	108.32	9046.80	-9349.70	4774.02
Saccade L	1	89	9459227276	9459291276	64000	735.26	861.20	637.49	853.75	2.71	62.16	0.44	42.40	1566.07	-1874.91	776.07
Saccade R	1	89	9459227276	9459291276	64000	735.26	861.20	637.49	853.75	2.71	62.16	0.44	42.40	1566.07	-1874.91	776.07
Saccade L	1	90	9459291276	9459323273	31997	637.49	853.75	642.07	849.62	0.83	41.70	0.38	25.87	362.66	-787.44	397.87
Saccade R	1	90	9459291276	9459323273	31997	637.49	853.75	642.07	849.62	0.83	41.70	0.38	25.87	362.66	-787.44	397.87
Saccade L	1	91	9459351333	9459371275	19942	666.60	830.64	637.31	836.40	0.58	58.23	0.40	29.17	1632.48	-1956.24	1235.79
Saccade R	1	91	9459351333	9459371275	19942	666.60	830.64	637.31	836.40	0.58	58.23	0.40	29.17	1632.48	-1956.24	1235.79
Fixation L	1	41	9459371275	9459567279	196004	641.51	844.58	37	36	-1	14.61	14.61
Fixation R	1	41	9459371275	9459567279	196004	641.51	844.58	37	36	-1	11.89	11.89
Saccade L	1	92	9459567279	9459595301	28022	612.35	844.92	667.89	841.79	0.98	50.47	0.29	35.05	1049.48	-1709.87	1078.90
Saccade R	1	92	9459567279	9459595301	28022	612.35	844.92	667.89	841.79	0.98	50.47	0.29	35.05	1049.48	-1709.87	1078.90
Fixation L	1	42	9459595301	9459647292	51991	669.69	832.94	10	16	-1	14.74	14.74
Fixation R	1	42	9459595301	9459647292	51991	669.69	832.94	10	16	-1	11.76	11.76
Saccade L	1	93	9459647292	9459723292	76000	656.18	836.34	1187.82	360.36	15.88	416.44	0.26	208.89	19102.49	-13321.28	8983.27
Saccade R	1	93	9459647292	9459723292	76000	656.18	836.34	1187.82	360.36	15.88	416.44	0.26	208.89	19102.49	-13321.28	8983.27
Fixation L	1	43	9459723292	9459899297	176005	1187.87	374.60	38	51	-1	14.63	14.63
Fixation R	1	43	9459723292	9459899297	176005	1187.87	374.60	38	51	-1	11.49	11.49
Saccade L	1	94	9459899297	9459999304	100007	1202.77	395.61	776.46	878.02	17.22	540.16	0.28	172.21	24115.70	-15169.52	8476.14
Saccade R	1	94	9459899297	9459999304	100007	1202.77	395.61	776.46	878.02	17.22	540.16	0.28	172.21	24115.70	-15169.52	8476.14
Fixation L	1	44	9459999304	9460079294	79990	783.21	867.74	20	20	-1	14.77	14.77
Fixation R	1	44	9459999304	9460079294	79990	783.21	867.74	20	20	-1	12.04	12.04
Saccade L	1	95	9460079294	9460103233	23939	774.62	865.74	819.16	842.73	0.85	49.43	0.33	35.64	1524.07	-2109.93	1403.36
Saccade R	1	95	9460079294	9460103233	23939	774.62	865.74	819.16	842.73	0.85	49.43	0.33	35.64	1524.07	-2109.93	1403.36
Fixation L	1	45	9460103233	9460163292	60059	825.81	847.48	36	23	-1	15.06	15.06
Fixation R	1	45	9460103233	9460163292	60059	825.81	847.48	36	23	-1	12.28	12.28
Saccade L	1	96	9460163292	9460203313	40021	841.50	844.74	730.14	858.58	2.56	160.72	0.40	63.96	5803.84	-5300.93	3543.23
Saccade R	1	96	9460163292	9460203313	40021	841.50	844.74	730.14	858.58	2.56	160.72	0.40	63.96	5803.84	-5300.93	3543.23
Fixation L	1	46	9460203313	9460275303	71990	719.31	862.57	25	14	-1	15.07	15.07
Fixation R	1	46	9460203313	9460275303	71990	719.31	862.57	25	14	-1	12.18	12.18
Saccade L	1	97	9460275303	9460315314	40011	727.81	857.03	764.75	839.13	1.31	51.70	0.60	32.66	1488.38	-1605.17	1122.39
Saccade R	1	97	9460275303	9460315314	40011	727.81	857.03	764.75	839.13	1.31	51.70	0.60	32.66	1488.38	-1605.17	1122.39
Saccade L	1	98	9460323322	9460351322	28000	758.12	838.23	700.65	864.09	1.19	67.67	0.71	42.46	2489.73	-2992.70	1950.22
Saccade R	1	98	9460323322	9460351322	28000	758.12	838.23	700.65	864.09	1.19	67.67	0.71	42.46	2489.73	-2992.70	1950.22
Fixation L	1	47	9460351322	9460419298	67976	718.24	845.75	160	156	-1	14.86	14.86
Fixation R	1	47	9460351322	9460419298	67976	718.24	845.75	160	156	-1	12.08	12.08
