[BeGaze]
Converted from:	D:\Kirillov\Results\ermolova_temp\Valera-eye_data.idf
Date:	17.04.2019 03:52:34
Version:	BeGaze 3.0.181
Sample Rate:	250
Subject:	Valera
Description:	Run8

Table Header for Fixations:
Event Type	Trial	Number	Start	End	Duration	Location X	Location Y	Dispersion X	Dispersion Y	Plane	Avg. Pupil Size X	Avg. Pupil Size Y

Table Header for Saccades:
Event Type	Trial	Number	Start	End	Duration	Start Loc.X	Start Loc.Y	End Loc.X	End Loc.Y	Amplitude	Peak Speed	Peak Speed At	Average Speed	Peak Accel.	Peak Decel.	Average Accel.

Table Header for User Events:
Event Type	Trial	Number	Start	Description

UserEvent	1	1	643469613	# Message: experiment-15.jpg
Fixation L	1	1	643471047	643731043	259996	462.25	342.98	21	52	-1	14.92	14.92
Fixation R	1	1	643471047	643731043	259996	462.25	342.98	21	52	-1	16.24	16.24
Saccade L	1	1	643731043	643787020	55977	465.94	337.15	913.84	426.40	9.81	443.00	0.36	175.27	21867.93	-17867.74	11304.45
Saccade R	1	1	643731043	643787020	55977	465.94	337.15	913.84	426.40	9.81	443.00	0.36	175.27	21867.93	-17867.74	11304.45
Fixation L	1	2	643787020	644011022	224002	908.17	439.00	37	24	-1	14.89	14.89
Fixation R	1	2	643787020	644011022	224002	908.17	439.00	37	24	-1	16.36	16.36
Saccade L	1	2	644011022	644143084	132062	903.36	431.69	419.77	203.47	24.24	478.37	0.27	183.54	19830.93	-14748.53	6092.82
Saccade R	1	2	644011022	644143084	132062	903.36	431.69	419.77	203.47	24.24	478.37	0.27	183.54	19830.93	-14748.53	6092.82
Fixation L	1	3	644143084	644442943	299859	430.91	200.17	23	28	-1	13.97	13.97
Fixation R	1	3	644143084	644442943	299859	430.91	200.17	23	28	-1	15.10	15.10
Saccade L	1	3	644442943	644478943	36000	431.37	187.54	454.78	153.59	1.51	69.00	0.22	42.03	2868.42	-1807.00	1750.45
Saccade R	1	3	644442943	644478943	36000	431.37	187.54	454.78	153.59	1.51	69.00	0.22	42.03	2868.42	-1807.00	1750.45
Fixation L	1	4	644478943	644762967	284024	475.87	152.91	33	19	-1	14.05	14.05
Fixation R	1	4	644478943	644762967	284024	475.87	152.91	33	19	-1	15.24	15.24
Saccade L	1	4	644762967	644818930	55963	475.63	166.67	953.69	475.94	12.47	458.28	0.36	222.75	22092.97	-17011.27	12603.96
Saccade R	1	4	644762967	644818930	55963	475.63	166.67	953.69	475.94	12.47	458.28	0.36	222.75	22092.97	-17011.27	12603.96
Fixation L	1	5	644818930	645006940	188010	953.09	499.76	19	31	-1	14.05	14.05
Fixation R	1	5	644818930	645006940	188010	953.09	499.76	19	31	-1	15.50	15.50
Saccade L	1	5	645006940	645050947	44007	952.96	501.17	986.48	619.00	2.66	148.31	0.27	60.46	7054.25	-5625.08	3563.96
Saccade R	1	5	645006940	645050947	44007	952.96	501.17	986.48	619.00	2.66	148.31	0.27	60.46	7054.25	-5625.08	3563.96
Fixation L	1	6	645050947	645182944	131997	982.70	618.63	17	26	-1	13.92	13.92
Fixation R	1	6	645050947	645182944	131997	982.70	618.63	17	26	-1	15.31	15.31
Saccade L	1	6	645182944	645222885	39941	982.16	602.87	959.13	489.38	2.61	151.89	0.50	65.32	6458.43	-6477.55	4364.21
Saccade R	1	6	645182944	645222885	39941	982.16	602.87	959.13	489.38	2.61	151.89	0.50	65.32	6458.43	-6477.55	4364.21
Fixation L	1	7	645222885	645362932	140047	973.26	496.26	33	17	-1	13.66	13.66
Fixation R	1	7	645222885	645362932	140047	973.26	496.26	33	17	-1	15.02	15.02
Saccade L	1	7	645362932	645394957	32025	964.81	489.12	976.63	413.60	1.67	109.56	0.50	52.04	4566.91	-4304.81	3197.77
Saccade R	1	7	645362932	645394957	32025	964.81	489.12	976.63	413.60	1.67	109.56	0.50	52.04	4566.91	-4304.81	3197.77
Fixation L	1	8	645394957	645594912	199955	977.91	400.66	48	37	-1	13.35	13.35
Fixation R	1	8	645394957	645594912	199955	977.91	400.66	48	37	-1	14.77	14.77
Saccade L	1	8	645594912	645658968	64056	972.65	416.88	456.91	255.14	12.08	403.05	0.25	188.52	19758.58	-18108.40	10376.92
Saccade R	1	8	645594912	645658968	64056	972.65	416.88	456.91	255.14	12.08	403.05	0.25	188.52	19758.58	-18108.40	10376.92
Fixation L	1	9	645658968	645862825	203857	447.60	257.12	31	15	-1	13.10	13.10
Fixation R	1	9	645658968	645862825	203857	447.60	257.12	31	15	-1	14.19	14.19
Saccade L	1	9	645862825	645922813	59988	460.46	251.00	783.13	306.91	7.23	329.90	0.47	120.46	14867.46	-15058.01	8035.88
Saccade R	1	9	645862825	645922813	59988	460.46	251.00	783.13	306.91	7.23	329.90	0.47	120.46	14867.46	-15058.01	8035.88
Fixation L	1	10	645922813	646086820	164007	782.77	306.46	34	28	-1	13.10	13.10
Fixation R	1	10	645922813	646086820	164007	782.77	306.46	34	28	-1	14.26	14.26
Saccade L	1	10	646086820	646142829	56009	770.04	319.62	498.71	167.15	6.90	374.19	0.29	123.11	17688.23	-15176.90	8421.12
Saccade R	1	10	646086820	646142829	56009	770.04	319.62	498.71	167.15	6.90	374.19	0.29	123.11	17688.23	-15176.90	8421.12
Fixation L	1	11	646142829	646354837	212008	489.20	166.23	45	33	-1	13.42	13.42
Fixation R	1	11	646142829	646354837	212008	489.20	166.23	45	33	-1	14.49	14.49
Saccade L	1	11	646354837	646394821	39984	461.58	153.20	431.47	101.34	1.49	93.00	0.40	37.29	3817.38	-2749.24	1966.26
Saccade R	1	11	646354837	646394821	39984	461.58	153.20	431.47	101.34	1.49	93.00	0.40	37.29	3817.38	-2749.24	1966.26
Fixation L	1	12	646394821	646486775	91954	427.27	109.25	17	14	-1	13.30	13.30
Fixation R	1	12	646394821	646486775	91954	427.27	109.25	17	14	-1	14.36	14.36
Saccade L	1	12	646486775	646538850	52075	439.26	113.36	1057.07	457.21	15.38	588.44	0.38	295.44	28592.70	-21413.60	17140.57
Saccade R	1	12	646486775	646538850	52075	439.26	113.36	1057.07	457.21	15.38	588.44	0.38	295.44	28592.70	-21413.60	17140.57
Fixation L	1	13	646538850	646846817	307967	1072.81	451.35	30	35	-1	13.77	13.77
Fixation R	1	13	646538850	646846817	307967	1072.81	451.35	30	35	-1	15.29	15.29
Saccade L	1	13	646846817	646914821	68004	1076.07	434.34	451.42	115.10	15.32	557.72	0.29	225.34	26353.42	-20420.78	13110.23
Saccade R	1	13	646846817	646914821	68004	1076.07	434.34	451.42	115.10	15.32	557.72	0.29	225.34	26353.42	-20420.78	13110.23
Fixation L	1	14	646914821	647242724	327903	446.44	119.62	28	28	-1	13.54	13.54
Fixation R	1	14	646914821	647242724	327903	446.44	119.62	28	28	-1	14.64	14.64
Saccade L	1	14	647242724	647290677	47953	444.46	127.48	916.24	408.43	11.86	529.57	0.42	247.25	25663.08	-23477.45	16079.45
Saccade R	1	14	647242724	647290677	47953	444.46	127.48	916.24	408.43	11.86	529.57	0.42	247.25	25663.08	-23477.45	16079.45
