[BeGaze]
Converted from:	D:\Kirillov\Results\ermolova_temp\Nikol-eye_data.idf
Date:	17.04.2019 03:54:28
Version:	BeGaze 3.0.181
Sample Rate:	250
Subject:	Nikol
Description:	Run39

Table Header for Fixations:
Event Type	Trial	Number	Start	End	Duration	Location X	Location Y	Dispersion X	Dispersion Y	Plane	Avg. Pupil Size X	Avg. Pupil Size Y

Table Header for Saccades:
Event Type	Trial	Number	Start	End	Duration	Start Loc.X	Start Loc.Y	End Loc.X	End Loc.Y	Amplitude	Peak Speed	Peak Speed At	Average Speed	Peak Accel.	Peak Decel.	Average Accel.

Table Header for User Events:
Event Type	Trial	Number	Start	Description

UserEvent	1	1	8488028963	# Message: experiment-04.jpg
Fixation L	1	1	8488029484	8488353496	324012	395.16	301.85	21	17	-1	11.98	11.98
Fixation R	1	1	8488029484	8488353496	324012	395.16	301.85	21	17	-1	13.77	13.77
Saccade L	1	1	8488353496	8488389502	36006	398.80	294.20	436.34	385.48	2.26	114.39	0.45	62.67	5660.00	-5247.40	4124.19
Saccade R	1	1	8488353496	8488389502	36006	398.80	294.20	436.34	385.48	2.26	114.39	0.45	62.67	5660.00	-5247.40	4124.19
Fixation L	1	2	8488389502	8488445505	56003	438.79	389.38	10	13	-1	11.81	11.81
Fixation R	1	2	8488389502	8488445505	56003	438.79	389.38	10	13	-1	13.63	13.63
Saccade L	1	2	8488445505	8488481495	35990	433.76	393.38	0.00	0.00	16.26	1500.00	0.67	451.88	56033.97	-65688.10	33481.43
Fixation L	1	3	8488481495	8488705499	224004	778.79	333.56	1406	970	-1	11.54	11.54
Fixation R	1	3	8488613507	8488705499	91992	1080.98	419.30	24	21	-1	13.03	13.03
Saccade L	1	3	8488705499	8488741511	36012	1085.85	415.88	988.77	430.40	2.23	170.33	0.33	62.02	7318.33	-6721.83	4294.87
Saccade R	1	2	8488705499	8488741511	36012	1085.85	415.88	988.77	430.40	2.23	170.33	0.33	62.02	7318.33	-6721.83	4294.87
Fixation L	1	4	8488741511	8489217403	475892	1008.36	438.15	41	32	-1	11.31	11.31
Fixation R	1	4	8488741511	8489217403	475892	1008.36	438.15	41	32	-1	12.83	12.83
Saccade R	1	3	8489217403	8489261382	43979	1020.64	427.02	0.00	0.00	23.77	2065.45	0.73	540.42	83255.27	-86999.80	43618.72
Fixation R	1	5	8489261382	8489333379	71997	0.00	0.00	0	0	-1	10.39	10.39
Fixation L	1	5	8489441386	8489561416	120030	528.43	449.52	9	31	-1	10.80	10.80
Fixation R	1	6	8489441386	8489561416	120030	528.43	449.52	9	31	-1	12.41	12.41
Saccade L	1	4	8489561416	8489597390	35974	525.05	434.38	414.71	455.34	2.38	163.90	0.44	66.28	7406.19	-7061.35	4969.03
Saccade R	1	4	8489561416	8489597390	35974	525.05	434.38	414.71	455.34	2.38	163.90	0.44	66.28	7406.19	-7061.35	4969.03
Fixation L	1	6	8489597390	8489853490	256100	265.82	306.69	691	812	-1	9.39	9.39
Fixation R	1	7	8489597390	8489729405	132015	410.15	476.48	10	31	-1	12.44	12.44
Fixation L	1	7	8489937397	8490361411	424014	258.30	409.61	458	878	-1	9.53	9.53
Fixation R	1	8	8489937397	8490205409	268012	358.75	558.20	22	15	-1	12.92	12.92
Saccade R	1	5	8490205409	8490245418	40009	368.04	559.96	2.47	0.00	17.59	1469.09	0.70	439.75	55539.29	-62391.92	33271.80
Fixation R	1	9	8490245418	8490361411	115993	0.42	0.00	2	0	-1	11.27	11.27
Fixation L	1	8	8490469421	8490713309	243888	369.93	552.62	26	35	-1	11.78	11.78
Fixation R	1	10	8490469421	8490713309	243888	369.93	552.62	26	35	-1	13.38	13.38
Saccade L	1	5	8490713309	8490781310	68001	362.55	545.41	971.94	471.76	13.98	517.90	0.29	205.66	25159.57	-16188.02	11722.91
Saccade R	1	6	8490713309	8490781310	68001	362.55	545.41	971.94	471.76	13.98	517.90	0.29	205.66	25159.57	-16188.02	11722.91
Saccade L	1	6	8490781310	8490805326	24016	971.94	471.76	999.03	460.91	0.66	41.64	0.33	27.50	666.37	-1469.07	872.63
Saccade R	1	7	8490781310	8490805326	24016	971.94	471.76	999.03	460.91	0.66	41.64	0.33	27.50	666.37	-1469.07	872.63
Fixation L	1	9	8490805326	8491405309	599983	997.71	439.31	34	35	-1	11.77	11.77
Fixation R	1	11	8490805326	8491405309	599983	997.71	439.31	34	35	-1	13.58	13.58
Fixation L	1	10	8491485235	8491781317	296082	213.12	404.01	307	810	-1	10.09	10.09
Fixation R	1	12	8491485235	8491673322	188087	297.00	538.84	15	23	-1	13.32	13.32
Fixation L	1	11	8491881322	8491989196	107874	383.14	513.71	20	17	-1	11.90	11.90
Fixation R	1	13	8491881322	8491989196	107874	383.14	513.71	20	17	-1	13.74	13.74
Saccade L	1	7	8491989196	8492053212	64016	390.35	507.12	910.07	520.78	11.84	429.73	0.25	184.92	21272.35	-15118.80	10394.71
Saccade R	1	8	8491989196	8492053212	64016	390.35	507.12	910.07	520.78	11.84	429.73	0.25	184.92	21272.35	-15118.80	10394.71
Fixation L	1	12	8492053212	8492305216	252004	957.00	520.93	69	15	-1	12.21	12.21
Fixation R	1	14	8492053212	8492305216	252004	957.00	520.93	69	15	-1	14.03	14.03
Saccade L	1	8	8492305216	8492337232	32016	978.42	527.00	1007.28	516.49	1.08	81.01	0.37	33.82	3498.55	-2762.85	1725.66
Saccade R	1	9	8492305216	8492337232	32016	978.42	527.00	1007.28	516.49	1.08	81.01	0.37	33.82	3498.55	-2762.85	1725.66
Fixation L	1	13	8492337232	8493093218	755986	1005.29	515.31	30	39	-1	11.91	11.91
Fixation R	1	15	8492337232	8493093218	755986	1005.29	515.31	30	39	-1	13.44	13.44
Saccade R	1	10	8493093218	8493129213	35995	994.98	518.51	0.00	0.00	25.54	2184.52	0.67	709.50	88279.16	-92298.76	56353.47
Fixation R	1	16	8493129213	8493189301	60088	0.00	0.00	0	0	-1	10.98	10.98
Saccade R	1	11	8493189301	8493281253	91952	0.00	0.00	993.31	517.02	32.50	1595.17	0.22	353.44	64800.41	-52945.43	20702.47
Fixation L	1	14	8493281253	8493453093	171840	1007.46	515.59	20	9	-1	11.88	11.88
Fixation R	1	17	8493281253	8493453093	171840	1007.46	515.59	20	9	-1	12.82	12.82
Saccade L	1	9	8493453093	8493569107	116014	1002.62	516.20	319.94	556.74	15.59	468.13	0.21	134.40	22294.42	-13747.28	6687.38
Saccade R	1	12	8493453093	8493569107	116014	1002.62	516.20	319.94	556.74	15.59	468.13	0.21	134.40	22294.42	-13747.28	6687.38
Fixation L	1	15	8493569107	8493841102	271995	328.02	545.69	22	18	-1	11.65	11.65
Fixation R	1	18	8493569107	8493841102	271995	328.02	545.69	22	18	-1	13.21	13.21
Saccade L	1	10	8493841102	8493885113	44011	336.35	553.46	229.44	573.24	2.38	155.61	0.36	54.09	7113.99	-6282.87	3917.41
Saccade R	1	13	8493841102	8493885113	44011	336.35	553.46	229.44	573.24	2.38	155.61	0.36	54.09	7113.99	-6282.87	3917.41
Fixation L	1	16	8493885113	8494065125	180012	236.28	580.24	13	17	-1	11.90	11.90
Fixation R	1	19	8493885113	8494065125	180012	236.28	580.24	13	17	-1	13.43	13.43
Saccade L	1	11	8494065125	8494141125	76000	241.09	582.04	875.73	528.71	14.19	397.78	0.32	186.72	18991.16	-8970.61	8194.06
Saccade R	1	14	8494065125	8494141125	76000	241.09	582.04	875.73	528.71	14.19	397.78	0.32	186.72	18991.16	-8970.61	8194.06
Fixation L	1	17	8494141125	8494401135	260010	915.12	501.88	49	45	-1	12.08	12.08
Fixation R	1	20	8494141125	8494401135	260010	915.12	501.88	49	45	-1	13.46	13.46
Saccade L	1	12	8494401135	8494449148	48013	926.05	483.68	991.42	527.34	1.84	103.36	0.25	38.35	4649.66	-4343.05	2303.87
Saccade R	1	15	8494401135	8494449148	48013	926.05	483.68	991.42	527.34	1.84	103.36	0.25	38.35	4649.66	-4343.05	2303.87
Fixation L	1	18	8494449148	8494509128	59980	982.89	522.30	16	8	-1	12.07	12.07
Fixation R	1	21	8494449148	8494509128	59980	982.89	522.30	16	8	-1	13.76	13.76
Fixation L	1	19	8494709159	8494969011	259852	994.26	512.19	18	20	-1	12.21	12.21
Fixation R	1	22	8494709159	8494969011	259852	994.26	512.19	18	20	-1	13.74	13.74
Saccade L	1	13	8494969011	8494997006	27995	986.82	504.85	946.35	513.10	0.92	66.24	0.43	32.69	3027.92	-2343.94	1961.50
Saccade R	1	16	8494969011	8494997006	27995	986.82	504.85	946.35	513.10	0.92	66.24	0.43	32.69	3027.92	-2343.94	1961.50
Fixation L	1	20	8494997006	8495397013	400007	931.07	516.31	21	24	-1	11.92	11.92
Fixation R	1	23	8494997006	8495397013	400007	931.07	516.31	21	24	-1	13.56	13.56
Saccade L	1	14	8495397013	8495437065	40052	925.87	519.41	0.00	0.00	25.55	2126.00	0.70	637.83	83733.03	-90625.71	49480.13
Saccade R	1	17	8495397013	8495437065	40052	925.87	519.41	0.00	0.00	25.55	2126.00	0.70	637.83	83733.03	-90625.71	49480.13
Fixation L	1	21	8495437065	8496156973	719908	0.00	0.00	0	0	-1	10.98	10.98
Fixation R	1	24	8495437065	8496156973	719908	0.00	0.00	0	0	-1	12.65	12.65
Fixation L	1	22	8496232930	8496524951	292021	1073.66	656.85	24	45	-1	12.65	12.65
Fixation R	1	25	8496232930	8496524951	292021	1073.66	656.85	24	45	-1	14.16	14.16
Saccade L	1	15	8496524951	8496572920	47969	1063.14	633.49	996.49	487.33	4.92	321.88	0.33	102.63	15504.78	-13502.98	7367.17
Saccade R	1	18	8496524951	8496572920	47969	1063.14	633.49	996.49	487.33	4.92	321.88	0.33	102.63	15504.78	-13502.98	7367.17
Fixation L	1	23	8496572920	8496672917	99997	981.61	477.88	26	13	-1	12.34	12.34
Fixation R	1	26	8496572920	8496672917	99997	981.61	477.88	26	13	-1	14.12	14.12
