[BeGaze]
Converted from:	D:\Kirillov\Results\ermolova_temp\Kate-eye_data.idf
Date:	17.04.2019 03:52:27
Version:	BeGaze 3.0.181
Sample Rate:	250
Subject:	Kate
Description:	Run6

Table Header for Fixations:
Event Type	Trial	Number	Start	End	Duration	Location X	Location Y	Dispersion X	Dispersion Y	Plane	Avg. Pupil Size X	Avg. Pupil Size Y

Table Header for Saccades:
Event Type	Trial	Number	Start	End	Duration	Start Loc.X	Start Loc.Y	End Loc.X	End Loc.Y	Amplitude	Peak Speed	Peak Speed At	Average Speed	Peak Accel.	Peak Decel.	Average Accel.

Table Header for User Events:
Event Type	Trial	Number	Start	Description

UserEvent	1	1	3875891762	# Message: experiment-07.jpg
Fixation L	1	1	3875949449	3876177325	227876	409.33	431.82	22	28	-1	17.33	17.33
Fixation R	1	1	3875949449	3876177325	227876	409.33	431.82	22	28	-1	15.64	15.64
Saccade L	1	1	3876177325	3876233342	56017	417.09	441.52	701.39	626.97	7.87	365.41	0.29	140.49	17818.77	-12463.93	8524.00
Saccade R	1	1	3876177325	3876233342	56017	417.09	441.52	701.39	626.97	7.87	365.41	0.29	140.49	17818.77	-12463.93	8524.00
Fixation L	1	2	3876233342	3876329326	95984	734.74	641.63	45	34	-1	16.95	16.95
Fixation R	1	2	3876233342	3876329326	95984	734.74	641.63	45	34	-1	15.43	15.43
Saccade L	1	2	3876329326	3876373340	44014	747.17	643.35	0.01	0.00	30.37	2048.93	0.73	690.11	84532.51	-91828.54	51810.04
Fixation L	1	3	3876373340	3876453328	79988	0.00	0.00	0	0	-1	6.00	6.00
Saccade L	1	3	3876453328	3876589330	136002	0.00	0.00	788.44	674.12	51.28	1863.66	0.24	377.02	39053.05	-43543.93	13518.72
Fixation L	1	4	3876589330	3876693330	104000	785.58	684.06	17	26	-1	14.16	14.16
Fixation R	1	3	3876589330	3876693330	104000	785.58	684.06	17	26	-1	13.10	13.10
Saccade L	1	4	3876693330	3876753337	60007	784.61	702.57	1017.66	430.58	8.00	244.62	0.27	133.38	11900.09	-8232.91	6136.21
Saccade R	1	2	3876693330	3876753337	60007	784.61	702.57	1017.66	430.58	8.00	244.62	0.27	133.38	11900.09	-8232.91	6136.21
Fixation L	1	5	3876753337	3876997333	243996	1038.18	436.68	44	13	-1	14.77	14.77
Fixation R	1	4	3876753337	3876997333	243996	1038.18	436.68	44	13	-1	13.65	13.65
Saccade L	1	5	3876997333	3877045336	48003	1061.23	437.27	978.41	682.51	5.92	279.92	0.42	123.31	12808.82	-8969.12	7356.23
Saccade R	1	3	3876997333	3877045336	48003	1061.23	437.27	978.41	682.51	5.92	279.92	0.42	123.31	12808.82	-8969.12	7356.23
Fixation L	1	6	3877045336	3877413367	368031	978.53	697.19	36	26	-1	15.77	15.77
Fixation R	1	5	3877045336	3877413367	368031	978.53	697.19	36	26	-1	14.04	14.04
Saccade L	1	6	3877413367	3877441374	28007	985.25	702.54	941.93	784.65	1.89	140.99	0.43	67.38	6694.65	-6174.52	4724.72
Saccade R	1	4	3877413367	3877441374	28007	985.25	702.54	941.93	784.65	1.89	140.99	0.43	67.38	6694.65	-6174.52	4724.72
Fixation L	1	7	3877441374	3877673219	231845	948.32	792.13	16	27	-1	15.68	15.68
Fixation R	1	6	3877441374	3877673219	231845	948.32	792.13	16	27	-1	13.52	13.52
Saccade L	1	7	3877673219	3877697279	24060	949.76	770.92	915.87	782.08	0.75	53.62	0.50	31.23	2096.40	-2106.06	1534.77
Saccade R	1	5	3877673219	3877697279	24060	949.76	770.92	915.87	782.08	0.75	53.62	0.50	31.23	2096.40	-2106.06	1534.77
Fixation L	1	8	3877697279	3878093225	395946	762.40	639.10	1585	955	-1	13.37	13.37
Fixation R	1	7	3877697279	3878093225	395946	762.40	639.10	1585	955	-1	12.04	12.04
Saccade L	1	8	3878093225	3878137233	44008	0.00	0.00	1073.28	355.36	37.00	3093.65	0.27	840.79	131687.88	-102906.68	58490.44
Saccade R	1	6	3878093225	3878137233	44008	0.00	0.00	1073.28	355.36	37.00	3093.65	0.27	840.79	131687.88	-102906.68	58490.44
Fixation L	1	9	3878197237	3878433235	235998	1171.32	368.13	24	60	-1	15.53	15.53
Fixation R	1	8	3878197237	3878433235	235998	1171.32	368.13	24	60	-1	13.61	13.61
Saccade L	1	9	3878433235	3878457245	24010	1171.19	401.95	1213.15	396.51	1.06	96.44	0.50	44.15	3439.09	-3651.72	2633.53
Saccade R	1	7	3878433235	3878457245	24010	1171.19	401.95	1213.15	396.51	1.06	96.44	0.50	44.15	3439.09	-3651.72	2633.53
Fixation L	1	10	3878457245	3878869268	412023	1225.07	372.17	28	40	-1	15.28	15.28
Fixation R	1	9	3878457245	3878869268	412023	1225.07	372.17	28	40	-1	13.52	13.52
Fixation L	1	11	3878949246	3879269122	319876	884.96	779.55	49	53	-1	15.32	15.32
Fixation R	1	10	3878949246	3879269122	319876	884.96	779.55	49	53	-1	13.18	13.18
Saccade L	1	10	3879269122	3879293126	24004	908.54	804.94	900.86	879.28	1.48	126.37	0.67	61.73	5875.43	-5238.71	3935.64
Saccade R	1	8	3879269122	3879293126	24004	908.54	804.94	900.86	879.28	1.48	126.37	0.67	61.73	5875.43	-5238.71	3935.64
Fixation L	1	12	3879293126	3879417123	123997	893.39	885.30	24	24	-1	15.28	15.28
Fixation R	1	11	3879293126	3879417123	123997	893.39	885.30	24	24	-1	13.34	13.34
Saccade L	1	11	3879417123	3879497153	80030	880.81	867.15	1232.52	436.51	12.74	268.73	0.25	159.18	12529.08	-6904.91	5236.30
Saccade R	1	9	3879417123	3879497153	80030	880.81	867.15	1232.52	436.51	12.74	268.73	0.25	159.18	12529.08	-6904.91	5236.30
Fixation L	1	13	3879497153	3880089140	591987	1222.26	411.49	39	55	-1	15.29	15.29
Fixation R	1	12	3879497153	3880089140	591987	1222.26	411.49	39	55	-1	13.61	13.61
Saccade L	1	12	3880089140	3880153132	63992	1229.99	420.61	908.48	883.77	12.33	423.03	0.31	192.73	19820.32	-9711.85	9380.22
Saccade R	1	10	3880089140	3880153132	63992	1229.99	420.61	908.48	883.77	12.33	423.03	0.31	192.73	19820.32	-9711.85	9380.22
Saccade L	1	13	3880153132	3880181126	27994	908.48	883.77	894.89	885.80	0.77	49.01	0.43	27.51	459.20	-3693.52	1084.67
Saccade R	1	11	3880153132	3880181126	27994	908.48	883.77	894.89	885.80	0.77	49.01	0.43	27.51	459.20	-3693.52	1084.67
Fixation L	1	14	3880181126	3880345162	164036	881.25	874.35	38	21	-1	15.78	15.78
Fixation R	1	13	3880181126	3880345162	164036	881.25	874.35	38	21	-1	13.86	13.86
Saccade L	1	14	3880345162	3880369001	23839	898.57	871.00	886.33	820.60	1.12	94.50	0.50	47.12	4063.83	-4145.20	2975.32
Saccade R	1	12	3880345162	3880369001	23839	898.57	871.00	886.33	820.60	1.12	94.50	0.50	47.12	4063.83	-4145.20	2975.32
Fixation L	1	15	3880369001	3880525021	156020	891.34	819.41	22	24	-1	15.70	15.70
Fixation R	1	14	3880369001	3880525021	156020	891.34	819.41	22	24	-1	13.65	13.65
Saccade L	1	15	3880525021	3880549026	24005	894.94	828.95	910.45	751.76	1.68	147.10	0.50	69.81	6664.43	-6474.50	4828.68
Saccade R	1	13	3880525021	3880549026	24005	894.94	828.95	910.45	751.76	1.68	147.10	0.50	69.81	6664.43	-6474.50	4828.68
Fixation L	1	16	3880549026	3880757056	208030	908.86	743.21	8	19	-1	15.31	15.31
Fixation R	1	15	3880549026	3880757056	208030	908.86	743.21	8	19	-1	13.55	13.55
Saccade L	1	16	3880757056	3880785040	27984	911.79	747.11	850.08	757.56	1.38	123.35	0.43	49.14	5086.90	-4819.07	3415.50
Saccade R	1	14	3880757056	3880785040	27984	911.79	747.11	850.08	757.56	1.38	123.35	0.43	49.14	5086.90	-4819.07	3415.50
Fixation L	1	17	3880785040	3881041044	256004	846.70	760.62	14	23	-1	15.51	15.51
Fixation R	1	16	3880785040	3881041044	256004	846.70	760.62	14	23	-1	13.71	13.71
Saccade L	1	17	3881041044	3881065007	23963	839.43	748.83	843.28	692.57	1.22	93.53	0.50	50.87	4293.01	-4279.18	3124.65
Saccade R	1	15	3881041044	3881065007	23963	839.43	748.83	843.28	692.57	1.22	93.53	0.50	50.87	4293.01	-4279.18	3124.65
Fixation L	1	18	3881065007	3881245007	180000	853.34	696.78	22	26	-1	15.38	15.38
Fixation R	1	17	3881065007	3881245007	180000	853.34	696.78	22	26	-1	13.71	13.71
Saccade L	1	18	3881245007	3881309023	64016	849.47	698.39	1158.51	378.00	9.82	311.90	0.31	153.45	14967.98	-9280.43	7532.61
Saccade R	1	16	3881245007	3881309023	64016	849.47	698.39	1158.51	378.00	9.82	311.90	0.31	153.45	14967.98	-9280.43	7532.61
Fixation L	1	19	3881309023	3881621049	312026	888.75	289.00	1379	598	-1	13.31	13.31
Fixation R	1	18	3881309023	3881621049	312026	888.75	289.00	1379	598	-1	11.61	11.61
Saccade L	1	19	3881717049	3881757015	39966	1068.65	367.27	1191.35	383.80	2.56	177.68	0.40	64.08	6981.15	-6722.12	4243.91
Saccade R	1	17	3881717049	3881757015	39966	1068.65	367.27	1191.35	383.80	2.56	177.68	0.40	64.08	6981.15	-6722.12	4243.91
Fixation L	1	20	3881757015	3881876950	119935	1196.21	397.07	22	23	-1	14.94	14.94
Fixation R	1	19	3881757015	3881876950	119935	1196.21	397.07	22	23	-1	13.38	13.38
Saccade L	1	20	3881876950	3881932895	55945	1194.10	406.54	906.17	637.00	8.07	345.94	0.29	144.30	16494.78	-10087.58	8000.70
Saccade R	1	18	3881876950	3881932895	55945	1194.10	406.54	906.17	637.00	8.07	345.94	0.29	144.30	16494.78	-10087.58	8000.70
Fixation L	1	21	3881932895	3882076898	144003	892.21	651.92	30	21	-1	15.34	15.34
Fixation R	1	20	3881932895	3882076898	144003	892.21	651.92	30	21	-1	13.50	13.50
Saccade L	1	21	3882076898	3882100972	24074	876.91	645.92	845.16	657.67	0.82	64.24	0.50	34.25	2226.19	-1952.51	1553.01
Saccade R	1	19	3882076898	3882100972	24074	876.91	645.92	845.16	657.67	0.82	64.24	0.50	34.25	2226.19	-1952.51	1553.01
Fixation L	1	22	3882100972	3882260964	159992	836.43	687.04	17	38	-1	15.47	15.47
Fixation R	1	21	3882100972	3882260964	159992	836.43	687.04	17	38	-1	13.88	13.88
Saccade L	1	22	3882260964	3882284907	23943	837.51	699.57	830.73	750.67	1.03	74.17	0.67	43.05	3187.33	-3258.55	2308.68
Saccade R	1	20	3882260964	3882284907	23943	837.51	699.57	830.73	750.67	1.03	74.17	0.67	43.05	3187.33	-3258.55	2308.68
Fixation L	1	23	3882284907	3882384903	99996	826.81	754.41	9	19	-1	15.63	15.63
Fixation R	1	22	3882284907	3882384903	99996	826.81	754.41	9	19	-1	13.87	13.87
Saccade L	1	23	3882384903	3882416905	32002	824.26	758.06	889.02	712.23	1.71	110.26	0.50	53.46	5058.21	-4943.98	3681.60
Saccade R	1	21	3882384903	3882416905	32002	824.26	758.06	889.02	712.23	1.71	110.26	0.50	53.46	5058.21	-4943.98	3681.60
Fixation L	1	24	3882416905	3882636910	220005	894.48	698.24	18	24	-1	15.50	15.50
Fixation R	1	23	3882416905	3882636910	220005	894.48	698.24	18	24	-1	13.92	13.92
Saccade L	1	24	3882636910	3882704940	68030	889.90	702.14	1143.99	363.50	9.33	305.47	0.24	137.19	14155.47	-8528.62	6479.12
Saccade R	1	22	3882636910	3882704940	68030	889.90	702.14	1143.99	363.50	9.33	305.47	0.24	137.19	14155.47	-8528.62	6479.12
Fixation L	1	25	3882704940	3883228783	523843	1153.34	357.77	22	24	-1	15.27	15.27
Fixation R	1	24	3882704940	3883228783	523843	1153.34	357.77	22	24	-1	13.68	13.68
Saccade L	1	25	3883228783	3883280785	52002	1160.14	364.16	855.74	608.15	8.43	387.04	0.31	162.08	18881.96	-12914.86	9784.31
Saccade R	1	23	3883228783	3883280785	52002	1160.14	364.16	855.74	608.15	8.43	387.04	0.31	162.08	18881.96	-12914.86	9784.31
Fixation L	1	26	3883280785	3883572804	292019	856.05	621.54	16	18	-1	15.58	15.58
Fixation R	1	25	3883280785	3883572804	292019	856.05	621.54	16	18	-1	13.69	13.69
Saccade L	1	26	3883572804	3883600797	27993	849.50	622.85	830.09	664.40	0.99	57.15	0.57	35.44	2477.17	-1690.17	1609.04
Saccade R	1	24	3883572804	3883600797	27993	849.50	622.85	830.09	664.40	0.99	57.15	0.57	35.44	2477.17	-1690.17	1609.04
Fixation L	1	27	3883600797	3883740793	139996	819.12	679.57	14	31	-1	15.61	15.61
Fixation R	1	26	3883600797	3883740793	139996	819.12	679.57	14	31	-1	13.70	13.70
Saccade L	1	27	3883740793	3883780808	40015	818.99	690.19	713.70	697.88	3.03	211.14	0.40	75.67	10072.15	-8550.12	5325.64
Saccade R	1	25	3883740793	3883780808	40015	818.99	690.19	713.70	697.88	3.03	211.14	0.40	75.67	10072.15	-8550.12	5325.64
Fixation L	1	28	3883780808	3883920810	140002	695.16	698.44	40	13	-1	15.82	15.82
Fixation R	1	27	3883780808	3883920810	140002	695.16	698.44	40	13	-1	14.08	14.08
Saccade L	1	28	3883920810	3883968807	47997	669.15	692.77	0.00	0.00	29.30	2261.45	0.75	610.52	78253.77	-95614.97	43289.78
Fixation L	1	29	3883968807	3884044804	75997	0.00	0.00	0	0	-1	7.96	7.96
Fixation L	1	30	3884192714	3884524825	332111	694.21	720.53	101	118	-1	16.21	16.21
Fixation R	1	28	3884192714	3884524825	332111	694.21	720.53	101	118	-1	14.57	14.57
