[BeGaze]
Converted from:	D:\Kirillov\Results\ermolova_temp\Marina-eye_data.idf
Date:	17.04.2019 03:53:28
Version:	BeGaze 3.0.181
Sample Rate:	250
Subject:	Marina
Description:	Run25

Table Header for Fixations:
Event Type	Trial	Number	Start	End	Duration	Location X	Location Y	Dispersion X	Dispersion Y	Plane	Avg. Pupil Size X	Avg. Pupil Size Y

Table Header for Saccades:
Event Type	Trial	Number	Start	End	Duration	Start Loc.X	Start Loc.Y	End Loc.X	End Loc.Y	Amplitude	Peak Speed	Peak Speed At	Average Speed	Peak Accel.	Peak Decel.	Average Accel.

Table Header for User Events:
Event Type	Trial	Number	Start	Description

UserEvent	1	1	11473001796	# Message: experiment-11.jpg
Fixation L	1	1	11473003972	11473267997	264025	424.54	302.27	15	20	-1	12.69	12.69
Fixation R	1	1	11473003972	11473267997	264025	424.54	302.27	15	20	-1	12.14	12.14
Saccade L	1	1	11473267997	11473323983	55986	415.52	307.39	723.47	641.64	9.79	358.80	0.29	174.92	17615.97	-11631.82	9792.13
Saccade R	1	1	11473267997	11473323983	55986	415.52	307.39	723.47	641.64	9.79	358.80	0.29	174.92	17615.97	-11631.82	9792.13
Fixation L	1	2	11473323983	11473556003	232020	743.96	645.51	46	30	-1	12.76	12.76
Fixation R	1	2	11473323983	11473556003	232020	743.96	645.51	46	30	-1	12.45	12.45
Saccade L	1	2	11473556003	11473579932	23929	768.77	645.72	806.32	650.40	0.79	59.94	0.50	32.85	1548.41	-2359.25	1455.88
Saccade R	1	2	11473556003	11473579932	23929	768.77	645.72	806.32	650.40	0.79	59.94	0.50	32.85	1548.41	-2359.25	1455.88
Fixation L	1	3	11473579932	11474043926	463994	803.54	680.18	45	61	-1	12.01	12.01
Fixation R	1	3	11473579932	11474043926	463994	803.54	680.18	45	61	-1	11.65	11.65
Saccade L	1	3	11474043926	11474107915	63989	799.36	675.99	992.66	382.44	7.95	302.18	0.25	124.30	13732.92	-6879.20	6214.59
Saccade R	1	3	11474043926	11474107915	63989	799.36	675.99	992.66	382.44	7.95	302.18	0.25	124.30	13732.92	-6879.20	6214.59
Fixation L	1	4	11474107915	11474335879	227964	986.90	359.62	24	39	-1	11.06	11.06
Fixation R	1	4	11474107915	11474335879	227964	986.90	359.62	24	39	-1	10.58	10.58
Saccade R	1	4	11474335879	11474371870	35991	973.10	342.14	0.00	0.00	26.68	2031.01	0.67	741.37	77312.06	-88481.98	53570.69
Fixation R	1	5	11474371870	11474431870	60000	0.00	0.00	0	0	-1	9.18	9.18
Saccade R	1	5	11474431870	11474483881	52011	0.00	0.00	950.45	299.83	34.21	2139.99	0.23	657.70	93897.87	-75630.92	39356.42
Fixation L	1	5	11474483881	11474747877	263996	955.64	330.97	34	42	-1	10.76	10.76
Fixation R	1	6	11474483881	11474747877	263996	955.64	330.97	34	42	-1	10.21	10.21
Saccade L	1	4	11474747877	11474795900	48023	958.05	340.21	1104.16	364.91	3.17	130.34	0.25	65.92	5854.18	-2789.08	2907.24
Saccade R	1	6	11474747877	11474795900	48023	958.05	340.21	1104.16	364.91	3.17	130.34	0.25	65.92	5854.18	-2789.08	2907.24
Fixation L	1	6	11474795900	11475107774	311874	1114.70	365.54	20	26	-1	10.94	10.94
Fixation R	1	7	11474795900	11475107774	311874	1114.70	365.54	20	26	-1	10.41	10.41
Saccade L	1	5	11475107774	11475167799	60025	1123.62	356.08	917.56	321.59	4.92	227.20	0.27	81.90	10513.18	-9299.42	4972.43
Saccade R	1	7	11475107774	11475167799	60025	1123.62	356.08	917.56	321.59	4.92	227.20	0.27	81.90	10513.18	-9299.42	4972.43
Fixation L	1	7	11475167799	11475415779	247980	903.03	302.05	18	27	-1	11.05	11.05
Fixation R	1	8	11475167799	11475415779	247980	903.03	302.05	18	27	-1	10.59	10.59
Saccade L	1	6	11475415779	11475455794	40015	900.34	297.09	730.55	293.36	3.50	191.34	0.40	87.47	8861.64	-7565.10	5663.88
Saccade R	1	8	11475415779	11475455794	40015	900.34	297.09	730.55	293.36	3.50	191.34	0.40	87.47	8861.64	-7565.10	5663.88
Fixation L	1	8	11475455794	11475619773	163979	724.30	282.89	30	15	-1	11.01	11.01
Fixation R	1	9	11475455794	11475619773	163979	724.30	282.89	30	15	-1	10.44	10.44
Saccade L	1	7	11475619773	11475659775	40002	705.59	283.22	862.94	297.95	3.31	184.69	0.40	82.68	8517.18	-7622.81	5406.06
Saccade R	1	9	11475619773	11475659775	40002	705.59	283.22	862.94	297.95	3.31	184.69	0.40	82.68	8517.18	-7622.81	5406.06
Fixation L	1	9	11475659775	11475851797	192022	882.31	315.06	31	35	-1	10.90	10.90
Fixation R	1	10	11475659775	11475851797	192022	882.31	315.06	31	35	-1	10.48	10.48
Saccade L	1	8	11475851797	11475907795	55998	880.73	327.08	1070.15	345.05	4.18	186.53	0.29	74.71	8972.69	-7322.18	4241.37
Saccade R	1	10	11475851797	11475907795	55998	880.73	327.08	1070.15	345.05	4.18	186.53	0.29	74.71	8972.69	-7322.18	4241.37
Fixation L	1	10	11475907795	11476103798	196003	1077.02	347.02	38	13	-1	11.05	11.05
Fixation R	1	11	11475907795	11476103798	196003	1077.02	347.02	38	13	-1	10.34	10.34
Saccade L	1	9	11476103798	11476159753	55955	1060.73	351.04	824.83	659.27	8.72	272.43	0.29	155.78	13124.09	-11692.68	7870.87
Saccade R	1	11	11476103798	11476159753	55955	1060.73	351.04	824.83	659.27	8.72	272.43	0.29	155.78	13124.09	-11692.68	7870.87
Fixation L	1	11	11476159753	11476371799	212046	818.00	675.79	15	28	-1	11.54	11.54
Fixation R	1	12	11476159753	11476371799	212046	818.00	675.79	15	28	-1	10.89	10.89
Saccade L	1	10	11476371799	11476411804	40005	815.33	677.73	861.77	659.05	1.06	47.58	0.40	26.44	2234.83	-1204.21	1136.80
Saccade R	1	12	11476371799	11476411804	40005	815.33	677.73	861.77	659.05	1.06	47.58	0.40	26.44	2234.83	-1204.21	1136.80
Fixation L	1	12	11476411804	11476627693	215889	859.24	670.31	24	24	-1	11.51	11.51
Fixation R	1	13	11476411804	11476627693	215889	859.24	670.31	24	24	-1	10.88	10.88
Saccade L	1	11	11476627693	11476699704	72011	846.20	679.99	1093.67	341.78	9.59	248.56	0.44	133.23	11963.87	-7944.75	5603.27
Saccade R	1	13	11476627693	11476699704	72011	846.20	679.99	1093.67	341.78	9.59	248.56	0.44	133.23	11963.87	-7944.75	5603.27
Fixation L	1	13	11476699704	11476983673	283969	1126.93	308.77	47	53	-1	11.04	11.04
Fixation R	1	14	11476699704	11476983673	283969	1126.93	308.77	47	53	-1	10.53	10.53
Saccade L	1	12	11476983673	11477015677	32004	1121.34	299.25	1212.30	317.60	2.01	132.37	0.50	62.67	5981.33	-6173.19	4312.48
Saccade R	1	14	11476983673	11477015677	32004	1121.34	299.25	1212.30	317.60	2.01	132.37	0.50	62.67	5981.33	-6173.19	4312.48
Fixation L	1	14	11477015677	11477203691	188014	1216.87	315.86	8	10	-1	11.23	11.23
Fixation R	1	15	11477015677	11477203691	188014	1216.87	315.86	8	10	-1	10.45	10.45
Saccade L	1	13	11477203691	11477275704	72013	1219.23	320.34	914.78	686.72	11.14	304.87	0.33	154.63	13858.38	-11368.01	6154.54
Saccade R	1	15	11477203691	11477275704	72013	1219.23	320.34	914.78	686.72	11.14	304.87	0.33	154.63	13858.38	-11368.01	6154.54
Fixation L	1	15	11477275704	11477379696	103992	906.36	707.53	14	40	-1	11.42	11.42
Fixation R	1	16	11477275704	11477379696	103992	906.36	707.53	14	40	-1	10.76	10.76
Saccade L	1	14	11477379696	11477415722	36026	907.66	725.24	943.14	664.43	1.58	98.40	0.44	43.86	4546.48	-4246.84	2832.16
Saccade R	1	16	11477379696	11477415722	36026	907.66	725.24	943.14	664.43	1.58	98.40	0.44	43.86	4546.48	-4246.84	2832.16
Fixation L	1	16	11477415722	11477591700	175978	951.03	655.44	17	23	-1	11.30	11.30
Fixation R	1	17	11477415722	11477591700	175978	951.03	655.44	17	23	-1	11.02	11.02
Saccade L	1	15	11477591700	11477615645	23945	959.31	657.42	1019.83	659.12	1.19	96.52	0.50	49.72	4362.61	-4039.27	3124.04
Saccade R	1	17	11477591700	11477615645	23945	959.31	657.42	1019.83	659.12	1.19	96.52	0.50	49.72	4362.61	-4039.27	3124.04
Fixation L	1	17	11477615645	11477739726	124081	1025.78	654.13	10	12	-1	11.46	11.46
Fixation R	1	18	11477615645	11477739726	124081	1025.78	654.13	10	12	-1	11.00	11.00
Saccade L	1	16	11477739726	11477799706	59980	1023.70	647.48	1209.97	373.80	7.74	314.83	0.33	128.97	15445.40	-8969.50	7220.66
Saccade R	1	18	11477739726	11477799706	59980	1023.70	647.48	1209.97	373.80	7.74	314.83	0.33	128.97	15445.40	-8969.50	7220.66
Fixation L	1	18	11477799706	11478011579	211873	1213.20	357.75	36	22	-1	11.25	11.25
Fixation R	1	19	11477799706	11478011579	211873	1213.20	357.75	36	22	-1	10.76	10.76
Saccade L	1	17	11478011579	11478035603	24024	1226.55	354.12	1255.82	349.62	0.66	47.11	0.50	27.66	1664.85	-1917.65	1268.86
Saccade R	1	19	11478011579	11478035603	24024	1226.55	354.12	1255.82	349.62	0.66	47.11	0.50	27.66	1664.85	-1917.65	1268.86
Fixation L	1	19	11478035603	11478547608	512005	1251.00	345.47	23	11	-1	11.27	11.27
Fixation R	1	20	11478035603	11478547608	512005	1251.00	345.47	23	11	-1	10.80	10.80
Saccade L	1	18	11478547608	11478587599	39991	1258.87	342.72	1175.70	316.77	1.94	102.20	0.40	48.39	4744.96	-3985.02	2902.40
Saccade R	1	20	11478547608	11478587599	39991	1258.87	342.72	1175.70	316.77	1.94	102.20	0.40	48.39	4744.96	-3985.02	2902.40
Fixation L	1	20	11478587599	11478915606	328007	1167.38	297.39	24	36	-1	11.03	11.03
Fixation R	1	21	11478587599	11478915606	328007	1167.38	297.39	24	36	-1	10.79	10.79
Saccade L	1	19	11478915606	11478943630	28024	1170.05	296.31	1240.04	308.52	1.49	124.05	0.57	53.07	5361.36	-5290.91	3889.61
Saccade R	1	21	11478915606	11478943630	28024	1170.05	296.31	1240.04	308.52	1.49	124.05	0.57	53.07	5361.36	-5290.91	3889.61
Fixation L	1	21	11478943630	11479323635	380005	1230.40	320.76	59	41	-1	11.20	11.20
Fixation R	1	22	11478943630	11479323635	380005	1230.40	320.76	59	41	-1	10.84	10.84
Saccade L	1	20	11479323635	11479347479	23844	1226.89	332.30	1163.40	333.61	1.28	102.52	0.50	53.68	4645.94	-4181.67	3249.72
Saccade R	1	22	11479323635	11479347479	23844	1226.89	332.30	1163.40	333.61	1.28	102.52	0.50	53.68	4645.94	-4181.67	3249.72
Fixation L	1	22	11479347479	11479647508	300029	1151.35	322.94	23	39	-1	11.45	11.45
Fixation R	1	23	11479347479	11479647508	300029	1151.35	322.94	23	39	-1	11.05	11.05
Saccade L	1	21	11479691499	11479763493	71994	1217.91	318.90	1140.94	337.71	18.11	515.07	0.39	251.55	15113.03	-16381.67	8213.74
Saccade R	1	23	11479691499	11479763493	71994	1217.91	318.90	1140.94	337.71	18.11	515.07	0.39	251.55	15113.03	-16381.67	8213.74
Saccade L	1	22	11479771491	11479819502	48011	1141.84	333.19	1217.37	296.46	2.08	79.39	0.67	43.40	1731.46	-3501.67	1961.02
Saccade R	1	24	11479771491	11479819502	48011	1141.84	333.19	1217.37	296.46	2.08	79.39	0.67	43.40	1731.46	-3501.67	1961.02
Fixation L	1	23	11479819502	11479907505	88003	1213.06	300.20	12	6	-1	11.53	11.53
Fixation R	1	24	11479819502	11479907505	88003	1213.06	300.20	12	6	-1	11.02	11.02
Saccade L	1	23	11479907505	11479931490	23985	1207.60	298.47	1244.30	327.08	0.85	59.72	0.33	35.53	2720.06	-2575.06	1931.85
Saccade R	1	25	11479907505	11479931490	23985	1207.60	298.47	1244.30	327.08	0.85	59.72	0.33	35.53	2720.06	-2575.06	1931.85
Fixation L	1	24	11479931490	11480199520	268030	1257.89	324.81	35	23	-1	11.40	11.40
Fixation R	1	25	11479931490	11480199520	268030	1257.89	324.81	35	23	-1	11.01	11.01
Fixation L	1	25	11480299500	11480895410	595910	847.46	765.65	55	47	-1	11.64	11.64
Fixation R	1	26	11480299500	11480895410	595910	847.46	765.65	55	47	-1	11.35	11.35
Saccade L	1	24	11480895410	11480951384	55974	871.83	749.59	811.09	327.29	9.28	384.29	0.36	165.81	17003.43	-11201.92	9305.56
Saccade R	1	26	11480895410	11480951384	55974	871.83	749.59	811.09	327.29	9.28	384.29	0.36	165.81	17003.43	-11201.92	9305.56
Fixation L	1	26	11480951384	11481147390	196006	804.95	313.85	15	34	-1	11.24	11.24
Fixation R	1	27	11480951384	11481147390	196006	804.95	313.85	15	34	-1	10.89	10.89
Saccade L	1	25	11481147390	11481191400	44010	813.02	319.23	986.21	346.30	3.83	206.14	0.27	87.14	10013.40	-7965.20	5537.87
Saccade R	1	27	11481147390	11481191400	44010	813.02	319.23	986.21	346.30	3.83	206.14	0.27	87.14	10013.40	-7965.20	5537.87
Fixation L	1	27	11481191400	11481355418	164018	990.94	345.80	12	11	-1	11.22	11.22
Fixation R	1	28	11481191400	11481355418	164018	990.94	345.80	12	11	-1	10.79	10.79
Saccade L	1	26	11481355418	11481387397	31979	983.47	341.31	1135.00	347.11	3.09	200.08	0.50	96.60	9251.91	-8791.81	6644.76
Saccade R	1	28	11481355418	11481387397	31979	983.47	341.31	1135.00	347.11	3.09	200.08	0.50	96.60	9251.91	-8791.81	6644.76
Fixation L	1	28	11481387397	11481791365	403968	1113.51	340.31	29	25	-1	11.44	11.44
Fixation R	1	29	11481387397	11481791365	403968	1113.51	340.31	29	25	-1	11.08	11.08
Saccade L	1	27	11481791365	11481851434	60069	1115.03	348.26	843.07	734.94	10.78	296.89	0.27	179.46	14283.98	-10685.03	7672.33
Saccade R	1	29	11481791365	11481851434	60069	1115.03	348.26	843.07	734.94	10.78	296.89	0.27	179.46	14283.98	-10685.03	7672.33
Fixation L	1	29	11481851434	11482147445	296011	812.57	732.16	66	33	-1	11.98	11.98
Fixation R	1	30	11481851434	11482147445	296011	812.57	732.16	66	33	-1	11.67	11.67
Saccade L	1	28	11482147445	11482179314	31869	784.27	738.14	785.24	789.87	1.15	66.26	0.37	36.23	2840.85	-2642.07	2040.00
Saccade R	1	30	11482147445	11482179314	31869	784.27	738.14	785.24	789.87	1.15	66.26	0.37	36.23	2840.85	-2642.07	2040.00
Fixation L	1	30	11482179314	11482291307	111993	783.45	797.70	12	30	-1	11.99	11.99
Fixation R	1	31	11482179314	11482291307	111993	783.45	797.70	12	30	-1	11.73	11.73
Saccade L	1	29	11482291307	11482323293	31986	782.85	778.74	790.93	867.92	1.89	132.91	0.50	59.03	6007.41	-5531.14	4191.04
Saccade R	1	31	11482291307	11482323293	31986	782.85	778.74	790.93	867.92	1.89	132.91	0.50	59.03	6007.41	-5531.14	4191.04
Fixation L	1	31	11482323293	11482507296	184003	783.21	859.05	14	33	-1	11.85	11.85
Fixation R	1	32	11482323293	11482507296	184003	783.21	859.05	14	33	-1	11.57	11.57
Saccade L	1	30	11482507296	11482547326	40030	786.69	853.06	844.89	766.32	2.45	136.94	0.40	61.19	6059.92	-5686.51	4011.09
Saccade R	1	32	11482507296	11482547326	40030	786.69	853.06	844.89	766.32	2.45	136.94	0.40	61.19	6059.92	-5686.51	4011.09
Fixation L	1	32	11482547326	11483023324	475998	852.44	762.15	30	40	-1	11.52	11.52
Fixation R	1	33	11482547326	11483023324	475998	852.44	762.15	30	40	-1	11.34	11.34
Saccade L	1	31	11483023324	11483047323	23999	854.27	763.86	767.19	697.19	1.91	153.80	0.50	79.68	6619.63	292.65	3199.40
Saccade R	1	33	11483023324	11483047323	23999	854.27	763.86	767.19	697.19	1.91	153.80	0.50	79.68	6619.63	292.65	3199.40
Saccade L	1	32	11483099341	11483159323	59982	845.21	761.84	800.31	674.10	4.63	180.51	0.60	77.19	4388.17	-6786.08	2913.54
Saccade R	1	34	11483099341	11483159323	59982	845.21	761.84	800.31	674.10	4.63	180.51	0.60	77.19	4388.17	-6786.08	2913.54
Saccade L	1	33	11483179340	11483215337	35997	790.87	667.44	790.32	667.60	2.42	114.88	0.67	67.10	4471.72	-4722.20	2951.13
Saccade R	1	35	11483179340	11483215337	35997	790.87	667.44	790.32	667.60	2.42	114.88	0.67	67.10	4471.72	-4722.20	2951.13
Fixation L	1	33	11483215337	11483311277	95940	788.34	670.24	6	18	-1	11.41	11.41
Fixation R	1	34	11483215337	11483311277	95940	788.34	670.24	6	18	-1	11.13	11.13
Saccade L	1	34	11483311277	11483363312	52035	788.63	663.14	921.55	352.08	7.94	356.01	0.31	152.50	15698.66	-10952.30	8734.82
Saccade R	1	36	11483311277	11483363312	52035	788.63	663.14	921.55	352.08	7.94	356.01	0.31	152.50	15698.66	-10952.30	8734.82
Saccade L	1	35	11483363312	11483387319	24007	921.55	352.08	922.03	335.67	0.61	44.52	0.33	25.28	266.01	-2946.73	1088.71
Saccade R	1	37	11483363312	11483387319	24007	921.55	352.08	922.03	335.67	0.61	44.52	0.33	25.28	266.01	-2946.73	1088.71
Fixation L	1	34	11483387319	11483627228	239909	919.31	335.00	34	38	-1	11.20	11.20
Fixation R	1	35	11483387319	11483627228	239909	919.31	335.00	34	38	-1	10.85	10.85
Saccade L	1	36	11483627228	11483655197	27969	931.36	326.40	897.27	283.42	1.07	63.98	0.43	38.32	2924.81	-2606.32	2084.29
Saccade R	1	38	11483627228	11483655197	27969	931.36	326.40	897.27	283.42	1.07	63.98	0.43	38.32	2924.81	-2606.32	2084.29
Saccade L	1	37	11483703206	11483735219	32013	874.06	290.27	921.46	291.05	0.97	50.92	0.38	30.20	1721.95	-1801.02	1319.56
Saccade R	1	39	11483703206	11483735219	32013	874.06	290.27	921.46	291.05	0.97	50.92	0.38	30.20	1721.95	-1801.02	1319.56
Fixation L	1	35	11483735219	11483795214	59995	918.92	287.75	18	9	-1	11.36	11.36
Fixation R	1	36	11483735219	11483795214	59995	918.92	287.75	18	9	-1	11.01	11.01
Saccade L	1	38	11483795214	11483847197	51983	907.80	289.46	652.49	318.57	5.65	230.94	0.38	108.62	10871.35	-7906.74	6325.03
Saccade R	1	40	11483795214	11483847197	51983	907.80	289.46	652.49	318.57	5.65	230.94	0.38	108.62	10871.35	-7906.74	6325.03
Fixation L	1	36	11483847197	11484099209	252012	633.67	313.52	37	21	-1	11.53	11.53
Fixation R	1	37	11483847197	11484099209	252012	633.67	313.52	37	21	-1	11.25	11.25
Saccade L	1	39	11484099209	11484151206	51997	626.93	305.86	898.52	301.86	5.91	237.51	0.39	113.65	10985.34	-6625.40	6164.69
Saccade R	1	41	11484099209	11484151206	51997	626.93	305.86	898.52	301.86	5.91	237.51	0.39	113.65	10985.34	-6625.40	6164.69
Saccade L	1	40	11484159215	11484191270	32055	901.26	302.82	826.08	260.43	1.94	127.18	0.50	60.68	5593.28	-4792.03	3426.46
Saccade R	1	42	11484159215	11484191270	32055	901.26	302.82	826.08	260.43	1.94	127.18	0.50	60.68	5593.28	-4792.03	3426.46
Saccade L	1	41	11484191270	11484223232	31962	826.08	260.43	884.77	293.52	1.74	142.08	0.37	54.52	3949.56	-5368.89	2960.50
Saccade R	1	43	11484191270	11484223232	31962	826.08	260.43	884.77	293.52	1.74	142.08	0.37	54.52	3949.56	-5368.89	2960.50
Fixation R	1	38	11484223232	11484375230	151998	469.55	220.32	910	968	-1	11.02	11.02
Fixation L	1	37	11484451217	11484527224	76007	777.51	887.60	22	10	-1	11.87	11.87
Fixation R	1	39	11484451217	11484527224	76007	777.51	887.60	22	10	-1	11.83	11.83
Saccade L	1	42	11484527224	11484555136	27912	783.88	883.93	781.74	827.74	1.32	101.14	0.57	47.37	4582.90	-4441.75	3246.30
Saccade R	1	44	11484527224	11484555136	27912	783.88	883.93	781.74	827.74	1.32	101.14	0.57	47.37	4582.90	-4441.75	3246.30
Fixation L	1	38	11484555136	11484747177	192041	783.59	817.74	27	28	-1	11.96	11.96
Fixation R	1	40	11484555136	11484747177	192041	783.59	817.74	27	28	-1	11.96	11.96
Saccade L	1	43	11484747177	11484803233	56056	779.61	807.71	869.67	844.11	3.18	128.85	0.29	56.71	5620.80	-3388.07	2618.49
Saccade R	1	45	11484747177	11484803233	56056	779.61	807.71	869.67	844.11	3.18	128.85	0.29	56.71	5620.80	-3388.07	2618.49
Fixation L	1	39	11484803233	11485131136	327903	858.83	839.18	56	35	-1	12.21	12.21
Fixation R	1	41	11484803233	11485131136	327903	858.83	839.18	56	35	-1	12.21	12.21
Saccade L	1	44	11485131136	11485215137	84001	822.09	844.39	1045.18	348.74	12.95	460.94	0.24	154.12	22231.56	-14763.70	8600.14
Saccade R	1	46	11485131136	11485215137	84001	822.09	844.39	1045.18	348.74	12.95	460.94	0.24	154.12	22231.56	-14763.70	8600.14
Fixation L	1	40	11485215137	11485387151	172014	1050.60	326.89	17	39	-1	11.71	11.71
Fixation R	1	42	11485215137	11485387151	172014	1050.60	326.89	17	39	-1	11.56	11.56
Saccade L	1	45	11485387151	11485415124	27973	1039.67	311.57	1149.16	330.69	2.21	167.73	0.43	78.87	7506.01	-7345.53	5504.28
Saccade R	1	47	11485387151	11485415124	27973	1039.67	311.57	1149.16	330.69	2.21	167.73	0.43	78.87	7506.01	-7345.53	5504.28
Fixation L	1	41	11485415124	11485527131	112007	1148.91	333.76	11	8	-1	11.73	11.73
Fixation R	1	43	11485415124	11485527131	112007	1148.91	333.76	11	8	-1	11.33	11.33
Saccade L	1	46	11485527131	11485599110	71979	1144.43	332.52	901.08	857.34	13.30	394.04	0.28	184.81	18884.15	-10671.68	8903.70
Saccade R	1	48	11485527131	11485599110	71979	1144.43	332.52	901.08	857.34	13.30	394.04	0.28	184.81	18884.15	-10671.68	8903.70
Fixation L	1	42	11485599110	11485663130	64020	905.01	880.92	7	49	-1	12.05	12.05
Fixation R	1	44	11485599110	11485663130	64020	905.01	880.92	7	49	-1	11.68	11.68
Saccade L	1	47	11485663130	11485711112	47982	908.54	908.39	889.01	824.79	2.94	189.72	0.50	61.21	8190.54	-7746.29	4019.36
Saccade R	1	49	11485663130	11485711112	47982	908.54	908.39	889.01	824.79	2.94	189.72	0.50	61.21	8190.54	-7746.29	4019.36
Fixation L	1	43	11485711112	11485811115	100003	889.88	830.99	7	10	-1	12.08	12.08
Fixation R	1	45	11485711112	11485811115	100003	889.88	830.99	7	10	-1	11.71	11.71
Saccade L	1	48	11485811115	11485839124	28009	892.73	833.87	930.29	841.16	0.76	44.55	0.29	27.30	2079.02	-1692.70	1339.05
Saccade R	1	50	11485811115	11485839124	28009	892.73	833.87	930.29	841.16	0.76	44.55	0.29	27.30	2079.02	-1692.70	1339.05
Fixation L	1	44	11485839124	11485955127	116003	929.83	839.56	9	12	-1	12.36	12.36
Fixation R	1	46	11485839124	11485955127	116003	929.83	839.56	9	12	-1	11.76	11.76
Saccade L	1	49	11485955127	11486015139	60012	925.48	845.33	1107.12	384.28	11.52	503.54	0.27	191.96	24539.96	-17340.60	11749.04
Saccade R	1	51	11485955127	11486015139	60012	925.48	845.33	1107.12	384.28	11.52	503.54	0.27	191.96	24539.96	-17340.60	11749.04
Fixation L	1	45	11486015139	11486619076	603937	1118.54	345.40	30	64	-1	12.13	12.13
Fixation R	1	47	11486015139	11486619076	603937	1118.54	345.40	30	64	-1	11.97	11.97
Saccade L	1	50	11486619076	11486647025	27949	1122.64	328.95	1021.35	328.63	1.98	156.58	0.43	70.86	7022.25	-7155.89	5193.88
Saccade R	1	52	11486619076	11486647025	27949	1122.64	328.95	1021.35	328.63	1.98	156.58	0.43	70.86	7022.25	-7155.89	5193.88
Fixation L	1	46	11486647025	11486855056	208031	1019.58	330.32	13	6	-1	12.15	12.15
Fixation R	1	48	11486647025	11486855056	208031	1019.58	330.32	13	6	-1	11.97	11.97
Saccade L	1	51	11486855056	11486887011	31955	1018.57	325.29	1105.57	311.87	1.89	130.10	0.62	59.25	5790.30	-5902.51	4186.66
Saccade R	1	53	11486855056	11486887011	31955	1018.57	325.29	1105.57	311.87	1.89	130.10	0.62	59.25	5790.30	-5902.51	4186.66
Fixation L	1	47	11486887011	11487307067	420056	1111.33	328.17	15	29	-1	11.97	11.97
Fixation R	1	49	11486887011	11487307067	420056	1111.33	328.17	15	29	-1	12.07	12.07
Saccade L	1	52	11487307067	11487335038	27971	1104.68	335.52	1034.98	317.58	1.46	100.13	0.57	52.33	4782.66	-4259.05	3322.03
Saccade R	1	54	11487307067	11487335038	27971	1104.68	335.52	1034.98	317.58	1.46	100.13	0.57	52.33	4782.66	-4259.05	3322.03
Fixation L	1	48	11487335038	11487475061	140023	1034.32	309.80	17	24	-1	11.89	11.89
Fixation R	1	50	11487335038	11487475061	140023	1034.32	309.80	17	24	-1	11.94	11.94
Saccade L	1	53	11487475061	11487519039	43978	1045.75	328.94	1240.50	346.87	4.24	249.90	0.45	96.37	11208.86	-11189.16	7108.66
Saccade R	1	55	11487475061	11487519039	43978	1045.75	328.94	1240.50	346.87	4.24	249.90	0.45	96.37	11208.86	-11189.16	7108.66
Fixation L	1	49	11487519039	11487822909	303870	1262.78	345.54	36	25	-1	11.96	11.96
Fixation R	1	51	11487519039	11487822909	303870	1262.78	345.54	36	25	-1	11.90	11.90
Saccade L	1	54	11487822909	11487914919	92010	1271.54	336.56	981.05	829.27	13.48	334.78	0.35	146.46	14352.00	-10379.99	6079.17
Saccade R	1	56	11487822909	11487914919	92010	1271.54	336.56	981.05	829.27	13.48	334.78	0.35	146.46	14352.00	-10379.99	6079.17
Fixation L	1	50	11487914919	11488174932	260013	971.51	835.53	18	25	-1	12.35	12.35
Fixation R	1	52	11487914919	11488174932	260013	971.51	835.53	18	25	-1	11.87	11.87
Saccade L	1	55	11488174932	11488214940	40008	982.88	844.77	942.74	829.71	1.03	45.43	0.30	25.63	1356.46	-1110.11	882.13
Saccade R	1	57	11488174932	11488214940	40008	982.88	844.77	942.74	829.71	1.03	45.43	0.30	25.63	1356.46	-1110.11	882.13
Fixation L	1	51	11488214940	11488430931	215991	953.94	851.45	26	48	-1	12.36	12.36
Fixation R	1	53	11488214940	11488430931	215991	953.94	851.45	26	48	-1	11.92	11.92
Saccade L	1	56	11488430931	11488526929	95998	964.71	853.01	1234.74	372.57	12.97	377.93	0.21	135.09	18088.73	-9762.71	6327.11
Saccade R	1	58	11488430931	11488526929	95998	964.71	853.01	1234.74	372.57	12.97	377.93	0.21	135.09	18088.73	-9762.71	6327.11
Fixation L	1	52	11488526929	11488758928	231999	1245.73	364.29	19	14	-1	11.65	11.65
Fixation R	1	54	11488526929	11488758928	231999	1245.73	364.29	19	14	-1	11.32	11.32
Saccade L	1	57	11488758928	11488782954	24026	1252.69	358.77	1217.91	347.51	0.69	50.06	0.50	28.72	2255.43	-2019.43	1586.00
Saccade R	1	59	11488758928	11488782954	24026	1252.69	358.77	1217.91	347.51	0.69	50.06	0.50	28.72	2255.43	-2019.43	1586.00
Fixation L	1	53	11488782954	11489186951	403997	1214.03	352.51	12	17	-1	11.49	11.49
Fixation R	1	55	11488782954	11489186951	403997	1214.03	352.51	12	17	-1	11.04	11.04
Saccade L	1	58	11489186951	11489258866	71915	1207.07	350.43	943.79	842.78	12.34	321.37	0.50	171.58	13670.78	-11724.31	7372.07
Saccade R	1	60	11489186951	11489258866	71915	1207.07	350.43	943.79	842.78	12.34	321.37	0.50	171.58	13670.78	-11724.31	7372.07
Fixation L	1	54	11489258866	11489822842	563976	935.10	847.45	51	54	-1	11.61	11.61
Fixation R	1	56	11489258866	11489822842	563976	935.10	847.45	51	54	-1	11.15	11.15
Saccade L	1	59	11489822842	11489866865	44023	947.11	848.27	866.32	850.68	1.78	82.34	0.36	40.44	3287.36	-2619.25	2035.75
Saccade R	1	61	11489822842	11489866865	44023	947.11	848.27	866.32	850.68	1.78	82.34	0.36	40.44	3287.36	-2619.25	2035.75
Fixation L	1	55	11489866865	11489978851	111986	853.53	849.20	24	10	-1	11.49	11.49
Fixation R	1	57	11489866865	11489978851	111986	853.53	849.20	24	10	-1	11.20	11.20
Saccade L	1	60	11489978851	11490046840	67989	842.12	842.58	1198.02	368.18	13.09	436.92	0.24	192.56	20911.40	-10677.76	9015.50
Saccade R	1	62	11489978851	11490046840	67989	842.12	842.58	1198.02	368.18	13.09	436.92	0.24	192.56	20911.40	-10677.76	9015.50
Saccade L	1	61	11490046840	11490078835	31995	1198.02	368.18	1218.81	368.25	1.16	61.09	0.38	36.17	241.79	-1976.69	941.80
Saccade R	1	63	11490046840	11490078835	31995	1198.02	368.18	1218.81	368.25	1.16	61.09	0.38	36.17	241.79	-1976.69	941.80
Saccade L	1	62	11490118844	11490166875	48031	1209.83	339.99	1252.49	370.55	1.31	66.63	0.25	27.31	2289.55	-1348.10	931.44
Saccade R	1	64	11490118844	11490166875	48031	1209.83	339.99	1252.49	370.55	1.31	66.63	0.25	27.31	2289.55	-1348.10	931.44
Fixation L	1	56	11490166875	11490222860	55985	1259.73	366.23	17	11	-1	11.11	11.11
Fixation R	1	58	11490166875	11490222860	55985	1259.73	366.23	17	11	-1	10.86	10.86
Saccade L	1	63	11490242843	11490262845	20002	1250.84	332.45	1269.45	357.48	0.53	58.00	0.39	26.63	966.29	-920.24	500.35
Saccade R	1	65	11490242843	11490262845	20002	1250.84	332.45	1269.45	357.48	0.53	58.00	0.39	26.63	966.29	-920.24	500.35
Saccade L	1	64	11490262845	11490294842	31997	1269.45	357.48	1276.65	284.54	1.52	88.68	0.50	47.36	3627.93	-4026.43	2629.07
Saccade R	1	66	11490262845	11490294842	31997	1269.45	357.48	1276.65	284.54	1.52	88.68	0.50	47.36	3627.93	-4026.43	2629.07
Fixation L	1	57	11490342864	11490462848	119984	1260.99	298.25	37	31	-1	11.13	11.13
Fixation R	1	59	11490342864	11490462848	119984	1260.99	298.25	37	31	-1	10.65	10.65
Saccade L	1	65	11490462848	11490530868	68020	1242.08	311.81	812.05	343.03	9.55	286.05	0.35	140.39	13161.95	-7722.19	6565.31
Saccade R	1	67	11490462848	11490530868	68020	1242.08	311.81	812.05	343.03	9.55	286.05	0.35	140.39	13161.95	-7722.19	6565.31
Fixation L	1	58	11490530868	11490682770	151902	787.59	347.21	35	11	-1	11.52	11.52
Fixation R	1	60	11490530868	11490682770	151902	787.59	347.21	35	11	-1	11.12	11.12
Saccade L	1	66	11490682770	11490742749	59979	786.14	341.11	814.80	812.91	10.17	310.13	0.60	169.55	13180.54	-12867.00	8030.34
Saccade R	1	68	11490682770	11490742749	59979	786.14	341.11	814.80	812.91	10.17	310.13	0.60	169.55	13180.54	-12867.00	8030.34
Fixation L	1	59	11490742749	11490850736	107987	820.60	843.01	13	54	-1	11.79	11.79
Fixation R	1	61	11490742749	11490850736	107987	820.60	843.01	13	54	-1	11.38	11.38
Saccade L	1	67	11490850736	11490890738	40002	819.17	854.40	735.13	864.36	1.87	100.84	0.40	46.77	4114.53	-3826.01	2706.29
Saccade R	1	69	11490850736	11490890738	40002	819.17	854.40	735.13	864.36	1.87	100.84	0.40	46.77	4114.53	-3826.01	2706.29
Fixation L	1	60	11490890738	11491230735	339997	707.93	816.47	81	491	-1	11.92	11.92
Fixation R	1	62	11490890738	11491230735	339997	707.93	816.47	81	491	-1	11.55	11.55
