[BeGaze]
Converted from:	D:\Kirillov\Results\ermolova_temp\Anna-eye_data.idf
Date:	17.04.2019 03:52:52
Version:	BeGaze 3.0.181
Sample Rate:	250
Subject:	Anna
Description:	Run15

Table Header for Fixations:
Event Type	Trial	Number	Start	End	Duration	Location X	Location Y	Dispersion X	Dispersion Y	Plane	Avg. Pupil Size X	Avg. Pupil Size Y

Table Header for Saccades:
Event Type	Trial	Number	Start	End	Duration	Start Loc.X	Start Loc.Y	End Loc.X	End Loc.Y	Amplitude	Peak Speed	Peak Speed At	Average Speed	Peak Accel.	Peak Decel.	Average Accel.

Table Header for User Events:
Event Type	Trial	Number	Start	Description

UserEvent	1	1	3407397592	# Message: experiment-03.jpg
Fixation L	1	1	3407401419	3407633434	232015	512.30	299.82	31	64	-1	12.95	12.95
Fixation R	1	1	3407401419	3407633434	232015	512.30	299.82	31	64	-1	13.10	13.10
Saccade L	1	1	3407633434	3407685421	51987	512.18	328.00	999.84	486.64	11.17	385.17	0.46	214.86	17500.01	-16216.13	11512.81
Saccade R	1	1	3407633434	3407685421	51987	512.18	328.00	999.84	486.64	11.17	385.17	0.46	214.86	17500.01	-16216.13	11512.81
Fixation L	1	2	3407685421	3408045432	360011	1004.24	465.59	39	56	-1	12.07	12.07
Fixation R	1	2	3407685421	3408045432	360011	1004.24	465.59	39	56	-1	12.65	12.65
Saccade L	1	2	3408045432	3408089363	43931	1021.06	488.63	0.00	0.00	26.53	2193.69	0.73	603.79	89173.21	-95102.29	47814.79
Saccade R	1	2	3408045432	3408089363	43931	1021.06	488.63	0.00	0.00	26.53	2193.69	0.73	603.79	89173.21	-95102.29	47814.79
Saccade L	1	3	3408233457	3408269460	36003	1063.63	495.94	0.00	0.00	26.59	2197.74	0.66	738.52	85967.34	-93631.80	56079.17
Saccade R	1	3	3408233457	3408269460	36003	1063.63	495.94	0.00	0.00	26.59	2197.74	0.66	738.52	85967.34	-93631.80	56079.17
Fixation L	1	3	3408269460	3408357432	87972	0.00	0.00	0	0	-1	7.97	7.93
Fixation R	1	3	3408269460	3408357432	87972	0.00	0.00	0	0	-1	12.26	12.26
Fixation L	1	4	3408437320	3408973335	536015	410.45	544.43	32	94	-1	12.84	12.84
Fixation R	1	4	3408437320	3408973335	536015	410.45	544.43	32	94	-1	13.15	13.15
Saccade L	1	4	3408973335	3409033356	60021	407.33	587.14	1039.75	576.39	13.78	453.63	0.40	229.67	20063.68	-15021.60	11716.12
Saccade R	1	4	3408973335	3409033356	60021	407.33	587.14	1039.75	576.39	13.78	453.63	0.40	229.67	20063.68	-15021.60	11716.12
Fixation L	1	5	3409033356	3409341341	307985	1039.96	548.96	33	50	-1	12.81	12.81
Fixation R	1	5	3409033356	3409341341	307985	1039.96	548.96	33	50	-1	13.38	13.38
Saccade L	1	5	3409341341	3409377340	35999	1015.76	553.89	0.00	0.00	30.77	2626.86	0.67	854.85	94884.97	-113911.80	61900.25
Saccade R	1	5	3409341341	3409377340	35999	1015.76	553.89	0.00	0.00	30.77	2626.86	0.67	854.85	94884.97	-113911.80	61900.25
Fixation L	1	6	3409377340	3409445342	68002	0.00	0.00	0	0	-1	10.08	10.08
Fixation R	1	6	3409377340	3409445342	68002	0.00	0.00	0	0	-1	9.19	9.19
Saccade L	1	6	3409445342	3409481348	36006	0.00	0.00	911.96	689.30	27.43	2478.06	0.33	761.83	106493.54	-94843.59	57616.29
Saccade R	1	6	3409445342	3409481348	36006	0.00	0.00	911.96	689.30	27.43	2478.06	0.33	761.83	106493.54	-94843.59	57616.29
Saccade L	1	7	3409481348	3409513329	31981	911.96	689.30	996.73	589.05	2.04	116.44	0.63	63.92	3389.58	-8442.31	3672.69
Saccade R	1	7	3409481348	3409513329	31981	911.96	689.30	996.73	589.05	2.04	116.44	0.63	63.92	3389.58	-8442.31	3672.69
Fixation L	1	7	3409513329	3409641348	128019	988.96	598.71	30	33	-1	12.38	12.38
Fixation R	1	7	3409513329	3409641348	128019	988.96	598.71	30	33	-1	12.96	12.96
Saccade L	1	8	3409641348	3409693366	52018	984.67	599.24	1037.04	649.44	1.65	47.69	0.23	31.77	1880.29	-972.17	914.16
Saccade R	1	8	3409641348	3409693366	52018	984.67	599.24	1037.04	649.44	1.65	47.69	0.23	31.77	1880.29	-972.17	914.16
Fixation L	1	8	3409693366	3409829379	136013	1035.04	648.07	12	19	-1	12.54	12.54
Fixation R	1	8	3409693366	3409829379	136013	1035.04	648.07	12	19	-1	13.42	13.42
Saccade L	1	9	3409829379	3409869210	39831	1026.60	642.94	1005.84	512.25	2.98	194.48	0.50	74.92	8225.71	-7747.36	5207.70
Saccade R	1	9	3409829379	3409869210	39831	1026.60	642.94	1005.84	512.25	2.98	194.48	0.50	74.92	8225.71	-7747.36	5207.70
Fixation L	1	9	3409869210	3410261276	392066	1004.72	546.53	16	73	-1	12.52	12.52
Fixation R	1	9	3409869210	3410261276	392066	1004.72	546.53	16	73	-1	13.45	13.45
Saccade L	1	10	3410261276	3410285244	23968	1010.32	569.39	1014.74	634.39	1.39	122.10	0.50	58.00	5209.00	-5135.55	3863.94
Saccade R	1	10	3410261276	3410285244	23968	1010.32	569.39	1014.74	634.39	1.39	122.10	0.50	58.00	5209.00	-5135.55	3863.94
Fixation L	1	10	3410285244	3410837250	552006	1027.54	671.30	57	51	-1	12.52	12.52
Fixation R	1	10	3410285244	3410837250	552006	1027.54	671.30	57	51	-1	13.56	13.56
Saccade L	1	11	3410837250	3410893251	56001	1064.80	652.93	377.11	569.97	15.10	464.96	0.50	269.65	20857.26	-19142.20	13245.37
Saccade R	1	11	3410837250	3410893251	56001	1064.80	652.93	377.11	569.97	15.10	464.96	0.50	269.65	20857.26	-19142.20	13245.37
Fixation L	1	11	3410893251	3411029281	136030	391.34	572.23	25	6	-1	12.94	12.94
Fixation R	1	11	3410893251	3411029281	136030	391.34	572.23	25	6	-1	12.98	12.98
Saccade L	1	12	3411029281	3411057256	27975	403.67	570.62	367.80	479.58	2.10	173.95	0.57	75.06	7641.16	-7132.82	5422.33
Saccade R	1	12	3411029281	3411057256	27975	403.67	570.62	367.80	479.58	2.10	173.95	0.57	75.06	7641.16	-7132.82	5422.33
Fixation L	1	12	3411057256	3411265244	207988	349.70	487.17	26	32	-1	12.83	12.83
Fixation R	1	12	3411057256	3411265244	207988	349.70	487.17	26	32	-1	12.79	12.79
Saccade L	1	13	3411265244	3411345150	79906	349.92	503.36	1089.28	578.69	16.68	467.53	0.30	208.70	20139.67	-14926.49	9592.23
Saccade R	1	13	3411265244	3411345150	79906	349.92	503.36	1089.28	578.69	16.68	467.53	0.30	208.70	20139.67	-14926.49	9592.23
Fixation L	1	13	3411345150	3411437141	91991	1090.60	584.29	5	14	-1	12.80	12.80
Fixation R	1	13	3411345150	3411437141	91991	1090.60	584.29	5	14	-1	13.78	13.78
Saccade L	1	14	3411437141	3411473142	36001	1085.10	574.57	1060.83	500.24	1.66	95.58	0.44	46.18	3909.37	-3410.94	2498.07
Saccade R	1	14	3411437141	3411473142	36001	1085.10	574.57	1060.83	500.24	1.66	95.58	0.44	46.18	3909.37	-3410.94	2498.07
Fixation L	1	14	3411473142	3411733193	260051	1026.00	484.25	55	27	-1	12.59	12.59
Fixation R	1	14	3411473142	3411733193	260051	1026.00	484.25	55	27	-1	13.30	13.30
Saccade L	1	15	3411733193	3411777131	43938	1004.73	490.08	1074.47	613.06	3.26	198.23	0.36	74.24	8523.34	-7696.02	4971.81
Saccade R	1	15	3411733193	3411777131	43938	1004.73	490.08	1074.47	613.06	3.26	198.23	0.36	74.24	8523.34	-7696.02	4971.81
Saccade L	1	16	3411801165	3411825139	23974	1086.80	612.42	1072.05	516.75	1.96	177.40	0.50	81.64	7166.89	-7197.52	5332.17
Saccade R	1	16	3411801165	3411825139	23974	1086.80	612.42	1072.05	516.75	1.96	177.40	0.50	81.64	7166.89	-7197.52	5332.17
Fixation L	1	15	3411825139	3411933167	108028	1057.50	516.77	26	11	-1	11.78	11.78
Fixation R	1	15	3411825139	3411933167	108028	1057.50	516.77	26	11	-1	12.66	12.66
Saccade L	1	17	3411933167	3411965141	31974	1044.77	520.53	1133.66	639.17	3.19	234.20	0.38	99.75	10571.01	-10730.21	7509.69
Saccade R	1	17	3411933167	3411965141	31974	1044.77	520.53	1133.66	639.17	3.19	234.20	0.38	99.75	10571.01	-10730.21	7509.69
Fixation L	1	16	3411965141	3412089172	124031	1137.28	643.23	11	16	-1	11.85	11.85
Fixation R	1	16	3411965141	3412089172	124031	1137.28	643.23	11	16	-1	13.01	13.01
Saccade L	1	18	3412089172	3412177151	87979	1140.50	651.92	302.46	426.47	41.99	2504.39	0.27	477.28	97433.53	-78696.18	29668.46
Saccade R	1	18	3412089172	3412177151	87979	1140.50	651.92	302.46	426.47	41.99	2504.39	0.27	477.28	97433.53	-78696.18	29668.46
Fixation L	1	17	3412177151	3412229158	52007	311.29	432.38	13	10	-1	12.73	12.73
Fixation R	1	17	3412177151	3412229158	52007	311.29	432.38	13	10	-1	12.91	12.91
Saccade L	1	19	3412229158	3412265143	35985	317.56	431.97	1.22	0.00	15.13	1234.71	0.67	420.59	43440.18	-53844.55	29659.77
Saccade R	1	19	3412229158	3412265143	35985	317.56	431.97	1.22	0.00	15.13	1234.71	0.67	420.59	43440.18	-53844.55	29659.77
Fixation L	1	18	3412265143	3412329160	64017	0.29	0.00	1	0	-1	12.96	12.96
Fixation R	1	18	3412265143	3412329160	64017	0.29	0.00	1	0	-1	12.36	12.36
Fixation L	1	19	3412409153	3412521156	112003	350.92	379.35	24	26	-1	12.72	12.72
Fixation R	1	19	3412409153	3412521156	112003	350.92	379.35	24	26	-1	13.23	13.23
Saccade L	1	20	3412521156	3412545180	24024	337.10	398.36	410.40	394.26	1.43	118.12	0.50	59.69	4111.89	-4422.31	3133.97
Saccade R	1	20	3412521156	3412545180	24024	337.10	398.36	410.40	394.26	1.43	118.12	0.50	59.69	4111.89	-4422.31	3133.97
Fixation L	1	20	3412545180	3412621166	75986	413.15	376.09	19	30	-1	13.33	13.33
Fixation R	1	20	3412545180	3412621166	75986	413.15	376.09	19	30	-1	13.48	13.48
Saccade L	1	21	3412661146	3412733025	71879	415.87	400.99	1182.48	627.18	17.87	491.46	0.39	248.66	21700.82	-15068.78	11457.83
Saccade R	1	21	3412661146	3412733025	71879	415.87	400.99	1182.48	627.18	17.87	491.46	0.39	248.66	21700.82	-15068.78	11457.83
Fixation L	1	21	3412733025	3412969049	236024	1176.75	633.49	22	18	-1	12.40	12.40
Fixation R	1	21	3412733025	3412969049	236024	1176.75	633.49	22	18	-1	13.71	13.71
Saccade L	1	22	3412969049	3413009102	40053	1183.41	636.22	995.69	665.83	4.44	270.10	0.40	110.89	12834.82	-11822.29	8088.19
Saccade R	1	22	3412969049	3413009102	40053	1183.41	636.22	995.69	665.83	4.44	270.10	0.40	110.89	12834.82	-11822.29	8088.19
Fixation L	1	22	3413009102	3413193042	183940	993.99	640.49	12	38	-1	12.36	12.36
Fixation R	1	22	3413009102	3413193042	183940	993.99	640.49	12	38	-1	13.37	13.37
Saccade L	1	23	3413193042	3413217041	23999	992.16	632.90	1087.89	647.50	1.95	176.81	0.50	81.18	7586.42	-7230.29	5493.07
Saccade R	1	23	3413193042	3413217041	23999	992.16	632.90	1087.89	647.50	1.95	176.81	0.50	81.18	7586.42	-7230.29	5493.07
Fixation L	1	23	3413217041	3413273061	56020	1089.80	651.91	14	10	-1	12.10	12.10
Fixation R	1	23	3413217041	3413273061	56020	1089.80	651.91	14	10	-1	13.23	13.23
