[BeGaze]
Converted from:	D:\Kirillov\Results\ermolova_temp\Ignat-eye_data.idf
Date:	17.04.2019 03:54:12
Version:	BeGaze 3.0.181
Sample Rate:	250
Subject:	Ignat
Description:	Run36

Table Header for Fixations:
Event Type	Trial	Number	Start	End	Duration	Location X	Location Y	Dispersion X	Dispersion Y	Plane	Avg. Pupil Size X	Avg. Pupil Size Y

Table Header for Saccades:
Event Type	Trial	Number	Start	End	Duration	Start Loc.X	Start Loc.Y	End Loc.X	End Loc.Y	Amplitude	Peak Speed	Peak Speed At	Average Speed	Peak Accel.	Peak Decel.	Average Accel.

Table Header for User Events:
Event Type	Trial	Number	Start	Description

UserEvent	1	1	5372113583	# Message: Questionnaire7.jpg
Fixation L	1	1	5372114295	5372194299	80004	957.88	530.03	16	25	-1	12.60	12.60
Fixation R	1	1	5372114295	5372194299	80004	957.88	530.03	16	25	-1	12.62	12.62
Saccade L	1	1	5372194299	5372250335	56036	949.45	538.08	911.14	635.90	2.29	104.72	0.57	40.79	2931.63	-3679.31	1661.40
Saccade R	1	1	5372194299	5372250335	56036	949.45	538.08	911.14	635.90	2.29	104.72	0.57	40.79	2931.63	-3679.31	1661.40
Saccade L	1	2	5372266313	5372294291	27978	905.40	641.50	931.53	580.12	1.35	90.28	0.43	48.16	3855.95	-3396.09	2727.97
Saccade R	1	2	5372266313	5372294291	27978	905.40	641.50	931.53	580.12	1.35	90.28	0.43	48.16	3855.95	-3396.09	2727.97
Fixation L	1	2	5372294291	5372394310	100019	931.42	616.67	13	58	-1	12.26	12.26
Fixation R	1	2	5372294291	5372394310	100019	931.42	616.67	13	58	-1	12.06	12.06
Saccade L	1	3	5372394310	5372426306	31996	931.73	625.42	928.29	582.75	0.86	52.45	0.38	26.96	2156.22	-1516.42	1260.91
Saccade R	1	3	5372394310	5372426306	31996	931.73	625.42	928.29	582.75	0.86	52.45	0.38	26.96	2156.22	-1516.42	1260.91
Fixation L	1	3	5372426306	5372490348	64042	920.81	590.42	15	16	-1	11.72	11.72
Fixation R	1	3	5372426306	5372490348	64042	920.81	590.42	15	16	-1	11.49	11.49
Saccade L	1	4	5372490348	5372558299	67951	928.19	595.29	482.18	382.00	11.00	357.61	0.29	161.90	17086.02	-14846.91	8387.71
Saccade R	1	4	5372490348	5372558299	67951	928.19	595.29	482.18	382.00	11.00	357.61	0.29	161.90	17086.02	-14846.91	8387.71
Fixation L	1	4	5372558299	5372690307	132008	489.30	383.51	18	23	-1	11.47	11.47
Fixation R	1	4	5372558299	5372690307	132008	489.30	383.51	18	23	-1	10.97	10.97
Saccade L	1	5	5372690307	5372718297	27990	491.68	389.83	465.75	297.09	1.99	153.71	0.57	71.01	7221.92	-6960.15	5146.23
Saccade R	1	5	5372690307	5372718297	27990	491.68	389.83	465.75	297.09	1.99	153.71	0.57	71.01	7221.92	-6960.15	5146.23
Fixation L	1	5	5372718297	5372878310	160013	442.77	294.42	44	17	-1	11.18	11.18
Fixation R	1	5	5372718297	5372878310	160013	442.77	294.42	44	17	-1	10.91	10.91
Saccade L	1	6	5372878310	5372898319	20009	442.72	299.77	471.61	304.92	0.54	42.66	0.60	26.83	1926.90	-1577.75	1271.16
Saccade R	1	6	5372878310	5372898319	20009	442.72	299.77	471.61	304.92	0.54	42.66	0.60	26.83	1926.90	-1577.75	1271.16
Fixation L	1	6	5372898319	5373330322	432003	466.33	297.86	29	59	-1	11.56	11.56
Fixation R	1	6	5372898319	5373330322	432003	466.33	297.86	29	59	-1	11.24	11.24
Saccade L	1	7	5373330322	5373358318	27996	475.17	336.57	450.04	293.10	0.99	56.15	0.57	35.47	2323.16	-1671.34	1520.16
Saccade R	1	7	5373330322	5373358318	27996	475.17	336.57	450.04	293.10	0.99	56.15	0.57	35.47	2323.16	-1671.34	1520.16
Fixation L	1	7	5373358318	5374630220	1271902	433.32	308.46	42	57	-1	11.58	11.58
Fixation R	1	7	5373358318	5374630220	1271902	433.32	308.46	42	57	-1	11.28	11.28
UserEvent	1	2	5374394623	# Message: UE-mouseclick left x=360 y=273
Saccade L	1	8	5374630220	5374658225	28005	422.23	313.24	483.94	389.70	2.08	156.29	0.57	74.40	6482.98	-6562.25	4838.81
Saccade R	1	8	5374630220	5374658225	28005	422.23	313.24	483.94	389.70	2.08	156.29	0.57	74.40	6482.98	-6562.25	4838.81
Fixation L	1	8	5374658225	5375022129	363904	491.89	406.57	19	40	-1	11.74	11.74
Fixation R	1	8	5374658225	5375022129	363904	491.89	406.57	19	40	-1	11.41	11.41
UserEvent	1	3	5374898582	# Message: UE-mouseclick left x=414 y=384
