[BeGaze]
Converted from:	D:\Kirillov\Results\ermolova_temp\Julia-eye_data.idf
Date:	17.04.2019 03:54:36
Version:	BeGaze 3.0.181
Sample Rate:	250
Subject:	Julia
Description:	Run40

Table Header for Fixations:
Event Type	Trial	Number	Start	End	Duration	Location X	Location Y	Dispersion X	Dispersion Y	Plane	Avg. Pupil Size X	Avg. Pupil Size Y

Table Header for Saccades:
Event Type	Trial	Number	Start	End	Duration	Start Loc.X	Start Loc.Y	End Loc.X	End Loc.Y	Amplitude	Peak Speed	Peak Speed At	Average Speed	Peak Accel.	Peak Decel.	Average Accel.

Table Header for User Events:
Event Type	Trial	Number	Start	Description

UserEvent	1	1	9626829596	# Message: experiment-20.jpg
Fixation L	1	1	9626830208	9627186102	355894	362.04	204.73	26	23	-1	11.72	11.72
Fixation R	1	1	9626830208	9627186102	355894	362.04	204.73	26	23	-1	11.62	11.62
Saccade L	1	1	9627186102	9627246084	59982	367.78	198.62	525.31	221.78	4.27	189.48	0.33	71.20	8472.77	-7829.51	4297.10
Saccade R	1	1	9627186102	9627246084	59982	367.78	198.62	525.31	221.78	4.27	189.48	0.33	71.20	8472.77	-7829.51	4297.10
Saccade L	1	2	9627282129	9627318102	35973	534.85	233.35	471.09	277.35	1.65	94.70	0.33	45.74	3893.76	-3139.32	2403.01
Saccade R	1	2	9627282129	9627318102	35973	534.85	233.35	471.09	277.35	1.65	94.70	0.33	45.74	3893.76	-3139.32	2403.01
Fixation L	1	2	9627318102	9627414102	96000	457.52	265.29	17	25	-1	11.36	11.36
Fixation R	1	2	9627318102	9627414102	96000	457.52	265.29	17	25	-1	11.56	11.56
Saccade L	1	3	9627414102	9627442151	28049	462.14	256.16	344.28	269.67	2.34	183.33	0.43	83.51	8206.11	-8187.83	6089.36
Saccade R	1	3	9627414102	9627442151	28049	462.14	256.16	344.28	269.67	2.34	183.33	0.43	83.51	8206.11	-8187.83	6089.36
Fixation L	1	3	9627442151	9627690095	247944	348.45	270.11	13	19	-1	10.88	10.88
Fixation R	1	3	9627442151	9627690095	247944	348.45	270.11	13	19	-1	10.84	10.84
Saccade L	1	4	9627690095	9627726106	36011	352.07	273.76	275.17	369.97	2.51	120.61	0.44	69.69	5929.69	-4666.31	3711.20
Saccade R	1	4	9627690095	9627726106	36011	352.07	273.76	275.17	369.97	2.51	120.61	0.44	69.69	5929.69	-4666.31	3711.20
Fixation L	1	4	9627726106	9628498013	771907	301.96	336.86	76	97	-1	11.22	11.22
Fixation R	1	4	9627726106	9628498013	771907	301.96	336.86	76	97	-1	11.21	11.21
Saccade L	1	5	9628498013	9628533994	35981	328.99	322.25	344.95	263.91	1.29	66.27	0.33	35.92	2963.02	-2167.61	1770.66
Saccade R	1	5	9628498013	9628533994	35981	328.99	322.25	344.95	263.91	1.29	66.27	0.33	35.92	2963.02	-2167.61	1770.66
Fixation L	1	5	9628533994	9629514015	980021	343.53	277.12	27	34	-1	11.44	11.44
Fixation R	1	5	9628533994	9629514015	980021	343.53	277.12	27	34	-1	11.29	11.29
Saccade L	1	6	9629514015	9629546028	32013	341.12	269.30	270.69	307.63	1.67	93.20	0.37	52.21	4269.24	-3795.10	2922.08
Saccade R	1	6	9629514015	9629546028	32013	341.12	269.30	270.69	307.63	1.67	93.20	0.37	52.21	4269.24	-3795.10	2922.08
Fixation L	1	6	9629546028	9630081914	535886	257.84	333.42	40	48	-1	11.42	11.42
Fixation R	1	6	9629546028	9630081914	535886	257.84	333.42	40	48	-1	11.37	11.37
Saccade L	1	7	9630081914	9630161905	79991	238.73	354.87	1221.59	466.90	22.62	551.14	0.50	282.78	24892.43	-19909.24	12247.27
Saccade R	1	7	9630081914	9630161905	79991	238.73	354.87	1221.59	466.90	22.62	551.14	0.50	282.78	24892.43	-19909.24	12247.27
Fixation L	1	7	9630161905	9630401935	240030	1185.73	470.44	52	47	-1	11.83	11.83
Fixation R	1	7	9630161905	9630401935	240030	1185.73	470.44	52	47	-1	11.79	11.79
Saccade L	1	8	9630401935	9630441905	39970	1186.80	487.22	1095.76	475.27	1.92	90.59	0.40	48.14	3855.82	-3246.14	2422.81
Saccade R	1	8	9630401935	9630441905	39970	1186.80	487.22	1095.76	475.27	1.92	90.59	0.40	48.14	3855.82	-3246.14	2422.81
Fixation L	1	8	9630441905	9630605906	164001	1075.11	466.97	29	14	-1	11.47	11.47
Fixation R	1	8	9630441905	9630605906	164001	1075.11	466.97	29	14	-1	11.39	11.39
Saccade L	1	9	9630605906	9630649907	44001	1070.83	467.67	1035.14	604.78	3.18	168.00	0.36	72.19	7702.01	-6508.98	4619.95
Saccade R	1	9	9630605906	9630649907	44001	1070.83	467.67	1035.14	604.78	3.18	168.00	0.36	72.19	7702.01	-6508.98	4619.95
Fixation L	1	9	9630649907	9630725894	75987	1048.90	615.71	28	15	-1	11.22	11.22
Fixation R	1	9	9630649907	9630725894	75987	1048.90	615.71	28	15	-1	11.58	11.58
Saccade L	1	10	9630725894	9630797915	72021	1059.96	616.09	227.69	367.60	19.80	602.62	0.33	274.87	26661.79	-18336.63	13461.21
Saccade R	1	10	9630725894	9630797915	72021	1059.96	616.09	227.69	367.60	19.80	602.62	0.33	274.87	26661.79	-18336.63	13461.21
Fixation L	1	10	9630797915	9631357835	559920	282.94	350.07	79	55	-1	11.48	11.48
Fixation R	1	10	9630797915	9631357835	559920	282.94	350.07	79	55	-1	11.43	11.43
Saccade L	1	11	9631357835	9631381805	23970	299.48	339.10	294.31	371.05	0.88	65.98	0.50	36.70	2902.93	-2081.38	1789.47
Saccade R	1	11	9631357835	9631381805	23970	299.48	339.10	294.31	371.05	0.88	65.98	0.50	36.70	2902.93	-2081.38	1789.47
Fixation L	1	11	9631381805	9631641812	260007	277.76	378.84	23	30	-1	12.17	12.17
Fixation R	1	11	9631381805	9631641812	260007	277.76	378.84	23	30	-1	11.89	11.89
Saccade L	1	12	9631641812	9631669831	28019	276.52	376.26	301.88	370.61	1.74	84.09	0.71	61.93	4147.98	-3652.81	3192.66
Saccade R	1	12	9631641812	9631669831	28019	276.52	376.26	301.88	370.61	1.74	84.09	0.71	61.93	4147.98	-3652.81	3192.66
Fixation L	1	12	9631669831	9631889831	220000	312.66	364.14	31	14	-1	11.91	11.91
Fixation R	1	12	9631669831	9631889831	220000	312.66	364.14	31	14	-1	12.00	12.00
Saccade L	1	13	9631889831	9631941843	52012	318.74	360.43	275.15	430.34	1.76	61.49	0.54	33.75	1539.84	-1797.23	1221.40
Saccade R	1	13	9631889831	9631941843	52012	318.74	360.43	275.15	430.34	1.76	61.49	0.54	33.75	1539.84	-1797.23	1221.40
Fixation L	1	13	9631941843	9632877724	935881	252.05	393.52	36	70	-1	11.84	11.84
Fixation R	1	13	9631941843	9632877724	935881	252.05	393.52	36	70	-1	11.64	11.64
Saccade L	1	14	9632877724	9632917707	39983	250.48	393.15	280.68	319.53	1.74	95.46	0.30	43.62	4214.17	-3259.61	2333.71
Saccade R	1	14	9632877724	9632917707	39983	250.48	393.15	280.68	319.53	1.74	95.46	0.30	43.62	4214.17	-3259.61	2333.71
Fixation L	1	14	9632917707	9633017704	99997	289.14	319.44	12	11	-1	11.61	11.61
Fixation R	1	14	9632917707	9633017704	99997	289.14	319.44	12	11	-1	11.55	11.55
Saccade L	1	15	9633017704	9633053746	36042	283.72	318.97	260.70	392.29	1.66	72.04	0.33	46.17	3252.81	-2661.78	2257.83
Saccade R	1	15	9633017704	9633053746	36042	283.72	318.97	260.70	392.29	1.66	72.04	0.33	46.17	3252.81	-2661.78	2257.83
Fixation L	1	15	9633053746	9633145717	91971	252.23	399.36	11	14	-1	11.58	11.58
Fixation R	1	15	9633053746	9633145717	91971	252.23	399.36	11	14	-1	11.40	11.40
Saccade L	1	16	9633145717	9633173780	28063	254.86	405.63	303.79	321.16	2.03	149.45	0.43	72.19	6633.03	-5989.38	4660.75
Saccade R	1	16	9633145717	9633173780	28063	254.86	405.63	303.79	321.16	2.03	149.45	0.43	72.19	6633.03	-5989.38	4660.75
Fixation L	1	16	9633173780	9633621638	447858	313.74	335.87	19	60	-1	11.36	11.36
Fixation R	1	16	9633173780	9633621638	447858	313.74	335.87	19	60	-1	11.48	11.48
Saccade L	1	17	9633621638	9633697724	76086	314.86	363.27	1147.14	550.36	20.41	529.19	0.37	268.29	22498.98	-18386.75	11728.90
Saccade R	1	17	9633621638	9633697724	76086	314.86	363.27	1147.14	550.36	20.41	529.19	0.37	268.29	22498.98	-18386.75	11728.90
Fixation L	1	17	9633697724	9633945701	247977	1113.60	508.91	57	59	-1	11.70	11.70
Fixation R	1	17	9633697724	9633945701	247977	1113.60	508.91	57	59	-1	11.54	11.54
Saccade L	1	18	9633945701	9633985730	40029	1108.54	504.73	989.52	477.33	2.93	223.97	0.30	73.18	8942.19	-8247.51	4784.98
Saccade R	1	18	9633945701	9633985730	40029	1108.54	504.73	989.52	477.33	2.93	223.97	0.30	73.18	8942.19	-8247.51	4784.98
Fixation L	1	18	9633985730	9634545630	559900	1020.91	489.91	45	62	-1	11.39	11.39
Fixation R	1	18	9633985730	9634545630	559900	1020.91	489.91	45	62	-1	11.31	11.31
Saccade L	1	19	9634545630	9634597688	52058	1029.34	480.38	898.91	560.54	3.67	204.03	0.23	70.47	8874.97	-7347.43	4029.39
Saccade R	1	19	9634545630	9634597688	52058	1029.34	480.38	898.91	560.54	3.67	204.03	0.23	70.47	8874.97	-7347.43	4029.39
Fixation L	1	19	9634597688	9634797636	199948	898.86	579.28	35	46	-1	11.24	11.24
Fixation R	1	19	9634597688	9634797636	199948	898.86	579.28	35	46	-1	11.75	11.75
