[BeGaze]
Converted from:	D:\Kirillov\Results\ermolova_temp\Julia-eye_data.idf
Date:	17.04.2019 03:54:36
Version:	BeGaze 3.0.181
Sample Rate:	250
Subject:	Julia
Description:	Run40

Table Header for Fixations:
Event Type	Trial	Number	Start	End	Duration	Location X	Location Y	Dispersion X	Dispersion Y	Plane	Avg. Pupil Size X	Avg. Pupil Size Y

Table Header for Saccades:
Event Type	Trial	Number	Start	End	Duration	Start Loc.X	Start Loc.Y	End Loc.X	End Loc.Y	Amplitude	Peak Speed	Peak Speed At	Average Speed	Peak Accel.	Peak Decel.	Average Accel.

Table Header for User Events:
Event Type	Trial	Number	Start	Description

UserEvent	1	1	9648990540	# Message: experiment-21.jpg
Fixation L	1	1	9648992687	9649172760	180073	334.96	311.81	15	19	-1	11.72	11.72
Fixation R	1	1	9648992687	9649172760	180073	334.96	311.81	15	19	-1	11.67	11.67
Saccade L	1	1	9649172760	9649212708	39948	339.70	305.59	449.40	297.62	2.34	109.23	0.40	58.46	4911.05	-3814.86	3217.63
Saccade R	1	1	9649172760	9649212708	39948	339.70	305.59	449.40	297.62	2.34	109.23	0.40	58.46	4911.05	-3814.86	3217.63
Fixation L	1	2	9649212708	9649400730	188022	448.74	284.88	10	29	-1	11.65	11.65
Fixation R	1	2	9649212708	9649400730	188022	448.74	284.88	10	29	-1	11.77	11.77
Saccade L	1	2	9649400730	9649432709	31979	450.08	271.73	329.30	304.90	2.63	174.46	0.50	82.20	7927.22	-7305.49	5491.66
Saccade R	1	2	9649400730	9649432709	31979	450.08	271.73	329.30	304.90	2.63	174.46	0.50	82.20	7927.22	-7305.49	5491.66
Fixation L	1	3	9649432709	9649608702	175993	320.74	307.11	19	18	-1	11.30	11.30
Fixation R	1	3	9649432709	9649608702	175993	320.74	307.11	19	18	-1	11.34	11.34
Saccade L	1	3	9649608702	9649644700	35998	333.97	314.35	238.07	440.21	3.20	167.44	0.56	88.82	8231.91	-7837.47	5763.36
Saccade R	1	3	9649608702	9649644700	35998	333.97	314.35	238.07	440.21	3.20	167.44	0.56	88.82	8231.91	-7837.47	5763.36
Fixation L	1	4	9649644700	9649828581	183881	246.13	425.12	11	32	-1	10.99	10.99
Fixation R	1	4	9649644700	9649828581	183881	246.13	425.12	11	32	-1	10.69	10.69
Saccade L	1	4	9649828581	9649860579	31998	244.35	429.33	235.86	474.58	1.20	58.25	0.50	37.62	2445.37	-1948.88	1609.81
Saccade R	1	4	9649828581	9649860579	31998	244.35	429.33	235.86	474.58	1.20	58.25	0.50	37.62	2445.37	-1948.88	1609.81
Fixation L	1	5	9649860579	9649996594	136015	240.16	497.88	11	38	-1	11.17	11.17
Fixation R	1	5	9649860579	9649996594	136015	240.16	497.88	11	38	-1	11.02	11.02
Fixation L	1	6	9650196647	9650360594	163947	259.61	374.13	17	24	-1	11.56	11.56
Fixation R	1	6	9650196647	9650360594	163947	259.61	374.13	17	24	-1	11.36	11.36
Saccade L	1	5	9650360594	9650392587	31993	261.77	380.65	321.95	306.61	2.08	161.62	0.37	65.08	6344.71	-6337.67	4393.39
Saccade R	1	5	9650360594	9650392587	31993	261.77	380.65	321.95	306.61	2.08	161.62	0.37	65.08	6344.71	-6337.67	4393.39
Saccade L	1	6	9650432586	9650472588	40002	317.69	301.97	260.49	362.88	1.79	103.19	0.30	44.64	4566.56	-3714.36	2584.52
Saccade R	1	6	9650432586	9650472588	40002	317.69	301.97	260.49	362.88	1.79	103.19	0.30	44.64	4566.56	-3714.36	2584.52
Saccade L	1	7	9650484604	9650548607	64003	258.66	365.78	247.21	486.54	4.66	171.06	0.37	72.87	6168.42	-5292.23	3227.98
Saccade R	1	7	9650484604	9650548607	64003	258.66	365.78	247.21	486.54	4.66	171.06	0.37	72.87	6168.42	-5292.23	3227.98
Fixation L	1	7	9650548607	9650756657	208050	243.54	474.68	8	34	-1	11.87	11.87
Fixation R	1	7	9650548607	9650756657	208050	243.54	474.68	8	34	-1	11.56	11.56
Saccade L	1	8	9650756657	9650780597	23940	247.00	494.84	288.31	397.80	2.25	214.70	0.50	93.93	8469.90	-8319.35	6327.17
Saccade R	1	8	9650756657	9650780597	23940	247.00	494.84	288.31	397.80	2.25	214.70	0.50	93.93	8469.90	-8319.35	6327.17
Fixation L	1	8	9650780597	9650860596	79999	293.20	394.74	9	13	-1	11.76	11.76
Fixation R	1	8	9650780597	9650860596	79999	293.20	394.74	9	13	-1	11.57	11.57
Fixation L	1	9	9650920601	9651224457	303856	303.78	397.34	14	60	-1	11.49	11.49
Fixation R	1	9	9650920601	9651224457	303856	303.78	397.34	14	60	-1	11.48	11.48
Saccade L	1	9	9651224457	9651244498	20041	299.62	400.84	296.83	418.12	0.63	49.19	0.60	31.40	2019.95	-2163.14	1475.96
Saccade R	1	9	9651224457	9651244498	20041	299.62	400.84	296.83	418.12	0.63	49.19	0.60	31.40	2019.95	-2163.14	1475.96
Fixation L	1	10	9651244498	9651308531	64033	297.82	427.57	3	22	-1	11.42	11.42
Fixation R	1	10	9651244498	9651308531	64033	297.82	427.57	3	22	-1	11.37	11.37
Saccade L	1	10	9651308531	9651332534	24003	298.61	418.27	311.05	357.31	1.40	112.44	0.50	58.20	4547.86	-3798.22	3148.69
Saccade R	1	10	9651308531	9651332534	24003	298.61	418.27	311.05	357.31	1.40	112.44	0.50	58.20	4547.86	-3798.22	3148.69
Fixation L	1	11	9651332534	9652036521	703987	325.18	340.05	23	31	-1	11.44	11.44
Fixation R	1	11	9651332534	9652036521	703987	325.18	340.05	23	31	-1	11.50	11.50
Saccade L	1	11	9652036521	9652084479	47958	330.80	357.19	220.17	589.49	5.73	293.61	0.50	119.41	12151.84	-11632.14	7677.63
Saccade R	1	11	9652036521	9652084479	47958	330.80	357.19	220.17	589.49	5.73	293.61	0.50	119.41	12151.84	-11632.14	7677.63
Fixation L	1	12	9652084479	9652196482	112003	226.06	597.15	40	20	-1	11.40	11.40
Fixation R	1	12	9652084479	9652196482	112003	226.06	597.15	40	20	-1	11.70	11.70
Saccade L	1	12	9652196482	9652220507	24025	235.05	590.10	290.55	576.58	1.13	83.52	0.50	46.99	3525.64	-2968.21	2364.51
Saccade R	1	12	9652196482	9652220507	24025	235.05	590.10	290.55	576.58	1.13	83.52	0.50	46.99	3525.64	-2968.21	2364.51
Fixation L	1	13	9652220507	9652304504	83997	293.20	548.13	12	48	-1	11.58	11.58
Fixation R	1	13	9652220507	9652304504	83997	293.20	548.13	12	48	-1	11.90	11.90
Saccade L	1	13	9652304504	9652340535	36031	293.74	530.65	273.98	417.82	2.48	159.91	0.44	68.92	7120.58	-6708.93	4772.17
Saccade R	1	13	9652304504	9652340535	36031	293.74	530.65	273.98	417.82	2.48	159.91	0.44	68.92	7120.58	-6708.93	4772.17
Fixation L	1	14	9652340535	9653176403	835868	306.93	422.40	47	87	-1	11.73	11.73
Fixation R	1	14	9652340535	9653176403	835868	306.93	422.40	47	87	-1	11.79	11.79
Saccade L	1	14	9653176403	9653252465	76062	301.65	363.42	1160.73	464.88	19.62	511.19	0.42	257.98	18755.87	-14527.72	11233.86
Saccade R	1	14	9653176403	9653252465	76062	301.65	363.42	1160.73	464.88	19.62	511.19	0.42	257.98	18755.87	-14527.72	11233.86
Fixation L	1	15	9653252465	9653720382	467917	1101.48	462.78	96	43	-1	11.49	11.49
Fixation R	1	15	9653252465	9653720382	467917	1101.48	462.78	96	43	-1	11.55	11.55
Saccade L	1	15	9653720382	9653744387	24005	1093.19	449.68	1049.42	498.29	1.51	124.66	0.50	62.82	5407.31	-4577.38	3745.83
Saccade R	1	15	9653720382	9653744387	24005	1093.19	449.68	1049.42	498.29	1.51	124.66	0.50	62.82	5407.31	-4577.38	3745.83
Fixation L	1	16	9653744387	9653872413	128026	1048.41	529.65	27	47	-1	11.12	11.12
Fixation R	1	16	9653744387	9653872413	128026	1048.41	529.65	27	47	-1	11.12	11.12
Saccade L	1	16	9653872413	9653924297	51884	1053.03	536.58	1033.02	460.15	2.20	73.98	0.69	42.43	1875.06	-3173.09	1669.09
Saccade R	1	16	9653872413	9653924297	51884	1053.03	536.58	1033.02	460.15	2.20	73.98	0.69	42.43	1875.06	-3173.09	1669.09
Fixation L	1	17	9653924297	9654160296	235999	1036.55	454.47	24	23	-1	11.12	11.12
Fixation R	1	17	9653924297	9654160296	235999	1036.55	454.47	24	23	-1	10.98	10.98
Saccade L	1	17	9654160296	9654200316	40020	1029.33	439.99	1139.84	479.97	3.33	221.48	0.40	83.31	10293.17	-8134.21	5539.12
Saccade R	1	17	9654160296	9654200316	40020	1029.33	439.99	1139.84	479.97	3.33	221.48	0.40	83.31	10293.17	-8134.21	5539.12
Saccade L	1	18	9654248297	9654312307	64010	1105.74	493.24	235.64	490.03	19.20	578.26	0.31	299.97	27181.39	-17470.37	14426.62
Saccade R	1	18	9654248297	9654312307	64010	1105.74	493.24	235.64	490.03	19.20	578.26	0.31	299.97	27181.39	-17470.37	14426.62
Fixation L	1	18	9654312307	9654680306	367999	250.28	462.24	22	47	-1	11.80	11.80
Fixation R	1	18	9654312307	9654680306	367999	250.28	462.24	22	47	-1	11.71	11.71
Saccade L	1	19	9654680306	9654728312	48006	250.17	462.40	332.24	388.99	2.63	92.74	0.33	54.76	4456.96	-2589.55	2373.09
Saccade R	1	19	9654680306	9654728312	48006	250.17	462.40	332.24	388.99	2.63	92.74	0.33	54.76	4456.96	-2589.55	2373.09
Fixation L	1	19	9654728312	9654864306	135994	343.35	363.50	24	43	-1	12.04	12.04
Fixation R	1	19	9654728312	9654864306	135994	343.35	363.50	24	43	-1	12.03	12.03
Saccade L	1	20	9654864306	9654948329	84023	356.07	354.12	1082.78	473.94	17.77	636.06	0.33	211.44	24284.89	-26132.52	11904.94
Saccade R	1	20	9654864306	9654948329	84023	356.07	354.12	1082.78	473.94	17.77	636.06	0.33	211.44	24284.89	-26132.52	11904.94
Saccade L	1	21	9654984318	9655020311	35993	1091.41	491.06	1030.17	496.52	1.24	63.27	0.33	34.37	2638.72	-1383.07	1267.93
Saccade R	1	21	9654984318	9655020311	35993	1091.41	491.06	1030.17	496.52	1.24	63.27	0.33	34.37	2638.72	-1383.07	1267.93
Saccade L	1	22	9655052322	9655072334	20012	1041.92	496.57	1040.99	527.83	0.53	43.24	0.39	26.46	1422.89	-1139.35	911.49
Saccade R	1	22	9655052322	9655072334	20012	1041.92	496.57	1040.99	527.83	0.53	43.24	0.39	26.46	1422.89	-1139.35	911.49
Saccade L	1	23	9655088289	9655124342	36053	1015.47	532.75	1102.63	497.19	1.77	101.84	0.33	49.08	4079.81	-3709.94	2548.74
Saccade R	1	23	9655088289	9655124342	36053	1015.47	532.75	1102.63	497.19	1.77	101.84	0.33	49.08	4079.81	-3709.94	2548.74
Fixation L	1	20	9655124342	9655452225	327883	1092.60	485.36	61	53	-1	12.06	12.06
Fixation R	1	20	9655124342	9655452225	327883	1092.60	485.36	61	53	-1	12.14	12.14
Saccade L	1	24	9655452225	9655480223	27998	1076.79	481.45	1132.32	516.53	1.69	125.58	0.43	60.25	5216.29	-5193.64	3506.88
Saccade R	1	24	9655452225	9655480223	27998	1076.79	481.45	1132.32	516.53	1.69	125.58	0.43	60.25	5216.29	-5193.64	3506.88
Fixation L	1	21	9655480223	9655684239	204016	1136.34	507.59	25	20	-1	11.84	11.84
Fixation R	1	21	9655480223	9655684239	204016	1136.34	507.59	25	20	-1	11.73	11.73
Saccade L	1	25	9655684239	9655716241	32002	1128.56	506.15	1024.78	503.92	2.39	176.26	0.62	74.79	7019.20	-7300.82	4918.17
Saccade R	1	25	9655684239	9655716241	32002	1128.56	506.15	1024.78	503.92	2.39	176.26	0.62	74.79	7019.20	-7300.82	4918.17
Fixation L	1	22	9655716241	9656232216	515975	1019.37	511.05	47	45	-1	11.76	11.76
Fixation R	1	22	9655716241	9656232216	515975	1019.37	511.05	47	45	-1	11.62	11.62
Saccade L	1	26	9656232216	9656268231	36015	1002.73	509.01	1050.66	532.95	1.23	56.72	0.56	34.12	2119.36	-2142.26	1501.82
Saccade R	1	26	9656232216	9656268231	36015	1002.73	509.01	1050.66	532.95	1.23	56.72	0.56	34.12	2119.36	-2142.26	1501.82
Saccade L	1	27	9656292168	9656368228	76060	1052.68	541.16	1152.69	589.19	3.71	125.64	0.32	48.80	3756.21	-4088.69	1819.02
Saccade R	1	27	9656292168	9656368228	76060	1052.68	541.16	1152.69	589.19	3.71	125.64	0.32	48.80	3756.21	-4088.69	1819.02
Fixation L	1	23	9656368228	9656596249	228021	1141.19	574.24	39	50	-1	11.53	11.53
Fixation R	1	23	9656368228	9656596249	228021	1141.19	574.24	39	50	-1	11.65	11.65
Saccade L	1	28	9656596249	9656628232	31983	1150.71	597.94	1152.23	549.91	0.99	47.16	0.62	30.97	1518.08	-1770.59	1179.30
Saccade R	1	28	9656596249	9656628232	31983	1150.71	597.94	1152.23	549.91	0.99	47.16	0.62	30.97	1518.08	-1770.59	1179.30
Fixation L	1	24	9656628232	9656740115	111883	1143.07	550.19	26	33	-1	11.70	11.70
Fixation R	1	24	9656628232	9656740115	111883	1143.07	550.19	26	33	-1	11.68	11.68
Saccade L	1	29	9656740115	9656780132	40017	1136.80	569.61	1177.16	616.76	1.22	46.80	0.30	30.39	1254.88	-1064.22	856.90
Saccade R	1	29	9656740115	9656780132	40017	1136.80	569.61	1177.16	616.76	1.22	46.80	0.30	30.39	1254.88	-1064.22	856.90
Saccade L	1	30	9656812103	9656836126	24023	1181.90	617.18	1146.94	614.06	0.74	52.27	0.50	30.90	2183.18	-1829.64	1523.89
Saccade R	1	30	9656812103	9656836126	24023	1181.90	617.18	1146.94	614.06	0.74	52.27	0.50	30.90	2183.18	-1829.64	1523.89
Fixation L	1	25	9656836126	9657104130	268004	1148.59	596.62	36	41	-1	11.63	11.63
Fixation R	1	25	9656836126	9657104130	268004	1148.59	596.62	36	41	-1	11.74	11.74
Saccade L	1	31	9657104130	9657144111	39981	1140.15	570.39	903.49	573.31	5.07	304.80	0.40	126.90	13497.14	-13184.52	8793.23
Saccade R	1	31	9657104130	9657144111	39981	1140.15	570.39	903.49	573.31	5.07	304.80	0.40	126.90	13497.14	-13184.52	8793.23
Fixation L	1	26	9657144111	9657580117	436006	892.50	548.56	27	57	-1	11.69	11.69
Fixation R	1	26	9657144111	9657580117	436006	892.50	548.56	27	57	-1	12.00	12.00
Saccade L	1	32	9657580117	9657616138	36021	888.83	528.23	844.44	569.63	1.68	91.69	0.33	46.60	3976.08	-3065.06	2160.97
Saccade R	1	32	9657580117	9657616138	36021	888.83	528.23	844.44	569.63	1.68	91.69	0.33	46.60	3976.08	-3065.06	2160.97
Fixation L	1	27	9657616138	9657768140	152002	836.97	555.36	20	33	-1	11.72	11.72
Fixation R	1	27	9657616138	9657768140	152002	836.97	555.36	20	33	-1	12.16	12.16
Saccade L	1	33	9657768140	9657804122	35982	817.41	570.45	850.42	568.78	1.00	49.85	0.56	27.81	1312.68	-1412.32	839.14
Saccade R	1	33	9657768140	9657804122	35982	817.41	570.45	850.42	568.78	1.00	49.85	0.56	27.81	1312.68	-1412.32	839.14
Fixation L	1	28	9657804122	9658028137	224015	841.75	591.33	38	74	-1	11.69	11.69
Fixation R	1	28	9657804122	9658028137	224015	841.75	591.33	38	74	-1	12.16	12.16
Saccade L	1	34	9658028137	9658084194	56057	855.74	635.34	463.91	483.33	9.47	357.87	0.36	169.00	16599.16	-15320.17	10340.17
Saccade R	1	34	9658028137	9658084194	56057	855.74	635.34	463.91	483.33	9.47	357.87	0.36	169.00	16599.16	-15320.17	10340.17
Saccade L	1	35	9658120003	9658172021	52018	461.72	484.15	342.79	379.53	4.03	163.26	0.23	77.45	7953.22	-4419.99	3516.82
Saccade R	1	35	9658120003	9658172021	52018	461.72	484.15	342.79	379.53	4.03	163.26	0.23	77.45	7953.22	-4419.99	3516.82
Fixation L	1	29	9658172021	9658316038	144017	336.82	411.17	13	50	-1	11.63	11.63
Fixation R	1	29	9658172021	9658316038	144017	336.82	411.17	13	50	-1	11.74	11.74
Saccade L	1	36	9658316038	9658376009	59971	329.16	428.65	1075.67	561.71	17.03	530.32	0.53	283.98	24887.64	-21251.60	14892.71
Saccade R	1	36	9658316038	9658376009	59971	329.16	428.65	1075.67	561.71	17.03	530.32	0.53	283.98	24887.64	-21251.60	14892.71
Saccade L	1	37	9658376009	9658399987	23978	1075.67	561.71	1071.92	551.91	0.64	53.98	0.67	26.68	763.17	-6049.91	1765.05
Saccade R	1	37	9658376009	9658399987	23978	1075.67	561.71	1071.92	551.91	0.64	53.98	0.67	26.68	763.17	-6049.91	1765.05
Fixation L	1	30	9658399987	9658492010	92023	1063.20	548.46	29	11	-1	11.61	11.61
Fixation R	1	30	9658399987	9658492010	92023	1063.20	548.46	29	11	-1	11.37	11.37
