[BeGaze]
Converted from:	D:\Kirillov\Results\ermolova_temp\Nastya 07-eye_data.idf
Date:	17.04.2019 03:53:04
Version:	BeGaze 3.0.181
Sample Rate:	250
Subject:	Nastya 07
Description:	Run19

Table Header for Fixations:
Event Type	Trial	Number	Start	End	Duration	Location X	Location Y	Dispersion X	Dispersion Y	Plane	Avg. Pupil Size X	Avg. Pupil Size Y

Table Header for Saccades:
Event Type	Trial	Number	Start	End	Duration	Start Loc.X	Start Loc.Y	End Loc.X	End Loc.Y	Amplitude	Peak Speed	Peak Speed At	Average Speed	Peak Accel.	Peak Decel.	Average Accel.

Table Header for User Events:
Event Type	Trial	Number	Start	Description

UserEvent	1	1	6781564801	# Message: experiment-01.jpg
Fixation L	1	1	6781639636	6781791586	151950	592.16	353.69	26	21	-1	15.29	15.29
Fixation R	1	1	6781639636	6781791586	151950	592.16	353.69	26	21	-1	15.10	15.10
Saccade L	1	1	6781791586	6781863612	72026	605.67	368.71	916.49	481.42	7.66	206.51	0.28	106.29	9891.34	-6305.25	3987.59
Saccade R	1	1	6781791586	6781863612	72026	605.67	368.71	916.49	481.42	7.66	206.51	0.28	106.29	9891.34	-6305.25	3987.59
Saccade L	1	2	6781863612	6781891598	27986	916.49	481.42	950.27	496.45	0.82	53.66	0.29	29.30	477.26	-2031.40	956.22
Saccade R	1	2	6781863612	6781891598	27986	916.49	481.42	950.27	496.45	0.82	53.66	0.29	29.30	477.26	-2031.40	956.22
Fixation L	1	2	6781891598	6782055618	164020	965.44	508.91	25	18	-1	15.44	15.44
Fixation R	1	2	6781891598	6782055618	164020	965.44	508.91	25	18	-1	15.44	15.44
Saccade L	1	3	6782055618	6782095611	39993	974.34	510.97	1027.77	504.85	1.13	52.34	0.40	28.30	2338.82	-1884.39	1473.33
Saccade R	1	3	6782055618	6782095611	39993	974.34	510.97	1027.77	504.85	1.13	52.34	0.40	28.30	2338.82	-1884.39	1473.33
Fixation L	1	3	6782095611	6782199630	104019	1028.29	505.31	13	12	-1	15.24	15.24
Fixation R	1	3	6782095611	6782199630	104019	1028.29	505.31	13	12	-1	15.22	15.22
Saccade L	1	4	6782199630	6782287628	87998	1018.45	512.78	750.33	108.39	10.99	370.50	0.23	124.90	17494.60	-11717.62	6438.11
Saccade R	1	4	6782199630	6782287628	87998	1018.45	512.78	750.33	108.39	10.99	370.50	0.23	124.90	17494.60	-11717.62	6438.11
Fixation L	1	4	6782287628	6782499604	211976	760.80	86.33	19	34	-1	15.14	15.14
Fixation R	1	4	6782287628	6782499604	211976	760.80	86.33	19	34	-1	14.71	14.71
Saccade L	1	5	6782499604	6782575606	76002	762.48	73.98	391.54	460.78	11.93	376.75	0.21	156.97	18380.40	-12723.52	8117.43
Saccade R	1	5	6782499604	6782575606	76002	762.48	73.98	391.54	460.78	11.93	376.75	0.21	156.97	18380.40	-12723.52	8117.43
Fixation L	1	5	6782575606	6782735620	160014	391.89	449.66	19	23	-1	15.26	15.26
Fixation R	1	5	6782575606	6782735620	160014	391.89	449.66	19	23	-1	14.53	14.53
Saccade L	1	6	6782735620	6782823501	87881	399.12	456.84	1045.60	678.78	16.35	449.15	0.23	186.03	21357.55	-12594.72	7903.46
Saccade R	1	6	6782735620	6782823501	87881	399.12	456.84	1045.60	678.78	16.35	449.15	0.23	186.03	21357.55	-12594.72	7903.46
Fixation L	1	6	6782823501	6783091519	268018	1050.13	669.79	14	33	-1	15.73	15.73
Fixation R	1	6	6782823501	6783091519	268018	1050.13	669.79	14	33	-1	15.77	15.77
Saccade L	1	7	6783091519	6783139522	48003	1049.09	648.92	1085.90	478.33	3.73	150.64	0.25	77.69	7392.96	-4693.89	4321.98
Saccade R	1	7	6783091519	6783139522	48003	1049.09	648.92	1085.90	478.33	3.73	150.64	0.25	77.69	7392.96	-4693.89	4321.98
Fixation L	1	7	6783139522	6783391511	251989	1073.59	481.29	23	26	-1	16.01	16.01
Fixation R	1	7	6783139522	6783391511	251989	1073.59	481.29	23	26	-1	16.06	16.06
Saccade L	1	8	6783391511	6783451512	60001	1079.00	479.05	1021.60	689.54	4.98	234.08	0.27	83.00	10683.46	-8252.65	5166.60
Saccade R	1	8	6783391511	6783451512	60001	1079.00	479.05	1021.60	689.54	4.98	234.08	0.27	83.00	10683.46	-8252.65	5166.60
Fixation L	1	8	6783451512	6783887522	436010	1008.30	714.04	37	38	-1	16.11	16.11
Fixation R	1	8	6783451512	6783887522	436010	1008.30	714.04	37	38	-1	16.17	16.17
Saccade L	1	9	6783887522	6783991426	103904	1023.70	712.00	514.64	405.69	13.61	289.68	0.31	131.01	12854.30	-11101.54	4762.16
Saccade R	1	9	6783887522	6783991426	103904	1023.70	712.00	514.64	405.69	13.61	289.68	0.31	131.01	12854.30	-11101.54	4762.16
Fixation L	1	9	6783991426	6784135445	144019	523.94	386.57	17	29	-1	16.98	16.98
Fixation R	1	9	6783991426	6784135445	144019	523.94	386.57	17	29	-1	16.81	16.81
Saccade L	1	10	6784135445	6784195524	60079	517.32	379.42	272.68	355.93	5.48	295.17	0.27	91.20	13771.66	-11696.12	6159.67
Saccade R	1	10	6784135445	6784195524	60079	517.32	379.42	272.68	355.93	5.48	295.17	0.27	91.20	13771.66	-11696.12	6159.67
Fixation L	1	10	6784195524	6784383421	187897	258.75	347.92	23	16	-1	16.74	16.74
Fixation R	1	10	6784195524	6784383421	187897	258.75	347.92	23	16	-1	16.80	16.80
Saccade L	1	11	6784383421	6784447429	64008	267.49	344.40	178.96	422.89	2.84	154.83	0.25	44.35	7164.46	-6901.44	2830.81
Saccade R	1	11	6784383421	6784447429	64008	267.49	344.40	178.96	422.89	2.84	154.83	0.25	44.35	7164.46	-6901.44	2830.81
Fixation L	1	11	6784447429	6784635410	187981	185.08	443.74	14	32	-1	16.85	16.85
Fixation R	1	11	6784447429	6784635410	187981	185.08	443.74	14	32	-1	16.86	16.86
Saccade L	1	12	6784635410	6784683434	48024	192.29	455.88	342.14	440.08	3.30	154.18	0.42	68.66	7402.40	-5638.26	4228.41
Saccade R	1	12	6784635410	6784683434	48024	192.29	455.88	342.14	440.08	3.30	154.18	0.42	68.66	7402.40	-5638.26	4228.41
Fixation L	1	12	6784683434	6784819411	135977	354.44	431.75	20	21	-1	16.81	16.81
Fixation R	1	12	6784683434	6784819411	135977	354.44	431.75	20	21	-1	16.56	16.56
Saccade L	1	13	6784819411	6784855423	36012	349.95	444.38	218.85	420.42	2.91	197.19	0.44	80.70	9369.76	-9241.23	5981.54
Saccade R	1	13	6784819411	6784855423	36012	349.95	444.38	218.85	420.42	2.91	197.19	0.44	80.70	9369.76	-9241.23	5981.54
Fixation L	1	13	6784855423	6785011414	155991	208.97	397.05	25	33	-1	16.74	16.74
Fixation R	1	13	6784855423	6785011414	155991	208.97	397.05	25	33	-1	16.46	16.46
Fixation L	1	14	6785083416	6785215424	132008	475.03	440.64	21	26	-1	16.74	16.74
Fixation R	1	14	6785083416	6785215424	132008	475.03	440.64	21	26	-1	16.63	16.63
Saccade L	1	14	6785215424	6785267434	52010	462.83	454.79	559.60	437.04	2.16	128.30	0.31	41.62	5578.96	-5101.88	2723.18
Saccade R	1	14	6785215424	6785267434	52010	462.83	454.79	559.60	437.04	2.16	128.30	0.31	41.62	5578.96	-5101.88	2723.18
Fixation L	1	15	6785267434	6785391438	124004	563.06	424.15	7	21	-1	16.66	16.66
Fixation R	1	15	6785267434	6785391438	124004	563.06	424.15	7	21	-1	16.83	16.83
Saccade L	1	15	6785391438	6785455430	63992	563.65	416.79	740.01	445.65	4.29	200.86	0.25	67.05	8798.29	-4579.46	3686.30
Saccade R	1	15	6785391438	6785455430	63992	563.65	416.79	740.01	445.65	4.29	200.86	0.25	67.05	8798.29	-4579.46	3686.30
Fixation L	1	16	6785455430	6785735460	280030	772.38	424.85	57	41	-1	16.60	16.60
Fixation R	1	16	6785455430	6785735460	280030	772.38	424.85	57	41	-1	16.69	16.69
Fixation L	1	17	6785819327	6785947321	127994	233.72	86.67	20	28	-1	16.33	16.33
Fixation R	1	17	6785819327	6785947321	127994	233.72	86.67	20	28	-1	16.20	16.20
Saccade L	1	16	6785947321	6785971302	23981	241.81	105.31	215.91	102.75	0.54	44.98	0.50	22.58	1253.03	-1847.58	1144.04
Saccade R	1	16	6785947321	6785971302	23981	241.81	105.31	215.91	102.75	0.54	44.98	0.50	22.58	1253.03	-1847.58	1144.04
Fixation L	1	18	6785971302	6786167334	196032	205.53	119.05	20	37	-1	16.24	16.24
Fixation R	1	18	6785971302	6786167334	196032	205.53	119.05	20	37	-1	15.58	15.58
Saccade L	1	17	6786167334	6786227308	59974	212.63	133.98	428.88	168.73	4.79	283.39	0.33	79.94	12410.03	-10756.56	5526.29
Saccade R	1	17	6786167334	6786227308	59974	212.63	133.98	428.88	168.73	4.79	283.39	0.33	79.94	12410.03	-10756.56	5526.29
Fixation L	1	19	6786227308	6786371329	144021	439.75	171.25	17	9	-1	15.92	15.92
Fixation R	1	19	6786227308	6786371329	144021	439.75	171.25	17	9	-1	15.21	15.21
Saccade L	1	18	6786371329	6786447334	76005	440.83	171.54	623.60	186.78	4.08	236.21	0.21	53.65	10597.63	-9577.35	3586.04
Saccade R	1	18	6786371329	6786447334	76005	440.83	171.54	623.60	186.78	4.08	236.21	0.21	53.65	10597.63	-9577.35	3586.04
Fixation L	1	20	6786447334	6786563327	115993	633.38	171.66	17	27	-1	15.60	15.60
Fixation R	1	20	6786447334	6786563327	115993	633.38	171.66	17	27	-1	15.13	15.13
Saccade L	1	19	6786747330	6786807253	59923	792.62	169.84	804.09	263.81	2.73	157.38	0.33	45.64	6044.11	-5727.25	2703.46
Saccade R	1	19	6786747330	6786807253	59923	792.62	169.84	804.09	263.81	2.73	157.38	0.33	45.64	6044.11	-5727.25	2703.46
Saccade L	1	20	6786859331	6786915356	56025	831.26	247.77	764.25	155.19	5.58	195.80	0.78	99.55	6451.91	-3606.07	2489.13
Saccade R	1	20	6786859331	6786915356	56025	831.26	247.77	764.25	155.19	5.58	195.80	0.78	99.55	6451.91	-3606.07	2489.13
Saccade L	1	21	6786915356	6786975323	59967	764.25	155.19	893.17	167.43	4.67	224.39	0.27	77.87	6924.69	-6445.06	3263.93
Saccade R	1	21	6786915356	6786975323	59967	764.25	155.19	893.17	167.43	4.67	224.39	0.27	77.87	6924.69	-6445.06	3263.93
Fixation L	1	21	6786975323	6787031353	56030	899.74	171.99	14	12	-1	16.22	16.22
Fixation R	1	21	6786975323	6787031353	56030	899.74	171.99	14	12	-1	16.00	16.00
Saccade L	1	22	6787031353	6787107218	75865	904.27	178.48	1028.66	586.58	10.13	294.05	0.53	133.49	11697.17	-10528.93	6552.36
Saccade R	1	22	6787031353	6787107218	75865	904.27	178.48	1028.66	586.58	10.13	294.05	0.53	133.49	11697.17	-10528.93	6552.36
Fixation L	1	22	6787107218	6787223254	116036	1024.17	580.56	26	23	-1	16.73	16.73
Fixation R	1	22	6787107218	6787223254	116036	1024.17	580.56	26	23	-1	16.21	16.21
Saccade L	1	23	6787223254	6787251216	27962	1038.09	574.77	1055.48	717.92	2.98	229.82	0.43	106.58	10805.37	-10582.45	7856.05
Saccade R	1	23	6787223254	6787251216	27962	1038.09	574.77	1055.48	717.92	2.98	229.82	0.43	106.58	10805.37	-10582.45	7856.05
Fixation L	1	23	6787251216	6787395212	143996	1062.29	725.24	13	40	-1	16.61	16.61
Fixation R	1	23	6787251216	6787395212	143996	1062.29	725.24	13	40	-1	16.33	16.33
Saccade L	1	24	6787395212	6787467242	72030	1065.51	725.28	986.29	516.27	5.25	175.56	0.28	72.82	8191.60	-6735.80	3781.16
Saccade R	1	24	6787395212	6787467242	72030	1065.51	725.28	986.29	516.27	5.25	175.56	0.28	72.82	8191.60	-6735.80	3781.16
Fixation L	1	24	6787467242	6787631231	163989	990.62	513.88	11	17	-1	16.86	16.86
Fixation R	1	24	6787467242	6787631231	163989	990.62	513.88	11	17	-1	16.39	16.39
Saccade L	1	25	6787631231	6787707214	75983	990.46	522.92	450.77	660.32	12.55	290.63	0.21	165.22	14065.85	-8794.25	5858.44
Saccade R	1	25	6787631231	6787707214	75983	990.46	522.92	450.77	660.32	12.55	290.63	0.21	165.22	14065.85	-8794.25	5858.44
Fixation L	1	25	6787707214	6787843218	136004	436.19	670.67	25	25	-1	16.25	16.25
Fixation R	1	25	6787707214	6787843218	136004	436.19	670.67	25	25	-1	15.75	15.75
Saccade L	1	26	6787843218	6787919250	76032	435.47	664.09	558.08	800.91	4.69	181.60	0.21	61.69	8420.38	-5885.54	3309.94
Saccade R	1	26	6787843218	6787919250	76032	435.47	664.09	558.08	800.91	4.69	181.60	0.21	61.69	8420.38	-5885.54	3309.94
Fixation L	1	26	6787919250	6788155254	236004	550.59	795.52	20	20	-1	15.75	15.75
Fixation R	1	26	6787919250	6788155254	236004	550.59	795.52	20	20	-1	16.08	16.08
Saccade L	1	27	6788155254	6788207257	52003	545.04	797.18	660.96	678.12	4.28	202.11	0.31	82.25	9117.54	-6497.75	5120.04
Saccade R	1	27	6788155254	6788207257	52003	545.04	797.18	660.96	678.12	4.28	202.11	0.31	82.25	9117.54	-6497.75	5120.04
Fixation L	1	27	6788207257	6788343149	135892	669.66	671.17	23	14	-1	16.45	16.45
Fixation R	1	27	6788207257	6788343149	135892	669.66	671.17	23	14	-1	16.26	16.26
Saccade L	1	28	6788343149	6788415237	72088	668.51	676.89	1129.39	715.83	10.53	291.80	0.22	146.07	14063.17	-8632.72	5997.44
Saccade R	1	28	6788343149	6788415237	72088	668.51	676.89	1129.39	715.83	10.53	291.80	0.22	146.07	14063.17	-8632.72	5997.44
Fixation L	1	28	6788415237	6788631136	215899	1127.57	724.15	16	35	-1	16.02	16.02
Fixation R	1	28	6788415237	6788631136	215899	1127.57	724.15	16	35	-1	16.10	16.10
Saccade L	1	29	6788631136	6788691126	59990	1128.07	733.53	1189.27	727.35	1.97	89.12	0.53	32.84	2867.57	-2951.39	1469.39
Saccade R	1	29	6788631136	6788691126	59990	1128.07	733.53	1189.27	727.35	1.97	89.12	0.53	32.84	2867.57	-2951.39	1469.39
Saccade L	1	30	6788731119	6788791182	60063	1198.40	729.35	1122.10	827.40	3.04	143.58	0.40	50.65	6546.92	-5237.67	2519.53
Saccade R	1	30	6788731119	6788791182	60063	1198.40	729.35	1122.10	827.40	3.04	143.58	0.40	50.65	6546.92	-5237.67	2519.53
Saccade L	1	31	6788791182	6788851136	59954	1122.10	827.40	1111.14	801.43	2.73	101.23	0.53	45.54	2456.14	-3368.67	1634.39
Saccade R	1	31	6788791182	6788851136	59954	1122.10	827.40	1111.14	801.43	2.73	101.23	0.53	45.54	2456.14	-3368.67	1634.39
Fixation L	1	29	6788851136	6788907131	55995	1119.04	808.85	15	19	-1	16.51	16.51
Fixation R	1	29	6788851136	6788907131	55995	1119.04	808.85	15	19	-1	16.47	16.47
Saccade L	1	32	6788947121	6788983123	36002	1114.20	753.27	1112.06	812.99	1.29	102.81	0.22	35.70	1553.33	-3018.22	1518.77
Saccade R	1	32	6788947121	6788983123	36002	1114.20	753.27	1112.06	812.99	1.29	102.81	0.22	35.70	1553.33	-3018.22	1518.77
Saccade L	1	33	6788995135	6789059148	64013	1115.39	808.68	671.55	796.77	9.87	302.84	0.38	154.16	14843.69	-10575.06	7321.34
Saccade R	1	33	6788995135	6789059148	64013	1115.39	808.68	671.55	796.77	9.87	302.84	0.38	154.16	14843.69	-10575.06	7321.34
Fixation L	1	30	6789059148	6789115157	56009	660.23	800.66	17	29	-1	16.05	16.05
Fixation R	1	30	6789059148	6789115157	56009	660.23	800.66	17	29	-1	16.21	16.21
Saccade L	1	34	6789115157	6789163133	47976	657.50	807.90	667.36	811.63	1.78	81.30	0.58	37.14	3069.50	-3633.79	2189.51
Saccade R	1	34	6789115157	6789163133	47976	657.50	807.90	667.36	811.63	1.78	81.30	0.58	37.14	3069.50	-3633.79	2189.51
Saccade L	1	35	6789195165	6789259126	63961	665.65	798.03	581.27	834.77	2.39	154.95	0.63	37.38	5954.49	-5791.57	2435.20
Saccade R	1	35	6789195165	6789259126	63961	665.65	798.03	581.27	834.77	2.39	154.95	0.63	37.38	5954.49	-5791.57	2435.20
Saccade L	1	36	6789259126	6789323135	64009	581.27	834.77	575.44	817.47	3.27	92.49	0.44	51.13	3667.53	-2159.76	1814.05
Saccade R	1	36	6789259126	6789323135	64009	581.27	834.77	575.44	817.47	3.27	92.49	0.44	51.13	3667.53	-2159.76	1814.05
Fixation L	1	31	6789323135	6789475131	151996	582.99	831.32	15	42	-1	15.67	15.67
Fixation R	1	31	6789323135	6789475131	151996	582.99	831.32	15	42	-1	16.30	16.30
Saccade L	1	37	6789567129	6789587169	20040	1092.67	870.52	1173.39	920.75	1.06	113.64	0.60	52.74	4239.71	785.97	2996.81
Saccade R	1	37	6789567129	6789587169	20040	1092.67	870.52	1173.39	920.75	1.06	113.64	0.60	52.74	4239.71	785.97	2996.81
Fixation L	1	32	6789587169	6789647148	59979	1085.80	877.44	98	66	-1	16.11	16.11
Fixation R	1	32	6789587169	6789647148	59979	1085.80	877.44	98	66	-1	16.71	16.71
Saccade L	1	38	6789647148	6789683153	36005	1083.07	887.47	1081.38	860.54	1.18	57.79	0.56	32.75	1494.71	-1453.89	744.86
Saccade R	1	38	6789647148	6789683153	36005	1083.07	887.47	1081.38	860.54	1.18	57.79	0.56	32.75	1494.71	-1453.89	744.86
Saccade L	1	39	6789683153	6789739164	56011	1081.38	860.54	1129.83	879.60	2.22	74.94	0.71	39.58	3216.77	-1445.40	986.02
Saccade R	1	39	6789683153	6789739164	56011	1081.38	860.54	1129.83	879.60	2.22	74.94	0.71	39.58	3216.77	-1445.40	986.02
Saccade L	1	40	6789783174	6789819173	35999	1126.85	908.01	1115.83	912.48	0.78	45.06	0.55	21.64	1321.65	-1074.48	600.68
Saccade R	1	40	6789783174	6789819173	35999	1126.85	908.01	1115.83	912.48	0.78	45.06	0.55	21.64	1321.65	-1074.48	600.68
Fixation L	1	33	6789819173	6789883029	63856	1116.39	918.19	15	65	-1	16.20	16.20
Fixation R	1	33	6789819173	6789883029	63856	1116.39	918.19	15	65	-1	16.55	16.55
Saccade L	1	41	6789883029	6789931045	48016	1125.16	929.24	1126.41	887.29	2.96	159.84	0.25	61.65	7037.83	-5111.03	3801.09
Saccade R	1	41	6789883029	6789931045	48016	1125.16	929.24	1126.41	887.29	2.96	159.84	0.25	61.65	7037.83	-5111.03	3801.09
Saccade L	1	42	6789931045	6789955011	23966	1126.41	887.29	1123.23	937.77	0.73	74.69	0.67	30.39	2419.46	-1925.36	1492.72
Saccade R	1	42	6789931045	6789955011	23966	1126.41	887.29	1123.23	937.77	0.73	74.69	0.67	30.39	2419.46	-1925.36	1492.72
Saccade L	1	43	6789999013	6790079029	80016	1124.20	913.45	529.96	908.02	14.19	366.59	0.40	177.32	16153.74	-9649.06	7563.17
Saccade R	1	43	6789999013	6790079029	80016	1124.20	913.45	529.96	908.02	14.19	366.59	0.40	177.32	16153.74	-9649.06	7563.17
Saccade L	1	44	6790091048	6790115019	23971	528.36	902.36	529.19	805.88	1.15	122.00	0.33	47.77	3915.79	-3909.78	2344.72
Saccade R	1	44	6790091048	6790115019	23971	528.36	902.36	529.19	805.88	1.15	122.00	0.33	47.77	3915.79	-3909.78	2344.72
Saccade L	1	45	6790167024	6790215091	48067	545.85	862.06	524.17	857.17	2.23	99.83	0.58	46.44	2811.30	-2742.39	1762.17
Saccade R	1	45	6790167024	6790215091	48067	545.85	862.06	524.17	857.17	2.23	99.83	0.58	46.44	2811.30	-2742.39	1762.17
Saccade L	1	46	6790215091	6790275070	59979	524.17	857.17	518.54	887.51	3.75	144.94	0.53	62.59	2637.85	-3074.10	1824.15
Saccade R	1	46	6790215091	6790275070	59979	524.17	857.17	518.54	887.51	3.75	144.94	0.53	62.59	2637.85	-3074.10	1824.15
Saccade L	1	47	6790275070	6790383063	107993	518.54	887.51	1008.67	701.31	13.99	391.90	0.22	129.56	15698.75	-11174.71	4941.16
Saccade R	1	47	6790275070	6790383063	107993	518.54	887.51	1008.67	701.31	13.99	391.90	0.22	129.56	15698.75	-11174.71	4941.16
Fixation L	1	34	6790383063	6790439087	56024	1011.72	740.65	5	49	-1	16.14	16.14
Fixation R	1	34	6790383063	6790439087	56024	1011.72	740.65	5	49	-1	16.41	16.41
Saccade L	1	48	6790439087	6790483047	43960	1014.84	741.17	1018.60	770.27	2.17	95.61	0.73	49.44	4004.85	-2779.84	1792.97
Saccade R	1	48	6790439087	6790483047	43960	1014.84	741.17	1018.60	770.27	2.17	95.61	0.73	49.44	4004.85	-2779.84	1792.97
Saccade L	1	49	6790483047	6790523026	39979	1018.60	770.27	1008.41	721.90	1.12	56.73	0.40	28.13	873.25	-2069.39	573.28
Saccade R	1	49	6790483047	6790523026	39979	1018.60	770.27	1008.41	721.90	1.12	56.73	0.40	28.13	873.25	-2069.39	573.28
Saccade L	1	50	6790523026	6790611060	88034	1008.41	721.90	1137.97	711.95	5.27	117.64	0.27	59.85	4475.57	-3592.50	1806.19
Saccade R	1	50	6790523026	6790611060	88034	1008.41	721.90	1137.97	711.95	5.27	117.64	0.27	59.85	4475.57	-3592.50	1806.19
Saccade L	1	51	6790611060	6790735048	123988	1137.97	711.95	622.14	822.27	14.99	357.25	0.55	120.87	15327.22	-14756.42	5560.74
Saccade R	1	51	6790611060	6790735048	123988	1137.97	711.95	622.14	822.27	14.99	357.25	0.55	120.87	15327.22	-14756.42	5560.74
Saccade L	1	52	6790735048	6790779061	44013	622.14	822.27	651.03	687.54	1.78	80.89	0.54	40.53	2658.48	-2382.27	1558.30
Saccade R	1	52	6790735048	6790779061	44013	622.14	822.27	651.03	687.54	1.78	80.89	0.54	40.53	2658.48	-2382.27	1558.30
Saccade L	1	53	6790779061	6790799050	19989	651.03	687.54	649.47	768.76	0.55	53.44	0.60	27.73	504.28	-1697.42	929.98
Saccade R	1	53	6790779061	6790799050	19989	651.03	687.54	649.47	768.76	0.55	53.44	0.60	27.73	504.28	-1697.42	929.98
Saccade L	1	54	6790883036	6790918985	35949	574.54	684.51	635.51	771.40	2.02	164.73	0.22	56.10	3751.52	-5471.07	2346.03
Saccade R	1	54	6790883036	6790918985	35949	574.54	684.51	635.51	771.40	2.02	164.73	0.22	56.10	3751.52	-5471.07	2346.03
Saccade L	1	55	6790918985	6790943047	24062	635.51	771.40	630.12	786.62	0.56	40.48	0.50	23.21	584.47	-1245.45	439.38
Saccade R	1	55	6790918985	6790943047	24062	635.51	771.40	630.12	786.62	0.56	40.48	0.50	23.21	584.47	-1245.45	439.38
Fixation L	1	35	6790943047	6791059068	116021	636.20	778.01	27	40	-1	16.30	16.30
Fixation R	1	35	6790943047	6791059068	116021	636.20	778.01	27	40	-1	16.18	16.18
Saccade L	1	56	6791059068	6791087036	27968	626.03	776.21	542.08	777.21	1.68	120.02	0.57	60.24	5429.49	-5542.72	4025.57
Saccade R	1	56	6791059068	6791087036	27968	626.03	776.21	542.08	777.21	1.68	120.02	0.57	60.24	5429.49	-5542.72	4025.57
Fixation L	1	36	6791087036	6791158970	71934	549.23	786.04	33	48	-1	16.03	16.03
Fixation R	1	36	6791087036	6791158970	71934	549.23	786.04	33	48	-1	16.51	16.51
Saccade L	1	57	6791195051	6791219061	24010	553.59	801.91	558.13	777.46	0.65	48.62	0.67	27.19	867.80	-1368.17	876.22
Saccade R	1	57	6791195051	6791219061	24010	553.59	801.91	558.13	777.46	0.65	48.62	0.67	27.19	867.80	-1368.17	876.22
Fixation L	1	37	6791219061	6791374936	155875	557.05	786.78	25	51	-1	15.64	15.64
Fixation R	1	37	6791219061	6791374936	155875	557.05	786.78	25	51	-1	16.37	16.37
Saccade L	1	58	6791374936	6791406938	32002	549.86	821.01	569.06	830.55	0.80	49.08	0.62	25.11	1213.22	-667.19	604.87
Saccade R	1	58	6791374936	6791406938	32002	549.86	821.01	569.06	830.55	0.80	49.08	0.62	25.11	1213.22	-667.19	604.87
Saccade L	1	59	6791406938	6791438920	31982	569.06	830.55	561.81	880.69	0.84	49.60	0.38	26.28	587.71	-1599.41	671.89
Saccade R	1	59	6791406938	6791438920	31982	569.06	830.55	561.81	880.69	0.84	49.60	0.38	26.28	587.71	-1599.41	671.89
Fixation L	1	38	6791438920	6791490957	52037	561.97	866.34	3	38	-1	15.77	15.77
Fixation R	1	38	6791438920	6791490957	52037	561.97	866.34	3	38	-1	16.32	16.32
Saccade L	1	60	6791526990	6791570925	43935	553.24	894.92	570.72	862.45	1.56	71.37	0.27	35.45	2007.41	-1776.48	1273.55
Saccade R	1	60	6791526990	6791570925	43935	553.24	894.92	570.72	862.45	1.56	71.37	0.27	35.45	2007.41	-1776.48	1273.55
Fixation L	1	39	6791570925	6791694951	124026	557.78	852.04	25	50	-1	15.72	15.72
Fixation R	1	39	6791570925	6791694951	124026	557.78	852.04	25	50	-1	16.30	16.30
Saccade L	1	61	6791694951	6791742947	47996	560.45	850.18	557.81	991.42	2.97	181.80	0.50	61.97	7541.93	-5670.23	3500.79
Saccade R	1	61	6791694951	6791742947	47996	560.45	850.18	557.81	991.42	2.97	181.80	0.50	61.97	7541.93	-5670.23	3500.79
Fixation L	1	40	6791742947	6791826963	84016	551.78	970.91	12	31	-1	15.42	15.42
Fixation R	1	40	6791742947	6791826963	84016	551.78	970.91	12	31	-1	16.44	16.44
Saccade L	1	62	6791826963	6791854929	27966	547.97	965.80	551.64	937.08	0.77	51.80	0.43	27.61	2431.98	-1488.84	1197.38
Saccade R	1	62	6791826963	6791854929	27966	547.97	965.80	551.64	937.08	0.77	51.80	0.43	27.61	2431.98	-1488.84	1197.38
Fixation L	1	41	6791926959	6791978944	51985	546.76	963.30	14	23	-1	15.66	15.66
Fixation R	1	41	6791926959	6791978944	51985	546.76	963.30	14	23	-1	16.40	16.40
Saccade L	1	63	6792086962	6792118882	31920	550.15	947.38	564.30	915.93	1.12	77.14	0.50	35.20	1956.00	-2779.72	1714.57
Saccade R	1	63	6792086962	6792118882	31920	550.15	947.38	564.30	915.93	1.12	77.14	0.50	35.20	1956.00	-2779.72	1714.57
Saccade L	1	64	6792146938	6792202953	56015	572.56	913.56	557.99	881.13	2.43	105.44	0.57	43.42	3148.41	-2659.69	1932.64
Saccade R	1	64	6792146938	6792202953	56015	572.56	913.56	557.99	881.13	2.43	105.44	0.57	43.42	3148.41	-2659.69	1932.64
Saccade L	1	65	6792226948	6792314943	87995	571.10	900.14	1073.46	813.09	12.24	351.13	0.41	139.07	15835.83	-11833.06	6523.48
Saccade R	1	65	6792226948	6792314943	87995	571.10	900.14	1073.46	813.09	12.24	351.13	0.41	139.07	15835.83	-11833.06	6523.48
Fixation L	1	42	6792314943	6792398961	84018	1088.75	815.15	28	27	-1	15.93	15.93
Fixation R	1	42	6792314943	6792398961	84018	1088.75	815.15	28	27	-1	16.20	16.20
Saccade L	1	66	6792398961	6792430972	32011	1099.50	801.60	1089.31	843.42	1.43	104.89	0.38	44.64	4340.90	-3671.76	2394.56
Saccade R	1	66	6792398961	6792430972	32011	1099.50	801.60	1089.31	843.42	1.43	104.89	0.38	44.64	4340.90	-3671.76	2394.56
Saccade L	1	67	6792439003	6792490964	51961	1088.60	850.88	1095.28	817.08	1.17	44.54	0.38	22.49	1399.51	-1178.45	787.84
Saccade R	1	67	6792439003	6792490964	51961	1088.60	850.88	1095.28	817.08	1.17	44.54	0.38	22.49	1399.51	-1178.45	787.84
Saccade L	1	68	6792510952	6792550852	39900	1094.58	831.49	1107.69	820.01	0.91	40.91	0.30	22.80	821.47	-1237.57	736.86
Saccade R	1	68	6792510952	6792550852	39900	1094.58	831.49	1107.69	820.01	0.91	40.91	0.30	22.80	821.47	-1237.57	736.86
Saccade L	1	69	6792578943	6792606965	28022	1117.49	821.98	1119.25	819.13	1.30	73.48	0.29	46.57	3307.77	-2906.54	2376.25
Saccade R	1	69	6792578943	6792606965	28022	1117.49	821.98	1119.25	819.13	1.30	73.48	0.29	46.57	3307.77	-2906.54	2376.25
Fixation L	1	43	6792606965	6792658947	51982	1117.93	809.75	7	42	-1	15.97	15.97
Fixation R	1	43	6792606965	6792658947	51982	1117.93	809.75	7	42	-1	16.02	16.02
Saccade L	1	70	6792658947	6792770824	111877	1116.59	819.48	583.76	937.16	13.90	367.43	0.32	124.21	15137.53	-11676.34	5263.47
Saccade R	1	70	6792658947	6792770824	111877	1116.59	819.48	583.76	937.16	13.90	367.43	0.32	124.21	15137.53	-11676.34	5263.47
Fixation L	1	44	6792834842	6792910827	75985	584.02	930.17	6	36	-1	14.84	14.84
Fixation R	1	44	6792834842	6792910827	75985	584.02	930.17	6	36	-1	15.99	15.99
Saccade L	1	71	6792910827	6793002866	92039	581.75	937.01	1062.98	762.52	11.89	424.89	0.22	129.23	18600.23	-15218.67	6836.51
Saccade R	1	71	6792910827	6793002866	92039	581.75	937.01	1062.98	762.52	11.89	424.89	0.22	129.23	18600.23	-15218.67	6836.51
Fixation L	1	45	6793002866	6793130844	127978	1068.42	774.12	10	21	-1	15.71	15.71
Fixation R	1	45	6793002866	6793130844	127978	1068.42	774.12	10	21	-1	16.14	16.14
Saccade L	1	72	6793130844	6793178865	48021	1073.00	781.09	1118.58	858.77	2.08	114.10	0.25	43.21	5146.76	-4427.17	2689.32
Saccade R	1	72	6793130844	6793178865	48021	1073.00	781.09	1118.58	858.77	2.08	114.10	0.25	43.21	5146.76	-4427.17	2689.32
Fixation L	1	46	6793178865	6793250850	71985	1114.90	854.23	14	13	-1	16.12	16.12
Fixation R	1	46	6793178865	6793250850	71985	1114.90	854.23	14	13	-1	16.45	16.45
Saccade L	1	73	6793250850	6793306858	56008	1108.51	851.71	1056.84	910.66	2.42	81.65	0.57	43.15	3069.69	-3042.32	1875.19
Saccade R	1	73	6793250850	6793306858	56008	1108.51	851.71	1056.84	910.66	2.42	81.65	0.57	43.15	3069.69	-3042.32	1875.19
Fixation L	1	47	6793306858	6793422838	115980	1055.00	901.68	20	40	-1	16.41	16.41
Fixation R	1	47	6793306858	6793422838	115980	1055.00	901.68	20	40	-1	16.70	16.70
Fixation L	1	48	6793482850	6793982857	500007	0.00	0.00	0	0	-1	7.65	7.65
Fixation R	1	48	6793482850	6793982857	500007	0.00	0.00	0	0	-1	11.17	11.17
UserEvent	1	2	6794955973	# Message: UE-keypress D3
Saccade L	1	74	6795117422	6795141445	24023	1009.16	755.64	1014.89	779.01	0.64	57.29	0.50	26.52	1675.46	-1780.90	1201.91
Saccade R	1	74	6795117422	6795141445	24023	1009.16	755.64	1014.89	779.01	0.64	57.29	0.50	26.52	1675.46	-1780.90	1201.91
Fixation L	1	49	6795141445	6795373420	231975	995.70	753.85	46	52	-1	19.48	19.48
Fixation R	1	49	6795141445	6795373420	231975	995.70	753.85	46	52	-1	20.17	20.17
Saccade R	1	75	6795373420	6795449405	75985	975.10	749.89	601.87	510.00	10.15	344.61	0.58	133.54	16291.69	-8319.91	5491.16
Saccade R	1	76	6795461425	6795537409	75984	581.34	688.23	556.03	679.77	6.52	203.48	0.42	85.84	3644.50	-9078.94	2788.90
Fixation L	1	50	6795537409	6795765428	228019	554.40	686.59	18	27	-1	18.46	18.46
Fixation R	1	50	6795537409	6795765428	228019	554.40	686.59	18	27	-1	18.21	18.21
Saccade L	1	75	6795765428	6795817332	51904	552.83	694.50	535.23	525.88	3.60	194.13	0.38	69.44	8656.12	-7732.01	4677.50
Saccade R	1	77	6795765428	6795817332	51904	552.83	694.50	535.23	525.88	3.60	194.13	0.38	69.44	8656.12	-7732.01	4677.50
Fixation L	1	51	6795817332	6796077314	259982	551.93	513.64	37	41	-1	17.52	17.52
Fixation R	1	51	6795817332	6796077314	259982	551.93	513.64	37	41	-1	17.43	17.43
Saccade L	1	76	6796077314	6796169456	92142	561.12	493.17	371.04	434.19	4.96	190.63	0.35	53.88	8490.00	-6225.33	2954.38
Saccade R	1	78	6796077314	6796169456	92142	561.12	493.17	371.04	434.19	4.96	190.63	0.35	53.88	8490.00	-6225.33	2954.38
Fixation L	1	52	6796169456	6796381334	211878	372.00	438.40	9	24	-1	17.19	17.19
Fixation R	1	52	6796169456	6796381334	211878	372.00	438.40	9	24	-1	16.51	16.51
Saccade L	1	77	6796381334	6796445312	63978	371.59	428.32	435.47	520.67	2.74	138.61	0.25	42.76	6152.51	-5214.00	2604.17
Saccade R	1	79	6796381334	6796445312	63978	371.59	428.32	435.47	520.67	2.74	138.61	0.25	42.76	6152.51	-5214.00	2604.17
Fixation L	1	53	6796445312	6796545327	100015	432.62	514.83	12	9	-1	16.78	16.78
Fixation R	1	53	6796445312	6796545327	100015	432.62	514.83	12	9	-1	16.93	16.93
Saccade L	1	78	6796545327	6796613336	68009	427.38	513.39	992.70	494.47	12.88	402.86	0.29	189.40	19242.97	-12285.09	9264.03
Saccade R	1	80	6796545327	6796613336	68009	427.38	513.39	992.70	494.47	12.88	402.86	0.29	189.40	19242.97	-12285.09	9264.03
Fixation L	1	54	6796613336	6796785312	171976	1001.38	499.78	16	19	-1	17.20	17.20
Fixation R	1	54	6796613336	6796785312	171976	1001.38	499.78	16	19	-1	17.32	17.32
UserEvent	1	3	6796715863	# Message: UE-keypress D3
Saccade L	1	79	6796785312	6796853315	68003	998.82	506.33	1185.47	516.84	4.66	177.63	0.59	68.53	7952.80	-7869.59	4279.73
Saccade R	1	81	6796785312	6796853315	68003	998.82	506.33	1185.47	516.84	4.66	177.63	0.59	68.53	7952.80	-7869.59	4279.73
Fixation L	1	55	6796853315	6796989349	136034	1185.25	522.84	10	16	-1	17.59	17.59
Fixation R	1	55	6796853315	6796989349	136034	1185.25	522.84	10	16	-1	17.64	17.64
Saccade L	1	80	6796989349	6797025329	35980	1180.24	526.02	1189.14	542.19	0.88	41.58	0.33	24.35	3021.03	-600.44	964.19
Saccade R	1	82	6796989349	6797025329	35980	1180.24	526.02	1189.14	542.19	0.88	41.58	0.33	24.35	3021.03	-600.44	964.19
Saccade L	1	81	6797025329	6797085325	59996	1189.14	542.19	795.93	404.13	9.43	416.09	0.40	157.12	19654.98	-14563.67	9848.98
Saccade R	1	83	6797025329	6797085325	59996	1189.14	542.19	795.93	404.13	9.43	416.09	0.40	157.12	19654.98	-14563.67	9848.98
Fixation L	1	56	6797085325	6797389342	304017	779.65	410.11	30	36	-1	17.37	17.37
Fixation R	1	56	6797085325	6797389342	304017	779.65	410.11	30	36	-1	17.19	17.19
Saccade L	1	82	6797489337	6797533225	43888	990.23	560.59	1020.67	551.31	0.86	44.80	0.73	19.50	1014.88	-702.56	346.98
Saccade R	1	84	6797489337	6797533225	43888	990.23	560.59	1020.67	551.31	0.86	44.80	0.73	19.50	1014.88	-702.56	346.98
Saccade L	1	83	6797533225	6797557222	23997	1020.67	551.31	997.07	543.24	0.66	53.11	0.67	27.53	1404.24	-1803.33	1028.84
Saccade R	1	85	6797533225	6797557222	23997	1020.67	551.31	997.07	543.24	0.66	53.11	0.67	27.53	1404.24	-1803.33	1028.84
Fixation L	1	57	6797557222	6797617199	59977	997.06	552.47	11	13	-1	17.64	17.64
Fixation R	1	57	6797557222	6797617199	59977	997.06	552.47	11	13	-1	17.29	17.29
Saccade L	1	84	6797617199	6797665225	48026	995.45	544.58	1058.90	725.44	4.49	195.30	0.33	93.59	8747.12	-6447.15	4866.04
Saccade R	1	86	6797617199	6797665225	48026	995.45	544.58	1058.90	725.44	4.49	195.30	0.33	93.59	8747.12	-6447.15	4866.04
Fixation L	1	58	6797665225	6797813207	147982	1062.36	746.46	18	32	-1	17.46	17.46
Fixation R	1	58	6797665225	6797813207	147982	1062.36	746.46	18	32	-1	17.31	17.31
Saccade L	1	85	6797813207	6797885238	72031	1068.70	757.50	1013.26	679.49	2.24	77.63	0.72	31.16	2696.96	-3462.10	1474.16
Saccade R	1	87	6797813207	6797885238	72031	1068.70	757.50	1013.26	679.49	2.24	77.63	0.72	31.16	2696.96	-3462.10	1474.16
Fixation L	1	59	6797885238	6797973232	87994	1012.54	671.89	9	18	-1	17.45	17.45
Fixation R	1	59	6797885238	6797973232	87994	1012.54	671.89	9	18	-1	17.40	17.40
Saccade L	1	86	6797973232	6798069227	95995	1008.44	674.64	782.12	110.63	13.89	511.32	0.29	144.68	24776.94	-12889.34	8018.01
Saccade R	1	88	6797973232	6798069227	95995	1008.44	674.64	782.12	110.63	13.89	511.32	0.29	144.68	24776.94	-12889.34	8018.01
Fixation L	1	60	6798069227	6798429232	360005	782.06	125.87	20	28	-1	16.45	16.45
Fixation R	1	60	6798069227	6798429232	360005	782.06	125.87	20	28	-1	16.24	16.24
Saccade L	1	87	6798429232	6798489107	59875	781.18	118.07	290.04	174.52	10.71	366.60	0.40	178.85	17276.72	-9613.55	9257.71
Saccade R	1	89	6798429232	6798489107	59875	781.18	118.07	290.04	174.52	10.71	366.60	0.40	178.85	17276.72	-9613.55	9257.71
Fixation L	1	61	6798489107	6798617241	128134	288.06	174.79	24	10	-1	16.62	16.62
Fixation R	1	61	6798489107	6798617241	128134	288.06	174.79	24	10	-1	16.15	16.15
Saccade L	1	88	6798617241	6798653221	35980	281.89	170.41	184.36	172.61	2.56	216.85	0.44	71.19	8572.44	-7723.87	5378.34
Saccade R	1	90	6798617241	6798653221	35980	281.89	170.41	184.36	172.61	2.56	216.85	0.44	71.19	8572.44	-7723.87	5378.34
Saccade L	1	89	6798653221	6798737231	84010	184.36	172.61	832.03	102.92	15.06	453.39	0.29	179.26	21686.45	-12039.56	8217.02
Saccade R	1	91	6798653221	6798737231	84010	184.36	172.61	832.03	102.92	15.06	453.39	0.29	179.26	21686.45	-12039.56	8217.02
Fixation L	1	62	6798737231	6798957116	219885	830.58	102.42	25	17	-1	16.56	16.56
Fixation R	1	62	6798737231	6798957116	219885	830.58	102.42	25	17	-1	16.42	16.42
Saccade L	1	90	6798957116	6799045116	88000	831.15	110.58	459.38	603.38	14.05	419.69	0.27	159.69	20376.00	-12972.16	7724.21
Saccade R	1	92	6798957116	6799045116	88000	831.15	110.58	459.38	603.38	14.05	419.69	0.27	159.69	20376.00	-12972.16	7724.21
Fixation L	1	63	6799045116	6799257130	212014	456.04	606.92	20	22	-1	16.85	16.85
Fixation R	1	63	6799045116	6799257130	212014	456.04	606.92	20	22	-1	16.49	16.49
Saccade L	1	91	6799257130	6799305158	48028	461.04	619.54	400.01	423.51	4.44	236.69	0.42	92.46	10873.84	-9761.62	6523.27
Saccade R	1	93	6799257130	6799305158	48028	461.04	619.54	400.01	423.51	4.44	236.69	0.42	92.46	10873.84	-9761.62	6523.27
Fixation L	1	64	6799305158	6799617137	311979	382.92	420.32	32	20	-1	16.44	16.44
Fixation R	1	64	6799305158	6799617137	311979	382.92	420.32	32	20	-1	16.15	16.15
Saccade L	1	92	6799617137	6799689077	71940	390.12	416.52	675.63	377.54	6.49	260.95	0.22	90.17	12665.02	-8181.91	5111.84
Saccade R	1	94	6799617137	6799689077	71940	390.12	416.52	675.63	377.54	6.49	260.95	0.22	90.17	12665.02	-8181.91	5111.84
Fixation L	1	65	6799689077	6799905146	216069	683.51	374.52	39	34	-1	16.05	16.05
Fixation R	1	65	6799689077	6799905146	216069	683.51	374.52	39	34	-1	15.94	15.94
Saccade L	1	93	6799905146	6799929084	23938	667.84	359.70	636.74	316.88	0.73	54.16	0.33	30.38	1787.02	16.99	840.98
Saccade R	1	95	6799905146	6799929084	23938	667.84	359.70	636.74	316.88	0.73	54.16	0.33	30.38	1787.02	16.99	840.98
Saccade L	1	94	6799929084	6799949128	20044	636.74	316.88	688.36	347.69	0.69	42.70	0.60	34.39	1025.62	-2072.15	956.95
Saccade R	1	96	6799929084	6799949128	20044	636.74	316.88	688.36	347.69	0.69	42.70	0.60	34.39	1025.62	-2072.15	956.95
Saccade L	1	95	6800233102	6800309162	76060	1060.32	625.14	1001.18	713.90	4.68	249.30	0.37	61.47	10650.19	-7563.98	3295.03
Saccade R	1	97	6800233102	6800309162	76060	1060.32	625.14	1001.18	713.90	4.68	249.30	0.37	61.47	10650.19	-7563.98	3295.03
Saccade L	1	96	6800309162	6800337014	27852	1001.18	713.90	1044.25	731.65	0.87	47.48	0.43	31.32	1005.16	-1011.96	678.75
Saccade R	1	98	6800309162	6800337014	27852	1001.18	713.90	1044.25	731.65	0.87	47.48	0.43	31.32	1005.16	-1011.96	678.75
Saccade L	1	97	6800337014	6800469027	132013	1044.25	731.65	528.84	747.40	18.56	371.78	0.67	140.62	12611.44	-14434.56	4917.95
Saccade R	1	99	6800337014	6800469027	132013	1044.25	731.65	528.84	747.40	18.56	371.78	0.67	140.62	12611.44	-14434.56	4917.95
Saccade L	1	98	6800509011	6800545018	36007	509.07	714.71	525.55	697.23	1.10	61.15	0.67	30.51	2013.12	-2305.58	1127.58
Saccade R	1	100	6800509011	6800545018	36007	509.07	714.71	525.55	697.23	1.10	61.15	0.67	30.51	2013.12	-2305.58	1127.58
Fixation L	1	66	6800545018	6800621052	76034	524.56	692.59	10	51	-1	15.58	15.58
Fixation R	1	66	6800545018	6800621052	76034	524.56	692.59	10	51	-1	15.97	15.97
Saccade L	1	99	6800669018	6800825045	156027	512.42	670.06	914.55	1043.93	24.42	366.79	0.69	156.49	12021.90	-11995.63	5909.03
Saccade R	1	101	6800669018	6800825045	156027	512.42	670.06	914.55	1043.93	24.42	366.79	0.69	156.49	12021.90	-11995.63	5909.03
Saccade L	1	100	6800825045	6800861031	35986	914.55	1043.93	918.00	1046.42	3.96	234.87	0.67	109.99	6829.36	-5169.70	4441.34
Saccade R	1	102	6800825045	6800861031	35986	914.55	1043.93	918.00	1046.42	3.96	234.87	0.67	109.99	6829.36	-5169.70	4441.34
Saccade L	1	101	6800861031	6800881035	20004	918.00	1046.42	930.54	1034.84	1.20	119.13	0.40	59.80	-2043.80	-5169.70	3651.87
Saccade R	1	103	6800861031	6800881035	20004	918.00	1046.42	930.54	1034.84	1.20	119.13	0.40	59.80	-2043.80	-5169.70	3651.87
Saccade L	1	102	6800881035	6800929021	47986	930.54	1034.84	930.76	1044.09	1.90	84.01	0.67	39.52	2444.71	-3865.42	2041.98
Saccade R	1	104	6800881035	6800929021	47986	930.54	1034.84	930.76	1044.09	1.90	84.01	0.67	39.52	2444.71	-3865.42	2041.98
Saccade L	1	103	6801001045	6801089046	88001	921.49	906.59	803.78	506.48	13.20	393.83	0.36	149.99	13439.72	-10473.48	6534.38
Saccade R	1	105	6801001045	6801089046	88001	921.49	906.59	803.78	506.48	13.20	393.83	0.36	149.99	13439.72	-10473.48	6534.38
Fixation L	1	67	6801089046	6801333050	244004	796.19	515.35	18	34	-1	15.82	15.82
Fixation R	1	67	6801089046	6801333050	244004	796.19	515.35	18	34	-1	15.58	15.58
Saccade L	1	104	6801333050	6801373031	39981	799.47	526.06	847.50	511.58	1.00	43.67	0.30	25.13	1878.47	-1258.72	925.06
Saccade R	1	106	6801333050	6801373031	39981	799.47	526.06	847.50	511.58	1.00	43.67	0.30	25.13	1878.47	-1258.72	925.06
Saccade L	1	105	6801381045	6801432992	51947	850.06	506.62	942.46	491.40	3.01	123.17	0.54	57.89	4105.29	-5305.98	3133.39
Saccade R	1	107	6801381045	6801432992	51947	850.06	506.62	942.46	491.40	3.01	123.17	0.54	57.89	4105.29	-5305.98	3133.39
Fixation L	1	68	6801432992	6801656966	223974	944.44	473.48	24	29	-1	15.97	15.97
Fixation R	1	68	6801432992	6801656966	223974	944.44	473.48	24	29	-1	15.59	15.59
Saccade L	1	106	6801656966	6801736935	79969	959.54	472.70	632.68	168.38	11.12	370.89	0.45	139.03	15036.27	-15659.73	6516.22
Saccade R	1	108	6801656966	6801736935	79969	959.54	472.70	632.68	168.38	11.12	370.89	0.45	139.03	15036.27	-15659.73	6516.22
Fixation L	1	69	6801736935	6801936916	199981	632.27	177.56	13	24	-1	16.37	16.37
Fixation R	1	69	6801736935	6801936916	199981	632.27	177.56	13	24	-1	15.77	15.77
Fixation L	1	70	6802032941	6802268942	236001	827.19	87.81	22	37	-1	16.32	16.32
Fixation R	1	70	6802032941	6802268942	236001	827.19	87.81	22	37	-1	15.77	15.77
Saccade L	1	107	6802268942	6802340925	71983	839.25	96.80	1034.79	692.30	13.81	340.25	0.33	191.85	14757.75	-10043.95	7049.49
Saccade R	1	109	6802268942	6802340925	71983	839.25	96.80	1034.79	692.30	13.81	340.25	0.33	191.85	14757.75	-10043.95	7049.49
Fixation L	1	71	6802340925	6802580939	240014	1044.75	698.10	18	31	-1	16.44	16.44
Fixation R	1	71	6802340925	6802580939	240014	1044.75	698.10	18	31	-1	16.28	16.28
Saccade L	1	108	6802580939	6802616895	35956	1054.33	703.01	986.65	544.85	3.75	267.51	0.45	104.20	12345.18	-12378.62	8431.36
Saccade R	1	110	6802580939	6802616895	35956	1054.33	703.01	986.65	544.85	3.75	267.51	0.45	104.20	12345.18	-12378.62	8431.36
Fixation L	1	72	6802616895	6802864956	248061	976.94	523.89	26	51	-1	16.41	16.41
Fixation R	1	72	6802616895	6802864956	248061	976.94	523.89	26	51	-1	16.06	16.06
Saccade L	1	109	6802864956	6802904900	39944	964.78	516.16	970.22	476.59	1.35	59.19	0.50	33.87	1666.38	-1162.23	866.41
Saccade R	1	111	6802864956	6802904900	39944	964.78	516.16	970.22	476.59	1.35	59.19	0.50	33.87	1666.38	-1162.23	866.41
Saccade L	1	110	6802904900	6803072940	168040	970.22	476.59	864.07	792.12	87.97	2191.61	0.69	523.49	58736.23	-52750.79	16694.16
Saccade R	1	112	6802904900	6803072940	168040	970.22	476.59	864.07	792.12	87.97	2191.61	0.69	523.49	58736.23	-52750.79	16694.16
Fixation L	1	73	6803228979	6803404850	175871	0.00	0.00	0	0	-1	16.58	16.58
Fixation R	1	73	6803228979	6803404850	175871	0.00	0.00	0	0	-1	14.83	14.83
Saccade L	1	111	6803404850	6803428861	24011	0.00	0.00	807.95	1135.44	27.60	2678.59	0.50	1149.60	111693.08	-111340.72	84197.38
Saccade R	1	113	6803404850	6803428861	24011	0.00	0.00	807.95	1135.44	27.60	2678.59	0.50	1149.60	111693.08	-111340.72	84197.38
Saccade L	1	112	6803456853	6803480847	23994	810.99	1127.91	0.00	0.00	27.49	2668.72	0.50	1145.90	111066.35	-111312.35	83961.32
Saccade R	1	114	6803456853	6803480847	23994	810.99	1127.91	0.00	0.00	27.49	2668.72	0.50	1145.90	111066.35	-111312.35	83961.32
Fixation L	1	74	6803480847	6803720870	240023	0.00	0.00	0	0	-1	11.85	11.85
Fixation R	1	74	6803480847	6803720870	240023	0.00	0.00	0	0	-1	13.56	13.29
Saccade L	1	113	6803720870	6803812832	91962	0.00	0.00	755.43	598.24	46.45	1803.79	0.35	505.15	43213.56	-50216.17	19965.85
Saccade R	1	115	6803720870	6803812832	91962	0.00	0.00	755.43	598.24	46.45	1803.79	0.35	505.15	43213.56	-50216.17	19965.85
Saccade L	1	114	6803812832	6803892870	80038	755.43	598.24	560.93	698.84	7.04	256.64	0.35	88.00	9861.42	-8660.83	4433.05
Saccade R	1	116	6803812832	6803892870	80038	755.43	598.24	560.93	698.84	7.04	256.64	0.35	88.00	9861.42	-8660.83	4433.05
Saccade L	1	115	6803892870	6803924843	31973	560.93	698.84	565.89	546.02	3.25	242.32	0.62	101.80	10803.46	-11633.23	7162.87
Saccade R	1	117	6803892870	6803924843	31973	560.93	698.84	565.89	546.02	3.25	242.32	0.62	101.80	10803.46	-11633.23	7162.87
Fixation L	1	75	6803924843	6804124855	200012	572.37	546.66	16	20	-1	17.73	17.73
Fixation R	1	75	6803924843	6804124855	200012	572.37	546.66	16	20	-1	17.51	17.51
Saccade L	1	116	6804124855	6804176871	52016	574.63	551.26	592.64	459.80	2.22	150.79	0.23	42.69	6104.07	-5859.43	2772.02
Saccade R	1	118	6804124855	6804176871	52016	574.63	551.26	592.64	459.80	2.22	150.79	0.23	42.69	6104.07	-5859.43	2772.02
Fixation L	1	76	6804176871	6804292861	115990	597.20	448.07	13	20	-1	17.51	17.51
Fixation R	1	76	6804176871	6804292861	115990	597.20	448.07	13	20	-1	17.15	17.15
Saccade L	1	117	6804292861	6804344802	51941	598.65	437.92	394.78	444.46	4.43	263.31	0.38	85.23	12880.93	-12421.53	6600.67
Saccade R	1	119	6804292861	6804344802	51941	598.65	437.92	394.78	444.46	4.43	263.31	0.38	85.23	12880.93	-12421.53	6600.67
Fixation L	1	77	6804344802	6804996766	651964	102.52	109.50	822	1051	-1	13.34	13.34
Fixation R	1	77	6804344802	6804412849	68047	387.11	434.25	17	16	-1	16.44	16.44
Fixation R	1	78	6804512850	6804996766	483916	0.00	0.00	0	0	-1	13.41	13.41
Saccade L	1	118	6804996766	6805044759	47993	0.00	0.00	811.40	1095.19	48.48	2623.91	0.25	1010.24	109428.52	-62440.96	48047.54
Saccade R	1	120	6804996766	6805044759	47993	0.00	0.00	811.40	1095.19	48.48	2623.91	0.25	1010.24	109428.52	-62440.96	48047.54
Saccade L	1	119	6805052736	6805076735	23999	810.91	1093.89	0.00	0.00	26.96	2617.10	0.50	1123.35	109059.34	-109138.30	79047.21
Saccade R	1	121	6805052736	6805076735	23999	810.91	1093.89	0.00	0.00	26.96	2617.10	0.50	1123.35	109059.34	-109138.30	79047.21
Fixation L	1	78	6805076735	6805704773	628038	0.00	0.00	0	0	-1	13.20	13.20
Fixation R	1	79	6805076735	6805704773	628038	0.00	0.00	0	0	-1	14.03	14.03
Saccade L	1	120	6805704773	6805728764	23991	0.00	0.00	807.30	1093.54	26.87	2604.86	0.50	1120.17	108748.87	-46342.37	54376.19
Saccade R	1	122	6805704773	6805728764	23991	0.00	0.00	807.30	1093.54	26.87	2604.86	0.50	1120.17	108748.87	-46342.37	54376.19
Saccade L	1	121	6805728764	6805760763	31999	807.30	1093.54	808.02	1099.83	40.37	2619.48	0.75	1261.75	62323.26	-46329.82	31099.36
Saccade R	1	123	6805728764	6805760763	31999	807.30	1093.54	808.02	1099.83	40.37	2619.48	0.75	1261.75	62323.26	-46329.82	31099.36
Saccade L	1	122	6805760763	6805780783	20020	808.02	1099.83	0.00	0.00	23.36	2621.96	0.40	1166.86	23416.59	-109330.49	57261.37
Saccade R	1	124	6805760763	6805780783	20020	808.02	1099.83	0.00	0.00	23.36	2621.96	0.40	1166.86	23416.59	-109330.49	57261.37
Fixation L	1	79	6805780783	6806164652	383869	0.00	0.00	0	0	-1	11.43	11.43
Fixation R	1	80	6805780783	6806164652	383869	0.00	0.00	0	0	-1	12.03	12.03
