[BeGaze]
Converted from:	D:\Kirillov\Results\ermolova_temp\Polina 03-eye_data.idf
Date:	17.04.2019 03:52:46
Version:	BeGaze 3.0.181
Sample Rate:	250
Subject:	Polina 03
Description:	Run13

Table Header for Fixations:
Event Type	Trial	Number	Start	End	Duration	Location X	Location Y	Dispersion X	Dispersion Y	Plane	Avg. Pupil Size X	Avg. Pupil Size Y

Table Header for Saccades:
Event Type	Trial	Number	Start	End	Duration	Start Loc.X	Start Loc.Y	End Loc.X	End Loc.Y	Amplitude	Peak Speed	Peak Speed At	Average Speed	Peak Accel.	Peak Decel.	Average Accel.

Table Header for User Events:
Event Type	Trial	Number	Start	Description

UserEvent	1	1	3316415923	# Message: experiment-14.jpg
Saccade L	1	1	3316416240	3316440045	23805	385.54	431.71	449.92	401.71	1.41	116.66	0.49	59.16	0.00	-5069.70	1816.80
Saccade R	1	1	3316416240	3316440045	23805	385.54	431.71	449.92	401.71	1.41	116.66	0.49	59.16	0.00	-5069.70	1816.80
Fixation L	1	1	3316440045	3316767494	327449	448.82	399.11	34	38	-1	11.16	11.16
Fixation R	1	1	3316440045	3316767494	327449	448.82	399.11	34	38	-1	10.49	10.49
Saccade L	1	2	3316767494	3316819502	52008	441.51	381.93	934.79	554.16	11.42	403.69	0.31	219.60	19423.85	-14790.42	11497.25
Saccade R	1	2	3316767494	3316819502	52008	441.51	381.93	934.79	554.16	11.42	403.69	0.31	219.60	19423.85	-14790.42	11497.25
Fixation L	1	2	3316819502	3316995506	176004	961.29	577.55	38	31	-1	11.00	11.00
Fixation R	1	2	3316819502	3316995506	176004	961.29	577.55	38	31	-1	10.89	10.89
Fixation L	1	3	3317055646	3317119512	63866	0.00	0.00	0	0	-1	12.42	12.42
Fixation L	1	4	3317195497	3317399539	204042	525.33	265.21	20	23	-1	10.64	10.64
Fixation R	1	3	3317195497	3317399539	204042	525.33	265.21	20	23	-1	9.86	9.86
Saccade L	1	3	3317399539	3317439517	39978	538.19	258.28	466.11	397.12	3.33	164.80	0.40	83.39	7876.37	-7355.60	5478.28
Saccade R	1	3	3317399539	3317439517	39978	538.19	258.28	466.11	397.12	3.33	164.80	0.40	83.39	7876.37	-7355.60	5478.28
Fixation L	1	5	3317439517	3317663499	223982	276.74	241.24	611	795	-1	9.26	9.26
Fixation R	1	4	3317439517	3317539502	99985	471.13	405.58	14	10	-1	9.89	9.89
Fixation L	1	6	3317743511	3317907553	164042	445.27	177.54	21	19	-1	10.73	10.73
Fixation R	1	5	3317743511	3317907553	164042	445.27	177.54	21	19	-1	10.02	10.02
Saccade L	1	4	3317907553	3317927516	19963	459.29	167.99	451.79	137.19	0.73	67.46	0.60	36.58	2541.11	-2198.79	1582.84
Saccade R	1	4	3317907553	3317927516	19963	459.29	167.99	451.79	137.19	0.73	67.46	0.60	36.58	2541.11	-2198.79	1582.84
Fixation L	1	7	3317927516	3318131533	204017	440.48	112.40	21	53	-1	10.89	10.89
Fixation R	1	6	3317927516	3318131533	204017	440.48	112.40	21	53	-1	10.29	10.29
Saccade L	1	5	3318131533	3318175389	43856	439.39	90.84	0.00	2.42	22.63	1498.07	0.73	515.90	51102.50	-69455.28	33907.79
Fixation L	1	8	3318175389	3318251402	76013	0.00	0.33	0	2	-1	11.29	11.29
Fixation L	1	9	3318351396	3318439380	87984	896.54	475.22	16	15	-1	11.02	11.02
Fixation R	1	7	3318351396	3318439380	87984	896.54	475.22	16	15	-1	10.81	10.81
Fixation L	1	10	3318687415	3318815394	127979	215.51	124.70	919	868	-1	9.38	9.35
Saccade L	1	6	3318815394	3318867395	52001	0.00	0.00	386.78	134.23	15.30	895.07	0.23	294.16	40947.14	-34960.44	19227.92
Fixation L	1	11	3318867395	3319055403	188008	160.46	69.77	487	324	-1	8.72	8.72
Fixation R	1	8	3318867395	3318919390	51995	386.59	156.57	18	32	-1	10.98	10.98
Saccade L	1	7	3319127418	3319159417	31999	446.12	191.07	457.82	230.86	0.91	42.04	0.62	28.36	879.46	-1109.45	755.72
Saccade R	1	5	3319127418	3319159417	31999	446.12	191.07	457.82	230.86	0.91	42.04	0.62	28.36	879.46	-1109.45	755.72
Fixation L	1	12	3319159417	3319219413	59996	460.32	237.00	12	13	-1	12.26	12.26
Fixation R	1	9	3319159417	3319219413	59996	460.32	237.00	12	13	-1	11.35	11.35
Saccade L	1	8	3319219413	3319255394	35981	451.72	226.83	463.99	404.97	3.75	261.60	0.33	104.19	12046.51	-11806.83	7775.66
Saccade R	1	6	3319219413	3319255394	35981	451.72	226.83	463.99	404.97	3.75	261.60	0.33	104.19	12046.51	-11806.83	7775.66
Fixation L	1	13	3319255394	3319391389	135995	467.93	412.77	12	12	-1	12.35	12.35
Fixation R	1	10	3319255394	3319391389	135995	467.93	412.77	12	12	-1	11.81	11.81
Saccade L	1	9	3319391389	3319447393	56004	458.88	415.16	959.53	580.47	12.06	421.36	0.29	215.42	19310.63	-16197.22	10332.51
Saccade R	1	7	3319391389	3319447393	56004	458.88	415.16	959.53	580.47	12.06	421.36	0.29	215.42	19310.63	-16197.22	10332.51
Fixation L	1	14	3319447393	3319675292	227899	980.83	568.22	34	28	-1	12.17	12.17
Fixation R	1	11	3319447393	3319675292	227899	980.83	568.22	34	28	-1	11.85	11.85
Saccade L	1	10	3319675292	3319699274	23982	973.26	567.98	1069.66	565.43	1.90	152.76	0.50	79.19	6444.72	-6352.64	4787.80
Saccade R	1	8	3319675292	3319699274	23982	973.26	567.98	1069.66	565.43	1.90	152.76	0.50	79.19	6444.72	-6352.64	4787.80
Fixation L	1	15	3319699274	3319835278	136004	1076.54	548.52	24	23	-1	11.71	11.71
Fixation R	1	12	3319699274	3319835278	136004	1076.54	548.52	24	23	-1	11.22	11.22
Saccade L	1	11	3319835278	3319875282	40004	1074.51	548.99	983.42	624.28	3.57	257.54	0.40	89.22	10782.53	-9110.86	5987.91
Saccade R	1	9	3319835278	3319875282	40004	1074.51	548.99	983.42	624.28	3.57	257.54	0.40	89.22	10782.53	-9110.86	5987.91
Fixation L	1	16	3319875282	3320087285	212003	980.56	636.99	20	34	-1	11.08	11.08
Fixation R	1	13	3319875282	3320087285	212003	980.56	636.99	20	34	-1	10.64	10.64
Saccade L	1	12	3320087285	3320151290	64005	984.08	634.36	505.49	302.18	12.78	425.39	0.31	199.73	20500.32	-12706.49	9687.86
Saccade R	1	10	3320087285	3320151290	64005	984.08	634.36	505.49	302.18	12.78	425.39	0.31	199.73	20500.32	-12706.49	9687.86
Fixation L	1	17	3320151290	3320383280	231990	506.07	318.69	31	45	-1	10.75	10.75
Fixation R	1	14	3320151290	3320383280	231990	506.07	318.69	31	45	-1	10.09	10.09
Saccade L	1	13	3320383280	3320415283	32003	520.88	311.94	459.97	376.21	1.97	144.06	0.37	61.64	6182.18	-5841.12	3800.64
Saccade R	1	11	3320383280	3320415283	32003	520.88	311.94	459.97	376.21	1.97	144.06	0.37	61.64	6182.18	-5841.12	3800.64
Fixation L	1	18	3320415283	3320531284	116001	446.22	421.43	18	86	-1	10.52	10.52
Fixation R	1	15	3320415283	3320531284	116001	446.22	421.43	18	86	-1	10.02	10.02
Saccade L	1	14	3320531284	3320575296	44012	439.78	463.35	404.75	217.80	5.32	349.85	0.36	120.99	15257.34	-13918.11	8726.63
Saccade R	1	12	3320531284	3320575296	44012	439.78	463.35	404.75	217.80	5.32	349.85	0.36	120.99	15257.34	-13918.11	8726.63
Fixation L	1	19	3320575296	3320643298	68002	397.66	213.30	42	9	-1	10.68	10.68
Fixation R	1	16	3320575296	3320643298	68002	397.66	213.30	42	9	-1	10.16	10.16
Saccade L	1	15	3320643298	3320671280	27982	377.70	214.66	458.13	280.98	2.16	177.02	0.43	77.25	6925.47	-7192.59	5142.57
Saccade R	1	13	3320643298	3320671280	27982	377.70	214.66	458.13	280.98	2.16	177.02	0.43	77.25	6925.47	-7192.59	5142.57
Fixation L	1	20	3320671280	3320815278	143998	457.61	292.98	14	30	-1	10.93	10.93
Fixation R	1	17	3320671280	3320815278	143998	457.61	292.98	14	30	-1	10.32	10.32
Saccade L	1	16	3320815278	3320835303	20025	446.60	311.56	446.34	278.69	0.62	63.03	0.60	30.87	2277.86	-2131.87	1432.59
Saccade R	1	14	3320815278	3320835303	20025	446.60	311.56	446.34	278.69	0.62	63.03	0.60	30.87	2277.86	-2131.87	1432.59
Fixation L	1	21	3320835303	3320995184	159881	454.56	284.18	18	22	-1	11.05	11.05
Fixation R	1	18	3320835303	3320995184	159881	454.56	284.18	18	22	-1	10.52	10.52
Saccade L	1	17	3320995184	3321055188	60004	456.22	263.47	1014.57	589.37	14.32	469.03	0.33	238.66	21922.76	-17806.13	11081.66
Saccade R	1	15	3320995184	3321055188	60004	456.22	263.47	1014.57	589.37	14.32	469.03	0.33	238.66	21922.76	-17806.13	11081.66
Fixation L	1	22	3321055188	3321191152	135964	1037.41	592.17	34	31	-1	11.18	11.18
Fixation R	1	19	3321055188	3321191152	135964	1037.41	592.17	34	31	-1	11.02	11.02
Saccade L	1	18	3321207156	3321235162	28006	1034.03	606.23	1025.28	540.77	1.25	89.01	0.43	44.81	2286.03	-3256.44	1947.61
Saccade R	1	16	3321207156	3321235162	28006	1034.03	606.23	1025.28	540.77	1.25	89.01	0.43	44.81	2286.03	-3256.44	1947.61
Fixation L	1	23	3321235162	3321303170	68008	1025.33	529.21	10	21	-1	11.14	11.14
Fixation R	1	20	3321235162	3321303170	68008	1025.33	529.21	10	21	-1	10.88	10.88
Saccade L	1	19	3321303170	3321383172	80002	1015.47	527.73	472.28	242.62	13.67	439.86	0.25	170.84	20677.72	-13576.85	8452.92
Saccade R	1	17	3321303170	3321383172	80002	1015.47	527.73	472.28	242.62	13.67	439.86	0.25	170.84	20677.72	-13576.85	8452.92
Fixation L	1	24	3321383172	3321479180	96008	467.31	240.45	16	20	-1	11.08	11.08
Fixation R	1	21	3321383172	3321479180	96008	467.31	240.45	16	20	-1	10.65	10.65
Saccade L	1	20	3321479180	3321515166	35986	478.61	255.07	465.16	192.41	2.37	157.24	0.33	65.82	6841.81	-5362.03	3563.91
Saccade R	1	18	3321479180	3321515166	35986	478.61	255.07	465.16	192.41	2.37	157.24	0.33	65.82	6841.81	-5362.03	3563.91
Fixation L	1	25	3321515166	3321847179	332013	464.85	184.33	35	25	-1	10.94	10.94
Fixation R	1	22	3321515166	3321847179	332013	464.85	184.33	35	25	-1	10.52	10.52
Saccade L	1	21	3321847179	3321907185	60006	447.83	170.33	980.95	505.86	13.83	438.34	0.33	230.43	20926.95	-17039.57	11354.92
Saccade R	1	19	3321847179	3321907185	60006	447.83	170.33	980.95	505.86	13.83	438.34	0.33	230.43	20926.95	-17039.57	11354.92
Fixation L	1	26	3321907185	3322247165	339980	999.50	515.03	29	39	-1	11.16	11.16
Fixation R	1	23	3321907185	3322247165	339980	999.50	515.03	29	39	-1	11.10	11.10
Saccade L	1	22	3322247165	3322291169	44004	1004.76	535.63	1092.78	635.24	3.50	153.85	0.36	79.64	7424.26	-5925.24	4425.41
Saccade R	1	20	3322247165	3322291169	44004	1004.76	535.63	1092.78	635.24	3.50	153.85	0.36	79.64	7424.26	-5925.24	4425.41
Fixation L	1	27	3322291169	3322499070	207901	1084.79	656.94	29	37	-1	11.22	11.22
Fixation R	1	24	3322291169	3322499070	207901	1084.79	656.94	29	37	-1	10.86	10.86
Saccade L	1	23	3322499070	3322519040	19970	1082.36	661.93	1110.66	612.44	0.92	93.09	0.60	46.24	3394.40	-2909.99	2228.20
Saccade R	1	21	3322499070	3322519040	19970	1082.36	661.93	1110.66	612.44	0.92	93.09	0.60	46.24	3394.40	-2909.99	2228.20
Fixation L	1	28	3322519040	3322747048	228008	1134.45	614.34	33	38	-1	11.01	11.01
Fixation R	1	25	3322519040	3322747048	228008	1134.45	614.34	33	38	-1	10.74	10.74
Saccade L	1	24	3322747048	3322791049	44001	1135.66	634.17	1110.03	555.30	1.77	99.07	0.27	40.27	4153.57	-3469.31	2010.53
Saccade R	1	22	3322747048	3322791049	44001	1135.66	634.17	1110.03	555.30	1.77	99.07	0.27	40.27	4153.57	-3469.31	2010.53
Fixation L	1	29	3322791049	3322895053	104004	1105.62	563.05	7	30	-1	11.11	11.11
Fixation R	1	26	3322791049	3322895053	104004	1105.62	563.05	7	30	-1	10.50	10.50
Saccade L	1	25	3322895053	3322963056	68003	1103.74	582.83	563.06	263.78	13.99	470.48	0.29	205.73	21422.31	-11616.84	10244.12
Saccade R	1	23	3322895053	3322963056	68003	1103.74	582.83	563.06	263.78	13.99	470.48	0.29	205.73	21422.31	-11616.84	10244.12
Fixation L	1	30	3322963056	3323103051	139995	567.01	252.55	14	31	-1	11.11	11.11
Fixation R	1	27	3322963056	3323103051	139995	567.01	252.55	14	31	-1	10.51	10.51
Saccade L	1	26	3323103051	3323139058	36007	574.99	238.25	442.89	217.98	2.79	185.43	0.45	77.43	8189.84	-7301.69	5295.65
Saccade R	1	24	3323103051	3323139058	36007	574.99	238.25	442.89	217.98	2.79	185.43	0.45	77.43	8189.84	-7301.69	5295.65
Fixation L	1	31	3323139058	3323195054	55996	436.90	209.47	9	15	-1	11.13	11.13
Fixation R	1	28	3323139058	3323195054	55996	436.90	209.47	9	15	-1	10.49	10.49
Saccade L	1	27	3323195054	3323271046	75992	441.15	203.28	1051.38	522.03	15.29	456.17	0.26	201.23	21587.75	-14804.53	9875.40
Saccade R	1	25	3323195054	3323271046	75992	441.15	203.28	1051.38	522.03	15.29	456.17	0.26	201.23	21587.75	-14804.53	9875.40
Fixation L	1	32	3323271046	3323571061	300015	1030.63	535.14	29	19	-1	11.29	11.29
Fixation R	1	29	3323271046	3323571061	300015	1030.63	535.14	29	19	-1	10.93	10.93
Saccade L	1	28	3323571061	3323602952	31891	1024.73	533.88	1165.27	528.83	3.01	199.69	0.50	94.26	9671.94	-9038.04	6786.80
Saccade R	1	26	3323571061	3323602952	31891	1024.73	533.88	1165.27	528.83	3.01	199.69	0.50	94.26	9671.94	-9038.04	6786.80
Fixation L	1	33	3323602952	3323822933	219981	1164.34	532.24	26	39	-1	11.45	11.45
Fixation R	1	30	3323602952	3323822933	219981	1164.34	532.24	26	39	-1	10.87	10.87
Saccade L	1	29	3323822933	3323846953	24020	1170.52	548.86	1077.11	549.44	1.82	155.67	0.50	75.85	6913.53	-6960.51	5093.50
Saccade R	1	27	3323822933	3323846953	24020	1170.52	548.86	1077.11	549.44	1.82	155.67	0.50	75.85	6913.53	-6960.51	5093.50
Fixation L	1	34	3323846953	3323930927	83974	1075.38	560.99	18	16	-1	11.30	11.30
Fixation R	1	31	3323846953	3323930927	83974	1075.38	560.99	18	16	-1	10.79	10.79
Fixation L	1	35	3324118973	3324518968	399995	453.92	142.87	30	55	-1	11.31	11.31
Fixation R	1	32	3324118973	3324518968	399995	453.92	142.87	30	55	-1	10.42	10.42
Saccade L	1	30	3324518968	3324550949	31981	450.32	160.97	443.18	262.94	2.15	159.75	0.62	67.29	6619.32	-6731.98	4671.75
Saccade R	1	28	3324518968	3324550949	31981	450.32	160.97	443.18	262.94	2.15	159.75	0.62	67.29	6619.32	-6731.98	4671.75
Fixation L	1	36	3324550949	3324758942	207993	436.91	281.58	21	35	-1	11.64	11.64
Fixation R	1	33	3324550949	3324758942	207993	436.91	281.58	21	35	-1	10.85	10.85
Saccade L	1	31	3324758942	3324822938	63996	436.69	275.81	1001.76	506.87	13.44	430.19	0.25	210.03	20965.00	-11204.89	9955.90
Saccade R	1	29	3324758942	3324822938	63996	436.69	275.81	1001.76	506.87	13.44	430.19	0.25	210.03	20965.00	-11204.89	9955.90
Fixation L	1	37	3324822938	3325018949	196011	1016.31	517.59	30	20	-1	11.80	11.80
Fixation R	1	34	3324822938	3325018949	196011	1016.31	517.59	30	20	-1	11.07	11.07
Saccade L	1	32	3325018949	3325038941	19992	1017.83	515.69	1022.66	554.45	0.77	68.02	0.40	38.41	3282.29	-2719.96	2079.29
Saccade R	1	30	3325018949	3325038941	19992	1017.83	515.69	1022.66	554.45	0.77	68.02	0.40	38.41	3282.29	-2719.96	2079.29
Fixation L	1	38	3325038941	3325186970	148029	1025.80	553.84	9	35	-1	11.70	11.70
Fixation R	1	35	3325038941	3325186970	148029	1025.80	553.84	9	35	-1	11.06	11.06
Saccade L	1	33	3325186970	3325254841	67871	1025.31	574.49	420.32	174.31	16.23	435.96	0.23	239.13	20813.14	-10367.27	9823.38
Saccade R	1	31	3325186970	3325254841	67871	1025.31	574.49	420.32	174.31	16.23	435.96	0.23	239.13	20813.14	-10367.27	9823.38
Fixation L	1	39	3325254841	3325518862	264021	412.21	164.99	29	16	-1	11.41	11.41
Fixation R	1	36	3325254841	3325518862	264021	412.21	164.99	29	16	-1	10.45	10.45
Saccade L	1	34	3325518862	3325562831	43969	407.94	177.83	453.03	119.21	1.77	90.63	0.27	40.31	3395.28	-2349.21	1794.96
Saccade R	1	32	3325518862	3325562831	43969	407.94	177.83	453.03	119.21	1.77	90.63	0.27	40.31	3395.28	-2349.21	1794.96
Fixation L	1	40	3325562831	3325902826	339995	459.61	133.88	20	23	-1	11.36	11.36
Fixation R	1	37	3325562831	3325902826	339995	459.61	133.88	20	23	-1	10.51	10.51
Saccade L	1	35	3325902826	3325930818	27992	461.45	134.77	455.29	245.28	2.38	178.60	0.43	84.97	8298.79	-7516.17	5823.63
Saccade R	1	33	3325902826	3325930818	27992	461.45	134.77	455.29	245.28	2.38	178.60	0.43	84.97	8298.79	-7516.17	5823.63
Fixation L	1	41	3325930818	3326134847	204029	461.68	252.10	40	51	-1	11.57	11.57
Fixation R	1	38	3325930818	3326134847	204029	461.68	252.10	40	51	-1	10.66	10.66
Saccade L	1	36	3326134847	3326162828	27981	454.81	288.43	448.13	100.12	3.78	300.54	0.57	135.13	13152.16	-13923.12	9956.97
Saccade R	1	34	3326134847	3326162828	27981	454.81	288.43	448.13	100.12	3.78	300.54	0.57	135.13	13152.16	-13923.12	9956.97
Fixation L	1	42	3326162828	3326290840	128012	445.36	113.00	18	33	-1	11.64	11.64
Fixation R	1	39	3326162828	3326290840	128012	445.36	113.00	18	33	-1	10.72	10.72
Saccade L	1	37	3326290840	3326358838	67998	451.94	134.95	1182.09	501.45	18.01	481.32	0.24	264.80	23360.30	-12383.52	10521.48
Saccade R	1	35	3326290840	3326358838	67998	451.94	134.95	1182.09	501.45	18.01	481.32	0.24	264.80	23360.30	-12383.52	10521.48
Fixation L	1	43	3326358838	3326614703	255865	1178.97	502.84	37	40	-1	11.51	11.51
Fixation R	1	40	3326358838	3326614703	255865	1178.97	502.84	37	40	-1	10.86	10.86
Saccade L	1	38	3326614703	3326634713	20010	1163.50	497.74	1169.80	547.10	0.82	79.17	0.60	41.13	3224.11	-2939.45	2141.37
Saccade R	1	36	3326614703	3326634713	20010	1163.50	497.74	1169.80	547.10	0.82	79.17	0.60	41.13	3224.11	-2939.45	2141.37
Fixation L	1	44	3326634713	3327179903	545190	350.32	169.13	1376	1069	-1	4.77	4.77
Fixation R	1	41	3326634713	3327179903	545190	350.32	169.13	1376	1069	-1	10.47	10.39
