[BeGaze]
Converted from:	D:\Kirillov\Results\ermolova_temp\Kate 04-eye_data.idf
Date:	17.04.2019 03:52:49
Version:	BeGaze 3.0.181
Sample Rate:	250
Subject:	Kate 04
Description:	Run14

Table Header for Fixations:
Event Type	Trial	Number	Start	End	Duration	Location X	Location Y	Dispersion X	Dispersion Y	Plane	Avg. Pupil Size X	Avg. Pupil Size Y

Table Header for Saccades:
Event Type	Trial	Number	Start	End	Duration	Start Loc.X	Start Loc.Y	End Loc.X	End Loc.Y	Amplitude	Peak Speed	Peak Speed At	Average Speed	Peak Accel.	Peak Decel.	Average Accel.

Table Header for User Events:
Event Type	Trial	Number	Start	Description

UserEvent	1	1	4077610326	# Message: experiment-07.jpg
Fixation L	1	1	4077613827	4077825853	212026	454.53	316.14	22	21	-1	13.75	13.75
Fixation R	1	1	4077613827	4077825853	212026	454.53	316.14	22	21	-1	12.52	12.52
Fixation L	1	2	4077885835	4078021826	135991	683.22	448.88	14	21	-1	14.16	14.16
Fixation R	1	2	4077885835	4078021826	135991	683.22	448.88	14	21	-1	12.79	12.79
Saccade L	1	1	4078021826	4078081885	60059	692.65	438.78	1046.82	396.42	7.81	275.13	0.33	129.97	12951.46	-8571.23	6831.09
Saccade R	1	1	4078021826	4078081885	60059	692.65	438.78	1046.82	396.42	7.81	275.13	0.33	129.97	12951.46	-8571.23	6831.09
Fixation L	1	3	4078081885	4078189841	107956	1063.95	391.34	38	9	-1	13.44	13.44
Fixation R	1	3	4078081885	4078189841	107956	1063.95	391.34	38	9	-1	12.28	12.28
Saccade L	1	2	4078189841	4078221832	31991	1083.12	394.23	1189.43	386.01	2.31	147.54	0.50	72.07	7138.82	-7075.95	5111.87
Saccade R	1	2	4078189841	4078221832	31991	1083.12	394.23	1189.43	386.01	2.31	147.54	0.50	72.07	7138.82	-7075.95	5111.87
Fixation L	1	4	4078221832	4078397846	176014	1204.24	386.79	19	10	-1	13.14	13.14
Fixation R	1	4	4078221832	4078397846	176014	1204.24	386.79	19	10	-1	12.13	12.13
Saccade L	1	3	4078397846	4078433830	35984	1208.47	388.20	1259.69	370.19	1.15	66.82	0.33	31.89	2991.29	-2271.09	1721.70
Saccade R	1	3	4078397846	4078433830	35984	1208.47	388.20	1259.69	370.19	1.15	66.82	0.33	31.89	2991.29	-2271.09	1721.70
Fixation L	1	5	4078433830	4079473718	1039888	1238.73	348.73	50	78	-1	12.80	12.80
Fixation R	1	5	4078433830	4079473718	1039888	1238.73	348.73	50	78	-1	11.82	11.82
Saccade L	1	4	4079473718	4079533801	60083	1257.73	346.32	900.64	707.56	11.08	320.98	0.47	184.40	14513.22	-9827.81	8287.06
Saccade R	1	4	4079473718	4079533801	60083	1257.73	346.32	900.64	707.56	11.08	320.98	0.47	184.40	14513.22	-9827.81	8287.06
Fixation L	1	6	4079533801	4079653741	119940	884.87	711.57	24	14	-1	12.77	12.77
Fixation R	1	6	4079533801	4079653741	119940	884.87	711.57	24	14	-1	11.80	11.80
Saccade L	1	5	4079653741	4079681742	28001	886.48	711.12	943.21	734.96	1.40	101.17	0.57	49.84	4843.34	-4849.26	3536.40
Saccade R	1	5	4079653741	4079681742	28001	886.48	711.12	943.21	734.96	1.40	101.17	0.57	49.84	4843.34	-4849.26	3536.40
Fixation L	1	7	4079681742	4080201610	519868	961.10	739.36	42	31	-1	12.79	12.79
Fixation R	1	7	4079681742	4080201610	519868	961.10	739.36	42	31	-1	11.89	11.89
Saccade L	1	6	4080201610	4080241622	40012	977.94	725.07	941.14	813.12	2.07	135.25	0.40	51.82	6030.87	-5570.78	3524.27
Saccade R	1	6	4080201610	4080241622	40012	977.94	725.07	941.14	813.12	2.07	135.25	0.40	51.82	6030.87	-5570.78	3524.27
Fixation L	1	8	4080241622	4080681625	440003	932.83	829.63	41	40	-1	12.21	12.21
Fixation R	1	8	4080241622	4080681625	440003	932.83	829.63	41	40	-1	11.49	11.49
Saccade L	1	7	4080681625	4080721602	39977	916.43	841.85	933.70	722.64	2.54	133.36	0.40	63.42	6195.80	-5282.03	3782.89
Saccade R	1	7	4080681625	4080721602	39977	916.43	841.85	933.70	722.64	2.54	133.36	0.40	63.42	6195.80	-5282.03	3782.89
Fixation L	1	9	4080721602	4081157615	436013	964.83	696.76	53	43	-1	12.69	12.69
Fixation R	1	9	4080721602	4081157615	436013	964.83	696.76	53	43	-1	11.73	11.73
Saccade L	1	8	4081157615	4081225632	68017	989.11	706.59	815.63	649.52	4.33	215.23	0.24	63.62	9651.11	-8201.39	3947.51
Saccade R	1	8	4081157615	4081225632	68017	989.11	706.59	815.63	649.52	4.33	215.23	0.24	63.62	9651.11	-8201.39	3947.51
Fixation L	1	10	4081225632	4081341623	115991	811.40	646.97	11	16	-1	12.85	12.85
Fixation R	1	10	4081225632	4081341623	115991	811.40	646.97	11	16	-1	11.81	11.81
Saccade L	1	9	4081341623	4081365610	23987	807.51	651.45	869.45	653.28	1.21	106.89	0.50	50.35	4531.15	-4268.07	3302.28
Saccade R	1	9	4081341623	4081365610	23987	807.51	651.45	869.45	653.28	1.21	106.89	0.50	50.35	4531.15	-4268.07	3302.28
Fixation L	1	11	4081365610	4081613512	247902	870.10	643.53	13	18	-1	12.49	12.49
Fixation R	1	11	4081365610	4081613512	247902	870.10	643.53	13	18	-1	11.57	11.57
Saccade L	1	10	4081613512	4081697478	83966	872.68	642.66	1036.19	343.95	10.09	260.60	0.62	120.15	7896.34	-11437.34	5175.44
Saccade R	1	10	4081613512	4081697478	83966	872.68	642.66	1036.19	343.95	10.09	260.60	0.62	120.15	7896.34	-11437.34	5175.44
Fixation L	1	12	4081697478	4081825484	128006	1059.05	351.01	36	15	-1	12.93	12.93
Fixation R	1	12	4081697478	4081825484	128006	1059.05	351.01	36	15	-1	11.96	11.96
Saccade L	1	11	4081825484	4081857478	31994	1071.12	353.33	1114.87	360.06	0.98	54.51	0.50	30.59	2604.07	-2196.27	1753.85
Saccade R	1	11	4081825484	4081857478	31994	1071.12	353.33	1114.87	360.06	0.98	54.51	0.50	30.59	2604.07	-2196.27	1753.85
Fixation L	1	13	4081857478	4082105487	248009	1124.23	365.05	20	19	-1	13.04	13.04
Fixation R	1	13	4081857478	4082105487	248009	1124.23	365.05	20	19	-1	12.10	12.10
Saccade L	1	12	4082105487	4082129495	24008	1132.98	356.15	1167.17	362.41	0.63	48.13	0.50	26.27	2275.88	-1864.57	1536.88
Saccade R	1	12	4082105487	4082129495	24008	1132.98	356.15	1167.17	362.41	0.63	48.13	0.50	26.27	2275.88	-1864.57	1536.88
Fixation L	1	14	4082129495	4082861435	731940	1189.80	377.74	40	30	-1	13.63	13.63
Fixation R	1	14	4082129495	4082861435	731940	1189.80	377.74	40	30	-1	12.51	12.51
Saccade L	1	13	4082861435	4082897366	35931	1202.96	386.37	1148.38	370.09	1.21	53.82	0.44	33.67	2319.03	-2330.55	1748.76
Saccade R	1	13	4082861435	4082897366	35931	1202.96	386.37	1148.38	370.09	1.21	53.82	0.44	33.67	2319.03	-2330.55	1748.76
Fixation L	1	15	4082897366	4083389373	492007	1119.97	375.42	48	30	-1	13.41	13.41
Fixation R	1	15	4082897366	4083389373	492007	1119.97	375.42	48	30	-1	12.43	12.43
Saccade L	1	14	4083389373	4083441380	52007	1106.96	378.66	1138.38	327.26	1.34	54.78	0.38	25.75	2232.34	-1977.93	1195.42
Saccade R	1	14	4083389373	4083441380	52007	1106.96	378.66	1138.38	327.26	1.34	54.78	0.38	25.75	2232.34	-1977.93	1195.42
Saccade L	1	15	4083485373	4083533368	47995	1140.36	327.58	1206.62	364.14	1.68	74.27	0.25	34.93	3399.22	-2306.16	1739.50
Saccade R	1	15	4083485373	4083533368	47995	1140.36	327.58	1206.62	364.14	1.68	74.27	0.25	34.93	3399.22	-2306.16	1739.50
Fixation L	1	16	4083533368	4084209279	675911	1219.29	372.98	23	49	-1	13.36	13.36
Fixation R	1	16	4083533368	4084209279	675911	1219.29	372.98	23	49	-1	12.21	12.21
Saccade L	1	16	4084209279	4084261248	51969	1220.33	391.21	1116.05	381.27	2.32	76.69	0.31	44.56	3371.68	-2457.10	1979.73
Saccade R	1	16	4084209279	4084261248	51969	1220.33	391.21	1116.05	381.27	2.32	76.69	0.31	44.56	3371.68	-2457.10	1979.73
Fixation L	1	17	4084261248	4084433284	172036	1102.86	376.56	20	15	-1	13.06	13.06
Fixation R	1	17	4084261248	4084433284	172036	1102.86	376.56	20	15	-1	12.04	12.04
Saccade L	1	17	4084433284	4084501266	67982	1106.77	379.53	910.20	653.83	7.52	227.33	0.47	110.57	9543.73	-8712.78	5359.22
Saccade R	1	17	4084433284	4084501266	67982	1106.77	379.53	910.20	653.83	7.52	227.33	0.47	110.57	9543.73	-8712.78	5359.22
Fixation L	1	18	4084501266	4084985261	483995	877.82	680.37	44	46	-1	13.28	13.28
Fixation R	1	18	4084501266	4084985261	483995	877.82	680.37	44	46	-1	12.00	12.00
Saccade L	1	18	4084985261	4085021276	36015	867.46	673.40	948.62	666.91	1.74	116.43	0.33	48.30	5116.83	-4753.86	3237.10
Saccade R	1	18	4084985261	4085021276	36015	867.46	673.40	948.62	666.91	1.74	116.43	0.33	48.30	5116.83	-4753.86	3237.10
Fixation L	1	19	4085021276	4085377286	356010	963.91	666.57	40	21	-1	12.97	12.97
Fixation R	1	19	4085021276	4085377286	356010	963.91	666.57	40	21	-1	12.07	12.07
Saccade L	1	19	4085377286	4085421274	43988	980.99	675.68	906.07	745.86	2.36	126.42	0.55	53.57	5642.71	-5756.29	3641.14
Saccade R	1	19	4085377286	4085421274	43988	980.99	675.68	906.07	745.86	2.36	126.42	0.55	53.57	5642.71	-5756.29	3641.14
Fixation L	1	20	4085421274	4085605157	183883	892.53	751.42	20	12	-1	12.87	12.87
Fixation R	1	20	4085421274	4085605157	183883	892.53	751.42	20	12	-1	12.10	12.10
Saccade L	1	20	4085605157	4085641168	36011	895.86	747.83	816.70	686.51	2.01	117.90	0.55	55.77	5184.31	-5198.89	3707.02
Saccade R	1	20	4085605157	4085641168	36011	895.86	747.83	816.70	686.51	2.01	117.90	0.55	55.77	5184.31	-5198.89	3707.02
Fixation L	1	21	4085641168	4085829177	188009	820.77	679.00	15	33	-1	12.96	12.96
Fixation R	1	21	4085641168	4085829177	188009	820.77	679.00	15	33	-1	12.17	12.17
Saccade L	1	21	4085829177	4085857157	27980	821.71	660.44	791.66	663.19	0.71	50.36	0.57	25.52	2124.84	-1666.10	1383.55
Saccade R	1	21	4085829177	4085857157	27980	821.71	660.44	791.66	663.19	0.71	50.36	0.57	25.52	2124.84	-1666.10	1383.55
