[BeGaze]
Converted from:	D:\Kirillov\Results\ermolova_temp\Nastya 3kurs-eye_data.idf
Date:	17.04.2019 03:52:19
Version:	BeGaze 3.0.181
Sample Rate:	250
Subject:	Nastya 3kurs
Description:	Run3

Table Header for Fixations:
Event Type	Trial	Number	Start	End	Duration	Location X	Location Y	Dispersion X	Dispersion Y	Plane	Avg. Pupil Size X	Avg. Pupil Size Y

Table Header for Saccades:
Event Type	Trial	Number	Start	End	Duration	Start Loc.X	Start Loc.Y	End Loc.X	End Loc.Y	Amplitude	Peak Speed	Peak Speed At	Average Speed	Peak Accel.	Peak Decel.	Average Accel.

Table Header for User Events:
Event Type	Trial	Number	Start	Description

UserEvent	1	1	5255871620	# Message: Pie chart-2.jpg
Fixation L	1	1	5255889829	5256085735	195906	399.83	349.09	23	40	-1	14.56	14.56
Fixation R	1	1	5255889829	5256085735	195906	399.83	349.09	23	40	-1	13.16	13.16
Saccade L	1	1	5256085735	5256105710	19975	395.25	357.28	395.83	340.02	0.49	45.52	0.40	24.64	911.79	-201.74	384.14
Saccade R	1	1	5256085735	5256105710	19975	395.25	357.28	395.83	340.02	0.49	45.52	0.40	24.64	911.79	-201.74	384.14
Saccade L	1	2	5256141718	5256161711	19993	391.60	333.50	406.74	376.36	0.64	53.53	0.60	32.17	940.48	-268.98	653.86
Saccade R	1	2	5256141718	5256161711	19993	391.60	333.50	406.74	376.36	0.64	53.53	0.60	32.17	940.48	-268.98	653.86
Saccade L	1	3	5256161711	5256249714	88003	406.74	376.36	420.03	435.76	11.24	288.85	0.32	127.78	10917.87	-12753.00	6850.82
Saccade R	1	3	5256161711	5256249714	88003	406.74	376.36	420.03	435.76	11.24	288.85	0.32	127.78	10917.87	-12753.00	6850.82
Saccade L	1	4	5256285722	5256329717	43995	436.03	447.98	435.52	446.81	1.25	60.75	0.27	28.37	1949.15	-1341.49	849.32
Saccade R	1	4	5256285722	5256329717	43995	436.03	447.98	435.52	446.81	1.25	60.75	0.27	28.37	1949.15	-1341.49	849.32
Saccade L	1	5	5256357739	5256421722	63983	421.49	444.17	371.91	444.49	1.61	53.70	0.50	25.11	1477.85	-1405.92	687.43
Saccade R	1	5	5256357739	5256421722	63983	421.49	444.17	371.91	444.49	1.61	53.70	0.50	25.11	1477.85	-1405.92	687.43
Fixation L	1	2	5256421722	5256577713	155991	369.71	444.98	12	20	-1	13.56	13.56
Fixation R	1	2	5256421722	5256577713	155991	369.71	444.98	12	20	-1	12.61	12.61
Saccade L	1	6	5256577713	5256697716	120003	360.80	458.18	339.73	329.50	5.11	92.98	0.37	42.55	3023.85	-2154.01	1275.44
Saccade R	1	6	5256577713	5256697716	120003	360.80	458.18	339.73	329.50	5.11	92.98	0.37	42.55	3023.85	-2154.01	1275.44
Saccade L	1	7	5256697716	5256725725	28009	339.73	329.50	313.48	303.84	0.98	71.24	0.57	34.98	2533.67	-2149.40	1561.02
Saccade R	1	7	5256697716	5256725725	28009	339.73	329.50	313.48	303.84	0.98	71.24	0.57	34.98	2533.67	-2149.40	1561.02
Saccade L	1	8	5256725725	5256769730	44005	313.48	303.84	358.29	310.55	1.25	51.87	0.64	28.50	1688.15	-1941.49	1211.27
Saccade R	1	8	5256725725	5256769730	44005	313.48	303.84	358.29	310.55	1.25	51.87	0.64	28.50	1688.15	-1941.49	1211.27
Saccade L	1	9	5256769730	5256797731	28001	358.29	310.55	314.05	316.98	0.99	58.65	0.57	35.38	9016.49	-1157.39	2326.68
Saccade R	1	9	5256769730	5256797731	28001	358.29	310.55	314.05	316.98	0.99	58.65	0.57	35.38	9016.49	-1157.39	2326.68
Fixation L	1	3	5256797731	5256936221	138490	212.91	221.29	1046	1112	-1	12.39	12.53
Fixation R	1	3	5256797731	5256936221	138490	212.91	221.29	1046	1112	-1	11.16	11.16
Saccade L	1	10	5257025736	5257069740	44004	1060.33	619.31	1048.43	662.99	1.11	41.96	0.45	25.26	1187.05	-1474.77	852.39
Saccade R	1	10	5257025736	5257069740	44004	1060.33	619.31	1048.43	662.99	1.11	41.96	0.45	25.26	1187.05	-1474.77	852.39
Fixation L	1	4	5257069740	5257149735	79995	1053.43	676.00	39	26	-1	13.21	13.21
Fixation R	1	4	5257069740	5257149735	79995	1053.43	676.00	39	26	-1	12.45	12.45
Saccade L	1	11	5257149735	5257169717	19982	1038.21	686.83	1063.25	685.15	0.47	42.39	0.60	23.69	3481.58	478.10	1419.33
Saccade R	1	11	5257149735	5257169717	19982	1038.21	686.83	1063.25	685.15	0.47	42.39	0.60	23.69	3481.58	478.10	1419.33
Saccade L	1	12	5257169717	5257241727	72010	1063.25	685.15	1109.57	493.83	4.94	186.17	0.22	68.66	7878.50	-4766.35	3218.09
Saccade R	1	12	5257169717	5257241727	72010	1063.25	685.15	1109.57	493.83	4.94	186.17	0.22	68.66	7878.50	-4766.35	3218.09
Fixation L	1	5	5257241727	5257321726	79999	1107.89	492.95	16	24	-1	13.79	13.79
Fixation R	1	5	5257241727	5257321726	79999	1107.89	492.95	16	24	-1	12.67	12.67
Saccade L	1	13	5257321726	5257385724	63998	1101.23	507.15	1060.59	556.71	1.92	80.85	0.50	30.02	2877.11	-2491.12	1299.36
Saccade R	1	13	5257321726	5257385724	63998	1101.23	507.15	1060.59	556.71	1.92	80.85	0.50	30.02	2877.11	-2491.12	1299.36
Fixation L	1	6	5257385724	5257477751	92027	1059.63	536.89	14	37	-1	13.64	13.64
Fixation R	1	6	5257385724	5257477751	92027	1059.63	536.89	14	37	-1	12.53	12.53
Saccade L	1	14	5257477751	5257525608	47857	1054.31	520.71	1322.48	548.23	6.58	426.39	0.41	137.58	19281.45	-17961.47	10657.16
Saccade R	1	14	5257477751	5257525608	47857	1054.31	520.71	1322.48	548.23	6.58	426.39	0.41	137.58	19281.45	-17961.47	10657.16
Saccade L	1	15	5257557631	5257581640	24009	1334.92	529.60	1337.31	544.44	0.52	42.18	0.33	21.87	1170.52	-984.35	724.04
Saccade R	1	15	5257557631	5257581640	24009	1334.92	529.60	1337.31	544.44	0.52	42.18	0.33	21.87	1170.52	-984.35	724.04
Saccade L	1	16	5257581640	5257621625	39985	1337.31	544.44	1324.31	557.84	0.86	47.58	0.30	21.55	1148.89	-1427.78	840.12
Saccade R	1	16	5257581640	5257621625	39985	1337.31	544.44	1324.31	557.84	0.86	47.58	0.30	21.55	1148.89	-1427.78	840.12
Saccade L	1	17	5257665600	5257721612	56012	1334.65	570.90	1478.45	563.10	3.78	210.38	0.57	67.45	9278.81	-9490.64	4785.97
Saccade R	1	17	5257665600	5257721612	56012	1334.65	570.90	1478.45	563.10	3.78	210.38	0.57	67.45	9278.81	-9490.64	4785.97
Saccade L	1	18	5257737605	5257777602	39997	1480.03	558.25	1446.10	530.50	0.94	44.33	0.50	23.54	1765.84	-1672.06	1163.76
Saccade R	1	18	5257737605	5257777602	39997	1480.03	558.25	1446.10	530.50	0.94	44.33	0.50	23.54	1765.84	-1672.06	1163.76
Fixation L	1	7	5257777602	5257905608	128006	1455.07	542.03	24	20	-1	13.00	13.00
Fixation R	1	7	5257777602	5257905608	128006	1455.07	542.03	24	20	-1	11.84	11.84
Saccade L	1	19	5257905608	5257941612	36004	1470.53	547.19	1429.12	470.87	1.80	101.37	0.33	49.97	4396.68	-4065.98	3014.77
Saccade R	1	19	5257905608	5257941612	36004	1470.53	547.19	1429.12	470.87	1.80	101.37	0.33	49.97	4396.68	-4065.98	3014.77
Fixation L	1	8	5257941612	5258077626	136014	1432.50	463.17	33	32	-1	13.17	13.17
Fixation R	1	8	5257941612	5258077626	136014	1432.50	463.17	33	32	-1	11.81	11.81
Saccade L	1	20	5258077626	5258113622	35996	1417.38	447.51	1412.81	476.67	0.92	59.89	0.56	25.70	2266.50	-1975.17	1218.18
Saccade R	1	20	5258077626	5258113622	35996	1417.38	447.51	1412.81	476.67	0.92	59.89	0.56	25.70	2266.50	-1975.17	1218.18
Fixation L	1	9	5258113622	5258201622	88000	1431.04	487.81	36	19	-1	13.34	13.34
Fixation R	1	9	5258113622	5258201622	88000	1431.04	487.81	36	19	-1	11.98	11.98
Saccade L	1	21	5258201622	5258253625	52003	1428.91	493.82	1311.08	505.32	2.83	174.85	0.46	54.45	7552.97	-7440.94	3962.37
Saccade R	1	21	5258201622	5258253625	52003	1428.91	493.82	1311.08	505.32	2.83	174.85	0.46	54.45	7552.97	-7440.94	3962.37
Fixation L	1	10	5258253625	5258521631	268006	1308.87	527.77	42	48	-1	13.77	13.77
Fixation R	1	10	5258253625	5258521631	268006	1308.87	527.77	42	48	-1	12.26	12.26
Saccade L	1	22	5258521631	5258561629	39998	1287.50	555.32	1345.39	543.04	1.32	82.43	0.40	33.01	3446.77	-3500.19	2093.86
Saccade R	1	22	5258521631	5258561629	39998	1287.50	555.32	1345.39	543.04	1.32	82.43	0.40	33.01	3446.77	-3500.19	2093.86
Fixation L	1	11	5258561629	5259077514	515885	1327.57	526.89	36	65	-1	14.10	14.10
Fixation R	1	11	5258561629	5259077514	515885	1327.57	526.89	36	65	-1	12.78	12.78
Saccade L	1	23	5259077514	5259125504	47990	1311.31	526.98	1390.08	534.89	1.80	111.19	0.75	37.44	4093.09	-4142.92	2066.53
Saccade R	1	23	5259077514	5259125504	47990	1311.31	526.98	1390.08	534.89	1.80	111.19	0.75	37.44	4093.09	-4142.92	2066.53
Fixation L	1	12	5259125504	5259281500	155996	1380.74	548.90	24	26	-1	14.02	14.02
Fixation R	1	12	5259125504	5259281500	155996	1380.74	548.90	24	26	-1	12.75	12.75
Fixation L	1	13	5259321511	5259389520	68009	1333.00	545.35	22	12	-1	13.87	13.87
Fixation R	1	13	5259321511	5259389520	68009	1333.00	545.35	22	12	-1	12.82	12.82
Saccade L	1	24	5259389520	5259425523	36003	1342.01	541.20	1315.38	505.09	1.05	44.22	0.67	29.20	1665.92	-1562.29	1179.50
Saccade R	1	24	5259389520	5259425523	36003	1342.01	541.20	1315.38	505.09	1.05	44.22	0.67	29.20	1665.92	-1562.29	1179.50
Fixation L	1	14	5259425523	5259545519	119996	1319.77	524.04	28	48	-1	13.83	13.83
Fixation R	1	14	5259425523	5259545519	119996	1319.77	524.04	28	48	-1	12.73	12.73
Saccade L	1	25	5259545519	5259613523	68004	1315.76	545.06	1430.63	545.33	4.98	265.34	0.24	73.26	12031.33	-7577.33	4236.05
Saccade R	1	25	5259545519	5259613523	68004	1315.76	545.06	1430.63	545.33	4.98	265.34	0.24	73.26	12031.33	-7577.33	4236.05
Fixation L	1	15	5259613523	5259773524	160001	1433.79	544.52	52	30	-1	13.87	13.87
Fixation R	1	15	5259613523	5259773524	160001	1433.79	544.52	52	30	-1	12.79	12.79
Saccade L	1	26	5259773524	5259825517	51993	1412.20	537.04	1403.04	428.91	2.89	161.97	0.69	55.65	6913.91	-7423.03	3652.10
Saccade R	1	26	5259773524	5259825517	51993	1412.20	537.04	1403.04	428.91	2.89	161.97	0.69	55.65	6913.91	-7423.03	3652.10
Fixation L	1	16	5259825517	5259985530	160013	1411.83	405.55	30	49	-1	13.99	13.99
Fixation R	1	16	5259825517	5259985530	160013	1411.83	405.55	30	49	-1	12.62	12.62
Saccade L	1	27	5259985530	5260045511	59981	1412.18	396.38	1429.37	591.80	4.48	221.06	0.60	74.70	9658.66	-9802.93	5173.32
Saccade R	1	27	5259985530	5260045511	59981	1412.18	396.38	1429.37	591.80	4.48	221.06	0.60	74.70	9658.66	-9802.93	5173.32
Fixation L	1	17	5260045511	5260173517	128006	1422.52	590.86	43	15	-1	13.82	13.82
Fixation R	1	17	5260045511	5260173517	128006	1422.52	590.86	43	15	-1	12.35	12.35
Saccade L	1	28	5260173517	5260277412	103895	1442.93	594.21	551.55	554.69	20.96	496.34	0.39	201.71	19435.40	-13422.36	8175.37
Saccade R	1	28	5260173517	5260277412	103895	1442.93	594.21	551.55	554.69	20.96	496.34	0.39	201.71	19435.40	-13422.36	8175.37
Fixation L	1	18	5260277412	5260377396	99984	565.68	556.12	30	28	-1	13.95	13.95
Fixation R	1	18	5260277412	5260377396	99984	565.68	556.12	30	28	-1	12.22	12.22
Saccade L	1	29	5260377396	5260445419	68023	564.97	578.24	401.44	488.44	5.14	232.19	0.24	75.59	10910.77	-9236.62	4259.52
Saccade R	1	29	5260377396	5260445419	68023	564.97	578.24	401.44	488.44	5.14	232.19	0.24	75.59	10910.77	-9236.62	4259.52
Fixation L	1	19	5260445419	5260609399	163980	388.56	461.80	58	45	-1	13.98	13.98
Fixation R	1	19	5260445419	5260609399	163980	388.56	461.80	58	45	-1	12.46	12.46
Saccade L	1	30	5260609399	5260685406	76007	414.66	466.09	331.31	368.96	3.41	114.07	0.47	44.83	3809.87	-2682.46	1887.05
Saccade R	1	30	5260609399	5260685406	76007	414.66	466.09	331.31	368.96	3.41	114.07	0.47	44.83	3809.87	-2682.46	1887.05
Fixation L	1	20	5260685406	5260753434	68028	335.70	370.19	22	18	-1	13.83	13.83
Fixation R	1	20	5260685406	5260753434	68028	335.70	370.19	22	18	-1	12.54	12.54
Saccade L	1	31	5260753434	5260789404	35970	355.69	379.94	320.39	382.65	0.86	46.86	0.67	23.95	1481.27	-1713.74	970.57
Saccade R	1	31	5260753434	5260789404	35970	355.69	379.94	320.39	382.65	0.86	46.86	0.67	23.95	1481.27	-1713.74	970.57
Fixation L	1	21	5260789404	5260905417	116013	317.22	384.38	7	36	-1	13.73	13.73
Fixation R	1	21	5260789404	5260905417	116013	317.22	384.38	7	36	-1	12.58	12.58
Saccade L	1	32	5260905417	5260997410	91993	321.73	359.81	1478.85	603.98	27.27	521.29	0.61	296.42	18582.52	-20279.77	9982.11
Saccade R	1	32	5260905417	5260997410	91993	321.73	359.81	1478.85	603.98	27.27	521.29	0.61	296.42	18582.52	-20279.77	9982.11
Saccade L	1	33	5261041412	5261073407	31995	1445.92	619.31	1411.60	603.15	0.84	42.64	0.63	26.33	1088.54	-1659.91	891.90
Saccade R	1	33	5261041412	5261073407	31995	1445.92	619.31	1411.60	603.15	0.84	42.64	0.63	26.33	1088.54	-1659.91	891.90
Saccade L	1	34	5261097426	5261137409	39983	1404.74	606.26	1442.19	604.62	0.89	40.73	0.70	22.16	1201.25	-1398.84	923.06
Saccade R	1	34	5261097426	5261137409	39983	1404.74	606.26	1442.19	604.62	0.89	40.73	0.70	22.16	1201.25	-1398.84	923.06
Fixation L	1	22	5261137409	5261189411	52002	1438.99	603.30	13	2	-1	13.68	13.68
Fixation R	1	22	5261137409	5261189411	52002	1438.99	603.30	13	2	-1	12.53	12.53
Fixation L	1	23	5261249434	5261341410	91976	1363.84	526.37	46	11	-1	13.58	13.58
Fixation R	1	23	5261249434	5261341410	91976	1363.84	526.37	46	11	-1	12.30	12.30
Saccade L	1	35	5261341410	5261393412	52002	1395.02	516.55	1454.67	493.87	1.47	46.41	0.46	28.30	1727.74	-1643.15	945.62
Saccade R	1	35	5261341410	5261393412	52002	1395.02	516.55	1454.67	493.87	1.47	46.41	0.46	28.30	1727.74	-1643.15	945.62
Fixation L	1	24	5261393412	5261449412	56000	1431.61	483.33	41	15	-1	13.30	13.30
Fixation R	1	24	5261393412	5261449412	56000	1431.61	483.33	41	15	-1	12.01	12.01
Saccade L	1	36	5261449412	5261489429	40017	1415.70	490.38	1443.30	489.45	0.88	43.94	0.50	22.05	1608.53	-1351.48	868.13
Saccade R	1	36	5261449412	5261489429	40017	1415.70	490.38	1443.30	489.45	0.88	43.94	0.50	22.05	1608.53	-1351.48	868.13
Saccade L	1	37	5261489429	5261573474	84045	1443.30	489.45	1380.80	359.17	4.15	189.21	0.38	49.37	7522.02	-5539.20	2307.49
Saccade R	1	37	5261489429	5261573474	84045	1443.30	489.45	1380.80	359.17	4.15	189.21	0.38	49.37	7522.02	-5539.20	2307.49
Fixation L	1	25	5261573474	5261785330	211856	1404.57	350.94	36	36	-1	13.04	13.04
Fixation R	1	25	5261573474	5261785330	211856	1404.57	350.94	36	36	-1	11.95	11.95
Saccade L	1	38	5261785330	5261841315	55985	1395.10	322.41	1034.02	360.19	8.23	338.63	0.36	146.93	16498.74	-15369.93	9419.96
Saccade R	1	38	5261785330	5261841315	55985	1395.10	322.41	1034.02	360.19	8.23	338.63	0.36	146.93	16498.74	-15369.93	9419.96
Fixation L	1	26	5261841315	5262025304	183989	1029.16	368.65	17	24	-1	13.50	13.50
Fixation R	1	26	5261841315	5262025304	183989	1029.16	368.65	17	24	-1	12.31	12.31
Saccade L	1	39	5262025304	5262049303	23999	1025.23	360.50	1040.24	388.41	0.70	59.94	0.50	29.21	2572.27	-2513.62	1900.08
Saccade R	1	39	5262025304	5262049303	23999	1025.23	360.50	1040.24	388.41	0.70	59.94	0.50	29.21	2572.27	-2513.62	1900.08
Saccade L	1	40	5262061324	5262109292	47968	1046.68	386.85	0.00	0.00	32.77	2702.24	0.75	683.11	100102.47	-118478.78	49647.38
Saccade R	1	40	5262061324	5262109292	47968	1046.68	386.85	0.00	0.00	32.77	2702.24	0.75	683.11	100102.47	-118478.78	49647.38
Fixation L	1	27	5262225311	5262329314	104003	1059.72	450.17	8	16	-1	13.94	13.94
Fixation R	1	27	5262225311	5262329314	104003	1059.72	450.17	8	16	-1	12.82	12.82
