[BeGaze]
Converted from:	D:\Kirillov\Results\ermolova_temp\Kate 02-eye_data.idf
Date:	17.04.2019 03:52:28
Version:	BeGaze 3.0.181
Sample Rate:	250
Subject:	Kate 02
Description:	Run7

Table Header for Fixations:
Event Type	Trial	Number	Start	End	Duration	Location X	Location Y	Dispersion X	Dispersion Y	Plane	Avg. Pupil Size X	Avg. Pupil Size Y

Table Header for Saccades:
Event Type	Trial	Number	Start	End	Duration	Start Loc.X	Start Loc.Y	End Loc.X	End Loc.Y	Amplitude	Peak Speed	Peak Speed At	Average Speed	Peak Accel.	Peak Decel.	Average Accel.

Table Header for User Events:
Event Type	Trial	Number	Start	Description

UserEvent	1	1	4075528371	# Message: Validation.jpg
Saccade L	1	1	4075564823	4075600838	36015	660.21	697.42	621.05	791.65	2.30	120.18	0.44	63.97	5340.31	-4812.38	3672.74
Saccade R	1	1	4075564823	4075600838	36015	660.21	697.42	621.05	791.65	2.30	120.18	0.44	63.97	5340.31	-4812.38	3672.74
Fixation L	1	1	4075600838	4075868768	267930	630.71	818.73	37	35	-1	19.31	19.31
Fixation R	1	1	4075600838	4075868768	267930	630.71	818.73	37	35	-1	19.49	19.49
Saccade L	1	2	4075868768	4075932739	63971	636.72	819.02	559.44	281.24	11.85	347.20	0.38	185.29	15394.75	-10233.96	8115.63
Saccade R	1	2	4075868768	4075932739	63971	636.72	819.02	559.44	281.24	11.85	347.20	0.38	185.29	15394.75	-10233.96	8115.63
Saccade L	1	3	4076028867	4076052832	23965	542.43	256.83	515.55	268.60	0.71	50.25	0.33	29.71	1416.04	-1524.88	1067.21
Saccade R	1	3	4076028867	4076052832	23965	542.43	256.83	515.55	268.60	0.71	50.25	0.33	29.71	1416.04	-1524.88	1067.21
Saccade L	1	4	4076064836	4076104857	40021	512.59	287.66	367.61	273.81	3.23	191.31	0.40	80.63	8283.03	-7243.59	5009.38
Saccade R	1	4	4076064836	4076104857	40021	512.59	287.66	367.61	273.81	3.23	191.31	0.40	80.63	8283.03	-7243.59	5009.38
Fixation L	1	2	4076104857	4077664615	1559758	371.87	247.36	46	60	-1	17.86	17.86
Fixation R	1	2	4076104857	4077664615	1559758	371.87	247.36	46	60	-1	17.90	17.90
Saccade L	1	5	4077664615	4077716603	51988	368.28	247.72	788.19	523.67	10.91	411.20	0.31	209.78	19684.56	-14848.68	11898.94
Saccade R	1	5	4077664615	4077716603	51988	368.28	247.72	788.19	523.67	10.91	411.20	0.31	209.78	19684.56	-14848.68	11898.94
Fixation L	1	3	4077716603	4077848634	132031	820.04	533.13	53	24	-1	18.25	18.25
Fixation R	1	3	4077716603	4077848634	132031	820.04	533.13	53	24	-1	18.58	18.58
Saccade L	1	6	4077848634	4077888600	39966	837.73	521.28	1119.31	665.35	6.81	366.85	0.40	170.34	17714.73	-16744.04	11954.22
Saccade R	1	6	4077848634	4077888600	39966	837.73	521.28	1119.31	665.35	6.81	366.85	0.40	170.34	17714.73	-16744.04	11954.22
Saccade L	1	7	4077896628	4077920600	23972	1126.72	668.65	1210.71	669.51	1.72	144.17	0.50	71.88	5934.36	-5604.26	4245.73
Saccade R	1	7	4077896628	4077920600	23972	1126.72	668.65	1210.71	669.51	1.72	144.17	0.50	71.88	5934.36	-5604.26	4245.73
Fixation L	1	4	4077920600	4078056620	136020	1247.05	646.48	69	42	-1	18.12	18.12
Fixation R	1	4	4077920600	4078056620	136020	1247.05	646.48	69	42	-1	18.67	18.67
Saccade L	1	8	4078056620	4078092604	35984	1282.38	629.89	1240.60	706.54	2.04	114.54	0.33	56.75	5485.04	-4332.22	3258.24
Saccade R	1	8	4078056620	4078092604	35984	1282.38	629.89	1240.60	706.54	2.04	114.54	0.33	56.75	5485.04	-4332.22	3258.24
Fixation L	1	5	4078092604	4078972504	879900	1241.96	726.46	35	37	-1	18.14	18.14
Fixation R	1	5	4078092604	4078972504	879900	1241.96	726.46	35	37	-1	18.60	18.60
Saccade L	1	9	4078972504	4079004490	31986	1233.25	718.59	1239.18	574.10	2.97	193.92	0.38	92.70	8948.89	-8891.02	6479.42
Saccade R	1	9	4078972504	4079004490	31986	1233.25	718.59	1239.18	574.10	2.97	193.92	0.38	92.70	8948.89	-8891.02	6479.42
Fixation L	1	6	4079004490	4079116560	112070	1244.30	545.70	21	56	-1	17.75	17.75
Fixation R	1	6	4079004490	4079116560	112070	1244.30	545.70	21	56	-1	18.32	18.32
Saccade L	1	10	4079116560	4079148505	31945	1248.39	530.70	1229.27	363.00	3.94	272.34	0.50	123.36	12757.77	-11978.17	8847.20
Saccade R	1	10	4079116560	4079148505	31945	1248.39	530.70	1229.27	363.00	3.94	272.34	0.50	123.36	12757.77	-11978.17	8847.20
Fixation L	1	7	4079148505	4079288502	139997	1214.37	350.32	27	29	-1	17.80	17.80
Fixation R	1	7	4079148505	4079288502	139997	1214.37	350.32	27	29	-1	18.26	18.26
Saccade L	1	11	4079288502	4079336495	47993	1206.17	347.59	1221.44	191.50	3.26	155.26	0.58	67.82	6006.91	-6434.26	3948.61
Saccade R	1	11	4079288502	4079336495	47993	1206.17	347.59	1221.44	191.50	3.26	155.26	0.58	67.82	6006.91	-6434.26	3948.61
Fixation L	1	8	4079336495	4079492497	156002	1221.00	191.23	26	24	-1	17.47	17.47
Fixation R	1	8	4079336495	4079492497	156002	1221.00	191.23	26	24	-1	17.70	17.70
Fixation L	1	9	4079504499	4079664506	160007	1242.42	188.56	46	47	-1	17.44	17.44
Fixation R	1	9	4079504499	4079664506	160007	1242.42	188.56	46	47	-1	17.75	17.75
Fixation L	1	10	4079680498	4080324540	644042	1221.14	227.09	44	48	-1	18.05	18.05
Fixation R	1	10	4079680498	4080324540	644042	1221.14	227.09	44	48	-1	18.17	18.17
Saccade L	1	12	4080324540	4080372397	47857	1216.68	215.83	989.58	364.97	5.89	342.90	0.50	122.99	14388.78	-14456.59	8542.96
Saccade R	1	12	4080324540	4080372397	47857	1216.68	215.83	989.58	364.97	5.89	342.90	0.50	122.99	14388.78	-14456.59	8542.96
Fixation L	1	11	4080372397	4080440419	68022	964.75	365.57	50	12	-1	17.69	17.69
Fixation R	1	11	4080372397	4080440419	68022	964.75	365.57	50	12	-1	17.87	17.87
Saccade L	1	13	4080440419	4080492406	51987	941.17	371.62	776.03	517.13	4.91	253.34	0.69	94.40	10093.13	-11276.11	5764.26
Saccade R	1	13	4080440419	4080492406	51987	941.17	371.62	776.03	517.13	4.91	253.34	0.69	94.40	10093.13	-11276.11	5764.26
Saccade L	1	14	4080492406	4080552385	59979	776.03	517.13	722.36	581.54	1.95	49.18	0.33	32.58	1429.99	-6367.40	1175.70
Saccade R	1	14	4080492406	4080552385	59979	776.03	517.13	722.36	581.54	1.95	49.18	0.33	32.58	1429.99	-6367.40	1175.70
Fixation L	1	12	4080552385	4080612412	60027	694.31	575.11	46	19	-1	17.90	17.90
Fixation R	1	12	4080552385	4080612412	60027	694.31	575.11	46	19	-1	17.86	17.86
Saccade L	1	15	4080612412	4080648391	35979	676.09	562.28	495.90	675.92	4.43	282.32	0.44	123.10	12809.36	-12648.16	8875.98
Saccade R	1	15	4080612412	4080648391	35979	676.09	562.28	495.90	675.92	4.43	282.32	0.44	123.10	12809.36	-12648.16	8875.98
Fixation L	1	13	4080648391	4080768414	120023	474.20	700.46	49	34	-1	18.09	18.09
Fixation R	1	13	4080648391	4080768414	120023	474.20	700.46	49	34	-1	18.03	18.03
Saccade L	1	16	4080768414	4080800394	31980	448.58	698.23	326.48	718.45	2.65	195.68	0.37	82.80	8378.02	-8486.76	5825.26
Saccade R	1	16	4080768414	4080800394	31980	448.58	698.23	326.48	718.45	2.65	195.68	0.37	82.80	8378.02	-8486.76	5825.26
Fixation L	1	14	4080800394	4080924396	124002	314.47	724.30	25	15	-1	18.02	18.02
Fixation R	1	14	4080800394	4080924396	124002	314.47	724.30	25	15	-1	18.14	18.14
Saccade L	1	17	4080924396	4080948425	24029	320.24	726.62	351.15	725.12	0.81	57.74	0.50	33.64	2507.73	-1781.19	1512.60
Saccade R	1	17	4080924396	4080948425	24029	320.24	726.62	351.15	725.12	0.81	57.74	0.50	33.64	2507.73	-1781.19	1512.60
Fixation L	1	15	4080948425	4081348395	399970	367.29	719.98	25	41	-1	17.35	17.35
Fixation R	1	15	4080948425	4081348395	399970	367.29	719.98	25	41	-1	17.78	17.78
