[BeGaze]
Converted from:	D:\Kirillov\Results\ermolova_temp\versh-eye_data.idf
Date:	17.04.2019 03:53:48
Version:	BeGaze 3.0.181
Sample Rate:	250
Subject:	versh
Description:	Run31

Table Header for Fixations:
Event Type	Trial	Number	Start	End	Duration	Location X	Location Y	Dispersion X	Dispersion Y	Plane	Avg. Pupil Size X	Avg. Pupil Size Y

Table Header for Saccades:
Event Type	Trial	Number	Start	End	Duration	Start Loc.X	Start Loc.Y	End Loc.X	End Loc.Y	Amplitude	Peak Speed	Peak Speed At	Average Speed	Peak Accel.	Peak Decel.	Average Accel.

Table Header for User Events:
Event Type	Trial	Number	Start	Description

UserEvent	1	1	8147398420	# Message: Questionnaire9.jpg
Fixation L	1	1	8147401201	8147737215	336014	773.33	970.29	44	11	-1	13.02	13.02
Fixation R	1	1	8147401201	8147737215	336014	773.33	970.29	44	11	-1	13.18	13.18
Saccade L	1	1	8147737215	8147813162	75947	791.90	972.60	509.33	472.99	13.37	451.26	0.42	176.05	18086.80	-19767.81	9756.75
Saccade R	1	1	8147737215	8147813162	75947	791.90	972.60	509.33	472.99	13.37	451.26	0.42	176.05	18086.80	-19767.81	9756.75
Fixation L	1	2	8147813162	8147937160	123998	497.07	473.72	21	16	-1	13.22	13.22
Fixation R	1	2	8147813162	8147937160	123998	497.07	473.72	21	16	-1	13.32	13.32
Saccade L	1	2	8147937160	8147985161	48001	497.82	478.04	428.73	485.93	1.66	60.45	0.42	34.50	2754.80	-1944.19	1591.20
Saccade R	1	2	8147937160	8147985161	48001	497.82	478.04	428.73	485.93	1.66	60.45	0.42	34.50	2754.80	-1944.19	1591.20
Fixation L	1	3	8147985161	8148625197	640036	358.26	421.96	119	107	-1	13.59	13.59
Fixation R	1	3	8147985161	8148625197	640036	358.26	421.96	119	107	-1	13.44	13.44
Saccade L	1	3	8148625197	8148653179	27982	319.20	407.25	307.66	417.95	0.63	42.02	0.28	22.61	1536.02	-1125.79	843.61
Saccade R	1	3	8148625197	8148653179	27982	319.20	407.25	307.66	417.95	0.63	42.02	0.28	22.61	1536.02	-1125.79	843.61
Fixation L	1	4	8148653179	8148777180	124001	116.02	231.25	327	718	-1	9.80	9.80
UserEvent	1	2	8148726518	# Message: UE-mouseclick left x=354 y=278
Saccade L	1	4	8148777180	8148909213	132033	0.00	0.00	314.12	429.26	42.68	1284.13	0.24	323.25	51444.92	-34472.55	10796.32
Saccade R	1	4	8148777180	8148909213	132033	0.00	0.00	314.12	429.26	42.68	1284.13	0.24	323.25	51444.92	-34472.55	10796.32
Fixation L	1	5	8148909213	8149061053	151840	312.17	415.84	21	21	-1	13.59	13.59
Fixation R	1	4	8148909213	8149061053	151840	312.17	415.84	21	21	-1	13.42	13.42
Saccade L	1	5	8149061053	8149101126	40073	325.79	413.72	348.06	382.93	1.42	97.13	0.60	35.33	3303.02	-2655.09	1505.57
Saccade R	1	5	8149061053	8149101126	40073	325.79	413.72	348.06	382.93	1.42	97.13	0.60	35.33	3303.02	-2655.09	1505.57
Saccade L	1	6	8149101126	8149121082	19956	348.06	382.93	352.44	351.24	0.59	64.37	0.40	29.38	366.35	-1650.65	754.29
Saccade R	1	6	8149101126	8149121082	19956	348.06	382.93	352.44	351.24	0.59	64.37	0.40	29.38	366.35	-1650.65	754.29
Fixation L	1	6	8149121082	8149461068	339986	350.25	384.01	35	49	-1	14.04	14.04
Fixation R	1	5	8149121082	8149461068	339986	350.25	384.01	35	49	-1	13.74	13.74
Saccade L	1	7	8149461068	8149505066	43998	338.06	363.81	356.89	406.26	1.03	45.95	0.55	23.40	1517.67	-1073.77	736.76
Saccade R	1	7	8149461068	8149505066	43998	338.06	363.81	356.89	406.26	1.03	45.95	0.55	23.40	1517.67	-1073.77	736.76
Saccade L	1	8	8149505066	8149569063	63997	356.89	406.26	343.00	337.06	2.31	81.38	0.44	36.11	3019.92	-2518.29	1314.29
Saccade R	1	8	8149505066	8149569063	63997	356.89	406.26	343.00	337.06	2.31	81.38	0.44	36.11	3019.92	-2518.29	1314.29
Fixation L	1	7	8149569063	8149753075	184012	352.35	333.24	17	44	-1	13.77	13.77
Fixation R	1	6	8149569063	8149753075	184012	352.35	333.24	17	44	-1	13.29	13.29
Saccade L	1	9	8149753075	8149777064	23989	353.22	348.30	345.02	375.81	0.60	44.97	0.50	24.89	1777.31	-1523.05	1226.87
Saccade R	1	9	8149753075	8149777064	23989	353.22	348.30	345.02	375.81	0.60	44.97	0.50	24.89	1777.31	-1523.05	1226.87
Fixation L	1	8	8149777064	8150049096	272032	346.21	378.46	24	57	-1	13.73	13.73
Fixation R	1	7	8149777064	8150049096	272032	346.21	378.46	24	57	-1	13.30	13.30
UserEvent	1	3	8150030538	# Message: UE-mouseclick left x=362 y=273
Saccade L	1	10	8150049096	8150117080	67984	351.10	402.65	341.30	339.42	1.54	40.22	0.41	22.62	1077.15	-962.28	625.13
Saccade R	1	10	8150049096	8150117080	67984	351.10	402.65	341.30	339.42	1.54	40.22	0.41	22.62	1077.15	-962.28	625.13
Fixation L	1	9	8150117080	8150257071	139991	345.79	338.98	8	15	-1	13.77	13.77
Fixation R	1	8	8150117080	8150257071	139991	345.79	338.98	8	15	-1	13.62	13.62
Saccade L	1	11	8150257071	8150289076	32005	344.36	346.65	333.36	363.17	0.78	57.27	0.38	24.41	2008.60	-2073.44	1322.19
Saccade R	1	11	8150257071	8150289076	32005	344.36	346.65	333.36	363.17	0.78	57.27	0.38	24.41	2008.60	-2073.44	1322.19
Fixation L	1	10	8150289076	8150364994	75918	330.35	376.96	12	32	-1	13.93	13.93
Fixation R	1	9	8150289076	8150364994	75918	330.35	376.96	12	32	-1	13.79	13.79
Saccade L	1	12	8150364994	8150425092	60098	325.35	394.88	340.32	581.16	4.79	290.58	0.73	79.67	12800.07	-13111.93	5778.75
Saccade R	1	12	8150364994	8150425092	60098	325.35	394.88	340.32	581.16	4.79	290.58	0.73	79.67	12800.07	-13111.93	5778.75
Fixation L	1	11	8150425092	8150532978	107886	342.66	616.42	10	56	-1	14.13	14.13
Fixation R	1	10	8150425092	8150532978	107886	342.66	616.42	10	56	-1	14.05	14.05
Saccade L	1	13	8150532978	8150576960	43982	346.01	636.68	354.59	686.14	1.11	49.60	0.36	25.13	1974.43	-1583.91	1103.74
Saccade R	1	13	8150532978	8150576960	43982	346.01	636.68	354.59	686.14	1.11	49.60	0.36	25.13	1974.43	-1583.91	1103.74
Fixation L	1	12	8150576960	8150813008	236048	359.80	658.19	18	63	-1	14.08	14.08
Fixation R	1	11	8150576960	8150813008	236048	359.80	658.19	18	63	-1	13.96	13.96
UserEvent	1	4	8150702604	# Message: UE-mouseclick left x=408 y=384
