[BeGaze]
Converted from:	D:\Kirillov\Results\ermolova_temp\Anna-eye_data.idf
Date:	17.04.2019 03:52:53
Version:	BeGaze 3.0.181
Sample Rate:	250
Subject:	Anna
Description:	Run15

Table Header for Fixations:
Event Type	Trial	Number	Start	End	Duration	Location X	Location Y	Dispersion X	Dispersion Y	Plane	Avg. Pupil Size X	Avg. Pupil Size Y

Table Header for Saccades:
Event Type	Trial	Number	Start	End	Duration	Start Loc.X	Start Loc.Y	End Loc.X	End Loc.Y	Amplitude	Peak Speed	Peak Speed At	Average Speed	Peak Accel.	Peak Decel.	Average Accel.

Table Header for User Events:
Event Type	Trial	Number	Start	Description

UserEvent	1	1	3492092547	# Message: experiment-11.jpg
Fixation L	1	1	3492119758	3492343769	224011	658.33	377.68	46	26	-1	14.01	14.01
Fixation R	1	1	3492119758	3492343769	224011	658.33	377.68	46	26	-1	14.38	14.38
Saccade L	1	1	3492343769	3492399773	56004	647.43	372.88	943.40	516.42	8.13	349.03	0.29	145.24	17084.93	-13415.64	9020.92
Saccade R	1	1	3492343769	3492399773	56004	647.43	372.88	943.40	516.42	8.13	349.03	0.29	145.24	17084.93	-13415.64	9020.92
Saccade L	1	2	3492431788	3492467768	35980	950.90	493.40	0.00	0.00	26.80	2191.14	0.67	744.86	83378.88	-87472.33	53051.75
Saccade L	1	3	3492579775	3492611790	32015	796.58	693.16	0.00	0.00	24.39	2333.61	0.62	761.98	92265.09	-100530.96	59513.34
Saccade R	1	2	3492579775	3492611790	32015	796.58	693.16	0.00	0.00	24.39	2333.61	0.62	761.98	92265.09	-100530.96	59513.34
Saccade L	1	4	3492807768	3492903792	96024	0.00	0.00	1222.26	351.43	50.34	2056.43	0.25	524.29	49629.32	-65926.67	20730.15
Fixation L	1	2	3492903792	3493127644	223852	1211.04	364.99	23	34	-1	12.05	12.05
Fixation R	1	2	3492903792	3493127644	223852	1211.04	364.99	23	34	-1	12.42	12.42
Saccade L	1	5	3493127644	3493187641	59997	1212.21	374.32	729.67	715.91	13.03	542.29	0.47	217.15	23300.40	-23761.25	13937.76
Saccade R	1	3	3493127644	3493187641	59997	1212.21	374.32	729.67	715.91	13.03	542.29	0.47	217.15	23300.40	-23761.25	13937.76
Fixation L	1	3	3493187641	3493299662	112021	721.86	729.91	10	24	-1	12.92	12.92
Fixation R	1	3	3493187641	3493299662	112021	721.86	729.91	10	24	-1	12.23	12.23
Saccade L	1	6	3493299662	3493327650	27988	726.56	731.77	675.78	724.64	1.07	89.66	0.57	38.23	4055.76	-3792.80	2842.02
Saccade R	1	4	3493299662	3493327650	27988	726.56	731.77	675.78	724.64	1.07	89.66	0.57	38.23	4055.76	-3792.80	2842.02
Fixation L	1	4	3493327650	3493459659	132009	668.69	729.81	11	23	-1	12.78	12.78
Fixation R	1	4	3493327650	3493459659	132009	668.69	729.81	11	23	-1	12.27	12.27
Saccade L	1	7	3493459659	3493531664	72005	669.57	733.36	806.51	344.35	9.56	362.21	0.28	132.80	16771.79	-10212.46	7541.82
Saccade R	1	5	3493459659	3493531664	72005	669.57	733.36	806.51	344.35	9.56	362.21	0.28	132.80	16771.79	-10212.46	7541.82
Fixation L	1	5	3493531664	3493699674	168010	790.64	347.70	29	24	-1	12.13	12.13
Fixation R	1	5	3493531664	3493699674	168010	790.64	347.70	29	24	-1	12.08	12.08
Saccade L	1	8	3493699674	3493739691	40017	790.81	362.80	895.57	367.99	2.24	147.22	0.40	56.02	6637.05	-6494.67	4212.04
Saccade R	1	6	3493699674	3493739691	40017	790.81	362.80	895.57	367.99	2.24	147.22	0.40	56.02	6637.05	-6494.67	4212.04
Fixation L	1	6	3493739691	3493887690	147999	904.78	366.28	20	14	-1	11.81	11.81
Fixation R	1	6	3493739691	3493887690	147999	904.78	366.28	20	14	-1	11.94	11.94
Saccade L	1	9	3493887690	3493931700	44010	898.58	358.84	748.07	765.54	9.08	382.80	0.64	206.26	17014.58	-17722.99	12546.93
Saccade R	1	7	3493887690	3493931700	44010	898.58	358.84	748.07	765.54	9.08	382.80	0.64	206.26	17014.58	-17722.99	12546.93
Fixation L	1	7	3493931700	3494275669	343969	717.26	779.51	41	52	-1	12.66	12.66
Fixation R	1	7	3493931700	3494275669	343969	717.26	779.51	41	52	-1	12.55	12.55
Saccade L	1	10	3494275669	3494303666	27997	719.04	794.42	725.59	667.80	2.56	211.92	0.43	91.31	9175.54	-9338.76	6831.30
Saccade R	1	8	3494275669	3494303666	27997	719.04	794.42	725.59	667.80	2.56	211.92	0.43	91.31	9175.54	-9338.76	6831.30
Fixation L	1	8	3494303666	3494383683	80017	720.26	664.67	16	10	-1	12.47	12.47
Fixation R	1	8	3494303666	3494383683	80017	720.26	664.67	16	10	-1	12.63	12.63
Saccade L	1	11	3494383683	3494427690	44007	709.41	658.79	0.00	0.00	24.60	2209.31	0.73	558.97	84996.49	-95191.24	43100.95
Saccade R	1	9	3494383683	3494427690	44007	709.41	658.79	0.00	0.00	24.60	2209.31	0.73	558.97	84996.49	-95191.24	43100.95
Fixation L	1	9	3494427690	3494483574	55884	0.00	0.00	0	0	-1	11.22	11.22
Fixation R	1	9	3494427690	3494483574	55884	0.00	0.00	0	0	-1	11.28	11.28
Fixation L	1	10	3494611578	3494795559	183981	1024.18	424.89	22	39	-1	12.23	12.23
Fixation R	1	10	3494611578	3494795559	183981	1024.18	424.89	22	39	-1	12.86	12.86
Saccade L	1	12	3494795559	3494827559	32000	1038.16	403.34	910.68	389.43	2.67	180.77	0.50	83.29	8040.28	-8210.48	5882.52
Saccade R	1	10	3494795559	3494827559	32000	1038.16	403.34	910.68	389.43	2.67	180.77	0.50	83.29	8040.28	-8210.48	5882.52
Fixation L	1	11	3494827559	3495123595	296036	921.30	388.82	26	50	-1	12.66	12.66
Fixation R	1	11	3494827559	3495123595	296036	921.30	388.82	26	50	-1	13.34	13.34
Saccade L	1	13	3495123595	3495151572	27977	915.62	419.42	907.65	393.07	0.62	41.18	0.57	22.29	1479.67	-574.55	749.61
Saccade R	1	11	3495123595	3495151572	27977	915.62	419.42	907.65	393.07	0.62	41.18	0.57	22.29	1479.67	-574.55	749.61
Saccade L	1	14	3495187578	3495283570	95992	901.12	408.21	1084.41	380.32	6.29	265.89	0.33	65.49	11962.34	-11276.84	3852.64
Saccade R	1	12	3495187578	3495283570	95992	901.12	408.21	1084.41	380.32	6.29	265.89	0.33	65.49	11962.34	-11276.84	3852.64
Fixation L	1	12	3495283570	3495403569	119999	1089.98	375.49	20	20	-1	12.91	12.91
Fixation R	1	12	3495283570	3495403569	119999	1089.98	375.49	20	20	-1	13.62	13.62
Fixation L	1	13	3495451578	3495503599	52021	1082.70	369.07	13	6	-1	12.92	12.92
Fixation R	1	13	3495451578	3495503599	52021	1082.70	369.07	13	6	-1	13.63	13.63
Saccade L	1	15	3495503599	3495543584	39985	1088.01	371.85	966.13	371.23	2.72	179.08	0.40	68.15	8588.41	-8144.88	4925.83
Saccade R	1	13	3495503599	3495543584	39985	1088.01	371.85	966.13	371.23	2.72	179.08	0.40	68.15	8588.41	-8144.88	4925.83
Fixation L	1	14	3495543584	3495951541	407957	976.09	361.59	25	28	-1	13.28	13.28
Fixation R	1	14	3495543584	3495951541	407957	976.09	361.59	25	28	-1	13.59	13.59
Saccade L	1	16	3495951541	3495995492	43951	968.30	362.73	0.00	0.00	26.65	2133.67	0.73	606.27	82236.69	-89904.04	46142.99
Saccade R	1	14	3495951541	3495995492	43951	968.30	362.73	0.00	0.00	26.65	2133.67	0.73	606.27	82236.69	-89904.04	46142.99
Fixation L	1	15	3496135468	3496247478	112010	946.90	372.01	28	20	-1	13.74	13.74
Fixation R	1	15	3496135468	3496247478	112010	946.90	372.01	28	20	-1	14.09	14.09
Saccade L	1	17	3496247478	3496311491	64013	935.85	379.40	784.68	719.88	9.53	391.59	0.44	148.87	17064.59	-16622.40	9750.70
Saccade R	1	15	3496247478	3496311491	64013	935.85	379.40	784.68	719.88	9.53	391.59	0.44	148.87	17064.59	-16622.40	9750.70
Fixation L	1	16	3496311491	3496795474	483983	753.62	722.34	63	33	-1	14.17	14.17
Fixation R	1	16	3496311491	3496895490	583999	663.14	641.38	1075	1133	-1	13.97	13.97
Saccade L	1	18	3496795474	3496835471	39997	733.83	737.13	0.00	0.00	33.17	2636.01	0.70	829.22	95003.29	-111502.17	60144.55
Fixation L	1	17	3496835471	3496895490	60019	0.00	0.00	0	0	-1	11.34	11.34
Fixation L	1	18	3497023493	3497175487	151994	763.52	715.90	38	17	-1	13.18	13.18
Fixation R	1	17	3497023493	3497175487	151994	763.52	715.90	38	17	-1	13.38	13.38
Saccade L	1	19	3497175487	3497203516	28029	747.30	720.20	831.77	713.32	1.68	128.01	0.57	60.03	5922.11	-5621.41	4267.60
Saccade R	1	16	3497175487	3497203516	28029	747.30	720.20	831.77	713.32	1.68	128.01	0.57	60.03	5922.11	-5621.41	4267.60
Fixation L	1	19	3497203516	3497343372	139856	824.35	721.30	17	17	-1	13.40	13.40
Fixation R	1	18	3497203516	3497343372	139856	824.35	721.30	17	17	-1	13.60	13.60
Saccade L	1	20	3497343372	3497395377	52005	821.38	713.02	883.45	685.59	1.47	67.30	0.31	28.29	2819.07	-2270.92	1384.46
Saccade R	1	17	3497343372	3497395377	52005	821.38	713.02	883.45	685.59	1.47	67.30	0.31	28.29	2819.07	-2270.92	1384.46
Fixation L	1	20	3497395377	3497511396	116019	896.67	683.41	25	30	-1	13.25	13.25
Fixation R	1	19	3497395377	3497511396	116019	896.67	683.41	25	30	-1	13.63	13.63
Saccade L	1	21	3497511396	3497575389	63993	904.98	702.61	838.26	705.06	1.52	44.11	0.56	23.73	1012.31	-1493.80	842.24
Saccade R	1	18	3497511396	3497575389	63993	904.98	702.61	838.26	705.06	1.52	44.11	0.56	23.73	1012.31	-1493.80	842.24
Fixation L	1	21	3497575389	3497743432	168043	835.57	706.85	33	8	-1	13.33	13.33
Fixation R	1	20	3497575389	3497743432	168043	835.57	706.85	33	8	-1	13.65	13.65
Saccade L	1	22	3497743432	3497791382	47950	808.68	714.36	1094.48	297.97	10.75	461.80	0.42	224.25	21804.98	-18037.36	13806.26
Saccade R	1	19	3497743432	3497791382	47950	808.68	714.36	1094.48	297.97	10.75	461.80	0.42	224.25	21804.98	-18037.36	13806.26
Fixation L	1	22	3497791382	3498075398	284016	1084.51	319.13	18	30	-1	13.11	13.11
Fixation R	1	21	3497791382	3498075398	284016	1084.51	319.13	18	30	-1	13.69	13.69
Saccade L	1	23	3498075398	3498107395	31997	1081.06	319.64	1149.66	319.09	1.41	100.90	0.50	44.12	4705.42	-4692.35	3416.60
Saccade R	1	20	3498075398	3498107395	31997	1081.06	319.64	1149.66	319.09	1.41	100.90	0.50	44.12	4705.42	-4692.35	3416.60
Fixation L	1	23	3498107395	3498251377	143982	1151.16	325.79	11	40	-1	12.99	12.99
Fixation R	1	22	3498107395	3498251377	143982	1151.16	325.79	11	40	-1	13.63	13.63
Saccade L	1	24	3498251377	3498311381	60004	1147.15	354.91	1191.19	383.10	1.26	45.60	0.47	21.04	1569.51	-1589.59	831.82
Saccade R	1	21	3498251377	3498311381	60004	1147.15	354.91	1191.19	383.10	1.26	45.60	0.47	21.04	1569.51	-1589.59	831.82
Fixation L	1	24	3498311381	3498791289	479908	1188.05	390.39	22	31	-1	13.47	13.47
Fixation R	1	23	3498311381	3498791289	479908	1188.05	390.39	22	31	-1	14.30	14.30
Saccade L	1	25	3498791289	3498819291	28002	1189.23	405.30	1191.28	421.24	0.55	45.53	0.71	19.81	1066.26	-810.30	454.64
Saccade R	1	22	3498791289	3498819291	28002	1189.23	405.30	1191.28	421.24	0.55	45.53	0.71	19.81	1066.26	-810.30	454.64
Fixation L	1	25	3498819291	3499027302	208011	1180.98	404.09	21	29	-1	13.40	13.40
Fixation R	1	24	3498819291	3499027302	208011	1180.98	404.09	21	29	-1	14.50	14.50
Saccade L	1	26	3499027302	3499083280	55978	1175.77	400.58	882.10	682.62	9.21	410.39	0.50	164.56	18663.60	-14664.33	10222.42
Saccade R	1	23	3499027302	3499083280	55978	1175.77	400.58	882.10	682.62	9.21	410.39	0.50	164.56	18663.60	-14664.33	10222.42
Fixation L	1	26	3499083280	3499167316	84036	870.63	685.26	21	16	-1	14.09	14.09
Fixation R	1	25	3499083280	3499167316	84036	870.63	685.26	21	16	-1	14.65	14.65
Saccade L	1	27	3499167316	3499203276	35960	870.51	678.42	0.00	0.00	25.02	2271.72	0.67	695.77	89678.96	-96339.62	55316.12
Saccade R	1	24	3499167316	3499203276	35960	870.51	678.42	0.00	0.00	25.02	2271.72	0.67	695.77	89678.96	-96339.62	55316.12
Saccade L	1	28	3499319287	3499371305	52018	913.98	686.44	739.78	723.47	4.77	209.97	0.31	91.73	8449.95	-7889.01	5255.85
Saccade R	1	25	3499319287	3499371305	52018	913.98	686.44	739.78	723.47	4.77	209.97	0.31	91.73	8449.95	-7889.01	5255.85
Fixation L	1	27	3499371305	3499779328	408023	730.81	705.75	37	39	-1	13.42	13.42
Fixation R	1	26	3499371305	3499779328	408023	730.81	705.75	37	39	-1	13.90	13.90
Saccade L	1	29	3499779328	3499827327	47999	727.44	691.46	583.18	383.69	7.44	391.98	0.42	154.97	17864.58	-15139.08	10598.90
Saccade R	1	26	3499779328	3499827327	47999	727.44	691.46	583.18	383.69	7.44	391.98	0.42	154.97	17864.58	-15139.08	10598.90
Fixation L	1	28	3499827327	3499883236	55909	574.45	386.37	12	12	-1	13.31	13.31
Fixation R	1	27	3499827327	3499883236	55909	574.45	386.37	12	12	-1	13.34	13.34
Saccade L	1	30	3499883236	3499923296	40060	572.27	391.26	0.00	0.00	21.92	1638.79	0.70	547.06	65020.84	-72849.89	40898.92
Saccade R	1	27	3499883236	3499923296	40060	572.27	391.26	0.00	0.00	21.92	1638.79	0.70	547.06	65020.84	-72849.89	40898.92
Fixation L	1	29	3499923296	3499979341	56045	0.00	0.00	0	0	-1	11.68	11.68
Fixation R	1	28	3499923296	3499979341	56045	0.00	0.00	0	0	-1	11.09	11.09
Fixation L	1	30	3500099189	3500319200	220011	740.80	669.10	38	29	-1	13.20	13.20
Fixation R	1	29	3500099189	3500319200	220011	740.80	669.10	38	29	-1	13.47	13.47
Saccade L	1	31	3500319200	3500375200	56000	743.59	680.60	904.64	284.49	9.59	340.34	0.43	171.32	14208.86	-12185.39	8933.31
Saccade R	1	28	3500319200	3500375200	56000	743.59	680.60	904.64	284.49	9.59	340.34	0.43	171.32	14208.86	-12185.39	8933.31
Fixation L	1	31	3500375200	3500495204	120004	875.77	298.04	53	27	-1	13.23	13.23
Fixation R	1	30	3500375200	3500495204	120004	875.77	298.04	53	27	-1	13.68	13.68
Saccade L	1	32	3500495204	3500519197	23993	852.29	308.97	857.67	179.24	2.59	249.76	0.50	108.13	10036.48	-10201.40	7611.02
Saccade R	1	29	3500495204	3500519197	23993	852.29	308.97	857.67	179.24	2.59	249.76	0.50	108.13	10036.48	-10201.40	7611.02
Saccade L	1	33	3500559192	3500607230	48038	863.80	174.75	620.96	336.14	8.87	353.03	0.25	184.58	14919.59	-16157.17	9778.59
Saccade R	1	30	3500559192	3500607230	48038	863.80	174.75	620.96	336.14	8.87	353.03	0.25	184.58	14919.59	-16157.17	9778.59
Fixation L	1	32	3500607230	3501019197	411967	626.39	363.48	28	57	-1	13.24	13.24
Fixation R	1	31	3500607230	3501019197	411967	626.39	363.48	28	57	-1	13.46	13.46
Saccade L	1	34	3501019197	3501055204	36007	632.04	341.84	722.45	465.56	3.38	204.05	0.45	93.90	9447.21	-9195.40	6754.21
Saccade R	1	31	3501019197	3501055204	36007	632.04	341.84	722.45	465.56	3.38	204.05	0.45	93.90	9447.21	-9195.40	6754.21
Saccade L	1	35	3501099203	3501147222	48019	721.95	487.09	713.15	569.38	1.82	122.55	0.50	37.94	4630.67	-4600.49	2300.56
Saccade R	1	32	3501099203	3501147222	48019	721.95	487.09	713.15	569.38	1.82	122.55	0.50	37.94	4630.67	-4600.49	2300.56
Saccade L	1	36	3501147222	3501191199	43977	713.15	569.38	698.43	482.11	1.97	135.18	0.73	44.87	5846.37	-4238.88	2468.37
Saccade R	1	33	3501147222	3501191199	43977	713.15	569.38	698.43	482.11	1.97	135.18	0.73	44.87	5846.37	-4238.88	2468.37
Saccade L	1	37	3501191199	3501235196	43997	698.43	482.11	614.45	347.12	3.48	186.31	0.36	79.18	8004.99	-7514.95	4668.16
Saccade R	1	34	3501191199	3501235196	43997	698.43	482.11	614.45	347.12	3.48	186.31	0.36	79.18	8004.99	-7514.95	4668.16
Fixation L	1	33	3501235196	3501571086	335890	481.35	278.95	855	1044	-1	12.27	12.27
Fixation R	1	32	3501235196	3501475118	239922	613.65	337.23	23	25	-1	13.34	13.34
Saccade L	1	38	3501571086	3501687129	116043	0.00	0.00	876.36	405.01	38.53	2080.42	0.24	332.00	39701.40	-75866.79	16934.80
Saccade L	1	39	3501687129	3501731131	44002	876.36	405.01	811.23	684.83	6.26	312.41	0.54	142.35	14933.91	-14570.58	9705.15
Saccade R	1	35	3501687129	3501731131	44002	876.36	405.01	811.23	684.83	6.26	312.41	0.54	142.35	14933.91	-14570.58	9705.15
Fixation L	1	34	3501731131	3501859164	128033	796.99	684.29	33	23	-1	13.48	13.48
Fixation R	1	33	3501731131	3501859164	128033	796.99	684.29	33	23	-1	13.87	13.87
Saccade L	1	40	3501859164	3501887102	27938	805.77	690.22	752.29	699.94	1.00	69.42	0.43	35.69	2920.32	-3088.03	2222.93
Saccade R	1	36	3501859164	3501887102	27938	805.77	690.22	752.29	699.94	1.00	69.42	0.43	35.69	2920.32	-3088.03	2222.93
Fixation L	1	35	3501887102	3501999091	111989	752.53	700.63	14	5	-1	13.87	13.87
Fixation R	1	34	3501887102	3501999091	111989	752.53	700.63	14	5	-1	14.22	14.22
Saccade L	1	41	3501999091	3502059114	60023	757.16	699.79	738.20	838.91	3.37	206.00	0.27	56.19	9293.03	-8963.57	4133.16
Saccade R	1	37	3501999091	3502059114	60023	757.16	699.79	738.20	838.91	3.37	206.00	0.27	56.19	9293.03	-8963.57	4133.16
Fixation L	1	36	3502059114	3502151104	91990	734.14	847.13	7	16	-1	13.42	13.42
Fixation R	1	35	3502059114	3502151104	91990	734.14	847.13	7	16	-1	13.84	13.84
Fixation L	1	37	3502211123	3502463099	251976	938.35	853.52	62	26	-1	13.17	13.17
Fixation R	1	36	3502211123	3502463099	251976	938.35	853.52	62	26	-1	13.90	13.90
Saccade L	1	42	3502463099	3502499136	36037	964.07	860.76	965.88	698.32	3.37	228.40	0.33	93.58	10874.77	-10518.97	6971.33
Saccade R	1	38	3502463099	3502499136	36037	964.07	860.76	965.88	698.32	3.37	228.40	0.33	93.58	10874.77	-10518.97	6971.33
Fixation L	1	38	3502499136	3502627141	128005	969.97	707.80	28	19	-1	12.94	12.94
Fixation R	1	37	3502499136	3502627141	128005	969.97	707.80	28	19	-1	13.58	13.58
Saccade L	1	43	3502627141	3502679108	51967	956.10	701.01	1236.35	381.43	9.35	425.17	0.39	179.88	19872.82	-15493.91	11799.52
Saccade R	1	39	3502627141	3502679108	51967	956.10	701.01	1236.35	381.43	9.35	425.17	0.39	179.88	19872.82	-15493.91	11799.52
Fixation L	1	39	3502679108	3502914997	235889	1222.75	371.01	26	41	-1	12.55	12.55
Fixation R	1	38	3502679108	3502914997	235889	1222.75	371.01	26	41	-1	13.31	13.31
Saccade L	1	44	3502914997	3502950981	35984	1212.25	361.44	1116.53	362.47	2.04	135.72	0.45	56.58	6020.41	-6037.33	4129.63
Saccade R	1	40	3502914997	3502950981	35984	1212.25	361.44	1116.53	362.47	2.04	135.72	0.45	56.58	6020.41	-6037.33	4129.63
Fixation L	1	40	3502950981	3503002981	52000	1110.17	363.99	10	4	-1	12.67	12.67
Fixation R	1	39	3502950981	3503002981	52000	1110.17	363.99	10	4	-1	13.13	13.13
Saccade L	1	45	3503002981	3503055020	52039	1107.28	368.12	1205.40	358.71	2.16	116.63	0.54	41.45	4057.16	-4646.35	2610.07
Saccade R	1	41	3503002981	3503055020	52039	1107.28	368.12	1205.40	358.71	2.16	116.63	0.54	41.45	4057.16	-4646.35	2610.07
Fixation L	1	41	3503055020	3503334991	279971	1194.00	383.86	26	52	-1	12.62	12.62
Fixation R	1	40	3503055020	3503334991	279971	1194.00	383.86	26	52	-1	13.07	13.07
Saccade L	1	46	3503334991	3503371027	36036	1180.09	404.65	0.00	0.00	28.19	2283.81	0.67	782.38	98975.12	-100380.45	63636.78
Fixation L	1	42	3503551018	3503915003	363985	924.46	776.01	59	28	-1	12.94	12.94
Fixation R	1	41	3503551018	3503915003	363985	924.46	776.01	59	28	-1	13.53	13.53
Saccade L	1	47	3503915003	3503951014	36011	901.98	774.63	889.54	737.48	0.89	51.04	0.56	24.70	2279.99	-2134.27	1549.34
Saccade R	1	42	3503915003	3503951014	36011	901.98	774.63	889.54	737.48	0.89	51.04	0.56	24.70	2279.99	-2134.27	1549.34
Fixation L	1	43	3503951014	3504187008	235994	901.40	744.13	33	52	-1	12.76	12.76
Fixation R	1	42	3503951014	3504187008	235994	901.40	744.13	33	52	-1	13.26	13.26
Saccade L	1	48	3504187008	3504259029	72021	918.85	771.39	1196.94	329.42	11.60	517.08	0.28	161.12	24858.41	-20446.72	10828.68
Saccade R	1	43	3504187008	3504259029	72021	918.85	771.39	1196.94	329.42	11.60	517.08	0.28	161.12	24858.41	-20446.72	10828.68
Fixation L	1	44	3504259029	3504502938	243909	1171.07	318.79	41	24	-1	12.60	12.60
Fixation R	1	43	3504259029	3504502938	243909	1171.07	318.79	41	24	-1	13.38	13.38
Saccade L	1	49	3504502938	3504550945	48007	1166.18	313.89	1114.64	352.54	1.37	71.95	0.25	28.47	3374.58	-2788.60	1679.25
Saccade R	1	44	3504502938	3504550945	48007	1166.18	313.89	1114.64	352.54	1.37	71.95	0.25	28.47	3374.58	-2788.60	1679.25
Fixation L	1	45	3504550945	3504794900	243955	1121.65	352.90	22	14	-1	12.61	12.61
Fixation R	1	44	3504550945	3504794900	243955	1121.65	352.90	22	14	-1	13.48	13.48
Saccade L	1	50	3504794900	3504866931	72031	1134.73	359.86	888.14	805.11	12.23	461.34	0.28	169.86	22266.37	-17948.86	10290.44
Saccade R	1	45	3504794900	3504866931	72031	1134.73	359.86	888.14	805.11	12.23	461.34	0.28	169.86	22266.37	-17948.86	10290.44
Fixation L	1	46	3504866931	3505070903	203972	882.39	832.97	22	42	-1	13.16	13.16
Fixation R	1	45	3504866931	3505070903	203972	882.39	832.97	22	42	-1	13.65	13.65
Saccade L	1	51	3505070903	3505094944	24041	879.37	845.75	827.17	839.14	0.95	77.22	0.50	39.63	3435.04	-3155.48	2409.52
Saccade R	1	46	3505070903	3505094944	24041	879.37	845.75	827.17	839.14	0.95	77.22	0.50	39.63	3435.04	-3155.48	2409.52
Fixation L	1	47	3505094944	3505270905	175961	571.47	589.98	838	1071	-1	12.92	12.92
Fixation R	1	46	3505094944	3505194902	99958	821.68	835.35	27	11	-1	13.56	13.56
Saccade R	1	47	3505194902	3505226944	32042	809.91	827.34	0.00	0.00	25.72	2382.73	0.62	802.72	95924.72	-100895.85	63900.28
Saccade L	1	52	3505382917	3505450910	67993	917.96	740.53	1118.44	369.35	9.80	456.31	0.53	144.08	22405.75	-19649.10	10243.96
Saccade R	1	48	3505382917	3505450910	67993	917.96	740.53	1118.44	369.35	9.80	456.31	0.53	144.08	22405.75	-19649.10	10243.96
Fixation L	1	48	3505450910	3505858847	407937	1123.81	368.56	17	38	-1	12.95	12.95
Fixation R	1	47	3505450910	3505858847	407937	1123.81	368.56	17	38	-1	13.56	13.56
Saccade L	1	53	3505858847	3505894807	35960	1130.20	370.93	1021.39	370.75	2.32	125.41	0.44	64.60	5776.17	-5610.94	4221.50
Saccade R	1	49	3505858847	3505894807	35960	1130.20	370.93	1021.39	370.75	2.32	125.41	0.44	64.60	5776.17	-5610.94	4221.50
Fixation L	1	49	3505894807	3505986866	92059	1018.65	374.08	13	19	-1	13.11	13.11
Fixation R	1	48	3505894807	3505986866	92059	1018.65	374.08	13	19	-1	13.54	13.54
Saccade L	1	54	3505986866	3506058800	71934	1018.50	386.47	906.19	828.81	10.47	376.80	0.28	145.57	17166.29	-14275.14	8223.97
Saccade R	1	50	3505986866	3506058800	71934	1018.50	386.47	906.19	828.81	10.47	376.80	0.28	145.57	17166.29	-14275.14	8223.97
Fixation L	1	50	3506058800	3506198813	140013	903.07	825.70	16	15	-1	13.04	13.04
Fixation R	1	49	3506058800	3506198813	140013	903.07	825.70	16	15	-1	13.59	13.59
Fixation L	1	51	3506238811	3506366816	128005	871.29	848.18	16	11	-1	13.27	13.27
Fixation R	1	50	3506238811	3506366816	128005	871.29	848.18	16	11	-1	13.78	13.78
Saccade L	1	55	3506366816	3506418825	52009	879.99	847.53	1119.58	373.42	11.58	525.72	0.46	222.72	25848.91	-22153.25	15302.67
Saccade R	1	51	3506366816	3506418825	52009	879.99	847.53	1119.58	373.42	11.58	525.72	0.46	222.72	25848.91	-22153.25	15302.67
Fixation L	1	52	3506418825	3506534819	115994	1122.33	355.63	21	31	-1	12.74	12.74
Fixation R	1	51	3506418825	3506534819	115994	1122.33	355.63	21	31	-1	13.48	13.48
Saccade L	1	56	3506534819	3506570807	35988	1128.79	365.39	0.00	0.00	35.02	2785.21	0.67	973.14	100443.76	-121231.93	69339.05
Saccade L	1	57	3506722845	3506782823	59978	1143.48	365.36	954.76	866.52	12.29	426.73	0.53	204.88	19732.09	-19723.65	11922.79
Saccade R	1	52	3506722845	3506782823	59978	1143.48	365.36	954.76	866.52	12.29	426.73	0.53	204.88	19732.09	-19723.65	11922.79
Fixation L	1	53	3506782823	3506950844	168021	939.51	893.43	29	39	-1	13.15	13.15
Fixation R	1	52	3506782823	3506950844	168021	939.51	893.43	29	39	-1	13.79	13.79
Saccade L	1	58	3506950844	3506982824	31980	929.34	889.29	888.13	887.20	0.85	51.13	0.50	26.62	2311.93	-2189.56	1669.69
Saccade R	1	53	3506950844	3506982824	31980	929.34	889.29	888.13	887.20	0.85	51.13	0.50	26.62	2311.93	-2189.56	1669.69
Fixation L	1	54	3506982824	3507122730	139906	890.11	881.78	17	16	-1	13.27	13.27
Fixation R	1	53	3506982824	3507122730	139906	890.11	881.78	17	16	-1	14.13	14.13
Saccade L	1	59	3507122730	3507150731	28001	894.80	881.59	827.07	883.52	1.39	117.10	0.57	49.48	4764.17	-4786.00	3420.53
Saccade R	1	54	3507122730	3507150731	28001	894.80	881.59	827.07	883.52	1.39	117.10	0.57	49.48	4764.17	-4786.00	3420.53
Fixation L	1	55	3507150731	3507230728	79997	828.86	881.95	12	12	-1	12.98	12.98
Fixation R	1	54	3507150731	3507230728	79997	828.86	881.95	12	12	-1	13.41	13.41
Saccade L	1	60	3507230728	3507286755	56027	831.38	885.44	1006.92	396.90	11.41	480.34	0.36	203.74	23497.55	-19049.45	13165.27
Saccade R	1	55	3507230728	3507286755	56027	831.38	885.44	1006.92	396.90	11.41	480.34	0.36	203.74	23497.55	-19049.45	13165.27
Fixation L	1	56	3507286755	3507574769	288014	1016.70	364.52	33	53	-1	12.59	12.59
Fixation R	1	55	3507286755	3507574769	288014	1016.70	364.52	33	53	-1	13.12	13.12
Saccade L	1	61	3507574769	3507606765	31996	1024.21	373.42	1115.83	362.56	1.95	134.09	0.37	60.89	5848.19	-6030.14	4256.07
Saccade R	1	56	3507574769	3507606765	31996	1024.21	373.42	1115.83	362.56	1.95	134.09	0.37	60.89	5848.19	-6030.14	4256.07
Fixation L	1	57	3507606765	3508082720	475955	1124.47	378.13	24	37	-1	12.74	12.74
Fixation R	1	56	3507606765	3508082720	475955	1124.47	378.13	24	37	-1	13.43	13.43
Saccade L	1	62	3508082720	3508114727	32007	1140.75	360.02	1051.39	358.86	1.81	135.21	0.38	56.41	6072.78	-5948.11	4181.68
Saccade R	1	57	3508082720	3508114727	32007	1140.75	360.02	1051.39	358.86	1.81	135.21	0.38	56.41	6072.78	-5948.11	4181.68
Fixation L	1	58	3508114727	3508674612	559885	1052.18	381.42	14	33	-1	12.91	12.91
Fixation R	1	57	3508114727	3508674612	559885	1052.18	381.42	14	33	-1	13.60	13.60
Saccade L	1	63	3508674612	3508726613	52001	1050.85	393.00	858.69	837.75	10.67	369.01	0.39	205.15	17266.43	-16785.03	11097.46
Saccade R	1	58	3508674612	3508726613	52001	1050.85	393.00	858.69	837.75	10.67	369.01	0.39	205.15	17266.43	-16785.03	11097.46
Fixation L	1	59	3508726613	3508862648	136035	862.47	862.97	18	50	-1	13.47	13.47
Fixation R	1	58	3508726613	3508862648	136035	862.47	862.97	18	50	-1	13.75	13.75
Saccade L	1	64	3508862648	3508906627	43979	853.58	848.73	899.20	826.21	1.15	49.68	0.55	26.25	1782.89	-1889.63	1102.05
Saccade R	1	59	3508862648	3508906627	43979	853.58	848.73	899.20	826.21	1.15	49.68	0.55	26.25	1782.89	-1889.63	1102.05
Fixation L	1	60	3508906627	3509070630	164003	899.50	815.98	13	15	-1	13.51	13.51
Fixation R	1	59	3508906627	3509070630	164003	899.50	815.98	13	15	-1	13.90	13.90
Saccade L	1	65	3509070630	3509106641	36011	895.46	822.78	826.15	814.55	1.70	128.16	0.33	47.18	5794.39	-5557.41	3444.26
Saccade R	1	60	3509070630	3509106641	36011	895.46	822.78	826.15	814.55	1.70	128.16	0.33	47.18	5794.39	-5557.41	3444.26
Fixation L	1	61	3509106641	3509522622	415981	817.22	845.26	41	78	-1	13.09	13.09
Fixation R	1	60	3509106641	3509522622	415981	817.22	845.26	41	78	-1	13.15	13.15
Saccade L	1	66	3509522622	3509574550	51928	795.78	883.30	887.50	859.90	2.36	152.61	0.39	45.47	7070.81	-6290.86	3245.42
Saccade R	1	61	3509522622	3509574550	51928	795.78	883.30	887.50	859.90	2.36	152.61	0.39	45.47	7070.81	-6290.86	3245.42
Fixation L	1	62	3509574550	3509678639	104089	878.68	845.86	15	30	-1	12.75	12.75
Fixation R	1	61	3509574550	3509678639	104089	878.68	845.86	15	30	-1	13.01	13.01
Saccade L	1	67	3509678639	3509702636	23997	879.97	834.17	887.08	794.53	0.74	65.36	0.67	30.76	3004.95	-2086.04	1816.25
Saccade R	1	62	3509678639	3509702636	23997	879.97	834.17	887.08	794.53	0.74	65.36	0.67	30.76	3004.95	-2086.04	1816.25
Fixation L	1	63	3509702636	3509930504	227868	875.06	781.38	44	38	-1	12.82	12.82
Fixation R	1	62	3509702636	3509930504	227868	875.06	781.38	44	38	-1	12.88	12.88
Saccade L	1	68	3509930504	3509962547	32043	855.12	771.70	0.00	0.00	26.05	2420.02	0.62	812.86	95890.07	-103346.74	63608.01
Saccade R	1	63	3509930504	3509962547	32043	855.12	771.70	0.00	0.00	26.05	2420.02	0.62	812.86	95890.07	-103346.74	63608.01
Fixation L	1	64	3509962547	3510026547	64000	0.00	0.00	0	0	-1	13.42	13.42
Fixation R	1	63	3509962547	3510026547	64000	0.00	0.00	0	0	-1	11.56	11.56
Saccade L	1	69	3510026547	3510126524	99977	0.00	0.00	898.29	734.83	44.30	1784.46	0.28	443.07	61305.23	-59202.68	17890.07
Saccade R	1	64	3510026547	3510126524	99977	0.00	0.00	898.29	734.83	44.30	1784.46	0.28	443.07	61305.23	-59202.68	17890.07
Fixation L	1	65	3510126524	3510230514	103990	888.42	737.74	16	10	-1	12.44	12.44
Fixation R	1	64	3510126524	3510230514	103990	888.42	737.74	16	10	-1	12.98	12.98
Saccade L	1	70	3510230514	3510278515	48001	888.24	746.35	1081.54	424.46	8.24	418.43	0.42	171.74	20401.37	-19513.72	12728.93
Saccade R	1	65	3510230514	3510278515	48001	888.24	746.35	1081.54	424.46	8.24	418.43	0.42	171.74	20401.37	-19513.72	12728.93
Fixation L	1	66	3510278515	3510614544	336029	1087.57	407.94	17	46	-1	12.28	12.28
Fixation R	1	65	3510278515	3510614544	336029	1087.57	407.94	17	46	-1	13.06	13.06
Saccade L	1	71	3510614544	3510658556	44012	1080.94	395.38	961.95	373.35	2.74	148.58	0.36	62.31	6963.05	-6222.64	4056.96
Saccade R	1	66	3510614544	3510658556	44012	1080.94	395.38	961.95	373.35	2.74	148.58	0.36	62.31	6963.05	-6222.64	4056.96
Fixation L	1	67	3510658556	3510818533	159977	955.77	363.97	9	17	-1	12.35	12.35
Fixation R	1	66	3510658556	3510818533	159977	955.77	363.97	9	17	-1	12.75	12.75
Saccade L	1	72	3510818533	3510858539	40006	950.38	362.60	1113.18	367.16	3.62	262.10	0.50	90.58	11781.46	-11857.38	7375.49
Saccade R	1	67	3510818533	3510858539	40006	950.38	362.60	1113.18	367.16	3.62	262.10	0.50	90.58	11781.46	-11857.38	7375.49
Fixation L	1	68	3510858539	3510930559	72020	1107.66	354.31	7	22	-1	12.23	12.23
Fixation R	1	67	3510858539	3510930559	72020	1107.66	354.31	7	22	-1	12.90	12.90
Saccade L	1	73	3510930559	3510990550	59991	1104.33	362.13	807.34	768.67	11.97	448.15	0.33	199.46	22197.21	-16598.69	11960.93
Saccade R	1	68	3510930559	3510990550	59991	1104.33	362.13	807.34	768.67	11.97	448.15	0.33	199.46	22197.21	-16598.69	11960.93
Fixation L	1	69	3510990550	3511078542	87992	820.99	788.00	21	23	-1	12.99	12.99
Fixation R	1	68	3510990550	3511078542	87992	820.99	788.00	21	23	-1	12.84	12.84
Saccade L	1	74	3511078542	3511138549	60007	826.63	788.80	759.45	866.60	2.38	129.43	0.40	39.63	5396.33	-4695.67	2492.29
Saccade R	1	69	3511078542	3511138549	60007	826.63	788.80	759.45	866.60	2.38	129.43	0.40	39.63	5396.33	-4695.67	2492.29
Fixation L	1	70	3511138549	3511214550	76001	766.37	870.18	15	8	-1	12.81	12.81
Fixation R	1	69	3511138549	3511214550	76001	766.37	870.18	15	8	-1	12.79	12.79
Saccade L	1	75	3511214550	3511238557	24007	773.33	867.16	747.56	878.65	0.78	69.42	0.50	32.31	2990.99	-2428.26	1977.67
Saccade R	1	70	3511214550	3511238557	24007	773.33	867.16	747.56	878.65	0.78	69.42	0.50	32.31	2990.99	-2428.26	1977.67
Fixation L	1	71	3511238557	3511382424	143867	740.99	874.98	14	23	-1	12.97	12.97
Fixation R	1	70	3511238557	3511382424	143867	740.99	874.98	14	23	-1	12.99	12.99
Saccade L	1	76	3511382424	3511438435	56011	742.39	869.31	710.65	720.59	3.88	242.13	0.29	69.19	11831.46	-10980.06	5387.33
Saccade R	1	71	3511382424	3511438435	56011	742.39	869.31	710.65	720.59	3.88	242.13	0.29	69.19	11831.46	-10980.06	5387.33
Fixation L	1	72	3511438435	3511614419	175984	715.22	728.35	18	20	-1	13.01	13.01
Fixation R	1	71	3511438435	3511614419	175984	715.22	728.35	18	20	-1	13.04	13.04
Saccade L	1	77	3511614419	3511690445	76026	728.29	738.89	564.67	292.88	10.48	466.98	0.21	137.86	22117.66	-18152.66	8722.71
Saccade R	1	72	3511614419	3511690445	76026	728.29	738.89	564.67	292.88	10.48	466.98	0.21	137.86	22117.66	-18152.66	8722.71
Fixation L	1	73	3511690445	3511794424	103979	582.43	293.13	27	10	-1	12.88	12.88
Fixation R	1	72	3511690445	3511794424	103979	582.43	293.13	27	10	-1	13.08	13.08
Saccade L	1	78	3511794424	3511870432	76008	590.86	299.38	869.87	395.62	6.76	314.50	0.42	88.89	14852.63	-13156.00	6037.96
Saccade R	1	73	3511794424	3511870432	76008	590.86	299.38	869.87	395.62	6.76	314.50	0.42	88.89	14852.63	-13156.00	6037.96
Fixation L	1	74	3511870432	3512274459	404027	890.58	374.04	46	34	-1	12.89	12.89
Fixation R	1	73	3511870432	3512346451	476019	794.47	334.92	924	536	-1	12.88	12.88
Saccade L	1	79	3512274459	3512306447	31988	915.96	360.65	0.00	0.00	21.56	1972.20	0.62	674.11	79547.64	-82911.63	54187.64
Saccade L	1	80	3512474452	3512550472	76020	713.37	899.58	651.47	867.72	2.35	104.62	0.74	30.91	3626.92	-4446.55	1502.80
Saccade R	1	74	3512474452	3512550472	76020	713.37	899.58	651.47	867.72	2.35	104.62	0.74	30.91	3626.92	-4446.55	1502.80
Fixation L	1	75	3512550472	3512746471	195999	660.27	881.99	21	33	-1	13.44	13.44
Fixation R	1	74	3512550472	3512746471	195999	660.27	881.99	21	33	-1	13.83	13.83
Saccade L	1	81	3512746471	3512834350	87879	654.92	892.51	485.44	168.95	16.61	599.15	0.32	188.96	27047.46	-26075.39	11309.01
Saccade R	1	75	3512746471	3512834350	87879	654.92	892.51	485.44	168.95	16.61	599.15	0.32	188.96	27047.46	-26075.39	11309.01
