[BeGaze]
Converted from:	D:\Kirillov\Results\ermolova_temp\sasha-eye_data.idf
Date:	17.04.2019 03:52:35
Version:	BeGaze 3.0.181
Sample Rate:	250
Subject:	sasha
Description:	Run9

Table Header for Fixations:
Event Type	Trial	Number	Start	End	Duration	Location X	Location Y	Dispersion X	Dispersion Y	Plane	Avg. Pupil Size X	Avg. Pupil Size Y

Table Header for Saccades:
Event Type	Trial	Number	Start	End	Duration	Start Loc.X	Start Loc.Y	End Loc.X	End Loc.Y	Amplitude	Peak Speed	Peak Speed At	Average Speed	Peak Accel.	Peak Decel.	Average Accel.

Table Header for User Events:
Event Type	Trial	Number	Start	Description

UserEvent	1	1	961447630	# Message: experiment-06.jpg
Fixation L	1	1	961461797	961755165	293368	435.07	361.57	18	10	-1	17.46	17.46
Fixation R	1	1	961461797	961755165	293368	435.07	361.57	18	10	-1	16.55	16.55
Fixation R	1	2	961843178	961991178	148000	290.74	184.14	1339	1144	-1	7.46	7.46
Saccade R	1	1	961991178	962039177	47999	0.00	0.00	927.20	460.32	25.07	1749.90	0.25	522.28	74022.44	-55010.81	33016.82
Saccade L	1	1	962039177	962151170	111993	927.20	460.32	520.96	541.00	14.30	488.76	0.61	127.66	21799.93	-20161.76	7233.47
Saccade R	1	2	962039177	962151170	111993	927.20	460.32	520.96	541.00	14.30	488.76	0.61	127.66	21799.93	-20161.76	7233.47
Fixation L	1	2	962151170	962435196	284026	534.89	551.49	26	23	-1	15.48	15.48
Fixation R	1	3	962151170	962435196	284026	534.89	551.49	26	23	-1	14.78	14.78
Saccade L	1	2	962435196	962479207	44011	532.28	551.56	436.68	585.64	2.35	150.29	0.36	53.42	6476.29	-5933.54	3577.55
Saccade R	1	3	962435196	962479207	44011	532.28	551.56	436.68	585.64	2.35	150.29	0.36	53.42	6476.29	-5933.54	3577.55
Saccade L	1	3	962479207	962507093	27886	436.68	585.64	432.72	653.48	0.86	70.34	0.72	30.76	2222.71	52.60	1296.08
Saccade R	1	4	962479207	962507093	27886	436.68	585.64	432.72	653.48	0.86	70.34	0.72	30.76	2222.71	52.60	1296.08
Saccade L	1	4	962507093	962543183	36090	432.72	653.48	364.63	559.92	2.49	141.43	0.56	69.02	4237.71	-5720.06	3190.25
Saccade R	1	5	962507093	962543183	36090	432.72	653.48	364.63	559.92	2.49	141.43	0.56	69.02	4237.71	-5720.06	3190.25
Saccade L	1	5	962571205	962627179	55974	376.88	549.97	424.61	574.22	2.80	133.67	0.43	49.94	4586.11	-3641.73	2455.64
Saccade R	1	6	962571205	962627179	55974	376.88	549.97	424.61	574.22	2.80	133.67	0.43	49.94	4586.11	-3641.73	2455.64
Fixation R	1	4	962627179	962759177	131998	77.87	164.44	600	799	-1	7.00	7.00
Fixation L	1	3	962879201	962991158	111957	1009.31	602.55	36	33	-1	15.40	15.40
Fixation R	1	5	962879201	962991158	111957	1009.31	602.55	36	33	-1	14.97	14.97
Saccade L	1	6	962991158	963039178	48020	987.95	620.31	1092.60	595.09	3.09	221.49	0.33	64.34	9541.15	-8157.97	4736.98
Saccade R	1	7	962991158	963039178	48020	987.95	620.31	1092.60	595.09	3.09	221.49	0.33	64.34	9541.15	-8157.97	4736.98
Fixation L	1	4	963039178	963259056	219878	1087.51	598.37	39	13	-1	15.77	15.77
Fixation R	1	6	963039178	963259056	219878	1087.51	598.37	39	13	-1	15.31	15.31
Saccade L	1	7	963259056	963347079	88023	1091.95	598.35	501.02	686.71	15.37	449.29	0.41	174.66	18215.42	-18131.91	7518.37
Saccade R	1	8	963259056	963347079	88023	1091.95	598.35	501.02	686.71	15.37	449.29	0.41	174.66	18215.42	-18131.91	7518.37
Saccade L	1	8	963367062	963415067	48005	495.42	740.92	446.66	718.99	1.73	96.38	0.25	36.04	1399.61	-3017.11	1062.89
Saccade R	1	9	963367062	963415067	48005	495.42	740.92	446.66	718.99	1.73	96.38	0.25	36.04	1399.61	-3017.11	1062.89
Saccade L	1	9	963415067	963443036	27969	446.66	718.99	405.41	722.52	1.00	60.42	0.71	35.77	1566.40	-1699.47	1110.23
Saccade R	1	10	963415067	963443036	27969	446.66	718.99	405.41	722.52	1.00	60.42	0.71	35.77	1566.40	-1699.47	1110.23
Saccade L	1	10	963443036	963527062	84026	405.41	722.52	451.22	624.46	3.08	86.60	0.29	36.64	2480.77	-1518.37	899.02
Saccade R	1	11	963443036	963527062	84026	405.41	722.52	451.22	624.46	3.08	86.60	0.29	36.64	2480.77	-1518.37	899.02
Saccade L	1	11	963527062	963559078	32016	451.22	624.46	420.48	649.53	1.04	75.89	0.25	32.63	1436.97	-2794.34	1514.65
Saccade R	1	12	963527062	963559078	32016	451.22	624.46	420.48	649.53	1.04	75.89	0.25	32.63	1436.97	-2794.34	1514.65
Saccade L	1	12	963567068	963671061	103993	421.95	661.96	355.91	547.24	5.65	182.93	0.50	54.29	4598.80	-6730.12	2159.52
Saccade R	1	13	963567068	963671061	103993	421.95	661.96	355.91	547.24	5.65	182.93	0.50	54.29	4598.80	-6730.12	2159.52
Saccade L	1	13	964059060	964119064	60004	455.24	520.72	981.08	562.20	12.01	490.17	0.47	200.16	22516.36	-23110.83	13168.19
Saccade R	1	14	964059060	964119064	60004	455.24	520.72	981.08	562.20	12.01	490.17	0.47	200.16	22516.36	-23110.83	13168.19
Saccade L	1	14	964187067	964247067	60000	964.34	600.36	924.81	563.64	2.79	115.67	0.27	46.47	4123.45	-3616.20	1902.22
Saccade R	1	15	964187067	964247067	60000	964.34	600.36	924.81	563.64	2.79	115.67	0.27	46.47	4123.45	-3616.20	1902.22
Saccade L	1	15	964262981	964299072	36091	913.09	551.15	961.21	609.51	2.14	120.83	0.67	59.38	2814.64	-4496.84	2316.68
Saccade R	1	16	964262981	964299072	36091	913.09	551.15	961.21	609.51	2.14	120.83	0.67	59.38	2814.64	-4496.84	2316.68
Saccade L	1	16	964307044	964335098	28054	959.23	602.20	963.58	517.04	1.77	148.40	0.43	63.22	6198.38	-4464.87	3523.65
Saccade R	1	17	964307044	964335098	28054	959.23	602.20	963.58	517.04	1.77	148.40	0.43	63.22	6198.38	-4464.87	3523.65
Saccade L	1	17	964335098	964375133	40035	963.58	517.04	923.32	584.04	2.03	146.74	0.30	50.73	3637.98	-4978.08	2457.69
Saccade R	1	18	964335098	964375133	40035	963.58	517.04	923.32	584.04	2.03	146.74	0.30	50.73	3637.98	-4978.08	2457.69
Saccade L	1	18	964375133	964395071	19938	923.32	584.04	955.27	574.33	0.58	46.60	0.60	28.98	1906.34	-144.63	852.36
Saccade R	1	19	964375133	964395071	19938	923.32	584.04	955.27	574.33	0.58	46.60	0.60	28.98	1906.34	-144.63	852.36
Saccade L	1	19	964395071	964427085	32014	955.27	574.33	1071.44	501.88	2.76	200.80	0.63	86.10	8624.22	-9555.25	6140.84
Saccade R	1	20	964395071	964427085	32014	955.27	574.33	1071.44	501.88	2.76	200.80	0.63	86.10	8624.22	-9555.25	6140.84
Fixation L	1	5	964427085	964666946	239861	1038.53	503.29	57	19	-1	16.19	16.19
Fixation R	1	7	964427085	964666946	239861	1038.53	503.29	57	19	-1	15.29	15.29
Saccade L	1	20	964666946	964726954	60008	1015.41	488.93	1047.65	655.85	5.38	298.96	0.27	89.67	13326.66	-11575.74	5445.71
Saccade R	1	21	964666946	964726954	60008	1015.41	488.93	1047.65	655.85	5.38	298.96	0.27	89.67	13326.66	-11575.74	5445.71
Fixation L	1	6	964726954	964798945	71991	1035.28	667.47	36	18	-1	15.70	15.70
Fixation R	1	8	964726954	964798945	71991	1035.28	667.47	36	18	-1	14.71	14.71
Saccade L	1	21	964798945	964834945	36000	1013.91	675.18	1085.83	597.44	2.44	205.39	0.33	67.65	8114.82	-8241.98	4976.85
Saccade R	1	22	964798945	964834945	36000	1013.91	675.18	1085.83	597.44	2.44	205.39	0.33	67.65	8114.82	-8241.98	4976.85
Saccade L	1	22	965066961	965135014	68053	502.68	355.38	470.34	433.15	2.28	52.73	0.29	33.54	1446.15	-1018.04	792.65
Saccade R	1	23	965066961	965135014	68053	502.68	355.38	470.34	433.15	2.28	52.73	0.29	33.54	1446.15	-1018.04	792.65
Saccade L	1	23	965151016	965214962	63946	482.46	432.49	422.95	552.29	4.05	216.76	0.56	63.40	8575.52	-9834.80	4255.14
Saccade R	1	24	965151016	965214962	63946	482.46	432.49	422.95	552.29	4.05	216.76	0.56	63.40	8575.52	-9834.80	4255.14
Fixation L	1	7	965214962	965290949	75987	425.94	566.52	9	32	-1	15.98	15.98
Fixation R	1	9	965214962	965290949	75987	425.94	566.52	9	32	-1	14.66	14.66
Saccade L	1	24	965502963	965558923	55960	411.19	505.08	479.64	551.13	2.10	90.12	0.21	37.52	2972.69	-2542.78	1318.04
Saccade R	1	25	965502963	965558923	55960	411.19	505.08	479.64	551.13	2.10	90.12	0.21	37.52	2972.69	-2542.78	1318.04
Fixation L	1	8	965558923	965678951	120028	495.54	545.37	27	45	-1	16.98	16.98
Fixation R	1	10	965558923	965678951	120028	495.54	545.37	27	45	-1	15.71	15.71
Saccade L	1	25	965678951	965735016	56065	496.33	567.78	432.98	587.36	1.78	101.85	0.21	31.74	4620.65	-3883.88	1741.11
Saccade R	1	26	965678951	965735016	56065	496.33	567.78	432.98	587.36	1.78	101.85	0.21	31.74	4620.65	-3883.88	1741.11
Fixation L	1	9	965735016	965974834	239818	453.67	607.37	31	28	-1	17.34	17.34
Fixation R	1	11	965735016	965974834	239818	453.67	607.37	31	28	-1	16.17	16.17
Saccade L	1	26	965974834	966014826	39992	447.58	606.32	380.65	537.49	2.04	109.04	0.50	50.97	4969.84	-5027.92	3396.72
Saccade R	1	27	965974834	966014826	39992	447.58	606.32	380.65	537.49	2.04	109.04	0.50	50.97	4969.84	-5027.92	3396.72
Fixation L	1	10	966014826	966102850	88024	384.39	546.67	13	20	-1	17.34	17.34
Fixation R	1	12	966014826	966102850	88024	384.39	546.67	13	20	-1	16.04	16.04
Fixation L	1	11	966354869	966570853	215984	429.41	575.78	46	54	-1	16.74	16.74
Fixation R	1	13	966354869	966570853	215984	429.41	575.78	46	54	-1	15.30	15.30
Saccade L	1	27	966570853	966638859	68006	429.72	591.64	427.40	344.68	6.13	308.31	0.29	90.09	14526.51	-12882.89	6043.12
Saccade R	1	28	966570853	966638859	68006	429.72	591.64	427.40	344.68	6.13	308.31	0.29	90.09	14526.51	-12882.89	6043.12
Fixation L	1	12	966638859	966766847	127988	451.24	355.57	32	17	-1	17.07	17.07
Fixation R	1	14	966638859	966766847	127988	451.24	355.57	32	17	-1	15.86	15.86
Saccade L	1	28	966782836	966822841	40005	438.69	360.84	382.67	408.27	1.39	95.84	0.30	34.70	1457.03	-3204.56	1506.92
Saccade R	1	29	966782836	966822841	40005	438.69	360.84	382.67	408.27	1.39	95.84	0.30	34.70	1457.03	-3204.56	1506.92
Fixation L	1	13	966822841	966922837	99996	382.83	398.73	10	19	-1	17.51	17.51
Fixation R	1	15	966822841	966922837	99996	382.83	398.73	10	19	-1	16.43	16.43
Saccade L	1	29	966922837	966958843	36006	370.82	401.98	411.57	429.50	1.03	48.50	0.56	28.53	1740.31	-1346.31	1050.10
Saccade R	1	30	966922837	966958843	36006	370.82	401.98	411.57	429.50	1.03	48.50	0.56	28.53	1740.31	-1346.31	1050.10
Saccade L	1	30	966958843	966998844	40001	411.57	429.50	403.02	431.42	1.46	71.82	0.50	36.46	2773.88	-2786.41	1904.17
Saccade R	1	31	966958843	966998844	40001	411.57	429.50	403.02	431.42	1.46	71.82	0.50	36.46	2773.88	-2786.41	1904.17
Saccade L	1	31	967026729	967066835	40106	393.89	423.80	377.87	398.67	2.56	134.98	0.30	63.92	5950.36	-4720.38	3242.88
Saccade R	1	32	967026729	967066835	40106	393.89	423.80	377.87	398.67	2.56	134.98	0.30	63.92	5950.36	-4720.38	3242.88
Saccade L	1	32	967066835	967134817	67982	377.87	398.67	432.85	627.95	7.30	395.71	0.35	107.39	15657.75	-15410.31	6874.18
Saccade R	1	33	967066835	967134817	67982	377.87	398.67	432.85	627.95	7.30	395.71	0.35	107.39	15657.75	-15410.31	6874.18
Saccade L	1	33	967158852	967218842	59990	432.82	631.54	376.33	612.35	2.02	140.25	0.40	33.69	5340.09	-5220.54	2203.60
Saccade R	1	34	967158852	967218842	59990	432.82	631.54	376.33	612.35	2.02	140.25	0.40	33.69	5340.09	-5220.54	2203.60
Fixation L	1	14	967218842	967270847	52005	358.33	609.36	32	26	-1	17.48	17.48
Fixation R	1	16	967218842	967270847	52005	358.33	609.36	32	26	-1	16.07	16.07
Saccade L	1	34	967270847	967306735	35888	345.28	604.17	442.46	602.18	2.04	139.17	0.33	56.97	5384.53	-5795.20	3792.47
Saccade R	1	35	967270847	967306735	35888	345.28	604.17	442.46	602.18	2.04	139.17	0.33	56.97	5384.53	-5795.20	3792.47
Fixation L	1	15	967306735	967366694	59959	439.56	597.41	10	11	-1	17.53	17.53
Fixation R	1	17	967306735	967366694	59959	439.56	597.41	10	11	-1	16.29	16.29
Saccade L	1	35	967366694	967414696	48002	436.24	591.15	334.47	612.40	3.00	188.52	0.25	62.57	9070.71	-6992.51	3385.60
Saccade R	1	36	967366694	967414696	48002	436.24	591.15	334.47	612.40	3.00	188.52	0.25	62.57	9070.71	-6992.51	3385.60
Saccade L	1	36	967414696	967450728	36032	334.47	612.40	431.60	629.24	2.16	167.42	0.56	60.05	6667.79	-6948.07	4288.38
Saccade R	1	37	967414696	967450728	36032	334.47	612.40	431.60	629.24	2.16	167.42	0.56	60.05	6667.79	-6948.07	4288.38
Saccade L	1	37	967462745	967490811	28066	435.06	631.92	349.90	628.60	1.51	91.66	0.43	53.70	3422.47	-449.70	2067.89
Saccade R	1	38	967462745	967490811	28066	435.06	631.92	349.90	628.60	1.51	91.66	0.43	53.70	3422.47	-449.70	2067.89
Saccade L	1	38	967490811	967526744	35933	349.90	628.60	428.02	641.13	1.61	148.07	0.22	44.75	2450.68	-4973.30	2041.57
Saccade R	1	39	967490811	967526744	35933	349.90	628.60	428.02	641.13	1.61	148.07	0.22	44.75	2450.68	-4973.30	2041.57
Fixation L	1	16	967550715	967698740	148025	405.94	617.86	80	34	-1	17.81	17.81
Fixation R	1	18	967550715	967698740	148025	405.94	617.86	80	34	-1	16.36	16.36
Saccade L	1	39	967698740	967722752	24012	404.63	600.26	275.58	582.77	2.63	249.30	0.50	109.43	10005.98	-4220.86	5050.91
Saccade R	1	40	967698740	967722752	24012	404.63	600.26	275.58	582.77	2.63	249.30	0.50	109.43	10005.98	-4220.86	5050.91
Saccade L	1	40	967722752	967742697	19945	275.58	582.77	414.00	579.10	2.40	267.12	0.60	120.09	5145.80	-3520.01	2517.91
Saccade R	1	41	967722752	967742697	19945	275.58	582.77	414.00	579.10	2.40	267.12	0.60	120.09	5145.80	-3520.01	2517.91
Saccade L	1	41	967742697	967766741	24044	414.00	579.10	321.66	573.41	1.85	215.10	0.34	76.92	-2799.55	-7818.35	4995.25
Saccade R	1	42	967742697	967766741	24044	414.00	579.10	321.66	573.41	1.85	215.10	0.34	76.92	-2799.55	-7818.35	4995.25
Fixation L	1	17	967766741	967842717	75976	330.04	572.47	13	14	-1	17.84	17.84
Fixation R	1	19	967766741	967842717	75976	330.04	572.47	13	14	-1	16.41	16.41
Saccade L	1	42	967842717	967882727	40010	323.09	566.72	401.25	579.70	1.68	93.73	0.30	41.95	3531.46	-3250.57	2339.93
Saccade R	1	43	967842717	967882727	40010	323.09	566.72	401.25	579.70	1.68	93.73	0.30	41.95	3531.46	-3250.57	2339.93
Saccade L	1	43	967986699	968010728	24029	261.98	574.50	394.75	575.83	2.73	265.58	0.50	113.82	6002.65	-10760.66	6217.27
Saccade R	1	44	967986699	968010728	24029	261.98	574.50	394.75	575.83	2.73	265.58	0.50	113.82	6002.65	-10760.66	6217.27
Saccade L	1	44	968018793	968062739	43946	394.42	574.61	340.92	674.38	2.41	125.39	0.55	54.82	5502.12	-5575.48	3450.75
Saccade R	1	45	968018793	968062739	43946	394.42	574.61	340.92	674.38	2.41	125.39	0.55	54.82	5502.12	-5575.48	3450.75
Fixation L	1	18	968062739	968314725	251986	318.17	691.82	61	36	-1	17.57	17.57
Fixation R	1	20	968062739	968314725	251986	318.17	691.82	61	36	-1	16.01	16.01
Saccade L	1	45	968314725	968370731	56006	302.36	710.04	288.60	646.61	2.24	110.57	0.21	40.08	4844.67	-2897.29	2055.91
Saccade R	1	46	968314725	968370731	56006	302.36	710.04	288.60	646.61	2.24	110.57	0.21	40.08	4844.67	-2897.29	2055.91
Saccade L	1	46	968390743	968426747	36004	292.37	648.45	159.51	625.22	3.37	287.83	0.33	93.61	11722.02	-10994.33	6915.01
Saccade R	1	47	968390743	968426747	36004	292.37	648.45	159.51	625.22	3.37	287.83	0.33	93.61	11722.02	-10994.33	6915.01
Saccade L	1	47	968738621	968826603	87982	355.06	419.90	974.27	642.99	20.40	662.44	0.41	231.85	29351.09	-26397.45	12759.19
Saccade R	1	48	968738621	968826603	87982	355.06	419.90	974.27	642.99	20.40	662.44	0.41	231.85	29351.09	-26397.45	12759.19
Fixation L	1	19	968826603	969006619	180016	956.43	633.13	30	22	-1	17.82	17.82
Fixation R	1	21	968826603	969006619	180016	956.43	633.13	30	22	-1	17.02	17.02
Saccade L	1	48	969094666	969162612	67946	969.07	626.31	1115.24	625.94	3.70	237.40	0.35	54.39	9338.36	-8750.45	3606.32
Saccade R	1	49	969094666	969162612	67946	969.07	626.31	1115.24	625.94	3.70	237.40	0.35	54.39	9338.36	-8750.45	3606.32
Fixation L	1	20	969162612	969390645	228033	1101.48	615.36	36	25	-1	16.95	16.95
Fixation R	1	22	969162612	969390645	228033	1101.48	615.36	36	25	-1	15.90	15.90
Saccade L	1	49	969390645	969446712	56067	1108.73	599.90	1120.71	512.16	2.25	92.33	0.50	40.17	2758.93	-3375.68	1927.73
Saccade R	1	50	969390645	969446712	56067	1108.73	599.90	1120.71	512.16	2.25	92.33	0.50	40.17	2758.93	-3375.68	1927.73
Fixation L	1	21	969506616	969598609	91993	1135.78	532.00	22	12	-1	16.40	16.40
Fixation R	1	23	969506616	969598609	91993	1135.78	532.00	22	12	-1	15.40	15.40
Saccade L	1	50	969598609	969646643	48034	1136.90	537.39	1194.49	508.14	1.90	132.03	0.25	39.55	5609.47	-4669.74	2500.11
Saccade R	1	51	969598609	969646643	48034	1136.90	537.39	1194.49	508.14	1.90	132.03	0.25	39.55	5609.47	-4669.74	2500.11
Fixation L	1	22	969646643	969790589	143946	1189.96	503.52	31	19	-1	16.17	16.17
Fixation R	1	24	969646643	969790589	143946	1189.96	503.52	31	19	-1	15.17	15.17
Saccade L	1	51	969790589	969838589	48000	1208.34	493.19	1193.03	626.24	2.95	194.98	0.42	61.53	8382.84	-8142.76	4616.06
Saccade R	1	52	969790589	969838589	48000	1208.34	493.19	1193.03	626.24	2.95	194.98	0.42	61.53	8382.84	-8142.76	4616.06
Fixation L	1	23	969838589	970054531	215942	1202.48	613.09	18	36	-1	16.38	16.38
Fixation R	1	25	969838589	970054531	215942	1202.48	613.09	18	36	-1	15.09	15.09
Saccade L	1	52	970054531	970090495	35964	1199.14	596.71	1200.83	656.12	1.25	67.76	0.34	34.69	2654.94	-1979.44	1432.56
Saccade R	1	53	970054531	970090495	35964	1199.14	596.71	1200.83	656.12	1.25	67.76	0.34	34.69	2654.94	-1979.44	1432.56
Fixation L	1	24	970090495	970202492	111997	1212.55	666.63	23	14	-1	16.49	16.49
Fixation R	1	26	970090495	970202492	111997	1212.55	666.63	23	14	-1	15.12	15.12
Saccade L	1	53	970202492	970242511	40019	1204.50	666.98	1198.64	530.86	3.50	266.07	0.40	87.45	11907.78	-10692.65	6821.39
Saccade R	1	54	970202492	970242511	40019	1204.50	666.98	1198.64	530.86	3.50	266.07	0.40	87.45	11907.78	-10692.65	6821.39
Fixation L	1	25	970242511	970426492	183981	1194.22	532.26	22	14	-1	16.23	16.23
Fixation R	1	27	970242511	970426492	183981	1194.22	532.26	22	14	-1	15.13	15.13
Fixation L	1	26	970666494	970802473	135979	333.92	391.87	38	26	-1	16.72	16.72
Fixation R	1	28	970666494	970802473	135979	333.92	391.87	38	26	-1	14.51	14.51
Saccade L	1	54	970802473	970862499	60026	318.15	403.87	357.45	545.24	3.49	193.06	0.67	58.07	8337.25	-8649.84	3971.71
Saccade R	1	55	970802473	970862499	60026	318.15	403.87	357.45	545.24	3.49	193.06	0.67	58.07	8337.25	-8649.84	3971.71
Fixation L	1	27	970862499	970938497	75998	358.41	547.13	15	4	-1	16.88	16.88
Fixation R	1	29	970862499	970938497	75998	358.41	547.13	15	4	-1	15.16	15.16
Saccade L	1	55	971166562	971206509	39947	234.59	462.55	303.87	467.95	1.30	65.91	0.30	32.49	1390.72	-1524.30	994.18
Saccade R	1	56	971166562	971206509	39947	234.59	462.55	303.87	467.95	1.30	65.91	0.30	32.49	1390.72	-1524.30	994.18
Saccade L	1	56	971206509	971262567	56058	303.87	467.95	370.68	486.22	1.44	43.29	0.21	25.64	926.30	-959.73	380.79
Saccade R	1	57	971206509	971262567	56058	303.87	467.95	370.68	486.22	1.44	43.29	0.21	25.64	926.30	-959.73	380.79
Fixation L	1	28	971262567	971370502	107935	363.41	500.97	14	23	-1	17.38	17.38
Fixation R	1	30	971262567	971370502	107935	363.41	500.97	14	23	-1	15.82	15.82
Saccade L	1	57	971370502	971438567	68065	357.51	499.45	1030.82	575.13	15.05	572.12	0.41	221.09	27871.98	-16550.77	12865.95
Saccade R	1	58	971370502	971438567	68065	357.51	499.45	1030.82	575.13	15.05	572.12	0.41	221.09	27871.98	-16550.77	12865.95
Fixation L	1	29	971438567	971626380	187813	1033.27	578.95	26	12	-1	17.54	17.54
Fixation R	1	31	971438567	971626380	187813	1033.27	578.95	26	12	-1	16.44	16.44
Saccade L	1	58	971626380	971666396	40016	1024.58	586.37	991.04	665.23	1.85	122.34	0.40	46.24	5213.75	-4542.83	2950.89
Saccade R	1	59	971626380	971666396	40016	1024.58	586.37	991.04	665.23	1.85	122.34	0.40	46.24	5213.75	-4542.83	2950.89
Fixation L	1	30	971666396	971810382	143986	993.36	692.92	36	34	-1	17.39	17.39
Fixation R	1	32	971666396	971810382	143986	993.36	692.92	36	34	-1	15.80	15.80
Saccade L	1	59	971810382	971830378	19996	1012.02	693.65	917.18	691.67	1.89	200.92	0.60	94.40	8232.54	231.13	4464.24
Saccade R	1	60	971810382	971830378	19996	1012.02	693.65	917.18	691.67	1.89	200.92	0.60	94.40	8232.54	231.13	4464.24
Saccade L	1	60	971830378	971870391	40013	917.18	691.67	0.00	0.00	30.77	2552.80	0.70	768.93	90777.11	-108335.37	54274.61
Saccade R	1	61	971830378	971870391	40013	917.18	691.67	0.00	0.00	30.77	2552.80	0.70	768.93	90777.11	-108335.37	54274.61
Fixation L	1	31	971870391	972308666	438275	0.00	0.00	0	0	-1	7.10	7.10
Fixation R	1	33	971870391	972308666	438275	0.00	0.00	0	0	-1	8.82	8.82
