[BeGaze]
Converted from:	D:\Kirillov\Results\ermolova_temp\Nastya 07-1-eye_data.idf
Date:	17.04.2019 03:53:36
Version:	BeGaze 3.0.181
Sample Rate:	250
Subject:	Nastya 07
Description:	Run27

Table Header for Fixations:
Event Type	Trial	Number	Start	End	Duration	Location X	Location Y	Dispersion X	Dispersion Y	Plane	Avg. Pupil Size X	Avg. Pupil Size Y

Table Header for Saccades:
Event Type	Trial	Number	Start	End	Duration	Start Loc.X	Start Loc.Y	End Loc.X	End Loc.Y	Amplitude	Peak Speed	Peak Speed At	Average Speed	Peak Accel.	Peak Decel.	Average Accel.

Table Header for User Events:
Event Type	Trial	Number	Start	Description

UserEvent	1	1	12375609539	# Message: Questionnaire16.jpg
Fixation L	1	1	12375613516	12375689518	76002	1040.53	555.42	4	20	-1	13.94	13.94
Fixation R	1	1	12375613516	12375689518	76002	1040.53	555.42	4	20	-1	14.47	14.47
Saccade L	1	1	12375689518	12375757527	68009	1043.17	562.09	393.41	220.99	16.52	433.66	0.29	242.89	20470.35	-13247.87	10064.78
Saccade R	1	1	12375689518	12375757527	68009	1043.17	562.09	393.41	220.99	16.52	433.66	0.29	242.89	20470.35	-13247.87	10064.78
Saccade L	1	2	12375765441	12375797428	31987	389.86	193.28	383.77	126.30	1.55	93.71	0.63	48.60	3190.85	-2723.33	2058.22
Saccade R	1	2	12375765441	12375797428	31987	389.86	193.28	383.77	126.30	1.55	93.71	0.63	48.60	3190.85	-2723.33	2058.22
Saccade L	1	3	12375797428	12375825538	28110	383.77	126.30	382.69	191.60	1.29	100.64	0.57	46.05	2734.27	-2711.10	1929.73
Saccade R	1	3	12375797428	12375825538	28110	383.77	126.30	382.69	191.60	1.29	100.64	0.57	46.05	2734.27	-2711.10	1929.73
Saccade L	1	4	12375825538	12375865528	39990	382.69	191.60	415.53	265.84	1.60	66.75	0.40	40.13	2415.85	-2362.88	1632.75
Saccade R	1	4	12375825538	12375865528	39990	382.69	191.60	415.53	265.84	1.60	66.75	0.40	40.13	2415.85	-2362.88	1632.75
Fixation L	1	2	12375865528	12375929563	64035	421.88	267.94	13	10	-1	14.08	14.08
Fixation R	1	2	12375865528	12375929563	64035	421.88	267.94	13	10	-1	14.50	14.50
Saccade L	1	5	12375929563	12375961557	31994	414.78	270.90	386.97	237.93	0.95	42.92	0.37	29.79	1484.81	-908.65	768.13
Saccade R	1	5	12375929563	12375961557	31994	414.78	270.90	386.97	237.93	0.95	42.92	0.37	29.79	1484.81	-908.65	768.13
Saccade L	1	6	12375961557	12375997530	35973	386.97	237.93	440.02	181.93	1.90	105.04	0.56	52.68	3924.33	-4728.73	2766.23
Saccade R	1	6	12375961557	12375997530	35973	386.97	237.93	440.02	181.93	1.90	105.04	0.56	52.68	3924.33	-4728.73	2766.23
Fixation L	1	3	12375997530	12376249406	251876	443.29	194.99	17	44	-1	14.53	14.53
Fixation R	1	3	12375997530	12376249406	251876	443.29	194.99	17	44	-1	14.92	14.92
Saccade L	1	7	12376301408	12376321418	20010	436.19	145.90	435.13	178.15	0.68	51.66	0.40	33.91	1489.39	-1583.20	1142.84
Saccade R	1	7	12376301408	12376321418	20010	436.19	145.90	435.13	178.15	0.68	51.66	0.40	33.91	1489.39	-1583.20	1142.84
Saccade L	1	8	12376357431	12376381438	24007	447.55	207.71	458.02	236.86	0.65	49.03	0.50	26.91	282.12	-1343.18	586.31
Saccade R	1	8	12376357431	12376381438	24007	447.55	207.71	458.02	236.86	0.65	49.03	0.50	26.91	282.12	-1343.18	586.31
Fixation L	1	4	12376381438	12376657442	276004	465.04	227.97	12	62	-1	14.36	14.36
Fixation R	1	4	12376381438	12376657442	276004	465.04	227.97	12	62	-1	14.77	14.77
UserEvent	1	2	12376547818	# Message: UE-mouseclick left x=426 y=311
Saccade L	1	9	12376657442	12376701411	43969	464.02	207.28	502.04	237.07	1.85	80.96	0.64	41.96	1982.61	-3333.08	1863.27
Saccade R	1	9	12376657442	12376701411	43969	464.02	207.28	502.04	237.07	1.85	80.96	0.64	41.96	1982.61	-3333.08	1863.27
Saccade L	1	10	12376729445	12376801446	72001	495.64	237.94	429.70	339.82	3.19	121.22	0.33	44.34	4331.71	-3222.57	1467.63
Saccade R	1	10	12376729445	12376801446	72001	495.64	237.94	429.70	339.82	3.19	121.22	0.33	44.34	4331.71	-3222.57	1467.63
Fixation L	1	5	12376801446	12376873443	71997	436.93	365.68	10	38	-1	14.22	14.22
Fixation R	1	5	12376801446	12376873443	71997	436.93	365.68	10	38	-1	14.77	14.77
Saccade L	1	11	12376873443	12376905440	31997	439.04	371.88	443.08	318.17	1.11	54.63	0.62	34.68	2412.55	-2130.69	1764.66
Saccade R	1	11	12376873443	12376905440	31997	439.04	371.88	443.08	318.17	1.11	54.63	0.62	34.68	2412.55	-2130.69	1764.66
Fixation L	1	6	12376905440	12377101423	195983	431.80	262.39	61	144	-1	14.34	14.34
Fixation R	1	6	12376905440	12377101423	195983	431.80	262.39	61	144	-1	14.81	14.81
UserEvent	1	3	12376995812	# Message: UE-mouseclick left x=423 y=381
