[BeGaze]
Converted from:	D:\Kirillov\Results\ermolova_temp\Marina-eye_data.idf
Date:	17.04.2019 03:53:28
Version:	BeGaze 3.0.181
Sample Rate:	250
Subject:	Marina
Description:	Run25

Table Header for Fixations:
Event Type	Trial	Number	Start	End	Duration	Location X	Location Y	Dispersion X	Dispersion Y	Plane	Avg. Pupil Size X	Avg. Pupil Size Y

Table Header for Saccades:
Event Type	Trial	Number	Start	End	Duration	Start Loc.X	Start Loc.Y	End Loc.X	End Loc.Y	Amplitude	Peak Speed	Peak Speed At	Average Speed	Peak Accel.	Peak Decel.	Average Accel.

Table Header for User Events:
Event Type	Trial	Number	Start	Description

UserEvent	1	1	11521606690	# Message: experiment-08.jpg
Fixation L	1	1	11521608776	11521924666	315890	547.86	260.74	33	48	-1	12.85	12.85
Fixation R	1	1	11521608776	11521924666	315890	547.86	260.74	33	48	-1	12.51	12.51
Saccade L	1	1	11521924666	11521984704	60038	547.06	267.55	773.81	594.41	9.03	360.20	0.27	150.41	17434.63	-9495.41	8638.69
Saccade R	1	1	11521924666	11521984704	60038	547.06	267.55	773.81	594.41	9.03	360.20	0.27	150.41	17434.63	-9495.41	8638.69
Fixation L	1	2	11521984704	11522132668	147964	782.60	599.02	20	10	-1	12.87	12.87
Fixation R	1	2	11521984704	11522132668	147964	782.60	599.02	20	10	-1	12.58	12.58
Saccade L	1	2	11522132668	11522160695	28027	795.52	603.42	788.44	666.68	1.32	85.56	0.43	47.15	3793.58	-3588.59	2755.13
Saccade R	1	2	11522132668	11522160695	28027	795.52	603.42	788.44	666.68	1.32	85.56	0.43	47.15	3793.58	-3588.59	2755.13
Fixation L	1	3	11522160695	11522320689	159994	778.09	668.82	14	20	-1	12.38	12.38
Fixation R	1	3	11522160695	11522320689	159994	778.09	668.82	14	20	-1	12.09	12.09
Fixation R	1	4	11522384681	11522508674	123993	0.00	0.00	0	0	-1	3.01	3.01
Fixation L	1	4	11522576696	11522784673	207977	1133.81	330.48	28	12	-1	11.48	11.48
Fixation R	1	5	11522576696	11522784673	207977	1133.81	330.48	28	12	-1	11.09	11.09
Saccade R	1	3	11522784673	11522832693	48020	1134.44	328.64	0.00	0.00	26.75	2276.25	0.75	556.99	87942.33	-96543.85	43182.88
Fixation R	1	6	11522832693	11522896668	63975	0.00	0.00	0	0	-1	8.96	8.96
Fixation L	1	5	11522972688	11523240594	267906	1098.22	327.69	41	33	-1	11.66	11.66
Fixation R	1	7	11522972688	11523240594	267906	1098.22	327.69	41	33	-1	11.24	11.24
Saccade L	1	3	11523240594	11523304577	63983	1114.83	342.90	813.65	765.13	11.75	352.29	0.25	183.70	16466.58	-10215.39	7941.47
Saccade R	1	4	11523240594	11523304577	63983	1114.83	342.90	813.65	765.13	11.75	352.29	0.25	183.70	16466.58	-10215.39	7941.47
Fixation L	1	6	11523304577	11523412581	108004	795.82	787.82	25	39	-1	11.72	11.72
Fixation R	1	8	11523304577	11523412581	108004	795.82	787.82	25	39	-1	11.42	11.42
Fixation L	1	7	11523788577	11523928536	139959	852.32	740.25	27	22	-1	11.36	11.36
Fixation R	1	9	11523788577	11523928536	139959	852.32	740.25	27	22	-1	11.15	11.15
Saccade L	1	4	11523928536	11523980596	52060	848.37	741.17	861.17	851.57	4.24	232.56	0.31	81.38	10412.55	-8571.90	4982.47
Saccade R	1	5	11523928536	11523980596	52060	848.37	741.17	861.17	851.57	4.24	232.56	0.31	81.38	10412.55	-8571.90	4982.47
Fixation L	1	8	11523980596	11524244573	263977	857.62	836.74	29	33	-1	11.84	11.84
Fixation R	1	10	11523980596	11524244573	263977	857.62	836.74	29	33	-1	11.26	11.26
Fixation L	1	9	11524340589	11524780459	439870	1198.44	310.44	73	28	-1	11.33	11.33
Fixation R	1	11	11524340589	11524780459	439870	1198.44	310.44	73	28	-1	11.04	11.04
Saccade L	1	5	11524780459	11524812488	32029	1240.15	322.41	1155.44	327.49	1.77	116.65	0.38	55.17	5205.47	-5252.78	3753.94
Saccade R	1	6	11524780459	11524812488	32029	1240.15	322.41	1155.44	327.49	1.77	116.65	0.38	55.17	5205.47	-5252.78	3753.94
Fixation L	1	10	11524812488	11525180505	368017	1142.29	331.75	31	27	-1	11.58	11.58
Fixation R	1	12	11524812488	11525180505	368017	1142.29	331.75	31	27	-1	11.10	11.10
Saccade L	1	6	11525180505	11525204485	23980	1135.49	344.77	1168.03	336.75	0.69	47.69	0.50	28.81	2141.69	-1728.53	1406.14
Saccade R	1	7	11525180505	11525204485	23980	1135.49	344.77	1168.03	336.75	0.69	47.69	0.50	28.81	2141.69	-1728.53	1406.14
Fixation L	1	11	11525204485	11525360500	156015	1181.89	329.91	20	13	-1	11.63	11.63
Fixation R	1	13	11525204485	11525360500	156015	1181.89	329.91	20	13	-1	11.21	11.21
Saccade L	1	7	11525360500	11525384488	23988	1181.46	326.78	1212.83	329.18	0.65	49.52	0.50	26.99	2249.71	-2181.65	1661.24
Saccade R	1	8	11525360500	11525384488	23988	1181.46	326.78	1212.83	329.18	0.65	49.52	0.50	26.99	2249.71	-2181.65	1661.24
Fixation L	1	12	11525384488	11525692479	307991	1223.03	323.71	39	19	-1	11.66	11.66
Fixation R	1	14	11525384488	11525692479	307991	1223.03	323.71	39	19	-1	11.35	11.35
Saccade L	1	8	11525692479	11525736487	44008	1249.43	337.06	1074.32	369.29	4.32	228.69	0.27	98.11	10931.81	-6913.50	5493.93
Saccade R	1	9	11525692479	11525736487	44008	1249.43	337.06	1074.32	369.29	4.32	228.69	0.27	98.11	10931.81	-6913.50	5493.93
Fixation L	1	13	11525736487	11526080388	343901	1106.00	346.27	73	52	-1	11.60	11.60
Fixation R	1	15	11525736487	11526080388	343901	1106.00	346.27	73	52	-1	11.28	11.28
Saccade L	1	9	11526080388	11526108405	28017	1119.22	354.75	1176.70	336.06	1.16	75.00	0.43	41.25	3265.70	-3186.28	2444.93
Saccade R	1	10	11526080388	11526108405	28017	1119.22	354.75	1176.70	336.06	1.16	75.00	0.43	41.25	3265.70	-3186.28	2444.93
Fixation L	1	14	11526108405	11526204365	95960	1185.09	337.17	19	11	-1	11.47	11.47
Fixation R	1	16	11526108405	11526204365	95960	1185.09	337.17	19	11	-1	11.16	11.16
Saccade L	1	10	11526204365	11526248378	44013	1185.32	334.51	1094.44	331.71	2.20	123.74	0.55	49.87	4951.04	-5442.15	3136.64
Saccade R	1	11	11526204365	11526248378	44013	1185.32	334.51	1094.44	331.71	2.20	123.74	0.55	49.87	4951.04	-5442.15	3136.64
Saccade L	1	11	11526268406	11526340393	71987	1094.39	340.72	1241.33	318.62	3.43	175.95	0.44	47.62	6519.86	-6148.21	2536.89
Saccade R	1	12	11526268406	11526340393	71987	1094.39	340.72	1241.33	318.62	3.43	175.95	0.44	47.62	6519.86	-6148.21	2536.89
Saccade L	1	12	11526348400	11526376422	28022	1246.98	317.61	1337.37	329.89	1.80	136.60	0.43	64.11	5572.25	-4158.64	3450.51
Saccade R	1	13	11526348400	11526376422	28022	1246.98	317.61	1337.37	329.89	1.80	136.60	0.43	64.11	5572.25	-4158.64	3450.51
Saccade L	1	13	11526376422	11526512396	135974	1337.37	329.89	1311.92	298.61	14.78	324.10	0.26	108.72	11610.20	-11570.80	4843.98
Saccade R	1	14	11526376422	11526512396	135974	1337.37	329.89	1311.92	298.61	14.78	324.10	0.26	108.72	11610.20	-11570.80	4843.98
Saccade L	1	14	11526524384	11526604380	79996	1319.19	292.11	838.67	798.92	16.03	465.10	0.30	200.44	20340.87	-13088.58	9373.52
Saccade R	1	15	11526524384	11526604380	79996	1319.19	292.11	838.67	798.92	16.03	465.10	0.30	200.44	20340.87	-13088.58	9373.52
Fixation L	1	15	11526604380	11526740421	136041	834.69	806.99	11	14	-1	12.37	12.37
Fixation R	1	17	11526604380	11526740421	136041	834.69	806.99	11	14	-1	11.63	11.63
Saccade L	1	15	11526740421	11526772410	31989	838.66	818.68	896.67	754.35	1.94	142.50	0.50	60.68	5962.00	-5975.03	4245.54
Saccade R	1	16	11526740421	11526772410	31989	838.66	818.68	896.67	754.35	1.94	142.50	0.50	60.68	5962.00	-5975.03	4245.54
Fixation L	1	16	11526772410	11527140386	367976	902.91	759.18	86	24	-1	12.58	12.58
Fixation R	1	18	11526772410	11527140386	367976	902.91	759.18	86	24	-1	11.82	11.82
Saccade L	1	16	11527140386	11527220407	80021	936.40	771.07	1183.29	316.27	13.53	491.34	0.30	169.10	22770.41	-15389.73	8871.94
Saccade R	1	17	11527140386	11527220407	80021	936.40	771.07	1183.29	316.27	13.53	491.34	0.30	169.10	22770.41	-15389.73	8871.94
Fixation L	1	17	11527220407	11527276402	55995	1171.69	328.44	17	18	-1	12.05	12.05
Fixation R	1	19	11527220407	11527276402	55995	1171.69	328.44	17	18	-1	11.61	11.61
Saccade L	1	17	11527276402	11527312402	36000	1173.42	331.60	1306.94	309.80	3.28	255.28	0.33	91.01	10478.99	-9420.21	6059.66
Saccade R	1	18	11527276402	11527312402	36000	1173.42	331.60	1306.94	309.80	3.28	255.28	0.33	91.01	10478.99	-9420.21	6059.66
Saccade L	1	18	11527324417	11527372278	47861	1307.49	301.88	1265.13	322.19	1.21	40.94	0.25	25.27	1256.97	-876.26	654.93
Saccade R	1	19	11527324417	11527372278	47861	1307.49	301.88	1265.13	322.19	1.21	40.94	0.25	25.27	1256.97	-876.26	654.93
Fixation L	1	18	11527372278	11527456280	84002	1276.58	344.74	21	43	-1	11.96	11.96
Fixation R	1	20	11527372278	11527456280	84002	1276.58	344.74	21	43	-1	11.50	11.50
Saccade L	1	19	11527456280	11527476286	20006	1271.45	367.34	1266.80	321.39	0.81	64.95	0.40	40.30	3232.33	-811.47	1644.38
Saccade R	1	20	11527456280	11527476286	20006	1271.45	367.34	1266.80	321.39	0.81	64.95	0.40	40.30	3232.33	-811.47	1644.38
Saccade L	1	20	11527476286	11527524305	48019	1266.80	321.39	1162.47	383.31	3.93	272.81	0.33	81.85	9934.45	-9229.80	5210.34
Saccade R	1	21	11527476286	11527524305	48019	1266.80	321.39	1162.47	383.31	3.93	272.81	0.33	81.85	9934.45	-9229.80	5210.34
Saccade L	1	21	11527540279	11527604286	64007	1156.59	385.12	1224.37	342.63	2.55	91.41	0.31	39.85	3664.93	-3342.35	1599.14
Saccade R	1	22	11527540279	11527604286	64007	1156.59	385.12	1224.37	342.63	2.55	91.41	0.31	39.85	3664.93	-3342.35	1599.14
Fixation L	1	19	11527604286	11527700305	96019	1250.71	301.87	43	84	-1	11.98	11.98
Fixation R	1	21	11527604286	11527700305	96019	1250.71	301.87	43	84	-1	11.57	11.57
Saccade L	1	22	11527700305	11527764309	64004	1256.62	253.93	1269.71	338.32	5.15	265.36	0.56	80.51	7586.35	-9770.40	4256.31
Saccade R	1	23	11527700305	11527764309	64004	1256.62	253.93	1269.71	338.32	5.15	265.36	0.56	80.51	7586.35	-9770.40	4256.31
Fixation L	1	20	11527844301	11528296295	451994	0.00	0.00	0	0	-1	9.89	9.89
Fixation R	1	22	11527844301	11528296295	451994	0.00	0.00	0	0	-1	10.19	10.19
Fixation L	1	21	11528336288	11528544309	208021	506.26	543.81	1556	1152	-1	13.05	12.99
Saccade L	1	23	11528544309	11528572302	27993	836.63	925.94	787.05	912.35	0.95	54.00	0.57	33.95	720.38	-4262.30	1537.96
Saccade R	1	24	11528544309	11528572302	27993	836.63	925.94	787.05	912.35	0.95	54.00	0.57	33.95	720.38	-4262.30	1537.96
Saccade L	1	24	11528584307	11528636304	51997	798.26	901.64	824.79	927.36	2.40	94.65	0.38	46.24	3872.73	-2172.77	1776.81
Saccade R	1	25	11528584307	11528636304	51997	798.26	901.64	824.79	927.36	2.40	94.65	0.38	46.24	3872.73	-2172.77	1776.81
Saccade L	1	25	11528660302	11528696322	36020	842.06	902.91	766.16	819.01	3.60	223.40	0.33	99.98	8650.85	-8380.33	5491.40
Saccade R	1	26	11528660302	11528696322	36020	842.06	902.91	766.16	819.01	3.60	223.40	0.33	99.98	8650.85	-8380.33	5491.40
Saccade L	1	26	11528792171	11528848189	56018	742.99	598.91	876.67	603.15	6.08	252.01	0.36	108.57	10700.64	-9534.31	5988.93
Saccade R	1	27	11528792171	11528848189	56018	742.99	598.91	876.67	603.15	6.08	252.01	0.36	108.57	10700.64	-9534.31	5988.93
Saccade L	1	27	11528912178	11528952200	40022	910.13	470.54	922.70	714.09	5.84	502.01	0.30	145.81	15859.32	-19517.14	9810.43
Saccade R	1	28	11528912178	11528952200	40022	910.13	470.54	922.70	714.09	5.84	502.01	0.30	145.81	15859.32	-19517.14	9810.43
Saccade L	1	28	11528980230	11529016189	35959	929.66	728.44	834.49	686.10	3.07	193.86	0.45	85.25	8716.49	-7688.21	5089.08
Saccade R	1	29	11528980230	11529016189	35959	929.66	728.44	834.49	686.10	3.07	193.86	0.45	85.25	8716.49	-7688.21	5089.08
Saccade L	1	29	11529016189	11529060193	44004	834.49	686.10	958.29	629.40	2.99	175.80	0.64	67.94	5553.46	-7291.06	3602.75
Saccade R	1	30	11529016189	11529060193	44004	834.49	686.10	958.29	629.40	2.99	175.80	0.64	67.94	5553.46	-7291.06	3602.75
Saccade L	1	30	11529068195	11529120203	52008	960.05	625.51	862.59	675.35	2.94	184.54	0.23	56.58	7576.13	-6963.42	3456.06
Saccade R	1	31	11529068195	11529120203	52008	960.05	625.51	862.59	675.35	2.94	184.54	0.23	56.58	7576.13	-6963.42	3456.06
Fixation L	1	22	11529120203	11529176193	55990	866.55	679.31	6	6	-1	12.10	12.10
Fixation R	1	23	11529120203	11529176193	55990	866.55	679.31	6	6	-1	11.66	11.66
Saccade L	1	31	11529176193	11529204227	28034	870.25	677.40	934.75	669.93	1.37	97.80	0.43	48.88	4410.34	-3611.72	2966.66
Saccade R	1	32	11529176193	11529204227	28034	870.25	677.40	934.75	669.93	1.37	97.80	0.43	48.88	4410.34	-3611.72	2966.66
Fixation L	1	23	11529204227	11529384192	179965	942.90	669.18	21	14	-1	12.03	12.03
Fixation R	1	24	11529204227	11529384192	179965	942.90	669.18	21	14	-1	11.51	11.51
Saccade L	1	32	11529384192	11529432186	47994	949.12	661.77	796.11	861.24	6.08	294.69	0.33	126.65	13918.38	-9002.31	7149.03
Saccade R	1	33	11529384192	11529432186	47994	949.12	661.77	796.11	861.24	6.08	294.69	0.33	126.65	13918.38	-9002.31	7149.03
Fixation L	1	24	11529432186	11529564220	132034	785.40	852.22	23	20	-1	11.87	11.87
Fixation R	1	25	11529432186	11529564220	132034	785.40	852.22	23	20	-1	11.15	11.15
Saccade L	1	33	11529564220	11529612194	47974	771.94	851.30	699.01	842.71	2.08	132.31	0.25	43.34	6251.15	-5011.13	2589.21
Saccade R	1	34	11529564220	11529612194	47974	771.94	851.30	699.01	842.71	2.08	132.31	0.25	43.34	6251.15	-5011.13	2589.21
Fixation L	1	25	11529612194	11529776230	164036	695.60	846.95	24	23	-1	11.67	11.67
Fixation R	1	26	11529612194	11529776230	164036	695.60	846.95	24	23	-1	11.27	11.27
