[BeGaze]
Converted from:	D:\Kirillov\Results\ermolova_temp\Anna-eye_data.idf
Date:	17.04.2019 03:52:51
Version:	BeGaze 3.0.181
Sample Rate:	250
Subject:	Anna
Description:	Run15

Table Header for Fixations:
Event Type	Trial	Number	Start	End	Duration	Location X	Location Y	Dispersion X	Dispersion Y	Plane	Avg. Pupil Size X	Avg. Pupil Size Y

Table Header for Saccades:
Event Type	Trial	Number	Start	End	Duration	Start Loc.X	Start Loc.Y	End Loc.X	End Loc.Y	Amplitude	Peak Speed	Peak Speed At	Average Speed	Peak Accel.	Peak Decel.	Average Accel.

Table Header for User Events:
Event Type	Trial	Number	Start	Description

UserEvent	1	1	3353241122	# Message: experiment-04.jpg
Fixation L	1	1	3353244763	3353488662	243899	495.72	317.89	32	30	-1	13.12	13.12
Fixation R	1	1	3353244763	3353488662	243899	495.72	317.89	32	30	-1	13.48	13.48
Saccade L	1	1	3353488662	3353544627	55965	497.49	323.94	969.20	467.15	10.85	402.04	0.36	193.90	18920.20	-15310.97	11275.06
Saccade R	1	1	3353488662	3353544627	55965	497.49	323.94	969.20	467.15	10.85	402.04	0.36	193.90	18920.20	-15310.97	11275.06
Fixation L	1	2	3353544627	3354032660	488033	976.33	455.52	51	37	-1	11.66	11.66
Fixation R	1	2	3353544627	3354032660	488033	976.33	455.52	51	37	-1	12.49	12.49
Saccade L	1	2	3354032660	3354064643	31983	987.29	459.19	0.00	0.00	29.73	2432.23	0.63	929.44	94676.37	-104780.25	67555.98
Fixation L	1	3	3354064643	3354128647	64004	0.00	0.00	0	0	-1	8.77	8.77
Fixation L	1	4	3354208637	3354576672	368035	1049.91	450.51	68	57	-1	12.17	12.17
Fixation R	1	3	3354208637	3354576672	368035	1049.91	450.51	68	57	-1	12.72	12.72
Saccade L	1	3	3354576672	3354600656	23984	1068.69	469.19	1102.12	469.30	0.66	51.14	0.50	27.61	1761.11	-1687.28	1301.66
Saccade R	1	2	3354576672	3354600656	23984	1068.69	469.19	1102.12	469.30	0.66	51.14	0.50	27.61	1761.11	-1687.28	1301.66
Fixation L	1	5	3354600656	3354708560	107904	1113.43	475.96	17	14	-1	12.03	12.03
Fixation R	1	4	3354600656	3354708560	107904	1113.43	475.96	17	14	-1	13.02	13.02
Saccade L	1	4	3354708560	3354768583	60023	1120.90	468.69	427.28	403.98	15.35	463.75	0.53	255.69	19192.02	-19051.68	12258.85
Saccade R	1	3	3354708560	3354768583	60023	1120.90	468.69	427.28	403.98	15.35	463.75	0.53	255.69	19192.02	-19051.68	12258.85
Fixation L	1	6	3354768583	3355032521	263938	405.59	444.58	36	101	-1	12.88	12.88
Fixation R	1	5	3354768583	3355032521	263938	405.59	444.58	36	101	-1	12.95	12.95
Saccade L	1	5	3355032521	3355092565	60044	390.99	491.77	1076.60	501.05	14.87	465.66	0.40	247.62	22861.06	-16224.82	12846.14
Saccade R	1	4	3355032521	3355092565	60044	390.99	491.77	1076.60	501.05	14.87	465.66	0.40	247.62	22861.06	-16224.82	12846.14
Fixation L	1	7	3355092565	3355328543	235978	1065.76	484.84	29	33	-1	12.54	12.54
Fixation R	1	6	3355092565	3355328543	235978	1065.76	484.84	29	33	-1	13.42	13.42
Saccade L	1	6	3355328543	3355352537	23994	1067.87	473.08	1098.45	478.14	0.64	55.56	0.50	26.73	2253.80	-2031.48	1559.84
Saccade R	1	5	3355328543	3355352537	23994	1067.87	473.08	1098.45	478.14	0.64	55.56	0.50	26.73	2253.80	-2031.48	1559.84
Fixation L	1	8	3355352537	3355436539	84002	1102.61	476.11	14	7	-1	12.10	12.10
Fixation R	1	7	3355352537	3355436539	84002	1102.61	476.11	14	7	-1	13.44	13.44
Saccade L	1	7	3355436539	3355468567	32028	1095.58	474.10	0.00	0.00	28.78	2513.76	0.63	898.50	99059.45	-107705.43	68967.43
Saccade R	1	6	3355436539	3355468567	32028	1095.58	474.10	0.00	0.00	28.78	2513.76	0.63	898.50	99059.45	-107705.43	68967.43
Fixation L	1	9	3355468567	3355520534	51967	0.00	0.00	0	0	-1	12.01	12.01
Fixation R	1	8	3355468567	3355520534	51967	0.00	0.00	0	0	-1	9.05	9.05
Fixation L	1	10	3355580540	3356172442	591902	1134.23	470.38	71	86	-1	12.11	12.11
Fixation R	1	9	3355580540	3356172442	591902	1134.23	470.38	71	86	-1	13.44	13.44
Saccade L	1	8	3356172442	3356200435	27993	1167.48	470.17	1110.89	474.59	1.33	97.63	0.57	47.48	4213.31	-3510.70	2830.30
Saccade R	1	7	3356172442	3356200435	27993	1167.48	470.17	1110.89	474.59	1.33	97.63	0.57	47.48	4213.31	-3510.70	2830.30
Fixation L	1	11	3356200435	3356452439	252004	1106.41	454.36	13	37	-1	12.03	12.03
Fixation R	1	10	3356200435	3356452439	252004	1106.41	454.36	13	37	-1	12.97	12.97
Saccade L	1	9	3356452439	3356472438	19999	1102.62	455.41	1060.59	442.85	0.86	71.37	0.40	43.21	3307.06	-2424.28	2079.38
Saccade R	1	8	3356452439	3356472438	19999	1102.62	455.41	1060.59	442.85	0.86	71.37	0.40	43.21	3307.06	-2424.28	2079.38
Fixation L	1	12	3356472438	3356684471	212033	1026.84	468.73	45	45	-1	12.41	12.41
Fixation R	1	11	3356472438	3356684471	212033	1026.84	468.73	45	45	-1	13.36	13.36
Saccade L	1	10	3356684471	3356712446	27975	1021.71	483.42	1117.83	499.35	1.93	137.49	0.43	69.08	6248.44	-6021.68	4469.96
Saccade R	1	9	3356684471	3356712446	27975	1021.71	483.42	1117.83	499.35	1.93	137.49	0.43	69.08	6248.44	-6021.68	4469.96
Fixation L	1	13	3356712446	3356884437	171991	1123.06	486.94	10	38	-1	12.13	12.13
Fixation R	1	12	3356712446	3356884437	171991	1123.06	486.94	10	38	-1	13.27	13.27
Saccade L	1	11	3356884437	3356948459	64022	1120.92	461.67	347.56	503.26	16.88	486.56	0.50	263.61	20345.11	-18562.46	12290.43
Saccade R	1	10	3356884437	3356948459	64022	1120.92	461.67	347.56	503.26	16.88	486.56	0.50	263.61	20345.11	-18562.46	12290.43
Fixation L	1	14	3356948459	3357104462	156003	370.80	515.46	40	31	-1	13.29	13.29
Fixation R	1	13	3356948459	3357104462	156003	370.80	515.46	40	31	-1	13.56	13.56
Saccade L	1	12	3357104462	3357128455	23993	384.67	520.12	348.57	521.68	0.76	52.24	0.50	31.60	2111.07	-1583.38	1330.94
Saccade R	1	11	3357104462	3357128455	23993	384.67	520.12	348.57	521.68	0.76	52.24	0.50	31.60	2111.07	-1583.38	1330.94
Fixation L	1	15	3357128455	3357344494	216039	324.68	527.86	31	23	-1	13.02	13.02
Fixation R	1	14	3357128455	3357344494	216039	324.68	527.86	31	23	-1	13.32	13.32
Saccade L	1	13	3357344494	3357368464	23970	325.43	527.59	379.82	527.19	1.06	81.73	0.50	44.22	3290.63	-3116.13	2395.42
Saccade R	1	12	3357344494	3357368464	23970	325.43	527.59	379.82	527.19	1.06	81.73	0.50	44.22	3290.63	-3116.13	2395.42
Fixation L	1	16	3357368464	3357444462	75998	390.69	529.63	16	7	-1	13.22	13.22
Fixation R	1	15	3357368464	3357444462	75998	390.69	529.63	16	7	-1	13.65	13.65
Saccade L	1	14	3357444462	3357508339	63877	394.78	525.95	1045.10	492.84	14.24	426.25	0.31	222.91	19952.22	-15071.90	10891.23
Saccade R	1	13	3357444462	3357508339	63877	394.78	525.95	1045.10	492.84	14.24	426.25	0.31	222.91	19952.22	-15071.90	10891.23
Fixation L	1	17	3357508339	3357764350	256011	1054.92	476.84	42	32	-1	12.57	12.57
Fixation R	1	16	3357508339	3357764350	256011	1054.92	476.84	42	32	-1	13.27	13.27
Saccade L	1	15	3357764350	3357808415	44065	1022.97	461.86	2.67	0.00	30.98	1983.93	0.45	703.16	83512.57	-63270.44	46277.71
Fixation L	1	18	3357808415	3357888359	79944	0.66	0.00	2	0	-1	10.75	10.75
Fixation L	1	19	3357968398	3358144380	175982	670.05	472.98	36	44	-1	12.46	12.46
Fixation R	1	17	3357968398	3358144380	175982	670.05	472.98	36	44	-1	12.88	12.88
Saccade L	1	16	3358144380	3358204400	60020	668.50	491.65	1024.36	481.85	7.80	334.08	0.40	129.89	15371.85	-13546.31	8051.32
Saccade R	1	14	3358144380	3358204400	60020	668.50	491.65	1024.36	481.85	7.80	334.08	0.40	129.89	15371.85	-13546.31	8051.32
Fixation L	1	20	3358204400	3358500366	295966	1026.42	481.05	29	32	-1	12.22	12.22
Fixation R	1	18	3358204400	3358500366	295966	1026.42	481.05	29	32	-1	12.88	12.88
Saccade L	1	17	3358500366	3358552361	51995	1014.76	485.55	1101.18	458.85	2.19	111.07	0.23	42.11	5081.13	-4005.32	2273.90
Saccade R	1	15	3358500366	3358552361	51995	1014.76	485.55	1101.18	458.85	2.19	111.07	0.23	42.11	5081.13	-4005.32	2273.90
Fixation L	1	21	3358552361	3358648365	96004	1105.27	452.48	11	30	-1	11.88	11.88
Fixation R	1	19	3358552361	3358648365	96004	1105.27	452.48	11	30	-1	12.49	12.49
Saccade L	1	18	3358648365	3358672361	23996	1097.88	473.53	1105.00	538.19	1.18	99.43	0.50	49.35	3414.62	-48.36	1849.91
Saccade R	1	16	3358648365	3358672361	23996	1097.88	473.53	1105.00	538.19	1.18	99.43	0.50	49.35	3414.62	-48.36	1849.91
Saccade L	1	19	3358672361	3358736363	64002	1105.00	538.19	290.39	495.10	18.16	515.83	0.50	283.68	17985.47	-21374.35	12747.87
Saccade R	1	17	3358672361	3358736363	64002	1105.00	538.19	290.39	495.10	18.16	515.83	0.50	283.68	17985.47	-21374.35	12747.87
Fixation L	1	22	3358736363	3359064271	327908	318.17	489.18	63	31	-1	12.32	12.32
Fixation R	1	20	3358736363	3359064271	327908	318.17	489.18	63	31	-1	12.68	12.68
Saccade L	1	20	3359064271	3359088304	24033	304.55	500.92	308.33	425.29	1.58	130.90	0.50	65.70	5174.18	-5533.13	3998.07
Saccade R	1	18	3359064271	3359088304	24033	304.55	500.92	308.33	425.29	1.58	130.90	0.50	65.70	5174.18	-5533.13	3998.07
Fixation L	1	23	3359088304	3359412256	323952	312.25	417.62	18	19	-1	12.64	12.64
Fixation R	1	21	3359088304	3359412256	323952	312.25	417.62	18	19	-1	13.13	13.13
Saccade L	1	21	3359412256	3359432252	19996	317.58	420.36	280.69	438.95	0.70	54.57	0.60	34.98	2416.72	-1812.08	1575.33
Saccade R	1	19	3359412256	3359432252	19996	317.58	420.36	280.69	438.95	0.70	54.57	0.60	34.98	2416.72	-1812.08	1575.33
Saccade L	1	22	3359476275	3359552280	76005	268.58	453.66	1164.81	480.92	19.80	486.43	0.37	260.53	22363.20	-12335.59	11141.48
Saccade R	1	20	3359476275	3359552280	76005	268.58	453.66	1164.81	480.92	19.80	486.43	0.37	260.53	22363.20	-12335.59	11141.48
Fixation L	1	24	3359552280	3359788286	236006	1152.35	477.99	29	23	-1	12.12	12.12
Fixation R	1	22	3359552280	3359788286	236006	1152.35	477.99	29	23	-1	13.40	13.40
Saccade L	1	23	3359788286	3359816265	27979	1135.98	495.33	1065.15	482.38	1.57	113.91	0.43	56.24	4909.68	-4722.56	3493.33
Saccade R	1	21	3359788286	3359816265	27979	1135.98	495.33	1065.15	482.38	1.57	113.91	0.43	56.24	4909.68	-4722.56	3493.33
Fixation L	1	25	3359816265	3359916268	100003	1064.22	468.07	17	29	-1	12.02	12.02
Fixation R	1	23	3359816265	3359916268	100003	1064.22	468.07	17	29	-1	13.07	13.07
Saccade L	1	24	3359916268	3359948288	32020	1071.92	451.20	1033.07	566.84	2.51	171.11	0.38	78.44	7623.76	-7188.75	5262.19
Saccade R	1	22	3359916268	3359948288	32020	1071.92	451.20	1033.07	566.84	2.51	171.11	0.38	78.44	7623.76	-7188.75	5262.19
Fixation L	1	26	3359948288	3360140272	191984	1028.58	581.02	13	20	-1	12.16	12.16
Fixation R	1	24	3359948288	3360140272	191984	1028.58	581.02	13	20	-1	12.97	12.97
Saccade L	1	25	3360140272	3360180273	40001	1026.28	582.17	764.79	674.58	5.96	299.19	0.60	149.00	14065.54	-13899.89	10183.46
Saccade R	1	23	3360140272	3360180273	40001	1026.28	582.17	764.79	674.58	5.96	299.19	0.60	149.00	14065.54	-13899.89	10183.46
Fixation L	1	27	3360180273	3360312272	131999	743.45	674.96	31	9	-1	12.64	12.64
Fixation R	1	25	3360180273	3360312272	131999	743.45	674.96	31	9	-1	13.20	13.20
Saccade L	1	26	3360312272	3360352200	39928	732.45	674.33	977.51	686.45	5.19	239.80	0.40	129.99	11531.59	-10077.18	8170.05
Saccade R	1	24	3360312272	3360352200	39928	732.45	674.33	977.51	686.45	5.19	239.80	0.40	129.99	11531.59	-10077.18	8170.05
Fixation L	1	28	3360352200	3360472162	119962	969.11	686.44	26	12	-1	12.45	12.45
Fixation R	1	26	3360352200	3360472162	119962	969.11	686.44	26	12	-1	13.28	13.28
Saccade L	1	27	3360472162	3360508180	36018	953.13	695.02	1011.67	681.05	1.18	69.82	0.33	32.73	2872.05	-2089.54	1721.74
Saccade R	1	25	3360472162	3360508180	36018	953.13	695.02	1011.67	681.05	1.18	69.82	0.33	32.73	2872.05	-2089.54	1721.74
Fixation L	1	29	3360508180	3360656216	148036	1005.31	677.18	15	13	-1	12.45	12.45
Fixation R	1	27	3360508180	3360656216	148036	1005.31	677.18	15	13	-1	13.52	13.52
Saccade L	1	28	3360656216	3360692147	35931	1000.12	671.15	1032.14	557.87	2.63	168.12	0.55	73.10	7125.27	-7697.27	4998.50
Saccade R	1	26	3360656216	3360692147	35931	1000.12	671.15	1032.14	557.87	2.63	168.12	0.55	73.10	7125.27	-7697.27	4998.50
Fixation L	1	30	3360692147	3360816179	124032	1034.25	558.78	4	17	-1	12.40	12.40
Fixation R	1	28	3360692147	3360816179	124032	1034.25	558.78	4	17	-1	13.18	13.18
Saccade L	1	29	3360816179	3360860165	43986	1034.84	566.55	1090.22	483.54	2.29	109.66	0.36	51.97	5099.79	-3860.66	3028.16
Saccade R	1	27	3360816179	3360860165	43986	1034.84	566.55	1090.22	483.54	2.29	109.66	0.36	51.97	5099.79	-3860.66	3028.16
Fixation L	1	31	3360860165	3360972194	112029	1081.41	458.86	18	46	-1	11.97	11.97
Fixation R	1	29	3360860165	3360972194	112029	1081.41	458.86	18	46	-1	12.92	12.92
Saccade L	1	30	3360972194	3361032167	59973	1076.59	436.16	301.77	657.23	18.06	548.93	0.47	301.21	24301.99	-23033.28	15224.23
Saccade R	1	28	3360972194	3361032167	59973	1076.59	436.16	301.77	657.23	18.06	548.93	0.47	301.21	24301.99	-23033.28	15224.23
Saccade L	1	31	3361048170	3361084171	36001	299.17	664.80	357.87	680.43	1.31	70.30	0.33	36.34	2771.59	-2226.75	1613.23
Saccade R	1	29	3361048170	3361084171	36001	299.17	664.80	357.87	680.43	1.31	70.30	0.33	36.34	2771.59	-2226.75	1613.23
Saccade L	1	32	3361092166	3361140182	48016	361.66	685.15	339.11	675.51	2.93	134.75	0.50	61.09	4319.30	-5088.47	2476.29
Saccade R	1	30	3361092166	3361140182	48016	361.66	685.15	339.11	675.51	2.93	134.75	0.50	61.09	4319.30	-5088.47	2476.29
Fixation L	1	32	3361140182	3361220162	79980	333.70	678.90	9	9	-1	12.54	12.54
Fixation R	1	30	3361140182	3361220162	79980	333.70	678.90	9	9	-1	12.54	12.54
Saccade L	1	33	3361220162	3361260171	40009	336.68	684.99	394.48	617.28	1.87	85.73	0.40	46.73	3875.04	-3103.16	2559.28
Saccade R	1	31	3361220162	3361260171	40009	336.68	684.99	394.48	617.28	1.87	85.73	0.40	46.73	3875.04	-3103.16	2559.28
Fixation L	1	33	3361260171	3361684191	424020	393.38	607.01	29	48	-1	12.67	12.67
Fixation R	1	31	3361260171	3361684191	424020	393.38	607.01	29	48	-1	12.91	12.91
Saccade L	1	34	3361684191	3361748073	63882	408.24	616.86	1062.81	459.71	14.69	463.61	0.31	229.98	22292.05	-13992.75	11474.78
Saccade R	1	32	3361684191	3361748073	63882	408.24	616.86	1062.81	459.71	14.69	463.61	0.31	229.98	22292.05	-13992.75	11474.78
Fixation L	1	34	3361748073	3361896079	148006	1047.42	437.77	31	40	-1	12.57	12.57
Fixation R	1	32	3361748073	3361896079	148006	1047.42	437.77	31	40	-1	13.10	13.10
Saccade L	1	35	3361896079	3361920092	24013	1031.35	433.18	1164.67	441.05	2.68	247.55	0.50	111.72	10514.43	-10374.40	7796.12
Saccade R	1	33	3361896079	3361920092	24013	1031.35	433.18	1164.67	441.05	2.68	247.55	0.50	111.72	10514.43	-10374.40	7796.12
Fixation L	1	35	3361920092	3362008080	87988	1177.95	441.07	36	7	-1	12.52	12.52
Fixation R	1	33	3361920092	3362008080	87988	1177.95	441.07	36	7	-1	12.87	12.87
Saccade L	1	36	3362008080	3362044062	35982	1199.65	439.39	0.00	0.00	30.11	2260.79	0.67	836.83	88411.95	-95967.18	60693.19
Saccade R	1	34	3362008080	3362044062	35982	1199.65	439.39	0.00	0.00	30.11	2260.79	0.67	836.83	88411.95	-95967.18	60693.19
Fixation L	1	36	3362156054	3362420077	264023	245.66	500.95	40	24	-1	12.29	12.29
Fixation R	1	34	3362156054	3362420077	264023	245.66	500.95	40	24	-1	12.40	12.40
Saccade L	1	37	3362420077	3362452094	32017	259.82	493.66	330.53	486.74	1.49	83.10	0.37	46.42	3512.43	-3017.43	2343.60
Saccade R	1	35	3362420077	3362452094	32017	259.82	493.66	330.53	486.74	1.49	83.10	0.37	46.42	3512.43	-3017.43	2343.60
Fixation L	1	37	3362452094	3363215975	763881	326.22	444.60	32	81	-1	12.46	12.46
Fixation R	1	35	3362452094	3363215975	763881	326.22	444.60	32	81	-1	12.86	12.86
Saccade L	1	38	3363215975	3363247957	31982	323.01	437.73	329.98	298.97	2.76	184.15	0.50	86.44	8338.47	-8564.23	6175.90
Saccade R	1	36	3363215975	3363247957	31982	323.01	437.73	329.98	298.97	2.76	184.15	0.50	86.44	8338.47	-8564.23	6175.90
Fixation L	1	38	3363247957	3363379965	132008	325.16	310.59	9	21	-1	12.69	12.69
Fixation R	1	36	3363247957	3363379965	132008	325.16	310.59	9	21	-1	13.05	13.05
Saccade L	1	39	3363379965	3363455956	75991	327.76	321.29	1111.00	505.63	18.45	482.86	0.42	242.82	21250.59	-14078.09	10572.68
Saccade R	1	37	3363379965	3363455956	75991	327.76	321.29	1111.00	505.63	18.45	482.86	0.42	242.82	21250.59	-14078.09	10572.68
Fixation L	1	39	3363455956	3363835980	380024	1139.33	479.06	76	47	-1	11.98	11.98
Fixation R	1	37	3363455956	3363835980	380024	1139.33	479.06	76	47	-1	13.33	13.33
Saccade L	1	40	3363835980	3363903971	67991	1188.50	459.99	362.12	366.65	18.19	532.89	0.53	267.60	18984.25	-19993.67	12685.28
Saccade R	1	38	3363835980	3363903971	67991	1188.50	459.99	362.12	366.65	18.19	532.89	0.53	267.60	18984.25	-19993.67	12685.28
Fixation L	1	40	3363903971	3364243991	340020	388.38	363.22	42	30	-1	12.34	12.34
Fixation R	1	38	3363903971	3364243991	340020	388.38	363.22	42	30	-1	12.73	12.73
Saccade L	1	41	3364243991	3364292013	48022	401.99	360.77	769.46	502.13	8.72	352.80	0.33	181.60	16862.74	-12339.68	10286.72
Saccade R	1	39	3364243991	3364292013	48022	401.99	360.77	769.46	502.13	8.72	352.80	0.33	181.60	16862.74	-12339.68	10286.72
Fixation L	1	41	3364292013	3364387978	95965	781.23	495.45	19	15	-1	12.98	12.98
Fixation R	1	39	3364292013	3364387978	95965	781.23	495.45	19	15	-1	13.48	13.48
Saccade L	1	42	3364387978	3364436004	48026	777.14	487.70	1107.71	513.63	7.20	282.90	0.33	149.84	13347.47	-10385.27	8480.51
Saccade R	1	40	3364387978	3364436004	48026	777.14	487.70	1107.71	513.63	7.20	282.90	0.33	149.84	13347.47	-10385.27	8480.51
Fixation L	1	42	3364436004	3364543870	107866	1101.49	501.51	26	20	-1	12.35	12.35
Fixation R	1	40	3364436004	3364543870	107866	1101.49	501.51	26	20	-1	13.53	13.53
Saccade L	1	43	3364543870	3364571886	28016	1086.46	496.54	1163.30	515.53	1.67	123.05	0.57	59.78	5245.69	-5254.01	3834.07
Saccade R	1	41	3364543870	3364571886	28016	1086.46	496.54	1163.30	515.53	1.67	123.05	0.57	59.78	5245.69	-5254.01	3834.07
Fixation L	1	43	3364571886	3364755873	183987	1169.99	499.85	28	31	-1	12.03	12.03
Fixation R	1	41	3364571886	3364755873	183987	1169.99	499.85	28	31	-1	12.98	12.98
Saccade L	1	44	3364755873	3364791872	35999	1152.73	489.26	1199.62	467.49	1.07	56.03	0.33	29.83	2292.82	-1593.14	1293.14
Saccade R	1	42	3364755873	3364791872	35999	1152.73	489.26	1199.62	467.49	1.07	56.03	0.33	29.83	2292.82	-1593.14	1293.14
Fixation L	1	44	3364791872	3365303906	512034	1211.53	478.83	46	41	-1	11.86	11.86
Fixation R	1	42	3364791872	3365303906	512034	1211.53	478.83	46	41	-1	12.67	12.67
Saccade L	1	45	3365303906	3365339899	35993	1222.73	469.21	1155.50	466.69	1.40	80.63	0.33	39.03	3374.71	-2730.51	2078.41
Saccade R	1	43	3365303906	3365339899	35993	1222.73	469.21	1155.50	466.69	1.40	80.63	0.33	39.03	3374.71	-2730.51	2078.41
Fixation L	1	45	3365339899	3365519874	179975	1021.76	411.44	799	299	-1	11.95	11.95
Fixation R	1	43	3365339899	3365519874	179975	1021.76	411.44	799	299	-1	12.62	12.62
