[BeGaze]
Converted from:	D:\Kirillov\Results\ermolova_temp\Julia-eye_data.idf
Date:	17.04.2019 03:54:36
Version:	BeGaze 3.0.181
Sample Rate:	250
Subject:	Julia
Description:	Run40

Table Header for Fixations:
Event Type	Trial	Number	Start	End	Duration	Location X	Location Y	Dispersion X	Dispersion Y	Plane	Avg. Pupil Size X	Avg. Pupil Size Y

Table Header for Saccades:
Event Type	Trial	Number	Start	End	Duration	Start Loc.X	Start Loc.Y	End Loc.X	End Loc.Y	Amplitude	Peak Speed	Peak Speed At	Average Speed	Peak Accel.	Peak Decel.	Average Accel.

Table Header for User Events:
Event Type	Trial	Number	Start	Description

UserEvent	1	1	9637323793	# Message: experiment-19.jpg
Fixation L	1	1	9637325434	9637713441	388007	339.38	316.88	23	66	-1	12.23	12.23
Fixation R	1	1	9637325434	9637713441	388007	339.38	316.88	23	66	-1	12.06	12.06
Saccade L	1	1	9637713441	9637765447	52006	347.36	304.77	245.10	464.45	4.05	141.85	0.31	77.82	6766.24	-4478.63	3916.46
Saccade R	1	1	9637713441	9637765447	52006	347.36	304.77	245.10	464.45	4.05	141.85	0.31	77.82	6766.24	-4478.63	3916.46
Fixation L	1	2	9637765447	9637969472	204025	236.55	433.37	20	64	-1	10.89	10.89
Fixation R	1	2	9637765447	9637969472	204025	236.55	433.37	20	64	-1	10.87	10.87
Saccade L	1	2	9637969472	9638025443	55971	226.71	401.28	261.61	329.17	1.74	48.82	0.21	31.11	2026.63	-1056.38	948.07
Saccade R	1	2	9637969472	9638025443	55971	226.71	401.28	261.61	329.17	1.74	48.82	0.21	31.11	2026.63	-1056.38	948.07
Fixation L	1	3	9638025443	9638169444	144001	261.89	348.71	14	44	-1	10.70	10.70
Fixation R	1	3	9638025443	9638169444	144001	261.89	348.71	14	44	-1	10.73	10.73
Saccade L	1	3	9638169444	9638229457	60013	266.79	357.69	288.09	308.25	1.28	40.61	0.47	21.34	1150.68	-1285.25	705.90
Saccade R	1	3	9638169444	9638229457	60013	266.79	357.69	288.09	308.25	1.28	40.61	0.47	21.34	1150.68	-1285.25	705.90
Fixation L	1	4	9638229457	9638437337	207880	282.85	315.42	19	23	-1	11.07	11.07
Fixation R	1	4	9638229457	9638437337	207880	282.85	315.42	19	23	-1	10.90	10.90
Fixation L	1	5	9638629346	9638845348	216002	214.90	438.97	13	31	-1	11.42	11.42
Fixation R	1	5	9638629346	9638845348	216002	214.90	438.97	13	31	-1	11.27	11.27
Saccade L	1	4	9638845348	9638881376	36028	213.71	448.67	250.66	452.87	0.83	44.35	0.33	23.15	1929.53	-1424.91	1102.00
Saccade R	1	4	9638845348	9638881376	36028	213.71	448.67	250.66	452.87	0.83	44.35	0.33	23.15	1929.53	-1424.91	1102.00
Fixation L	1	6	9638881376	9639125352	243976	265.97	447.79	33	31	-1	11.67	11.67
Fixation R	1	6	9638881376	9639125352	243976	265.97	447.79	33	31	-1	11.68	11.68
Saccade L	1	5	9639125352	9639201344	75992	246.98	455.44	312.50	341.20	2.84	103.65	0.21	37.37	4338.01	-3365.04	1562.11
Saccade R	1	5	9639125352	9639201344	75992	246.98	455.44	312.50	341.20	2.84	103.65	0.21	37.37	4338.01	-3365.04	1562.11
Fixation L	1	7	9639201344	9639597359	396015	300.53	363.72	26	47	-1	11.67	11.67
Fixation R	1	7	9639201344	9639597359	396015	300.53	363.72	26	47	-1	11.59	11.59
Saccade L	1	6	9639597359	9639645376	48017	295.79	375.48	244.21	440.69	1.80	94.05	0.33	37.58	3983.46	-3563.85	2167.39
Saccade R	1	6	9639597359	9639645376	48017	295.79	375.48	244.21	440.69	1.80	94.05	0.33	37.58	3983.46	-3563.85	2167.39
Fixation L	1	8	9639645376	9639953241	307865	246.40	443.35	12	23	-1	11.43	11.43
Fixation R	1	8	9639645376	9639953241	307865	246.40	443.35	12	23	-1	11.23	11.23
Saccade L	1	7	9639953241	9640005237	51996	249.78	442.47	307.73	308.73	3.17	157.80	0.38	61.02	6721.66	-5457.56	3652.30
Saccade R	1	7	9639953241	9640005237	51996	249.78	442.47	307.73	308.73	3.17	157.80	0.38	61.02	6721.66	-5457.56	3652.30
Fixation L	1	9	9640005237	9640485250	480013	343.61	290.40	70	70	-1	11.41	11.41
Fixation R	1	9	9640005237	9640485250	480013	343.61	290.40	70	70	-1	11.41	11.41
Saccade L	1	8	9640485250	9640513294	28044	377.30	276.00	360.56	305.83	0.75	41.64	0.43	26.58	1875.39	-1462.77	1242.23
Saccade R	1	8	9640485250	9640513294	28044	377.30	276.00	360.56	305.83	0.75	41.64	0.43	26.58	1875.39	-1462.77	1242.23
Fixation L	1	10	9640513294	9640641308	128014	354.95	308.43	10	10	-1	11.56	11.56
Fixation R	1	10	9640513294	9640641308	128014	354.95	308.43	10	10	-1	11.49	11.49
Saccade L	1	9	9640641308	9640741252	99944	349.60	303.86	1194.60	511.54	21.70	581.75	0.36	217.10	26826.70	-25044.82	10451.57
Saccade R	1	9	9640641308	9640741252	99944	349.60	303.86	1194.60	511.54	21.70	581.75	0.36	217.10	26826.70	-25044.82	10451.57
Fixation L	1	11	9640741252	9640925269	184017	1179.53	494.57	51	25	-1	11.54	11.54
Fixation R	1	11	9640741252	9640925269	184017	1179.53	494.57	51	25	-1	11.55	11.55
Saccade L	1	10	9640925269	9640953272	28003	1164.56	488.32	1065.92	491.14	2.25	215.84	0.43	80.30	8267.79	-8168.69	5910.77
Saccade R	1	10	9640925269	9640953272	28003	1164.56	488.32	1065.92	491.14	2.25	215.84	0.43	80.30	8267.79	-8168.69	5910.77
Fixation L	1	12	9640953272	9641289143	335871	1051.62	497.72	24	33	-1	11.30	11.30
Fixation R	1	12	9640953272	9641289143	335871	1051.62	497.72	24	33	-1	11.19	11.19
Saccade L	1	11	9641289143	9641341119	51976	1048.74	487.48	1045.24	388.93	2.25	80.61	0.23	43.34	3367.89	-2405.37	1696.53
Saccade R	1	11	9641289143	9641341119	51976	1048.74	487.48	1045.24	388.93	2.25	80.61	0.23	43.34	3367.89	-2405.37	1696.53
Fixation L	1	13	9641341119	9641545165	204046	1042.10	382.24	20	21	-1	11.14	11.14
Fixation R	1	13	9641341119	9641545165	204046	1042.10	382.24	20	21	-1	11.26	11.26
Saccade L	1	12	9641545165	9641597148	51983	1042.84	380.70	1150.51	356.38	2.68	170.84	0.23	51.62	7837.33	-7251.02	3528.11
Saccade R	1	12	9641545165	9641597148	51983	1042.84	380.70	1150.51	356.38	2.68	170.84	0.23	51.62	7837.33	-7251.02	3528.11
Fixation L	1	14	9641597148	9641661182	64034	1137.67	348.93	26	14	-1	11.26	11.26
Fixation R	1	14	9641597148	9641661182	64034	1137.67	348.93	26	14	-1	11.14	11.14
Saccade L	1	13	9641661182	9641697205	36023	1122.98	341.11	1111.43	390.31	1.05	50.85	0.55	29.05	1859.70	-2071.08	1394.36
Saccade R	1	13	9641661182	9641697205	36023	1122.98	341.11	1111.43	390.31	1.05	50.85	0.55	29.05	1859.70	-2071.08	1394.36
Fixation L	1	15	9641697205	9641965131	267926	1114.42	399.28	20	18	-1	11.19	11.19
Fixation R	1	15	9641697205	9641965131	267926	1114.42	399.28	20	18	-1	11.32	11.32
Saccade L	1	14	9641965131	9642017171	52040	1116.87	399.85	1207.70	417.91	2.25	145.56	0.31	43.31	6658.18	-5722.61	2803.27
Saccade R	1	14	9641965131	9642017171	52040	1116.87	399.85	1207.70	417.91	2.25	145.56	0.31	43.31	6658.18	-5722.61	2803.27
Fixation L	1	16	9642017171	9642157159	139988	1218.94	408.00	21	18	-1	11.06	11.06
Fixation R	1	16	9642017171	9642157159	139988	1218.94	408.00	21	18	-1	11.36	11.36
Saccade L	1	15	9642157159	9642185183	28024	1205.33	405.61	1229.52	384.56	0.70	40.53	0.43	25.01	1435.70	-1359.59	1073.81
Saccade R	1	15	9642157159	9642185183	28024	1205.33	405.61	1229.52	384.56	0.70	40.53	0.43	25.01	1435.70	-1359.59	1073.81
Saccade L	1	16	9642225164	9642329163	103999	1256.74	378.59	311.72	391.77	21.27	505.94	0.58	204.52	22029.72	-13982.79	8592.48
Saccade R	1	16	9642225164	9642329163	103999	1256.74	378.59	311.72	391.77	21.27	505.94	0.58	204.52	22029.72	-13982.79	8592.48
Fixation L	1	17	9642329163	9642449230	120067	319.32	380.58	35	21	-1	11.24	11.24
Fixation R	1	17	9642329163	9642449230	120067	319.32	380.58	35	21	-1	11.37	11.37
Saccade L	1	17	9642449230	9642485187	35957	343.39	370.41	245.94	392.91	2.07	135.35	0.55	57.60	5855.03	-5546.87	3794.45
Saccade R	1	17	9642449230	9642485187	35957	343.39	370.41	245.94	392.91	2.07	135.35	0.55	57.60	5855.03	-5546.87	3794.45
Fixation L	1	18	9642485187	9642641095	155908	274.31	367.67	39	33	-1	11.45	11.45
Fixation R	1	18	9642485187	9642641095	155908	274.31	367.67	39	33	-1	11.32	11.32
Saccade L	1	18	9642641095	9642677050	35955	284.05	360.98	334.37	313.02	1.59	78.82	0.56	44.23	3375.72	-3265.94	2406.93
Saccade R	1	18	9642641095	9642677050	35955	284.05	360.98	334.37	313.02	1.59	78.82	0.56	44.23	3375.72	-3265.94	2406.93
Fixation L	1	19	9642677050	9642837050	160000	338.27	307.46	11	19	-1	11.57	11.57
Fixation R	1	19	9642677050	9642837050	160000	338.27	307.46	11	19	-1	11.75	11.75
Saccade L	1	19	9642837050	9642921048	83998	332.79	316.33	1114.96	561.35	20.27	452.38	0.43	241.30	20059.63	-14096.74	9080.20
Saccade R	1	19	9642837050	9642921048	83998	332.79	316.33	1114.96	561.35	20.27	452.38	0.43	241.30	20059.63	-14096.74	9080.20
Saccade L	1	20	9642921048	9642941051	20003	1114.96	561.35	1099.96	563.83	0.48	47.52	0.60	23.90	-161.36	-1796.78	937.40
Saccade R	1	20	9642921048	9642941051	20003	1114.96	561.35	1099.96	563.83	0.48	47.52	0.60	23.90	-161.36	-1796.78	937.40
Fixation L	1	20	9642941051	9643153093	212042	1104.50	537.32	33	49	-1	12.01	12.01
Fixation R	1	20	9642941051	9643153093	212042	1104.50	537.32	33	49	-1	11.90	11.90
Saccade L	1	21	9643153093	9643221053	67960	1107.77	531.90	1100.35	448.83	1.90	75.69	0.35	27.96	3037.15	-2821.97	1265.52
Saccade R	1	21	9643153093	9643221053	67960	1107.77	531.90	1100.35	448.83	1.90	75.69	0.35	27.96	3037.15	-2821.97	1265.52
Fixation L	1	21	9643221053	9643609091	388038	1099.64	457.62	16	26	-1	11.35	11.35
Fixation R	1	21	9643221053	9643609091	388038	1099.64	457.62	16	26	-1	11.58	11.58
Saccade L	1	22	9643609091	9643649067	39976	1100.95	456.87	1178.31	477.97	1.98	160.73	0.40	49.48	6599.62	-5967.38	3499.51
Saccade R	1	22	9643609091	9643649067	39976	1100.95	456.87	1178.31	477.97	1.98	160.73	0.40	49.48	6599.62	-5967.38	3499.51
Fixation L	1	22	9643649067	9643793077	144010	1166.62	475.20	33	17	-1	11.31	11.31
Fixation R	1	22	9643649067	9643793077	144010	1166.62	475.20	33	17	-1	11.55	11.55
Saccade L	1	23	9643793077	9643817070	23993	1181.13	466.39	1155.62	476.90	0.63	51.90	0.50	26.10	1858.74	-1297.09	1000.94
Saccade R	1	23	9643793077	9643817070	23993	1181.13	466.39	1155.62	476.90	0.63	51.90	0.50	26.10	1858.74	-1297.09	1000.94
Fixation L	1	23	9643817070	9644396957	579887	1125.62	474.31	47	46	-1	11.24	11.24
Fixation R	1	23	9643817070	9644396957	579887	1125.62	474.31	47	46	-1	11.34	11.34
Saccade L	1	24	9644396957	9644440961	44004	1104.79	464.70	1011.24	486.10	2.48	196.75	0.64	56.29	7238.00	-7738.22	4168.71
Saccade R	1	24	9644396957	9644440961	44004	1104.79	464.70	1011.24	486.10	2.48	196.75	0.64	56.29	7238.00	-7738.22	4168.71
Fixation L	1	24	9644440961	9644712960	271999	1001.09	460.03	30	44	-1	11.31	11.31
Fixation R	1	24	9644440961	9644712960	271999	1001.09	460.03	30	44	-1	11.27	11.27
Saccade L	1	25	9644712960	9644828963	116003	1003.92	447.43	280.67	417.68	19.57	526.86	0.21	168.71	24839.84	-12821.80	7523.71
Saccade R	1	25	9644712960	9644828963	116003	1003.92	447.43	280.67	417.68	19.57	526.86	0.21	168.71	24839.84	-12821.80	7523.71
Fixation L	1	25	9644828963	9644900967	72004	288.01	422.79	12	12	-1	11.36	11.36
Fixation R	1	25	9644828963	9644900967	72004	288.01	422.79	12	12	-1	11.40	11.40
Saccade L	1	26	9644900967	9644956999	56032	293.09	419.54	238.91	370.29	2.08	92.79	0.36	37.09	3752.66	-2713.76	1669.71
Saccade R	1	26	9644900967	9644956999	56032	293.09	419.54	238.91	370.29	2.08	92.79	0.36	37.09	3752.66	-2713.76	1669.71
Fixation L	1	26	9644956999	9645156975	199976	239.54	403.87	12	49	-1	11.33	11.33
Fixation R	1	26	9644956999	9645156975	199976	239.54	403.87	12	49	-1	11.27	11.27
Saccade L	1	27	9645156975	9645204985	48010	245.46	422.83	450.75	369.03	4.84	259.89	0.33	100.80	12162.34	-10290.29	6618.21
Saccade R	1	27	9645156975	9645204985	48010	245.46	422.83	450.75	369.03	4.84	259.89	0.33	100.80	12162.34	-10290.29	6618.21
Fixation L	1	27	9645204985	9645369003	164018	454.30	347.13	9	40	-1	11.47	11.47
Fixation R	1	27	9645204985	9645369003	164018	454.30	347.13	9	40	-1	11.75	11.75
Saccade L	1	28	9645369003	9645460877	91874	451.07	329.90	1138.95	610.29	17.90	548.25	0.30	194.78	23129.95	-19259.97	9675.28
Saccade R	1	28	9645369003	9645460877	91874	451.07	329.90	1138.95	610.29	17.90	548.25	0.30	194.78	23129.95	-19259.97	9675.28
Saccade L	1	29	9645460877	9645508858	47981	1138.95	610.29	1076.23	598.78	1.47	64.91	0.50	30.70	2321.50	-1857.44	1227.55
Saccade R	1	29	9645460877	9645508858	47981	1138.95	610.29	1076.23	598.78	1.47	64.91	0.50	30.70	2321.50	-1857.44	1227.55
Fixation L	1	28	9645508858	9645836877	328019	1036.09	578.22	62	58	-1	11.72	11.72
Fixation R	1	28	9645508858	9645836877	328019	1036.09	578.22	62	58	-1	11.72	11.72
Saccade L	1	30	9645836877	9645896894	60017	1011.48	573.34	1119.08	552.95	2.82	143.07	0.60	46.98	6199.07	-6623.06	2910.78
Saccade R	1	30	9645836877	9645896894	60017	1011.48	573.34	1119.08	552.95	2.82	143.07	0.60	46.98	6199.07	-6623.06	2910.78
Fixation L	1	29	9645896894	9646140875	243981	1105.58	557.39	28	15	-1	11.41	11.41
Fixation R	1	29	9645896894	9646140875	243981	1105.58	557.39	28	15	-1	11.31	11.31
Saccade L	1	31	9646140875	9646176862	35987	1116.99	564.99	1086.65	486.21	2.62	174.94	0.45	72.79	7372.64	-6255.97	4517.05
Saccade R	1	31	9646140875	9646176862	35987	1116.99	564.99	1086.65	486.21	2.62	174.94	0.45	72.79	7372.64	-6255.97	4517.05
Fixation L	1	30	9646176862	9646352855	175993	1094.49	486.24	44	21	-1	11.19	11.19
Fixation R	1	30	9646176862	9646352855	175993	1094.49	486.24	44	21	-1	11.14	11.14
Saccade L	1	32	9646352855	9646396852	43997	1123.72	473.62	840.40	502.18	6.22	362.05	0.46	141.40	17707.08	-16563.19	10716.70
Saccade R	1	32	9646352855	9646396852	43997	1123.72	473.62	840.40	502.18	6.22	362.05	0.46	141.40	17707.08	-16563.19	10716.70
Fixation L	1	31	9646396852	9647188788	791936	809.10	486.30	603	311	-1	11.04	11.04
Fixation R	1	31	9646396852	9647188788	791936	809.10	486.30	603	311	-1	11.46	11.46
