[BeGaze]
Converted from:	D:\Kirillov\Results\ermolova_temp\Veronika-eye_data.idf
Date:	17.04.2019 03:53:12
Version:	BeGaze 3.0.181
Sample Rate:	250
Subject:	Veronika
Description:	Run21

Table Header for Fixations:
Event Type	Trial	Number	Start	End	Duration	Location X	Location Y	Dispersion X	Dispersion Y	Plane	Avg. Pupil Size X	Avg. Pupil Size Y

Table Header for Saccades:
Event Type	Trial	Number	Start	End	Duration	Start Loc.X	Start Loc.Y	End Loc.X	End Loc.Y	Amplitude	Peak Speed	Peak Speed At	Average Speed	Peak Accel.	Peak Decel.	Average Accel.

Table Header for User Events:
Event Type	Trial	Number	Start	Description

UserEvent	1	1	7764480124	# Message: Questionnaire8.jpg
Saccade L	1	1	7764506651	7764542654	36003	1045.08	479.40	1012.14	672.48	4.25	263.20	0.44	118.11	11967.87	-11220.36	7995.75
Saccade R	1	1	7764506651	7764542654	36003	1045.08	479.40	1012.14	672.48	4.25	263.20	0.44	118.11	11967.87	-11220.36	7995.75
Fixation L	1	1	7764542654	7764886679	344025	1009.68	651.04	44	46	-1	13.94	13.94
Fixation R	1	1	7764542654	7764886679	344025	1009.68	651.04	44	46	-1	13.66	13.66
Saccade L	1	2	7764886679	7764942691	56012	1017.20	646.12	675.58	523.25	7.91	266.53	0.43	141.14	12279.19	-7887.29	7193.59
Saccade R	1	2	7764886679	7764942691	56012	1017.20	646.12	675.58	523.25	7.91	266.53	0.43	141.14	12279.19	-7887.29	7193.59
Fixation L	1	2	7764942691	7765066696	124005	675.12	511.96	9	17	-1	13.92	13.92
Fixation R	1	2	7764942691	7765066696	124005	675.12	511.96	9	17	-1	13.41	13.41
Fixation L	1	3	7765474551	7765586562	112011	466.91	353.65	11	27	-1	14.97	14.97
Fixation R	1	3	7765474551	7765586562	112011	466.91	353.65	11	27	-1	14.41	14.41
Saccade L	1	3	7765586562	7765622550	35988	462.84	371.94	388.04	353.45	1.98	137.73	0.44	55.12	6094.31	-5862.22	3756.11
Saccade R	1	3	7765586562	7765622550	35988	462.84	371.94	388.04	353.45	1.98	137.73	0.44	55.12	6094.31	-5862.22	3756.11
Fixation L	1	4	7765622550	7766030558	408008	388.14	331.28	17	54	-1	14.67	14.67
Fixation R	1	4	7765622550	7766030558	408008	388.14	331.28	17	54	-1	14.14	14.14
Saccade L	1	4	7766030558	7766054555	23997	389.98	315.89	399.43	280.90	0.78	48.15	0.50	32.64	1936.52	-1878.25	1408.62
Saccade R	1	4	7766030558	7766054555	23997	389.98	315.89	399.43	280.90	0.78	48.15	0.50	32.64	1936.52	-1878.25	1408.62
Fixation L	1	5	7766054555	7766818469	763914	388.47	294.37	45	75	-1	13.93	13.93
Fixation R	1	5	7766054555	7766818469	763914	388.47	294.37	45	75	-1	13.51	13.51
Saccade L	1	5	7766818469	7766842482	24013	365.46	341.42	393.82	305.76	0.89	70.59	0.50	37.14	3052.35	-2924.52	2204.07
Saccade R	1	5	7766818469	7766842482	24013	365.46	341.42	393.82	305.76	0.89	70.59	0.50	37.14	3052.35	-2924.52	2204.07
Fixation L	1	6	7766842482	7767398465	555983	399.80	276.30	19	47	-1	14.30	14.30
Fixation R	1	6	7766842482	7767398465	555983	399.80	276.30	19	47	-1	14.01	14.01
Saccade L	1	6	7767398465	7767438461	39996	399.83	282.59	351.22	327.80	1.67	81.96	0.30	41.81	3782.11	-2841.32	2295.84
Saccade R	1	6	7767398465	7767438461	39996	399.83	282.59	351.22	327.80	1.67	81.96	0.30	41.81	3782.11	-2841.32	2295.84
Fixation L	1	7	7767438461	7768798373	1359912	357.78	308.21	54	50	-1	14.40	14.40
Fixation R	1	7	7767438461	7768798373	1359912	357.78	308.21	54	50	-1	13.94	13.94
UserEvent	1	2	7767847850	# Message: UE-mouseclick left x=367 y=330
UserEvent	1	3	7768631912	# Message: UE-mouseclick left x=416 y=389
