[BeGaze]
Converted from:	D:\Kirillov\Results\ermolova_temp\Valera-eye_data.idf
Date:	17.04.2019 03:52:32
Version:	BeGaze 3.0.181
Sample Rate:	250
Subject:	Valera
Description:	Run8

Table Header for Fixations:
Event Type	Trial	Number	Start	End	Duration	Location X	Location Y	Dispersion X	Dispersion Y	Plane	Avg. Pupil Size X	Avg. Pupil Size Y

Table Header for Saccades:
Event Type	Trial	Number	Start	End	Duration	Start Loc.X	Start Loc.Y	End Loc.X	End Loc.Y	Amplitude	Peak Speed	Peak Speed At	Average Speed	Peak Accel.	Peak Decel.	Average Accel.

Table Header for User Events:
Event Type	Trial	Number	Start	Description

UserEvent	1	1	503990572	# Message: Questionnaire7.jpg
Fixation L	1	1	503994217	504230183	235966	1069.01	487.26	49	21	-1	16.06	16.06
Fixation R	1	1	503994217	504230183	235966	1069.01	487.26	49	21	-1	17.81	17.81
Saccade L	1	1	504230183	504262184	32001	1052.18	482.07	1097.92	488.74	0.96	41.86	0.50	30.05	1523.67	-1809.62	1235.93
Saccade R	1	1	504230183	504262184	32001	1052.18	482.07	1097.92	488.74	0.96	41.86	0.50	30.05	1523.67	-1809.62	1235.93
Fixation L	1	2	504262184	504314218	52034	1089.42	489.51	27	3	-1	15.54	15.54
Fixation R	1	2	504262184	504314218	52034	1089.42	489.51	27	3	-1	17.20	17.20
Saccade L	1	2	504314218	504362211	47993	1068.42	487.84	515.15	309.48	12.67	512.20	0.42	263.99	24404.18	-19783.98	15452.45
Saccade R	1	2	504314218	504362211	47993	1068.42	487.84	515.15	309.48	12.67	512.20	0.42	263.99	24404.18	-19783.98	15452.45
Fixation L	1	3	504362211	504494272	132061	505.33	297.77	14	24	-1	15.28	15.28
Fixation R	1	3	504362211	504494272	132061	505.33	297.77	14	24	-1	16.90	16.90
Saccade L	1	3	504494272	504534218	39946	512.52	287.61	453.50	237.45	1.93	88.26	0.50	48.20	3830.11	-3171.14	2583.61
Saccade R	1	3	504494272	504534218	39946	512.52	287.61	453.50	237.45	1.93	88.26	0.50	48.20	3830.11	-3171.14	2583.61
Fixation L	1	4	504534218	504666255	132037	429.28	228.41	49	15	-1	14.84	14.84
Fixation R	1	4	504534218	504666255	132037	429.28	228.41	49	15	-1	16.13	16.13
Saccade L	1	4	504666255	504706232	39977	416.87	226.62	709.75	241.99	6.38	362.22	0.50	159.48	16394.83	-16076.34	11339.55
Saccade R	1	4	504666255	504706232	39977	416.87	226.62	709.75	241.99	6.38	362.22	0.50	159.48	16394.83	-16076.34	11339.55
Fixation L	1	5	504706232	504846199	139967	721.72	249.28	36	43	-1	14.61	14.61
Fixation R	1	5	504706232	504846199	139967	721.72	249.28	36	43	-1	16.05	16.05
Saccade L	1	5	504846199	504890223	44024	725.29	246.86	430.17	347.36	6.80	336.33	0.46	154.49	15465.94	-13483.33	9919.71
Saccade R	1	5	504846199	504890223	44024	725.29	246.86	430.17	347.36	6.80	336.33	0.46	154.49	15465.94	-13483.33	9919.71
Fixation L	1	6	504890223	505354128	463905	428.80	359.17	31	30	-1	15.04	15.04
Fixation R	1	6	504890223	505354128	463905	428.80	359.17	31	30	-1	16.35	16.35
Saccade L	1	6	505354128	505378110	23982	418.56	358.44	506.16	371.49	1.85	165.60	0.50	77.25	7087.48	-6889.60	4978.82
Saccade R	1	6	505354128	505378110	23982	418.56	358.44	506.16	371.49	1.85	165.60	0.50	77.25	7087.48	-6889.60	4978.82
Fixation L	1	7	505378110	505598114	220004	490.50	361.17	30	39	-1	15.44	15.44
Fixation R	1	7	505378110	505598114	220004	490.50	361.17	30	39	-1	16.90	16.90
Saccade L	1	7	505598114	505618129	20015	499.21	349.55	400.95	354.36	1.62	151.92	0.60	80.79	6412.79	-5838.81	4244.94
Saccade R	1	7	505598114	505618129	20015	499.21	349.55	400.95	354.36	1.62	151.92	0.60	80.79	6412.79	-5838.81	4244.94
Fixation L	1	8	505618129	505794119	175990	410.04	354.66	40	18	-1	15.33	15.33
Fixation R	1	8	505618129	505794119	175990	410.04	354.66	40	18	-1	16.63	16.63
Saccade L	1	8	505794119	505830078	35959	408.44	340.06	376.60	332.38	0.96	43.84	0.67	26.60	1059.37	-1109.27	570.14
Saccade R	1	8	505794119	505830078	35959	408.44	340.06	376.60	332.38	0.96	43.84	0.67	26.60	1059.37	-1109.27	570.14
Fixation L	1	9	505830078	506210104	380026	402.93	330.93	61	36	-1	14.98	14.98
Fixation R	1	9	505830078	506210104	380026	402.93	330.93	61	36	-1	16.29	16.29
Saccade L	1	9	506210104	506230082	19978	398.93	329.76	453.46	325.54	0.96	100.59	0.60	48.27	4217.31	-3188.08	2396.30
Saccade R	1	9	506210104	506230082	19978	398.93	329.76	453.46	325.54	0.96	100.59	0.60	48.27	4217.31	-3188.08	2396.30
Fixation L	1	10	506230082	506578110	348028	457.39	307.04	50	38	-1	14.65	14.65
Fixation R	1	10	506230082	506578110	348028	457.39	307.04	50	38	-1	16.10	16.10
Saccade L	1	10	506578110	506610114	32004	454.14	288.97	393.31	309.06	1.75	132.27	0.37	54.53	5520.71	-4838.75	3385.59
Saccade R	1	10	506578110	506610114	32004	454.14	288.97	393.31	309.06	1.75	132.27	0.37	54.53	5520.71	-4838.75	3385.59
Fixation L	1	11	506610114	507073988	463874	388.33	303.43	36	33	-1	14.36	14.36
Fixation R	1	11	506610114	507073988	463874	388.33	303.43	36	33	-1	15.80	15.80
Saccade L	1	11	507073988	507102004	28016	383.19	307.93	460.54	313.03	1.80	136.57	0.57	64.39	5992.56	-6011.30	4389.83
Saccade R	1	11	507073988	507102004	28016	383.19	307.93	460.54	313.03	1.80	136.57	0.57	64.39	5992.56	-6011.30	4389.83
Fixation L	1	12	507102004	507293970	191966	465.16	295.53	23	32	-1	14.44	14.44
Fixation R	1	12	507102004	507293970	191966	465.16	295.53	23	32	-1	15.91	15.91
Saccade L	1	12	507293970	507326015	32045	458.67	289.76	385.25	287.32	1.88	163.72	0.38	58.72	6620.04	-5899.23	3965.37
Saccade R	1	12	507293970	507326015	32045	458.67	289.76	385.25	287.32	1.88	163.72	0.38	58.72	6620.04	-5899.23	3965.37
Fixation L	1	13	507326015	508193913	867898	425.46	296.26	80	50	-1	14.42	14.42
Fixation R	1	13	507326015	508193913	867898	425.46	296.26	80	50	-1	15.64	15.64
Saccade L	1	13	508193913	508213873	19960	449.74	287.67	475.48	276.39	0.59	45.42	0.40	29.48	2005.44	-826.35	1000.82
Saccade R	1	13	508193913	508213873	19960	449.74	287.67	475.48	276.39	0.59	45.42	0.40	29.48	2005.44	-826.35	1000.82
Fixation L	1	14	508213873	508317889	104016	486.93	273.01	25	8	-1	14.54	14.54
Fixation R	1	14	508213873	508317889	104016	486.93	273.01	25	8	-1	15.42	15.42
Saccade L	1	14	508317889	508373892	56003	471.13	278.92	0.00	0.00	31.05	2090.82	0.79	554.47	69249.83	-95258.75	36846.24
Fixation L	1	15	508373892	508729895	356003	410.78	285.95	813	404	-1	14.28	14.28
Fixation R	1	15	508449907	508729895	279988	444.61	315.64	33	28	-1	15.49	15.49
UserEvent	1	2	508463351	# Message: UE-mouseclick left x=358 y=305
Saccade L	1	15	508729895	508777901	48006	454.67	312.79	385.65	404.83	2.73	147.54	0.42	56.96	6807.01	-5962.41	3521.88
Saccade R	1	14	508729895	508777901	48006	454.67	312.79	385.65	404.83	2.73	147.54	0.42	56.96	6807.01	-5962.41	3521.88
Fixation L	1	16	508777901	509145907	368006	396.39	395.62	42	55	-1	13.89	13.89
Fixation R	1	16	508777901	509145907	368006	396.39	395.62	42	55	-1	15.12	15.12
Saccade L	1	16	509145907	509165856	19949	397.61	371.92	453.55	373.98	1.02	97.19	0.60	51.35	3765.86	-3954.94	2661.87
Saccade R	1	15	509145907	509165856	19949	397.61	371.92	453.55	373.98	1.02	97.19	0.60	51.35	3765.86	-3954.94	2661.87
Fixation L	1	17	509165856	509485769	319913	441.00	373.48	30	41	-1	13.52	13.52
Fixation R	1	17	509165856	509485769	319913	441.00	373.48	30	41	-1	14.81	14.81
Saccade L	1	17	509485769	509513756	27987	440.18	383.66	410.62	298.62	1.79	124.33	0.43	63.90	5785.94	-5605.42	4189.62
Saccade R	1	16	509485769	509513756	27987	440.18	383.66	410.62	298.62	1.79	124.33	0.43	63.90	5785.94	-5605.42	4189.62
Fixation L	1	18	509513756	509613761	100005	421.12	296.43	24	24	-1	13.33	13.33
Fixation R	1	18	509513756	509613761	100005	421.12	296.43	24	24	-1	14.71	14.71
