[BeGaze]
Converted from:	D:\Kirillov\Results\ermolova_temp\Sofia-eye_data.idf
Date:	17.04.2019 03:54:06
Version:	BeGaze 3.0.181
Sample Rate:	250
Subject:	Sofia
Description:	Run35

Table Header for Fixations:
Event Type	Trial	Number	Start	End	Duration	Location X	Location Y	Dispersion X	Dispersion Y	Plane	Avg. Pupil Size X	Avg. Pupil Size Y

Table Header for Saccades:
Event Type	Trial	Number	Start	End	Duration	Start Loc.X	Start Loc.Y	End Loc.X	End Loc.Y	Amplitude	Peak Speed	Peak Speed At	Average Speed	Peak Accel.	Peak Decel.	Average Accel.

Table Header for User Events:
Event Type	Trial	Number	Start	Description

UserEvent	1	1	3689907471	# Message: Questionnaire4.jpg
Fixation L	1	1	3689908326	3690156184	247858	566.68	342.88	17	26	-1	13.93	13.93
Fixation R	1	1	3689908326	3690156184	247858	566.68	342.88	17	26	-1	14.78	14.78
Saccade L	1	1	3690156184	3690200131	43947	571.10	351.13	480.26	330.61	2.03	90.25	0.27	46.11	3893.50	-2990.52	2161.57
Saccade R	1	1	3690156184	3690200131	43947	571.10	351.13	480.26	330.61	2.03	90.25	0.27	46.11	3893.50	-2990.52	2161.57
Fixation L	1	2	3690200131	3690400090	199959	471.75	323.79	13	15	-1	14.12	14.12
Fixation R	1	2	3690200131	3690400090	199959	471.75	323.79	13	15	-1	14.80	14.80
Saccade L	1	2	3690400090	3690424070	23980	469.92	320.77	509.37	333.85	0.82	51.06	0.50	34.31	2352.01	-2043.87	1630.91
Saccade R	1	2	3690400090	3690424070	23980	469.92	320.77	509.37	333.85	0.82	51.06	0.50	34.31	2352.01	-2043.87	1630.91
Fixation L	1	3	3690424070	3690848082	424012	520.97	318.69	31	47	-1	13.88	13.88
Fixation R	1	3	3690424070	3690848082	424012	520.97	318.69	31	47	-1	14.82	14.82
Saccade L	1	3	3690848082	3690872097	24015	508.74	296.29	496.28	238.62	1.12	92.41	0.50	46.75	4084.36	-3691.11	2882.33
Saccade R	1	3	3690848082	3690872097	24015	508.74	296.29	496.28	238.62	1.12	92.41	0.50	46.75	4084.36	-3691.11	2882.33
Fixation L	1	4	3690872097	3691743977	871880	497.02	254.41	37	42	-1	13.65	13.65
Fixation R	1	4	3690872097	3691743977	871880	497.02	254.41	37	42	-1	14.65	14.65
Saccade L	1	4	3691743977	3691771967	27990	499.58	247.26	422.76	260.77	1.55	109.28	0.43	55.40	5177.84	-4949.18	3743.63
Saccade R	1	4	3691743977	3691771967	27990	499.58	247.26	422.76	260.77	1.55	109.28	0.43	55.40	5177.84	-4949.18	3743.63
Fixation L	1	5	3691771967	3692632023	860056	390.08	252.94	69	39	-1	13.42	13.42
Fixation R	1	5	3691771967	3692632023	860056	390.08	252.94	69	39	-1	14.32	14.32
UserEvent	1	2	3692358090	# Message: UE-mouseclick left x=459 y=280
Saccade L	1	5	3692632023	3692671993	39970	380.35	240.00	436.30	366.51	3.03	152.18	0.60	75.84	6860.82	-7016.77	4960.97
Saccade R	1	5	3692632023	3692671993	39970	380.35	240.00	436.30	366.51	3.03	152.18	0.60	75.84	6860.82	-7016.77	4960.97
Fixation L	1	6	3692671993	3693144023	472030	465.24	390.54	50	42	-1	13.68	13.68
Fixation R	1	6	3692671993	3693144023	472030	465.24	390.54	50	42	-1	14.43	14.43
Saccade L	1	6	3693144023	3693171871	27848	485.09	392.14	483.64	294.32	1.93	149.52	0.57	69.40	6407.81	-6536.63	4737.97
Saccade R	1	6	3693144023	3693171871	27848	485.09	392.14	483.64	294.32	1.93	149.52	0.57	69.40	6407.81	-6536.63	4737.97
UserEvent	1	3	3693150095	# Message: UE-mouseclick left x=446 y=389
Fixation L	1	7	3693171871	3693251876	80005	473.68	279.74	16	25	-1	13.77	13.77
Fixation R	1	7	3693171871	3693251876	80005	473.68	279.74	16	25	-1	14.60	14.60
