[BeGaze]
Converted from:	D:\Kirillov\Results\ermolova_temp\Nastya 07-1-eye_data.idf
Date:	17.04.2019 03:53:35
Version:	BeGaze 3.0.181
Sample Rate:	250
Subject:	Nastya 07
Description:	Run27

Table Header for Fixations:
Event Type	Trial	Number	Start	End	Duration	Location X	Location Y	Dispersion X	Dispersion Y	Plane	Avg. Pupil Size X	Avg. Pupil Size Y

Table Header for Saccades:
Event Type	Trial	Number	Start	End	Duration	Start Loc.X	Start Loc.Y	End Loc.X	End Loc.Y	Amplitude	Peak Speed	Peak Speed At	Average Speed	Peak Accel.	Peak Decel.	Average Accel.

Table Header for User Events:
Event Type	Trial	Number	Start	Description

UserEvent	1	1	12319863409	# Message: Questionnaire9.jpg
Fixation L	1	1	12319865185	12319957202	92017	762.05	690.98	34	14	-1	14.83	14.83
Fixation R	1	1	12319865185	12319957202	92017	762.05	690.98	34	14	-1	15.07	15.07
Saccade L	1	1	12319957202	12320025195	67993	750.72	689.11	455.15	120.73	15.28	484.90	0.47	224.67	22204.15	-18773.25	11991.06
Saccade R	1	1	12319957202	12320025195	67993	750.72	689.11	455.15	120.73	15.28	484.90	0.47	224.67	22204.15	-18773.25	11991.06
Saccade L	1	2	12320069203	12320109187	39984	463.16	120.53	457.85	200.24	1.70	96.49	0.70	42.42	3036.66	-4202.99	2197.97
Saccade R	1	2	12320069203	12320109187	39984	463.16	120.53	457.85	200.24	1.70	96.49	0.70	42.42	3036.66	-4202.99	2197.97
Fixation L	1	2	12320109187	12320201192	92005	460.29	208.19	7	21	-1	14.85	14.85
Fixation R	1	2	12320109187	12320201192	92005	460.29	208.19	7	21	-1	15.11	15.11
Saccade L	1	3	12320289231	12320321209	31978	412.76	102.14	419.52	109.76	4.22	348.65	0.75	131.98	11253.04	-11895.24	5880.06
Saccade R	1	3	12320289231	12320321209	31978	412.76	102.14	419.52	109.76	4.22	348.65	0.75	131.98	11253.04	-11895.24	5880.06
Saccade L	1	4	12320393210	12320421143	27933	416.39	250.38	416.16	278.17	1.86	128.76	0.43	66.61	4387.21	-6277.37	3781.32
Saccade R	1	4	12320393210	12320421143	27933	416.39	250.38	416.16	278.17	1.86	128.76	0.43	66.61	4387.21	-6277.37	3781.32
Fixation L	1	3	12320421143	12320493232	72089	407.98	272.71	23	29	-1	14.98	14.98
Fixation R	1	3	12320421143	12320493232	72089	407.98	272.71	23	29	-1	15.09	15.09
Saccade L	1	5	12320577237	12320597151	19914	391.01	272.11	389.49	274.08	1.63	234.27	0.40	81.67	407.20	-9076.82	3158.12
Saccade R	1	5	12320577237	12320597151	19914	391.01	272.11	389.49	274.08	1.63	234.27	0.40	81.67	407.20	-9076.82	3158.12
Saccade L	1	6	12320617220	12320645200	27980	389.34	282.25	392.39	282.49	2.50	123.27	0.57	89.52	5879.27	-5644.25	4740.37
Saccade R	1	6	12320617220	12320645200	27980	389.34	282.25	392.39	282.49	2.50	123.27	0.57	89.52	5879.27	-5644.25	4740.37
Fixation L	1	4	12320645200	12320733220	88020	390.34	273.55	10	12	-1	14.66	14.66
Fixation R	1	4	12320645200	12320733220	88020	390.34	273.55	10	12	-1	14.79	14.79
Saccade L	1	7	12320733220	12320789127	55907	382.76	275.06	365.22	108.24	7.39	346.83	0.64	132.10	8494.68	-9071.26	4379.18
Saccade R	1	7	12320733220	12320789127	55907	382.76	275.06	365.22	108.24	7.39	346.83	0.64	132.10	8494.68	-9071.26	4379.18
UserEvent	1	2	12320794560	# Message: UE-mouseclick left x=423 y=268
Saccade L	1	8	12320805149	12320829215	24066	370.63	281.24	377.72	271.63	1.94	121.87	0.50	80.82	6934.73	-89.27	2299.60
Saccade R	1	8	12320805149	12320829215	24066	370.63	281.24	377.72	271.63	1.94	121.87	0.50	80.82	6934.73	-89.27	2299.60
Saccade L	1	9	12320913221	12320949131	35910	365.05	100.47	364.25	92.15	3.68	201.55	0.78	102.56	2722.22	-3891.50	2216.07
Saccade R	1	9	12320913221	12320949131	35910	365.05	100.47	364.25	92.15	3.68	201.55	0.78	102.56	2722.22	-3891.50	2216.07
Saccade L	1	10	12320981152	12321053111	71959	367.55	229.45	428.15	287.54	4.98	171.34	0.33	69.27	3721.77	-5053.86	2075.25
Saccade R	1	10	12320981152	12321053111	71959	367.55	229.45	428.15	287.54	4.98	171.34	0.33	69.27	3721.77	-5053.86	2075.25
Fixation L	1	5	12321053111	12321185096	131985	415.01	277.52	49	46	-1	14.64	14.64
Fixation R	1	5	12321053111	12321185096	131985	415.01	277.52	49	46	-1	14.79	14.79
Saccade L	1	11	12321185096	12321225088	39992	388.44	255.08	409.43	298.25	1.10	40.12	0.70	27.39	1017.24	-1045.55	674.86
Saccade R	1	11	12321185096	12321225088	39992	388.44	255.08	409.43	298.25	1.10	40.12	0.70	27.39	1017.24	-1045.55	674.86
Fixation L	1	6	12321225088	12321297101	72013	421.91	317.60	35	34	-1	14.67	14.67
Fixation R	1	6	12321225088	12321297101	72013	421.91	317.60	35	34	-1	14.90	14.90
Saccade L	1	12	12321297101	12321325097	27996	431.43	323.30	415.26	282.28	0.98	61.62	0.43	34.89	2266.42	-2082.35	1686.16
Saccade R	1	12	12321297101	12321325097	27996	431.43	323.30	415.26	282.28	0.98	61.62	0.43	34.89	2266.42	-2082.35	1686.16
Saccade L	1	13	12321357116	12321401104	43988	418.59	282.19	320.62	149.15	3.96	227.39	0.45	90.09	11653.49	-6965.29	5417.74
Saccade R	1	13	12321357116	12321401104	43988	418.59	282.19	320.62	149.15	3.96	227.39	0.45	90.09	11653.49	-6965.29	5417.74
Saccade L	1	14	12321401104	12321429106	28002	320.62	149.15	431.37	297.30	3.94	404.79	0.29	140.66	11653.49	-15593.54	8247.36
Saccade R	1	14	12321401104	12321429106	28002	320.62	149.15	431.37	297.30	3.94	404.79	0.29	140.66	11653.49	-15593.54	8247.36
Fixation L	1	7	12321429106	12321553133	124027	442.84	282.98	28	29	-1	14.95	14.95
Fixation R	1	7	12321429106	12321553133	124027	442.84	282.98	28	29	-1	15.36	15.36
UserEvent	1	3	12321466628	# Message: UE-mouseclick left x=450 y=393
