[BeGaze]
Converted from:	D:\Kirillov\Results\ermolova_temp\Nastya 06-eye_data.idf
Date:	17.04.2019 03:53:04
Version:	BeGaze 3.0.181
Sample Rate:	250
Subject:	Nastya 06
Description:	Run18

Table Header for Fixations:
Event Type	Trial	Number	Start	End	Duration	Location X	Location Y	Dispersion X	Dispersion Y	Plane	Avg. Pupil Size X	Avg. Pupil Size Y

Table Header for Saccades:
Event Type	Trial	Number	Start	End	Duration	Start Loc.X	Start Loc.Y	End Loc.X	End Loc.Y	Amplitude	Peak Speed	Peak Speed At	Average Speed	Peak Accel.	Peak Decel.	Average Accel.

Table Header for User Events:
Event Type	Trial	Number	Start	Description

UserEvent	1	1	6729108234	# Message: experiment-16.jpg
Fixation L	1	1	6729109946	6729369977	260031	712.26	273.81	20	32	-1	14.36	14.36
Fixation R	1	1	6729109946	6729369977	260031	712.26	273.81	20	32	-1	14.92	14.92
Saccade L	1	1	6729369977	6729409979	40002	710.85	272.97	977.18	417.34	6.65	344.90	0.50	166.25	16907.35	-15743.92	11555.21
Saccade R	1	1	6729369977	6729409979	40002	710.85	272.97	977.18	417.34	6.65	344.90	0.50	166.25	16907.35	-15743.92	11555.21
Fixation L	1	2	6729409979	6729633900	223921	792.72	366.95	996	1123	-1	13.87	13.87
Fixation R	1	2	6729409979	6729553965	143986	984.91	418.37	20	8	-1	15.00	15.00
Saccade R	1	2	6729553965	6729609970	56005	995.01	418.94	0.00	0.00	30.21	1929.01	0.79	539.50	65016.32	-85450.27	31343.65
Fixation R	1	3	6729609970	6729697976	88006	344.73	215.34	779	912	-1	10.99	10.99
Saccade R	1	3	6729697976	6729761989	64013	560.53	191.45	406.50	207.52	5.54	326.56	0.31	86.55	14033.96	-13615.61	5409.52
Saccade L	1	2	6729701976	6729761989	60013	555.43	187.10	406.50	207.52	5.44	326.56	0.27	90.65	14033.96	-13615.61	5287.70
Fixation L	1	3	6729761989	6729853964	91975	413.49	207.42	11	9	-1	12.88	12.88
Fixation R	1	4	6729761989	6729853964	91975	413.49	207.42	11	9	-1	13.30	13.30
Saccade L	1	3	6729853964	6729893880	39916	411.40	203.01	484.12	453.27	5.52	277.31	0.40	138.35	13624.83	-12366.30	9125.45
Saccade R	1	4	6729853964	6729893880	39916	411.40	203.01	484.12	453.27	5.52	277.31	0.40	138.35	13624.83	-12366.30	9125.45
Fixation L	1	4	6729893880	6730017838	123958	492.44	470.72	15	28	-1	13.05	13.05
Fixation R	1	5	6729893880	6730017838	123958	492.44	470.72	15	28	-1	13.51	13.51
Saccade L	1	4	6730017838	6730069846	52008	496.02	474.35	990.56	474.91	10.64	399.47	0.39	204.66	19605.25	-14987.43	11735.02
Saccade R	1	5	6730017838	6730069846	52008	496.02	474.35	990.56	474.91	10.64	399.47	0.39	204.66	19605.25	-14987.43	11735.02
Fixation L	1	5	6730069846	6730441856	372010	999.76	444.14	18	53	-1	13.19	13.19
Fixation R	1	6	6730069846	6730441856	372010	999.76	444.14	18	53	-1	13.87	13.87
Saccade L	1	5	6730441856	6730501862	60006	993.68	427.64	441.05	363.63	12.18	375.48	0.27	202.90	18490.78	-13325.31	9459.99
Saccade R	1	6	6730441856	6730501862	60006	993.68	427.64	441.05	363.63	12.18	375.48	0.27	202.90	18490.78	-13325.31	9459.99
Fixation L	1	6	6730501862	6730729865	228003	427.34	352.77	20	13	-1	13.00	13.00
Fixation R	1	7	6730501862	6730729865	228003	427.34	352.77	20	13	-1	13.26	13.26
Saccade L	1	6	6730729865	6730769859	39994	422.85	354.32	456.07	240.95	2.55	94.56	0.70	63.64	3989.21	-4219.64	2742.87
Saccade R	1	7	6730729865	6730769859	39994	422.85	354.32	456.07	240.95	2.55	94.56	0.70	63.64	3989.21	-4219.64	2742.87
Fixation L	1	7	6730769859	6730889855	119996	463.18	242.30	12	17	-1	12.90	12.90
Fixation R	1	8	6730769859	6730889855	119996	463.18	242.30	12	17	-1	13.30	13.30
Saccade L	1	7	6730889855	6730969864	80009	464.53	251.67	1001.57	510.89	13.75	461.95	0.25	171.91	21791.38	-14947.70	9125.71
Saccade R	1	8	6730889855	6730969864	80009	464.53	251.67	1001.57	510.89	13.75	461.95	0.25	171.91	21791.38	-14947.70	9125.71
Fixation L	1	8	6730969864	6731265901	296037	1016.34	511.42	26	30	-1	13.27	13.27
Fixation R	1	9	6730969864	6731265901	296037	1016.34	511.42	26	30	-1	14.10	14.10
Saccade L	1	8	6731265901	6731297757	31856	1026.91	493.20	984.91	502.70	0.86	40.36	0.38	27.03	1686.80	-1200.43	1054.31
Saccade R	1	9	6731265901	6731297757	31856	1026.91	493.20	984.91	502.70	0.86	40.36	0.38	27.03	1686.80	-1200.43	1054.31
Fixation L	1	9	6731297757	6731589767	292010	984.55	520.11	10	21	-1	13.30	13.30
Fixation R	1	10	6731297757	6731589767	292010	984.55	520.11	10	21	-1	13.97	13.97
Saccade L	1	9	6731589767	6731609750	19983	983.91	524.32	987.24	549.57	0.55	43.36	0.40	27.75	1940.49	-1502.12	1223.75
Saccade R	1	10	6731589767	6731609750	19983	983.91	524.32	987.24	549.57	0.55	43.36	0.40	27.75	1940.49	-1502.12	1223.75
Fixation L	1	10	6731609750	6731769757	160007	990.40	562.49	6	17	-1	13.14	13.14
Fixation R	1	11	6731609750	6731769757	160007	990.40	562.49	6	17	-1	13.98	13.98
Saccade L	1	10	6731769757	6731825759	56002	989.47	565.04	466.15	490.16	11.80	417.53	0.29	210.72	20297.27	-11104.02	10654.14
Saccade R	1	11	6731769757	6731825759	56002	989.47	565.04	466.15	490.16	11.80	417.53	0.29	210.72	20297.27	-11104.02	10654.14
Fixation L	1	11	6731825759	6732033785	208026	445.05	477.19	32	22	-1	13.07	13.07
Fixation R	1	12	6731825759	6732033785	208026	445.05	477.19	32	22	-1	13.73	13.73
Saccade L	1	11	6732033785	6732073778	39993	441.99	487.22	394.36	362.02	2.78	150.93	0.30	69.50	7159.81	-5224.69	3943.83
Saccade R	1	12	6732033785	6732073778	39993	441.99	487.22	394.36	362.02	2.78	150.93	0.30	69.50	7159.81	-5224.69	3943.83
Fixation L	1	12	6732073778	6732341771	267993	403.59	370.06	24	16	-1	13.15	13.15
Fixation R	1	13	6732073778	6732341771	267993	403.59	370.06	24	16	-1	13.54	13.54
Saccade L	1	12	6732341771	6732397794	56023	414.74	380.08	994.72	617.44	13.57	455.95	0.43	242.28	21985.65	-18666.89	13420.98
Saccade R	1	13	6732341771	6732397794	56023	414.74	380.08	994.72	617.44	13.57	455.95	0.43	242.28	21985.65	-18666.89	13420.98
Fixation L	1	13	6732397794	6732585787	187993	1013.72	613.77	33	15	-1	13.29	13.29
Fixation R	1	14	6732397794	6732585787	187993	1013.72	613.77	33	15	-1	14.37	14.37
Saccade L	1	13	6732585787	6732609789	24002	1019.50	619.57	1062.82	608.97	0.92	74.91	0.50	38.41	3206.56	-3275.86	2420.92
Saccade R	1	14	6732585787	6732609789	24002	1019.50	619.57	1062.82	608.97	0.92	74.91	0.50	38.41	3206.56	-3275.86	2420.92
Fixation L	1	14	6732609789	6732753648	143859	1080.17	593.50	33	26	-1	13.25	13.25
Fixation R	1	15	6732609789	6732753648	143859	1080.17	593.50	33	26	-1	14.23	14.23
Saccade L	1	14	6732753648	6732817695	64047	1092.36	587.51	493.96	344.41	14.37	460.68	0.38	224.31	21446.12	-13072.02	11404.98
Saccade R	1	15	6732753648	6732817695	64047	1092.36	587.51	493.96	344.41	14.37	460.68	0.38	224.31	21446.12	-13072.02	11404.98
Fixation L	1	15	6732817695	6733025674	207979	501.98	333.98	20	26	-1	12.98	12.98
Fixation R	1	16	6732817695	6733025674	207979	501.98	333.98	20	26	-1	13.56	13.56
Saccade L	1	15	6733025674	6733065669	39995	505.56	322.62	429.16	206.95	3.00	194.80	0.40	74.89	8976.38	-7910.84	5394.53
Saccade R	1	16	6733025674	6733065669	39995	505.56	322.62	429.16	206.95	3.00	194.80	0.40	74.89	8976.38	-7910.84	5394.53
Fixation L	1	16	6733065669	6733389661	323992	427.23	223.20	31	46	-1	12.94	12.94
Fixation R	1	17	6733065669	6733389661	323992	427.23	223.20	31	46	-1	13.43	13.43
Saccade L	1	16	6733389661	6733473661	84000	440.39	242.93	1081.89	624.56	16.66	489.39	0.29	198.32	23062.76	-15515.81	9599.47
Saccade R	1	17	6733389661	6733473661	84000	440.39	242.93	1081.89	624.56	16.66	489.39	0.29	198.32	23062.76	-15515.81	9599.47
Fixation L	1	17	6733473661	6733649667	176006	1090.48	619.78	16	16	-1	13.24	13.24
Fixation R	1	18	6733473661	6733649667	176006	1090.48	619.78	16	16	-1	14.08	14.08
Saccade L	1	17	6733649667	6733677676	28009	1089.15	607.99	1166.12	607.75	1.61	117.63	0.57	57.50	5026.39	-5356.40	3875.72
Saccade R	1	18	6733649667	6733677676	28009	1089.15	607.99	1166.12	607.75	1.61	117.63	0.57	57.50	5026.39	-5356.40	3875.72
Fixation L	1	18	6733677676	6733825672	147996	1161.46	608.74	11	7	-1	13.35	13.35
Fixation R	1	19	6733677676	6733825672	147996	1161.46	608.74	11	7	-1	14.04	14.04
Saccade L	1	18	6733825672	6733893598	67926	1166.60	604.89	466.02	223.12	17.73	483.12	0.35	260.96	22451.69	-15898.19	11715.77
Saccade R	1	19	6733825672	6733893598	67926	1166.60	604.89	466.02	223.12	17.73	483.12	0.35	260.96	22451.69	-15898.19	11715.77
Fixation L	1	19	6733893598	6734117607	224009	454.82	235.92	18	29	-1	12.95	12.95
Fixation R	1	20	6733893598	6734117607	224009	454.82	235.92	18	29	-1	13.50	13.50
Saccade L	1	19	6734117607	6734149600	31993	446.62	249.74	445.62	120.31	2.76	241.89	0.50	86.38	10878.65	-10238.78	7118.22
Saccade R	1	20	6734117607	6734149600	31993	446.62	249.74	445.62	120.31	2.76	241.89	0.50	86.38	10878.65	-10238.78	7118.22
Fixation L	1	20	6734149600	6734329574	179974	461.31	109.92	22	21	-1	12.89	12.89
Fixation R	1	21	6734149600	6734329574	179974	461.31	109.92	22	21	-1	13.32	13.32
Saccade L	1	20	6734329574	6734401595	72021	461.08	101.60	1139.89	533.24	18.09	529.63	0.28	251.22	24600.37	-15481.55	11040.78
Saccade R	1	21	6734329574	6734401595	72021	461.08	101.60	1139.89	533.24	18.09	529.63	0.28	251.22	24600.37	-15481.55	11040.78
Fixation L	1	21	6734401595	6734529560	127965	1171.04	539.08	44	12	-1	13.15	13.15
Fixation R	1	22	6734401595	6734529560	127965	1171.04	539.08	44	12	-1	14.05	14.05
Saccade L	1	21	6734529560	6734565619	36059	1181.54	543.71	1197.19	586.96	1.01	42.01	0.44	27.97	1713.51	-1282.98	1071.64
Saccade R	1	22	6734529560	6734565619	36059	1181.54	543.71	1197.19	586.96	1.01	42.01	0.44	27.97	1713.51	-1282.98	1071.64
Fixation L	1	22	6734565619	6734673577	107958	1185.99	597.74	22	13	-1	13.38	13.38
Fixation R	1	23	6734565619	6734673577	107958	1185.99	597.74	22	13	-1	14.06	14.06
