[BeGaze]
Converted from:	D:\Kirillov\Results\ermolova_temp\Julia-eye_data.idf
Date:	17.04.2019 03:54:34
Version:	BeGaze 3.0.181
Sample Rate:	250
Subject:	Julia
Description:	Run40

Table Header for Fixations:
Event Type	Trial	Number	Start	End	Duration	Location X	Location Y	Dispersion X	Dispersion Y	Plane	Avg. Pupil Size X	Avg. Pupil Size Y

Table Header for Saccades:
Event Type	Trial	Number	Start	End	Duration	Start Loc.X	Start Loc.Y	End Loc.X	End Loc.Y	Amplitude	Peak Speed	Peak Speed At	Average Speed	Peak Accel.	Peak Decel.	Average Accel.

Table Header for User Events:
Event Type	Trial	Number	Start	Description

UserEvent	1	1	9542385758	# Message: experiment-10.jpg
Fixation L	1	1	9542387752	9542639772	252020	312.60	318.41	10	44	-1	12.26	12.26
Fixation R	1	1	9542387752	9542639772	252020	312.60	318.41	10	44	-1	12.28	12.28
Saccade L	1	1	9542639772	9542687755	47983	316.46	291.56	691.56	260.87	8.68	441.26	0.42	180.97	21312.54	-16307.29	11422.61
Saccade R	1	1	9542639772	9542687755	47983	316.46	291.56	691.56	260.87	8.68	441.26	0.42	180.97	21312.54	-16307.29	11422.61
Saccade L	1	2	9542687755	9542727750	39995	691.56	260.87	740.63	163.42	2.63	180.34	0.30	65.86	4275.24	-6942.76	3439.06
Saccade R	1	2	9542687755	9542727750	39995	691.56	260.87	740.63	163.42	2.63	180.34	0.30	65.86	4275.24	-6942.76	3439.06
Fixation L	1	2	9542727750	9542787733	59983	749.23	157.72	13	14	-1	11.69	11.69
Fixation R	1	2	9542727750	9542787733	59983	749.23	157.72	13	14	-1	12.13	12.13
Saccade L	1	3	9542787733	9542839759	52026	752.62	149.01	1165.20	270.22	11.76	435.61	0.54	226.03	12306.82	-19882.94	11957.30
Saccade R	1	3	9542787733	9542839759	52026	752.62	149.01	1165.20	270.22	11.76	435.61	0.54	226.03	12306.82	-19882.94	11957.30
Fixation L	1	3	9542839759	9543151773	312014	1150.72	266.19	49	26	-1	10.75	10.75
Fixation R	1	3	9542839759	9543151773	312014	1150.72	266.19	49	26	-1	10.79	10.79
Saccade L	1	4	9543151773	9543187759	35986	1156.99	264.69	1230.89	264.14	1.70	112.53	0.45	47.18	4704.71	-4991.63	3206.15
Saccade R	1	4	9543151773	9543187759	35986	1156.99	264.69	1230.89	264.14	1.70	112.53	0.45	47.18	4704.71	-4991.63	3206.15
Fixation L	1	4	9543187759	9543323765	136006	1221.01	266.46	20	21	-1	10.68	10.68
Fixation R	1	4	9543187759	9543323765	136006	1221.01	266.46	20	21	-1	10.92	10.92
Saccade L	1	5	9543323765	9543355831	32066	1219.55	281.16	1109.32	291.33	2.56	153.27	0.62	79.82	7424.12	-7072.62	5354.37
Saccade R	1	5	9543323765	9543355831	32066	1219.55	281.16	1109.32	291.33	2.56	153.27	0.62	79.82	7424.12	-7072.62	5354.37
Fixation L	1	5	9543355831	9543527772	171941	1093.26	279.79	27	24	-1	11.11	11.11
Fixation R	1	5	9543355831	9543527772	171941	1093.26	279.79	27	24	-1	11.03	11.03
Saccade L	1	6	9543527772	9543563777	36005	1083.98	280.60	1158.16	292.31	1.65	99.14	0.44	45.78	4177.80	-4175.46	2902.64
Saccade R	1	6	9543527772	9543563777	36005	1083.98	280.60	1158.16	292.31	1.65	99.14	0.44	45.78	4177.80	-4175.46	2902.64
Fixation L	1	6	9543563777	9543743625	179848	1153.35	300.75	23	37	-1	11.19	11.19
Fixation R	1	6	9543563777	9543743625	179848	1153.35	300.75	23	37	-1	11.34	11.34
Saccade L	1	7	9543743625	9543799651	56026	1165.61	319.84	1020.81	271.04	3.49	210.18	0.22	62.31	8965.52	-8416.23	3828.69
Saccade R	1	7	9543743625	9543799651	56026	1165.61	319.84	1020.81	271.04	3.49	210.18	0.22	62.31	8965.52	-8416.23	3828.69
Fixation L	1	7	9543799651	9543919653	120002	1026.66	259.29	12	19	-1	11.35	11.35
Fixation R	1	7	9543799651	9543919653	120002	1026.66	259.29	12	19	-1	11.47	11.47
Saccade L	1	8	9543919653	9543971656	52003	1028.58	253.89	1162.97	283.56	2.99	169.02	0.31	57.50	7292.71	-6512.53	3769.81
Saccade R	1	8	9543919653	9543971656	52003	1028.58	253.89	1162.97	283.56	2.99	169.02	0.31	57.50	7292.71	-6512.53	3769.81
Fixation L	1	8	9543971656	9544059675	88019	1173.24	282.82	28	14	-1	11.38	11.38
Fixation R	1	8	9543971656	9544059675	88019	1173.24	282.82	28	14	-1	11.54	11.54
Saccade L	1	9	9544059675	9544131663	71988	1161.90	284.51	645.61	663.63	17.03	797.30	0.44	236.59	36626.65	-34832.08	16295.33
Saccade R	1	9	9544059675	9544131663	71988	1161.90	284.51	645.61	663.63	17.03	797.30	0.44	236.59	36626.65	-34832.08	16295.33
Fixation L	1	9	9544131663	9544239666	108003	664.69	648.47	34	56	-1	11.73	11.73
Fixation R	1	9	9544131663	9544239666	108003	664.69	648.47	34	56	-1	12.12	12.12
Saccade L	1	10	9544239666	9544279695	40029	677.94	624.08	845.76	631.36	3.75	271.71	0.50	93.59	12025.05	-12201.40	7683.35
Saccade R	1	10	9544239666	9544279695	40029	677.94	624.08	845.76	631.36	3.75	271.71	0.50	93.59	12025.05	-12201.40	7683.35
Fixation L	1	10	9544279695	9544459664	179969	837.08	606.57	33	45	-1	11.88	11.88
Fixation R	1	10	9544279695	9544459664	179969	837.08	606.57	33	45	-1	11.91	11.91
Saccade L	1	11	9544459664	9544511679	52015	830.35	590.99	819.07	670.53	2.49	100.60	0.46	47.85	3826.66	-3038.11	2311.57
Saccade R	1	11	9544459664	9544511679	52015	830.35	590.99	819.07	670.53	2.49	100.60	0.46	47.85	3826.66	-3038.11	2311.57
Fixation L	1	11	9544511679	9544663668	151989	822.81	684.08	11	28	-1	11.68	11.68
Fixation R	1	11	9544511679	9544663668	151989	822.81	684.08	11	28	-1	12.18	12.18
Saccade L	1	12	9544663668	9544735668	72000	815.80	686.00	1184.16	278.16	14.19	500.91	0.39	197.09	23635.93	-18269.54	11240.26
Saccade R	1	12	9544663668	9544735668	72000	815.80	686.00	1184.16	278.16	14.19	500.91	0.39	197.09	23635.93	-18269.54	11240.26
Fixation L	1	12	9544735668	9545259573	523905	1173.41	303.47	57	56	-1	11.70	11.70
Fixation R	1	12	9544735668	9545259573	523905	1173.41	303.47	57	56	-1	11.78	11.78
Saccade L	1	13	9545259573	9545323580	64007	1189.93	319.12	749.52	786.18	15.47	578.14	0.37	241.70	26339.08	-20864.28	13230.74
Saccade R	1	13	9545259573	9545323580	64007	1189.93	319.12	749.52	786.18	15.47	578.14	0.37	241.70	26339.08	-20864.28	13230.74
Saccade L	1	14	9545323580	9545355565	31985	749.52	786.18	751.97	770.76	1.12	75.95	0.37	34.89	717.80	-4316.98	1510.34
Saccade R	1	14	9545323580	9545355565	31985	749.52	786.18	751.97	770.76	1.12	75.95	0.37	34.89	717.80	-4316.98	1510.34
Saccade L	1	15	9545403560	9545439569	36009	742.87	749.17	723.70	693.89	1.14	53.04	0.33	31.74	2088.07	-1501.83	1147.96
Saccade R	1	15	9545403560	9545439569	36009	742.87	749.17	723.70	693.89	1.14	53.04	0.33	31.74	2088.07	-1501.83	1147.96
Saccade L	1	16	9545447579	9545507567	59988	720.48	690.45	777.95	698.47	1.68	50.01	0.40	28.06	1304.37	-1094.58	721.99
Saccade R	1	16	9545447579	9545507567	59988	720.48	690.45	777.95	698.47	1.68	50.01	0.40	28.06	1304.37	-1094.58	721.99
Fixation L	1	13	9545507567	9545659581	152014	783.96	696.98	52	33	-1	11.95	11.95
Fixation R	1	13	9545507567	9545659581	152014	783.96	696.98	52	33	-1	12.42	12.42
Saccade L	1	17	9545659581	9545687565	27984	818.36	710.76	794.62	681.27	0.75	49.98	0.43	26.76	2336.35	-1516.04	1400.64
Saccade R	1	17	9545659581	9545687565	27984	818.36	710.76	794.62	681.27	0.75	49.98	0.43	26.76	2336.35	-1516.04	1400.64
Fixation L	1	14	9545687565	9545739579	52014	793.41	671.72	8	17	-1	11.99	11.99
Fixation R	1	14	9545687565	9545739579	52014	793.41	671.72	8	17	-1	12.37	12.37
Saccade L	1	18	9545739579	9545775585	36006	797.13	656.09	792.55	697.87	1.20	60.78	0.22	33.41	2033.55	-866.80	815.13
Saccade R	1	18	9545739579	9545775585	36006	797.13	656.09	792.55	697.87	1.20	60.78	0.22	33.41	2033.55	-866.80	815.13
Saccade L	1	19	9545775585	9545803591	28006	792.55	697.87	797.99	721.33	0.93	57.71	0.29	33.20	761.24	-1749.72	885.98
Saccade R	1	19	9545775585	9545803591	28006	792.55	697.87	797.99	721.33	0.93	57.71	0.29	33.20	761.24	-1749.72	885.98
Fixation L	1	15	9545803591	9545943547	139956	817.00	749.86	27	45	-1	12.19	12.19
Fixation R	1	15	9545803591	9545943547	139956	817.00	749.86	27	45	-1	12.62	12.62
Saccade L	1	20	9545943547	9545983573	40026	814.44	746.38	692.12	762.91	2.87	191.10	0.40	71.73	8638.57	-8278.05	5320.56
Saccade R	1	20	9545943547	9545983573	40026	814.44	746.38	692.12	762.91	2.87	191.10	0.40	71.73	8638.57	-8278.05	5320.56
Fixation L	1	16	9545983573	9546195579	212006	688.99	755.96	21	34	-1	12.03	12.03
Fixation R	1	16	9545983573	9546195579	212006	688.99	755.96	21	34	-1	12.66	12.66
Saccade L	1	21	9546195579	9546235583	40004	704.36	774.60	719.49	780.23	1.65	73.59	0.40	41.23	3093.45	-2526.55	1684.29
Saccade R	1	21	9546195579	9546235583	40004	704.36	774.60	719.49	780.23	1.65	73.59	0.40	41.23	3093.45	-2526.55	1684.29
Fixation L	1	17	9546235583	9546347615	112032	716.63	784.74	21	35	-1	11.91	11.91
Fixation R	1	17	9546235583	9546347615	112032	716.63	784.74	21	35	-1	12.47	12.47
Saccade L	1	22	9546347615	9546435604	87989	705.36	795.30	1153.26	310.25	15.93	445.55	0.27	180.99	19479.95	-16753.30	7994.48
Saccade R	1	22	9546347615	9546435604	87989	705.36	795.30	1153.26	310.25	15.93	445.55	0.27	180.99	19479.95	-16753.30	7994.48
Saccade L	1	23	9546447588	9546471582	23994	1150.88	305.26	1116.03	306.82	0.65	45.15	0.50	26.94	1623.36	-1595.73	1168.06
Saccade R	1	23	9546447588	9546471582	23994	1150.88	305.26	1116.03	306.82	0.65	45.15	0.50	26.94	1623.36	-1595.73	1168.06
Fixation L	1	18	9546471582	9546979467	507885	1093.44	319.61	53	23	-1	11.96	11.96
Fixation R	1	18	9546471582	9546979467	507885	1093.44	319.61	53	23	-1	12.03	12.03
Saccade L	1	24	9546979467	9547031467	52000	1119.19	317.93	1070.68	298.62	1.92	90.42	0.62	36.98	3430.65	-3218.26	2009.41
Saccade R	1	24	9546979467	9547031467	52000	1119.19	317.93	1070.68	298.62	1.92	90.42	0.62	36.98	3430.65	-3218.26	2009.41
Fixation L	1	19	9547031467	9547279541	248074	1047.42	266.47	33	47	-1	11.96	11.96
Fixation R	1	19	9547031467	9547279541	248074	1047.42	266.47	33	47	-1	11.80	11.80
Saccade L	1	25	9547279541	9547387490	107949	1043.15	250.26	766.83	809.44	18.44	524.75	0.26	170.86	22924.91	-13228.23	7927.48
Saccade R	1	25	9547279541	9547387490	107949	1043.15	250.26	766.83	809.44	18.44	524.75	0.26	170.86	22924.91	-13228.23	7927.48
Saccade L	1	26	9547455479	9547511487	56008	749.53	729.41	683.04	687.34	3.60	125.19	0.50	64.22	3369.28	-4565.70	2771.51
Saccade R	1	26	9547455479	9547511487	56008	749.53	729.41	683.04	687.34	3.60	125.19	0.50	64.22	3369.28	-4565.70	2771.51
Fixation L	1	20	9547511487	9547663513	152026	691.81	676.84	27	20	-1	12.22	12.22
Fixation R	1	20	9547511487	9547663513	152026	691.81	676.84	27	20	-1	12.77	12.77
Saccade L	1	27	9547663513	9547711518	48005	708.75	669.40	557.10	711.80	4.32	240.80	0.50	89.97	10324.14	-10498.03	6201.51
Saccade R	1	27	9547663513	9547711518	48005	708.75	669.40	557.10	711.80	4.32	240.80	0.50	89.97	10324.14	-10498.03	6201.51
Fixation L	1	21	9547711518	9547783487	71969	564.44	699.88	15	20	-1	11.94	11.94
Fixation R	1	21	9547711518	9547783487	71969	564.44	699.88	15	20	-1	12.32	12.32
Saccade L	1	28	9547783487	9547803514	20027	562.64	701.24	593.88	721.91	0.65	66.52	0.60	32.23	2836.12	-1811.12	1585.31
Saccade R	1	28	9547783487	9547803514	20027	562.64	701.24	593.88	721.91	0.65	66.52	0.60	32.23	2836.12	-1811.12	1585.31
Fixation L	1	22	9547803514	9547911492	107978	576.23	707.27	40	35	-1	12.04	12.04
Fixation R	1	22	9547803514	9547911492	107978	576.23	707.27	40	35	-1	12.38	12.38
Saccade L	1	29	9547911492	9547963364	51872	558.89	687.76	0.00	0.00	28.55	2324.02	0.77	550.34	78875.64	-99520.38	38382.09
Saccade R	1	29	9547911492	9547963364	51872	558.89	687.76	0.00	0.00	28.55	2324.02	0.77	550.34	78875.64	-99520.38	38382.09
Fixation L	1	23	9547963364	9548043367	80003	0.00	0.00	0	0	-1	12.86	12.86
Fixation R	1	23	9547963364	9548043367	80003	0.00	0.00	0	0	-1	11.54	11.54
Saccade L	1	30	9548043367	9548071365	27998	0.00	0.00	746.51	1057.02	27.10	2542.63	0.43	967.87	106570.35	-82938.21	53078.71
Saccade R	1	30	9548043367	9548071365	27998	0.00	0.00	746.51	1057.02	27.10	2542.63	0.43	967.87	106570.35	-82938.21	53078.71
Saccade L	1	31	9548071365	9548095426	24061	746.51	1057.02	747.77	1056.13	12.09	1699.93	0.33	502.61	64579.08	-21046.93	22032.33
Saccade R	1	31	9548071365	9548095426	24061	746.51	1057.02	747.77	1056.13	12.09	1699.93	0.33	502.61	64579.08	-21046.93	22032.33
Saccade L	1	32	9548095426	9548119370	23944	747.77	1056.13	0.00	0.00	25.81	2523.37	0.50	1077.74	80523.23	-105666.48	69791.11
Saccade R	1	32	9548095426	9548119370	23944	747.77	1056.13	0.00	0.00	25.81	2523.37	0.50	1077.74	80523.23	-105666.48	69791.11
Fixation L	1	24	9548119370	9548175437	56067	0.00	0.00	0	0	-1	13.66	13.66
Fixation R	1	24	9548119370	9548175437	56067	0.00	0.00	0	0	-1	17.43	17.43
Fixation L	1	25	9548283374	9548347372	63998	665.50	581.71	45	96	-1	12.32	12.32
Fixation R	1	25	9548283374	9548347372	63998	665.50	581.71	45	96	-1	12.90	12.90
