[BeGaze]
Converted from:	D:\Kirillov\Results\ermolova_temp\Nikol-eye_data.idf
Date:	17.04.2019 03:54:31
Version:	BeGaze 3.0.181
Sample Rate:	250
Subject:	Nikol
Description:	Run39

Table Header for Fixations:
Event Type	Trial	Number	Start	End	Duration	Location X	Location Y	Dispersion X	Dispersion Y	Plane	Avg. Pupil Size X	Avg. Pupil Size Y

Table Header for Saccades:
Event Type	Trial	Number	Start	End	Duration	Start Loc.X	Start Loc.Y	End Loc.X	End Loc.Y	Amplitude	Peak Speed	Peak Speed At	Average Speed	Peak Accel.	Peak Decel.	Average Accel.

Table Header for User Events:
Event Type	Trial	Number	Start	Description

UserEvent	1	1	8670966789	# Message: experiment-18.jpg
Fixation L	1	1	8670970100	8671034078	63978	406.37	313.61	4	4	-1	12.37	12.37
Fixation R	1	1	8670970100	8671034078	63978	406.37	313.61	4	4	-1	14.35	14.35
Saccade L	1	1	8671034078	8671070136	36058	405.34	311.34	383.30	255.96	1.29	55.75	0.35	35.85	2576.72	-1770.21	1578.25
Saccade R	1	1	8671034078	8671070136	36058	405.34	311.34	383.30	255.96	1.29	55.75	0.35	35.85	2576.72	-1770.21	1578.25
Fixation L	1	2	8671070136	8671266108	195972	379.42	252.26	15	14	-1	12.27	12.27
Fixation R	1	2	8671070136	8671266108	195972	379.42	252.26	15	14	-1	14.28	14.28
Saccade L	1	2	8671266108	8671338107	71999	389.07	260.51	1047.16	447.34	15.47	419.24	0.22	214.90	20097.60	-12745.62	8331.57
Saccade R	1	2	8671266108	8671338107	71999	389.07	260.51	1047.16	447.34	15.47	419.24	0.22	214.90	20097.60	-12745.62	8331.57
Fixation L	1	3	8671338107	8671502126	164019	1070.91	445.20	32	29	-1	11.98	11.98
Fixation R	1	3	8671338107	8671502126	164019	1070.91	445.20	32	29	-1	13.86	13.86
Saccade L	1	3	8671502126	8671526125	23999	1080.98	428.51	1001.94	419.11	1.59	120.42	0.50	66.29	5237.42	-4957.77	3797.58
Saccade R	1	3	8671502126	8671526125	23999	1080.98	428.51	1001.94	419.11	1.59	120.42	0.50	66.29	5237.42	-4957.77	3797.58
Fixation L	1	4	8671526125	8671674117	147992	973.17	416.09	40	11	-1	11.32	11.32
Fixation R	1	4	8671526125	8671674117	147992	973.17	416.09	40	11	-1	13.07	13.07
Saccade L	1	4	8671674117	8671734132	60015	972.98	416.79	387.79	375.63	12.76	390.21	0.27	212.69	18689.31	-11613.71	9667.29
Saccade R	1	4	8671674117	8671734132	60015	972.98	416.79	387.79	375.63	12.76	390.21	0.27	212.69	18689.31	-11613.71	9667.29
Fixation L	1	5	8671734132	8671918099	183967	370.98	362.93	24	24	-1	11.01	11.01
Fixation R	1	5	8671734132	8671918099	183967	370.98	362.93	24	24	-1	12.59	12.59
Fixation L	1	6	8672082000	8672386042	304042	1091.51	449.59	24	22	-1	10.94	10.94
Fixation R	1	6	8672082000	8672386042	304042	1091.51	449.59	24	22	-1	12.26	12.26
Saccade L	1	5	8672386042	8672410022	23980	1099.88	436.80	991.91	433.91	2.07	174.40	0.50	86.35	8272.74	-7801.87	5847.65
Saccade R	1	5	8672386042	8672410022	23980	1099.88	436.80	991.91	433.91	2.07	174.40	0.50	86.35	8272.74	-7801.87	5847.65
Fixation L	1	7	8672410022	8672958046	548024	996.31	442.38	32	21	-1	10.59	10.59
Fixation R	1	7	8672410022	8672958046	548024	996.31	442.38	32	21	-1	11.92	11.92
Fixation L	1	8	8673022055	8673322023	299968	375.18	437.93	38	55	-1	10.48	10.48
Fixation R	1	8	8673022055	8673322023	299968	375.18	437.93	38	55	-1	11.49	11.49
Saccade L	1	6	8673322023	8673350033	28010	379.63	459.45	262.02	478.80	2.63	217.43	0.57	93.83	10017.58	-9269.42	6997.66
Saccade R	1	6	8673322023	8673350033	28010	379.63	459.45	262.02	478.80	2.63	217.43	0.57	93.83	10017.58	-9269.42	6997.66
Fixation L	1	9	8673350033	8673521917	171884	255.09	481.58	19	14	-1	10.61	10.61
Fixation R	1	9	8673350033	8673521917	171884	255.09	481.58	19	14	-1	11.84	11.84
Saccade L	1	7	8673521917	8673597911	75994	244.91	492.25	346.97	364.61	5.38	150.38	0.53	70.73	3961.64	-4978.82	2753.50
Saccade R	1	7	8673521917	8673597911	75994	244.91	492.25	346.97	364.61	5.38	150.38	0.53	70.73	3961.64	-4978.82	2753.50
Fixation L	1	10	8673597911	8674001928	404017	294.92	281.23	567	520	-1	9.86	9.86
Fixation R	1	10	8673597911	8673881922	284011	373.44	353.11	35	19	-1	12.09	12.09
Saccade R	1	8	8673881922	8673921931	40009	381.29	353.21	0.00	0.00	14.83	1109.70	0.70	370.60	44993.75	-49407.04	28001.92
Fixation R	1	11	8673921931	8674001928	79997	0.00	0.00	0	0	-1	11.29	11.29
Fixation L	1	11	8674085917	8674161919	76002	349.02	352.79	21	7	-1	10.74	10.74
Fixation R	1	12	8674085917	8674161919	76002	349.02	352.79	21	7	-1	12.18	12.18
Saccade L	1	8	8674161919	8674237936	76017	358.84	353.76	1037.10	565.65	16.01	441.08	0.26	210.61	21609.79	-17706.72	9345.12
Saccade R	1	9	8674161919	8674237936	76017	358.84	353.76	1037.10	565.65	16.01	441.08	0.26	210.61	21609.79	-17706.72	9345.12
Fixation L	1	12	8674237936	8674433935	195999	1064.87	576.19	40	28	-1	10.91	10.91
Fixation R	1	13	8674237936	8674433935	195999	1064.87	576.19	40	28	-1	12.53	12.53
Saccade L	1	9	8674433935	8674461993	28058	1074.92	573.41	1027.51	539.30	1.21	86.88	0.43	43.10	4073.74	-3135.77	2658.08
Saccade R	1	10	8674433935	8674461993	28058	1074.92	573.41	1027.51	539.30	1.21	86.88	0.43	43.10	4073.74	-3135.77	2658.08
Fixation L	1	13	8674461993	8675005816	543823	1007.83	527.60	33	36	-1	10.89	10.89
Fixation R	1	14	8674461993	8675005816	543823	1007.83	527.60	33	36	-1	12.24	12.24
Saccade L	1	10	8675005816	8675029824	24008	1020.56	530.39	1080.69	522.66	1.22	91.77	0.50	50.65	3641.53	-3610.88	2684.07
Saccade R	1	11	8675005816	8675029824	24008	1020.56	530.39	1080.69	522.66	1.22	91.77	0.50	50.65	3641.53	-3610.88	2684.07
Fixation L	1	14	8675029824	8675337818	307994	1099.02	517.57	25	10	-1	10.86	10.86
Fixation R	1	15	8675029824	8675337818	307994	1099.02	517.57	25	10	-1	12.41	12.41
Saccade R	1	12	8675337818	8675377834	40016	1101.97	514.89	0.00	0.00	29.30	2446.61	0.70	732.23	94924.50	-104099.10	56668.71
Fixation R	1	16	8675377834	8675989831	611997	880.72	457.72	1314	1018	-1	12.20	12.20
Fixation L	1	15	8675565845	8675989831	423986	1023.96	512.28	19	25	-1	11.14	11.14
Saccade L	1	11	8675989831	8676021844	32013	1016.73	528.13	1143.90	522.91	2.58	171.69	0.50	80.61	7790.27	-7550.55	5601.70
Saccade R	1	13	8675989831	8676021844	32013	1016.73	528.13	1143.90	522.91	2.58	171.69	0.50	80.61	7790.27	-7550.55	5601.70
Fixation L	1	16	8676021844	8676721727	699883	1115.28	529.92	47	29	-1	11.44	11.44
Fixation R	1	17	8676021844	8676721727	699883	1115.28	529.92	47	29	-1	12.80	12.80
Saccade L	1	12	8676721727	8676757745	36018	1107.04	513.85	990.92	510.29	2.36	132.36	0.33	65.59	6287.01	-5482.52	4157.63
Saccade R	1	14	8676721727	8676757745	36018	1107.04	513.85	990.92	510.29	2.36	132.36	0.33	65.59	6287.01	-5482.52	4157.63
Fixation L	1	17	8676757745	8676921727	163982	985.86	501.90	8	14	-1	11.28	11.28
Fixation R	1	18	8676757745	8676921727	163982	985.86	501.90	8	14	-1	12.67	12.67
Saccade L	1	13	8676921727	8676945733	24006	984.77	498.01	947.41	507.91	0.77	50.11	0.50	31.94	2228.34	-1871.31	1502.65
Saccade R	1	15	8676921727	8676945733	24006	984.77	498.01	947.41	507.91	0.77	50.11	0.50	31.94	2228.34	-1871.31	1502.65
Fixation L	1	18	8676945733	8677277745	332012	939.30	521.42	16	22	-1	11.70	11.70
Fixation R	1	19	8676945733	8677277745	332012	939.30	521.42	16	22	-1	12.83	12.83
Saccade L	1	14	8677277745	8677301766	24021	936.23	518.58	1050.12	518.10	2.30	206.66	0.50	95.95	8984.03	-7963.96	6343.92
Saccade R	1	16	8677277745	8677301766	24021	936.23	518.58	1050.12	518.10	2.30	206.66	0.50	95.95	8984.03	-7963.96	6343.92
Fixation L	1	19	8677301766	8677485758	183992	1047.35	524.25	29	13	-1	11.62	11.62
Fixation R	1	20	8677301766	8677485758	183992	1047.35	524.25	29	13	-1	12.81	12.81
Saccade L	1	15	8677485758	8677505743	19985	1055.59	522.03	1001.47	521.28	1.11	108.69	0.60	55.48	4796.05	-4275.85	3024.06
Saccade R	1	17	8677485758	8677505743	19985	1055.59	522.03	1001.47	521.28	1.11	108.69	0.60	55.48	4796.05	-4275.85	3024.06
Fixation L	1	20	8677505743	8677661779	156036	998.47	524.80	18	15	-1	11.53	11.53
Fixation R	1	21	8677505743	8677661779	156036	998.47	524.80	18	15	-1	12.87	12.87
Saccade L	1	16	8677661779	8677733630	71851	994.84	535.74	379.15	526.05	13.52	365.65	0.22	188.22	17597.92	-11552.71	7333.27
Saccade R	1	18	8677661779	8677733630	71851	994.84	535.74	379.15	526.05	13.52	365.65	0.22	188.22	17597.92	-11552.71	7333.27
Fixation L	1	21	8677733630	8678029641	296011	364.51	530.55	29	31	-1	11.23	11.23
Fixation R	1	22	8677733630	8678029641	296011	364.51	530.55	29	31	-1	12.54	12.54
Saccade L	1	17	8678029641	8678057604	27963	356.07	535.65	240.80	544.40	2.31	161.49	0.43	82.44	7914.43	-7696.22	5756.19
Saccade R	1	19	8678029641	8678057604	27963	356.07	535.65	240.80	544.40	2.31	161.49	0.43	82.44	7914.43	-7696.22	5756.19
Fixation L	1	22	8678057604	8678361655	304051	235.36	562.36	23	38	-1	11.19	11.19
Fixation R	1	23	8678057604	8678361655	304051	235.36	562.36	23	38	-1	12.69	12.69
Saccade L	1	18	8678361655	8678401655	40000	228.80	580.83	218.85	492.81	2.09	106.47	0.70	52.23	3735.47	-4822.91	2852.37
Saccade R	1	20	8678361655	8678401655	40000	228.80	580.83	218.85	492.81	2.09	106.47	0.70	52.23	3735.47	-4822.91	2852.37
Fixation L	1	23	8678401655	8678673660	272005	215.66	479.08	16	19	-1	11.12	11.12
Fixation R	1	24	8678401655	8678673660	272005	215.66	479.08	16	19	-1	12.74	12.74
Saccade L	1	19	8678673660	8678713645	39985	210.31	485.29	1.00	0.00	16.03	1202.43	0.70	401.01	43687.68	-51289.06	28353.76
Fixation L	1	24	8678845644	8679185563	339919	371.18	520.15	27	40	-1	11.23	11.23
Fixation R	1	25	8678845644	8679185563	339919	371.18	520.15	27	40	-1	12.88	12.88
Saccade L	1	20	8679185563	8679257554	71991	375.98	526.23	938.64	644.99	12.79	447.13	0.28	177.72	21388.67	-16778.16	9510.87
Saccade R	1	21	8679185563	8679257554	71991	375.98	526.23	938.64	644.99	12.79	447.13	0.28	177.72	21388.67	-16778.16	9510.87
Fixation L	1	25	8679257554	8679421530	163976	941.22	638.68	9	15	-1	11.43	11.43
Fixation R	1	26	8679257554	8679421530	163976	941.22	638.68	9	15	-1	13.09	13.09
Saccade L	1	21	8679421530	8679445551	24021	943.91	634.24	1029.60	628.79	1.64	145.76	0.67	68.25	6497.06	-5674.45	4213.02
Saccade R	1	22	8679421530	8679445551	24021	943.91	634.24	1029.60	628.79	1.64	145.76	0.67	68.25	6497.06	-5674.45	4213.02
Fixation L	1	26	8679445551	8679889559	444008	1031.10	616.23	53	37	-1	11.51	11.51
Fixation R	1	27	8679445551	8679889559	444008	1031.10	616.23	53	37	-1	12.95	12.95
Saccade L	1	22	8679889559	8679913554	23995	1068.48	591.82	1110.04	598.39	0.89	69.94	0.50	37.08	2772.08	-3012.62	2130.80
Saccade R	1	23	8679889559	8679913554	23995	1068.48	591.82	1110.04	598.39	0.89	69.94	0.50	37.08	2772.08	-3012.62	2130.80
Fixation L	1	27	8679913554	8680009556	96002	1115.04	599.33	10	7	-1	11.73	11.73
Fixation R	1	28	8679913554	8680009556	96002	1115.04	599.33	10	7	-1	12.95	12.95
Saccade L	1	23	8680009556	8680081563	72007	1117.48	602.93	393.01	366.97	17.13	522.36	0.28	237.91	24838.64	-12936.54	10949.71
Saccade R	1	24	8680009556	8680081563	72007	1117.48	602.93	393.01	366.97	17.13	522.36	0.28	237.91	24838.64	-12936.54	10949.71
Fixation L	1	28	8680081563	8680389556	307993	365.48	373.96	37	25	-1	11.61	11.61
Fixation R	1	29	8680081563	8680389556	307993	365.48	373.96	37	25	-1	12.99	12.99
Saccade L	1	24	8680389556	8680433551	43995	375.15	379.36	0.00	0.00	16.87	1257.00	0.73	383.49	47843.51	-56570.44	28006.22
Fixation L	1	29	8680433551	8680485559	52008	0.00	0.00	0	0	-1	10.71	10.71
Fixation L	1	30	8680581459	8680721436	139977	1192.41	720.02	24	26	-1	12.28	12.28
Fixation R	1	30	8680581459	8680721436	139977	1192.41	720.02	24	26	-1	13.62	13.62
Fixation L	1	31	8680793414	8681189461	396047	0.00	0.00	0	0	-1	12.34	12.34
Fixation R	1	31	8680793414	8681189461	396047	0.00	0.00	0	0	-1	13.69	13.69
Fixation L	1	32	8681281466	8681357342	75876	750.51	540.92	19	6	-1	13.03	13.03
Fixation R	1	32	8681281466	8681357342	75876	750.51	540.92	19	6	-1	14.49	14.49
