[BeGaze]
Converted from:	D:\Kirillov\Results\ermolova_temp\georgy-eye_data.idf
Date:	17.04.2019 03:52:23
Version:	BeGaze 3.0.181
Sample Rate:	250
Subject:	georgy
Description:	Run5

Table Header for Fixations:
Event Type	Trial	Number	Start	End	Duration	Location X	Location Y	Dispersion X	Dispersion Y	Plane	Avg. Pupil Size X	Avg. Pupil Size Y

Table Header for Saccades:
Event Type	Trial	Number	Start	End	Duration	Start Loc.X	Start Loc.Y	End Loc.X	End Loc.Y	Amplitude	Peak Speed	Peak Speed At	Average Speed	Peak Accel.	Peak Decel.	Average Accel.

Table Header for User Events:
Event Type	Trial	Number	Start	Description

UserEvent	1	1	2976536389	# Message: experiment-04.jpg
Fixation L	1	1	2976538772	2976842818	304046	430.66	340.23	23	23	-1	17.56	17.56
Fixation R	1	1	2976538772	2976842818	304046	430.66	340.23	23	23	-1	17.37	17.37
Saccade L	1	1	2976842818	2976866771	23953	431.00	328.93	451.69	419.72	1.81	151.47	0.50	75.61	6252.17	-6363.82	4724.89
Saccade R	1	1	2976842818	2976866771	23953	431.00	328.93	451.69	419.72	1.81	151.47	0.50	75.61	6252.17	-6363.82	4724.89
Fixation L	1	2	2976866771	2977066714	199943	457.99	425.92	12	23	-1	16.64	16.64
Fixation R	1	2	2976866771	2977066714	199943	457.99	425.92	12	23	-1	16.57	16.57
Saccade L	1	2	2977066714	2977110772	44058	448.40	431.66	417.17	556.21	2.86	102.93	0.36	65.03	4604.98	-4099.42	3171.76
Saccade R	1	2	2977066714	2977110772	44058	448.40	431.66	417.17	556.21	2.86	102.93	0.36	65.03	4604.98	-4099.42	3171.76
Fixation L	1	3	2977110772	2977290668	179896	408.84	566.63	25	18	-1	15.63	15.63
Fixation R	1	3	2977110772	2977290668	179896	408.84	566.63	25	18	-1	15.55	15.55
Saccade L	1	3	2977290668	2977346685	56017	390.76	575.79	997.01	649.66	13.39	448.51	0.50	239.10	18638.00	-18686.77	12715.08
Saccade R	1	3	2977290668	2977346685	56017	390.76	575.79	997.01	649.66	13.39	448.51	0.50	239.10	18638.00	-18686.77	12715.08
Fixation L	1	4	2977346685	2977566663	219978	981.19	644.48	44	35	-1	15.99	15.99
Fixation R	1	4	2977346685	2977566663	219978	981.19	644.48	44	35	-1	16.18	16.18
Saccade L	1	4	2977566663	2977598666	32003	975.30	620.04	1096.67	622.10	2.43	164.23	0.50	76.05	6999.11	-7392.16	5193.47
Saccade R	1	4	2977566663	2977598666	32003	975.30	620.04	1096.67	622.10	2.43	164.23	0.50	76.05	6999.11	-7392.16	5193.47
Fixation L	1	5	2977598666	2978014679	416013	1082.48	599.42	51	46	-1	15.17	15.17
Fixation R	1	5	2977598666	2978014679	416013	1082.48	599.42	51	46	-1	15.37	15.37
Saccade L	1	5	2978014679	2978058697	44018	1073.23	590.79	1048.68	500.39	2.16	136.80	0.27	49.10	5779.27	-4985.57	2715.91
Saccade R	1	5	2978014679	2978058697	44018	1073.23	590.79	1048.68	500.39	2.16	136.80	0.27	49.10	5779.27	-4985.57	2715.91
Fixation L	1	6	2978058697	2978466700	408003	1064.91	520.82	42	112	-1	14.98	14.98
Fixation R	1	6	2978058697	2978466700	408003	1064.91	520.82	42	112	-1	15.09	15.09
Saccade L	1	6	2978466700	2978526666	59966	1064.25	598.85	347.85	576.03	15.52	504.17	0.40	258.86	24310.46	-18835.66	13745.64
Saccade R	1	6	2978466700	2978526666	59966	1064.25	598.85	347.85	576.03	15.52	504.17	0.40	258.86	24310.46	-18835.66	13745.64
Fixation L	1	7	2978526666	2978946566	419900	380.95	563.76	48	25	-1	15.71	15.71
Fixation R	1	7	2978526666	2978946566	419900	380.95	563.76	48	25	-1	15.48	15.48
Saccade L	1	7	2978946566	2979006548	59982	381.10	569.43	997.16	635.77	13.62	485.54	0.47	227.09	20383.95	-16667.10	12383.23
Saccade R	1	7	2978946566	2979006548	59982	381.10	569.43	997.16	635.77	13.62	485.54	0.47	227.09	20383.95	-16667.10	12383.23
Fixation L	1	8	2979006548	2979178567	172019	986.62	636.22	37	23	-1	16.33	16.33
Fixation R	1	8	2979006548	2979310572	304024	638.88	416.34	1283	1089	-1	12.11	12.11
Fixation L	1	9	2979410554	2979558478	147924	1018.69	510.66	30	60	-1	15.57	15.57
Fixation R	1	9	2979410554	2979558478	147924	1018.69	510.66	30	60	-1	15.62	15.62
Saccade L	1	8	2979558478	2979610568	52090	1028.09	529.22	457.65	439.85	12.37	425.98	0.39	237.38	20938.99	-16594.20	12346.59
Saccade R	1	8	2979558478	2979610568	52090	1028.09	529.22	457.65	439.85	12.37	425.98	0.39	237.38	20938.99	-16594.20	12346.59
Fixation L	1	10	2979610568	2979994438	383870	501.23	453.93	58	42	-1	16.24	16.24
Fixation R	1	10	2979610568	2979994438	383870	501.23	453.93	58	42	-1	16.07	16.07
Saccade L	1	9	2979994438	2980046436	51998	484.59	453.83	1026.18	523.75	11.71	463.42	0.46	225.28	20996.85	-21087.02	13808.89
Saccade R	1	9	2979994438	2980046436	51998	484.59	453.83	1026.18	523.75	11.71	463.42	0.46	225.28	20996.85	-21087.02	13808.89
Fixation L	1	11	2980046436	2980158449	112013	1031.08	543.97	11	29	-1	16.58	16.58
Fixation R	1	11	2980046436	2980158449	112013	1031.08	543.97	11	29	-1	16.71	16.71
Saccade L	1	10	2980158449	2980234448	75999	1038.03	543.71	337.56	314.05	17.03	455.39	0.47	224.13	21317.18	-17150.50	9836.28
Saccade R	1	10	2980158449	2980234448	75999	1038.03	543.71	337.56	314.05	17.03	455.39	0.47	224.13	21317.18	-17150.50	9836.28
