[BeGaze]
Converted from:	D:\Kirillov\Results\ermolova_temp\Kate-eye_data.idf
Date:	17.04.2019 03:52:27
Version:	BeGaze 3.0.181
Sample Rate:	250
Subject:	Kate
Description:	Run6

Table Header for Fixations:
Event Type	Trial	Number	Start	End	Duration	Location X	Location Y	Dispersion X	Dispersion Y	Plane	Avg. Pupil Size X	Avg. Pupil Size Y

Table Header for Saccades:
Event Type	Trial	Number	Start	End	Duration	Start Loc.X	Start Loc.Y	End Loc.X	End Loc.Y	Amplitude	Peak Speed	Peak Speed At	Average Speed	Peak Accel.	Peak Decel.	Average Accel.

Table Header for User Events:
Event Type	Trial	Number	Start	Description

UserEvent	1	1	3896639450	# Message: experiment-13.jpg
Fixation L	1	1	3896639828	3896935821	295993	432.94	410.89	38	28	-1	16.65	16.65
Fixation R	1	1	3896639828	3896935821	295993	432.94	410.89	38	28	-1	14.87	14.87
Saccade L	1	1	3896935821	3896971826	36005	415.23	413.78	502.73	359.33	2.51	156.59	0.33	69.73	6777.67	-5675.48	4223.04
Saccade R	1	1	3896935821	3896971826	36005	415.23	413.78	502.73	359.33	2.51	156.59	0.33	69.73	6777.67	-5675.48	4223.04
Fixation L	1	2	3896971826	3897179835	208009	324.27	248.12	502	841	-1	11.78	11.76
Fixation R	1	2	3896971826	3897179835	208009	324.27	248.12	502	841	-1	11.05	11.05
Saccade L	1	2	3897287840	3897327745	39905	460.59	399.69	443.28	249.16	3.22	180.54	0.30	80.57	8310.61	-6029.83	4677.91
Saccade R	1	2	3897287840	3897327745	39905	460.59	399.69	443.28	249.16	3.22	180.54	0.30	80.57	8310.61	-6029.83	4677.91
Fixation L	1	3	3897327745	3897499727	171982	435.12	212.08	13	47	-1	13.85	13.85
Fixation R	1	3	3897327745	3897499727	171982	435.12	212.08	13	47	-1	12.60	12.60
Saccade L	1	3	3897499727	3897531703	31976	436.26	212.29	449.87	147.94	1.47	97.05	0.50	45.97	3905.15	-4190.05	2945.89
Saccade R	1	3	3897499727	3897531703	31976	436.26	212.29	449.87	147.94	1.47	97.05	0.50	45.97	3905.15	-4190.05	2945.89
Fixation L	1	4	3897531703	3897819720	288017	456.69	156.06	22	32	-1	14.71	14.71
Fixation R	1	4	3897531703	3897819720	288017	456.69	156.06	22	32	-1	13.24	13.24
Saccade L	1	4	3897819720	3897843721	24001	469.72	175.12	499.21	222.14	1.10	82.75	0.50	45.73	3763.69	-3228.47	2661.72
Saccade R	1	4	3897819720	3897843721	24001	469.72	175.12	499.21	222.14	1.10	82.75	0.50	45.73	3763.69	-3228.47	2661.72
Fixation L	1	5	3897843721	3898135729	292008	509.34	216.80	50	24	-1	15.20	15.20
Fixation R	1	5	3897843721	3898135729	292008	509.34	216.80	50	24	-1	13.56	13.56
Saccade L	1	5	3898135729	3898207719	71990	481.60	222.53	1175.11	493.45	16.99	417.47	0.28	235.97	20349.09	-13147.41	8546.70
Saccade R	1	5	3898135729	3898207719	71990	481.60	222.53	1175.11	493.45	16.99	417.47	0.28	235.97	20349.09	-13147.41	8546.70
Fixation L	1	6	3898207719	3898543657	335938	1180.39	479.22	27	37	-1	15.21	15.21
Fixation R	1	6	3898207719	3898543657	335938	1180.39	479.22	27	37	-1	13.83	13.83
Saccade L	1	6	3898543657	3898571719	28062	1180.31	479.18	1114.26	499.27	1.62	110.99	0.43	57.65	5382.27	-4681.32	3672.46
Saccade R	1	6	3898543657	3898571719	28062	1180.31	479.18	1114.26	499.27	1.62	110.99	0.43	57.65	5382.27	-4681.32	3672.46
Fixation L	1	7	3898571719	3898823629	251910	1102.69	514.81	22	29	-1	14.44	14.44
Fixation R	1	7	3898571719	3898823629	251910	1102.69	514.81	22	29	-1	13.15	13.15
Saccade L	1	7	3898995613	3899019630	24017	409.05	239.07	436.23	215.88	0.76	54.01	0.33	31.48	-647.62	-3684.69	1887.68
Saccade R	1	7	3898995613	3899019630	24017	409.05	239.07	436.23	215.88	0.76	54.01	0.33	31.48	-647.62	-3684.69	1887.68
Fixation L	1	8	3899019630	3899275614	255984	435.66	218.19	19	13	-1	14.37	14.37
Fixation R	1	8	3899019630	3899275614	255984	435.66	218.19	19	13	-1	12.71	12.71
Saccade L	1	8	3899275614	3899295615	20001	435.96	225.25	441.22	148.09	1.52	141.03	0.60	75.98	6389.74	-6235.57	4380.38
Saccade R	1	8	3899275614	3899295615	20001	435.96	225.25	441.22	148.09	1.52	141.03	0.60	75.98	6389.74	-6235.57	4380.38
Fixation L	1	9	3899295615	3899683603	387988	464.95	151.97	35	31	-1	14.71	14.71
Fixation R	1	9	3899295615	3899683603	387988	464.95	151.97	35	31	-1	13.09	13.09
Saccade L	1	9	3899683603	3899755621	72018	475.82	166.41	1040.58	471.50	14.30	377.52	0.28	198.59	18472.16	-9028.91	8266.39
Saccade R	1	9	3899683603	3899755621	72018	475.82	166.41	1040.58	471.50	14.30	377.52	0.28	198.59	18472.16	-9028.91	8266.39
Fixation L	1	10	3899755621	3899935627	180006	1049.74	464.50	20	33	-1	14.67	14.67
Fixation R	1	10	3899755621	3899935627	180006	1049.74	464.50	20	33	-1	13.43	13.43
Saccade L	1	10	3899935627	3899959637	24010	1055.41	451.66	1096.19	479.16	1.14	101.02	0.50	47.58	4233.09	-3904.98	2928.49
Saccade R	1	10	3899935627	3899959637	24010	1055.41	451.66	1096.19	479.16	1.14	101.02	0.50	47.58	4233.09	-3904.98	2928.49
Fixation L	1	11	3899959637	3900251501	291864	1099.95	499.82	30	35	-1	14.21	14.21
Fixation R	1	11	3899959637	3900251501	291864	1099.95	499.82	30	35	-1	12.97	12.97
Saccade L	1	11	3900251501	3900291486	39985	1085.79	515.71	1118.85	635.48	3.49	224.40	0.30	87.34	10328.69	-8770.91	5659.94
Saccade R	1	11	3900251501	3900291486	39985	1085.79	515.71	1118.85	635.48	3.49	224.40	0.30	87.34	10328.69	-8770.91	5659.94
Fixation L	1	12	3900291486	3900467497	176011	1141.37	620.87	31	41	-1	14.19	14.19
Fixation R	1	12	3900291486	3900467497	176011	1141.37	620.87	31	41	-1	13.03	13.03
Saccade L	1	12	3900467497	3900491491	23994	1139.36	597.69	1196.33	593.08	0.97	73.49	0.50	40.25	3437.88	-3253.12	2399.02
Saccade R	1	12	3900467497	3900491491	23994	1139.36	597.69	1196.33	593.08	0.97	73.49	0.50	40.25	3437.88	-3253.12	2399.02
Fixation L	1	13	3900491491	3900711516	220025	1183.83	595.81	17	12	-1	14.32	14.32
Fixation R	1	13	3900491491	3900711516	220025	1183.83	595.81	17	12	-1	12.98	12.98
Saccade L	1	13	3900711516	3900799528	88012	1182.06	588.03	538.27	182.85	17.38	335.73	0.45	197.46	14609.03	-10141.52	6083.83
Saccade R	1	13	3900711516	3900799528	88012	1182.06	588.03	538.27	182.85	17.38	335.73	0.45	197.46	14609.03	-10141.52	6083.83
Fixation L	1	14	3900799528	3900903512	103984	538.85	165.04	22	23	-1	14.35	14.35
Fixation R	1	14	3900799528	3900903512	103984	538.85	165.04	22	23	-1	12.62	12.62
Saccade L	1	14	3900903512	3900939493	35981	537.92	170.84	445.43	52.18	3.17	200.93	0.44	88.21	9221.09	-9138.06	6141.38
Saccade R	1	14	3900903512	3900939493	35981	537.92	170.84	445.43	52.18	3.17	200.93	0.44	88.21	9221.09	-9138.06	6141.38
Fixation L	1	15	3900939493	3901163526	224033	467.34	73.85	31	42	-1	14.34	14.34
Fixation R	1	15	3900939493	3901163526	224033	467.34	73.85	31	42	-1	12.53	12.53
Saccade L	1	15	3901163526	3901187500	23974	472.62	96.83	466.82	167.24	1.39	100.04	0.50	57.91	4639.97	-4565.42	3361.56
Saccade R	1	15	3901163526	3901187500	23974	472.62	96.83	466.82	167.24	1.39	100.04	0.50	57.91	4639.97	-4565.42	3361.56
Fixation L	1	16	3901187500	3901443529	256029	456.14	175.31	19	32	-1	14.94	14.94
Fixation R	1	16	3901187500	3901443529	256029	456.14	175.31	19	32	-1	13.04	13.04
Saccade L	1	16	3901443529	3901471533	28004	463.49	182.92	483.93	287.20	2.12	144.87	0.57	75.69	6523.95	-6046.14	4754.47
Saccade R	1	16	3901443529	3901471533	28004	463.49	182.92	483.93	287.20	2.12	144.87	0.57	75.69	6523.95	-6046.14	4754.47
Fixation L	1	17	3901471533	3901755385	283852	490.74	270.90	15	35	-1	15.20	15.20
Fixation R	1	17	3901471533	3901755385	283852	490.74	270.90	15	35	-1	13.24	13.24
Saccade L	1	17	3901755385	3901799377	43992	496.94	251.97	468.01	100.45	3.25	138.77	0.46	73.90	6292.08	-5533.00	4186.98
Saccade R	1	17	3901755385	3901799377	43992	496.94	251.97	468.01	100.45	3.25	138.77	0.46	73.90	6292.08	-5533.00	4186.98
Fixation L	1	18	3901799377	3902547412	748035	467.49	89.96	36	51	-1	14.88	14.88
Fixation R	1	18	3901799377	3902547412	748035	467.49	89.96	36	51	-1	13.25	13.25
Saccade L	1	18	3902547412	3902575393	27981	473.48	75.35	466.12	118.82	0.93	60.45	0.42	33.18	2680.03	-2150.06	1792.03
Saccade R	1	18	3902547412	3902575393	27981	473.48	75.35	466.12	118.82	0.93	60.45	0.42	33.18	2680.03	-2150.06	1792.03
Fixation L	1	19	3902575393	3902879411	304018	470.96	145.94	16	35	-1	14.59	14.59
Fixation R	1	19	3902575393	3902879411	304018	470.96	145.94	16	35	-1	13.27	13.27
Saccade L	1	19	3902879411	3902915393	35982	473.94	136.29	454.70	269.41	2.82	163.09	0.56	78.45	7700.57	-7186.23	5377.80
Saccade R	1	19	3902879411	3902915393	35982	473.94	136.29	454.70	269.41	2.82	163.09	0.56	78.45	7700.57	-7186.23	5377.80
Fixation L	1	20	3902915393	3903803280	887887	422.07	248.42	54	50	-1	14.96	14.96
Fixation R	1	20	3902915393	3903803280	887887	422.07	248.42	54	50	-1	13.51	13.51
Saccade L	1	20	3903803280	3903859299	56019	401.73	258.98	438.82	48.77	5.10	210.17	0.29	90.96	9940.59	-6341.46	4964.87
Saccade R	1	20	3903803280	3903859299	56019	401.73	258.98	438.82	48.77	5.10	210.17	0.29	90.96	9940.59	-6341.46	4964.87
Fixation L	1	21	3903859299	3904331305	472006	441.08	58.04	41	35	-1	14.90	14.90
Fixation R	1	21	3903859299	3904331305	472006	441.08	58.04	41	35	-1	13.50	13.50
Saccade L	1	21	3904331305	3904371169	39864	438.89	60.69	413.79	267.30	4.43	238.10	0.40	111.24	11588.19	-10692.13	7714.89
Saccade R	1	21	3904331305	3904371169	39864	438.89	60.69	413.79	267.30	4.43	238.10	0.40	111.24	11588.19	-10692.13	7714.89
Fixation L	1	22	3904371169	3904651181	280012	398.19	260.70	19	16	-1	14.98	14.98
Fixation R	1	22	3904371169	3904759165	387996	306.85	210.29	415	562	-1	11.24	11.24
Saccade L	1	22	3904651181	3904687231	36050	405.77	266.08	0.00	0.00	13.85	965.10	0.67	384.29	33962.23	-41709.81	25324.45
Fixation L	1	23	3904687231	3904759165	71934	0.00	0.00	0	0	-1	5.49	5.49
Saccade L	1	23	3904823192	3904859214	36022	1066.75	576.57	1273.58	601.41	6.11	499.48	0.44	169.60	14156.15	-16842.60	9575.79
Saccade R	1	22	3904823192	3904859214	36022	1066.75	576.57	1273.58	601.41	6.11	499.48	0.44	169.60	14156.15	-16842.60	9575.79
Fixation L	1	24	3904879165	3904951165	72000	1206.91	606.75	42	17	-1	15.05	15.05
Fixation R	1	23	3904879165	3904951165	72000	1206.91	606.75	42	17	-1	13.83	13.83
Saccade L	1	24	3904951165	3904971172	20007	1188.78	594.25	1165.26	589.69	0.59	53.41	0.60	29.73	1942.79	-1697.81	1259.18
Saccade R	1	23	3904951165	3904971172	20007	1188.78	594.25	1165.26	589.69	0.59	53.41	0.60	29.73	1942.79	-1697.81	1259.18
Fixation L	1	25	3904971172	3905211099	239927	1156.17	573.70	19	23	-1	14.93	14.93
Fixation R	1	24	3904971172	3905211099	239927	1156.17	573.70	19	23	-1	13.63	13.63
Saccade L	1	25	3905211099	3905235215	24116	1156.08	569.92	1116.75	577.88	0.91	77.92	0.50	37.69	3554.43	-3192.82	2509.04
Saccade R	1	24	3905211099	3905235215	24116	1156.08	569.92	1116.75	577.88	0.91	77.92	0.50	37.69	3554.43	-3192.82	2509.04
Fixation L	1	26	3905235215	3905543213	307998	1099.42	577.83	27	15	-1	14.28	14.28
Fixation R	1	25	3905235215	3905543213	307998	1099.42	577.83	27	15	-1	12.96	12.96
Saccade L	1	26	3905543213	3905567174	23961	1087.37	579.09	1086.88	519.48	1.21	92.90	0.50	50.32	4159.18	-3597.89	2853.55
Saccade R	1	25	3905543213	3905567174	23961	1087.37	579.09	1086.88	519.48	1.21	92.90	0.50	50.32	4159.18	-3597.89	2853.55
Fixation L	1	27	3905567174	3905723108	155934	1089.59	504.36	14	43	-1	13.95	13.95
Fixation R	1	26	3905567174	3905723108	155934	1089.59	504.36	14	43	-1	12.66	12.66
Saccade L	1	27	3905723108	3905755121	32013	1086.63	529.57	1120.46	508.47	0.96	47.62	0.38	30.09	2198.63	-1446.90	1302.42
Saccade R	1	26	3905723108	3905755121	32013	1086.63	529.57	1120.46	508.47	0.96	47.62	0.38	30.09	2198.63	-1446.90	1302.42
Fixation L	1	28	3905755121	3905931067	175946	1133.14	477.57	21	53	-1	13.61	13.61
Fixation R	1	27	3905755121	3905931067	175946	1133.14	477.57	21	53	-1	12.28	12.28
Saccade L	1	28	3905931067	3905955058	23991	1141.24	466.29	1196.00	464.44	1.36	120.15	0.50	56.58	5005.12	-4469.48	3470.13
Saccade R	1	27	3905931067	3905955058	23991	1141.24	466.29	1196.00	464.44	1.36	120.15	0.50	56.58	5005.12	-4469.48	3470.13
Fixation L	1	29	3905955058	3906179073	224015	1175.59	474.86	55	43	-1	13.50	13.50
Fixation R	1	28	3905955058	3906179073	224015	1175.59	474.86	55	43	-1	12.38	12.38
Saccade L	1	29	3906179073	3906203080	24007	1156.53	489.28	1190.86	477.70	0.75	48.53	0.67	31.38	1955.22	-1908.75	1434.47
Saccade R	1	28	3906179073	3906203080	24007	1156.53	489.28	1190.86	477.70	0.75	48.53	0.67	31.38	1955.22	-1908.75	1434.47
Fixation L	1	30	3906203080	3906475071	271991	1195.59	490.90	40	37	-1	13.49	13.49
Fixation R	1	29	3906203080	3906475071	271991	1195.59	490.90	40	37	-1	12.38	12.38
Saccade L	1	30	3906475071	3906571070	95999	1164.68	515.79	481.29	204.83	17.22	271.42	0.21	179.38	12111.78	-9823.66	4518.62
Saccade R	1	29	3906475071	3906571070	95999	1164.68	515.79	481.29	204.83	17.22	271.42	0.21	179.38	12111.78	-9823.66	4518.62
Saccade L	1	31	3906571070	3906603089	32019	481.29	204.83	503.73	105.81	1.92	141.09	0.25	60.02	3105.90	-5792.12	2816.26
Saccade R	1	30	3906571070	3906603089	32019	481.29	204.83	503.73	105.81	1.92	141.09	0.25	60.02	3105.90	-5792.12	2816.26
Fixation L	1	31	3906603089	3906851083	247994	485.66	133.71	25	44	-1	13.74	13.74
Fixation R	1	30	3906603089	3906851083	247994	485.66	133.71	25	44	-1	12.26	12.26
Saccade L	1	32	3906851083	3906875071	23988	480.81	141.88	453.08	144.47	0.70	44.00	0.50	29.07	1911.17	-1108.61	1145.98
Saccade R	1	31	3906851083	3906875071	23988	480.81	141.88	453.08	144.47	0.70	44.00	0.50	29.07	1911.17	-1108.61	1145.98
Fixation L	1	32	3906875071	3907370998	495927	418.45	202.53	45	101	-1	14.14	14.14
Fixation R	1	31	3906875071	3907370998	495927	418.45	202.53	45	101	-1	12.69	12.69
Saccade L	1	33	3907370998	3907394961	23963	411.79	233.34	426.43	186.02	1.14	82.36	0.50	47.42	3537.92	-3372.02	2519.87
Saccade R	1	32	3907370998	3907394961	23963	411.79	233.34	426.43	186.02	1.14	82.36	0.50	47.42	3537.92	-3372.02	2519.87
Fixation L	1	33	3907394961	3907522947	127986	433.15	178.49	18	13	-1	14.65	14.65
Fixation R	1	32	3907394961	3907522947	127986	433.15	178.49	18	13	-1	13.09	13.09
Saccade L	1	34	3907522947	3907570985	48038	443.66	180.19	0.00	0.00	20.28	1272.13	0.75	422.27	32495.68	-60829.80	23130.93
Saccade R	1	33	3907522947	3907570985	48038	443.66	180.19	0.00	0.00	20.28	1272.13	0.75	422.27	32495.68	-60829.80	23130.93
Fixation L	1	34	3907678967	3908058981	380014	0.00	0.00	0	0	-1	15.02	15.02
Fixation R	1	33	3907678967	3908058981	380014	0.00	0.00	0	0	-1	11.09	11.09
Saccade R	1	34	3908240660	3908421084	180424	0.00	0.00	459.80	193.38	74.52	959.99	0.94	413.03	40028.90	-39604.93	30016.84
Fixation L	1	35	3908413087	3908681095	268008	458.15	184.27	23	55	-1	15.95	15.95
Fixation R	1	34	3908421084	3908681095	260011	458.10	184.14	23	55	-1	14.14	14.14
Fixation L	1	36	3908697141	3908977088	279947	408.50	145.30	35	25	-1	14.83	14.83
Fixation R	1	35	3908697141	3908977088	279947	408.50	145.30	35	25	-1	13.09	13.09
Saccade L	1	35	3908977088	3909005125	28037	404.47	148.09	431.76	218.33	1.62	119.37	0.57	57.75	5590.84	-5389.23	4019.58
Saccade R	1	35	3908977088	3909005125	28037	404.47	148.09	431.76	218.33	1.62	119.37	0.57	57.75	5590.84	-5389.23	4019.58
Fixation L	1	37	3909005125	3909325113	319988	443.71	221.86	21	28	-1	14.98	14.98
Fixation R	1	36	3909005125	3909325113	319988	443.71	221.86	21	28	-1	13.25	13.25
Saccade L	1	36	3909325113	3909349109	23996	444.79	235.25	503.34	246.99	1.29	106.28	0.50	53.57	4802.61	-4267.22	3300.80
Saccade R	1	36	3909325113	3909349109	23996	444.79	235.25	503.34	246.99	1.29	106.28	0.50	53.57	4802.61	-4267.22	3300.80
Fixation L	1	38	3909349109	3909609131	260022	505.72	250.76	15	9	-1	15.35	15.35
Fixation R	1	37	3909349109	3909609131	260022	505.72	250.76	15	9	-1	13.43	13.43
Saccade L	1	37	3909609131	3909645107	35976	508.74	251.22	493.84	160.14	2.04	113.28	0.44	56.58	5198.43	-5019.44	3649.92
Saccade R	1	37	3909609131	3909645107	35976	508.74	251.22	493.84	160.14	2.04	113.28	0.44	56.58	5198.43	-5019.44	3649.92
Fixation L	1	39	3909645107	3909953014	307907	486.97	145.74	17	26	-1	15.36	15.36
Fixation R	1	38	3909645107	3909953014	307907	486.97	145.74	17	26	-1	13.40	13.40
Saccade L	1	38	3909953014	3909972977	19963	475.18	139.15	437.44	140.07	0.66	57.33	0.60	33.21	2092.57	-1994.94	1409.78
Saccade R	1	38	3909953014	3909972977	19963	475.18	139.15	437.44	140.07	0.66	57.33	0.60	33.21	2092.57	-1994.94	1409.78
Fixation L	1	40	3909972977	3910057038	84061	447.63	156.58	17	34	-1	15.27	15.27
Fixation R	1	39	3909972977	3910057038	84061	447.63	156.58	17	34	-1	13.50	13.50
Saccade L	1	39	3910057038	3910088982	31944	453.73	175.53	446.80	267.60	1.96	126.88	0.62	61.48	5394.32	-5564.79	3878.04
Saccade R	1	39	3910057038	3910088982	31944	453.73	175.53	446.80	267.60	1.96	126.88	0.62	61.48	5394.32	-5564.79	3878.04
Saccade L	1	40	3910145016	3910168985	23969	462.45	248.28	409.81	250.64	7.31	703.76	0.50	304.91	31664.56	-19212.19	18515.22
Saccade R	1	40	3910145016	3910168985	23969	462.45	248.28	409.81	250.64	7.31	703.76	0.50	304.91	31664.56	-19212.19	18515.22
Fixation L	1	41	3910233003	3910617023	384020	0.00	0.00	0	0	-1	14.91	14.91
Fixation R	1	40	3910233003	3910617023	384020	0.00	0.00	0	0	-1	13.29	13.29
Saccade L	1	41	3912549721	3912730147	180426	0.00	0.00	975.39	634.26	173.22	2232.45	0.93	960.07	93117.46	-91195.54	69198.54
Saccade R	1	41	3912549721	3912730147	180426	0.00	0.00	975.39	634.26	173.22	2232.45	0.93	960.07	93117.46	-91195.54	69198.54
Saccade L	1	42	3912730147	3912810138	79991	975.39	634.26	463.00	354.65	13.56	353.63	0.65	169.54	13100.09	-87105.32	11320.01
Saccade R	1	42	3912730147	3912810138	79991	975.39	634.26	463.00	354.65	13.56	353.63	0.65	169.54	13100.09	-87105.32	11320.01
Saccade L	1	43	3912834141	3912890137	55996	453.35	350.96	382.71	320.08	4.31	200.89	0.21	76.98	7788.36	-5883.12	3207.43
Saccade R	1	43	3912834141	3912890137	55996	453.35	350.96	382.71	320.08	4.31	200.89	0.21	76.98	7788.36	-5883.12	3207.43
Fixation L	1	42	3912890137	3913010157	120020	393.36	325.40	33	18	-1	14.40	14.40
Fixation R	1	41	3912890137	3913122146	232009	257.51	230.34	504	721	-1	10.60	10.60
Saccade L	1	44	3913010157	3913058156	47999	399.63	324.90	0.01	0.00	17.40	1129.38	0.75	362.58	41366.61	-51191.88	24753.45
Fixation L	1	43	3913058156	3913122146	63990	0.00	0.00	0	0	-1	6.15	6.15
Saccade L	1	45	3913186145	3913206060	19915	1009.73	496.83	964.83	497.26	0.70	57.01	0.40	34.95	-244.19	-1551.28	962.65
Saccade R	1	44	3913186145	3913206060	19915	1009.73	496.83	964.83	497.26	0.70	57.01	0.40	34.95	-244.19	-1551.28	962.65
Saccade L	1	46	3913206060	3913254181	48121	964.83	497.26	1049.72	492.61	2.23	121.75	0.50	46.29	4725.28	-4499.51	2428.12
Saccade R	1	45	3913206060	3913254181	48121	964.83	497.26	1049.72	492.61	2.23	121.75	0.50	46.29	4725.28	-4499.51	2428.12
Fixation L	1	44	3913254181	3913622184	368003	1044.70	508.62	19	48	-1	14.89	14.89
Fixation R	1	42	3913254181	3913622184	368003	1044.70	508.62	19	48	-1	13.50	13.50
Saccade L	1	47	3913622184	3913654160	31976	1045.95	484.98	1075.87	546.04	1.60	86.57	0.75	50.06	3534.87	-3582.44	2591.32
Saccade R	1	46	3913622184	3913654160	31976	1045.95	484.98	1075.87	546.04	1.60	86.57	0.75	50.06	3534.87	-3582.44	2591.32
Fixation L	1	45	3913654160	3914070081	415921	1111.92	551.35	58	31	-1	14.59	14.59
Fixation R	1	43	3913654160	3914070081	415921	1111.92	551.35	58	31	-1	13.16	13.16
Saccade L	1	48	3914334048	3914362037	27989	997.92	660.87	1103.03	654.29	1.86	129.63	0.71	66.47	3757.37	-2315.93	1636.83
Saccade R	1	47	3914334048	3914362037	27989	997.92	660.87	1103.03	654.29	1.86	129.63	0.71	66.47	3757.37	-2315.93	1636.83
Fixation L	1	46	3914398039	3914494030	95991	1061.91	641.09	24	21	-1	15.05	15.05
Fixation R	1	44	3914398039	3914494030	95991	1061.91	641.09	24	21	-1	13.61	13.61
Saccade L	1	49	3914494030	3914570041	76011	1053.28	656.75	472.38	282.65	15.76	401.90	0.21	207.35	18432.13	-8510.04	7165.73
Saccade R	1	48	3914494030	3914570041	76011	1053.28	656.75	472.38	282.65	15.76	401.90	0.21	207.35	18432.13	-8510.04	7165.73
Fixation L	1	47	3914570041	3914798046	228005	457.35	284.94	29	27	-1	15.82	15.82
Fixation R	1	45	3914570041	3914798046	228005	457.35	284.94	29	27	-1	13.68	13.68
Saccade L	1	50	3914798046	3914826052	28006	464.49	283.93	451.10	171.84	2.29	163.66	0.43	81.74	7717.65	-7509.09	5609.10
Saccade R	1	49	3914798046	3914826052	28006	464.49	283.93	451.10	171.84	2.29	163.66	0.43	81.74	7717.65	-7509.09	5609.10
Fixation L	1	48	3914826052	3915129942	303890	451.97	199.45	34	45	-1	15.61	15.61
Fixation R	1	46	3914826052	3915129942	303890	451.97	199.45	34	45	-1	13.69	13.69
Saccade L	1	51	3915129942	3915153919	23977	446.21	203.74	512.53	206.18	1.27	106.02	0.50	53.06	4515.47	-4560.86	3355.85
Saccade R	1	50	3915129942	3915153919	23977	446.21	203.74	512.53	206.18	1.27	106.02	0.50	53.06	4515.47	-4560.86	3355.85
Fixation L	1	49	3915153919	3915725944	572025	505.84	183.50	45	73	-1	15.66	15.66
Fixation R	1	47	3915153919	3915725944	572025	505.84	183.50	45	73	-1	13.65	13.65
Saccade L	1	52	3915725944	3915757954	32010	486.74	180.32	418.56	215.87	1.84	127.15	0.37	57.53	5359.00	-5151.26	3500.63
Saccade R	1	51	3915725944	3915757954	32010	486.74	180.32	418.56	215.87	1.84	127.15	0.37	57.53	5359.00	-5151.26	3500.63
Fixation L	1	50	3915757954	3915861934	103980	419.72	239.74	23	35	-1	15.76	15.76
Fixation R	1	48	3915757954	3915861934	103980	419.72	239.74	23	35	-1	13.69	13.69
Fixation L	1	51	3915921939	3916001925	79986	-0.34	0.00	1	0	-1	8.21	8.21
Fixation R	1	49	3915921939	3916001925	79986	-0.34	0.00	1	0	-1	9.40	9.40
Saccade L	1	53	3916001925	3916049928	48003	0.00	0.00	418.52	258.35	13.99	808.37	0.25	291.39	35948.86	-20244.63	15627.88
Saccade R	1	52	3916001925	3916049928	48003	0.00	0.00	418.52	258.35	13.99	808.37	0.25	291.39	35948.86	-20244.63	15627.88
Saccade L	1	54	3916049928	3916081939	32011	418.52	258.35	559.22	211.78	2.82	191.41	0.75	88.07	8108.50	-12206.65	4123.41
Saccade R	1	53	3916049928	3916081939	32011	418.52	258.35	559.22	211.78	2.82	191.41	0.75	88.07	8108.50	-12206.65	4123.41
Saccade L	1	55	3916081939	3916105962	24023	559.22	211.78	419.24	231.84	2.41	234.78	0.33	100.35	609.25	-9253.01	4177.85
Saccade R	1	54	3916081939	3916105962	24023	559.22	211.78	419.24	231.84	2.41	234.78	0.33	100.35	609.25	-9253.01	4177.85
Fixation L	1	52	3916105962	3916225965	120003	434.41	221.09	22	21	-1	16.45	16.45
Fixation R	1	50	3916105962	3916225965	120003	434.41	221.09	22	21	-1	14.20	14.20
Saccade L	1	56	3916225965	3916285941	59976	440.28	220.90	378.56	242.82	2.18	81.70	0.47	36.34	2751.36	-2367.26	1438.37
Saccade R	1	55	3916225965	3916285941	59976	440.28	220.90	378.56	242.82	2.18	81.70	0.47	36.34	2751.36	-2367.26	1438.37
Fixation L	1	53	3916285941	3916537806	251865	390.48	233.38	18	26	-1	16.61	16.61
Fixation R	1	51	3916285941	3916537806	251865	390.48	233.38	18	26	-1	14.58	14.58
Saccade L	1	57	3916537806	3916565809	28003	385.90	233.31	442.88	193.64	1.48	104.43	0.57	52.88	4537.16	-4457.64	3248.08
Saccade R	1	56	3916537806	3916565809	28003	385.90	233.31	442.88	193.64	1.48	104.43	0.57	52.88	4537.16	-4457.64	3248.08
Fixation L	1	54	3916565809	3916821826	256017	452.17	185.92	42	25	-1	16.61	16.61
Fixation R	1	52	3916565809	3916821826	256017	452.17	185.92	42	25	-1	14.78	14.78
Saccade L	1	58	3916821826	3916845831	24005	457.72	194.49	418.95	201.61	1.01	81.78	0.50	41.87	3352.88	-2930.97	2284.41
Saccade R	1	57	3916821826	3916845831	24005	457.72	194.49	418.95	201.61	1.01	81.78	0.50	41.87	3352.88	-2930.97	2284.41
Fixation L	1	55	3916845831	3916977846	132015	407.73	210.58	23	29	-1	16.71	16.71
Fixation R	1	53	3916845831	3916977846	132015	407.73	210.58	23	29	-1	14.82	14.82
Saccade L	1	59	3916993837	3917033820	39983	429.39	240.79	0.11	0.00	20.49	1303.75	0.70	512.36	33510.82	-59739.72	26098.35
Saccade R	1	58	3916993837	3917033820	39983	429.39	240.79	0.11	0.00	20.49	1303.75	0.70	512.36	33510.82	-59739.72	26098.35
Fixation L	1	56	3917153816	3917737867	584051	423.58	238.70	47	33	-1	16.84	16.84
Fixation R	1	54	3917153816	3917737867	584051	423.58	238.70	47	33	-1	15.07	15.07
Saccade L	1	60	3917737867	3917757848	19981	419.82	226.64	454.85	220.93	0.74	63.49	0.60	36.88	2797.43	-2348.00	1929.97
Saccade R	1	59	3917737867	3917757848	19981	419.82	226.64	454.85	220.93	0.74	63.49	0.60	36.88	2797.43	-2348.00	1929.97
Fixation L	1	57	3917757848	3918013714	255866	476.97	215.61	33	24	-1	17.01	17.01
Fixation R	1	55	3917757848	3918013714	255866	476.97	215.61	33	24	-1	15.16	15.16
Saccade L	1	61	3918013714	3918037696	23982	483.94	230.33	436.00	238.51	0.86	66.76	0.50	35.88	2491.30	-2545.92	1769.52
Saccade R	1	60	3918013714	3918037696	23982	483.94	230.33	436.00	238.51	0.86	66.76	0.50	35.88	2491.30	-2545.92	1769.52
Fixation L	1	58	3918037696	3918409707	372011	429.68	244.92	33	32	-1	17.25	17.25
Fixation R	1	56	3918037696	3918409707	372011	429.68	244.92	33	32	-1	15.38	15.38
Saccade L	1	62	3918409707	3918433712	24005	423.23	251.15	494.86	249.19	1.42	121.87	0.50	59.29	4602.07	-5144.22	3652.93
Saccade R	1	61	3918409707	3918433712	24005	423.23	251.15	494.86	249.19	1.42	121.87	0.50	59.29	4602.07	-5144.22	3652.93
Fixation L	1	59	3918433712	3918561718	128006	501.47	261.89	16	33	-1	17.34	17.34
Fixation R	1	57	3918433712	3918561718	128006	501.47	261.89	16	33	-1	15.64	15.64
Saccade L	1	63	3918561718	3918581710	19992	500.28	269.06	477.00	224.94	0.94	77.90	0.60	46.84	3313.80	1580.31	2268.34
Saccade R	1	62	3918561718	3918581710	19992	500.28	269.06	477.00	224.94	0.94	77.90	0.60	46.84	3313.80	1580.31	2268.34
Saccade L	1	64	3918581710	3918601711	20001	477.00	224.94	466.22	298.35	1.25	121.93	0.40	62.53	1580.31	-4618.25	2449.37
Saccade R	1	63	3918581710	3918601711	20001	477.00	224.94	466.22	298.35	1.25	121.93	0.40	62.53	1580.31	-4618.25	2449.37
Saccade L	1	65	3918617710	3918677722	60012	467.63	287.85	516.57	244.10	4.32	178.89	0.27	71.99	6904.15	-4544.02	2938.10
Saccade R	1	64	3918617710	3918677722	60012	467.63	287.85	516.57	244.10	4.32	178.89	0.27	71.99	6904.15	-4544.02	2938.10
Fixation L	1	60	3918737645	3918805719	68074	517.13	225.90	34	16	-1	17.31	17.31
Fixation R	1	58	3918737645	3918805719	68074	517.13	225.90	34	16	-1	15.32	15.32
Saccade L	1	66	3918805719	3918825714	19995	537.20	229.79	521.19	210.70	0.52	42.92	0.40	25.90	1211.61	-322.60	612.83
Saccade R	1	65	3918805719	3918825714	19995	537.20	229.79	521.19	210.70	0.52	42.92	0.40	25.90	1211.61	-322.60	612.83
Saccade L	1	67	3918825714	3918849621	23907	521.19	210.70	463.63	207.14	1.12	88.28	0.67	47.00	3066.51	-3552.15	2195.44
Saccade R	1	66	3918825714	3918849621	23907	521.19	210.70	463.63	207.14	1.12	88.28	0.67	47.00	3066.51	-3552.15	2195.44
Saccade L	1	68	3918881637	3918961625	79988	492.94	187.51	506.32	173.10	3.84	135.33	0.60	48.06	2722.73	-4016.84	1514.09
Saccade R	1	67	3918881637	3918961625	79988	492.94	187.51	506.32	173.10	3.84	135.33	0.60	48.06	2722.73	-4016.84	1514.09
Saccade L	1	69	3918969721	3919021708	51987	512.70	171.30	418.88	143.41	4.03	162.20	0.77	77.54	4017.83	-6626.10	3223.28
Saccade R	1	68	3918969721	3919021708	51987	512.70	171.30	418.88	143.41	4.03	162.20	0.77	77.54	4017.83	-6626.10	3223.28
Saccade L	1	70	3919037710	3919069737	32027	419.68	146.23	0.00	0.00	9.98	882.89	0.62	311.73	35627.04	-37082.81	24486.59
Saccade R	1	69	3919037710	3919069737	32027	419.68	146.23	0.00	0.00	9.98	882.89	0.62	311.73	35627.04	-37082.81	24486.59
Fixation L	1	61	3919069737	3919133713	63976	0.00	0.00	0	0	-1	17.10	17.10
Fixation R	1	59	3919069737	3919133713	63976	0.00	0.00	0	0	-1	14.96	14.96
Saccade L	1	71	3919133713	3919161732	28019	0.00	0.00	453.24	273.41	10.85	985.81	0.43	387.37	42835.11	-42483.46	31107.44
Saccade R	1	70	3919133713	3919161732	28019	0.00	0.00	453.24	273.41	10.85	985.81	0.43	387.37	42835.11	-42483.46	31107.44
Saccade L	1	72	3919169635	3919241742	72107	448.91	266.71	454.01	251.66	7.50	321.57	0.78	103.97	16520.15	-11887.93	7104.35
Saccade R	1	71	3919169635	3919241742	72107	448.91	266.71	454.01	251.66	7.50	321.57	0.78	103.97	16520.15	-11887.93	7104.35
Saccade L	1	73	3919241742	3919269712	27970	454.01	251.66	0.00	0.00	10.60	994.78	0.57	379.13	40157.15	-33367.79	25121.79
Saccade R	1	72	3919241742	3919269712	27970	454.01	251.66	0.00	0.00	10.60	994.78	0.57	379.13	40157.15	-33367.79	25121.79
Saccade L	1	74	3919269712	3919329628	59916	0.00	0.00	452.71	262.28	12.80	913.29	0.27	213.62	30053.15	-36947.33	14064.71
Saccade R	1	73	3919269712	3919329628	59916	0.00	0.00	452.71	262.28	12.80	913.29	0.27	213.62	30053.15	-36947.33	14064.71
Saccade R	1	74	3919329628	3919409610	79982	452.71	262.28	5.46	2.85	45.07	1333.87	0.75	563.46	34044.54	-63543.99	23572.05
Fixation R	1	60	3919409610	3919461602	51992	1.46	1.01	5	2	-1	16.43	16.43
Saccade L	1	75	3919569599	3919637601	68002	438.71	280.27	379.64	240.54	3.87	141.09	0.65	56.91	3493.05	-5154.42	2112.82
Saccade R	1	75	3919569599	3919637601	68002	438.71	280.27	379.64	240.54	3.87	141.09	0.65	56.91	3493.05	-5154.42	2112.82
Fixation L	1	62	3919637601	3919689618	52017	403.76	217.76	39	51	-1	17.41	17.41
Fixation R	1	61	3919637601	3919689618	52017	403.76	217.76	39	51	-1	15.15	15.15
Saccade L	1	76	3919689618	3919729609	39991	420.15	181.74	459.54	166.95	1.71	69.26	0.70	42.65	2009.30	-1646.73	1061.81
Saccade R	1	76	3919689618	3919729609	39991	420.15	181.74	459.54	166.95	1.71	69.26	0.70	42.65	2009.30	-1646.73	1061.81
Saccade L	1	77	3919729609	3919765604	35995	459.54	166.95	399.42	166.00	1.20	77.48	0.22	33.41	299.89	-1924.13	669.22
Saccade R	1	77	3919729609	3919765604	35995	459.54	166.95	399.42	166.00	1.20	77.48	0.22	33.41	299.89	-1924.13	669.22
Saccade L	1	78	3919797603	3919893594	95991	374.77	176.33	434.98	143.96	7.76	244.09	0.33	80.88	9091.87	-7878.78	3306.81
Saccade R	1	78	3919797603	3919893594	95991	374.77	176.33	434.98	143.96	7.76	244.09	0.33	80.88	9091.87	-7878.78	3306.81
Saccade L	1	79	3919893594	3919921616	28022	434.98	143.96	502.15	141.06	1.61	95.65	0.29	57.51	1724.71	-2495.48	1575.57
Saccade R	1	79	3919893594	3919921616	28022	434.98	143.96	502.15	141.06	1.61	95.65	0.29	57.51	1724.71	-2495.48	1575.57
Saccade L	1	80	3919921616	3919981608	59992	502.15	141.06	482.84	151.03	3.60	124.62	0.47	59.99	11369.52	-3674.72	2956.50
Saccade R	1	80	3919921616	3919981608	59992	502.15	141.06	482.84	151.03	3.60	124.62	0.47	59.99	11369.52	-3674.72	2956.50
Saccade L	1	81	3919981608	3920093526	111918	482.84	151.03	981.65	476.04	20.30	467.29	0.50	181.41	14377.53	-16679.19	7152.11
Saccade R	1	81	3919981608	3920093526	111918	482.84	151.03	981.65	476.04	20.30	467.29	0.50	181.41	14377.53	-16679.19	7152.11
Saccade L	1	82	3920109523	3920133612	24089	986.23	475.62	990.72	515.49	0.73	60.37	0.50	30.37	1926.37	-1663.91	1347.38
Saccade R	1	82	3920109523	3920133612	24089	986.23	475.62	990.72	515.49	0.73	60.37	0.50	30.37	1926.37	-1663.91	1347.38
Saccade L	1	83	3920153611	3920185600	31989	980.10	506.43	961.97	489.23	1.12	68.27	0.38	35.05	2135.42	-2037.77	1188.52
Saccade R	1	83	3920153611	3920185600	31989	980.10	506.43	961.97	489.23	1.12	68.27	0.38	35.05	2135.42	-2037.77	1188.52
Saccade L	1	84	3920225633	3920253569	27936	949.11	528.35	1024.55	528.28	1.64	157.18	0.71	58.82	5496.55	-3641.77	2669.56
Saccade R	1	84	3920225633	3920253569	27936	949.11	528.35	1024.55	528.28	1.64	157.18	0.71	58.82	5496.55	-3641.77	2669.56
Saccade L	1	85	3920253569	3920277615	24046	1024.55	528.28	998.36	555.56	1.10	90.19	0.33	45.66	-199.16	-3668.71	1667.49
Saccade R	1	85	3920253569	3920277615	24046	1024.55	528.28	998.36	555.56	1.10	90.19	0.33	45.66	-199.16	-3668.71	1667.49
Saccade L	1	86	3920301522	3920357605	56083	999.09	523.53	936.10	475.62	3.15	111.20	0.79	56.17	4133.35	-4438.03	2245.47
Saccade R	1	86	3920301522	3920357605	56083	999.09	523.53	936.10	475.62	3.15	111.20	0.79	56.17	4133.35	-4438.03	2245.47
Saccade L	1	87	3920561619	3920673606	111987	1006.47	315.60	427.12	182.14	31.90	749.15	0.68	284.85	33265.50	-26898.58	13589.98
Saccade R	1	87	3920561619	3920673606	111987	1006.47	315.60	427.12	182.14	31.90	749.15	0.68	284.85	33265.50	-26898.58	13589.98
Saccade L	1	88	3920673606	3920721502	47896	427.12	182.14	441.86	169.83	2.79	135.11	0.75	58.24	2603.45	-17152.72	3302.89
Saccade R	1	88	3920673606	3920721502	47896	427.12	182.14	441.86	169.83	2.79	135.11	0.75	58.24	2603.45	-17152.72	3302.89
Saccade L	1	89	3920797500	3920873495	75995	441.21	197.51	437.94	190.00	9.51	372.56	0.63	125.10	12564.47	-15858.96	6126.26
Saccade R	1	89	3920797500	3920873495	75995	441.21	197.51	437.94	190.00	9.51	372.56	0.63	125.10	12564.47	-15858.96	6126.26
Saccade L	1	90	3920961494	3920997514	36020	448.64	148.56	444.56	208.76	1.23	57.80	0.44	34.05	2124.78	-1915.68	1156.18
Saccade R	1	90	3920961494	3920997514	36020	448.64	148.56	444.56	208.76	1.23	57.80	0.44	34.05	2124.78	-1915.68	1156.18
Saccade L	1	91	3920997514	3921017509	19995	444.56	208.76	454.84	171.68	0.61	54.23	0.40	30.43	517.32	-840.39	453.81
Saccade R	1	91	3920997514	3921017509	19995	444.56	208.76	454.84	171.68	0.61	54.23	0.40	30.43	517.32	-840.39	453.81
Fixation L	1	63	3921017509	3921121491	103982	474.28	158.72	40	36	-1	16.10	16.10
Fixation R	1	62	3921017509	3921121491	103982	474.28	158.72	40	36	-1	14.02	14.02
Saccade L	1	92	3921121491	3921145507	24016	480.03	154.78	452.12	150.65	0.69	45.57	0.67	28.56	1561.25	-517.15	799.78
Saccade R	1	92	3921121491	3921145507	24016	480.03	154.78	452.12	150.65	0.69	45.57	0.67	28.56	1561.25	-517.15	799.78
Saccade L	1	93	3921145507	3921165507	20000	452.12	150.65	489.78	153.02	0.68	62.01	0.60	34.02	13620.54	362.08	4139.59
Saccade R	1	93	3921145507	3921165507	20000	452.12	150.65	489.78	153.02	0.68	62.01	0.60	34.02	13620.54	362.08	4139.59
Saccade L	1	94	3921221508	3921273496	51988	714.55	153.07	1.81	0.00	37.12	1516.63	0.77	714.08	33843.41	-63367.14	28012.85
Saccade R	1	94	3921221508	3921273496	51988	714.55	153.07	1.81	0.00	37.12	1516.63	0.77	714.08	33843.41	-63367.14	28012.85
Fixation L	1	64	3921273496	3921453524	180028	0.18	0.00	1	0	-1	9.07	9.07
Fixation R	1	63	3921273496	3921453524	180028	0.18	0.00	1	0	-1	1.26	1.26
Saccade L	1	95	3921565501	3921597492	31991	926.60	517.96	987.48	533.88	1.52	101.25	0.50	47.67	3828.57	-4089.93	2497.07
Saccade R	1	95	3921565501	3921597492	31991	926.60	517.96	987.48	533.88	1.52	101.25	0.50	47.67	3828.57	-4089.93	2497.07
Fixation L	1	65	3921597492	3921661491	63999	997.93	537.38	18	19	-1	17.38	17.38
Fixation R	1	64	3921597492	3921661491	63999	997.93	537.38	18	19	-1	15.07	15.07
Saccade L	1	96	3921661491	3921693511	32020	1000.70	554.04	970.71	535.14	2.11	106.26	0.75	66.03	3535.19	-4906.62	3242.54
Saccade R	1	96	3921661491	3921693511	32020	1000.70	554.04	970.71	535.14	2.11	106.26	0.75	66.03	3535.19	-4906.62	3242.54
Saccade L	1	97	3921721510	3921789503	67993	965.77	538.77	504.22	323.24	11.58	311.44	0.65	170.36	10510.27	-13525.63	6923.90
Saccade R	1	97	3921721510	3921789503	67993	965.77	538.77	504.22	323.24	11.58	311.44	0.65	170.36	10510.27	-13525.63	6923.90
Saccade L	1	98	3921789503	3921809497	19994	504.22	323.24	479.22	329.32	0.49	42.50	0.60	24.52	381.92	-3822.47	1055.23
Saccade R	1	98	3921789503	3921809497	19994	504.22	323.24	479.22	329.32	0.49	42.50	0.60	24.52	381.92	-3822.47	1055.23
Fixation L	1	66	3921809497	3921925439	115942	455.61	351.53	59	28	-1	16.97	16.97
Fixation R	1	65	3921809497	3921925439	115942	455.61	351.53	59	28	-1	14.59	14.59
Saccade L	1	99	3921925439	3921945491	20052	411.68	356.80	456.60	361.30	0.75	84.33	0.40	37.61	2135.77	-3044.99	1741.11
Saccade R	1	99	3921925439	3921945491	20052	411.68	356.80	456.60	361.30	0.75	84.33	0.40	37.61	2135.77	-3044.99	1741.11
Fixation L	1	67	3921945491	3922097510	152019	443.28	341.36	30	66	-1	16.61	16.61
Fixation R	1	66	3921945491	3922097510	152019	443.28	341.36	30	66	-1	14.13	14.13
Saccade L	1	100	3922097510	3922129394	31884	452.54	292.15	408.00	349.66	1.39	87.54	0.25	43.46	2247.50	-2863.73	1933.53
Saccade R	1	100	3922097510	3922129394	31884	452.54	292.15	408.00	349.66	1.39	87.54	0.25	43.46	2247.50	-2863.73	1933.53
Saccade L	1	101	3922353437	3922389401	35964	520.02	204.81	409.72	289.33	2.79	177.13	0.22	77.63	3121.67	-6046.41	2957.31
Saccade R	1	101	3922353437	3922389401	35964	520.02	204.81	409.72	289.33	2.79	177.13	0.22	77.63	3121.67	-6046.41	2957.31
Fixation L	1	68	3922389401	3922441380	51979	418.86	286.69	16	6	-1	16.43	16.43
Fixation R	1	67	3922389401	3922441380	51979	418.86	286.69	16	6	-1	14.12	14.12
Saccade L	1	102	3922441380	3922461377	19997	422.54	288.83	419.24	240.97	0.85	69.20	0.40	42.29	3099.43	-2815.82	2140.81
Saccade R	1	102	3922441380	3922461377	19997	422.54	288.83	419.24	240.97	0.85	69.20	0.40	42.29	3099.43	-2815.82	2140.81
Saccade L	1	103	3922477377	3922513398	36021	412.24	239.80	487.77	273.57	1.86	114.56	0.33	51.72	4849.04	-4608.28	2846.13
Saccade R	1	103	3922477377	3922513398	36021	412.24	239.80	487.77	273.57	1.86	114.56	0.33	51.72	4849.04	-4608.28	2846.13
Fixation L	1	69	3922513398	3922585377	71979	486.51	290.02	13	25	-1	16.33	16.33
Fixation R	1	68	3922513398	3922585377	71979	486.51	290.02	13	25	-1	14.17	14.17
Saccade L	1	104	3922585377	3922617377	32000	494.65	295.58	428.90	287.36	1.34	82.09	0.38	41.98	3355.27	-3288.33	2378.96
Saccade R	1	104	3922585377	3922617377	32000	494.65	295.58	428.90	287.36	1.34	82.09	0.38	41.98	3355.27	-3288.33	2378.96
Saccade L	1	105	3922649395	3922681397	32002	427.60	288.34	481.79	292.07	1.42	85.33	0.37	44.27	3962.84	-3190.73	2314.28
Saccade R	1	105	3922649395	3922681397	32002	427.60	288.34	481.79	292.07	1.42	85.33	0.37	44.27	3962.84	-3190.73	2314.28
Saccade L	1	106	3922681397	3922705423	24026	481.79	292.07	522.47	291.54	0.88	66.26	0.50	36.68	1818.76	-2308.41	1377.78
Saccade R	1	106	3922681397	3922705423	24026	481.79	292.07	522.47	291.54	0.88	66.26	0.50	36.68	1818.76	-2308.41	1377.78
Fixation L	1	70	3922705423	3923029387	323964	500.12	283.10	64	23	-1	16.30	16.30
Fixation R	1	69	3922705423	3923029387	323964	500.12	283.10	64	23	-1	14.10	14.10
Saccade L	1	107	3923029387	3923113420	84033	489.35	271.88	1098.84	590.50	16.24	377.04	0.29	193.24	17456.75	-8514.92	7439.59
Saccade R	1	107	3923029387	3923113420	84033	489.35	271.88	1098.84	590.50	16.24	377.04	0.29	193.24	17456.75	-8514.92	7439.59
Fixation L	1	71	3923113420	3923293401	179981	1115.18	579.47	27	37	-1	16.11	16.11
Fixation R	1	70	3923113420	3923293401	179981	1115.18	579.47	27	37	-1	14.40	14.40
Saccade L	1	108	3923293401	3923317402	24001	1120.60	560.34	1042.04	617.66	1.77	145.55	0.50	73.66	6189.33	-4416.90	4093.25
Saccade R	1	108	3923293401	3923317402	24001	1120.60	560.34	1042.04	617.66	1.77	145.55	0.50	73.66	6189.33	-4416.90	4093.25
Saccade L	1	109	3923317402	3923345310	27908	1042.04	617.66	1051.38	554.95	0.99	59.02	0.57	35.30	1349.66	-4113.37	1413.04
Saccade R	1	109	3923317402	3923345310	27908	1042.04	617.66	1051.38	554.95	0.99	59.02	0.57	35.30	1349.66	-4113.37	1413.04
Saccade L	1	110	3923345310	3923377315	32005	1051.38	554.95	1069.67	589.84	0.88	40.27	0.63	27.64	1102.51	-927.75	637.78
Saccade R	1	110	3923345310	3923377315	32005	1051.38	554.95	1069.67	589.84	0.88	40.27	0.63	27.64	1102.51	-927.75	637.78
Fixation L	1	72	3923377315	3923449397	72082	1097.06	587.81	41	36	-1	15.60	15.60
Fixation R	1	71	3923377315	3923449397	72082	1097.06	587.81	41	36	-1	13.67	13.67
Fixation L	1	73	3923521282	3923605278	83996	0.00	0.00	0	0	-1	10.79	10.79
Saccade L	1	111	3923693319	3923733269	39950	960.79	492.41	1115.83	521.79	3.46	201.68	0.60	86.63	9355.95	-9201.39	5936.41
Saccade R	1	111	3923693319	3923733269	39950	960.79	492.41	1115.83	521.79	3.46	201.68	0.60	86.63	9355.95	-9201.39	5936.41
Fixation L	1	74	3923733269	3923933279	200010	1085.95	528.82	56	20	-1	14.74	14.74
Fixation R	1	72	3923733269	3923933279	200010	1085.95	528.82	56	20	-1	13.12	13.12
Saccade L	1	112	3923933279	3923957267	23988	1065.42	516.24	1100.31	524.23	0.71	53.61	0.50	29.74	2311.48	-1706.26	1532.98
Saccade R	1	112	3923933279	3923957267	23988	1065.42	516.24	1100.31	524.23	0.71	53.61	0.50	29.74	2311.48	-1706.26	1532.98
Fixation L	1	75	3923957267	3924185288	228021	1107.62	523.44	15	18	-1	15.14	15.14
Fixation R	1	73	3923957267	3924185288	228021	1107.62	523.44	15	18	-1	13.56	13.56
Saccade L	1	113	3924185288	3924265281	79993	1102.85	519.32	481.74	232.64	15.28	313.56	0.55	191.01	14393.86	-12650.18	6576.95
Saccade R	1	113	3924185288	3924265281	79993	1102.85	519.32	481.74	232.64	15.28	313.56	0.55	191.01	14393.86	-12650.18	6576.95
Fixation L	1	76	3924265281	3924493283	228002	455.81	221.44	35	29	-1	15.25	15.25
Fixation R	1	74	3924265281	3924493283	228002	455.81	221.44	35	29	-1	13.02	13.02
Saccade L	1	114	3924493283	3924521291	28008	458.47	224.99	489.81	112.89	2.34	167.24	0.57	83.55	7822.73	-7884.90	5783.52
Saccade R	1	114	3924493283	3924521291	28008	458.47	224.99	489.81	112.89	2.34	167.24	0.57	83.55	7822.73	-7884.90	5783.52
Fixation L	1	77	3924521291	3924817280	295989	481.84	126.41	38	39	-1	15.33	15.33
Fixation R	1	75	3924521291	3924817280	295989	481.84	126.41	38	39	-1	13.30	13.30
Saccade L	1	115	3924817280	3924841296	24016	460.49	154.04	499.64	191.33	1.28	101.89	0.50	53.19	4270.89	-3528.46	2894.43
Saccade R	1	115	3924817280	3924841296	24016	460.49	154.04	499.64	191.33	1.28	101.89	0.50	53.19	4270.89	-3528.46	2894.43
Fixation L	1	78	3924841296	3925333172	491876	504.15	204.59	60	32	-1	15.85	15.85
Fixation R	1	76	3924841296	3925333172	491876	504.15	204.59	60	32	-1	13.98	13.98
Fixation L	1	79	3925413178	3925493172	79994	0.00	0.00	0	0	-1	8.51	8.46
Fixation R	1	77	3925413178	3925493172	79994	0.00	0.00	0	0	-1	6.64	6.64
Saccade L	1	116	3925565185	3925613167	47982	425.12	342.18	457.42	223.29	2.61	95.43	0.67	54.33	1934.69	-4515.03	1993.67
Saccade R	1	116	3925565185	3925613167	47982	425.12	342.18	457.42	223.29	2.61	95.43	0.67	54.33	1934.69	-4515.03	1993.67
Fixation L	1	80	3925613167	3925869182	256015	454.13	225.14	26	21	-1	16.27	16.27
Fixation R	1	78	3925613167	3925869182	256015	454.13	225.14	26	21	-1	14.26	14.26
Saccade L	1	117	3925869182	3925893183	24001	447.29	229.82	393.88	217.00	1.08	77.79	0.50	45.11	3465.62	-2972.65	2335.34
Saccade R	1	117	3925869182	3925893183	24001	447.29	229.82	393.88	217.00	1.08	77.79	0.50	45.11	3465.62	-2972.65	2335.34
Fixation L	1	81	3925893183	3926225205	332022	393.79	196.96	28	32	-1	16.42	16.42
Fixation R	1	79	3925893183	3926225205	332022	393.79	196.96	28	32	-1	14.41	14.41
Saccade L	1	118	3926225205	3926261170	35965	390.25	197.64	526.87	210.32	2.95	191.04	0.44	81.92	8383.68	-8243.80	5970.03
Saccade R	1	118	3926225205	3926261170	35965	390.25	197.64	526.87	210.32	2.95	191.04	0.44	81.92	8383.68	-8243.80	5970.03
Fixation L	1	82	3926261170	3926421083	159913	524.46	219.19	14	25	-1	16.21	16.21
Fixation R	1	80	3926261170	3926421083	159913	524.46	219.19	14	25	-1	14.24	14.24
Saccade L	1	119	3926421083	3926497059	75976	529.14	217.95	1082.01	605.16	15.30	377.32	0.26	201.41	17580.36	-10574.32	7273.55
Saccade R	1	119	3926421083	3926497059	75976	529.14	217.95	1082.01	605.16	15.30	377.32	0.26	201.41	17580.36	-10574.32	7273.55
Fixation L	1	83	3926497059	3926949072	452013	1093.69	584.56	34	75	-1	15.69	15.69
Fixation R	1	81	3926497059	3926949072	452013	1093.69	584.56	34	75	-1	14.30	14.30
Saccade L	1	120	3926949072	3926977063	27991	1081.33	531.97	932.95	544.01	3.00	231.32	0.57	107.23	10365.64	-7512.68	6387.77
Saccade R	1	120	3926949072	3926977063	27991	1081.33	531.97	932.95	544.01	3.00	231.32	0.57	107.23	10365.64	-7512.68	6387.77
Saccade L	1	121	3926977063	3927005072	28009	932.95	544.01	957.66	573.51	1.23	48.07	0.57	43.83	-635.37	-7512.68	2521.59
Saccade R	1	121	3926977063	3927005072	28009	932.95	544.01	957.66	573.51	1.23	48.07	0.57	43.83	-635.37	-7512.68	2521.59
Fixation L	1	84	3927005072	3927197076	192004	956.05	591.33	33	28	-1	15.20	15.20
Fixation R	1	82	3927005072	3927197076	192004	956.05	591.33	33	28	-1	13.18	13.18
Saccade L	1	122	3927197076	3927229066	31990	960.15	585.31	1122.94	569.88	3.24	202.57	0.50	101.34	10023.24	-8824.72	6887.71
Saccade R	1	122	3927197076	3927229066	31990	960.15	585.31	1122.94	569.88	3.24	202.57	0.50	101.34	10023.24	-8824.72	6887.71
Fixation L	1	85	3927229066	3927349095	120029	1119.77	561.94	37	18	-1	14.71	14.71
Fixation R	1	83	3927229066	3927349095	120029	1119.77	561.94	37	18	-1	13.36	13.36
Saccade L	1	123	3927349095	3927389088	39993	1127.80	560.74	1152.06	577.75	1.09	44.97	0.30	27.27	1364.65	-689.23	650.33
Saccade R	1	123	3927349095	3927389088	39993	1127.80	560.74	1152.06	577.75	1.09	44.97	0.30	27.27	1364.65	-689.23	650.33
Fixation L	1	86	3927389088	3927517066	127978	1125.18	589.73	37	37	-1	15.22	15.22
Fixation R	1	84	3927389088	3927517066	127978	1125.18	589.73	37	37	-1	13.29	13.29
Fixation L	1	87	3927609092	3927820954	211862	494.64	198.37	21	24	-1	15.59	15.59
Fixation R	1	85	3927609092	3927820954	211862	494.64	198.37	21	24	-1	13.16	13.16
Saccade L	1	124	3927820954	3927852954	32000	489.93	203.63	482.56	224.82	0.88	43.77	0.25	27.49	1867.04	-1081.72	935.07
Saccade R	1	124	3927820954	3927852954	32000	489.93	203.63	482.56	224.82	0.88	43.77	0.25	27.49	1867.04	-1081.72	935.07
Saccade L	1	125	3927868944	3927900976	32032	454.46	221.49	498.35	200.84	1.22	74.17	0.50	38.06	1652.96	-756.79	596.99
Saccade R	1	125	3927868944	3927900976	32032	454.46	221.49	498.35	200.84	1.22	74.17	0.50	38.06	1652.96	-756.79	596.99
Saccade L	1	126	3927900976	3927976945	75969	498.35	200.84	507.21	205.55	5.18	166.85	0.37	68.15	3587.15	-5156.34	2693.52
Saccade R	1	126	3927900976	3927976945	75969	498.35	200.84	507.21	205.55	5.18	166.85	0.37	68.15	3587.15	-5156.34	2693.52
Fixation L	1	88	3927976945	3928176961	200016	511.94	189.59	28	51	-1	16.02	16.02
Fixation R	1	86	3927976945	3928176961	200016	511.94	189.59	28	51	-1	13.91	13.91
Saccade L	1	127	3928176961	3928260964	84003	514.59	181.63	987.75	560.27	14.65	334.04	0.38	174.40	12424.31	-12651.57	5398.96
Saccade R	1	127	3928176961	3928260964	84003	514.59	181.63	987.75	560.27	14.65	334.04	0.38	174.40	12424.31	-12651.57	5398.96
Saccade L	1	128	3928300947	3928328968	28021	1008.86	543.92	1042.02	536.13	0.78	44.31	0.57	27.70	1634.64	-1004.10	918.40
Saccade R	1	128	3928300947	3928328968	28021	1008.86	543.92	1042.02	536.13	0.78	44.31	0.57	27.70	1634.64	-1004.10	918.40
Saccade L	1	129	3928328968	3928352973	24005	1042.02	536.13	1055.57	538.55	1.17	95.22	0.67	48.76	3434.48	119.95	1550.01
Saccade R	1	129	3928328968	3928352973	24005	1042.02	536.13	1055.57	538.55	1.17	95.22	0.67	48.76	3434.48	119.95	1550.01
Saccade L	1	130	3928352973	3928404960	51987	1055.57	538.55	1037.99	540.01	3.69	203.88	0.54	70.96	4307.07	-7585.30	2756.80
Saccade R	1	130	3928352973	3928404960	51987	1055.57	538.55	1037.99	540.01	3.69	203.88	0.54	70.96	4307.07	-7585.30	2756.80
Saccade L	1	131	3928424961	3928492965	68004	1036.87	541.78	1127.33	520.58	5.32	201.36	0.24	78.24	9117.01	-5169.96	3415.14
Saccade R	1	131	3928424961	3928492965	68004	1036.87	541.78	1127.33	520.58	5.32	201.36	0.24	78.24	9117.01	-5169.96	3415.14
Saccade L	1	132	3928540956	3928584882	43926	1156.45	547.73	1085.71	524.23	1.64	93.60	0.27	37.23	3620.28	-3059.88	1788.82
Saccade R	1	132	3928540956	3928584882	43926	1156.45	547.73	1085.71	524.23	1.64	93.60	0.27	37.23	3620.28	-3059.88	1788.82
Saccade L	1	133	3928592976	3928616869	23893	1082.05	522.42	1158.68	521.62	1.56	142.81	0.50	65.31	5501.78	-5286.87	4010.28
Saccade R	1	133	3928592976	3928616869	23893	1082.05	522.42	1158.68	521.62	1.56	142.81	0.50	65.31	5501.78	-5286.87	4010.28
Fixation L	1	89	3928616869	3928716952	100083	1142.46	484.67	30	66	-1	15.72	15.72
Fixation R	1	87	3928616869	3928716952	100083	1142.46	484.67	30	66	-1	13.99	13.99
Saccade L	1	134	3928716952	3928748964	32012	1149.11	446.05	1078.66	487.10	1.59	99.56	0.37	49.60	3663.70	-3735.58	2453.30
Saccade R	1	134	3928716952	3928748964	32012	1149.11	446.05	1078.66	487.10	1.59	99.56	0.37	49.60	3663.70	-3735.58	2453.30
Saccade L	1	135	3928748964	3928800962	51998	1078.66	487.10	983.72	561.96	3.23	200.00	0.46	62.19	7869.36	-7303.74	3700.77
Saccade R	1	135	3928748964	3928800962	51998	1078.66	487.10	983.72	561.96	3.23	200.00	0.46	62.19	7869.36	-7303.74	3700.77
Fixation L	1	90	3928800962	3929012969	212007	968.69	586.28	24	35	-1	15.65	15.65
Fixation R	1	88	3928800962	3929012969	212007	968.69	586.28	24	35	-1	13.65	13.65
Saccade L	1	136	3929012969	3929052961	39992	967.38	580.92	1058.06	561.75	2.92	206.96	0.30	72.94	8967.41	-7313.36	4573.94
Saccade R	1	136	3929012969	3929052961	39992	967.38	580.92	1058.06	561.75	2.92	206.96	0.30	72.94	8967.41	-7313.36	4573.94
Fixation L	1	91	3929052961	3929240852	187891	1072.73	573.86	31	30	-1	15.07	15.07
Fixation R	1	89	3929052961	3929240852	187891	1072.73	573.86	31	30	-1	13.38	13.38
Saccade L	1	137	3929240852	3929276875	36023	1070.13	584.36	981.40	606.33	2.99	198.46	0.44	83.13	9336.89	-7611.22	4968.86
Saccade R	1	137	3929240852	3929276875	36023	1070.13	584.36	981.40	606.33	2.99	198.46	0.44	83.13	9336.89	-7611.22	4968.86
Fixation L	1	92	3929276875	3929544853	267978	956.09	618.88	35	28	-1	14.97	14.97
Fixation R	1	90	3929276875	3929544853	267978	956.09	618.88	35	28	-1	13.17	13.17
Saccade L	1	138	3929544853	3929696843	151990	960.19	617.37	480.01	186.31	19.76	362.73	0.32	130.02	14908.96	-12262.46	4331.28
Saccade R	1	138	3929544853	3929696843	151990	960.19	617.37	480.01	186.31	19.76	362.73	0.32	130.02	14908.96	-12262.46	4331.28
Fixation L	1	93	3929696843	3929796841	99998	486.64	203.51	14	53	-1	14.59	14.59
Fixation R	1	91	3929696843	3929796841	99998	486.64	203.51	14	53	-1	12.58	12.58
Saccade L	1	139	3929796841	3929828871	32030	475.58	241.36	477.90	113.58	2.65	164.99	0.38	82.61	7256.66	-7643.14	5356.38
Saccade R	1	139	3929796841	3929828871	32030	475.58	241.36	477.90	113.58	2.65	164.99	0.38	82.61	7256.66	-7643.14	5356.38
Fixation L	1	94	3929828871	3929948848	119977	463.56	138.66	24	45	-1	14.20	14.20
Fixation R	1	92	3929828871	3929948848	119977	463.56	138.66	24	45	-1	12.53	12.53
Saccade L	1	140	3929948848	3929980847	31999	462.10	157.36	442.39	97.33	1.34	86.28	0.38	41.89	3791.34	-3645.91	2691.93
Saccade R	1	140	3929948848	3929980847	31999	462.10	157.36	442.39	97.33	1.34	86.28	0.38	41.89	3791.34	-3645.91	2691.93
Fixation L	1	95	3929980847	3930032863	52016	445.55	97.19	13	9	-1	14.44	14.44
Fixation R	1	93	3929980847	3930032863	52016	445.55	97.19	13	9	-1	12.65	12.65
Saccade L	1	141	3930032863	3930056862	23999	452.39	108.69	335.68	101.90	1.85	132.62	0.50	76.91	5977.06	-1582.05	3018.76
Saccade R	1	141	3930032863	3930056862	23999	452.39	108.69	335.68	101.90	1.85	132.62	0.50	76.91	5977.06	-1582.05	3018.76
Saccade L	1	142	3930056862	3930084869	28007	335.68	101.90	420.25	78.85	1.45	126.86	0.29	51.79	-1236.17	-4457.83	2246.38
Saccade R	1	142	3930056862	3930084869	28007	335.68	101.90	420.25	78.85	1.45	126.86	0.29	51.79	-1236.17	-4457.83	2246.38
Fixation L	1	96	3930084869	3930180861	95992	425.17	77.36	12	23	-1	14.86	14.86
Fixation R	1	94	3930084869	3930180861	95992	425.17	77.36	12	23	-1	13.01	13.01
Fixation L	1	97	3930240846	3930624735	383889	0.00	0.05	0	1	-1	13.22	13.22
Fixation R	1	95	3930240846	3930624735	383889	0.00	0.05	0	1	-1	12.35	12.35
UserEvent	1	2	3932049111	# Message: UE-mouseclick left x=454 y=396
Saccade L	1	143	3932057318	3932237681	180363	0.00	0.00	1041.22	592.74	179.87	2330.96	0.93	997.28	97289.40	-96321.71	72917.71
Saccade R	1	143	3932057318	3932237681	180363	0.00	0.00	1041.22	592.74	179.87	2330.96	0.93	997.28	97289.40	-96321.71	72917.71
Fixation L	1	98	3932237681	3932449621	211940	1065.43	601.47	54	15	-1	15.70	15.70
Fixation R	1	96	3932237681	3932449621	211940	1065.43	601.47	54	15	-1	14.49	14.49
Saccade L	1	144	3932449621	3932489640	40019	1042.73	601.07	906.41	610.25	3.94	251.89	0.30	98.41	11857.51	-10665.19	6724.99
Saccade R	1	144	3932449621	3932489640	40019	1042.73	601.07	906.41	610.25	3.94	251.89	0.30	98.41	11857.51	-10665.19	6724.99
Fixation L	1	99	3932489640	3933053660	564020	901.65	606.09	230	129	-1	15.02	15.02
Fixation R	1	97	3932489640	3933053660	564020	901.65	606.09	230	129	-1	13.58	13.58
