[BeGaze]
Converted from:	D:\Kirillov\Results\ermolova_temp\Nastya 07-eye_data.idf
Date:	17.04.2019 03:53:06
Version:	BeGaze 3.0.181
Sample Rate:	250
Subject:	Nastya 07
Description:	Run19

Table Header for Fixations:
Event Type	Trial	Number	Start	End	Duration	Location X	Location Y	Dispersion X	Dispersion Y	Plane	Avg. Pupil Size X	Avg. Pupil Size Y

Table Header for Saccades:
Event Type	Trial	Number	Start	End	Duration	Start Loc.X	Start Loc.Y	End Loc.X	End Loc.Y	Amplitude	Peak Speed	Peak Speed At	Average Speed	Peak Accel.	Peak Decel.	Average Accel.

Table Header for User Events:
Event Type	Trial	Number	Start	Description

UserEvent	1	1	6909431896	# Message: Questionnaire9.jpg
Fixation L	1	1	6909433858	6909549734	115876	836.14	693.50	41	36	-1	14.64	14.64
Fixation R	1	1	6909433858	6909549734	115876	836.14	693.50	41	36	-1	14.40	14.40
Saccade L	1	1	6909549734	6909617738	68004	812.36	693.18	999.24	350.60	8.62	317.80	0.29	126.78	15724.00	-10231.25	6729.44
Saccade R	1	1	6909549734	6909617738	68004	812.36	693.18	999.24	350.60	8.62	317.80	0.29	126.78	15724.00	-10231.25	6729.44
Fixation L	1	2	6909617738	6909733749	116011	1008.78	350.55	13	13	-1	14.53	14.53
Fixation R	1	2	6909617738	6909733749	116011	1008.78	350.55	13	13	-1	14.61	14.61
Saccade L	1	2	6909733749	6909793751	60002	1012.98	343.61	471.31	268.33	11.87	372.43	0.33	197.78	18274.59	-12533.29	9588.68
Saccade R	1	2	6909733749	6909793751	60002	1012.98	343.61	471.31	268.33	11.87	372.43	0.33	197.78	18274.59	-12533.29	9588.68
Fixation L	1	3	6909793751	6909953776	160025	469.91	281.76	14	23	-1	14.74	14.74
Fixation R	1	3	6909793751	6909953776	160025	469.91	281.76	14	23	-1	14.40	14.40
Saccade L	1	3	6909953776	6909985755	31979	471.77	290.72	364.23	290.91	2.21	146.32	0.50	69.05	6934.04	-6490.00	4828.66
Saccade R	1	3	6909953776	6909985755	31979	471.77	290.72	364.23	290.91	2.21	146.32	0.50	69.05	6934.04	-6490.00	4828.66
Fixation L	1	4	6909985755	6910189743	203988	358.16	288.00	15	8	-1	15.24	15.24
Fixation R	1	4	6909985755	6910189743	203988	358.16	288.00	15	8	-1	14.93	14.93
Saccade L	1	4	6910189743	6910217756	28013	354.00	290.43	394.41	282.23	0.85	45.13	0.43	30.20	2033.68	-1333.04	1257.05
Saccade R	1	4	6910189743	6910217756	28013	354.00	290.43	394.41	282.23	0.85	45.13	0.43	30.20	2033.68	-1333.04	1257.05
Fixation L	1	5	6910217756	6910393749	175993	399.04	275.23	19	15	-1	15.50	15.50
Fixation R	1	5	6910217756	6910393749	175993	399.04	275.23	19	15	-1	15.40	15.40
Saccade L	1	5	6910393749	6910421680	27931	403.23	266.78	342.67	252.13	1.21	77.75	0.43	43.24	3354.96	-3129.74	2466.00
Saccade R	1	5	6910393749	6910421680	27931	403.23	266.78	342.67	252.13	1.21	77.75	0.43	43.24	3354.96	-3129.74	2466.00
Fixation L	1	6	6910421680	6911401667	979987	350.87	262.14	27	51	-1	15.56	15.56
Fixation R	1	6	6910421680	6911401667	979987	350.87	262.14	27	51	-1	15.31	15.31
UserEvent	1	2	6911037265	# Message: UE-mouseclick left x=356 y=268
Saccade L	1	6	6911401667	6911437649	35982	344.17	283.20	362.40	390.19	2.31	131.63	0.33	64.16	5938.72	-5337.37	3864.18
Saccade R	1	6	6911401667	6911437649	35982	344.17	283.20	362.40	390.19	2.31	131.63	0.33	64.16	5938.72	-5337.37	3864.18
Fixation L	1	7	6911437649	6912337555	899906	382.52	390.47	52	36	-1	15.61	15.61
Fixation R	1	7	6911437649	6912337555	899906	382.52	390.47	52	36	-1	15.20	15.20
UserEvent	1	3	6912181278	# Message: UE-mouseclick left x=423 y=399
