[BeGaze]
Converted from:	D:\Kirillov\Results\ermolova_temp\Yulia 02-eye_data.idf
Date:	17.04.2019 03:53:20
Version:	BeGaze 3.0.181
Sample Rate:	250
Subject:	Yulia 02
Description:	Run23

Table Header for Fixations:
Event Type	Trial	Number	Start	End	Duration	Location X	Location Y	Dispersion X	Dispersion Y	Plane	Avg. Pupil Size X	Avg. Pupil Size Y

Table Header for Saccades:
Event Type	Trial	Number	Start	End	Duration	Start Loc.X	Start Loc.Y	End Loc.X	End Loc.Y	Amplitude	Peak Speed	Peak Speed At	Average Speed	Peak Accel.	Peak Decel.	Average Accel.

Table Header for User Events:
Event Type	Trial	Number	Start	Description

UserEvent	1	1	9626511189	# Message: Questionnaire7.jpg
Fixation L	1	1	9626511661	9626719658	207997	987.27	572.44	23	15	-1	12.06	12.06
Fixation R	1	1	9626511661	9626719658	207997	987.27	572.44	23	15	-1	12.05	12.05
Saccade L	1	1	9626719658	9626775616	55958	992.39	568.05	446.97	351.89	13.29	522.19	0.36	237.43	25891.04	-17930.30	13796.40
Saccade R	1	1	9626719658	9626775616	55958	992.39	568.05	446.97	351.89	13.29	522.19	0.36	237.43	25891.04	-17930.30	13796.40
Fixation L	1	2	9626775616	9627467549	691933	417.54	343.69	42	31	-1	12.48	12.48
Fixation R	1	2	9626775616	9627467549	691933	417.54	343.69	42	31	-1	12.41	12.41
Saccade L	1	2	9627467549	9627491576	24027	410.70	337.70	359.79	344.50	1.07	80.73	0.67	44.59	3369.20	-3737.05	2508.13
Saccade R	1	2	9627467549	9627491576	24027	410.70	337.70	359.79	344.50	1.07	80.73	0.67	44.59	3369.20	-3737.05	2508.13
Fixation L	1	3	9627491576	9629015469	1523893	370.50	340.77	34	33	-1	12.88	12.88
Fixation R	1	3	9627491576	9629015469	1523893	370.50	340.77	34	33	-1	12.74	12.74
UserEvent	1	2	9628752240	# Message: UE-mouseclick left x=371 y=310
Saccade L	1	3	9629015469	9629047470	32001	355.45	341.92	435.95	405.71	2.31	158.09	0.50	72.04	7147.01	-6487.03	4867.77
Saccade R	1	3	9629015469	9629047470	32001	355.45	341.92	435.95	405.71	2.31	158.09	0.50	72.04	7147.01	-6487.03	4867.77
Fixation L	1	4	9629047470	9629339469	291999	437.74	414.65	12	20	-1	12.71	12.71
Fixation R	1	4	9629047470	9629339469	291999	437.74	414.65	12	20	-1	12.57	12.57
Saccade L	1	4	9629339469	9629363475	24006	435.68	411.03	461.68	348.07	1.44	116.90	0.50	60.02	5520.44	-5218.01	3886.01
Saccade R	1	4	9629339469	9629363475	24006	435.68	411.03	461.68	348.07	1.44	116.90	0.50	60.02	5520.44	-5218.01	3886.01
Fixation L	1	5	9629363475	9629835356	471881	467.48	330.08	27	44	-1	12.50	12.50
Fixation R	1	5	9629363475	9629835356	471881	467.48	330.08	27	44	-1	12.38	12.38
Saccade L	1	5	9629835356	9629875349	39993	451.39	315.25	397.67	314.47	3.33	200.54	0.40	83.21	8482.72	-5592.67	4370.48
Saccade R	1	5	9629835356	9629875349	39993	451.39	315.25	397.67	314.47	3.33	200.54	0.40	83.21	8482.72	-5592.67	4370.48
Fixation L	1	6	9629875349	9629963360	88011	388.51	321.95	18	26	-1	12.23	12.23
Fixation R	1	6	9629875349	9629963360	88011	388.51	321.95	18	26	-1	12.16	12.16
Saccade L	1	6	9629963360	9629983387	20027	379.17	336.92	352.01	337.98	0.55	47.59	0.40	27.39	1686.07	-1083.50	949.09
Saccade R	1	6	9629963360	9629983387	20027	379.17	336.92	352.01	337.98	0.55	47.59	0.40	27.39	1686.07	-1083.50	949.09
UserEvent	1	3	9629992225	# Message: UE-mouseclick left x=422 y=394
Saccade L	1	7	9630047361	9630091362	44001	363.99	380.19	366.86	384.43	3.72	161.97	0.27	84.45	7479.69	-6541.70	3567.50
Saccade R	1	7	9630047361	9630091362	44001	363.99	380.19	366.86	384.43	3.72	161.97	0.27	84.45	7479.69	-6541.70	3567.50
