[BeGaze]
Converted from:	D:\Kirillov\Results\ermolova_temp\Marina-eye_data.idf
Date:	17.04.2019 03:53:28
Version:	BeGaze 3.0.181
Sample Rate:	250
Subject:	Marina
Description:	Run25

Table Header for Fixations:
Event Type	Trial	Number	Start	End	Duration	Location X	Location Y	Dispersion X	Dispersion Y	Plane	Avg. Pupil Size X	Avg. Pupil Size Y

Table Header for Saccades:
Event Type	Trial	Number	Start	End	Duration	Start Loc.X	Start Loc.Y	End Loc.X	End Loc.Y	Amplitude	Peak Speed	Peak Speed At	Average Speed	Peak Accel.	Peak Decel.	Average Accel.

Table Header for User Events:
Event Type	Trial	Number	Start	Description

UserEvent	1	1	11493011206	# Message: experiment-09.jpg
Fixation L	1	1	11493014660	11493290660	276000	386.86	374.72	45	22	-1	12.72	12.72
Fixation R	1	1	11493014660	11493290660	276000	386.86	374.72	45	22	-1	12.50	12.50
Saccade L	1	1	11493290660	11493350665	60005	377.55	382.73	694.31	582.86	8.24	284.92	0.33	137.39	13483.25	-8927.10	7335.52
Saccade R	1	1	11493290660	11493350665	60005	377.55	382.73	694.31	582.86	8.24	284.92	0.33	137.39	13483.25	-8927.10	7335.52
Fixation L	1	2	11493350665	11493474535	123870	699.35	593.18	24	20	-1	12.60	12.60
Fixation R	1	2	11493350665	11493474535	123870	699.35	593.18	24	20	-1	12.59	12.59
Saccade L	1	2	11493474535	11493498549	24014	704.47	601.84	723.60	655.44	1.06	78.51	0.50	44.01	3451.77	-3177.28	2427.08
Saccade R	1	2	11493474535	11493498549	24014	704.47	601.84	723.60	655.44	1.06	78.51	0.50	44.01	3451.77	-3177.28	2427.08
Fixation L	1	3	11493498549	11493606545	107996	731.46	655.59	11	23	-1	12.52	12.52
Fixation R	1	3	11493498549	11493606545	107996	731.46	655.59	11	23	-1	12.32	12.32
Saccade L	1	3	11493606545	11493638579	32034	738.26	666.95	776.49	691.19	0.96	42.31	0.38	29.92	1575.87	-1337.73	1075.81
Saccade R	1	3	11493606545	11493638579	32034	738.26	666.95	776.49	691.19	0.96	42.31	0.38	29.92	1575.87	-1337.73	1075.81
Fixation L	1	4	11493638579	11493734555	95976	782.87	687.05	9	13	-1	12.08	12.08
Fixation R	1	4	11493638579	11493734555	95976	782.87	687.05	9	13	-1	12.10	12.10
Saccade L	1	4	11493734555	11493794555	60000	785.33	685.87	1088.41	368.56	10.04	365.53	0.33	167.30	17537.71	-9233.47	8550.21
Saccade R	1	4	11493734555	11493794555	60000	785.33	685.87	1088.41	368.56	10.04	365.53	0.33	167.30	17537.71	-9233.47	8550.21
Fixation L	1	5	11493794555	11494082552	287997	1084.51	355.57	22	48	-1	11.69	11.69
Fixation R	1	5	11493794555	11494082552	287997	1084.51	355.57	22	48	-1	11.56	11.56
Saccade L	1	5	11494082552	11494102560	20008	1089.93	325.93	1044.96	327.67	0.92	91.33	0.60	46.22	3875.16	-3529.05	2616.70
Saccade R	1	5	11494082552	11494102560	20008	1089.93	325.93	1044.96	327.67	0.92	91.33	0.60	46.22	3875.16	-3529.05	2616.70
Fixation L	1	6	11494102560	11494374552	271992	1012.39	330.01	55	22	-1	11.50	11.50
Fixation R	1	6	11494102560	11494374552	271992	1012.39	330.01	55	22	-1	11.06	11.06
Saccade L	1	6	11494374552	11494442598	68046	1023.92	319.66	830.50	798.15	11.36	356.08	0.35	166.92	14549.78	-10565.25	7943.36
Saccade R	1	6	11494374552	11494442598	68046	1023.92	319.66	830.50	798.15	11.36	356.08	0.35	166.92	14549.78	-10565.25	7943.36
Fixation L	1	7	11494442598	11494598566	155968	824.73	812.00	19	18	-1	11.68	11.68
Fixation R	1	7	11494442598	11494598566	155968	824.73	812.00	19	18	-1	11.33	11.33
Saccade L	1	7	11494598566	11494618525	19959	816.36	814.92	799.60	859.45	0.92	77.97	0.60	46.28	3339.69	-2997.62	2265.09
Saccade R	1	7	11494598566	11494618525	19959	816.36	814.92	799.60	859.45	0.92	77.97	0.60	46.28	3339.69	-2997.62	2265.09
Fixation L	1	8	11494618525	11494946456	327931	820.55	855.77	62	45	-1	11.68	11.68
Fixation R	1	8	11494618525	11494946456	327931	820.55	855.77	62	45	-1	11.27	11.27
Saccade L	1	8	11494946456	11494986452	39996	846.59	843.12	793.70	769.52	2.04	88.42	0.60	50.98	3757.94	-3959.14	2798.07
Saccade R	1	8	11494946456	11494986452	39996	846.59	843.12	793.70	769.52	2.04	88.42	0.60	50.98	3757.94	-3959.14	2798.07
Fixation L	1	9	11494986452	11495190478	204026	796.15	768.51	18	15	-1	11.59	11.59
Fixation R	1	9	11494986452	11495190478	204026	796.15	768.51	18	15	-1	11.18	11.18
Saccade L	1	9	11495190478	11495222476	31998	800.60	766.22	844.59	734.75	1.10	56.43	0.37	34.29	2672.61	-2019.17	1695.52
Saccade R	1	9	11495190478	11495222476	31998	800.60	766.22	844.59	734.75	1.10	56.43	0.37	34.29	2672.61	-2019.17	1695.52
Fixation L	1	10	11495222476	11495410454	187978	857.09	733.99	19	13	-1	11.38	11.38
Fixation R	1	10	11495222476	11495410454	187978	857.09	733.99	19	13	-1	10.97	10.97
Saccade L	1	10	11495410454	11495462466	52012	863.06	734.82	1090.59	325.07	10.12	390.17	0.31	194.50	19177.05	-10292.76	9955.93
Saccade R	1	10	11495410454	11495462466	52012	863.06	734.82	1090.59	325.07	10.12	390.17	0.31	194.50	19177.05	-10292.76	9955.93
Fixation L	1	11	11495462466	11495954468	492002	1143.47	315.97	78	49	-1	11.18	11.18
Fixation R	1	11	11495462466	11495954468	492002	1143.47	315.97	78	49	-1	10.82	10.82
Saccade L	1	11	11495954468	11495986474	32006	1131.67	311.07	1242.99	309.67	2.27	168.28	0.50	70.79	7300.02	-7423.11	5379.21
Saccade R	1	11	11495954468	11495986474	32006	1131.67	311.07	1242.99	309.67	2.27	168.28	0.50	70.79	7300.02	-7423.11	5379.21
Fixation L	1	12	11495986474	11496566350	579876	1257.01	316.42	40	32	-1	11.26	11.26
Fixation R	1	12	11495986474	11496566350	579876	1257.01	316.42	40	32	-1	10.86	10.86
Saccade L	1	12	11496566350	11496642347	75997	1266.23	332.14	966.69	771.31	12.16	265.42	0.47	159.95	10127.50	-9468.64	5831.76
Saccade R	1	12	11496566350	11496642347	75997	1266.23	332.14	966.69	771.31	12.16	265.42	0.47	159.95	10127.50	-9468.64	5831.76
Fixation L	1	13	11496642347	11496762371	120024	973.67	787.79	21	30	-1	11.51	11.51
Fixation R	1	13	11496642347	11496762371	120024	973.67	787.79	21	30	-1	11.00	11.00
Saccade L	1	13	11496762371	11496782364	19993	962.75	794.93	955.06	761.64	0.61	49.90	0.40	30.73	2181.70	-1873.58	1494.73
Saccade R	1	13	11496762371	11496782364	19993	962.75	794.93	955.06	761.64	0.61	49.90	0.40	30.73	2181.70	-1873.58	1494.73
Fixation L	1	14	11496782364	11496962358	179994	955.26	757.54	8	15	-1	11.42	11.42
Fixation R	1	14	11496782364	11496962358	179994	955.26	757.54	8	15	-1	11.02	11.02
Saccade L	1	14	11496962358	11497034398	72040	955.48	757.18	1207.65	341.19	11.10	372.21	0.28	154.03	17101.17	-9247.79	7595.95
Saccade R	1	14	11496962358	11497034398	72040	955.48	757.18	1207.65	341.19	11.10	372.21	0.28	154.03	17101.17	-9247.79	7595.95
Fixation L	1	15	11497034398	11497890253	855855	1241.38	319.45	58	52	-1	11.18	11.18
Fixation R	1	15	11497034398	11497890253	855855	1241.38	319.45	58	52	-1	10.80	10.80
Saccade L	1	15	11497890253	11497930321	40068	1238.48	305.80	1032.70	346.37	4.49	215.57	0.30	112.02	10426.94	-9728.94	7386.37
Saccade R	1	15	11497890253	11497930321	40068	1238.48	305.80	1032.70	346.37	4.49	215.57	0.30	112.02	10426.94	-9728.94	7386.37
Saccade L	1	16	11497966283	11497990288	24005	1035.21	350.36	1090.00	341.17	1.39	119.26	0.50	58.03	5387.23	-4841.36	3732.21
Saccade R	1	16	11497966283	11497990288	24005	1035.21	350.36	1090.00	341.17	1.39	119.26	0.50	58.03	5387.23	-4841.36	3732.21
Fixation L	1	16	11497990288	11498150256	159968	1096.46	330.88	26	20	-1	11.27	11.27
Fixation R	1	16	11497990288	11498150256	159968	1096.46	330.88	26	20	-1	10.83	10.83
Saccade L	1	17	11498150256	11498222275	72019	1084.87	321.56	836.69	784.94	11.72	296.58	0.44	162.77	13000.48	-7944.42	6583.91
Saccade R	1	17	11498150256	11498222275	72019	1084.87	321.56	836.69	784.94	11.72	296.58	0.44	162.77	13000.48	-7944.42	6583.91
Fixation L	1	17	11498222275	11498342273	119998	828.01	804.22	25	43	-1	11.53	11.53
Fixation R	1	17	11498222275	11498342273	119998	828.01	804.22	25	43	-1	11.43	11.43
Saccade L	1	18	11498342273	11498366276	24003	810.24	828.69	806.13	797.09	0.68	50.11	0.50	28.42	1428.18	-1342.66	1006.67
Saccade R	1	18	11498342273	11498366276	24003	810.24	828.69	806.13	797.09	0.68	50.11	0.50	28.42	1428.18	-1342.66	1006.67
Fixation L	1	18	11498366276	11498518273	151997	807.48	771.00	21	41	-1	11.82	11.82
Fixation R	1	18	11498366276	11498518273	151997	807.48	771.00	21	41	-1	11.43	11.43
Saccade L	1	19	11498518273	11498542304	24031	795.85	782.20	712.81	776.18	1.64	130.31	0.50	68.18	5397.68	-5432.99	4073.62
Saccade R	1	19	11498518273	11498542304	24031	795.85	782.20	712.81	776.18	1.64	130.31	0.50	68.18	5397.68	-5432.99	4073.62
Fixation L	1	19	11498542304	11498718288	175984	706.36	768.66	16	28	-1	11.67	11.67
Fixation R	1	19	11498542304	11498718288	175984	706.36	768.66	16	28	-1	11.41	11.41
Saccade L	1	20	11498718288	11498798271	79983	705.13	760.49	420.68	397.52	10.79	298.01	0.25	134.95	14278.25	-8077.51	5534.12
Saccade R	1	20	11498718288	11498798271	79983	705.13	760.49	420.68	397.52	10.79	298.01	0.25	134.95	14278.25	-8077.51	5534.12
Fixation L	1	20	11498798271	11498878280	80009	408.90	362.01	18	52	-1	11.58	11.58
Fixation R	1	20	11498798271	11498878280	80009	408.90	362.01	18	52	-1	11.14	11.14
