[BeGaze]
Converted from:	D:\Kirillov\Results\ermolova_temp\Julia-eye_data.idf
Date:	17.04.2019 03:54:36
Version:	BeGaze 3.0.181
Sample Rate:	250
Subject:	Julia
Description:	Run40

Table Header for Fixations:
Event Type	Trial	Number	Start	End	Duration	Location X	Location Y	Dispersion X	Dispersion Y	Plane	Avg. Pupil Size X	Avg. Pupil Size Y

Table Header for Saccades:
Event Type	Trial	Number	Start	End	Duration	Start Loc.X	Start Loc.Y	End Loc.X	End Loc.Y	Amplitude	Peak Speed	Peak Speed At	Average Speed	Peak Accel.	Peak Decel.	Average Accel.

Table Header for User Events:
Event Type	Trial	Number	Start	Description

UserEvent	1	1	9602698217	# Message: experiment-12.jpg
Fixation L	1	1	9602699808	9603095720	395912	356.44	280.51	63	61	-1	11.78	11.78
Fixation R	1	1	9602699808	9603095720	395912	356.44	280.51	63	61	-1	11.95	11.95
Fixation L	1	2	9603155711	9603443757	288046	451.07	88.45	26	22	-1	10.75	10.75
Fixation R	1	2	9603155711	9603443757	288046	451.07	88.45	26	22	-1	10.67	10.67
Saccade L	1	1	9603443757	9603503695	59938	443.18	93.50	379.00	217.62	3.17	187.32	0.27	52.96	8021.43	-6926.53	3455.87
Saccade R	1	1	9603443757	9603503695	59938	443.18	93.50	379.00	217.62	3.17	187.32	0.27	52.96	8021.43	-6926.53	3455.87
Fixation L	1	3	9603503695	9603619761	116066	386.79	218.18	18	7	-1	10.98	10.98
Fixation R	1	3	9603503695	9603619761	116066	386.79	218.18	18	7	-1	10.92	10.92
Saccade L	1	2	9603619761	9603675705	55944	388.22	220.02	442.04	129.95	2.29	106.30	0.36	41.02	4724.44	-4333.98	2306.73
Saccade R	1	2	9603619761	9603675705	55944	388.22	220.02	442.04	129.95	2.29	106.30	0.36	41.02	4724.44	-4333.98	2306.73
Fixation L	1	4	9603675705	9604395721	720016	459.71	85.44	34	83	-1	11.46	11.46
Fixation R	1	4	9603675705	9604395721	720016	459.71	85.44	34	83	-1	11.53	11.53
Fixation L	1	5	9604467589	9604627615	160026	383.73	179.82	14	30	-1	11.73	11.73
Fixation R	1	5	9604467589	9604627615	160026	383.73	179.82	14	30	-1	11.52	11.52
Saccade L	1	3	9604627615	9604691607	63992	391.39	178.80	362.51	226.38	1.27	45.92	0.25	19.78	1968.77	-1515.43	833.90
Saccade R	1	3	9604627615	9604691607	63992	391.39	178.80	362.51	226.38	1.27	45.92	0.25	19.78	1968.77	-1515.43	833.90
Fixation L	1	6	9604691607	9605095605	403998	363.52	241.17	28	38	-1	11.93	11.93
Fixation R	1	6	9604691607	9605095605	403998	363.52	241.17	28	38	-1	11.95	11.95
Saccade L	1	4	9605095605	9605187672	92067	364.75	229.79	1011.14	442.42	16.83	560.55	0.22	182.82	26195.96	-20799.24	9994.48
Saccade R	1	4	9605095605	9605187672	92067	364.75	229.79	1011.14	442.42	16.83	560.55	0.22	182.82	26195.96	-20799.24	9994.48
Fixation L	1	7	9605187672	9605275645	87973	993.70	442.46	28	15	-1	12.08	12.08
Fixation R	1	7	9605187672	9605275645	87973	993.70	442.46	28	15	-1	12.05	12.05
Saccade L	1	5	9605275645	9605315613	39968	996.16	430.30	1092.80	446.56	2.06	129.42	0.40	51.60	5618.25	-5034.92	3310.26
Saccade R	1	5	9605275645	9605315613	39968	996.16	430.30	1092.80	446.56	2.06	129.42	0.40	51.60	5618.25	-5034.92	3310.26
Fixation L	1	8	9605315613	9605531613	216000	1084.74	431.44	32	32	-1	11.96	11.96
Fixation R	1	8	9605315613	9605531613	216000	1084.74	431.44	32	32	-1	11.94	11.94
Saccade L	1	6	9605531613	9605575615	44002	1065.63	428.08	964.67	384.71	3.00	192.27	0.36	68.20	8154.82	-6740.04	4525.54
Saccade R	1	6	9605531613	9605575615	44002	1065.63	428.08	964.67	384.71	3.00	192.27	0.36	68.20	8154.82	-6740.04	4525.54
Fixation L	1	9	9605575615	9605947503	371888	947.88	400.85	28	53	-1	11.76	11.76
Fixation R	1	9	9605575615	9605947503	371888	947.88	400.85	28	53	-1	11.85	11.85
Saccade L	1	7	9605947503	9606039503	92000	944.72	422.99	971.40	514.56	2.86	70.66	0.26	31.10	2420.76	-1119.83	898.86
Saccade R	1	7	9605947503	9606039503	92000	944.72	422.99	971.40	514.56	2.86	70.66	0.26	31.10	2420.76	-1119.83	898.86
Fixation L	1	10	9606039503	9606263511	224008	993.19	508.05	53	27	-1	11.70	11.70
Fixation R	1	10	9606039503	9606263511	224008	993.19	508.05	53	27	-1	11.78	11.78
Saccade L	1	8	9606263511	9606327531	64020	977.87	504.26	953.93	371.56	3.93	208.58	0.31	61.31	9483.04	-8959.15	3982.11
Saccade R	1	8	9606263511	9606327531	64020	977.87	504.26	953.93	371.56	3.93	208.58	0.31	61.31	9483.04	-8959.15	3982.11
Fixation L	1	11	9606327531	9606439510	111979	945.71	367.87	16	31	-1	11.83	11.83
Fixation R	1	11	9606327531	9606439510	111979	945.71	367.87	16	31	-1	11.88	11.88
Saccade L	1	9	9606439510	9606495508	55998	944.33	349.86	934.90	246.97	2.54	129.55	0.57	45.36	3824.00	-4057.46	2205.93
Saccade R	1	9	9606439510	9606495508	55998	944.33	349.86	934.90	246.97	2.54	129.55	0.57	45.36	3824.00	-4057.46	2205.93
Saccade L	1	10	9606531525	9606583513	51988	934.56	246.74	840.96	231.82	4.01	246.68	0.62	77.13	9491.46	-9739.53	5190.22
Saccade R	1	10	9606531525	9606583513	51988	934.56	246.74	840.96	231.82	4.01	246.68	0.62	77.13	9491.46	-9739.53	5190.22
Saccade L	1	11	9606611545	9606647547	36002	846.09	238.73	1023.74	312.95	4.18	285.15	0.33	116.20	13170.21	-13561.65	8932.21
Saccade R	1	11	9606611545	9606647547	36002	846.09	238.73	1023.74	312.95	4.18	285.15	0.33	116.20	13170.21	-13561.65	8932.21
Fixation L	1	12	9606647547	9606895515	247968	1026.84	317.17	47	20	-1	11.97	11.97
Fixation R	1	12	9606647547	9606895515	247968	1026.84	317.17	47	20	-1	12.02	12.02
Saccade L	1	12	9606895515	9606947550	52035	1027.20	303.76	836.01	280.50	4.43	207.45	0.38	85.21	9675.47	-8290.67	5507.56
Saccade R	1	12	9606895515	9606947550	52035	1027.20	303.76	836.01	280.50	4.43	207.45	0.38	85.21	9675.47	-8290.67	5507.56
Fixation L	1	13	9606947550	9607151543	203993	848.49	268.83	32	21	-1	11.83	11.83
Fixation R	1	13	9606947550	9607151543	203993	848.49	268.83	32	21	-1	12.18	12.18
Saccade L	1	13	9607151543	9607219554	68011	861.81	258.46	765.43	271.12	2.18	88.42	0.23	32.11	3669.52	-2316.35	1443.79
Saccade R	1	13	9607151543	9607219554	68011	861.81	258.46	765.43	271.12	2.18	88.42	0.23	32.11	3669.52	-2316.35	1443.79
Fixation L	1	14	9607219554	9607375401	155847	780.30	272.37	39	8	-1	11.77	11.77
Fixation R	1	14	9607219554	9607375401	155847	780.30	272.37	39	8	-1	12.10	12.10
Saccade L	1	14	9607375401	9607435429	60028	802.98	273.79	1119.26	336.56	7.55	434.63	0.33	125.81	19651.38	-18464.23	9522.96
Saccade R	1	14	9607375401	9607435429	60028	802.98	273.79	1119.26	336.56	7.55	434.63	0.33	125.81	19651.38	-18464.23	9522.96
Fixation L	1	15	9607435429	9607627427	191998	1122.81	342.24	20	33	-1	11.78	11.78
Fixation R	1	15	9607435429	9607627427	191998	1122.81	342.24	20	33	-1	11.86	11.86
