[BeGaze]
Converted from:	D:\Kirillov\Results\ermolova_temp\Yulia-eye_data.idf
Date:	17.04.2019 03:53:18
Version:	BeGaze 3.0.181
Sample Rate:	250
Subject:	Yulia
Description:	Run22

Table Header for Fixations:
Event Type	Trial	Number	Start	End	Duration	Location X	Location Y	Dispersion X	Dispersion Y	Plane	Avg. Pupil Size X	Avg. Pupil Size Y

Table Header for Saccades:
Event Type	Trial	Number	Start	End	Duration	Start Loc.X	Start Loc.Y	End Loc.X	End Loc.Y	Amplitude	Peak Speed	Peak Speed At	Average Speed	Peak Accel.	Peak Decel.	Average Accel.

Table Header for User Events:
Event Type	Trial	Number	Start	Description

UserEvent	1	1	9395531969	# Message: Questionnaire10.jpg
Saccade L	1	1	9395763549	9395987544	223995	0.00	0.00	495.11	313.01	79.57	1067.45	0.89	355.21	44767.48	-42736.64	26428.79
Saccade R	1	1	9395763549	9395987544	223995	0.00	0.00	495.11	313.01	79.57	1067.45	0.89	355.21	44767.48	-42736.64	26428.79
Saccade L	1	2	9396095551	9396155571	60020	477.67	323.82	520.30	372.17	1.45	45.18	0.53	24.19	1288.65	-1410.39	769.70
Saccade R	1	2	9396095551	9396155571	60020	477.67	323.82	520.30	372.17	1.45	45.18	0.53	24.19	1288.65	-1410.39	769.70
Saccade L	1	3	9396155571	9396195534	39963	520.30	372.17	486.22	348.95	1.29	77.13	0.50	32.31	2875.13	-2919.52	1658.88
Saccade R	1	3	9396155571	9396195534	39963	520.30	372.17	486.22	348.95	1.29	77.13	0.50	32.31	2875.13	-2919.52	1658.88
Saccade L	1	4	9396283544	9396307544	24000	479.99	373.90	471.30	377.72	0.64	65.77	0.33	26.79	1257.26	-1355.08	763.88
Saccade R	1	4	9396283544	9396307544	24000	479.99	373.90	471.30	377.72	0.64	65.77	0.33	26.79	1257.26	-1355.08	763.88
Saccade L	1	5	9396387544	9396419546	32002	479.21	281.16	433.55	384.23	2.37	225.69	0.25	74.15	63.43	-8934.62	3468.08
Saccade R	1	5	9396387544	9396419546	32002	479.21	281.16	433.55	384.23	2.37	225.69	0.25	74.15	63.43	-8934.62	3468.08
Saccade L	1	6	9396435564	9396487550	51986	430.54	388.83	480.32	394.76	1.18	40.07	0.38	22.75	1631.81	-1200.11	868.72
Saccade R	1	6	9396435564	9396487550	51986	430.54	388.83	480.32	394.76	1.18	40.07	0.38	22.75	1631.81	-1200.11	868.72
Fixation L	1	1	9396487550	9396567541	79991	464.53	391.75	33	32	-1	14.07	14.07
Fixation R	1	1	9396487550	9396567541	79991	464.53	391.75	33	32	-1	11.51	11.51
Saccade L	1	7	9396567541	9396591569	24028	445.69	403.55	394.64	408.09	0.85	96.94	0.67	35.38	3114.77	1189.69	2299.63
Saccade R	1	7	9396567541	9396591569	24028	445.69	403.55	394.64	408.09	0.85	96.94	0.67	35.38	3114.77	1189.69	2299.63
Saccade L	1	8	9396591569	9396631545	39976	394.64	408.09	471.82	417.28	2.92	140.61	0.60	73.13	3993.78	-5962.56	3286.72
Saccade R	1	8	9396591569	9396631545	39976	394.64	408.09	471.82	417.28	2.92	140.61	0.60	73.13	3993.78	-5962.56	3286.72
UserEvent	1	2	9396667170	# Message: UE-mouseclick left x=387 y=335
Saccade L	1	9	9396679551	9396743549	63998	473.26	428.63	427.16	350.75	2.03	79.63	0.25	31.69	3532.13	-2983.44	1462.35
Saccade R	1	9	9396679551	9396743549	63998	473.26	428.63	427.16	350.75	2.03	79.63	0.25	31.69	3532.13	-2983.44	1462.35
Fixation L	1	2	9396743549	9396903544	159995	443.20	379.18	32	61	-1	13.85	13.85
Fixation R	1	2	9396743549	9396903544	159995	443.20	379.18	32	61	-1	11.54	11.54
Saccade L	1	10	9396903544	9396939562	36018	427.01	355.88	453.41	387.09	0.87	47.93	0.33	24.26	1964.70	-1604.74	1026.69
Saccade R	1	10	9396903544	9396939562	36018	427.01	355.88	453.41	387.09	0.87	47.93	0.33	24.26	1964.70	-1604.74	1026.69
Fixation L	1	3	9396939562	9396995420	55858	458.17	385.04	7	29	-1	13.80	13.80
Fixation R	1	3	9396939562	9396995420	55858	458.17	385.04	7	29	-1	11.68	11.68
Saccade L	1	11	9396995420	9397103455	108035	460.39	356.46	426.96	365.12	5.03	131.91	0.30	46.59	4068.51	-4195.23	1566.87
Saccade R	1	11	9396995420	9397103455	108035	460.39	356.46	426.96	365.12	5.03	131.91	0.30	46.59	4068.51	-4195.23	1566.87
Fixation L	1	4	9397103455	9397383445	279990	439.20	430.79	33	108	-1	14.12	14.12
Fixation R	1	4	9397103455	9397615453	511998	335.00	348.67	871	939	-1	10.81	10.81
Saccade L	1	12	9397383445	9397439449	56004	460.88	471.76	-1.26	0.00	21.21	1102.91	0.79	378.72	25619.21	-46840.73	19168.68
Fixation L	1	5	9397439449	9397615453	176004	212.79	206.86	795	939	-1	10.05	10.05
UserEvent	1	3	9397459259	# Message: UE-mouseclick left x=401 y=384
