[BeGaze]
Converted from:	D:\Kirillov\Results\ermolova_temp\Yulia 02-eye_data.idf
Date:	17.04.2019 03:53:21
Version:	BeGaze 3.0.181
Sample Rate:	250
Subject:	Yulia 02
Description:	Run23

Table Header for Fixations:
Event Type	Trial	Number	Start	End	Duration	Location X	Location Y	Dispersion X	Dispersion Y	Plane	Avg. Pupil Size X	Avg. Pupil Size Y

Table Header for Saccades:
Event Type	Trial	Number	Start	End	Duration	Start Loc.X	Start Loc.Y	End Loc.X	End Loc.Y	Amplitude	Peak Speed	Peak Speed At	Average Speed	Peak Accel.	Peak Decel.	Average Accel.

Table Header for User Events:
Event Type	Trial	Number	Start	Description

UserEvent	1	1	9659236581	# Message: Questionnaire6.jpg
Fixation L	1	1	9659239639	9659319649	80010	589.30	509.43	11	11	-1	14.34	14.34
Fixation R	1	1	9659239639	9659319649	80010	589.30	509.43	11	11	-1	14.29	14.29
Saccade L	1	1	9659319649	9659341644	21995	579.47	509.52	525.57	526.06	0.79	62.37	0.55	36.07	1990.04	-655.86	1006.29
Saccade R	1	1	9659319649	9659341644	21995	579.47	509.52	525.57	526.06	0.79	62.37	0.55	36.07	1990.04	-655.86	1006.29
Fixation L	1	2	9659355643	9659415643	60000	579.20	523.68	15	19	-1	14.51	14.51
Fixation R	1	2	9659355643	9659415643	60000	579.20	523.68	15	19	-1	14.52	14.52
Saccade L	1	2	9659415643	9659439636	23993	579.31	538.46	565.42	477.90	1.38	126.27	0.50	57.68	4833.87	-4697.52	3468.78
Saccade R	1	2	9659415643	9659439636	23993	579.31	538.46	565.42	477.90	1.38	126.27	0.50	57.68	4833.87	-4697.52	3468.78
Saccade L	1	3	9659479636	9659523645	44009	545.39	463.18	447.99	403.59	3.90	247.97	0.46	88.57	9853.11	-9527.78	5732.30
Saccade R	1	3	9659479636	9659523645	44009	545.39	463.18	447.99	403.59	3.90	247.97	0.46	88.57	9853.11	-9527.78	5732.30
Saccade L	1	4	9659531644	9659579725	48081	442.12	400.66	404.02	389.54	2.17	97.05	0.25	45.17	3898.20	-2755.61	1810.10
Saccade R	1	4	9659531644	9659579725	48081	442.12	400.66	404.02	389.54	2.17	97.05	0.25	45.17	3898.20	-2755.61	1810.10
Saccade L	1	5	9659595647	9659615653	20006	414.65	395.19	408.38	319.78	1.28	129.83	0.60	63.80	4971.60	-4234.06	3145.07
Saccade R	1	5	9659595647	9659615653	20006	414.65	395.19	408.38	319.78	1.28	129.83	0.60	63.80	4971.60	-4234.06	3145.07
Fixation L	1	3	9659615653	9660631544	1015891	392.89	321.89	33	44	-1	12.72	12.72
Fixation R	1	3	9659615653	9660631544	1015891	392.89	321.89	33	44	-1	12.45	12.45
UserEvent	1	2	9660264867	# Message: UE-mouseclick left x=357 y=305
Saccade L	1	6	9660631544	9660663552	32008	400.24	338.56	403.79	405.82	1.36	77.04	0.38	42.57	3648.75	-3175.57	2464.48
Saccade R	1	6	9660631544	9660663552	32008	400.24	338.56	403.79	405.82	1.36	77.04	0.38	42.57	3648.75	-3175.57	2464.48
Fixation L	1	4	9660663552	9660931551	267999	407.12	417.90	11	20	-1	12.73	12.73
Fixation R	1	4	9660663552	9660931551	267999	407.12	417.90	11	20	-1	12.40	12.40
Saccade L	1	7	9660931551	9660959552	28001	400.69	428.53	406.69	331.98	1.98	150.50	0.57	70.89	6938.16	-7069.00	5174.42
Saccade R	1	7	9660931551	9660959552	28001	400.69	428.53	406.69	331.98	1.98	150.50	0.57	70.89	6938.16	-7069.00	5174.42
Fixation L	1	5	9660959552	9661203567	244015	418.52	335.32	25	33	-1	12.62	12.62
Fixation R	1	5	9660959552	9661203567	244015	418.52	335.32	25	33	-1	12.52	12.52
UserEvent	1	3	9661120908	# Message: UE-mouseclick left x=405 y=390
Saccade L	1	8	9661203567	9661231430	27863	434.13	320.59	496.31	333.17	1.26	91.08	0.43	45.07	3690.16	-1266.00	1491.23
Saccade R	1	8	9661203567	9661231430	27863	434.13	320.59	496.31	333.17	1.26	91.08	0.43	45.07	3690.16	-1266.00	1491.23
