[BeGaze]
Converted from:	D:\Kirillov\Results\ermolova_temp\Kate 02-eye_data.idf
Date:	17.04.2019 03:52:29
Version:	BeGaze 3.0.181
Sample Rate:	250
Subject:	Kate 02
Description:	Run7

Table Header for Fixations:
Event Type	Trial	Number	Start	End	Duration	Location X	Location Y	Dispersion X	Dispersion Y	Plane	Avg. Pupil Size X	Avg. Pupil Size Y

Table Header for Saccades:
Event Type	Trial	Number	Start	End	Duration	Start Loc.X	Start Loc.Y	End Loc.X	End Loc.Y	Amplitude	Peak Speed	Peak Speed At	Average Speed	Peak Accel.	Peak Decel.	Average Accel.

Table Header for User Events:
Event Type	Trial	Number	Start	Description

UserEvent	1	1	4113668628	# Message: experiment-06.jpg
Fixation L	1	1	4113742313	4113958290	215977	637.62	448.14	17	23	-1	17.54	17.54
Fixation R	1	1	4113742313	4113958290	215977	637.62	448.14	17	23	-1	17.55	17.55
Saccade L	1	1	4113958290	4114030295	72005	642.20	452.70	1026.92	558.98	9.34	351.98	0.33	129.66	16866.65	-14812.01	7835.67
Saccade R	1	1	4113958290	4114030295	72005	642.20	452.70	1026.92	558.98	9.34	351.98	0.33	129.66	16866.65	-14812.01	7835.67
Fixation L	1	2	4114030295	4114386309	356014	1048.14	516.06	37	91	-1	16.46	16.46
Fixation R	1	2	4114030295	4114386309	356014	1048.14	516.06	37	91	-1	16.91	16.91
Saccade L	1	2	4114386309	4114462289	75980	1049.38	508.52	543.55	438.77	11.56	382.23	0.26	152.20	18917.68	-15869.49	8526.07
Saccade R	1	2	4114386309	4114462289	75980	1049.38	508.52	543.55	438.77	11.56	382.23	0.26	152.20	18917.68	-15869.49	8526.07
Fixation L	1	3	4114462289	4114618323	156034	539.89	425.61	19	32	-1	15.33	15.33
Fixation R	1	3	4114462289	4114618323	156034	539.89	425.61	19	32	-1	15.29	15.29
Saccade L	1	3	4114618323	4114714256	95933	552.79	402.38	968.25	502.80	14.92	361.59	0.25	155.57	17619.45	-9867.36	6494.12
Saccade R	1	3	4114618323	4114714256	95933	552.79	402.38	968.25	502.80	14.92	361.59	0.25	155.57	17619.45	-9867.36	6494.12
Saccade L	1	4	4114714256	4114794303	80047	968.25	502.80	1089.71	540.37	3.89	183.88	0.35	48.57	6849.84	-6008.03	2662.17
Saccade R	1	4	4114714256	4114794303	80047	968.25	502.80	1089.71	540.37	3.89	183.88	0.35	48.57	6849.84	-6008.03	2662.17
Fixation L	1	4	4114794303	4114906299	111996	1062.98	527.29	39	25	-1	15.65	15.65
Fixation R	1	4	4114794303	4114906299	111996	1062.98	527.29	39	25	-1	15.96	15.96
Saccade L	1	5	4114906299	4114954233	47934	1054.79	519.09	1069.81	612.00	2.82	171.60	0.25	58.82	8265.72	-7150.27	3902.20
Saccade R	1	5	4114906299	4114954233	47934	1054.79	519.09	1069.81	612.00	2.82	171.60	0.25	58.82	8265.72	-7150.27	3902.20
Fixation L	1	5	4114954233	4115278188	323955	1067.44	604.19	23	25	-1	15.61	15.61
Fixation R	1	5	4114954233	4115278188	323955	1067.44	604.19	23	25	-1	16.31	16.31
Saccade L	1	6	4115278188	4115302199	24011	1056.63	611.31	1043.33	675.71	1.39	119.35	0.50	57.70	5286.96	-4733.28	3713.85
Saccade R	1	6	4115278188	4115302199	24011	1056.63	611.31	1043.33	675.71	1.39	119.35	0.50	57.70	5286.96	-4733.28	3713.85
Fixation L	1	6	4115302199	4115546240	244041	1035.53	696.27	13	27	-1	15.31	15.31
Fixation R	1	6	4115302199	4115546240	244041	1035.53	696.27	13	27	-1	15.86	15.86
Saccade L	1	7	4115546240	4115602175	55935	1029.03	690.88	940.91	664.79	2.16	130.50	0.21	38.70	5737.28	-5211.22	2397.30
Saccade R	1	7	4115546240	4115602175	55935	1029.03	690.88	940.91	664.79	2.16	130.50	0.21	38.70	5737.28	-5211.22	2397.30
Fixation L	1	7	4115602175	4115670188	68013	945.57	668.03	9	18	-1	15.36	15.36
Fixation R	1	7	4115602175	4115670188	68013	945.57	668.03	9	18	-1	15.81	15.81
Saccade L	1	8	4115670188	4115746175	75987	949.02	681.25	382.19	580.42	12.79	405.27	0.26	168.27	19372.57	-13286.93	8866.28
Saccade R	1	8	4115670188	4115746175	75987	949.02	681.25	382.19	580.42	12.79	405.27	0.26	168.27	19372.57	-13286.93	8866.28
Fixation L	1	8	4115746175	4115962214	216039	383.54	587.74	15	22	-1	15.60	15.60
Fixation R	1	8	4115746175	4115962214	216039	383.54	587.74	15	22	-1	15.82	15.82
Saccade L	1	9	4115962214	4116026218	64004	375.57	596.30	474.40	548.83	2.45	119.95	0.25	38.34	5649.24	-4686.48	2349.31
Saccade R	1	9	4115962214	4116026218	64004	375.57	596.30	474.40	548.83	2.45	119.95	0.25	38.34	5649.24	-4686.48	2349.31
Fixation L	1	9	4116026218	4116106107	79889	479.65	543.67	6	8	-1	15.74	15.74
Fixation R	1	9	4116026218	4116106107	79889	479.65	543.67	6	8	-1	15.82	15.82
Saccade L	1	10	4116106107	4116178190	72083	482.76	543.49	1038.78	573.97	12.69	298.39	0.50	176.01	11961.78	-12586.64	6931.28
Saccade R	1	10	4116106107	4116178190	72083	482.76	543.49	1038.78	573.97	12.69	298.39	0.50	176.01	11961.78	-12586.64	6931.28
Fixation L	1	10	4116178190	4116302208	124018	1044.77	577.69	14	12	-1	15.76	15.76
Fixation R	1	10	4116178190	4116302208	124018	1044.77	577.69	14	12	-1	16.45	16.45
Saccade L	1	11	4116302208	4116326197	23989	1052.50	573.01	1053.16	498.17	1.45	123.36	0.50	60.36	5981.50	-5399.04	3969.78
Saccade R	1	11	4116302208	4116326197	23989	1052.50	573.01	1053.16	498.17	1.45	123.36	0.50	60.36	5981.50	-5399.04	3969.78
Fixation L	1	11	4116326197	4116630061	303864	1052.56	504.49	20	19	-1	15.25	15.25
Fixation R	1	11	4116326197	4116630061	303864	1052.56	504.49	20	19	-1	15.97	15.97
Saccade L	1	12	4116630061	4116706090	76029	1063.02	495.86	619.23	512.15	9.94	362.14	0.32	130.70	17837.55	-13322.18	7769.11
Saccade R	1	12	4116630061	4116706090	76029	1063.02	495.86	619.23	512.15	9.94	362.14	0.32	130.70	17837.55	-13322.18	7769.11
Fixation L	1	12	4116706090	4116770093	64003	619.30	518.44	5	13	-1	15.06	15.06
Fixation R	1	12	4116706090	4116770093	64003	619.30	518.44	5	13	-1	15.21	15.21
Saccade L	1	13	4116770093	4116830082	59989	616.76	524.88	1025.59	618.43	9.19	347.33	0.33	153.19	16761.23	-13929.71	9144.74
Saccade R	1	13	4116770093	4116830082	59989	616.76	524.88	1025.59	618.43	9.19	347.33	0.33	153.19	16761.23	-13929.71	9144.74
Fixation L	1	13	4116830082	4116986082	156000	1042.48	640.38	22	30	-1	15.19	15.19
Fixation R	1	13	4116830082	4116986082	156000	1042.48	640.38	22	30	-1	15.84	15.84
Saccade L	1	14	4116986082	4117010081	23999	1042.80	646.08	1033.27	603.23	0.97	83.27	0.50	40.30	3469.35	-3266.93	2530.26
Saccade R	1	14	4116986082	4117010081	23999	1042.80	646.08	1033.27	603.23	0.97	83.27	0.50	40.30	3469.35	-3266.93	2530.26
Fixation L	1	14	4117126069	4117346080	220011	465.92	484.60	17	28	-1	15.75	15.75
Fixation R	1	14	4117126069	4117346080	220011	465.92	484.60	17	28	-1	15.50	15.50
Saccade L	1	15	4117346080	4117406082	60002	463.23	501.34	344.54	549.94	2.95	177.02	0.27	49.20	7691.77	-7357.76	3366.32
Saccade R	1	15	4117346080	4117406082	60002	463.23	501.34	344.54	549.94	2.95	177.02	0.27	49.20	7691.77	-7357.76	3366.32
Fixation L	1	15	4117406082	4117566077	159995	352.73	549.10	14	8	-1	15.75	15.75
Fixation R	1	15	4117406082	4117566077	159995	352.73	549.10	14	8	-1	15.74	15.74
Saccade L	1	16	4117566077	4117610016	43939	350.88	550.31	375.11	447.75	2.53	158.09	0.46	57.54	7141.55	-7117.56	4275.69
Saccade R	1	16	4117566077	4117610016	43939	350.88	550.31	375.11	447.75	2.53	158.09	0.46	57.54	7141.55	-7117.56	4275.69
Fixation L	1	16	4117610016	4117750095	140079	380.83	439.63	8	19	-1	15.89	15.89
Fixation R	1	16	4117610016	4117750095	140079	380.83	439.63	8	19	-1	16.09	16.09
Saccade L	1	17	4117750095	4117790094	39999	377.08	450.94	434.47	341.18	2.68	202.31	0.30	67.09	8562.57	-7995.15	4840.06
Saccade R	1	17	4117750095	4117790094	39999	377.08	450.94	434.47	341.18	2.68	202.31	0.30	67.09	8562.57	-7995.15	4840.06
Fixation L	1	17	4117790094	4117941960	151866	434.31	335.03	8	14	-1	15.76	15.76
Fixation R	1	17	4117790094	4117941960	151866	434.31	335.03	8	14	-1	15.97	15.97
Fixation L	1	18	4118077954	4118225952	147998	1148.10	640.06	10	35	-1	15.35	15.35
Fixation R	1	18	4118077954	4118225952	147998	1148.10	640.06	10	35	-1	16.12	16.12
Saccade L	1	18	4118225952	4118265979	40027	1147.11	629.65	1228.12	609.26	2.27	162.47	0.40	56.79	7243.87	-6357.85	4039.63
Saccade R	1	18	4118225952	4118265979	40027	1147.11	629.65	1228.12	609.26	2.27	162.47	0.40	56.79	7243.87	-6357.85	4039.63
Fixation L	1	19	4118265979	4118685965	419986	1229.76	592.45	13	39	-1	14.83	14.83
Fixation R	1	19	4118265979	4118685965	419986	1229.76	592.45	13	39	-1	15.42	15.42
Saccade L	1	19	4118685965	4118733977	48012	1225.09	584.63	1268.67	612.78	1.12	46.37	0.33	23.23	2040.79	-1377.86	1063.98
Saccade R	1	19	4118685965	4118733977	48012	1225.09	584.63	1268.67	612.78	1.12	46.37	0.33	23.23	2040.79	-1377.86	1063.98
Fixation L	1	20	4118733977	4118893996	160019	1262.52	599.94	10	22	-1	14.40	14.40
Fixation R	1	20	4118733977	4118893996	160019	1262.52	599.94	10	22	-1	15.14	15.14
Saccade L	1	20	4118893996	4118970007	76011	1264.83	597.36	417.93	317.15	20.07	488.88	0.47	264.09	22174.34	-15910.14	11325.89
Saccade R	1	20	4118893996	4118970007	76011	1264.83	597.36	417.93	317.15	20.07	488.88	0.47	264.09	22174.34	-15910.14	11325.89
Fixation L	1	21	4118970007	4119329989	359982	398.45	376.74	27	99	-1	15.20	15.20
Fixation R	1	21	4118970007	4119329989	359982	398.45	376.74	27	99	-1	15.10	15.10
Saccade L	1	21	4119329989	4119429872	99883	400.55	415.49	1210.32	663.43	19.02	397.73	0.48	190.45	19228.25	-17025.16	7141.61
Saccade R	1	21	4119329989	4119429872	99883	400.55	415.49	1210.32	663.43	19.02	397.73	0.48	190.45	19228.25	-17025.16	7141.61
Fixation L	1	22	4119429872	4119553846	123974	1219.04	651.64	15	19	-1	15.50	15.50
Fixation R	1	22	4119429872	4119553846	123974	1219.04	651.64	15	19	-1	16.23	16.23
Saccade L	1	22	4119553846	4119605845	51999	1210.20	644.28	1264.77	607.18	1.54	77.36	0.23	29.63	3355.20	-2664.49	1593.13
Saccade R	1	22	4119553846	4119605845	51999	1210.20	644.28	1264.77	607.18	1.54	77.36	0.23	29.63	3355.20	-2664.49	1593.13
Fixation L	1	23	4119605845	4119701870	96025	1263.91	605.25	12	12	-1	15.51	15.51
Fixation R	1	23	4119605845	4119701870	96025	1263.91	605.25	12	12	-1	16.35	16.35
Saccade L	1	23	4119701870	4119725862	23992	1258.64	600.35	1274.00	567.82	0.75	64.66	0.50	31.17	2707.58	-2387.84	1854.79
Saccade R	1	23	4119701870	4119725862	23992	1258.64	600.35	1274.00	567.82	0.75	64.66	0.50	31.17	2707.58	-2387.84	1854.79
Fixation L	1	24	4119725862	4119929856	203994	1289.26	556.04	35	22	-1	15.07	15.07
Fixation R	1	24	4119725862	4119929856	203994	1289.26	556.04	35	22	-1	15.68	15.68
Saccade L	1	24	4119929856	4119977852	47996	1287.59	549.21	1242.64	531.09	1.46	88.25	0.33	30.33	4220.69	-3386.70	1879.26
Saccade R	1	24	4119929856	4119977852	47996	1287.59	549.21	1242.64	531.09	1.46	88.25	0.33	30.33	4220.69	-3386.70	1879.26
Fixation L	1	25	4119977852	4120137892	160040	1247.91	518.27	9	27	-1	15.07	15.07
Fixation R	1	25	4119977852	4120137892	160040	1247.91	518.27	9	27	-1	15.38	15.38
Saccade L	1	25	4120137892	4120165853	27961	1241.79	511.11	1113.58	497.15	2.61	211.35	0.43	93.34	9520.91	-9349.84	7009.48
Saccade R	1	25	4120137892	4120165853	27961	1241.79	511.11	1113.58	497.15	2.61	211.35	0.43	93.34	9520.91	-9349.84	7009.48
Fixation L	1	26	4120165853	4120393891	228038	1109.74	508.17	22	39	-1	15.13	15.13
Fixation R	1	26	4120165853	4120393891	228038	1109.74	508.17	22	39	-1	15.58	15.58
Saccade L	1	26	4120393891	4120449864	55973	1105.47	529.82	1109.25	605.81	1.89	113.71	0.28	33.82	4637.04	-4227.49	1987.59
Saccade R	1	26	4120393891	4120449864	55973	1105.47	529.82	1109.25	605.81	1.89	113.71	0.28	33.82	4637.04	-4227.49	1987.59
Fixation L	1	27	4120449864	4120705864	256000	1124.33	594.92	28	23	-1	15.39	15.39
Fixation R	1	27	4120449864	4120705864	256000	1124.33	594.92	28	23	-1	15.88	15.88
Saccade L	1	27	4120705864	4120769748	63884	1136.95	594.00	437.95	481.01	15.56	464.87	0.31	243.61	22666.43	-14567.22	11395.89
Saccade R	1	27	4120705864	4120769748	63884	1136.95	594.00	437.95	481.01	15.56	464.87	0.31	243.61	22666.43	-14567.22	11395.89
Fixation L	1	28	4120769748	4121009739	239991	431.04	474.04	10	14	-1	15.77	15.77
Fixation R	1	28	4120769748	4121009739	239991	431.04	474.04	10	14	-1	15.80	15.80
Saccade L	1	28	4121009739	4121041749	32010	434.90	467.47	378.78	566.62	2.50	182.32	0.50	77.99	8109.34	-7694.61	5762.01
Saccade R	1	28	4121009739	4121041749	32010	434.90	467.47	378.78	566.62	2.50	182.32	0.50	77.99	8109.34	-7694.61	5762.01
Fixation L	1	29	4121041749	4121161788	120039	359.51	562.00	25	8	-1	15.78	15.78
Fixation R	1	29	4121041749	4121161788	120039	359.51	562.00	25	8	-1	15.75	15.75
Saccade L	1	29	4121161788	4121249750	87962	358.14	567.29	1099.25	545.73	16.61	395.15	0.41	188.88	19145.24	-16227.92	8073.15
Saccade R	1	29	4121161788	4121249750	87962	358.14	567.29	1099.25	545.73	16.61	395.15	0.41	188.88	19145.24	-16227.92	8073.15
Fixation L	1	30	4121249750	4121385684	135934	1097.54	550.19	18	16	-1	15.85	15.85
Fixation R	1	30	4121249750	4121385684	135934	1097.54	550.19	18	16	-1	16.50	16.50
Saccade L	1	30	4121385684	4121433751	48067	1102.06	548.65	1115.98	611.15	1.41	84.55	0.25	29.26	3475.22	-3434.01	1621.73
Saccade R	1	30	4121385684	4121433751	48067	1102.06	548.65	1115.98	611.15	1.41	84.55	0.25	29.26	3475.22	-3434.01	1621.73
Fixation L	1	31	4121433751	4121521763	88012	1115.89	610.92	6	9	-1	15.90	15.90
Fixation R	1	31	4121433751	4121521763	88012	1115.89	610.92	6	9	-1	16.55	16.55
Saccade L	1	31	4121521763	4121545674	23911	1119.30	603.42	1085.28	597.56	0.76	63.47	0.50	31.66	2477.28	-2098.22	1709.38
Saccade R	1	31	4121521763	4121545674	23911	1119.30	603.42	1085.28	597.56	0.76	63.47	0.50	31.66	2477.28	-2098.22	1709.38
Fixation L	1	32	4121545674	4121845755	300081	1062.87	599.25	28	11	-1	15.57	15.57
Fixation R	1	32	4121545674	4121845755	300081	1062.87	599.25	28	11	-1	16.00	16.00
Saccade L	1	32	4121845755	4121885752	39997	1063.99	603.00	1049.52	531.90	1.90	132.68	0.40	47.38	5906.72	-5448.81	3367.77
Saccade R	1	32	4121845755	4121885752	39997	1063.99	603.00	1049.52	531.90	1.90	132.68	0.40	47.38	5906.72	-5448.81	3367.77
Fixation L	1	33	4121885752	4122165634	279882	1056.15	504.68	16	39	-1	15.41	15.41
Fixation R	1	33	4121885752	4122165634	279882	1056.15	504.68	16	39	-1	16.01	16.01
Saccade L	1	33	4122165634	4122221629	55995	1055.65	498.68	1172.70	525.17	2.99	180.87	0.29	53.40	8205.82	-7707.27	3613.59
Saccade R	1	33	4122165634	4122221629	55995	1055.65	498.68	1172.70	525.17	2.99	180.87	0.29	53.40	8205.82	-7707.27	3613.59
Fixation L	1	34	4122221629	4122361635	140006	1168.05	528.55	15	9	-1	15.29	15.29
Fixation R	1	34	4122221629	4122361635	140006	1168.05	528.55	15	9	-1	16.09	16.09
Saccade L	1	34	4122361635	4122401643	40008	1170.10	530.40	1236.11	534.66	1.77	120.61	0.40	44.36	5136.65	-4763.59	2995.90
Saccade R	1	34	4122361635	4122401643	40008	1170.10	530.40	1236.11	534.66	1.77	120.61	0.40	44.36	5136.65	-4763.59	2995.90
Fixation L	1	35	4122401643	4122565672	164029	1236.68	552.31	7	31	-1	15.29	15.29
Fixation R	1	35	4122401643	4122565672	164029	1236.68	552.31	7	31	-1	16.08	16.08
Saccade L	1	35	4122565672	4122657669	91997	1234.69	566.46	543.24	321.07	16.65	479.20	0.22	180.96	22991.81	-14800.45	8724.98
Saccade R	1	35	4122565672	4122657669	91997	1234.69	566.46	543.24	321.07	16.65	479.20	0.22	180.96	22991.81	-14800.45	8724.98
Fixation L	1	36	4122657669	4122925673	268004	533.76	337.58	14	25	-1	15.31	15.31
Fixation R	1	36	4122657669	4122925673	268004	533.76	337.58	14	25	-1	15.36	15.36
Saccade L	1	36	4122925673	4123017669	91996	539.48	334.77	1007.99	692.46	13.67	459.08	0.22	148.63	21392.02	-11669.77	7632.18
Saccade R	1	36	4122925673	4123017669	91996	539.48	334.77	1007.99	692.46	13.67	459.08	0.22	148.63	21392.02	-11669.77	7632.18
Fixation L	1	37	4123017669	4123157672	140003	1012.86	699.23	10	12	-1	15.31	15.31
Fixation R	1	37	4123017669	4123157672	140003	1012.86	699.23	10	12	-1	15.96	15.96
Saccade L	1	37	4123157672	4123181656	23984	1007.19	699.91	1067.56	706.92	1.25	107.78	0.67	51.99	4837.97	-4721.48	3334.20
Saccade R	1	37	4123157672	4123181656	23984	1007.19	699.91	1067.56	706.92	1.25	107.78	0.67	51.99	4837.97	-4721.48	3334.20
Fixation L	1	38	4123181656	4123333659	152003	1079.89	698.10	31	19	-1	15.59	15.59
Fixation R	1	38	4123181656	4123333659	152003	1079.89	698.10	31	19	-1	16.17	16.17
Saccade L	1	38	4123333659	4123361644	27985	1088.88	689.17	1185.18	695.88	1.95	162.33	0.43	69.58	7786.52	-7018.94	5381.20
Saccade R	1	38	4123333659	4123361644	27985	1088.88	689.17	1185.18	695.88	1.95	162.33	0.43	69.58	7786.52	-7018.94	5381.20
Fixation L	1	39	4123361644	4123513649	152005	1196.19	699.58	29	11	-1	15.18	15.18
Fixation R	1	39	4123361644	4123513649	152005	1196.19	699.58	29	11	-1	15.68	15.68
Saccade L	1	39	4123513649	4123537669	24020	1193.00	694.96	1157.47	684.93	0.82	67.63	0.50	34.25	3057.00	-2440.67	2049.30
Saccade R	1	39	4123513649	4123537669	24020	1193.00	694.96	1157.47	684.93	0.82	67.63	0.50	34.25	3057.00	-2440.67	2049.30
Fixation L	1	40	4123537669	4123681539	143870	1140.09	700.81	26	38	-1	15.21	15.21
Fixation R	1	40	4123537669	4123681539	143870	1140.09	700.81	26	38	-1	15.77	15.77
Saccade L	1	40	4123681539	4123733518	51979	1139.59	724.07	1053.89	696.01	2.46	166.72	0.31	47.34	6980.85	-6206.29	3185.83
Saccade R	1	40	4123681539	4123733518	51979	1139.59	724.07	1053.89	696.01	2.46	166.72	0.31	47.34	6980.85	-6206.29	3185.83
Fixation L	1	41	4123733518	4123861522	128004	882.17	589.10	1251	856	-1	14.42	14.42
Fixation R	1	41	4123733518	4123809542	76024	1051.45	695.97	8	4	-1	15.72	15.72
Saccade L	1	41	4123861522	4123973536	112014	0.00	0.00	387.94	607.23	39.11	1840.95	0.25	349.14	50156.90	-58448.13	14257.02
Fixation L	1	42	4123973536	4124153553	180017	385.84	614.73	19	19	-1	15.56	15.56
Fixation R	1	42	4123973536	4124153553	180017	385.84	614.73	19	19	-1	15.73	15.73
Fixation L	1	43	4124233540	4124293540	60000	668.02	576.56	8	5	-1	15.71	15.71
Fixation R	1	43	4124233540	4124293540	60000	668.02	576.56	8	5	-1	16.39	16.39
Saccade L	1	42	4124293540	4124357465	63925	667.64	574.90	1033.36	648.59	8.37	345.46	0.31	131.00	15658.71	-11780.82	7856.28
Saccade R	1	41	4124293540	4124357465	63925	667.64	574.90	1033.36	648.59	8.37	345.46	0.31	131.00	15658.71	-11780.82	7856.28
Fixation L	1	44	4124357465	4124501465	144000	1042.21	653.39	17	19	-1	15.92	15.92
Fixation R	1	44	4124357465	4124501465	144000	1042.21	653.39	17	19	-1	16.55	16.55
Saccade L	1	43	4124501465	4124541529	40064	1043.13	643.80	1150.65	691.35	2.98	212.39	0.40	74.38	9295.66	-8902.29	5521.02
Saccade R	1	42	4124501465	4124541529	40064	1043.13	643.80	1150.65	691.35	2.98	212.39	0.40	74.38	9295.66	-8902.29	5521.02
Fixation L	1	45	4124541529	4124697550	156021	1149.31	712.00	14	28	-1	15.65	15.65
Fixation R	1	45	4124541529	4124697550	156021	1149.31	712.00	14	28	-1	16.21	16.21
Saccade L	1	44	4124697550	4124781542	83992	1147.60	719.44	539.88	491.20	14.37	406.42	0.29	171.15	19861.68	-14687.40	8339.41
Saccade R	1	43	4124697550	4124781542	83992	1147.60	719.44	539.88	491.20	14.37	406.42	0.29	171.15	19861.68	-14687.40	8339.41
Fixation L	1	46	4124781542	4124913540	131998	529.59	496.73	18	18	-1	15.04	15.04
Fixation R	1	46	4124781542	4124913540	131998	529.59	496.73	18	18	-1	15.36	15.36
Saccade L	1	45	4124913540	4124949461	35921	534.06	502.27	379.32	462.93	3.34	217.06	0.45	93.04	10293.94	-10171.31	7125.05
Saccade R	1	44	4124913540	4124949461	35921	534.06	502.27	379.32	462.93	3.34	217.06	0.45	93.04	10293.94	-10171.31	7125.05
Fixation L	1	47	4124949461	4125393453	443992	367.51	459.32	40	26	-1	15.23	15.23
Fixation R	1	47	4124949461	4125393453	443992	367.51	459.32	40	26	-1	15.32	15.32
Saccade L	1	46	4125393453	4125425414	31961	351.75	468.46	356.27	616.79	3.05	228.79	0.50	95.36	10231.60	-9965.26	7332.28
Saccade R	1	45	4125393453	4125425414	31961	351.75	468.46	356.27	616.79	3.05	228.79	0.50	95.36	10231.60	-9965.26	7332.28
Fixation L	1	48	4125425414	4125517434	92020	362.04	613.97	9	11	-1	16.16	16.16
Fixation R	1	48	4125425414	4125517434	92020	362.04	613.97	9	11	-1	16.36	16.36
Saccade L	1	47	4125517434	4125613435	96001	360.96	618.23	1097.01	691.02	16.90	417.68	0.21	175.99	20064.89	-15212.87	7169.81
Saccade R	1	46	4125517434	4125613435	96001	360.96	618.23	1097.01	691.02	16.90	417.68	0.21	175.99	20064.89	-15212.87	7169.81
Fixation L	1	49	4125613435	4125749434	135999	1106.15	689.15	17	11	-1	15.93	15.93
Fixation R	1	49	4125613435	4125749434	135999	1106.15	689.15	17	11	-1	16.61	16.61
Saccade L	1	48	4125749434	4125809419	59985	1115.37	682.50	1069.24	609.79	1.99	109.26	0.27	33.17	4980.34	-4419.14	1985.74
Saccade R	1	47	4125749434	4125809419	59985	1115.37	682.50	1069.24	609.79	1.99	109.26	0.27	33.17	4980.34	-4419.14	1985.74
Fixation L	1	50	4125809419	4125873430	64011	1070.32	606.05	2	7	-1	15.37	15.37
Fixation R	1	50	4125809419	4125873430	64011	1070.32	606.05	2	7	-1	16.19	16.19
Saccade L	1	49	4125873430	4125929437	56007	1069.82	599.22	1144.95	573.43	2.06	119.75	0.64	36.77	4900.32	-5407.78	2384.00
Saccade R	1	48	4125873430	4125929437	56007	1069.82	599.22	1144.95	573.43	2.06	119.75	0.64	36.77	4900.32	-5407.78	2384.00
Fixation L	1	51	4125929437	4126157439	228002	1144.05	592.30	17	27	-1	14.91	14.91
Fixation R	1	51	4125929437	4126157439	228002	1144.05	592.30	17	27	-1	15.42	15.42
Saccade L	1	50	4126157439	4126213451	56012	1139.60	594.98	1126.84	506.49	2.66	163.64	0.64	47.51	7256.87	-7616.25	3496.58
Saccade R	1	49	4126157439	4126213451	56012	1139.60	594.98	1126.84	506.49	2.66	163.64	0.64	47.51	7256.87	-7616.25	3496.58
Fixation L	1	52	4126213451	4126525338	311887	1128.80	518.96	18	25	-1	14.59	14.59
Fixation R	1	52	4126213451	4126525338	311887	1128.80	518.96	18	25	-1	15.05	15.05
Saccade L	1	51	4126525338	4126593332	67994	1138.21	523.57	415.03	417.27	16.59	413.03	0.29	244.06	19827.19	-14837.34	9929.81
Saccade R	1	50	4126525338	4126593332	67994	1138.21	523.57	415.03	417.27	16.59	413.03	0.29	244.06	19827.19	-14837.34	9929.81
Fixation L	1	53	4126593332	4126805315	211983	405.00	449.40	14	41	-1	14.84	14.84
Fixation R	1	53	4126593332	4126805315	211983	405.00	449.40	14	41	-1	14.84	14.84
Saccade L	1	52	4126805315	4126829325	24010	405.07	452.55	349.78	470.82	1.11	93.92	0.50	46.25	4273.29	-3603.21	2918.06
Saccade R	1	51	4126805315	4126829325	24010	405.07	452.55	349.78	470.82	1.11	93.92	0.50	46.25	4273.29	-3603.21	2918.06
Fixation L	1	54	4126829325	4127017317	187992	348.22	492.82	16	37	-1	15.09	15.09
Fixation R	1	54	4126829325	4127017317	187992	348.22	492.82	16	37	-1	15.07	15.07
Saccade L	1	53	4127017317	4127113314	95997	348.96	507.86	1049.70	600.55	16.19	426.95	0.25	168.67	20765.44	-14497.55	7840.40
Saccade R	1	52	4127017317	4127113314	95997	348.96	507.86	1049.70	600.55	16.19	426.95	0.25	168.67	20765.44	-14497.55	7840.40
Fixation L	1	55	4127113314	4127233343	120029	1058.88	598.77	17	10	-1	15.49	15.49
Fixation R	1	55	4127113314	4127233343	120029	1058.88	598.77	17	10	-1	16.14	16.14
Saccade L	1	54	4127233343	4127285246	51903	1064.52	592.02	1121.95	663.21	2.24	132.86	0.31	43.19	5889.67	-5199.57	2748.78
Saccade R	1	53	4127233343	4127285246	51903	1064.52	592.02	1121.95	663.21	2.24	132.86	0.31	43.19	5889.67	-5199.57	2748.78
Fixation L	1	56	4127285246	4127401315	116069	1124.37	650.12	9	26	-1	15.55	15.55
Fixation R	1	56	4127285246	4127401315	116069	1124.37	650.12	9	26	-1	15.97	15.97
Saccade L	1	55	4127401315	4127433333	32018	1129.59	637.17	1151.37	602.63	1.22	86.55	0.37	37.98	3608.42	-2926.83	1901.57
Saccade R	1	54	4127401315	4127433333	32018	1129.59	637.17	1151.37	602.63	1.22	86.55	0.37	37.98	3608.42	-2926.83	1901.57
Fixation L	1	57	4127433333	4127541342	108009	1149.73	580.71	15	29	-1	15.01	15.01
Fixation R	1	57	4127433333	4127541342	108009	1149.73	580.71	15	29	-1	15.55	15.55
Saccade L	1	56	4127541342	4127569320	27978	1139.11	577.93	1135.66	476.62	2.07	162.11	0.57	73.91	7535.26	-7547.72	5519.26
Saccade R	1	55	4127541342	4127569320	27978	1139.11	577.93	1135.66	476.62	2.07	162.11	0.57	73.91	7535.26	-7547.72	5519.26
Fixation L	1	58	4127569320	4127973251	403931	1135.33	512.68	17	54	-1	14.72	14.72
Fixation R	1	58	4127569320	4127973251	403931	1135.33	512.68	17	54	-1	15.34	15.34
Saccade L	1	57	4127973251	4128009224	35973	1132.57	530.17	1212.69	533.51	2.00	141.86	0.33	55.55	6735.34	-6108.32	4003.56
Saccade R	1	56	4127973251	4128009224	35973	1132.57	530.17	1212.69	533.51	2.00	141.86	0.33	55.55	6735.34	-6108.32	4003.56
Saccade L	1	58	4128017226	4128057210	39984	1213.69	533.84	1066.22	526.34	3.70	247.95	0.40	92.64	11663.72	-10517.53	6762.27
Saccade R	1	57	4128017226	4128057210	39984	1213.69	533.84	1066.22	526.34	3.70	247.95	0.40	92.64	11663.72	-10517.53	6762.27
Fixation L	1	59	4128057210	4128213218	156008	1058.79	518.69	16	20	-1	15.02	15.02
Fixation R	1	59	4128057210	4128213218	156008	1058.79	518.69	16	20	-1	15.65	15.65
Saccade L	1	59	4128213218	4128305217	91999	1063.67	507.86	397.57	316.58	15.66	452.63	0.26	170.21	21812.32	-16092.63	8266.67
Saccade R	1	58	4128213218	4128305217	91999	1063.67	507.86	397.57	316.58	15.66	452.63	0.26	170.21	21812.32	-16092.63	8266.67
Fixation L	1	60	4128305217	4128569208	263991	381.53	325.51	24	41	-1	15.28	15.28
Fixation R	1	60	4128305217	4128569208	263991	381.53	325.51	24	41	-1	15.21	15.21
Saccade L	1	60	4128569208	4128609204	39996	378.86	347.68	353.95	378.30	0.90	49.76	0.50	22.59	1937.76	-1440.96	990.62
Saccade R	1	59	4128569208	4128609204	39996	378.86	347.68	353.95	378.30	0.90	49.76	0.50	22.59	1937.76	-1440.96	990.62
Fixation L	1	61	4128609204	4128669230	60026	350.62	382.93	7	11	-1	15.33	15.33
Fixation R	1	61	4128609204	4128669230	60026	350.62	382.93	7	11	-1	15.38	15.38
Saccade L	1	61	4128669230	4128745238	76008	349.84	388.52	1168.50	563.86	18.59	446.41	0.32	244.56	20920.86	-13448.73	9721.00
Saccade R	1	60	4128669230	4128745238	76008	349.84	388.52	1168.50	563.86	18.59	446.41	0.32	244.56	20920.86	-13448.73	9721.00
Fixation L	1	62	4128745238	4128849227	103989	1174.30	568.68	13	8	-1	15.48	15.48
Fixation R	1	62	4128745238	4128849227	103989	1174.30	568.68	13	8	-1	16.21	16.21
Saccade L	1	62	4128849227	4128905214	55987	1168.15	564.40	1178.51	537.04	3.03	155.64	0.79	54.13	5856.99	-5588.63	3070.96
Saccade R	1	61	4128849227	4128905214	55987	1168.15	564.40	1178.51	537.04	3.03	155.64	0.79	54.13	5856.99	-5588.63	3070.96
Fixation L	1	63	4128905214	4129073230	168016	1163.44	535.07	26	20	-1	15.15	15.15
Fixation R	1	63	4128905214	4129073230	168016	1163.44	535.07	26	20	-1	15.83	15.83
Saccade L	1	63	4129073230	4129101235	28005	1157.24	544.53	1240.23	537.64	1.75	146.09	0.43	62.31	6562.49	-6190.86	4652.97
Saccade R	1	62	4129073230	4129101235	28005	1157.24	544.53	1240.23	537.64	1.75	146.09	0.43	62.31	6562.49	-6190.86	4652.97
Fixation L	1	64	4129101235	4129273088	171853	1254.82	530.72	33	35	-1	14.43	14.43
Fixation R	1	64	4129101235	4129273088	171853	1254.82	530.72	33	35	-1	15.22	15.22
Saccade L	1	64	4129273088	4129365104	92016	1263.30	505.13	434.28	263.49	19.45	515.98	0.26	211.36	24695.90	-17696.05	9609.94
Saccade R	1	63	4129273088	4129365104	92016	1263.30	505.13	434.28	263.49	19.45	515.98	0.26	211.36	24695.90	-17696.05	9609.94
Fixation L	1	65	4129365104	4129533102	167998	446.42	275.99	19	28	-1	14.87	14.87
Fixation R	1	65	4129365104	4129533102	167998	446.42	275.99	19	28	-1	14.80	14.80
Saccade L	1	65	4129533102	4129557144	24042	446.53	286.61	402.72	297.43	0.99	85.27	0.50	41.13	3987.75	-3302.46	2712.78
Saccade R	1	64	4129533102	4129557144	24042	446.53	286.61	402.72	297.43	0.99	85.27	0.50	41.13	3987.75	-3302.46	2712.78
Fixation L	1	66	4129557144	4129737124	179980	398.11	311.22	14	40	-1	14.86	14.86
Fixation R	1	66	4129557144	4129737124	179980	398.11	311.22	14	40	-1	14.87	14.87
Fixation L	1	67	4129801098	4130013124	212026	357.24	388.04	22	26	-1	15.61	15.61
Fixation R	1	67	4129801098	4130013124	212026	357.24	388.04	22	26	-1	15.60	15.60
Saccade L	1	66	4130013124	4130065102	51978	371.60	394.38	443.76	419.53	1.93	116.46	0.31	37.21	4969.62	-4504.16	2416.94
Saccade R	1	65	4130013124	4130065102	51978	371.60	394.38	443.76	419.53	1.93	116.46	0.31	37.21	4969.62	-4504.16	2416.94
Fixation L	1	68	4130065102	4130145129	80027	443.07	417.77	3	12	-1	16.14	16.14
Fixation R	1	68	4130065102	4130145129	80027	443.07	417.77	3	12	-1	16.15	16.15
Saccade L	1	67	4130145129	4130217097	71968	442.24	412.57	1009.82	511.61	12.81	406.91	0.33	178.01	19123.88	-16840.87	8994.48
Saccade R	1	66	4130145129	4130217097	71968	442.24	412.57	1009.82	511.61	12.81	406.91	0.33	178.01	19123.88	-16840.87	8994.48
Fixation L	1	69	4130217097	4130485065	267968	1021.66	529.67	22	30	-1	16.09	16.09
Fixation R	1	69	4130217097	4130485065	267968	1021.66	529.67	22	30	-1	16.42	16.42
Saccade L	1	68	4130485065	4130553116	68051	1024.29	534.48	1060.46	640.56	2.72	131.10	0.29	40.01	5779.22	-5636.37	2534.94
Saccade R	1	67	4130485065	4130553116	68051	1024.29	534.48	1060.46	640.56	2.72	131.10	0.29	40.01	5779.22	-5636.37	2534.94
Fixation L	1	70	4130553116	4130709029	155913	1061.45	633.44	4	14	-1	15.74	15.74
Fixation R	1	70	4130553116	4130709029	155913	1061.45	633.44	4	14	-1	16.10	16.10
Fixation L	1	71	4130788987	4131400993	612006	0.00	0.00	0	0	-1	10.94	10.94
Fixation R	1	71	4130788987	4131400993	612006	0.00	0.00	0	0	-1	13.52	13.52
