[BeGaze]
Converted from:	D:\Kirillov\Results\ermolova_temp\Natalia-eye_data.idf
Date:	17.04.2019 03:53:10
Version:	BeGaze 3.0.181
Sample Rate:	250
Subject:	Natalia
Description:	Run20

Table Header for Fixations:
Event Type	Trial	Number	Start	End	Duration	Location X	Location Y	Dispersion X	Dispersion Y	Plane	Avg. Pupil Size X	Avg. Pupil Size Y

Table Header for Saccades:
Event Type	Trial	Number	Start	End	Duration	Start Loc.X	Start Loc.Y	End Loc.X	End Loc.Y	Amplitude	Peak Speed	Peak Speed At	Average Speed	Peak Accel.	Peak Decel.	Average Accel.

Table Header for User Events:
Event Type	Trial	Number	Start	Description

UserEvent	1	1	7335825438	# Message: experiment-16.jpg
Fixation L	1	1	7335893140	7336113012	219872	449.06	430.33	21	24	-1	14.46	14.46
Fixation R	1	1	7335893140	7336113012	219872	449.06	430.33	21	24	-1	15.06	15.06
Fixation L	1	2	7336193021	7336325012	131991	936.69	454.31	16	14	-1	12.88	12.88
Fixation R	1	2	7336193021	7336325012	131991	936.69	454.31	16	14	-1	13.68	13.68
Saccade L	1	1	7336325012	7336353001	27989	943.18	464.74	1059.53	466.02	2.26	164.42	0.43	80.89	7540.13	-7084.63	5491.33
Saccade R	1	1	7336325012	7336353001	27989	943.18	464.74	1059.53	466.02	2.26	164.42	0.43	80.89	7540.13	-7084.63	5491.33
Fixation L	1	3	7336353001	7336597025	244024	1059.05	464.95	28	14	-1	11.20	11.20
Fixation R	1	3	7336353001	7336597025	244024	1059.05	464.95	28	14	-1	11.92	11.92
Saccade L	1	2	7336597025	7336628924	31899	1068.49	463.19	927.74	587.32	3.95	278.15	0.50	123.82	13404.29	-13067.91	9465.51
Saccade R	1	2	7336597025	7336628924	31899	1068.49	463.19	927.74	587.32	3.95	278.15	0.50	123.82	13404.29	-13067.91	9465.51
Fixation L	1	4	7336628924	7336837024	208100	917.37	590.62	26	27	-1	10.60	10.60
Fixation R	1	4	7336628924	7336837024	208100	917.37	590.62	26	27	-1	11.03	11.03
Saccade L	1	3	7336837024	7336880997	43973	931.97	606.64	1184.90	627.39	5.84	347.11	0.27	132.90	17059.51	-15403.55	9342.27
Saccade R	1	3	7336837024	7336880997	43973	931.97	606.64	1184.90	627.39	5.84	347.11	0.27	132.90	17059.51	-15403.55	9342.27
Fixation L	1	5	7336880997	7337440901	559904	1200.52	635.30	24	28	-1	11.21	11.21
Fixation R	1	5	7336880997	7337440901	559904	1200.52	635.30	24	28	-1	11.82	11.82
Fixation R	1	6	7337516905	7337600915	84010	0.00	-0.17	0	0	-1	14.20	14.20
Fixation L	1	6	7337700931	7338068931	368000	449.83	383.78	24	33	-1	11.84	11.84
Fixation R	1	7	7337700931	7338068931	368000	449.83	383.78	24	33	-1	11.90	11.90
Saccade L	1	4	7338068931	7338108910	39979	448.81	401.47	456.46	502.73	3.41	228.55	0.30	85.17	10272.05	-7756.23	5290.05
Saccade R	1	4	7338068931	7338108910	39979	448.81	401.47	456.46	502.73	3.41	228.55	0.30	85.17	10272.05	-7756.23	5290.05
Fixation L	1	7	7338108910	7338168914	60004	460.19	508.88	7	9	-1	12.24	12.24
Fixation R	1	8	7338108910	7338168914	60004	460.19	508.88	7	9	-1	12.88	12.88
Saccade L	1	5	7338168914	7338220902	51988	463.61	511.84	421.96	137.52	10.04	526.88	0.31	193.17	26180.92	-23281.09	13294.29
Saccade R	1	5	7338168914	7338220902	51988	463.61	511.84	421.96	137.52	10.04	526.88	0.31	193.17	26180.92	-23281.09	13294.29
Fixation L	1	8	7338236925	7338652815	415890	403.44	112.95	26	14	-1	11.83	11.83
Fixation R	1	9	7338236925	7338652815	415890	403.44	112.95	26	14	-1	12.40	12.40
Saccade L	1	6	7338652815	7338696790	43975	402.76	111.31	442.23	189.61	2.72	179.56	0.36	61.77	7821.65	-5975.31	3915.44
Saccade R	1	6	7338652815	7338696790	43975	402.76	111.31	442.23	189.61	2.72	179.56	0.36	61.77	7821.65	-5975.31	3915.44
Fixation L	1	9	7338696790	7338896820	200030	448.84	201.14	14	17	-1	11.48	11.48
Fixation R	1	10	7338696790	7338896820	200030	448.84	201.14	14	17	-1	12.10	12.10
Saccade L	1	7	7338896820	7338936802	39982	456.36	200.15	433.19	169.19	2.19	128.04	0.30	54.70	5513.98	-3307.32	2472.82
Saccade R	1	7	7338896820	7338936802	39982	456.36	200.15	433.19	169.19	2.19	128.04	0.30	54.70	5513.98	-3307.32	2472.82
Fixation L	1	10	7338952811	7339180809	227998	421.33	138.93	18	26	-1	11.74	11.74
Fixation R	1	11	7338952811	7339180809	227998	421.33	138.93	18	26	-1	12.48	12.48
Fixation L	1	11	7339196808	7339400817	204009	400.44	149.69	19	19	-1	12.06	12.06
Fixation R	1	12	7339196808	7339400817	204009	400.44	149.69	19	19	-1	12.53	12.53
Saccade L	1	8	7339400817	7339452820	52003	402.58	150.95	995.53	491.62	14.65	583.69	0.38	281.72	27901.05	-18752.24	16173.65
Saccade R	1	8	7339400817	7339452820	52003	402.58	150.95	995.53	491.62	14.65	583.69	0.38	281.72	27901.05	-18752.24	16173.65
Saccade L	1	9	7339460829	7339488816	27987	995.54	481.87	1031.71	511.64	0.87	45.75	0.43	31.13	1754.60	-1921.03	1243.74
Saccade R	1	9	7339460829	7339488816	27987	995.54	481.87	1031.71	511.64	0.87	45.75	0.43	31.13	1754.60	-1921.03	1243.74
Fixation L	1	12	7339488816	7339632823	144007	1028.84	515.39	12	9	-1	12.40	12.40
Fixation R	1	13	7339488816	7339632823	144007	1028.84	515.39	12	9	-1	12.97	12.97
Saccade L	1	10	7339632823	7339672822	39999	1032.60	508.08	1144.24	496.53	3.05	200.78	0.30	76.30	9525.47	-8380.87	5274.07
Saccade R	1	10	7339632823	7339672822	39999	1032.60	508.08	1144.24	496.53	3.05	200.78	0.30	76.30	9525.47	-8380.87	5274.07
Fixation L	1	13	7339672822	7339836820	163998	1151.73	496.28	15	6	-1	12.05	12.05
Fixation R	1	14	7339672822	7339836820	163998	1151.73	496.28	15	6	-1	12.58	12.58
Fixation L	1	14	7339852849	7339980696	127847	1163.00	523.57	10	13	-1	11.68	11.68
Fixation R	1	15	7339852849	7339980696	127847	1163.00	523.57	10	13	-1	11.92	11.92
Saccade L	1	11	7339980696	7340016729	36033	1155.11	523.44	1167.36	485.33	1.37	93.23	0.33	38.00	4146.72	-3326.93	2182.41
Saccade R	1	11	7339980696	7340016729	36033	1155.11	523.44	1167.36	485.33	1.37	93.23	0.33	38.00	4146.72	-3326.93	2182.41
Fixation L	1	15	7340016729	7340148758	132029	1165.89	469.14	9	23	-1	11.56	11.56
Fixation R	1	16	7340016729	7340148758	132029	1165.89	469.14	9	23	-1	11.97	11.97
Saccade L	1	12	7340148758	7340172694	23936	1166.01	462.26	1219.73	456.34	1.11	95.48	0.50	46.30	4551.74	-3981.27	3060.96
Saccade R	1	12	7340148758	7340172694	23936	1166.01	462.26	1219.73	456.34	1.11	95.48	0.50	46.30	4551.74	-3981.27	3060.96
Fixation L	1	16	7340172694	7340416703	244009	1221.69	452.84	20	13	-1	11.48	11.48
Fixation R	1	17	7340172694	7340416703	244009	1221.69	452.84	20	13	-1	11.84	11.84
Saccade L	1	13	7340416703	7340460730	44027	1220.25	455.17	1194.13	588.48	4.22	261.55	0.27	95.82	12383.24	-9868.93	6129.21
Saccade R	1	13	7340416703	7340460730	44027	1220.25	455.17	1194.13	588.48	4.22	261.55	0.27	95.82	12383.24	-9868.93	6129.21
Fixation L	1	17	7340460730	7340888720	427990	1180.59	628.52	30	57	-1	11.69	11.69
Fixation R	1	18	7340460730	7340888720	427990	1180.59	628.52	30	57	-1	12.24	12.24
Saccade L	1	14	7340888720	7340912715	23995	1174.04	630.80	1160.52	580.73	1.05	81.55	0.67	43.72	3795.24	-3335.99	2538.22
Saccade R	1	14	7340888720	7340912715	23995	1174.04	630.80	1160.52	580.73	1.05	81.55	0.67	43.72	3795.24	-3335.99	2538.22
Fixation L	1	18	7340912715	7341124726	212011	1149.41	594.38	16	25	-1	11.65	11.65
Fixation R	1	19	7340912715	7341124726	212011	1149.41	594.38	16	25	-1	12.23	12.23
Saccade L	1	15	7341124726	7341144743	20017	1145.59	604.86	1066.10	618.70	1.47	144.92	0.60	73.67	6680.54	-4907.21	3824.20
Saccade R	1	15	7341124726	7341144743	20017	1145.59	604.86	1066.10	618.70	1.47	144.92	0.60	73.67	6680.54	-4907.21	3824.20
Fixation L	1	19	7341144743	7341296719	151976	1076.07	621.13	28	16	-1	11.98	11.98
Fixation R	1	20	7341144743	7341296719	151976	1076.07	621.13	28	16	-1	12.42	12.42
Saccade L	1	16	7341296719	7341320594	23875	1069.36	627.03	1111.37	531.70	2.09	176.36	0.50	87.53	7675.37	-6711.00	5378.68
Saccade R	1	16	7341296719	7341320594	23875	1069.36	627.03	1111.37	531.70	2.09	176.36	0.50	87.53	7675.37	-6711.00	5378.68
Fixation L	1	20	7341320594	7341444648	124054	1121.90	534.03	18	20	-1	12.03	12.03
Fixation R	1	21	7341320594	7341444648	124054	1121.90	534.03	18	20	-1	12.50	12.50
Saccade L	1	17	7341444648	7341480606	35958	1126.44	534.93	1179.63	526.15	1.88	115.88	0.45	52.20	5065.52	-4034.33	2852.69
Saccade R	1	17	7341444648	7341480606	35958	1126.44	534.93	1179.63	526.15	1.88	115.88	0.45	52.20	5065.52	-4034.33	2852.69
Fixation L	1	21	7341480606	7341744621	264015	1197.33	519.85	33	31	-1	12.15	12.15
Fixation R	1	22	7341480606	7341744621	264015	1197.33	519.85	33	31	-1	12.52	12.52
Saccade L	1	18	7341744621	7341792619	47998	1190.63	534.95	931.26	559.67	6.21	325.08	0.25	129.46	16108.36	-13915.52	8450.23
Saccade R	1	18	7341744621	7341792619	47998	1190.63	534.95	931.26	559.67	6.21	325.08	0.25	129.46	16108.36	-13915.52	8450.23
Fixation L	1	22	7341792619	7341984626	192007	909.48	560.61	32	11	-1	12.06	12.06
Fixation R	1	23	7341792619	7341984626	192007	909.48	560.61	32	11	-1	12.43	12.43
Saccade L	1	19	7341984626	7342008629	24003	920.58	555.22	923.33	669.94	2.18	189.09	0.50	91.02	8472.71	-7053.11	5753.30
Saccade R	1	19	7341984626	7342008629	24003	920.58	555.22	923.33	669.94	2.18	189.09	0.50	91.02	8472.71	-7053.11	5753.30
Fixation L	1	23	7342024639	7342172632	147993	923.50	661.88	8	34	-1	11.93	11.93
Fixation R	1	24	7342024639	7342172632	147993	923.50	661.88	8	34	-1	12.20	12.20
Saccade L	1	20	7342172632	7342224615	51983	921.09	677.70	0.00	0.00	27.52	1664.96	0.46	529.32	72733.94	-39383.25	30560.11
Saccade R	1	20	7342172632	7342224615	51983	921.09	677.70	0.00	0.00	27.52	1664.96	0.46	529.32	72733.94	-39383.25	30560.11
Fixation L	1	24	7342224615	7342664634	440019	0.00	0.00	0	0	-1	7.11	7.11
Fixation R	1	25	7342224615	7342664634	440019	0.00	0.00	0	0	-1	7.30	7.30
