[BeGaze]
Converted from:	D:\Kirillov\Results\ermolova_temp\Daniil-1-eye_data.idf
Date:	17.04.2019 03:54:40
Version:	BeGaze 3.0.181
Sample Rate:	250
Subject:	Daniil
Description:	Run41

Table Header for Fixations:
Event Type	Trial	Number	Start	End	Duration	Location X	Location Y	Dispersion X	Dispersion Y	Plane	Avg. Pupil Size X	Avg. Pupil Size Y

Table Header for Saccades:
Event Type	Trial	Number	Start	End	Duration	Start Loc.X	Start Loc.Y	End Loc.X	End Loc.Y	Amplitude	Peak Speed	Peak Speed At	Average Speed	Peak Accel.	Peak Decel.	Average Accel.

Table Header for User Events:
Event Type	Trial	Number	Start	Description

UserEvent	1	1	10101990722	# Message: Questionnaire17.jpg
Fixation L	1	1	10101991372	10102211242	219870	907.64	413.62	20	13	-1	14.56	14.56
Fixation R	1	1	10101991372	10102211242	219870	907.64	413.62	20	13	-1	14.12	14.12
Saccade L	1	1	10102211242	10102275441	64199	903.23	422.65	584.16	361.97	7.86	263.90	0.25	122.46	12421.92	-9276.17	6299.69
Saccade R	1	1	10102211242	10102275441	64199	903.23	422.65	584.16	361.97	7.86	263.90	0.25	122.46	12421.92	-9276.17	6299.69
Saccade L	1	2	10102303246	10102327244	23998	589.72	359.53	376.06	358.84	3.97	335.39	0.50	165.35	16067.89	-13227.11	10374.47
Saccade R	1	2	10102303246	10102327244	23998	589.72	359.53	376.06	358.84	3.97	335.39	0.50	165.35	16067.89	-13227.11	10374.47
Fixation L	1	2	10102327244	10102431237	103993	408.94	352.84	61	12	-1	14.67	14.67
Fixation R	1	2	10102327244	10102431237	103993	408.94	352.84	61	12	-1	13.90	13.90
Saccade L	1	3	10102431237	10102455240	24003	405.89	351.92	388.22	311.73	1.06	86.30	0.50	43.96	3988.63	-3127.39	2579.34
Saccade R	1	3	10102431237	10102455240	24003	405.89	351.92	388.22	311.73	1.06	86.30	0.50	43.96	3988.63	-3127.39	2579.34
Fixation L	1	3	10102455240	10102595239	139999	396.87	307.92	34	15	-1	14.68	14.68
Fixation R	1	3	10102455240	10102595239	139999	396.87	307.92	34	15	-1	13.98	13.98
Saccade L	1	4	10102595239	10102619185	23946	412.52	313.18	468.06	316.46	1.16	96.15	0.50	48.63	4156.93	-3900.98	2870.46
Saccade R	1	4	10102595239	10102619185	23946	412.52	313.18	468.06	316.46	1.16	96.15	0.50	48.63	4156.93	-3900.98	2870.46
Fixation L	1	4	10102619185	10102851260	232075	479.79	312.03	42	19	-1	14.78	14.78
Fixation R	1	4	10102619185	10102851260	232075	479.79	312.03	42	19	-1	14.35	14.35
Saccade L	1	5	10102851260	10102887265	36005	479.75	306.70	437.64	305.77	2.35	151.67	0.33	65.21	6199.45	-4551.01	3077.25
Saccade R	1	5	10102851260	10102887265	36005	479.75	306.70	437.64	305.77	2.35	151.67	0.33	65.21	6199.45	-4551.01	3077.25
Fixation L	1	5	10102887265	10103451271	564006	386.71	317.04	83	44	-1	14.88	14.88
Fixation R	1	5	10102887265	10103451271	564006	386.71	317.04	83	44	-1	14.62	14.62
Saccade L	1	6	10103451271	10103491152	39881	370.33	330.74	406.72	314.00	0.94	50.82	0.70	23.52	1466.30	-2126.22	1031.42
Saccade R	1	6	10103451271	10103491152	39881	370.33	330.74	406.72	314.00	0.94	50.82	0.70	23.52	1466.30	-2126.22	1031.42
Fixation L	1	6	10103491152	10103719139	227987	430.68	317.48	38	25	-1	15.28	15.28
Fixation R	1	6	10103491152	10103719139	227987	430.68	317.48	38	25	-1	15.16	15.16
UserEvent	1	2	10103649126	# Message: UE-mouseclick left x=401 y=273
Saccade L	1	7	10103719139	10103743148	24009	439.92	297.43	375.91	300.62	1.26	106.27	0.50	52.31	4161.98	-3949.97	2900.56
Saccade R	1	7	10103719139	10103743148	24009	439.92	297.43	375.91	300.62	1.26	106.27	0.50	52.31	4161.98	-3949.97	2900.56
Fixation L	1	7	10103743148	10103951151	208003	377.22	308.76	33	20	-1	14.88	14.88
Fixation R	1	7	10103743148	10103951151	208003	377.22	308.76	33	20	-1	14.68	14.68
Fixation L	1	8	10104011171	10104239153	227982	419.69	423.91	30	30	-1	14.90	14.90
Fixation R	1	8	10104011171	10104239153	227982	419.69	423.91	30	30	-1	14.70	14.70
UserEvent	1	3	10104145135	# Message: UE-mouseclick left x=380 y=393
