[BeGaze]
Converted from:	D:\Kirillov\Results\ermolova_temp\Kate 04-eye_data.idf
Date:	17.04.2019 03:52:47
Version:	BeGaze 3.0.181
Sample Rate:	250
Subject:	Kate 04
Description:	Run14

Table Header for Fixations:
Event Type	Trial	Number	Start	End	Duration	Location X	Location Y	Dispersion X	Dispersion Y	Plane	Avg. Pupil Size X	Avg. Pupil Size Y

Table Header for Saccades:
Event Type	Trial	Number	Start	End	Duration	Start Loc.X	Start Loc.Y	End Loc.X	End Loc.Y	Amplitude	Peak Speed	Peak Speed At	Average Speed	Peak Accel.	Peak Decel.	Average Accel.

Table Header for User Events:
Event Type	Trial	Number	Start	Description

UserEvent	1	1	3978649024	# Message: Questionnaire7.jpg
Fixation L	1	1	3978651103	3978919127	268024	1067.82	548.65	28	26	-1	13.68	13.68
Fixation R	1	1	3978651103	3978919127	268024	1067.82	548.65	28	26	-1	13.30	13.30
Saccade L	1	1	3978919127	3978983100	63973	1068.83	529.88	544.30	326.13	12.76	366.32	0.37	199.50	17514.21	-13965.91	9669.84
Saccade R	1	1	3978919127	3978983100	63973	1068.83	529.88	544.30	326.13	12.76	366.32	0.37	199.50	17514.21	-13965.91	9669.84
Fixation L	1	2	3978983100	3979098976	115876	558.35	324.89	23	11	-1	13.21	13.21
Fixation R	1	2	3978983100	3979098976	115876	558.35	324.89	23	11	-1	12.52	12.52
Saccade L	1	2	3979098976	3979130980	32004	561.26	333.85	478.68	326.85	1.92	115.40	0.50	59.93	4980.16	-4450.64	3464.98
Saccade R	1	2	3979098976	3979130980	32004	561.26	333.85	478.68	326.85	1.92	115.40	0.50	59.93	4980.16	-4450.64	3464.98
Fixation L	1	3	3979130980	3979354972	223992	440.48	309.19	50	38	-1	13.28	13.28
Fixation R	1	3	3979130980	3979354972	223992	440.48	309.19	50	38	-1	12.34	12.34
Saccade L	1	3	3979354972	3979379002	24030	446.66	293.83	479.87	296.17	0.73	43.14	0.50	30.20	1644.48	-1597.01	1153.93
Saccade R	1	3	3979354972	3979379002	24030	446.66	293.83	479.87	296.17	0.73	43.14	0.50	30.20	1644.48	-1597.01	1153.93
Fixation L	1	4	3979379002	3979770977	391975	492.71	301.71	41	27	-1	13.80	13.80
Fixation R	1	4	3979379002	3979770977	391975	492.71	301.71	41	27	-1	12.82	12.82
Saccade L	1	4	3979770977	3979802981	32004	515.47	299.34	455.83	316.65	1.67	134.57	0.38	52.18	5490.46	-5113.11	3281.08
Saccade R	1	4	3979770977	3979802981	32004	515.47	299.34	455.83	316.65	1.67	134.57	0.38	52.18	5490.46	-5113.11	3281.08
Fixation L	1	5	3979802981	3979938994	136013	438.14	325.32	25	24	-1	13.91	13.91
Fixation R	1	5	3979802981	3979938994	136013	438.14	325.32	25	24	-1	12.94	12.94
Saccade L	1	5	3979938994	3979963007	24013	437.11	329.96	426.80	395.20	1.41	124.94	0.50	58.71	5475.30	-4846.46	3858.65
Saccade R	1	5	3979938994	3979963007	24013	437.11	329.96	426.80	395.20	1.41	124.94	0.50	58.71	5475.30	-4846.46	3858.65
Saccade L	1	6	3979974985	3979994982	19997	421.69	407.46	304.70	408.56	1.15	148.89	0.60	57.43	5348.78	-990.50	2041.59
Saccade R	1	6	3979974985	3979994982	19997	421.69	407.46	304.70	408.56	1.15	148.89	0.60	57.43	5348.78	-990.50	2041.59
Fixation L	1	6	3979994982	3980234985	240003	406.55	389.54	116	32	-1	14.21	14.21
Fixation R	1	6	3979994982	3980234985	240003	406.55	389.54	116	32	-1	13.12	13.12
Saccade L	1	7	3980234985	3980266987	32002	395.51	386.35	422.22	284.19	2.18	128.71	0.50	68.16	6065.40	-5081.55	4061.08
Saccade R	1	7	3980234985	3980266987	32002	395.51	386.35	422.22	284.19	2.18	128.71	0.50	68.16	6065.40	-5081.55	4061.08
Fixation L	1	7	3980266987	3980674854	407867	451.44	299.52	49	63	-1	14.73	14.73
Fixation R	1	7	3980266987	3980734860	467873	416.81	293.41	544	626	-1	13.29	13.29
Saccade R	1	8	3980734860	3980794891	60031	-1.52	0.00	0.39	0.00	44.20	1676.63	0.47	736.30	50781.15	-54636.07	23996.76
Fixation L	1	8	3980794891	3981514125	719234	0.00	0.00	1	0	-1	7.26	7.26
Fixation R	1	8	3980794891	3981514125	719234	0.00	0.00	1	0	-1	9.74	9.74
Fixation L	1	9	3981626896	3981974748	347852	454.77	549.64	32	70	-1	16.02	16.02
Fixation R	1	9	3981626896	3981974748	347852	454.77	549.64	32	70	-1	15.45	15.45
Saccade L	1	8	3981974748	3982014745	39997	445.90	541.57	444.91	390.35	3.16	170.38	0.30	78.91	7866.80	-5787.43	4508.65
Saccade R	1	9	3981974748	3982014745	39997	445.90	541.57	444.91	390.35	3.16	170.38	0.30	78.91	7866.80	-5787.43	4508.65
Fixation L	1	10	3982014745	3982214757	200012	441.69	383.33	18	30	-1	14.81	14.81
Fixation R	1	10	3982014745	3982214757	200012	441.69	383.33	18	30	-1	14.12	14.12
Saccade L	1	9	3982214757	3982250769	36012	438.34	373.63	465.35	315.78	1.32	66.24	0.33	36.59	2940.84	-2166.83	1779.50
Saccade R	1	10	3982214757	3982250769	36012	438.34	373.63	465.35	315.78	1.32	66.24	0.33	36.59	2940.84	-2166.83	1779.50
Fixation L	1	11	3982250769	3983550630	1299861	426.90	334.66	64	67	-1	14.49	14.49
Fixation R	1	11	3982250769	3983550630	1299861	426.90	334.66	64	67	-1	13.65	13.65
UserEvent	1	2	3983491982	# Message: UE-mouseclick left x=359 y=308
Saccade L	1	10	3983550630	3983571719	21089	414.38	366.19	425.08	405.67	0.80	61.67	0.68	38.02	2230.90	-2375.44	1645.76
Saccade R	1	11	3983550630	3983571719	21089	414.38	366.19	425.08	405.67	0.80	61.67	0.68	38.02	2230.90	-2375.44	1645.76
Fixation L	1	12	3983571719	3984386639	814920	462.94	399.06	85	32	-1	14.99	14.99
Fixation R	1	12	3983571719	3985365857	1794138	229.68	207.05	504	1128	-1	11.34	11.34
Fixation L	1	13	3984454646	3985365857	911211	0.00	0.00	0	0	-1	4.78	4.78
Saccade L	1	11	3985365857	3985438543	72686	0.00	0.00	401.43	469.38	26.44	1057.21	0.28	363.82	48092.98	-29668.75	17848.89
Saccade R	1	12	3985365857	3985438543	72686	0.00	0.00	401.43	469.38	26.44	1057.21	0.28	363.82	48092.98	-29668.75	17848.89
Fixation L	1	14	3985438543	3985698538	259995	420.51	446.70	28	37	-1	16.10	16.10
Fixation R	1	13	3985438543	3985698538	259995	420.51	446.70	28	37	-1	15.11	15.11
Saccade L	1	12	3985698538	3985726468	27930	418.37	435.47	473.44	430.21	1.07	75.48	0.43	38.16	3402.84	-3576.96	2615.06
Saccade R	1	13	3985698538	3985726468	27930	418.37	435.47	473.44	430.21	1.07	75.48	0.43	38.16	3402.84	-3576.96	2615.06
Fixation L	1	15	3985726468	3985922536	196068	464.67	424.83	16	15	-1	14.93	14.93
Fixation R	1	14	3985726468	3985922536	196068	464.67	424.83	16	15	-1	14.17	14.17
Saccade L	1	13	3985922536	3985954535	31999	471.15	421.73	458.57	358.35	1.34	83.41	0.37	41.97	3733.11	-3114.57	2452.56
Saccade R	1	14	3985922536	3985954535	31999	471.15	421.73	458.57	358.35	1.34	83.41	0.37	41.97	3733.11	-3114.57	2452.56
Fixation L	1	16	3985954535	3986034527	79992	448.03	352.31	24	13	-1	14.28	14.28
Fixation R	1	15	3985954535	3986034527	79992	448.03	352.31	24	13	-1	13.30	13.30
UserEvent	1	3	3985956020	# Message: UE-mouseclick left x=379 y=383
