[BeGaze]
Converted from:	D:\Kirillov\Results\ermolova_temp\Valera-eye_data.idf
Date:	17.04.2019 03:52:34
Version:	BeGaze 3.0.181
Sample Rate:	250
Subject:	Valera
Description:	Run8

Table Header for Fixations:
Event Type	Trial	Number	Start	End	Duration	Location X	Location Y	Dispersion X	Dispersion Y	Plane	Avg. Pupil Size X	Avg. Pupil Size Y

Table Header for Saccades:
Event Type	Trial	Number	Start	End	Duration	Start Loc.X	Start Loc.Y	End Loc.X	End Loc.Y	Amplitude	Peak Speed	Peak Speed At	Average Speed	Peak Accel.	Peak Decel.	Average Accel.

Table Header for User Events:
Event Type	Trial	Number	Start	Description

UserEvent	1	1	648908751	# Message: experiment-14.jpg
Fixation L	1	1	648910577	649194594	284017	511.83	280.47	35	41	-1	14.76	14.76
Fixation R	1	1	648910577	649194594	284017	511.83	280.47	35	41	-1	16.02	16.02
Saccade L	1	1	649194594	649262569	67975	494.22	262.81	962.69	418.60	11.29	460.82	0.24	166.08	21943.24	-17642.50	10188.44
Saccade R	1	1	649194594	649262569	67975	494.22	262.81	962.69	418.60	11.29	460.82	0.24	166.08	21943.24	-17642.50	10188.44
Fixation L	1	2	649262569	649422606	160037	940.55	410.61	40	18	-1	14.91	14.91
Fixation R	1	2	649262569	649422606	160037	940.55	410.61	40	18	-1	16.39	16.39
Fixation L	1	3	649602637	649746606	143969	442.82	249.66	14	33	-1	13.85	13.85
Fixation R	1	3	649602637	649746606	143969	442.82	249.66	14	33	-1	15.05	15.05
Saccade L	1	2	649746606	649782574	35968	446.52	265.45	439.20	178.42	1.88	93.21	0.45	52.24	4100.71	-3942.47	2942.30
Saccade R	1	2	649746606	649782574	35968	446.52	265.45	439.20	178.42	1.88	93.21	0.45	52.24	4100.71	-3942.47	2942.30
Fixation L	1	4	649782574	649926498	143924	448.03	171.43	24	24	-1	13.47	13.47
Fixation R	1	4	649782574	649926498	143924	448.03	171.43	24	24	-1	14.76	14.76
Saccade L	1	3	649926498	649990493	63995	445.87	185.98	960.40	600.94	14.70	560.74	0.31	229.77	26451.32	-19328.82	13616.93
Saccade R	1	3	649926498	649990493	63995	445.87	185.98	960.40	600.94	14.70	560.74	0.31	229.77	26451.32	-19328.82	13616.93
Saccade L	1	4	650014491	650038476	23985	946.87	594.60	913.70	616.32	0.65	43.71	0.67	27.07	1909.28	-794.33	944.52
Saccade R	1	4	650014491	650038476	23985	946.87	594.60	913.70	616.32	0.65	43.71	0.67	27.07	1909.28	-794.33	944.52
Fixation L	1	5	650038476	650130496	92020	937.92	595.81	44	26	-1	13.62	13.62
Fixation R	1	5	650038476	650130496	92020	937.92	595.81	44	26	-1	15.14	15.14
Saccade L	1	5	650130496	650154483	23987	959.20	598.51	954.76	568.90	0.64	52.37	0.50	26.63	1778.60	-2105.75	1457.59
Saccade R	1	5	650130496	650154483	23987	959.20	598.51	954.76	568.90	0.64	52.37	0.50	26.63	1778.60	-2105.75	1457.59
Fixation L	1	6	650154483	650302479	147996	954.49	560.97	16	30	-1	13.63	13.63
Fixation R	1	6	650154483	650302479	147996	954.49	560.97	16	30	-1	15.19	15.19
Saccade L	1	6	650302479	650334506	32027	959.27	544.39	1086.12	540.03	2.93	239.27	0.50	91.47	10862.52	-10214.60	7269.08
Saccade R	1	6	650302479	650334506	32027	959.27	544.39	1086.12	540.03	2.93	239.27	0.50	91.47	10862.52	-10214.60	7269.08
Fixation L	1	7	650334506	650558496	223990	1078.56	532.97	29	25	-1	13.29	13.29
Fixation R	1	7	650334506	650558496	223990	1078.56	532.97	29	25	-1	14.93	14.93
Saccade L	1	7	650558496	650626481	67985	1064.42	538.01	443.68	184.20	15.87	489.93	0.29	233.49	23393.28	-19768.11	12100.73
Saccade R	1	7	650558496	650626481	67985	1064.42	538.01	443.68	184.20	15.87	489.93	0.29	233.49	23393.28	-19768.11	12100.73
Fixation L	1	8	650626481	651082443	455962	450.31	175.50	25	39	-1	13.16	13.16
Fixation R	1	8	650626481	651082443	455962	450.31	175.50	25	39	-1	14.22	14.22
Saccade L	1	8	651082443	651106500	24057	456.93	170.20	457.77	122.75	1.20	100.03	0.50	49.80	4541.99	-3319.97	2835.20
Saccade R	1	8	651082443	651106500	24057	456.93	170.20	457.77	122.75	1.20	100.03	0.50	49.80	4541.99	-3319.97	2835.20
Fixation L	1	9	651106500	651266377	159877	445.59	104.34	23	37	-1	13.33	13.33
Fixation R	1	9	651106500	651266377	159877	445.59	104.34	23	37	-1	14.53	14.53
Saccade L	1	9	651266377	651334363	67986	456.84	87.35	1004.61	478.47	14.96	564.64	0.29	220.11	26006.15	-21029.33	12949.26
Saccade R	1	9	651266377	651334363	67986	456.84	87.35	1004.61	478.47	14.96	564.64	0.29	220.11	26006.15	-21029.33	12949.26
Fixation L	1	10	651334363	651506379	172016	1008.46	493.11	30	36	-1	13.66	13.66
Fixation R	1	10	651334363	651506379	172016	1008.46	493.11	30	36	-1	15.15	15.15
Saccade L	1	10	651506379	651534368	27989	1019.50	511.34	967.54	551.75	2.11	175.34	0.43	75.49	7391.41	-5430.20	4503.76
Saccade R	1	10	651506379	651534368	27989	1019.50	511.34	967.54	551.75	2.11	175.34	0.43	75.49	7391.41	-5430.20	4503.76
Fixation L	1	11	651534368	651686340	151972	932.18	544.30	43	24	-1	13.67	13.67
Fixation R	1	11	651534368	651686340	151972	932.18	544.30	43	24	-1	15.17	15.17
Saccade L	1	11	651686340	651714378	28038	932.60	533.53	963.77	578.02	1.63	117.48	0.43	58.29	5546.81	-3745.12	3522.16
Saccade R	1	11	651686340	651714378	28038	932.60	533.53	963.77	578.02	1.63	117.48	0.43	58.29	5546.81	-3745.12	3522.16
Fixation L	1	12	651730374	651854371	123997	980.42	594.01	37	4	-1	13.61	13.61
Fixation R	1	12	651730374	651854371	123997	980.42	594.01	37	4	-1	14.99	14.99
Saccade L	1	12	651854371	651918385	64014	959.25	595.01	448.54	310.91	13.08	495.22	0.31	204.39	24353.64	-21574.50	12685.47
Saccade R	1	12	651854371	651918385	64014	959.25	595.01	448.54	310.91	13.08	495.22	0.31	204.39	24353.64	-21574.50	12685.47
Fixation L	1	13	651918385	652114372	195987	457.23	303.66	24	22	-1	13.52	13.52
Fixation R	1	13	651918385	652114372	195987	457.23	303.66	24	22	-1	14.62	14.62
Saccade L	1	13	652114372	652162382	48010	443.73	295.06	438.07	122.59	3.81	187.28	0.42	79.36	8525.15	-7802.05	5104.96
Saccade R	1	13	652114372	652162382	48010	443.73	295.06	438.07	122.59	3.81	187.28	0.42	79.36	8525.15	-7802.05	5104.96
Fixation L	1	14	652162382	652418387	256005	440.38	134.61	34	65	-1	13.34	13.34
Fixation R	1	14	652162382	652418387	256005	440.38	134.61	34	65	-1	14.53	14.53
Saccade L	1	14	652418387	652470370	51983	463.20	176.47	983.65	562.91	14.27	522.35	0.31	274.42	25332.37	-20627.21	15291.16
Saccade R	1	14	652418387	652470370	51983	463.20	176.47	983.65	562.91	14.27	522.35	0.31	274.42	25332.37	-20627.21	15291.16
Fixation L	1	15	652470370	652654223	183853	1015.50	572.32	41	19	-1	13.68	13.68
Fixation R	1	15	652470370	652654223	183853	1015.50	572.32	41	19	-1	15.14	15.14
Saccade L	1	15	652654223	652674264	20041	1016.36	568.98	956.75	557.63	0.97	97.31	0.61	48.28	4221.70	-3343.27	2597.36
Saccade R	1	15	652654223	652674264	20041	1016.36	568.98	956.75	557.63	0.97	97.31	0.61	48.28	4221.70	-3343.27	2597.36
Fixation L	1	16	652674264	652790262	115998	971.74	546.61	31	25	-1	13.77	13.77
Fixation R	1	16	652674264	652790262	115998	971.74	546.61	31	25	-1	15.08	15.08
Saccade L	1	16	652790262	652878258	87996	964.01	533.54	411.85	236.98	14.07	534.72	0.41	159.84	25406.06	-18028.56	9568.49
Saccade R	1	16	652790262	652878258	87996	964.01	533.54	411.85	236.98	14.07	534.72	0.41	159.84	25406.06	-18028.56	9568.49
Fixation L	1	17	652878258	653034298	156040	408.59	235.69	22	34	-1	13.52	13.52
Fixation R	1	17	652878258	653034298	156040	408.59	235.69	22	34	-1	14.43	14.43
Saccade L	1	17	653034298	653094273	59975	409.50	257.41	461.53	453.56	4.48	262.67	0.33	74.77	12390.82	-11604.63	5278.71
Saccade R	1	17	653034298	653094273	59975	409.50	257.41	461.53	453.56	4.48	262.67	0.33	74.77	12390.82	-11604.63	5278.71
Fixation L	1	18	653094273	653252502	158229	219.88	244.89	475	631	-1	10.32	10.32
Fixation L	1	19	653322274	654067901	745627	372.58	375.50	453	693	-1	13.51	13.39
Fixation R	1	18	653322274	654067901	745627	372.58	375.50	453	693	-1	14.31	14.31
Saccade L	1	18	654067901	654106172	38271	0.00	0.00	445.20	397.47	15.47	793.13	0.30	404.29	34012.81	-18724.82	17378.07
Saccade R	1	18	654067901	654106172	38271	0.00	0.00	445.20	397.47	15.47	793.13	0.30	404.29	34012.81	-18724.82	17378.07
Saccade L	1	19	654106172	654130135	23963	445.20	397.47	473.33	362.72	2.92	252.02	0.67	121.77	296.20	-18724.82	8329.34
Saccade R	1	19	654106172	654130135	23963	445.20	397.47	473.33	362.72	2.92	252.02	0.67	121.77	296.20	-18724.82	8329.34
Fixation L	1	20	654130135	654286153	156018	488.05	345.68	30	30	-1	13.63	13.63
Fixation R	1	19	654130135	654286153	156018	488.05	345.68	30	30	-1	14.89	14.89
Saccade L	1	20	654286153	654322140	35987	490.77	333.56	473.53	200.51	2.79	173.19	0.44	77.52	8423.17	-7955.09	5688.83
Saccade R	1	20	654286153	654322140	35987	490.77	333.56	473.53	200.51	2.79	173.19	0.44	77.52	8423.17	-7955.09	5688.83
Fixation L	1	21	654322140	654618159	296019	462.98	175.23	20	41	-1	13.84	13.84
Fixation R	1	20	654322140	654618159	296019	462.98	175.23	20	41	-1	15.00	15.00
Saccade L	1	21	654618159	654674117	55958	453.57	166.09	970.73	547.36	14.29	543.09	0.36	255.29	25620.61	-21190.38	15200.81
Saccade R	1	21	654618159	654674117	55958	453.57	166.09	970.73	547.36	14.29	543.09	0.36	255.29	25620.61	-21190.38	15200.81
Fixation L	1	22	654674117	654838123	164006	1010.12	553.80	54	23	-1	14.03	14.03
Fixation R	1	21	654674117	654838123	164006	1010.12	553.80	54	23	-1	15.48	15.48
Saccade L	1	22	654838123	654866162	28039	1010.10	539.10	1051.13	533.67	0.93	77.20	0.71	33.24	3085.61	-2728.18	1875.07
Saccade R	1	22	654838123	654866162	28039	1010.10	539.10	1051.13	533.67	0.93	77.20	0.71	33.24	3085.61	-2728.18	1875.07
Fixation L	1	23	654866162	655018146	151984	1055.44	533.39	18	19	-1	13.81	13.81
Fixation R	1	22	654866162	655018146	151984	1055.44	533.39	18	19	-1	15.22	15.22
Saccade L	1	23	655018146	655066163	48017	1059.50	516.69	1100.30	558.89	1.35	62.30	0.33	28.17	2448.89	-1577.13	1158.57
Saccade R	1	23	655018146	655066163	48017	1059.50	516.69	1100.30	558.89	1.35	62.30	0.33	28.17	2448.89	-1577.13	1158.57
Fixation L	1	24	655066163	655274153	207990	1110.69	555.65	16	19	-1	13.48	13.48
Fixation R	1	23	655066163	655274153	207990	1110.69	555.65	16	19	-1	14.50	14.50
Saccade L	1	24	655274153	655338149	63996	1108.08	543.57	435.85	171.70	17.53	560.06	0.44	273.85	26567.99	-25526.35	15459.96
Saccade R	1	24	655274153	655338149	63996	1108.08	543.57	435.85	171.70	17.53	560.06	0.44	273.85	26567.99	-25526.35	15459.96
Fixation L	1	25	655338149	655682029	343880	442.77	183.79	43	29	-1	13.05	13.05
Fixation R	1	24	655338149	655682029	343880	442.77	183.79	43	29	-1	14.00	14.00
Saccade L	1	25	655682029	655726037	44008	467.80	193.57	440.32	147.88	1.35	79.53	0.27	30.70	2869.38	-2614.75	1494.78
Saccade R	1	25	655682029	655726037	44008	467.80	193.57	440.32	147.88	1.35	79.53	0.27	30.70	2869.38	-2614.75	1494.78
Fixation L	1	26	655726037	656014030	287993	445.34	127.35	29	39	-1	13.22	13.22
Fixation R	1	25	655726037	656014030	287993	445.34	127.35	29	39	-1	14.30	14.30
Saccade L	1	26	656014030	656090064	76034	459.66	124.92	1110.21	595.33	17.66	547.38	0.21	232.24	26868.71	-14606.11	10933.37
Saccade R	1	26	656014030	656090064	76034	459.66	124.92	1110.21	595.33	17.66	547.38	0.21	232.24	26868.71	-14606.11	10933.37
Fixation L	1	27	656090064	656242030	151966	1104.51	610.17	18	21	-1	13.42	13.42
Fixation R	1	26	656090064	656242030	151966	1104.51	610.17	18	21	-1	15.05	15.05
Saccade L	1	27	656242030	656282004	39974	1101.85	613.06	1135.36	540.94	1.75	100.82	0.30	43.81	4957.21	-3839.95	2597.68
Saccade R	1	27	656242030	656282004	39974	1101.85	613.06	1135.36	540.94	1.75	100.82	0.30	43.81	4957.21	-3839.95	2597.68
Fixation L	1	28	656282004	656430051	148047	1144.19	531.06	16	18	-1	13.45	13.45
Fixation R	1	27	656282004	656430051	148047	1144.19	531.06	16	18	-1	14.97	14.97
Saccade L	1	28	656430051	656474045	43994	1151.37	539.59	0.00	0.00	27.48	1780.78	0.73	624.74	64574.54	-80521.10	43495.16
Fixation L	1	29	656566042	656754040	187998	507.82	160.30	31	50	-1	13.26	13.26
Fixation R	1	28	656566042	656754040	187998	507.82	160.30	31	50	-1	14.09	14.09
Saccade L	1	29	656754040	656794053	40013	527.41	140.61	450.92	112.12	2.16	153.09	0.30	54.01	6415.13	-6047.25	3092.73
Saccade R	1	28	656754040	656794053	40013	527.41	140.61	450.92	112.12	2.16	153.09	0.30	54.01	6415.13	-6047.25	3092.73
Fixation L	1	30	656794053	656941885	147832	464.46	114.32	21	21	-1	13.16	13.16
Fixation R	1	29	656794053	656941885	147832	464.46	114.32	21	21	-1	14.20	14.20
Saccade L	1	30	656941885	657049932	108047	464.11	112.45	1030.09	542.67	16.89	484.83	0.33	156.30	23108.56	-21011.72	8025.54
Saccade R	1	29	656941885	657049932	108047	464.11	112.45	1030.09	542.67	16.89	484.83	0.33	156.30	23108.56	-21011.72	8025.54
Fixation L	1	31	657049932	657173932	124000	1025.69	536.21	13	17	-1	13.45	13.45
Fixation R	1	30	657049932	657173932	124000	1025.69	536.21	13	17	-1	14.94	14.94
Saccade L	1	31	657173932	657197930	23998	1034.49	531.30	913.57	534.36	2.41	223.11	0.66	100.61	10360.68	-8661.08	6718.90
Saccade R	1	30	657173932	657197930	23998	1034.49	531.30	913.57	534.36	2.41	223.11	0.66	100.61	10360.68	-8661.08	6718.90
Fixation L	1	32	657217912	657533889	315977	918.08	524.92	60	23	-1	13.58	13.58
Fixation R	1	31	657217912	657533889	315977	918.08	524.92	60	23	-1	14.80	14.80
Saccade L	1	32	657533889	657569946	36057	877.04	521.82	952.06	433.46	2.98	146.41	0.56	82.69	6849.19	-6497.42	5149.93
Saccade R	1	31	657533889	657569946	36057	877.04	521.82	952.06	433.46	2.98	146.41	0.56	82.69	6849.19	-6497.42	5149.93
Fixation L	1	33	657569946	657673919	103973	968.67	441.06	28	12	-1	13.43	13.43
Fixation R	1	32	657569946	657673919	103973	968.67	441.06	28	12	-1	14.78	14.78
