[BeGaze]
Converted from:	D:\Kirillov\Results\ermolova_temp\Boris-eye_data.idf
Date:	17.04.2019 03:54:06
Version:	BeGaze 3.0.181
Sample Rate:	250
Subject:	Boris
Description:	Run34

Table Header for Fixations:
Event Type	Trial	Number	Start	End	Duration	Location X	Location Y	Dispersion X	Dispersion Y	Plane	Avg. Pupil Size X	Avg. Pupil Size Y

Table Header for Saccades:
Event Type	Trial	Number	Start	End	Duration	Start Loc.X	Start Loc.Y	End Loc.X	End Loc.Y	Amplitude	Peak Speed	Peak Speed At	Average Speed	Peak Accel.	Peak Decel.	Average Accel.

Table Header for User Events:
Event Type	Trial	Number	Start	Description

UserEvent	1	1	1857000177	# Message: RichText1.jpg
Fixation L	1	1	1857001332	1857129336	128004	218.84	277.02	25	16	-1	13.85	13.85
Fixation R	1	1	1857001332	1857129336	128004	218.84	277.02	25	16	-1	14.09	14.09
Saccade L	1	1	1857129336	1857181344	52008	229.85	284.44	652.00	391.67	9.46	390.87	0.31	181.95	18271.47	-11705.00	10213.37
Saccade R	1	1	1857129336	1857181344	52008	229.85	284.44	652.00	391.67	9.46	390.87	0.31	181.95	18271.47	-11705.00	10213.37
Fixation L	1	2	1857181344	1857393343	211999	670.94	387.28	43	13	-1	13.86	13.86
Fixation R	1	2	1857181344	1857465339	283995	561.04	324.29	1028	488	-1	13.54	13.54
Fixation L	1	3	1857529384	1857605357	75973	582.58	292.50	35	25	-1	13.74	13.74
Fixation R	1	3	1857529384	1857605357	75973	582.58	292.50	35	25	-1	14.06	14.06
Saccade L	1	2	1857605357	1857649361	44004	581.93	309.22	925.65	334.17	7.26	366.68	0.36	164.97	17262.18	-13405.22	10434.78
Saccade R	1	2	1857605357	1857649361	44004	581.93	309.22	925.65	334.17	7.26	366.68	0.36	164.97	17262.18	-13405.22	10434.78
Fixation L	1	4	1857649361	1857785405	136044	925.33	334.71	10	6	-1	13.88	13.88
Fixation R	1	4	1857649361	1857785405	136044	925.33	334.71	10	6	-1	14.47	14.47
Saccade L	1	3	1857785405	1857821353	35948	925.25	336.24	877.77	578.25	5.12	349.06	0.44	142.38	16528.14	-15959.63	11090.88
Saccade R	1	3	1857785405	1857821353	35948	925.25	336.24	877.77	578.25	5.12	349.06	0.44	142.38	16528.14	-15959.63	11090.88
Fixation L	1	5	1857821353	1857985351	163998	860.54	589.77	20	47	-1	14.73	14.73
Fixation R	1	5	1857821353	1857985351	163998	860.54	589.77	20	47	-1	15.07	15.07
Fixation L	1	6	1858001375	1858069378	68003	373.60	238.16	1590	894	-1	16.01	16.01
Saccade R	1	4	1858001375	1858037383	36008	740.31	585.19	0.00	0.00	36.69	2880.65	0.67	1018.88	97423.21	-121271.70	65367.60
Saccade L	1	4	1858069378	1858109290	39912	0.00	0.00	840.31	498.89	22.08	1919.84	0.30	553.15	80813.02	-73744.09	41103.84
Saccade R	1	5	1858069378	1858109290	39912	0.00	0.00	840.31	498.89	22.08	1919.84	0.30	553.15	80813.02	-73744.09	41103.84
Saccade L	1	5	1858185380	1858225356	39976	717.84	542.43	0.00	0.00	31.99	2697.36	0.70	800.30	86936.68	-116225.88	54101.30
Saccade R	1	6	1858185380	1858225356	39976	717.84	542.43	0.00	0.00	31.99	2697.36	0.70	800.30	86936.68	-116225.88	54101.30
Fixation L	1	7	1858225356	1858529258	303902	0.00	0.00	0	0	-1	14.31	14.31
Fixation R	1	6	1858225356	1858529258	303902	0.00	0.00	0	0	-1	14.67	14.67
Saccade L	1	6	1858529258	1858553263	24005	0.00	0.00	603.34	1034.61	23.72	2292.73	0.50	987.94	95689.67	-95042.29	72000.70
Saccade R	1	7	1858529258	1858553263	24005	0.00	0.00	603.34	1034.61	23.72	2292.73	0.50	987.94	95689.67	-95042.29	72000.70
Saccade L	1	7	1858581245	1858605248	24003	609.65	1039.68	0.00	0.00	23.87	2318.47	0.50	994.57	96609.07	-96658.83	72951.00
Saccade R	1	8	1858581245	1858605248	24003	609.65	1039.68	0.00	0.00	23.87	2318.47	0.50	994.57	96609.07	-96658.83	72951.00
Fixation L	1	8	1858605248	1858853701	248453	0.00	0.00	0	0	-1	11.84	11.84
Fixation R	1	7	1858605248	1858853701	248453	0.00	0.00	0	0	-1	13.77	13.77
Fixation L	1	9	1858933270	1859129264	195994	838.54	443.89	32	29	-1	15.48	15.48
Fixation R	1	8	1858933270	1859309259	375989	534.58	283.06	935	581	-1	13.59	13.58
Fixation L	1	10	1859421294	1859501275	79981	790.79	374.74	33	11	-1	14.16	14.16
Fixation R	1	9	1859421294	1859501275	79981	790.79	374.74	33	11	-1	14.52	14.52
Saccade L	1	8	1859501275	1859549274	47999	774.80	375.74	931.79	542.79	5.93	313.95	0.42	123.61	14688.60	-13242.95	8597.78
Saccade R	1	9	1859501275	1859549274	47999	774.80	375.74	931.79	542.79	5.93	313.95	0.42	123.61	14688.60	-13242.95	8597.78
Fixation L	1	11	1859549274	1859777152	227878	934.96	560.81	11	31	-1	14.73	14.73
Fixation R	1	10	1859549274	1859777152	227878	934.96	560.81	11	31	-1	15.03	15.03
Saccade L	1	9	1859777152	1859833143	55991	935.94	563.78	654.77	369.06	8.58	440.54	0.36	153.16	21464.16	-17971.31	10654.42
Saccade R	1	10	1859777152	1859833143	55991	935.94	563.78	654.77	369.06	8.58	440.54	0.36	153.16	21464.16	-17971.31	10654.42
Fixation L	1	12	1859833143	1859945161	112018	637.65	356.79	34	22	-1	14.15	14.15
Fixation R	1	11	1859833143	1860357184	524041	195.60	110.71	953	818	-1	9.31	9.31
Saccade R	1	11	1860357184	1860409160	51976	0.00	0.00	786.93	389.48	20.71	1553.59	0.23	398.38	68284.46	-57181.46	25485.37
Saccade L	1	10	1860409160	1860457166	48006	786.93	389.48	703.08	385.96	3.59	200.03	0.42	74.78	9380.54	-8926.65	4568.07
Saccade R	1	12	1860409160	1860457166	48006	786.93	389.48	703.08	385.96	3.59	200.03	0.42	74.78	9380.54	-8926.65	4568.07
Fixation L	1	13	1860457166	1860685180	228014	692.62	409.38	41	39	-1	14.57	14.57
Fixation R	1	12	1860457166	1860685180	228014	692.62	409.38	41	39	-1	14.50	14.50
Saccade L	1	11	1860685180	1860725228	40048	715.81	416.82	0.00	0.00	27.60	2337.09	0.70	689.29	77811.98	-101840.07	47419.57
Saccade R	1	13	1860685180	1860725228	40048	715.81	416.82	0.00	0.00	27.60	2337.09	0.70	689.29	77811.98	-101840.07	47419.57
Fixation L	1	14	1860725228	1860789230	64002	0.00	0.00	0	0	-1	15.56	15.56
Fixation R	1	13	1860725228	1860789230	64002	0.00	0.00	0	0	-1	15.40	15.40
Saccade L	1	12	1860789230	1860813172	23942	0.00	0.00	627.48	1050.47	24.17	2351.02	0.50	1009.36	98073.42	-97315.72	73761.71
Saccade R	1	14	1860789230	1860813172	23942	0.00	0.00	627.48	1050.47	24.17	2351.02	0.50	1009.36	98073.42	-97315.72	73761.71
Saccade L	1	13	1860841167	1860865169	24002	617.12	1042.84	0.00	0.00	24.00	2330.88	0.50	999.93	96874.76	-97180.30	73208.84
Saccade R	1	15	1860841167	1860865169	24002	617.12	1042.84	0.00	0.00	24.00	2330.88	0.50	999.93	96874.76	-97180.30	73208.84
Fixation L	1	15	1860865169	1861201022	335853	0.00	0.00	0	0	-1	14.27	14.27
Fixation R	1	14	1860865169	1861201022	335853	0.00	0.00	0	0	-1	14.22	14.22
Fixation L	1	16	1861313081	1861449087	136006	911.87	569.06	42	33	-1	15.02	15.02
Fixation R	1	15	1861313081	1861449087	136006	911.87	569.06	42	33	-1	14.83	14.83
Saccade L	1	14	1861449087	1861497064	47977	909.76	577.78	835.80	507.30	3.64	225.18	0.33	75.84	9189.88	-7421.41	4716.39
Saccade R	1	16	1861449087	1861497064	47977	909.76	577.78	835.80	507.30	3.64	225.18	0.33	75.84	9189.88	-7421.41	4716.39
Fixation L	1	17	1861497064	1861601065	104001	842.26	518.12	15	20	-1	15.32	15.32
Fixation R	1	16	1861497064	1861601065	104001	842.26	518.12	15	20	-1	14.96	14.96
