[BeGaze]
Converted from:	D:\Kirillov\Results\ermolova_temp\Polina 03-1-eye_data.idf
Date:	17.04.2019 03:53:32
Version:	BeGaze 3.0.181
Sample Rate:	250
Subject:	Polina 03
Description:	Run26

Table Header for Fixations:
Event Type	Trial	Number	Start	End	Duration	Location X	Location Y	Dispersion X	Dispersion Y	Plane	Avg. Pupil Size X	Avg. Pupil Size Y

Table Header for Saccades:
Event Type	Trial	Number	Start	End	Duration	Start Loc.X	Start Loc.Y	End Loc.X	End Loc.Y	Amplitude	Peak Speed	Peak Speed At	Average Speed	Peak Accel.	Peak Decel.	Average Accel.

Table Header for User Events:
Event Type	Trial	Number	Start	Description

UserEvent	1	1	12027761267	# Message: Questionnaire16.jpg
Fixation L	1	1	12027763009	12028082994	319985	465.26	312.86	40	57	-1	10.56	10.56
Fixation R	1	1	12027763009	12028082994	319985	465.26	312.86	40	57	-1	10.79	10.79
Saccade L	1	1	12028082994	12028106990	23996	470.06	341.14	408.74	335.17	1.11	85.98	0.67	46.13	3579.68	-2972.74	2419.07
Saccade R	1	1	12028082994	12028106990	23996	470.06	341.14	408.74	335.17	1.11	85.98	0.67	46.13	3579.68	-2972.74	2419.07
Fixation L	1	2	12028106990	12028178987	71997	410.78	314.71	21	37	-1	10.99	10.99
Fixation R	1	2	12028106990	12028178987	71997	410.78	314.71	21	37	-1	11.27	11.27
Saccade L	1	2	12028178987	12028211003	32016	413.51	298.58	438.24	337.67	0.94	42.85	0.63	29.51	1630.69	-1398.14	1093.54
Saccade R	1	2	12028178987	12028211003	32016	413.51	298.58	438.24	337.67	0.94	42.85	0.63	29.51	1630.69	-1398.14	1093.54
Fixation L	1	3	12028211003	12028338865	127862	427.36	326.75	41	69	-1	11.10	11.10
Fixation R	1	3	12028211003	12028338865	127862	427.36	326.75	41	69	-1	11.46	11.46
Saccade L	1	3	12028338865	12028366864	27999	404.03	287.82	456.80	296.09	1.14	69.58	0.43	40.62	2727.33	-3170.20	2221.92
Saccade R	1	3	12028338865	12028366864	27999	404.03	287.82	456.80	296.09	1.14	69.58	0.43	40.62	2727.33	-3170.20	2221.92
Fixation L	1	4	12028366864	12028522863	155999	450.40	308.01	40	42	-1	10.90	10.90
Fixation R	1	4	12028366864	12028522863	155999	450.40	308.01	40	42	-1	11.26	11.26
Saccade L	1	4	12028522863	12028546886	24023	469.78	338.19	390.06	321.87	1.70	156.00	0.50	70.81	6507.17	-5810.40	4597.95
Saccade R	1	4	12028522863	12028546886	24023	469.78	338.19	390.06	321.87	1.70	156.00	0.50	70.81	6507.17	-5810.40	4597.95
Fixation L	1	5	12028546886	12029506902	960016	401.69	305.21	29	69	-1	10.71	10.71
Fixation R	1	5	12028546886	12029506902	960016	401.69	305.21	29	69	-1	11.00	11.00
Saccade L	1	5	12029506902	12029534889	27987	399.80	342.57	503.91	431.06	2.72	179.00	0.43	97.20	8679.07	-8154.96	6301.18
Saccade R	1	5	12029506902	12029534889	27987	399.80	342.57	503.91	431.06	2.72	179.00	0.43	97.20	8679.07	-8154.96	6301.18
Fixation L	1	6	12029534889	12029690777	155888	496.52	426.82	33	30	-1	10.69	10.69
Fixation R	1	6	12029534889	12029690777	155888	496.52	426.82	33	30	-1	11.23	11.23
Saccade L	1	6	12029690777	12029730768	39991	475.57	447.93	440.34	413.17	1.14	43.91	0.60	28.43	1139.61	-1312.25	759.16
Saccade R	1	6	12029690777	12029730768	39991	475.57	447.93	440.34	413.17	1.14	43.91	0.60	28.43	1139.61	-1312.25	759.16
Fixation L	1	7	12029730768	12030018806	288038	419.02	393.54	70	32	-1	10.66	10.66
Fixation R	1	7	12029730768	12030018806	288038	419.02	393.54	70	32	-1	10.98	10.98
UserEvent	1	2	12029820309	# Message: UE-mouseclick left x=366 y=310
Saccade L	1	7	12030018806	12030062786	43980	376.88	398.51	402.73	262.80	3.05	170.47	0.36	69.25	7964.76	-6770.78	4329.40
Saccade R	1	7	12030018806	12030062786	43980	376.88	398.51	402.73	262.80	3.05	170.47	0.36	69.25	7964.76	-6770.78	4329.40
Fixation L	1	8	12030062786	12030262787	200001	420.61	304.15	29	66	-1	10.55	10.55
Fixation R	1	8	12030062786	12030262787	200001	420.61	304.15	29	66	-1	10.78	10.78
Saccade L	1	8	12030262787	12030286789	24002	422.04	323.84	384.27	330.57	0.77	48.42	0.50	32.07	1761.36	-1856.69	1364.60
Saccade R	1	8	12030262787	12030286789	24002	422.04	323.84	384.27	330.57	0.77	48.42	0.50	32.07	1761.36	-1856.69	1364.60
Fixation L	1	9	12030286789	12030458796	172007	402.42	327.85	33	19	-1	10.56	10.56
Fixation R	1	9	12030286789	12030458796	172007	402.42	327.85	33	19	-1	10.88	10.88
