[BeGaze]
Converted from:	D:\Kirillov\Results\ermolova_temp\georgy-eye_data.idf
Date:	17.04.2019 03:52:24
Version:	BeGaze 3.0.181
Sample Rate:	250
Subject:	georgy
Description:	Run5

Table Header for Fixations:
Event Type	Trial	Number	Start	End	Duration	Location X	Location Y	Dispersion X	Dispersion Y	Plane	Avg. Pupil Size X	Avg. Pupil Size Y

Table Header for Saccades:
Event Type	Trial	Number	Start	End	Duration	Start Loc.X	Start Loc.Y	End Loc.X	End Loc.Y	Amplitude	Peak Speed	Peak Speed At	Average Speed	Peak Accel.	Peak Decel.	Average Accel.

Table Header for User Events:
Event Type	Trial	Number	Start	Description

UserEvent	1	1	2995146616	# Message: experiment-10.jpg
Fixation L	1	1	2995149369	2995241386	92017	388.64	449.52	19	5	-1	16.62	16.62
Fixation R	1	1	2995149369	2995241386	92017	388.64	449.52	19	5	-1	16.66	16.66
Saccade L	1	1	2995241386	2995301387	60001	389.07	452.57	616.59	391.37	5.34	223.35	0.27	89.04	10490.02	-8275.60	5161.21
Saccade R	1	1	2995241386	2995301387	60001	389.07	452.57	616.59	391.37	5.34	223.35	0.27	89.04	10490.02	-8275.60	5161.21
Fixation L	1	2	2995301387	2995641243	339856	612.54	379.73	14	30	-1	16.07	16.07
Fixation R	1	2	2995301387	2995641243	339856	612.54	379.73	14	30	-1	16.47	16.47
Saccade L	1	2	2995641243	2995697269	56026	615.11	365.02	1201.75	372.21	12.70	448.04	0.50	226.70	19421.58	-17233.00	12493.85
Saccade R	1	2	2995641243	2995697269	56026	615.11	365.02	1201.75	372.21	12.70	448.04	0.50	226.70	19421.58	-17233.00	12493.85
Fixation L	1	3	2995697269	2996037267	339998	1200.11	354.77	19	26	-1	14.62	14.62
Fixation R	1	3	2995697269	2996037267	339998	1200.11	354.77	19	26	-1	14.79	14.79
Saccade L	1	3	2996037267	2996065259	27992	1197.91	350.84	1128.76	364.73	1.34	84.68	0.43	47.99	3300.08	-3484.55	2533.27
Saccade R	1	3	2996037267	2996065259	27992	1197.91	350.84	1128.76	364.73	1.34	84.68	0.43	47.99	3300.08	-3484.55	2533.27
Fixation L	1	4	2996065259	2996205258	139999	1129.94	370.06	15	10	-1	14.70	14.70
Fixation R	1	4	2996065259	2996205258	139999	1129.94	370.06	15	10	-1	14.71	14.71
Saccade L	1	4	2996205258	2996261252	55994	1119.96	361.90	841.19	822.76	12.26	406.15	0.36	218.91	18324.54	-17124.67	11797.59
Saccade R	1	4	2996205258	2996261252	55994	1119.96	361.90	841.19	822.76	12.26	406.15	0.36	218.91	18324.54	-17124.67	11797.59
Fixation L	1	5	2996261252	2996433201	171949	854.26	827.66	31	13	-1	15.43	15.43
Fixation R	1	5	2996261252	2996433201	171949	854.26	827.66	31	13	-1	15.55	15.55
Saccade L	1	5	2996433201	2996485266	52065	863.15	823.61	722.60	866.06	3.49	161.75	0.23	67.03	7811.45	-6426.05	3739.12
Saccade R	1	5	2996433201	2996485266	52065	863.15	823.61	722.60	866.06	3.49	161.75	0.23	67.03	7811.45	-6426.05	3739.12
Fixation L	1	6	2996485266	2996893138	407872	725.91	821.68	25	80	-1	14.89	14.89
Fixation R	1	6	2996485266	2996893138	407872	725.91	821.68	25	80	-1	14.94	14.94
Saccade L	1	6	2996893138	2996937155	44017	718.71	792.95	730.86	692.72	2.17	134.19	0.27	49.33	5809.50	-4292.63	2435.43
Saccade R	1	6	2996893138	2996937155	44017	718.71	792.95	730.86	692.72	2.17	134.19	0.27	49.33	5809.50	-4292.63	2435.43
Fixation L	1	7	2996937155	2997061139	123984	743.19	679.10	20	22	-1	14.63	14.63
Fixation R	1	7	2996937155	2997061139	123984	743.19	679.10	20	22	-1	14.89	14.89
Saccade L	1	7	2997061139	2997117149	56010	738.04	690.21	1198.23	348.66	12.51	463.27	0.36	223.31	22297.54	-16176.36	12536.33
Saccade R	1	7	2997061139	2997117149	56010	738.04	690.21	1198.23	348.66	12.51	463.27	0.36	223.31	22297.54	-16176.36	12536.33
Fixation L	1	8	2997117149	2998089164	972015	1168.64	346.22	83	62	-1	15.47	15.47
Fixation R	1	8	2997117149	2998089164	972015	1168.64	346.22	83	62	-1	15.85	15.85
Saccade L	1	8	2998089164	2998149186	60022	1124.59	349.01	802.42	712.25	10.83	341.02	0.33	180.43	15630.35	-12322.94	8703.99
Saccade R	1	8	2998089164	2998149186	60022	1124.59	349.01	802.42	712.25	10.83	341.02	0.33	180.43	15630.35	-12322.94	8703.99
Fixation L	1	9	2998149186	2998305041	155855	805.20	708.46	38	43	-1	16.64	16.64
Fixation R	1	9	2998149186	2998305041	155855	805.20	708.46	38	43	-1	16.79	16.79
Saccade L	1	9	2998305041	2998333082	28041	827.55	685.10	722.33	688.07	2.14	163.80	0.43	76.32	7186.36	-7207.02	5307.54
Saccade R	1	9	2998305041	2998333082	28041	827.55	685.10	722.33	688.07	2.14	163.80	0.43	76.32	7186.36	-7207.02	5307.54
Fixation L	1	10	2998333082	2998569037	235955	731.75	698.71	22	29	-1	15.72	15.72
Fixation R	1	10	2998333082	2998569037	235955	731.75	698.71	22	29	-1	15.72	15.72
Saccade L	1	10	2998569037	2998601056	32019	724.23	691.05	727.64	805.66	2.49	209.38	0.50	77.82	9371.21	-8780.31	6146.52
Saccade R	1	10	2998569037	2998601056	32019	724.23	691.05	727.64	805.66	2.49	209.38	0.50	77.82	9371.21	-8780.31	6146.52
Fixation L	1	11	2998601056	2998741036	139980	734.94	808.30	17	12	-1	15.04	15.04
Fixation R	1	11	2998601056	2998741036	139980	734.94	808.30	17	12	-1	14.91	14.91
Saccade L	1	11	2998741036	2998813069	72033	735.40	809.88	1217.07	329.52	15.47	466.61	0.28	214.81	22289.80	-18160.17	10500.58
Saccade R	1	11	2998741036	2998813069	72033	735.40	809.88	1217.07	329.52	15.47	466.61	0.28	214.81	22289.80	-18160.17	10500.58
Fixation L	1	12	2998813069	2999309040	495971	1181.79	343.39	61	31	-1	14.94	14.94
Fixation R	1	12	2998813069	2999309040	495971	1181.79	343.39	61	31	-1	15.35	15.35
Saccade L	1	12	2999309040	2999341047	32007	1180.41	343.45	1236.23	334.34	1.27	58.44	0.63	39.52	2675.94	-2248.97	1889.65
Saccade R	1	12	2999309040	2999341047	32007	1180.41	343.45	1236.23	334.34	1.27	58.44	0.63	39.52	2675.94	-2248.97	1889.65
Fixation L	1	13	2999341047	2999497042	155995	1243.52	337.29	30	18	-1	15.23	15.23
Fixation R	1	13	2999341047	2999497042	155995	1243.52	337.29	30	18	-1	15.69	15.69
Saccade L	1	13	2999497042	2999552926	55884	1247.32	338.21	722.83	687.24	14.18	450.39	0.36	253.76	21295.35	-15236.42	11986.60
Saccade R	1	13	2999497042	2999552926	55884	1247.32	338.21	722.83	687.24	14.18	450.39	0.36	253.76	21295.35	-15236.42	11986.60
Fixation L	1	14	2999552926	2999685076	132150	731.13	681.60	36	18	-1	16.11	16.11
Fixation R	1	14	2999552926	2999685076	132150	731.13	681.60	36	18	-1	16.21	16.21
Saccade L	1	14	2999685076	2999704936	19860	753.45	674.72	730.44	681.94	0.47	40.18	0.60	23.65	1773.26	-1514.15	1184.87
Saccade R	1	14	2999685076	2999704936	19860	753.45	674.72	730.44	681.94	0.47	40.18	0.60	23.65	1773.26	-1514.15	1184.87
Saccade L	1	15	2999716916	2999756943	40027	732.79	685.19	739.25	777.72	2.95	193.65	0.40	73.72	8241.62	-6763.08	4564.92
Saccade R	1	15	2999716916	2999756943	40027	732.79	685.19	739.25	777.72	2.95	193.65	0.40	73.72	8241.62	-6763.08	4564.92
Fixation L	1	15	2999756943	2999872963	116020	730.93	796.74	29	30	-1	16.08	16.08
Fixation R	1	15	2999756943	2999872963	116020	730.93	796.74	29	30	-1	16.16	16.16
Saccade L	1	16	2999872963	2999900936	27973	709.84	805.35	752.22	782.08	0.93	52.55	0.28	33.14	2016.46	-1831.82	1403.82
Saccade R	1	16	2999872963	2999900936	27973	709.84	805.35	752.22	782.08	0.93	52.55	0.28	33.14	2016.46	-1831.82	1403.82
