[BeGaze]
Converted from:	D:\Kirillov\Results\ermolova_temp\Yaroslava-1-eye_data.idf
Date:	17.04.2019 03:52:37
Version:	BeGaze 3.0.181
Sample Rate:	250
Subject:	Yaroslava
Description:	Run10

Table Header for Fixations:
Event Type	Trial	Number	Start	End	Duration	Location X	Location Y	Dispersion X	Dispersion Y	Plane	Avg. Pupil Size X	Avg. Pupil Size Y

Table Header for Saccades:
Event Type	Trial	Number	Start	End	Duration	Start Loc.X	Start Loc.Y	End Loc.X	End Loc.Y	Amplitude	Peak Speed	Peak Speed At	Average Speed	Peak Accel.	Peak Decel.	Average Accel.

Table Header for User Events:
Event Type	Trial	Number	Start	Description

UserEvent	1	1	1423546807	# Message: experiment-05.jpg
Fixation L	1	1	1423549885	1423793880	243995	483.03	610.17	21	30	-1	13.25	13.25
Fixation R	1	1	1423549885	1423793880	243995	483.03	610.17	21	30	-1	13.50	13.50
Saccade L	1	1	1423793880	1423821892	28012	481.49	600.41	670.50	620.35	3.75	280.63	0.57	133.89	13607.82	-13274.30	9889.43
Saccade R	1	1	1423793880	1423821892	28012	481.49	600.41	670.50	620.35	3.75	280.63	0.57	133.89	13607.82	-13274.30	9889.43
Saccade L	1	2	1423833902	1423857905	24003	656.01	622.75	690.41	627.72	0.63	40.41	0.50	26.37	1226.59	-1790.80	1144.94
Saccade R	1	2	1423833902	1423857905	24003	656.01	622.75	690.41	627.72	0.63	40.41	0.50	26.37	1226.59	-1790.80	1144.94
Fixation L	1	2	1423857905	1423965921	108016	687.72	631.71	12	16	-1	13.48	13.48
Fixation R	1	2	1423857905	1423965921	108016	687.72	631.71	12	16	-1	13.62	13.62
Fixation L	1	3	1424029897	1424241892	211995	906.26	581.46	41	23	-1	13.27	13.27
Fixation R	1	3	1424029897	1424241892	211995	906.26	581.46	41	23	-1	13.84	13.84
Saccade L	1	3	1424241892	1424277891	35999	928.47	575.30	918.32	649.94	1.57	70.49	0.44	43.61	3046.18	-3064.87	2337.36
Saccade R	1	3	1424241892	1424277891	35999	928.47	575.30	918.32	649.94	1.57	70.49	0.44	43.61	3046.18	-3064.87	2337.36
Fixation L	1	4	1424277891	1424537765	259874	921.24	655.49	34	19	-1	13.08	13.08
Fixation R	1	4	1424277891	1424537765	259874	921.24	655.49	34	19	-1	13.44	13.44
Saccade L	1	4	1424537765	1424561801	24036	925.51	652.66	897.59	647.61	0.84	70.43	0.51	34.75	2896.52	-2467.07	1883.50
Saccade R	1	4	1424537765	1424561801	24036	925.51	652.66	897.59	647.61	0.84	70.43	0.51	34.75	2896.52	-2467.07	1883.50
Fixation L	1	5	1424561801	1424885814	324013	882.16	652.33	38	30	-1	13.16	13.16
Fixation R	1	5	1424561801	1424885814	324013	882.16	652.33	38	30	-1	13.36	13.36
Saccade L	1	5	1424885814	1424917807	31993	865.11	641.67	840.69	548.94	1.97	124.16	0.50	61.54	5790.83	-5264.71	4006.42
Saccade R	1	5	1424885814	1424917807	31993	865.11	641.67	840.69	548.94	1.97	124.16	0.50	61.54	5790.83	-5264.71	4006.42
Saccade L	1	6	1424945773	1424989789	44016	833.56	530.45	890.53	542.09	1.15	40.36	0.64	26.17	662.38	-1426.84	612.75
Saccade R	1	6	1424945773	1424989789	44016	833.56	530.45	890.53	542.09	1.15	40.36	0.64	26.17	662.38	-1426.84	612.75
Saccade L	1	7	1425037778	1425089797	52019	864.22	565.93	449.31	494.25	9.19	295.87	0.31	176.61	14074.37	-13753.66	8724.44
Saccade R	1	7	1425037778	1425089797	52019	864.22	565.93	449.31	494.25	9.19	295.87	0.31	176.61	14074.37	-13753.66	8724.44
Fixation L	1	6	1425089797	1425385774	295977	455.31	479.02	24	41	-1	13.31	13.31
Fixation R	1	6	1425089797	1425385774	295977	455.31	479.02	24	41	-1	13.09	13.09
Saccade L	1	8	1425673772	1425721775	48003	940.91	532.32	961.48	534.08	2.56	112.23	0.67	53.42	2362.98	-4394.76	1750.07
Saccade R	1	8	1425673772	1425721775	48003	940.91	532.32	961.48	534.08	2.56	112.23	0.67	53.42	2362.98	-4394.76	1750.07
Saccade L	1	9	1425741782	1425789714	47932	970.30	512.74	911.21	507.59	1.68	58.70	0.33	34.95	1368.52	-1264.92	896.26
Saccade R	1	9	1425741782	1425789714	47932	970.30	512.74	911.21	507.59	1.68	58.70	0.33	34.95	1368.52	-1264.92	896.26
Saccade L	1	10	1425789714	1425817780	28066	911.21	507.59	899.50	541.01	0.77	49.30	0.57	27.36	1368.81	-1692.54	895.41
Saccade R	1	10	1425789714	1425817780	28066	911.21	507.59	899.50	541.01	0.77	49.30	0.57	27.36	1368.81	-1692.54	895.41
Saccade L	1	11	1425897652	1426009654	112002	940.51	519.45	952.32	634.48	4.47	80.75	0.43	39.91	1997.02	-1844.47	841.13
Saccade R	1	11	1425897652	1426009654	112002	940.51	519.45	952.32	634.48	4.47	80.75	0.43	39.91	1997.02	-1844.47	841.13
Fixation L	1	7	1426009654	1426109670	100016	948.76	625.26	28	19	-1	13.60	13.60
Fixation R	1	7	1426009654	1426109670	100016	948.76	625.26	28	19	-1	13.70	13.70
Saccade L	1	12	1426109670	1426129682	20012	947.46	623.88	975.03	628.95	0.56	45.22	0.60	28.13	877.96	-1687.03	881.66
Saccade R	1	12	1426109670	1426129682	20012	947.46	623.88	975.03	628.95	0.56	45.22	0.60	28.13	877.96	-1687.03	881.66
Saccade L	1	13	1426157654	1426217654	60000	952.86	638.65	259.96	496.35	16.98	1133.13	0.40	282.92	47606.38	-47474.98	21834.20
Saccade R	1	13	1426157654	1426217654	60000	952.86	638.65	259.96	496.35	16.98	1133.13	0.40	282.92	47606.38	-47474.98	21834.20
Fixation L	1	8	1426217654	1426433681	216027	289.07	525.23	64	49	-1	13.87	13.87
Fixation R	1	8	1426217654	1426433681	216027	289.07	525.23	64	49	-1	13.42	13.42
Saccade L	1	14	1426469675	1426525602	55927	316.76	550.63	380.32	573.80	1.89	83.51	0.29	33.72	3158.83	-2722.26	1431.14
Saccade R	1	14	1426469675	1426525602	55927	316.76	550.63	380.32	573.80	1.89	83.51	0.29	33.72	3158.83	-2722.26	1431.14
Fixation L	1	9	1426525602	1426613676	88074	381.98	582.46	13	13	-1	13.88	13.88
Fixation R	1	9	1426525602	1426613676	88074	381.98	582.46	13	13	-1	13.37	13.37
Saccade L	1	15	1426613676	1426673662	59986	370.31	588.68	850.78	609.40	12.96	510.42	0.27	216.07	24202.82	-17424.10	11393.23
Saccade R	1	15	1426613676	1426673662	59986	370.31	588.68	850.78	609.40	12.96	510.42	0.27	216.07	24202.82	-17424.10	11393.23
Saccade L	1	16	1426689657	1426709677	20020	905.27	625.07	844.20	600.51	1.07	94.68	0.40	53.45	-975.94	-1988.76	1438.44
Saccade R	1	16	1426689657	1426709677	20020	905.27	625.07	844.20	600.51	1.07	94.68	0.40	53.45	-975.94	-1988.76	1438.44
Saccade L	1	17	1426709677	1426741655	31978	844.20	600.51	901.46	647.18	1.50	70.02	0.63	46.88	1763.92	-2525.18	1524.30
Saccade R	1	17	1426709677	1426741655	31978	844.20	600.51	901.46	647.18	1.50	70.02	0.63	46.88	1763.92	-2525.18	1524.30
Saccade L	1	18	1426785663	1426805689	20026	913.13	603.27	969.82	600.81	0.61	61.69	0.60	30.37	1459.82	234.65	1053.22
Saccade R	1	18	1426785663	1426805689	20026	913.13	603.27	969.82	600.81	0.61	61.69	0.60	30.37	1459.82	234.65	1053.22
Fixation L	1	10	1426821662	1426945687	124025	932.11	601.08	52	19	-1	13.75	13.75
Fixation R	1	10	1426821662	1426945687	124025	932.11	601.08	52	19	-1	13.63	13.63
Saccade L	1	19	1426945687	1426969671	23984	944.83	613.46	911.81	611.28	0.87	62.18	0.67	36.30	2466.94	-778.96	1284.17
Saccade R	1	19	1426945687	1426969671	23984	944.83	613.46	911.81	611.28	0.87	62.18	0.67	36.30	2466.94	-778.96	1284.17
Saccade L	1	20	1426969671	1427041661	71990	911.81	611.28	893.80	637.09	3.00	91.77	0.78	41.68	2647.92	-3655.44	1239.42
Saccade R	1	20	1426969671	1427041661	71990	911.81	611.28	893.80	637.09	3.00	91.77	0.78	41.68	2647.92	-3655.44	1239.42
Saccade L	1	21	1427053644	1427133561	79917	895.96	630.97	377.21	470.67	13.34	417.22	0.35	166.89	18168.52	-14718.91	8482.05
Saccade R	1	21	1427053644	1427133561	79917	895.96	630.97	377.21	470.67	13.34	417.22	0.35	166.89	18168.52	-14718.91	8482.05
Fixation L	1	11	1427133561	1427369543	235982	359.30	474.92	37	37	-1	13.67	13.67
Fixation R	1	11	1427133561	1427369543	235982	359.30	474.92	37	37	-1	13.27	13.27
Saccade L	1	22	1427369543	1427405553	36010	364.91	461.33	421.03	535.87	2.63	184.99	0.33	73.17	8103.74	-7125.64	4755.02
Saccade R	1	22	1427369543	1427405553	36010	364.91	461.33	421.03	535.87	2.63	184.99	0.33	73.17	8103.74	-7125.64	4755.02
Fixation L	1	12	1427405553	1427613551	207998	415.89	537.56	25	19	-1	13.73	13.73
Fixation R	1	12	1427405553	1427613551	207998	415.89	537.56	25	19	-1	13.43	13.43
Saccade L	1	23	1427613551	1427677578	64027	405.24	534.28	899.64	550.95	11.21	373.96	0.31	175.08	16903.62	-12456.25	7923.70
Saccade R	1	23	1427613551	1427677578	64027	405.24	534.28	899.64	550.95	11.21	373.96	0.31	175.08	16903.62	-12456.25	7923.70
Fixation L	1	13	1427677578	1427821580	144002	949.62	570.21	83	35	-1	14.06	14.06
Fixation R	1	13	1427677578	1427821580	144002	949.62	570.21	83	35	-1	13.90	13.90
Saccade L	1	24	1427821580	1427861549	39969	977.99	581.46	932.15	543.46	1.32	49.96	0.50	32.91	1841.58	-1914.47	1423.41
Saccade R	1	24	1427821580	1427861549	39969	977.99	581.46	932.15	543.46	1.32	49.96	0.50	32.91	1841.58	-1914.47	1423.41
Fixation L	1	14	1427861549	1428057544	195995	967.18	562.12	69	45	-1	13.91	13.91
Fixation R	1	14	1427861549	1428057544	195995	967.18	562.12	69	45	-1	13.97	13.97
Fixation L	1	15	1428117550	1428353548	235998	359.56	465.27	27	26	-1	13.46	13.46
Fixation R	1	15	1428117550	1428353548	235998	359.56	465.27	27	26	-1	13.39	13.39
Saccade L	1	25	1428353548	1428397591	44043	362.38	477.79	408.98	561.71	2.20	126.39	0.27	50.05	5684.18	-4746.62	2912.32
Saccade R	1	25	1428353548	1428397591	44043	362.38	477.79	408.98	561.71	2.20	126.39	0.27	50.05	5684.18	-4746.62	2912.32
Fixation L	1	16	1428397591	1428741426	343835	405.59	560.94	29	47	-1	13.49	13.49
Fixation R	1	16	1428397591	1428741426	343835	405.59	560.94	29	47	-1	13.62	13.62
Saccade L	1	26	1428741426	1428781567	40141	400.50	576.20	356.22	530.29	1.41	72.14	0.40	35.06	3378.20	-2453.28	1807.85
Saccade R	1	26	1428741426	1428781567	40141	400.50	576.20	356.22	530.29	1.41	72.14	0.40	35.06	3378.20	-2453.28	1807.85
Fixation L	1	17	1428781567	1428893440	111873	348.66	528.60	15	25	-1	13.18	13.18
Fixation R	1	17	1428781567	1428893440	111873	348.66	528.60	15	25	-1	13.58	13.58
Saccade L	1	27	1428893440	1428957431	63991	340.29	545.55	917.46	569.27	12.80	379.01	0.25	200.06	18331.11	-13154.85	8993.05
Saccade R	1	27	1428893440	1428957431	63991	340.29	545.55	917.46	569.27	12.80	379.01	0.25	200.06	18331.11	-13154.85	8993.05
Fixation L	1	18	1428957431	1429193429	235998	942.59	559.00	35	41	-1	13.49	13.49
Fixation R	1	18	1428957431	1429193429	235998	942.59	559.00	35	41	-1	13.88	13.88
Saccade L	1	28	1429193429	1429221450	28021	954.08	539.51	971.29	615.24	1.63	110.06	0.43	58.20	4939.16	-4614.99	3599.79
Saccade R	1	28	1429193429	1429221450	28021	954.08	539.51	971.29	615.24	1.63	110.06	0.43	58.20	4939.16	-4614.99	3599.79
Fixation L	1	19	1429221450	1429437465	216015	1004.36	622.91	54	33	-1	13.51	13.51
Fixation R	1	19	1429221450	1429437465	216015	1004.36	622.91	54	33	-1	13.94	13.94
Saccade L	1	29	1429437465	1429509445	71980	1002.92	642.41	434.30	470.79	13.36	407.66	0.39	185.62	16057.67	-16160.71	8986.52
Saccade R	1	29	1429437465	1429509445	71980	1002.92	642.41	434.30	470.79	13.36	407.66	0.39	185.62	16057.67	-16160.71	8986.52
Fixation L	1	20	1429509445	1429869341	359896	411.42	481.27	38	41	-1	13.32	13.32
Fixation R	1	20	1429509445	1429869341	359896	411.42	481.27	38	41	-1	13.63	13.63
Fixation L	1	21	1429989460	1430113311	123851	954.17	579.66	34	40	-1	13.51	13.51
Fixation R	1	21	1429989460	1430113311	123851	954.17	579.66	34	40	-1	13.80	13.80
Saccade L	1	30	1430113311	1430149328	36017	965.12	595.54	961.24	608.90	1.40	78.00	0.33	38.93	3102.74	-1996.99	1580.17
Saccade R	1	30	1430113311	1430149328	36017	965.12	595.54	961.24	608.90	1.40	78.00	0.33	38.93	3102.74	-1996.99	1580.17
Fixation L	1	22	1430149328	1430261330	112002	985.78	621.34	57	30	-1	13.68	13.68
Fixation R	1	22	1430149328	1430261330	112002	985.78	621.34	57	30	-1	13.92	13.92
Saccade L	1	31	1430261330	1430285318	23988	1015.15	633.87	983.67	623.26	0.63	40.43	0.33	26.41	1438.13	-1401.05	1105.88
Saccade R	1	31	1430261330	1430285318	23988	1015.15	633.87	983.67	623.26	0.63	40.43	0.33	26.41	1438.13	-1401.05	1105.88
Fixation L	1	23	1430313336	1430669339	356003	1023.86	641.12	54	65	-1	13.90	13.90
Fixation R	1	23	1430313336	1430669339	356003	1023.86	641.12	54	65	-1	14.03	14.03
Saccade L	1	32	1430669339	1430733331	63992	1023.48	635.84	386.24	506.38	14.65	422.09	0.37	228.93	19254.52	-15715.79	10483.02
Saccade R	1	32	1430669339	1430733331	63992	1023.48	635.84	386.24	506.38	14.65	422.09	0.37	228.93	19254.52	-15715.79	10483.02
Fixation L	1	24	1430733331	1431045326	311995	376.68	500.28	48	41	-1	13.66	13.66
Fixation R	1	24	1430733331	1431045326	311995	376.68	500.28	48	41	-1	13.13	13.13
Saccade L	1	33	1431045326	1431065332	20006	387.88	529.30	377.01	499.53	0.61	47.72	0.40	30.69	1895.81	-1798.00	1328.23
Saccade R	1	33	1431045326	1431065332	20006	387.88	529.30	377.01	499.53	0.61	47.72	0.40	30.69	1895.81	-1798.00	1328.23
Fixation L	1	25	1431065332	1431357268	291936	370.47	486.36	16	52	-1	13.66	13.66
Fixation R	1	25	1431065332	1431357268	291936	370.47	486.36	16	52	-1	13.29	13.29
Saccade L	1	34	1431357268	1431393357	36089	365.01	450.48	327.45	510.26	1.61	93.63	0.33	44.51	3889.96	-3211.60	2277.57
Saccade R	1	34	1431357268	1431393357	36089	365.01	450.48	327.45	510.26	1.61	93.63	0.33	44.51	3889.96	-3211.60	2277.57
Fixation L	1	26	1431393357	1431545216	151859	320.97	523.75	11	18	-1	13.71	13.71
Fixation R	1	26	1431393357	1431545216	151859	320.97	523.75	11	18	-1	13.32	13.32
Saccade L	1	35	1431545216	1431609209	63993	315.39	516.71	895.18	635.22	13.19	345.76	0.37	206.11	16545.10	-15548.50	9119.36
Saccade R	1	35	1431545216	1431609209	63993	315.39	516.71	895.18	635.22	13.19	345.76	0.37	206.11	16545.10	-15548.50	9119.36
Fixation L	1	27	1431609209	1431869260	260051	929.95	632.87	55	31	-1	13.96	13.96
Fixation R	1	27	1431609209	1431869260	260051	929.95	632.87	55	31	-1	13.98	13.98
Saccade L	1	36	1431869260	1431897223	27963	944.48	659.45	917.01	673.98	0.88	62.34	0.43	31.33	1859.54	-1976.08	1301.66
Saccade R	1	36	1431869260	1431897223	27963	944.48	659.45	917.01	673.98	0.88	62.34	0.43	31.33	1859.54	-1976.08	1301.66
Fixation L	1	28	1431897223	1432097211	199988	902.97	679.38	42	35	-1	13.81	13.81
Fixation R	1	28	1431897223	1432097211	199988	902.97	679.38	42	35	-1	14.08	14.08
Saccade L	1	37	1432097211	1432121207	23996	876.63	663.65	829.96	646.56	0.94	69.46	0.50	39.19	2809.22	-2436.25	1735.21
Saccade R	1	37	1432097211	1432121207	23996	876.63	663.65	829.96	646.56	0.94	69.46	0.50	39.19	2809.22	-2436.25	1735.21
Fixation L	1	29	1432121207	1432193205	71998	835.41	649.47	29	16	-1	13.40	13.40
Fixation R	1	29	1432121207	1432193205	71998	835.41	649.47	29	16	-1	14.42	14.42
Saccade L	1	38	1432205211	1432253217	48006	857.74	650.11	879.39	661.64	2.88	133.19	0.67	60.07	1920.41	-5162.87	2109.28
Saccade R	1	38	1432205211	1432253217	48006	857.74	650.11	879.39	661.64	2.88	133.19	0.67	60.07	1920.41	-5162.87	2109.28
Saccade L	1	39	1432261240	1432281219	19979	888.87	656.30	858.40	656.64	0.74	73.18	0.40	37.07	1961.40	-1497.27	981.11
Saccade R	1	39	1432261240	1432281219	19979	888.87	656.30	858.40	656.64	0.74	73.18	0.40	37.07	1961.40	-1497.27	981.11
Saccade L	1	40	1432281219	1432309244	28025	858.40	656.64	800.67	644.98	1.06	77.28	0.43	37.75	2310.02	-3110.22	1707.25
Saccade R	1	40	1432281219	1432309244	28025	858.40	656.64	800.67	644.98	1.06	77.28	0.43	37.75	2310.02	-3110.22	1707.25
Saccade L	1	41	1432317245	1432337212	19967	816.43	647.70	778.54	645.31	0.63	52.88	0.60	31.57	1729.93	-1874.19	1314.91
Saccade R	1	41	1432317245	1432337212	19967	816.43	647.70	778.54	645.31	0.63	52.88	0.60	31.57	1729.93	-1874.19	1314.91
Saccade L	1	42	1432345235	1432385255	40020	772.33	648.60	852.33	638.45	1.77	71.85	0.60	44.34	2619.97	-2335.11	1713.98
Saccade R	1	42	1432345235	1432385255	40020	772.33	648.60	852.33	638.45	1.77	71.85	0.60	44.34	2619.97	-2335.11	1713.98
Saccade L	1	43	1432385255	1432449223	63968	852.33	638.45	839.82	675.76	3.55	109.58	0.37	55.57	4735.55	-3203.52	1967.37
Saccade R	1	43	1432385255	1432449223	63968	852.33	638.45	839.82	675.76	3.55	109.58	0.37	55.57	4735.55	-3203.52	1967.37
Fixation L	1	30	1432449223	1432501217	51994	827.21	680.62	24	12	-1	13.28	13.28
Fixation R	1	30	1432449223	1432501217	51994	827.21	680.62	24	12	-1	14.92	14.92
Saccade L	1	44	1432541224	1432565240	24016	855.29	661.68	886.04	653.58	1.01	82.88	0.33	41.99	471.03	-2867.76	1023.49
Saccade R	1	44	1432541224	1432565240	24016	855.29	661.68	886.04	653.58	1.01	82.88	0.33	41.99	471.03	-2867.76	1023.49
Saccade L	1	45	1432565240	1432605155	39915	886.04	653.58	967.48	652.93	1.76	91.29	0.70	44.07	3136.63	-3788.99	2303.14
Saccade R	1	45	1432565240	1432605155	39915	886.04	653.58	967.48	652.93	1.76	91.29	0.70	44.07	3136.63	-3788.99	2303.14
Fixation L	1	31	1432605155	1432741213	136058	954.83	655.23	53	13	-1	13.73	13.73
Fixation R	1	31	1432605155	1432741213	136058	954.83	655.23	53	13	-1	14.71	14.71
Saccade L	1	46	1432757230	1432789214	31984	902.55	660.92	920.36	695.63	1.50	72.38	0.38	46.81	1654.90	-2041.02	1178.06
Saccade R	1	46	1432757230	1432789214	31984	902.55	660.92	920.36	695.63	1.50	72.38	0.38	46.81	1654.90	-2041.02	1178.06
Fixation L	1	32	1432789214	1432841221	52007	935.48	691.09	23	17	-1	13.23	13.23
Fixation R	1	32	1432789214	1432841221	52007	935.48	691.09	23	17	-1	14.97	14.97
Saccade L	1	47	1432841221	1432877128	35907	941.79	678.14	880.88	667.73	1.28	55.58	0.33	35.65	1803.00	-1512.59	1262.21
Saccade R	1	47	1432841221	1432877128	35907	941.79	678.14	880.88	667.73	1.28	55.58	0.33	35.65	1803.00	-1512.59	1262.21
Fixation L	1	33	1432877128	1432977099	99971	874.80	669.58	22	9	-1	11.61	11.61
Fixation R	1	33	1432877128	1432977099	99971	874.80	669.58	22	9	-1	15.12	15.12
Saccade L	1	48	1432977099	1433009095	31996	886.70	677.07	916.40	705.96	0.95	46.49	0.63	29.78	1616.03	-1595.84	1123.44
Saccade R	1	48	1432977099	1433009095	31996	886.70	677.07	916.40	705.96	0.95	46.49	0.63	29.78	1616.03	-1595.84	1123.44
Saccade L	1	49	1433017114	1433057090	39976	920.65	711.32	881.06	690.24	1.23	59.85	0.30	30.73	1918.06	-1371.22	996.63
Saccade R	1	49	1433017114	1433057090	39976	920.65	711.32	881.06	690.24	1.23	59.85	0.30	30.73	1918.06	-1371.22	996.63
Fixation L	1	34	1433057090	1433137105	80015	888.95	693.47	40	13	-1	12.56	12.56
Fixation R	1	34	1433057090	1433137105	80015	888.95	693.47	40	13	-1	15.47	15.47
Saccade L	1	50	1433237098	1433269122	32024	824.88	693.74	815.74	685.66	1.45	82.10	0.50	45.14	1676.22	-2564.36	1421.39
Saccade R	1	50	1433237098	1433269122	32024	824.88	693.74	815.74	685.66	1.45	82.10	0.50	45.14	1676.22	-2564.36	1421.39
Fixation L	1	35	1433269122	1433533114	263992	848.26	690.67	60	48	-1	13.25	13.25
Fixation R	1	35	1433269122	1433533114	263992	848.26	690.67	60	48	-1	14.83	14.83
Saccade L	1	51	1433533114	1433573117	40003	837.27	700.91	807.03	663.43	1.24	44.96	0.60	31.00	1411.45	-1603.65	1084.56
Saccade R	1	51	1433533114	1433573117	40003	837.27	700.91	807.03	663.43	1.24	44.96	0.60	31.00	1411.45	-1603.65	1084.56
Saccade L	1	52	1433585098	1433625121	40023	802.51	652.97	886.15	668.99	1.85	79.59	0.50	46.20	2696.61	-3308.10	2111.04
Saccade R	1	52	1433585098	1433625121	40023	802.51	652.97	886.15	668.99	1.85	79.59	0.50	46.20	2696.61	-3308.10	2111.04
Saccade L	1	53	1433637111	1433689121	52010	887.22	672.31	828.63	635.48	1.62	57.20	0.23	31.07	2218.72	-1188.01	812.14
Saccade R	1	53	1433637111	1433689121	52010	887.22	672.31	828.63	635.48	1.62	57.20	0.23	31.07	2218.72	-1188.01	812.14
Saccade L	1	54	1433689121	1433725100	35979	828.63	635.48	836.54	672.08	1.03	48.65	0.44	28.62	1535.53	-1537.77	1022.13
Saccade R	1	54	1433689121	1433725100	35979	828.63	635.48	836.54	672.08	1.03	48.65	0.44	28.62	1535.53	-1537.77	1022.13
Fixation L	1	36	1433725100	1433885107	160007	838.59	658.56	32	35	-1	13.63	13.63
Fixation R	1	36	1433725100	1433885107	160007	838.59	658.56	32	35	-1	14.34	14.34
