[BeGaze]
Converted from:	D:\Kirillov\Results\ermolova_temp\Kate 04-eye_data.idf
Date:	17.04.2019 03:52:46
Version:	BeGaze 3.0.181
Sample Rate:	250
Subject:	Kate 04
Description:	Run14

Table Header for Fixations:
Event Type	Trial	Number	Start	End	Duration	Location X	Location Y	Dispersion X	Dispersion Y	Plane	Avg. Pupil Size X	Avg. Pupil Size Y

Table Header for Saccades:
Event Type	Trial	Number	Start	End	Duration	Start Loc.X	Start Loc.Y	End Loc.X	End Loc.Y	Amplitude	Peak Speed	Peak Speed At	Average Speed	Peak Accel.	Peak Decel.	Average Accel.

Table Header for User Events:
Event Type	Trial	Number	Start	Description

UserEvent	1	1	3914995552	# Message: experiment-01.jpg
Fixation L	1	1	3914998308	3915194292	195984	223.93	800.66	14	13	-1	12.69	12.69
Fixation R	1	1	3914998308	3915194292	195984	223.93	800.66	14	13	-1	12.19	12.19
Saccade L	1	1	3915194292	3915266314	72022	229.89	810.04	640.08	420.30	12.93	475.73	0.28	179.60	23077.07	-18372.48	10756.46
Saccade R	1	1	3915194292	3915266314	72022	229.89	810.04	640.08	420.30	12.93	475.73	0.28	179.60	23077.07	-18372.48	10756.46
Fixation L	1	2	3915266314	3915506297	239983	642.11	404.26	30	28	-1	12.96	12.96
Fixation R	1	2	3915266314	3915506297	239983	642.11	404.26	30	28	-1	12.37	12.37
Saccade L	1	2	3915506297	3915566310	60013	632.39	391.03	583.52	449.78	1.72	83.35	0.27	28.62	3730.58	-3206.95	1599.70
Saccade R	1	2	3915506297	3915566310	60013	632.39	391.03	583.52	449.78	1.72	83.35	0.27	28.62	3730.58	-3206.95	1599.70
Fixation L	1	3	3915566310	3915666295	99985	602.93	457.93	29	13	-1	12.20	12.20
Fixation R	1	3	3915566310	3915666295	99985	602.93	457.93	29	13	-1	11.45	11.45
Saccade L	1	3	3915666295	3915730298	64003	610.23	465.25	883.13	87.33	10.53	342.97	0.50	164.57	12862.71	-13310.56	8373.39
Saccade R	1	3	3915666295	3915730298	64003	610.23	465.25	883.13	87.33	10.53	342.97	0.50	164.57	12862.71	-13310.56	8373.39
Fixation L	1	4	3915730298	3915914312	184014	885.93	63.75	19	41	-1	11.78	11.78
Fixation R	1	4	3915730298	3915914312	184014	885.93	63.75	19	41	-1	11.01	11.01
Saccade L	1	4	3915914312	3915966310	51998	879.88	43.64	811.70	57.13	1.48	64.58	0.31	28.52	2541.77	-2237.17	1368.97
Saccade R	1	4	3915914312	3915966310	51998	879.88	43.64	811.70	57.13	1.48	64.58	0.31	28.52	2541.77	-2237.17	1368.97
Fixation L	1	5	3915966310	3916030175	63865	825.18	67.15	26	19	-1	11.91	11.91
Fixation R	1	5	3915966310	3916030175	63865	825.18	67.15	26	19	-1	10.95	10.95
Saccade L	1	5	3916030175	3916106186	76011	834.20	77.62	1146.36	671.63	15.39	322.44	0.26	202.45	15332.16	-10799.37	7279.07
Saccade R	1	5	3916030175	3916106186	76011	834.20	77.62	1146.36	671.63	15.39	322.44	0.26	202.45	15332.16	-10799.37	7279.07
Fixation L	1	6	3916106186	3916330202	224016	1149.98	677.26	18	20	-1	12.17	12.17
Fixation R	1	6	3916106186	3916330202	224016	1149.98	677.26	18	20	-1	11.23	11.23
Saccade L	1	6	3916330202	3916462177	131975	1148.93	693.48	215.57	168.77	24.44	376.40	0.52	185.17	10593.46	-12685.71	4938.04
Saccade R	1	6	3916330202	3916462177	131975	1148.93	693.48	215.57	168.77	24.44	376.40	0.52	185.17	10593.46	-12685.71	4938.04
Fixation L	1	7	3916462177	3916554184	92007	226.68	176.82	23	25	-1	12.47	12.47
Fixation R	1	7	3916462177	3916554184	92007	226.68	176.82	23	25	-1	11.05	11.05
Saccade L	1	7	3916554184	3916598218	44034	239.14	189.64	259.47	136.42	1.29	60.24	0.64	29.18	2039.37	-2893.34	1623.71
Saccade R	1	7	3916554184	3916598218	44034	239.14	189.64	259.47	136.42	1.29	60.24	0.64	29.18	2039.37	-2893.34	1623.71
Fixation L	1	8	3916598218	3916698238	100020	270.29	140.12	21	23	-1	12.28	12.28
Fixation R	1	8	3916598218	3916698238	100020	270.29	140.12	21	23	-1	11.02	11.02
Saccade L	1	8	3916698238	3916754179	55941	276.68	152.44	389.32	174.79	3.13	205.35	0.21	55.99	8945.43	-7674.78	3641.48
Saccade R	1	8	3916698238	3916754179	55941	276.68	152.44	389.32	174.79	3.13	205.35	0.21	55.99	8945.43	-7674.78	3641.48
Fixation L	1	9	3916754179	3916834199	80020	394.72	166.68	24	15	-1	12.35	12.35
Fixation R	1	9	3916754179	3916834199	80020	394.72	166.68	24	15	-1	11.22	11.22
Saccade L	1	9	3916850182	3916886198	36016	374.26	172.05	509.48	177.89	2.81	191.50	0.56	77.95	8652.38	-9099.10	5418.28
Saccade R	1	9	3916850182	3916886198	36016	374.26	172.05	509.48	177.89	2.81	191.50	0.56	77.95	8652.38	-9099.10	5418.28
Fixation L	1	10	3916886198	3917058214	172016	521.82	182.85	31	26	-1	12.53	12.53
Fixation R	1	10	3916886198	3917058214	172016	521.82	182.85	31	26	-1	11.50	11.50
Fixation L	1	11	3917174200	3917559063	384863	0.00	0.00	0	0	-1	11.85	11.85
Fixation R	1	11	3917174200	3917559063	384863	0.00	0.00	0	0	-1	10.82	10.82
Saccade L	1	10	3918043998	3918224469	180471	0.00	0.00	591.96	538.61	119.27	1536.24	0.94	660.87	64104.74	-63671.23	48296.70
Saccade R	1	10	3918043998	3918224469	180471	0.00	0.00	591.96	538.61	119.27	1536.24	0.94	660.87	64104.74	-63671.23	48296.70
Fixation L	1	12	3918224469	3918352467	127998	587.47	529.90	20	23	-1	13.81	13.81
Fixation R	1	12	3918224469	3918352467	127998	587.47	529.90	20	23	-1	12.56	12.56
Saccade L	1	11	3918352467	3918404452	51985	586.83	523.51	472.36	452.50	3.18	170.88	0.31	61.17	7097.70	-6241.18	3709.79
Saccade R	1	11	3918352467	3918404452	51985	586.83	523.51	472.36	452.50	3.18	170.88	0.31	61.17	7097.70	-6241.18	3709.79
Fixation L	1	13	3918404452	3918592464	188012	461.42	444.54	27	22	-1	14.23	14.23
Fixation R	1	13	3918404452	3918592464	188012	461.42	444.54	27	22	-1	12.79	12.79
Saccade L	1	12	3918592464	3918632470	40006	465.58	444.66	273.09	425.42	4.25	217.96	0.40	106.15	10557.79	-9881.54	7118.50
Saccade R	1	12	3918592464	3918632470	40006	465.58	444.66	273.09	425.42	4.25	217.96	0.40	106.15	10557.79	-9881.54	7118.50
Fixation L	1	14	3918632470	3918776478	144008	252.99	411.55	28	19	-1	13.99	13.99
Fixation R	1	14	3918632470	3918776478	144008	252.99	411.55	28	19	-1	12.66	12.66
Saccade L	1	13	3918776478	3918824456	47978	248.93	413.97	483.62	445.74	5.28	206.83	0.33	109.97	9884.12	-9067.08	6291.32
Saccade R	1	13	3918776478	3918824456	47978	248.93	413.97	483.62	445.74	5.28	206.83	0.33	109.97	9884.12	-9067.08	6291.32
Fixation L	1	15	3918824456	3918892475	68019	500.93	437.87	33	36	-1	13.48	13.48
Fixation R	1	15	3918824456	3918892475	68019	500.93	437.87	33	36	-1	12.36	12.36
Saccade L	1	14	3918892475	3918928459	35984	514.05	417.82	599.02	424.85	1.89	103.22	0.44	52.62	4865.40	-4486.69	3425.35
Saccade R	1	14	3918892475	3918928459	35984	514.05	417.82	599.02	424.85	1.89	103.22	0.44	52.62	4865.40	-4486.69	3425.35
Fixation L	1	16	3918928459	3919240467	312008	612.46	421.28	22	28	-1	12.66	12.66
Fixation R	1	16	3918928459	3919240467	312008	612.46	421.28	22	28	-1	11.84	11.84
Saccade L	1	15	3919240467	3919320475	80008	618.91	408.17	0.00	0.00	37.70	1491.34	0.70	471.23	48533.70	-43163.68	18267.56
Saccade R	1	15	3919240467	3919320475	80008	618.91	408.17	0.00	0.00	37.70	1491.34	0.70	471.23	48533.70	-43163.68	18267.56
Fixation L	1	17	3919320475	3919870085	549610	0.00	0.00	0	0	-1	10.79	10.79
Fixation R	1	17	3919320475	3919870085	549610	0.00	0.00	0	0	-1	5.79	5.79
Saccade L	1	16	3919870085	3923820269	3950184	0.00	0.00	1035.11	126.16	3409.27	2012.53	1.00	863.07	83915.21	-83191.37	63027.52
Saccade R	1	16	3919870085	3923820269	3950184	0.00	0.00	1035.11	126.16	3409.27	2012.53	1.00	863.07	83915.21	-83191.37	63027.52
Fixation L	1	18	3923820269	3923928147	107878	1038.63	155.46	30	43	-1	12.62	12.62
Fixation R	1	18	3923820269	3923928147	107878	1038.63	155.46	30	43	-1	11.75	11.75
Saccade L	1	17	3923928147	3923992138	63991	1046.52	168.55	949.17	172.92	2.40	91.85	0.50	37.53	3102.73	-2991.20	1477.97
Saccade R	1	17	3923928147	3923992138	63991	1046.52	168.55	949.17	172.92	2.40	91.85	0.50	37.53	3102.73	-2991.20	1477.97
Fixation L	1	19	3923992138	3924280134	287996	930.92	216.93	58	67	-1	12.71	12.71
Fixation R	1	19	3923992138	3924280134	287996	930.92	216.93	58	67	-1	11.88	11.88
Saccade L	1	18	3924280134	3924328118	47984	917.42	242.13	1078.20	239.21	3.70	196.98	0.25	77.12	9162.05	-8787.05	5084.90
Saccade R	1	18	3924280134	3924328118	47984	917.42	242.13	1078.20	239.21	3.70	196.98	0.25	77.12	9162.05	-8787.05	5084.90
Fixation L	1	20	3924328118	3924520125	192007	1092.74	253.05	24	25	-1	13.01	13.01
Fixation R	1	20	3924328118	3924520125	192007	1092.74	253.05	24	25	-1	12.04	12.04
Saccade L	1	19	3924520125	3924552128	32003	1096.20	255.12	1197.12	255.83	2.06	155.35	0.50	64.29	7228.69	-6846.24	5048.24
Saccade R	1	19	3924520125	3924552128	32003	1096.20	255.12	1197.12	255.83	2.06	155.35	0.50	64.29	7228.69	-6846.24	5048.24
Fixation L	1	21	3924552128	3924704138	152010	1200.50	269.06	20	21	-1	13.07	13.07
Fixation R	1	21	3924552128	3924704138	152010	1200.50	269.06	20	21	-1	12.08	12.08
Saccade L	1	20	3924704138	3924748153	44015	1186.44	272.00	1278.85	261.17	2.03	95.72	0.36	46.05	4453.01	-3450.22	2614.30
Saccade R	1	20	3924704138	3924748153	44015	1186.44	272.00	1278.85	261.17	2.03	95.72	0.36	46.05	4453.01	-3450.22	2614.30
Fixation L	1	22	3924748153	3925112133	363980	1310.26	243.78	61	56	-1	12.95	12.95
Fixation R	1	22	3924748153	3925112133	363980	1310.26	243.78	61	56	-1	11.94	11.94
Saccade L	1	21	3925112133	3925224131	111998	1327.86	212.66	359.92	270.89	22.14	420.47	0.39	197.71	20105.74	-15890.23	6847.01
Saccade R	1	21	3925112133	3925224131	111998	1327.86	212.66	359.92	270.89	22.14	420.47	0.39	197.71	20105.74	-15890.23	6847.01
Fixation L	1	23	3925224131	3925312007	87876	362.35	281.87	8	26	-1	12.85	12.85
Fixation R	1	23	3925224131	3925312007	87876	362.35	281.87	8	26	-1	11.73	11.73
Saccade L	1	22	3925312007	3925364016	52009	358.57	296.90	284.44	259.21	1.81	89.72	0.23	34.89	4015.46	-2813.05	1808.20
Saccade R	1	22	3925312007	3925364016	52009	358.57	296.90	284.44	259.21	1.81	89.72	0.23	34.89	4015.46	-2813.05	1808.20
Fixation L	1	24	3925364016	3925516036	152020	296.45	275.75	22	25	-1	12.74	12.74
Fixation R	1	24	3925364016	3925516036	152020	296.45	275.75	22	25	-1	11.75	11.75
Saccade L	1	23	3925516036	3925548010	31974	284.51	285.04	424.24	281.47	2.84	201.68	0.50	88.81	9009.37	-8837.64	6592.22
Saccade R	1	23	3925516036	3925548010	31974	284.51	285.04	424.24	281.47	2.84	201.68	0.50	88.81	9009.37	-8837.64	6592.22
Fixation L	1	25	3925548010	3925796032	248022	428.50	290.82	22	30	-1	12.75	12.75
Fixation R	1	25	3925548010	3925796032	248022	428.50	290.82	22	30	-1	11.85	11.85
Saccade L	1	24	3925796032	3925864008	67976	434.72	287.88	498.10	647.03	8.32	291.51	0.24	122.36	14001.07	-10539.81	6399.41
Saccade R	1	24	3925796032	3925864008	67976	434.72	287.88	498.10	647.03	8.32	291.51	0.24	122.36	14001.07	-10539.81	6399.41
Fixation L	1	26	3925864008	3925968044	104036	495.40	660.11	20	28	-1	12.85	12.85
Fixation R	1	26	3925864008	3925968044	104036	495.40	660.11	20	28	-1	11.82	11.82
Saccade L	1	25	3925968044	3926016025	47981	502.95	665.72	561.06	731.42	2.67	107.46	0.58	55.61	2883.29	-4573.87	2706.75
Saccade R	1	25	3925968044	3926016025	47981	502.95	665.72	561.06	731.42	2.67	107.46	0.58	55.61	2883.29	-4573.87	2706.75
Fixation L	1	27	3926016025	3926100013	83988	565.54	720.61	15	23	-1	12.80	12.80
Fixation R	1	27	3926016025	3926100013	83988	565.54	720.61	15	23	-1	11.93	11.93
Saccade L	1	26	3926100013	3926156047	56034	569.48	713.72	572.36	711.31	2.05	90.36	0.57	36.51	3349.78	-3095.56	1722.90
Saccade R	1	26	3926100013	3926156047	56034	569.48	713.72	572.36	711.31	2.05	90.36	0.57	36.51	3349.78	-3095.56	1722.90
Saccade L	1	27	3926184018	3926264041	80023	583.00	705.39	461.23	259.24	11.16	289.24	0.50	139.44	11549.90	-10810.54	6065.63
Saccade R	1	27	3926184018	3926264041	80023	583.00	705.39	461.23	259.24	11.16	289.24	0.50	139.44	11549.90	-10810.54	6065.63
Fixation L	1	28	3926264041	3926388017	123976	453.07	258.32	42	31	-1	12.73	12.73
Fixation R	1	28	3926264041	3926388017	123976	453.07	258.32	42	31	-1	11.70	11.70
Saccade L	1	28	3926388017	3926412012	23995	465.46	261.18	460.96	286.69	0.49	42.07	0.50	20.28	1301.39	-1315.89	991.62
Saccade R	1	28	3926388017	3926412012	23995	465.46	261.18	460.96	286.69	0.49	42.07	0.50	20.28	1301.39	-1315.89	991.62
Fixation L	1	29	3926412012	3926520018	108006	466.59	296.44	24	29	-1	12.75	12.75
Fixation R	1	29	3926412012	3926520018	108006	466.59	296.44	24	29	-1	11.63	11.63
Saccade L	1	29	3926520018	3926572015	51997	460.99	311.43	639.14	309.05	3.77	209.25	0.31	72.58	9797.53	-8599.89	4972.32
Saccade R	1	29	3926520018	3926572015	51997	460.99	311.43	639.14	309.05	3.77	209.25	0.31	72.58	9797.53	-8599.89	4972.32
Fixation L	1	30	3926572015	3926759911	187896	642.73	282.97	24	46	-1	12.68	12.68
Fixation R	1	30	3926572015	3926759911	187896	642.73	282.97	24	46	-1	11.67	11.67
Saccade L	1	30	3926759911	3926807892	47981	633.89	288.76	757.53	275.72	2.74	151.67	0.33	57.16	7238.00	-6653.49	3854.64
Saccade R	1	30	3926759911	3926807892	47981	633.89	288.76	757.53	275.72	2.74	151.67	0.33	57.16	7238.00	-6653.49	3854.64
Fixation L	1	31	3926807892	3926935897	128005	773.47	276.67	26	19	-1	12.89	12.89
Fixation R	1	31	3926807892	3926935897	128005	773.47	276.67	26	19	-1	11.99	11.99
Saccade L	1	31	3926935897	3926963928	28031	773.68	279.73	714.20	297.67	1.29	86.16	0.43	45.85	4052.24	-987.97	2075.07
Saccade R	1	31	3926935897	3926963928	28031	773.68	279.73	714.20	297.67	1.29	86.16	0.43	45.85	4052.24	-987.97	2075.07
Saccade L	1	32	3926963928	3926995891	31963	714.20	297.67	782.83	264.95	1.69	129.33	0.25	52.99	2517.37	-5430.98	2683.15
Saccade R	1	32	3926963928	3926995891	31963	714.20	297.67	782.83	264.95	1.69	129.33	0.25	52.99	2517.37	-5430.98	2683.15
Fixation L	1	32	3926995891	3927127904	132013	776.32	275.82	14	35	-1	13.04	13.04
Fixation R	1	32	3926995891	3927127904	132013	776.32	275.82	14	35	-1	12.16	12.16
Saccade L	1	33	3927127904	3927199898	71994	776.34	280.04	1082.39	709.94	11.83	338.65	0.39	164.32	15721.21	-9541.42	7240.77
Saccade R	1	33	3927127904	3927199898	71994	776.34	280.04	1082.39	709.94	11.83	338.65	0.39	164.32	15721.21	-9541.42	7240.77
Fixation L	1	33	3927199898	3927379901	180003	1098.31	722.49	31	38	-1	13.08	13.08
Fixation R	1	33	3927199898	3927379901	180003	1098.31	722.49	31	38	-1	12.21	12.21
Saccade L	1	34	3927379901	3927439929	60028	1096.92	739.37	1090.62	490.74	5.46	263.13	0.60	91.00	12039.32	-11102.04	6051.05
Saccade R	1	34	3927379901	3927439929	60028	1096.92	739.37	1090.62	490.74	5.46	263.13	0.60	91.00	12039.32	-11102.04	6051.05
Fixation L	1	34	3927439929	3927583903	143974	1086.21	486.15	26	23	-1	13.14	13.14
Fixation R	1	34	3927439929	3927583903	143974	1086.21	486.15	26	23	-1	12.08	12.08
Saccade L	1	35	3927583903	3927655917	72014	1093.07	494.52	1008.02	458.41	2.32	119.49	0.22	32.28	4997.58	-4445.03	1813.83
Saccade R	1	35	3927583903	3927655917	72014	1093.07	494.52	1008.02	458.41	2.32	119.49	0.22	32.28	4997.58	-4445.03	1813.83
Fixation L	1	35	3927655917	3927743914	87997	1009.52	458.45	8	10	-1	12.74	12.74
Fixation R	1	35	3927655917	3927743914	87997	1009.52	458.45	8	10	-1	11.96	11.96
Saccade L	1	36	3927743914	3927803900	59986	1014.30	465.18	1166.34	496.34	3.70	175.76	0.40	61.73	8039.95	-7710.51	4090.89
Saccade R	1	36	3927743914	3927803900	59986	1014.30	465.18	1166.34	496.34	3.70	175.76	0.40	61.73	8039.95	-7710.51	4090.89
Fixation L	1	36	3927803900	3927963915	160015	1171.14	497.69	6	11	-1	12.57	12.57
Fixation R	1	36	3927803900	3927963915	160015	1171.14	497.69	6	11	-1	11.91	11.91
Saccade L	1	37	3927963915	3928039913	75998	1173.84	489.95	1112.06	730.99	5.85	260.01	0.37	76.97	10559.88	-10594.84	4699.99
Saccade R	1	37	3927963915	3928039913	75998	1173.84	489.95	1112.06	730.99	5.85	260.01	0.37	76.97	10559.88	-10594.84	4699.99
Fixation L	1	37	3928039913	3928175810	135897	1113.73	727.29	12	22	-1	12.73	12.73
Fixation R	1	37	3928039913	3928175810	135897	1113.73	727.29	12	22	-1	11.92	11.92
Saccade L	1	38	3928175810	3928275796	99986	1116.49	716.15	471.76	415.64	16.45	392.50	0.40	164.54	17685.70	-10630.44	6857.70
Saccade R	1	38	3928175810	3928275796	99986	1116.49	716.15	471.76	415.64	16.45	392.50	0.40	164.54	17685.70	-10630.44	6857.70
Fixation L	1	38	3928275796	3928423804	148008	488.09	426.39	26	41	-1	13.44	13.44
Fixation R	1	38	3928275796	3928423804	148008	488.09	426.39	26	41	-1	12.01	12.01
Saccade L	1	39	3928423804	3928479794	55990	486.73	451.50	451.32	517.48	1.80	90.14	0.29	32.15	4083.61	-3408.77	1798.08
Saccade R	1	39	3928423804	3928479794	55990	486.73	451.50	451.32	517.48	1.80	90.14	0.29	32.15	4083.61	-3408.77	1798.08
Fixation L	1	39	3928479794	3928583787	103993	461.09	514.14	16	9	-1	13.77	13.77
Fixation R	1	39	3928479794	3928583787	103993	461.09	514.14	16	9	-1	12.06	12.06
Saccade L	1	40	3928583787	3928627789	44002	468.81	514.08	653.02	509.99	4.00	202.57	0.36	91.01	9499.94	-7754.18	5893.17
Saccade R	1	40	3928583787	3928627789	44002	468.81	514.08	653.02	509.99	4.00	202.57	0.36	91.01	9499.94	-7754.18	5893.17
Fixation L	1	40	3928627789	3928791783	163994	662.69	505.89	36	26	-1	14.05	14.05
Fixation R	1	40	3928627789	3928791783	163994	662.69	505.89	36	26	-1	12.60	12.60
Saccade L	1	41	3928791783	3928863796	72013	673.86	491.44	284.00	265.03	10.32	322.18	0.50	143.31	10416.33	-12551.68	6694.37
Saccade R	1	41	3928791783	3928863796	72013	673.86	491.44	284.00	265.03	10.32	322.18	0.50	143.31	10416.33	-12551.68	6694.37
Fixation L	1	41	3928863796	3929011809	148013	289.11	280.17	34	26	-1	13.87	13.87
Fixation R	1	41	3928863796	3929011809	148013	289.11	280.17	34	26	-1	12.39	12.39
Saccade L	1	42	3929011809	3929079794	67985	286.67	278.03	318.81	458.76	4.86	284.95	0.35	71.47	12127.15	-12425.83	5028.50
Saccade R	1	42	3929011809	3929079794	67985	286.67	278.03	318.81	458.76	4.86	284.95	0.35	71.47	12127.15	-12425.83	5028.50
Fixation L	1	42	3929079794	3929287809	208015	309.07	432.49	19	57	-1	13.47	13.47
Fixation R	1	42	3929079794	3929287809	208015	309.07	432.49	19	57	-1	12.20	12.20
Saccade L	1	43	3929287809	3929335799	47990	313.04	421.50	552.08	423.19	5.18	340.65	0.42	107.87	15067.86	-14574.90	8444.63
Saccade R	1	43	3929287809	3929335799	47990	313.04	421.50	552.08	423.19	5.18	340.65	0.42	107.87	15067.86	-14574.90	8444.63
Fixation L	1	43	3929335799	3929723668	387869	600.55	423.97	87	35	-1	13.20	13.20
Fixation R	1	43	3929335799	3929723668	387869	600.55	423.97	87	35	-1	12.22	12.22
Saccade L	1	44	3929723668	3929791688	68020	629.96	423.69	799.06	378.23	4.09	203.24	0.29	60.12	9206.90	-7300.54	3784.65
Saccade R	1	44	3929723668	3929791688	68020	629.96	423.69	799.06	378.23	4.09	203.24	0.29	60.12	9206.90	-7300.54	3784.65
Fixation L	1	44	3929791688	3929895674	103986	802.88	382.21	7	20	-1	13.11	13.11
Fixation R	1	44	3929791688	3929895674	103986	802.88	382.21	7	20	-1	12.30	12.30
Saccade L	1	45	3929895674	3929959675	64001	802.29	393.98	339.30	227.63	10.94	301.09	0.63	170.98	12139.99	-13413.49	7682.12
Saccade R	1	45	3929895674	3929959675	64001	802.29	393.98	339.30	227.63	10.94	301.09	0.63	170.98	12139.99	-13413.49	7682.12
Fixation L	1	45	3929959675	3930155697	196022	333.93	233.56	11	29	-1	13.01	13.01
Fixation R	1	45	3929959675	3930155697	196022	333.93	233.56	11	29	-1	12.02	12.02
Saccade L	1	46	3930155697	3930203684	47987	337.95	240.45	393.35	264.26	1.28	66.04	0.25	26.68	2898.98	-2095.57	1346.54
Saccade R	1	46	3930155697	3930203684	47987	337.95	240.45	393.35	264.26	1.28	66.04	0.25	26.68	2898.98	-2095.57	1346.54
Fixation L	1	46	3930203684	3930347693	144009	396.94	259.31	7	11	-1	13.08	13.08
Fixation R	1	46	3930203684	3930347693	144009	396.94	259.31	7	11	-1	11.85	11.85
Saccade L	1	47	3930347693	3930411668	63975	399.00	255.93	596.07	246.66	4.39	218.96	0.25	68.67	10665.30	-9505.63	4678.43
Saccade R	1	47	3930347693	3930411668	63975	399.00	255.93	596.07	246.66	4.39	218.96	0.25	68.67	10665.30	-9505.63	4678.43
Fixation L	1	47	3930411668	3930587704	176036	584.84	258.24	24	25	-1	12.93	12.93
Fixation R	1	47	3930411668	3930587704	176036	584.84	258.24	24	25	-1	11.92	11.92
Saccade L	1	48	3930587704	3930627678	39974	575.83	269.04	741.01	264.66	3.57	176.45	0.40	89.32	8723.85	-7634.98	5903.64
Saccade R	1	48	3930587704	3930627678	39974	575.83	269.04	741.01	264.66	3.57	176.45	0.40	89.32	8723.85	-7634.98	5903.64
Fixation L	1	48	3930627678	3930767697	140019	753.14	245.60	17	33	-1	12.89	12.89
Fixation R	1	48	3930627678	3930767697	140019	753.14	245.60	17	33	-1	12.07	12.07
Saccade L	1	49	3930767697	3930815705	48008	753.11	231.94	963.36	242.10	4.59	201.63	0.42	95.63	9131.43	-7638.76	5767.07
Saccade R	1	49	3930767697	3930815705	48008	753.11	231.94	963.36	242.10	4.59	201.63	0.42	95.63	9131.43	-7638.76	5767.07
Fixation L	1	49	3930815705	3931055576	239871	987.92	228.83	33	22	-1	12.92	12.92
Fixation R	1	49	3930815705	3931055576	239871	987.92	228.83	33	22	-1	12.03	12.03
Saccade L	1	50	3931055576	3931075580	20004	991.05	223.13	1015.33	224.41	0.60	46.73	0.60	29.83	2081.14	176.73	1071.91
Saccade R	1	50	3931055576	3931075580	20004	991.05	223.13	1015.33	224.41	0.60	46.73	0.60	29.83	2081.14	176.73	1071.91
Saccade L	1	51	3931075580	3931099558	23978	1015.33	224.41	1057.11	225.94	0.79	56.48	0.50	32.98	489.48	-2187.09	1008.81
Saccade R	1	51	3931075580	3931099558	23978	1015.33	224.41	1057.11	225.94	0.79	56.48	0.50	32.98	489.48	-2187.09	1008.81
Fixation L	1	50	3931099558	3931327562	228004	1070.08	231.10	21	9	-1	12.97	12.97
Fixation R	1	50	3931099558	3931327562	228004	1070.08	231.10	21	9	-1	11.96	11.96
Fixation L	1	51	3931387572	3931619560	231988	1280.98	224.57	31	14	-1	12.91	12.91
Fixation R	1	51	3931387572	3931619560	231988	1280.98	224.57	31	14	-1	11.87	11.87
Fixation L	1	52	3931699559	3931775505	75946	1145.10	639.44	8	18	-1	13.28	13.28
Fixation R	1	52	3931699559	3931775505	75946	1145.10	639.44	8	18	-1	11.90	11.90
Saccade L	1	52	3931775505	3931827596	52091	1138.79	629.82	1208.81	619.47	1.90	100.64	0.46	36.55	4304.00	-4097.21	2189.94
Saccade R	1	52	3931775505	3931827596	52091	1138.79	629.82	1208.81	619.47	1.90	100.64	0.46	36.55	4304.00	-4097.21	2189.94
Saccade L	1	53	3931871589	3931919577	47988	1183.24	604.60	1097.81	459.29	4.68	250.64	0.50	97.47	11220.81	-11134.47	6707.61
Saccade R	1	53	3931871589	3931919577	47988	1183.24	604.60	1097.81	459.29	4.68	250.64	0.50	97.47	11220.81	-11134.47	6707.61
Fixation L	1	53	3931919577	3932083599	164022	1081.87	431.30	28	33	-1	12.96	12.96
Fixation R	1	53	3931919577	3932083599	164022	1081.87	431.30	28	33	-1	11.55	11.55
Saccade L	1	54	3932083599	3932135578	51979	1073.52	434.76	1197.50	459.73	2.79	177.93	0.31	53.73	7812.63	-7302.88	3831.37
Saccade R	1	54	3932083599	3932135578	51979	1073.52	434.76	1197.50	459.73	2.79	177.93	0.31	53.73	7812.63	-7302.88	3831.37
Fixation L	1	54	3932135578	3932311449	175871	1206.22	464.09	15	13	-1	12.85	12.85
Fixation R	1	54	3932135578	3932311449	175871	1206.22	464.09	15	13	-1	11.75	11.75
Saccade L	1	55	3932311449	3932359466	48017	1196.96	469.75	1013.48	485.23	4.01	188.98	0.25	83.48	9049.05	-5977.74	4875.09
Saccade R	1	55	3932311449	3932359466	48017	1196.96	469.75	1013.48	485.23	4.01	188.98	0.25	83.48	9049.05	-5977.74	4875.09
Fixation L	1	55	3932359466	3932583478	224012	1009.73	480.44	22	37	-1	12.87	12.87
Fixation R	1	55	3932359466	3932583478	224012	1009.73	480.44	22	37	-1	11.88	11.88
Saccade L	1	56	3932583478	3932659446	75968	1017.66	471.17	1088.84	677.77	4.92	249.84	0.21	64.71	11411.44	-8346.91	3982.31
Saccade R	1	56	3932583478	3932659446	75968	1017.66	471.17	1088.84	677.77	4.92	249.84	0.21	64.71	11411.44	-8346.91	3982.31
Fixation L	1	56	3932659446	3933011638	352192	563.15	359.91	1493	871	-1	7.54	7.53
Fixation R	1	56	3932659446	3933011638	352192	563.15	359.91	1493	871	-1	9.98	9.98
Fixation L	1	57	3933119453	3933239448	119995	1062.07	690.95	20	17	-1	13.02	13.02
Fixation R	1	57	3933119453	3933239448	119995	1062.07	690.95	20	17	-1	11.84	11.84
Saccade L	1	57	3933239448	3933271481	32033	1060.54	694.90	1069.05	698.09	1.03	50.77	0.50	32.05	2048.83	-1769.20	1471.04
Saccade R	1	57	3933239448	3933271481	32033	1060.54	694.90	1069.05	698.09	1.03	50.77	0.50	32.05	2048.83	-1769.20	1471.04
Fixation L	1	58	3933271481	3933427456	155975	229.72	169.38	1069	793	-1	5.11	5.11
Fixation R	1	58	3933271481	3933427456	155975	229.72	169.38	1069	793	-1	7.89	7.89
Saccade L	1	58	3933427456	3933515475	88019	0.00	0.00	1025.67	662.30	50.71	2366.56	0.23	576.14	94271.35	-58465.10	30887.89
Saccade R	1	58	3933427456	3933515475	88019	0.00	0.00	1025.67	662.30	50.71	2366.56	0.23	576.14	94271.35	-58465.10	30887.89
Saccade L	1	59	3933535454	3933555457	20003	1032.76	671.66	1031.59	696.69	0.51	49.77	0.40	25.38	1045.98	-1966.80	1050.87
Saccade R	1	59	3933535454	3933555457	20003	1032.76	671.66	1031.59	696.69	0.51	49.77	0.40	25.38	1045.98	-1966.80	1050.87
Fixation L	1	59	3933555457	3934087331	531874	754.84	500.88	1591	901	-1	11.85	11.85
Fixation R	1	59	3933555457	3934087331	531874	754.84	500.88	1591	901	-1	11.97	11.97
Fixation L	1	60	3934199339	3934423330	223991	0.00	0.00	0	0	-1	7.15	7.15
Fixation R	1	60	3934199339	3934423330	223991	0.00	0.00	0	0	-1	6.82	6.82
Fixation R	1	61	3934531347	3934755339	223992	0.00	0.00	0	0	-1	6.65	6.65
Saccade R	1	60	3934755339	3934807343	52004	0.00	0.00	1038.77	474.59	24.79	1940.78	0.23	476.79	82430.83	-78138.57	36555.91
Saccade L	1	60	3934815335	3934883356	68021	997.23	470.88	977.16	540.95	1.86	43.07	0.29	27.29	693.13	-1226.86	511.25
Saccade R	1	61	3934815335	3934883356	68021	997.23	470.88	977.16	540.95	1.86	43.07	0.29	27.29	693.13	-1226.86	511.25
Saccade L	1	61	3934907340	3934943341	36001	980.41	535.76	1136.81	513.71	3.35	256.48	0.44	92.92	11286.37	-10767.59	7473.05
Saccade R	1	62	3934907340	3934943341	36001	980.41	535.76	1136.81	513.71	3.35	256.48	0.44	92.92	11286.37	-10767.59	7473.05
Fixation L	1	61	3934943341	3935234354	291013	514.57	217.32	1448	518	-1	9.53	9.53
Fixation R	1	62	3934943341	3935234354	291013	514.57	217.32	1448	518	-1	8.83	8.83
Saccade L	1	62	3935347237	3935367216	19979	1174.19	522.72	1160.48	530.23	0.41	43.74	0.40	20.58	127.34	-938.88	373.08
Saccade R	1	63	3935347237	3935367216	19979	1174.19	522.72	1160.48	530.23	0.41	43.74	0.40	20.58	127.34	-938.88	373.08
Saccade L	1	63	3935367216	3935411300	44084	1160.48	530.23	1164.06	567.75	0.99	42.73	0.36	22.54	1542.78	-1378.76	907.47
Saccade R	1	64	3935367216	3935411300	44084	1160.48	530.23	1164.06	567.75	0.99	42.73	0.36	22.54	1542.78	-1378.76	907.47
Saccade L	1	64	3935443278	3935503218	59940	1170.37	554.94	1092.79	689.59	4.16	209.03	0.40	69.47	9462.28	-8619.72	4548.97
Saccade R	1	65	3935443278	3935503218	59940	1170.37	554.94	1092.79	689.59	4.16	209.03	0.40	69.47	9462.28	-8619.72	4548.97
Saccade L	1	65	3935555221	3935579228	24007	1104.20	703.87	1104.45	702.14	0.72	48.09	0.50	29.87	275.09	-2053.84	724.76
Saccade R	1	66	3935555221	3935579228	24007	1104.20	703.87	1104.45	702.14	0.72	48.09	0.50	29.87	275.09	-2053.84	724.76
Fixation L	1	62	3935579228	3936111244	532016	1095.88	704.09	23	23	-1	13.30	13.30
Fixation R	1	63	3935579228	3936111244	532016	1095.88	704.09	23	23	-1	12.44	12.44
Saccade L	1	66	3936111244	3936151228	39984	1100.82	712.61	1020.73	696.12	1.73	111.62	0.40	43.25	4793.52	-4549.56	2935.55
Saccade R	1	67	3936111244	3936151228	39984	1100.82	712.61	1020.73	696.12	1.73	111.62	0.40	43.25	4793.52	-4549.56	2935.55
Fixation L	1	63	3936151228	3936343239	192011	1024.29	687.00	20	26	-1	13.02	13.02
Fixation R	1	64	3936151228	3936547132	395904	584.37	387.20	1474	772	-1	9.45	9.45
Fixation L	1	64	3936671122	3936875123	204001	1006.74	560.70	25	39	-1	13.15	13.15
Fixation R	1	65	3936671122	3936875123	204001	1006.74	560.70	25	39	-1	12.06	12.06
Saccade L	1	67	3936875123	3936951109	75986	1008.25	573.08	574.74	452.69	10.12	262.49	0.32	133.13	12268.46	-7791.55	5856.35
Saccade R	1	68	3936875123	3936951109	75986	1008.25	573.08	574.74	452.69	10.12	262.49	0.32	133.13	12268.46	-7791.55	5856.35
Fixation L	1	65	3936951109	3937335110	384001	580.01	444.34	24	49	-1	13.59	13.59
Fixation R	1	66	3936951109	3937335110	384001	580.01	444.34	24	49	-1	12.57	12.57
Saccade L	1	68	3937335110	3937383109	47999	582.37	449.22	417.86	488.28	3.71	209.99	0.33	77.25	10012.97	-8871.84	5603.83
Saccade R	1	69	3937335110	3937383109	47999	582.37	449.22	417.86	488.28	3.71	209.99	0.33	77.25	10012.97	-8871.84	5603.83
Fixation L	1	66	3937383109	3937859113	476004	411.92	497.88	21	33	-1	13.25	13.25
Fixation R	1	67	3937383109	3937859113	476004	411.92	497.88	21	33	-1	12.23	12.23
Saccade L	1	69	3937859113	3937903123	44010	418.57	500.98	590.25	485.38	3.67	214.39	0.36	83.38	10061.06	-8438.36	5251.84
Saccade R	1	70	3937859113	3937903123	44010	418.57	500.98	590.25	485.38	3.67	214.39	0.36	83.38	10061.06	-8438.36	5251.84
Saccade L	1	70	3938155024	3938195029	40005	548.78	469.53	588.81	503.39	1.14	42.70	0.30	28.60	731.32	-1094.37	712.74
Saccade R	1	71	3938155024	3938195029	40005	548.78	469.53	588.81	503.39	1.14	42.70	0.30	28.60	731.32	-1094.37	712.74
Fixation L	1	67	3938195029	3938299014	103985	577.31	501.07	16	30	-1	13.06	13.06
Fixation R	1	68	3938195029	3938299014	103985	577.31	501.07	16	30	-1	12.03	12.03
Fixation L	1	68	3938370994	3938519006	148012	394.40	420.14	30	15	-1	13.86	13.86
Fixation R	1	69	3938370994	3938519006	148012	394.40	420.14	30	15	-1	12.65	12.65
Saccade L	1	71	3938519006	3938563002	43996	402.29	426.22	308.32	426.43	2.14	116.38	0.36	48.62	5181.64	-4682.14	2864.28
Saccade R	1	72	3938519006	3938563002	43996	402.29	426.22	308.32	426.43	2.14	116.38	0.36	48.62	5181.64	-4682.14	2864.28
Fixation L	1	69	3938563002	3938711001	147999	285.55	434.60	33	30	-1	13.37	13.37
Fixation R	1	70	3938563002	3938711001	147999	285.55	434.60	33	30	-1	12.30	12.30
Saccade L	1	72	3938711001	3938759017	48016	288.40	451.27	430.73	420.96	3.19	190.24	0.42	66.37	8864.43	-8365.02	4959.99
Saccade R	1	73	3938711001	3938759017	48016	288.40	451.27	430.73	420.96	3.19	190.24	0.42	66.37	8864.43	-8365.02	4959.99
Fixation L	1	70	3938759017	3938906998	147981	440.04	422.16	20	12	-1	12.96	12.96
Fixation R	1	71	3938759017	3938906998	147981	440.04	422.16	20	12	-1	12.09	12.09
Saccade L	1	73	3938906998	3938971002	64004	433.98	417.97	928.31	654.34	12.03	385.68	0.38	187.94	18867.46	-10348.43	9346.27
Saccade R	1	74	3938906998	3938971002	64004	433.98	417.97	928.31	654.34	12.03	385.68	0.38	187.94	18867.46	-10348.43	9346.27
Fixation L	1	71	3938971002	3939115004	144002	939.58	648.71	20	22	-1	12.63	12.63
Fixation R	1	72	3938971002	3939115004	144002	939.58	648.71	20	22	-1	12.12	12.12
Saccade L	1	74	3939115004	3939158997	43993	945.04	643.80	1113.38	731.12	4.23	252.37	0.36	96.08	11561.79	-10071.82	6892.85
Saccade R	1	75	3939115004	3939158997	43993	945.04	643.80	1113.38	731.12	4.23	252.37	0.36	96.08	11561.79	-10071.82	6892.85
Fixation L	1	72	3939158997	3939330878	171881	1122.91	728.60	25	12	-1	12.98	12.98
Fixation R	1	73	3939158997	3939330878	171881	1122.91	728.60	25	12	-1	12.07	12.07
Saccade L	1	75	3939330878	3939439012	108134	1117.25	720.49	577.87	518.62	13.08	350.51	0.22	120.95	16780.76	-13524.87	5723.15
Saccade R	1	76	3939330878	3939439012	108134	1117.25	720.49	577.87	518.62	13.08	350.51	0.22	120.95	16780.76	-13524.87	5723.15
Fixation L	1	73	3939439012	3939550935	111923	583.72	526.76	19	12	-1	13.28	13.28
Fixation R	1	74	3939439012	3939550935	111923	583.72	526.76	19	12	-1	12.11	12.11
Saccade L	1	76	3939550935	3939586879	35944	596.02	528.74	448.45	511.85	3.09	214.10	0.44	85.95	10038.07	-9815.88	6766.97
Saccade R	1	77	3939550935	3939586879	35944	596.02	528.74	448.45	511.85	3.09	214.10	0.44	85.95	10038.07	-9815.88	6766.97
Fixation L	1	74	3939586879	3939730905	144026	451.74	502.18	16	19	-1	13.29	13.29
Fixation R	1	75	3939586879	3939730905	144026	451.74	502.18	16	19	-1	11.99	11.99
Saccade L	1	77	3939730905	3939806884	75979	462.93	500.63	766.01	89.29	11.92	376.63	0.63	156.90	15215.68	-16667.31	8225.34
Saccade R	1	78	3939730905	3939806884	75979	462.93	500.63	766.01	89.29	11.92	376.63	0.63	156.90	15215.68	-16667.31	8225.34
Fixation L	1	75	3939806884	3940014893	208009	806.48	87.87	62	34	-1	13.00	13.00
Fixation R	1	76	3939806884	3940014893	208009	806.48	87.87	62	34	-1	12.17	12.17
Saccade L	1	78	3940014893	3940046894	32001	799.55	107.77	853.91	110.45	1.32	108.28	0.50	41.35	4684.82	-4413.97	2986.79
Saccade R	1	79	3940014893	3940046894	32001	799.55	107.77	853.91	110.45	1.32	108.28	0.50	41.35	4684.82	-4413.97	2986.79
Fixation L	1	76	3940046894	3940178882	131988	870.11	96.94	22	23	-1	12.98	12.98
Fixation R	1	77	3940046894	3940178882	131988	870.11	96.94	22	23	-1	12.21	12.21
Saccade L	1	79	3940178882	3940250885	72003	866.84	92.57	1123.83	608.69	12.92	343.12	0.39	179.38	16179.02	-11747.05	7635.65
Saccade R	1	80	3940178882	3940250885	72003	866.84	92.57	1123.83	608.69	12.92	343.12	0.39	179.38	16179.02	-11747.05	7635.65
Fixation L	1	77	3940250885	3940406921	156036	1135.15	609.20	24	16	-1	13.02	13.02
Fixation R	1	78	3940250885	3940406921	156036	1135.15	609.20	24	16	-1	12.47	12.47
Saccade L	1	80	3940406921	3940450907	43986	1148.22	596.55	1033.52	474.31	3.70	197.68	0.36	84.14	8463.17	-6687.28	5108.54
Saccade R	1	81	3940406921	3940450907	43986	1148.22	596.55	1033.52	474.31	3.70	197.68	0.36	84.14	8463.17	-6687.28	5108.54
Fixation L	1	78	3940450907	3940662885	211978	1027.02	460.99	21	21	-1	13.26	13.26
Fixation R	1	79	3940450907	3940662885	211978	1027.02	460.99	21	21	-1	12.33	12.33
Fixation L	1	79	3940754770	3940854771	100001	554.20	542.31	23	8	-1	13.39	13.39
Fixation R	1	80	3940754770	3940854771	100001	554.20	542.31	23	8	-1	12.13	12.13
Saccade L	1	81	3940854771	3940886767	31996	571.49	542.65	431.25	517.41	2.97	201.51	0.37	92.91	9300.72	-8965.94	6455.17
Saccade R	1	82	3940854771	3940886767	31996	571.49	542.65	431.25	517.41	2.97	201.51	0.37	92.91	9300.72	-8965.94	6455.17
Fixation L	1	80	3940886767	3941022822	136055	426.80	512.22	21	33	-1	13.30	13.30
Fixation R	1	81	3940886767	3941022822	136055	426.80	512.22	21	33	-1	12.11	12.11
Saccade L	1	82	3941022822	3941042766	19944	424.18	525.22	481.57	507.06	0.86	87.77	0.60	43.31	15092.46	1723.15	5194.01
Saccade R	1	83	3941022822	3941042766	19944	424.18	525.22	481.57	507.06	0.86	87.77	0.60	43.31	15092.46	1723.15	5194.01
Fixation R	1	82	3941042766	3941178803	136037	61.68	80.45	481	531	-1	9.77	9.77
Fixation L	1	81	3941306784	3941434778	127994	704.85	505.87	19	32	-1	13.34	13.34
Fixation R	1	83	3941306784	3941434778	127994	704.85	505.87	19	32	-1	12.18	12.18
Saccade L	1	83	3941434778	3941502771	67993	703.78	509.13	392.11	411.00	7.64	292.50	0.24	112.44	14104.93	-10927.61	6435.04
Saccade R	1	84	3941434778	3941502771	67993	703.78	509.13	392.11	411.00	7.64	292.50	0.24	112.44	14104.93	-10927.61	6435.04
Fixation L	1	82	3941502771	3941658778	156007	400.88	424.81	15	43	-1	13.67	13.67
Fixation R	1	84	3941502771	3941658778	156007	400.88	424.81	15	43	-1	12.54	12.54
Saccade L	1	84	3941658778	3941702791	44013	404.82	448.22	301.08	416.88	2.44	149.65	0.27	55.47	7166.51	-6674.28	3719.06
Saccade R	1	85	3941658778	3941702791	44013	404.82	448.22	301.08	416.88	2.44	149.65	0.27	55.47	7166.51	-6674.28	3719.06
Fixation L	1	83	3941702791	3941890778	187987	291.61	411.21	14	12	-1	13.28	13.28
Fixation R	1	85	3941702791	3942074803	372012	160.79	244.82	367	770	-1	9.38	9.38
Fixation L	1	84	3942190648	3942386669	196021	920.17	579.05	10	9	-1	12.58	12.58
Fixation R	1	86	3942190648	3942386669	196021	920.17	579.05	10	9	-1	11.76	11.76
Fixation L	1	85	3942462665	3942925966	463301	0.00	0.01	0	3	-1	7.25	7.25
Fixation R	1	87	3942462665	3942925966	463301	0.00	0.01	0	3	-1	2.85	2.85
Saccade L	1	85	3942925966	3943166783	240817	0.00	0.00	1101.31	240.16	196.71	2163.44	0.93	816.85	90499.69	-89942.23	66055.83
Saccade R	1	86	3942925966	3943166783	240817	0.00	0.00	1101.31	240.16	196.71	2163.44	0.93	816.85	90499.69	-89942.23	66055.83
Fixation L	1	86	3943166783	3943318783	152000	1093.31	219.52	13	30	-1	12.64	12.64
Fixation R	1	88	3943166783	3943318783	152000	1093.31	219.52	13	30	-1	11.70	11.70
Saccade L	1	86	3943318783	3943382787	64004	1098.07	208.49	701.27	200.84	8.76	266.15	0.31	136.81	12902.31	-11215.39	6298.82
Saccade R	1	87	3943318783	3943382787	64004	1098.07	208.49	701.27	200.84	8.76	266.15	0.31	136.81	12902.31	-11215.39	6298.82
Fixation L	1	87	3943382787	3943530798	148011	683.73	197.34	27	16	-1	13.19	13.19
Fixation R	1	89	3943382787	3943530798	148011	683.73	197.34	27	16	-1	12.03	12.03
Saccade L	1	87	3943530798	3943582788	51990	688.62	190.06	524.76	501.84	7.63	255.64	0.54	146.78	12063.53	-11758.08	7650.00
Saccade R	1	88	3943530798	3943582788	51990	688.62	190.06	524.76	501.84	7.63	255.64	0.54	146.78	12063.53	-11758.08	7650.00
Fixation L	1	88	3943582788	3943778670	195882	520.20	502.48	29	16	-1	13.18	13.18
Fixation R	1	90	3943582788	3943778670	195882	520.20	502.48	29	16	-1	11.92	11.92
Saccade L	1	88	3943778670	3943838674	60004	508.91	502.63	1103.36	497.92	12.86	407.45	0.27	214.40	20337.00	-13405.51	10307.40
Saccade R	1	89	3943778670	3943838674	60004	508.91	502.63	1103.36	497.92	12.86	407.45	0.27	214.40	20337.00	-13405.51	10307.40
Fixation L	1	89	3943838674	3944126696	288022	1113.76	512.40	19	28	-1	12.83	12.83
Fixation R	1	91	3943838674	3944126696	288022	1113.76	512.40	19	28	-1	12.05	12.05
Fixation L	1	90	3944206674	3944398693	192019	601.73	487.51	25	19	-1	12.65	12.65
Fixation R	1	92	3944206674	3944398693	192019	601.73	487.51	25	19	-1	11.48	11.48
Saccade L	1	89	3944398693	3944450668	51975	604.48	486.90	383.96	472.17	4.74	191.93	0.38	91.12	9320.19	-5732.13	5142.36
Saccade R	1	90	3944398693	3944450668	51975	604.48	486.90	383.96	472.17	4.74	191.93	0.38	91.12	9320.19	-5732.13	5142.36
Fixation L	1	91	3944450668	3944694671	244003	377.95	476.91	20	21	-1	12.76	12.76
Fixation R	1	93	3944450668	3945018697	568029	190.54	236.11	769	622	-1	7.85	7.85
Fixation L	1	92	3945142688	3945674569	531881	1074.81	540.44	31	45	-1	13.48	13.48
Fixation R	1	94	3945142688	3945674569	531881	1074.81	540.44	31	45	-1	12.68	12.68
Saccade L	1	90	3945674569	3945726576	52007	1074.49	521.61	1126.13	532.63	1.16	43.76	0.31	22.27	1899.68	-1383.24	989.29
Saccade R	1	91	3945674569	3945726576	52007	1074.49	521.61	1126.13	532.63	1.16	43.76	0.31	22.27	1899.68	-1383.24	989.29
Fixation L	1	93	3945726576	3945858577	132001	1110.86	541.02	26	18	-1	13.11	13.11
Fixation R	1	95	3945726576	3945858577	132001	1110.86	541.02	26	18	-1	12.13	12.13
Saccade L	1	91	3945858577	3945926557	67980	1106.28	544.64	1046.61	672.58	3.22	144.12	0.24	47.38	6872.80	-5505.72	2847.65
Saccade R	1	92	3945858577	3945926557	67980	1106.28	544.64	1046.61	672.58	3.22	144.12	0.24	47.38	6872.80	-5505.72	2847.65
Fixation L	1	94	3945926557	3946862438	935881	1040.36	678.44	57	51	-1	13.27	13.27
Fixation R	1	96	3945926557	3946862438	935881	1040.36	678.44	57	51	-1	12.23	12.23
Saccade L	1	92	3946862438	3946918450	56012	1030.61	677.59	1096.63	730.26	1.84	83.88	0.29	32.88	3563.00	-2922.12	1801.46
Saccade R	1	93	3946862438	3946918450	56012	1030.61	677.59	1096.63	730.26	1.84	83.88	0.29	32.88	3563.00	-2922.12	1801.46
Fixation L	1	95	3946918450	3947014472	96022	1092.32	729.02	10	5	-1	13.54	13.54
Fixation R	1	97	3946918450	3947178453	260003	633.77	415.89	1270	802	-1	9.17	9.17
Saccade L	1	93	3947258442	3947286442	28000	1107.43	610.52	1103.95	626.49	0.85	57.12	0.43	30.24	974.64	-1144.57	637.30
Saccade R	1	94	3947258442	3947286442	28000	1107.43	610.52	1103.95	626.49	0.85	57.12	0.43	30.24	974.64	-1144.57	637.30
Saccade L	1	94	3947286442	3947310537	24095	1103.95	626.49	1098.58	671.86	0.63	47.17	0.33	26.04	810.45	-1751.07	869.11
Saccade R	1	95	3947286442	3947310537	24095	1103.95	626.49	1098.58	671.86	0.63	47.17	0.33	26.04	810.45	-1751.07	869.11
Fixation L	1	96	3947310537	3947678454	367917	1097.43	680.19	26	44	-1	13.40	13.40
Fixation R	1	98	3947310537	3947678454	367917	1097.43	680.19	26	44	-1	12.36	12.36
Saccade L	1	95	3947678454	3947706448	27994	1094.87	687.58	1105.91	654.39	0.59	45.00	0.57	20.98	1643.41	-1547.91	1146.16
Saccade R	1	96	3947678454	3947706448	27994	1094.87	687.58	1105.91	654.39	0.59	45.00	0.57	20.98	1643.41	-1547.91	1146.16
Fixation L	1	97	3947706448	3947910470	204022	1103.88	660.59	18	35	-1	13.03	13.03
Fixation R	1	99	3947706448	3948294332	587884	437.33	259.50	1379	729	-1	6.37	6.37
Saccade R	1	97	3948294332	3948322348	28016	0.00	0.00	0.00	0.00	12.54	596.75	0.43	447.57	60861.14	-15984.49	26438.60
Saccade L	1	96	3948462330	3948506375	44045	1044.75	691.13	1033.87	677.92	1.46	63.97	0.73	33.22	905.89	-1497.15	816.17
Saccade R	1	98	3948462330	3948506375	44045	1044.75	691.13	1033.87	677.92	1.46	63.97	0.73	33.22	905.89	-1497.15	816.17
Fixation L	1	98	3948506375	3948686341	179966	1024.64	720.17	21	76	-1	13.84	13.84
Fixation R	1	100	3948506375	3948686341	179966	1024.64	720.17	21	76	-1	12.03	12.03
Fixation L	1	99	3948698338	3949282334	583996	1026.36	752.74	31	47	-1	13.01	13.01
Fixation R	1	101	3948698338	3949282334	583996	1026.36	752.74	31	47	-1	12.06	12.06
Saccade L	1	97	3949282334	3949314372	32038	1017.91	739.09	1028.43	798.76	1.11	64.68	0.62	34.56	2839.81	-2486.33	2024.39
Saccade R	1	99	3949282334	3949314372	32038	1017.91	739.09	1028.43	798.76	1.11	64.68	0.62	34.56	2839.81	-2486.33	2024.39
Fixation L	1	100	3949314372	3949634244	319872	1031.83	802.93	21	49	-1	12.28	12.28
Fixation R	1	102	3949314372	3949817046	502674	720.35	556.13	1381	817	-1	8.75	8.75
Saccade R	1	100	3949817046	3949910222	93176	0.00	0.00	1058.27	576.52	69.75	2426.31	0.61	748.57	54721.74	-97611.13	29053.39
Saccade L	1	98	3949910222	3949958231	48009	1058.27	576.52	1105.31	611.56	2.53	117.04	0.25	52.71	1378.99	-2529.70	927.38
Saccade R	1	101	3949910222	3949958231	48009	1058.27	576.52	1105.31	611.56	2.53	117.04	0.25	52.71	1378.99	-2529.70	927.38
Saccade L	1	99	3949958231	3949978227	19996	1105.31	611.56	1114.29	638.33	0.67	58.78	0.40	33.30	383.64	-526.21	223.34
Saccade R	1	102	3949958231	3949978227	19996	1105.31	611.56	1114.29	638.33	0.67	58.78	0.40	33.30	383.64	-526.21	223.34
Saccade L	1	100	3949978227	3950006267	28040	1114.29	638.33	1105.15	693.55	0.99	58.48	0.43	35.35	1189.06	-2385.86	1280.98
Saccade R	1	103	3949978227	3950006267	28040	1114.29	638.33	1105.15	693.55	0.99	58.48	0.43	35.35	1189.06	-2385.86	1280.98
Saccade L	1	101	3950110235	3950134227	23992	1095.69	669.09	1085.08	719.72	0.65	48.82	0.33	27.21	748.55	-1245.37	505.21
Saccade R	1	104	3950110235	3950134227	23992	1095.69	669.09	1085.08	719.72	0.65	48.82	0.33	27.21	748.55	-1245.37	505.21
Saccade L	1	102	3950158226	3950190224	31998	1086.30	673.87	1097.45	720.18	0.77	57.39	0.25	24.09	1274.75	-1999.53	942.33
Saccade R	1	105	3950158226	3950190224	31998	1086.30	673.87	1097.45	720.18	0.77	57.39	0.25	24.09	1274.75	-1999.53	942.33
Fixation L	1	101	3950190224	3950970124	779900	1115.73	739.43	48	72	-1	13.42	13.42
Fixation R	1	103	3950190224	3950970124	779900	1115.73	739.43	48	72	-1	12.21	12.21
Saccade L	1	103	3950970124	3951030119	59995	1127.40	755.10	1354.31	734.52	4.99	172.49	0.33	83.20	8139.08	-4477.96	4347.38
Saccade R	1	106	3950970124	3951030119	59995	1127.40	755.10	1354.31	734.52	4.99	172.49	0.33	83.20	8139.08	-4477.96	4347.38
Fixation L	1	102	3951030119	3951390103	359984	1369.25	720.11	20	44	-1	12.91	12.91
Fixation R	1	104	3951030119	3951390103	359984	1369.25	720.11	20	44	-1	12.09	12.09
Saccade L	1	104	3951390103	3951454134	64031	1370.53	699.22	1581.74	617.30	5.37	193.01	0.31	83.94	8958.76	-5040.33	4334.46
Saccade R	1	107	3951390103	3951454134	64031	1370.53	699.22	1581.74	617.30	5.37	193.01	0.31	83.94	8958.76	-5040.33	4334.46
Fixation L	1	103	3951454134	3952329993	875859	1607.12	587.64	43	59	-1	13.13	13.13
Fixation R	1	105	3951454134	3952329993	875859	1607.12	587.64	43	59	-1	12.37	12.37
Saccade L	1	105	3952329993	3952385989	55996	1591.20	567.98	1666.85	600.50	1.93	86.69	0.29	34.46	3592.17	-2985.58	1794.82
Saccade R	1	108	3952329993	3952385989	55996	1591.20	567.98	1666.85	600.50	1.93	86.69	0.29	34.46	3592.17	-2985.58	1794.82
Fixation L	1	104	3952385989	3952674025	288036	1665.17	606.80	17	21	-1	13.70	13.70
Fixation R	1	106	3952385989	3952674025	288036	1665.17	606.80	17	21	-1	12.59	12.59
Saccade L	1	106	3952674025	3952757998	83973	1667.50	603.62	1201.63	460.32	10.87	237.53	0.62	129.46	10283.06	-7642.46	4605.51
Saccade R	1	109	3952674025	3952757998	83973	1667.50	603.62	1201.63	460.32	10.87	237.53	0.62	129.46	10283.06	-7642.46	4605.51
Fixation L	1	105	3952757998	3952934014	176016	1192.80	463.92	18	24	-1	14.15	14.15
Fixation R	1	107	3952757998	3952934014	176016	1192.80	463.92	18	24	-1	12.96	12.96
Saccade L	1	107	3953350036	3953422016	71980	622.73	236.03	592.25	301.14	2.86	79.17	0.28	39.79	2694.40	-12773.10	1828.88
Saccade R	1	110	3953350036	3953422016	71980	622.73	236.03	592.25	301.14	2.86	79.17	0.28	39.79	2694.40	-12773.10	1828.88
Fixation L	1	106	3953422016	3953578013	155997	607.75	302.52	19	26	-1	14.06	14.06
Fixation R	1	108	3953422016	3953578013	155997	607.75	302.52	19	26	-1	13.32	13.32
Saccade L	1	108	3953578013	3953645879	67866	612.20	310.97	521.38	503.94	4.97	175.29	0.29	73.27	8202.99	-6543.16	3990.89
Saccade R	1	111	3953578013	3953645879	67866	612.20	310.97	521.38	503.94	4.97	175.29	0.29	73.27	8202.99	-6543.16	3990.89
Fixation L	1	107	3953645879	3953781886	136007	533.83	521.73	26	31	-1	14.73	14.73
Fixation R	1	109	3953645879	3953781886	136007	533.83	521.73	26	31	-1	13.96	13.96
Saccade L	1	109	3953781886	3953857915	76029	530.69	535.67	1102.77	732.48	13.34	372.35	0.26	175.42	17587.40	-12160.34	7969.42
Saccade R	1	112	3953781886	3953857915	76029	530.69	535.67	1102.77	732.48	13.34	372.35	0.26	175.42	17587.40	-12160.34	7969.42
Fixation L	1	108	3953857915	3954065892	207977	1099.70	736.50	27	18	-1	13.23	13.23
Fixation R	1	110	3953857915	3954065892	207977	1099.70	736.50	27	18	-1	12.46	12.46
Saccade L	1	110	3954065892	3954129896	64004	1112.43	722.00	1014.22	466.87	7.31	278.70	0.44	114.16	12671.62	-10237.50	5986.30
Saccade R	1	113	3954065892	3954129896	64004	1112.43	722.00	1014.22	466.87	7.31	278.70	0.44	114.16	12671.62	-10237.50	5986.30
Saccade L	1	111	3954129896	3954149914	20018	1014.22	466.87	1002.93	437.92	0.57	56.37	0.40	28.41	83.94	-2539.73	1563.87
Saccade R	1	114	3954129896	3954149914	20018	1014.22	466.87	1002.93	437.92	0.57	56.37	0.40	28.41	83.94	-2539.73	1563.87
Fixation L	1	109	3954149914	3954397879	247965	999.72	459.30	10	47	-1	12.49	12.49
Fixation R	1	111	3954149914	3954397879	247965	999.72	459.30	10	47	-1	11.58	11.58
Fixation L	1	110	3954481885	3954637908	156023	503.14	457.13	22	24	-1	12.81	12.81
Fixation R	1	112	3954481885	3954637908	156023	503.14	457.13	22	24	-1	11.41	11.41
Saccade L	1	112	3954637908	3954681900	43992	503.74	456.11	461.22	397.05	1.94	99.79	0.45	44.15	4538.90	-4198.07	2701.04
Saccade R	1	115	3954637908	3954681900	43992	503.74	456.11	461.22	397.05	1.94	99.79	0.45	44.15	4538.90	-4198.07	2701.04
Fixation L	1	111	3954681900	3954801888	119988	462.48	388.51	16	14	-1	13.25	13.25
Fixation R	1	113	3954681900	3954801888	119988	462.48	388.51	16	14	-1	12.15	12.15
Fixation L	1	112	3954893910	3955549765	655855	0.00	0.00	0	0	-1	7.48	7.48
Fixation R	1	114	3954893910	3955549765	655855	0.00	0.00	0	0	-1	7.64	7.64
Saccade L	1	113	3956251868	3956452273	200405	0.00	0.00	766.65	509.29	126.81	2235.69	0.84	632.79	93454.47	-88419.55	45509.29
Saccade R	1	116	3956251868	3956452273	200405	0.00	0.00	766.65	509.29	126.81	2235.69	0.84	632.79	93454.47	-88419.55	45509.29
Saccade L	1	114	3956452273	3956476304	24031	766.65	509.29	955.56	689.52	3.05	328.86	0.33	126.99	8696.19	-11821.43	7027.67
Saccade R	1	117	3956452273	3956476304	24031	766.65	509.29	955.56	689.52	3.05	328.86	0.33	126.99	8696.19	-11821.43	7027.67
Saccade L	1	115	3956476304	3956512299	35995	955.56	689.52	976.25	508.91	3.80	302.37	0.33	105.46	11702.73	-12848.72	7094.28
Saccade R	1	118	3956476304	3956512299	35995	955.56	689.52	976.25	508.91	3.80	302.37	0.33	105.46	11702.73	-12848.72	7094.28
Fixation L	1	113	3956512299	3956636277	123978	988.68	497.52	18	19	-1	16.05	16.05
Fixation R	1	115	3956512299	3956636277	123978	988.68	497.52	18	19	-1	15.37	15.37
Saccade L	1	116	3956636277	3956680277	44000	991.44	501.78	1174.47	510.48	3.94	226.13	0.36	89.50	10481.51	-9999.61	6475.09
Saccade R	1	119	3956636277	3956680277	44000	991.44	501.78	1174.47	510.48	3.94	226.13	0.36	89.50	10481.51	-9999.61	6475.09
Fixation L	1	114	3956680277	3956820275	139998	1190.95	514.05	33	14	-1	14.71	14.71
Fixation R	1	116	3956680277	3956820275	139998	1190.95	514.05	33	14	-1	14.25	14.25
Saccade L	1	117	3956820275	3956892275	72000	1188.22	507.87	703.12	411.45	11.33	350.56	0.22	157.42	17046.99	-15315.90	7678.40
Saccade R	1	120	3956820275	3956892275	72000	1188.22	507.87	703.12	411.45	11.33	350.56	0.22	157.42	17046.99	-15315.90	7678.40
Fixation L	1	115	3956892275	3957036154	143879	693.41	412.55	23	14	-1	13.44	13.44
Fixation R	1	117	3956892275	3957036154	143879	693.41	412.55	23	14	-1	12.94	12.94
Fixation L	1	116	3957108152	3957180153	72001	466.58	410.54	9	10	-1	12.76	12.76
Fixation R	1	118	3957108152	3957180153	72001	466.58	410.54	9	10	-1	12.22	12.22
Saccade L	1	118	3957180153	3957260171	80018	466.43	408.46	267.45	397.37	4.78	198.15	0.40	59.69	8753.77	-5500.29	3243.79
Saccade R	1	121	3957180153	3957260171	80018	466.43	408.46	267.45	397.37	4.78	198.15	0.40	59.69	8753.77	-5500.29	3243.79
Fixation L	1	117	3957260171	3957388178	128007	273.34	403.57	44	21	-1	12.72	12.72
Fixation R	1	119	3957260171	3957388178	128007	273.34	403.57	44	21	-1	12.10	12.10
Saccade L	1	119	3957388178	3957464159	75981	270.79	400.78	576.36	428.84	6.95	284.28	0.21	91.46	13004.25	-7130.13	4942.45
Saccade R	1	122	3957388178	3957464159	75981	270.79	400.78	576.36	428.84	6.95	284.28	0.21	91.46	13004.25	-7130.13	4942.45
Saccade L	1	120	3957512166	3957556155	43989	571.10	422.29	801.71	449.16	4.98	259.28	0.27	113.25	12420.41	-10464.48	7347.56
Saccade R	1	123	3957512166	3957556155	43989	571.10	422.29	801.71	449.16	4.98	259.28	0.27	113.25	12420.41	-10464.48	7347.56
Saccade L	1	121	3957580170	3957632165	51995	807.67	452.63	768.71	339.41	2.81	172.48	0.46	53.96	7555.64	-6722.39	3839.37
Saccade R	1	124	3957580170	3957632165	51995	807.67	452.63	768.71	339.41	2.81	172.48	0.46	53.96	7555.64	-6722.39	3839.37
Fixation L	1	118	3957632165	3957772179	140014	779.40	322.55	27	40	-1	12.55	12.55
Fixation R	1	120	3957632165	3957772179	140014	779.40	322.55	27	40	-1	11.86	11.86
Saccade L	1	122	3957772179	3957868162	95983	795.27	304.78	1130.17	658.03	11.25	334.36	0.25	117.21	15568.09	-8544.47	5652.85
Saccade R	1	125	3957772179	3957868162	95983	795.27	304.78	1130.17	658.03	11.25	334.36	0.25	117.21	15568.09	-8544.47	5652.85
Fixation L	1	119	3957868162	3958044164	176002	1118.25	657.15	26	31	-1	12.53	12.53
Fixation R	1	121	3957868162	3958044164	176002	1118.25	657.15	26	31	-1	12.10	12.10
Saccade L	1	123	3958044164	3958088175	44011	1111.25	667.34	1101.93	486.53	3.89	173.86	0.55	88.43	7773.80	-7765.10	5426.02
Saccade R	1	126	3958044164	3958088175	44011	1111.25	667.34	1101.93	486.53	3.89	173.86	0.55	88.43	7773.80	-7765.10	5426.02
Fixation L	1	120	3958088175	3958352170	263995	1107.08	478.29	34	27	-1	12.98	12.98
Fixation R	1	122	3958088175	3958352170	263995	1107.08	478.29	34	27	-1	12.25	12.25
