[BeGaze]
Converted from:	D:\Kirillov\Results\ermolova_temp\Nastya 05-eye_data.idf
Date:	17.04.2019 03:52:55
Version:	BeGaze 3.0.181
Sample Rate:	250
Subject:	Nastya 05
Description:	Run16

Table Header for Fixations:
Event Type	Trial	Number	Start	End	Duration	Location X	Location Y	Dispersion X	Dispersion Y	Plane	Avg. Pupil Size X	Avg. Pupil Size Y

Table Header for Saccades:
Event Type	Trial	Number	Start	End	Duration	Start Loc.X	Start Loc.Y	End Loc.X	End Loc.Y	Amplitude	Peak Speed	Peak Speed At	Average Speed	Peak Accel.	Peak Decel.	Average Accel.

Table Header for User Events:
Event Type	Trial	Number	Start	Description

UserEvent	1	1	3861049780	# Message: Questionnaire5.jpg
Fixation L	1	1	3861052889	3861352891	300002	954.70	663.87	23	23	-1	15.04	15.04
Fixation R	1	1	3861052889	3861352891	300002	954.70	663.87	23	23	-1	16.66	16.66
Saccade L	1	1	3861352891	3861408912	56021	963.27	665.52	521.66	300.32	13.00	518.41	0.29	232.09	25395.01	-14176.86	12621.92
Saccade R	1	1	3861352891	3861408912	56021	963.27	665.52	521.66	300.32	13.00	518.41	0.29	232.09	25395.01	-14176.86	12621.92
Saccade L	1	2	3861408912	3861428951	20039	521.66	300.32	504.25	274.43	0.51	44.23	0.40	25.43	-345.13	-2837.64	1247.19
Saccade R	1	2	3861408912	3861428951	20039	521.66	300.32	504.25	274.43	0.51	44.23	0.40	25.43	-345.13	-2837.64	1247.19
Fixation L	1	2	3861428951	3861548820	119869	502.01	268.13	17	21	-1	15.34	15.34
Fixation R	1	2	3861428951	3861548820	119869	502.01	268.13	17	21	-1	16.92	16.92
Saccade L	1	3	3861548820	3861588897	40077	514.13	254.18	421.75	176.57	3.04	188.68	0.40	75.93	8371.73	-8192.88	5092.81
Saccade R	1	3	3861548820	3861588897	40077	514.13	254.18	421.75	176.57	3.04	188.68	0.40	75.93	8371.73	-8192.88	5092.81
Fixation L	1	3	3861588897	3861736801	147904	409.42	182.02	27	27	-1	15.30	15.30
Fixation R	1	3	3861588897	3861736801	147904	409.42	182.02	27	27	-1	16.85	16.85
Saccade L	1	4	3861736801	3861800765	63964	424.47	195.13	640.49	183.96	7.48	273.31	0.31	117.00	13345.78	-7693.48	5887.64
Saccade R	1	4	3861736801	3861800765	63964	424.47	195.13	640.49	183.96	7.48	273.31	0.31	117.00	13345.78	-7693.48	5887.64
Fixation L	1	4	3861800765	3862232779	432014	617.79	189.35	46	53	-1	15.88	15.88
Fixation R	1	4	3861800765	3862232779	432014	617.79	189.35	46	53	-1	17.88	17.88
Saccade L	1	5	3862232779	3862316800	84021	622.45	193.66	441.21	287.80	6.47	280.33	0.33	77.01	11905.88	-9213.05	4258.32
Saccade R	1	5	3862232779	3862316800	84021	622.45	193.66	441.21	287.80	6.47	280.33	0.33	77.01	11905.88	-9213.05	4258.32
Fixation L	1	5	3862316800	3862428800	112000	457.21	297.47	42	29	-1	16.55	16.55
Fixation R	1	5	3862316800	3862428800	112000	457.21	297.47	42	29	-1	18.61	18.61
Saccade L	1	6	3862428800	3862468776	39976	480.96	298.76	474.74	306.37	1.37	58.22	0.50	34.23	2330.20	-1774.83	1434.23
Saccade R	1	6	3862428800	3862468776	39976	480.96	298.76	474.74	306.37	1.37	58.22	0.50	34.23	2330.20	-1774.83	1434.23
Saccade L	1	7	3862468776	3862492822	24046	474.74	306.37	496.13	240.25	0.66	49.63	0.67	27.28	1503.05	112.29	995.51
Saccade R	1	7	3862468776	3862492822	24046	474.74	306.37	496.13	240.25	0.66	49.63	0.67	27.28	1503.05	112.29	995.51
Saccade L	1	8	3862528777	3862576787	48010	484.03	301.06	454.93	271.27	1.46	51.25	0.33	30.44	1600.38	-880.40	798.27
Saccade R	1	8	3862528777	3862576787	48010	484.03	301.06	454.93	271.27	1.46	51.25	0.33	30.44	1600.38	-880.40	798.27
Saccade L	1	9	3862576787	3862616808	40021	454.93	271.27	465.38	255.58	1.51	75.31	0.40	37.69	1588.08	-1895.15	1039.19
Saccade R	1	9	3862576787	3862616808	40021	454.93	271.27	465.38	255.58	1.51	75.31	0.40	37.69	1588.08	-1895.15	1039.19
Fixation L	1	6	3862616808	3862720800	103992	450.98	293.04	29	53	-1	16.82	16.82
Fixation R	1	6	3862616808	3862720800	103992	450.98	293.04	29	53	-1	18.72	18.72
Saccade L	1	10	3862744803	3862772805	28002	448.87	288.12	445.33	254.25	1.12	78.50	0.29	39.89	1198.89	-2614.57	1365.28
Saccade R	1	10	3862744803	3862772805	28002	448.87	288.12	445.33	254.25	1.12	78.50	0.29	39.89	1198.89	-2614.57	1365.28
Fixation L	1	7	3862772805	3862852811	80006	450.91	258.67	13	42	-1	15.92	15.92
Fixation R	1	7	3862772805	3862852811	80006	450.91	258.67	13	42	-1	18.74	18.74
Saccade L	1	11	3862852811	3862940724	87913	459.64	247.46	450.31	363.58	5.10	150.07	0.41	58.04	4250.68	-4546.22	2006.23
Saccade R	1	11	3862852811	3862940724	87913	459.64	247.46	450.31	363.58	5.10	150.07	0.41	58.04	4250.68	-4546.22	2006.23
Saccade L	1	12	3862940724	3862988737	48013	450.31	363.58	450.26	342.42	2.50	177.44	0.58	52.00	7018.37	-6595.08	3185.24
Saccade R	1	12	3862940724	3862988737	48013	450.31	363.58	450.26	342.42	2.50	177.44	0.58	52.00	7018.37	-6595.08	3185.24
Saccade L	1	13	3863004726	3863048789	44063	442.35	274.53	436.57	315.50	1.64	61.51	0.64	37.28	666.34	-405.48	352.93
Saccade R	1	13	3863004726	3863048789	44063	442.35	274.53	436.57	315.50	1.64	61.51	0.64	37.28	666.34	-405.48	352.93
Saccade L	1	14	3863048789	3863072791	24002	436.57	315.50	433.79	354.42	0.70	63.77	0.33	29.35	292.84	-2122.95	1019.04
Saccade R	1	14	3863048789	3863072791	24002	436.57	315.50	433.79	354.42	0.70	63.77	0.33	29.35	292.84	-2122.95	1019.04
Fixation L	1	8	3863072791	3863504689	431898	428.94	363.21	30	52	-1	16.89	16.89
Fixation R	1	8	3863072791	3863504689	431898	428.94	363.21	30	52	-1	18.69	18.69
Saccade L	1	15	3863556688	3863584694	28006	435.22	225.72	433.25	305.45	1.69	143.26	0.29	60.52	1469.08	-4551.70	2448.73
Saccade R	1	15	3863556688	3863584694	28006	435.22	225.72	433.25	305.45	1.69	143.26	0.29	60.52	1469.08	-4551.70	2448.73
Saccade L	1	16	3863584694	3863624677	39983	433.25	305.45	403.53	418.55	2.62	171.38	0.40	65.55	6313.12	-7305.81	4152.81
Saccade R	1	16	3863584694	3863624677	39983	433.25	305.45	403.53	418.55	2.62	171.38	0.40	65.55	6313.12	-7305.81	4152.81
Saccade L	1	17	3863656697	3863704687	47990	396.27	433.55	399.96	434.80	5.20	231.16	0.50	108.37	6409.30	-8253.98	5104.67
Saccade R	1	17	3863656697	3863704687	47990	396.27	433.55	399.96	434.80	5.20	231.16	0.50	108.37	6409.30	-8253.98	5104.67
Fixation L	1	9	3863704687	3863976691	272004	391.61	414.96	20	36	-1	16.97	16.97
Fixation R	1	9	3863704687	3863976691	272004	391.61	414.96	20	36	-1	18.86	18.86
Saccade L	1	18	3863976691	3863996624	19933	387.36	402.54	446.91	409.62	1.12	118.01	0.60	56.06	4759.72	-3317.99	2708.68
Saccade R	1	18	3863976691	3863996624	19933	387.36	402.54	446.91	409.62	1.12	118.01	0.60	56.06	4759.72	-3317.99	2708.68
Fixation L	1	10	3863996624	3864808603	811979	422.24	374.06	47	101	-1	16.45	16.45
Fixation R	1	10	3863996624	3864808603	811979	422.24	374.06	47	101	-1	18.12	18.12
Saccade L	1	19	3864808603	3864856601	47998	406.82	335.35	425.84	285.17	1.39	64.26	0.25	28.97	2908.76	-1918.95	1086.00
Saccade R	1	19	3864808603	3864856601	47998	406.82	335.35	425.84	285.17	1.39	64.26	0.25	28.97	2908.76	-1918.95	1086.00
Fixation L	1	11	3864856601	3865304593	447992	423.14	318.98	32	55	-1	16.14	16.14
Fixation R	1	11	3864856601	3865304593	447992	423.14	318.98	32	55	-1	17.78	17.78
Saccade L	1	20	3865304593	3865336607	32014	426.81	300.51	439.71	319.45	0.82	48.18	0.25	25.62	1255.31	-1012.90	711.44
Saccade R	1	20	3865304593	3865336607	32014	426.81	300.51	439.71	319.45	0.82	48.18	0.25	25.62	1255.31	-1012.90	711.44
Fixation L	1	12	3865336607	3865392621	56014	434.89	314.52	13	36	-1	16.16	16.16
Fixation R	1	12	3865336607	3865392621	56014	434.89	314.52	13	36	-1	17.82	17.82
Saccade L	1	21	3865392621	3865444624	52003	429.64	305.28	411.69	373.12	2.20	120.29	0.23	42.35	5406.66	-4405.93	2278.53
Saccade R	1	21	3865392621	3865444624	52003	429.64	305.28	411.69	373.12	2.20	120.29	0.23	42.35	5406.66	-4405.93	2278.53
Fixation L	1	13	3865444624	3865528602	83978	426.98	369.87	31	23	-1	16.18	16.18
Fixation R	1	13	3865444624	3865528602	83978	426.98	369.87	31	23	-1	18.07	18.07
Fixation L	1	14	3865596535	3865680606	84071	0.00	0.00	0	0	-1	15.95	15.95
Fixation R	1	14	3865596535	3865680606	84071	0.00	0.00	0	0	-1	17.87	17.87
Fixation L	1	15	3865708544	3866152505	443961	0.00	0.00	0	0	-1	13.59	13.59
Fixation R	1	15	3865708544	3866152505	443961	0.00	0.00	0	0	-1	15.15	15.15
Saccade L	1	22	3867309140	3867377158	68018	409.33	392.90	436.20	327.06	4.31	139.85	0.47	63.39	4958.24	-3634.30	1881.52
Saccade R	1	22	3867309140	3867377158	68018	409.33	392.90	436.20	327.06	4.31	139.85	0.47	63.39	4958.24	-3634.30	1881.52
Fixation L	1	16	3867377158	3867809028	431870	440.39	314.76	56	73	-1	15.23	15.23
Fixation R	1	16	3867377158	3867809028	431870	440.39	314.76	56	73	-1	17.25	17.25
Saccade L	1	23	3867809028	3867829031	20003	444.24	294.83	427.19	272.21	0.52	50.23	0.60	26.00	1430.56	-1705.55	971.76
Saccade R	1	23	3867809028	3867829031	20003	444.24	294.83	427.19	272.21	0.52	50.23	0.60	26.00	1430.56	-1705.55	971.76
Fixation L	1	17	3867829031	3868277044	448013	434.83	295.38	21	69	-1	14.67	14.67
Fixation R	1	17	3867829031	3868277044	448013	434.83	295.38	21	69	-1	16.37	16.37
Saccade L	1	24	3868277044	3868325029	47985	424.47	332.04	379.05	329.73	1.87	97.40	0.25	38.91	4222.35	-3014.49	1777.63
Saccade R	1	24	3868277044	3868325029	47985	424.47	332.04	379.05	329.73	1.87	97.40	0.25	38.91	4222.35	-3014.49	1777.63
Fixation L	1	18	3868325029	3868696988	371959	376.96	334.65	29	28	-1	15.83	15.83
Fixation R	1	18	3868325029	3868696988	371959	376.96	334.65	29	28	-1	17.79	17.79
Saccade L	1	25	3868696988	3868760971	63983	383.20	329.20	410.30	401.83	2.78	140.68	0.38	43.50	5715.55	-4335.44	2233.07
Saccade R	1	25	3868696988	3868760971	63983	383.20	329.20	410.30	401.83	2.78	140.68	0.38	43.50	5715.55	-4335.44	2233.07
UserEvent	1	2	3868755321	# Message: UE-mouseclick left x=361 y=334
Fixation L	1	19	3868760971	3869108921	347950	422.44	414.17	27	39	-1	16.67	16.67
Fixation R	1	19	3868760971	3869108921	347950	422.44	414.17	27	39	-1	18.78	18.78
Saccade L	1	26	3869108921	3869152954	44033	424.60	435.40	375.24	393.66	1.92	108.69	0.36	43.54	4545.47	-3401.88	2439.63
Saccade R	1	26	3869108921	3869152954	44033	424.60	435.40	375.24	393.66	1.92	108.69	0.36	43.54	4545.47	-3401.88	2439.63
Fixation L	1	20	3869152954	3869408937	255983	362.87	385.55	23	18	-1	16.51	16.51
Fixation R	1	20	3869152954	3869408937	255983	362.87	385.55	23	18	-1	18.59	18.59
Saccade L	1	27	3869408937	3869440943	32006	371.61	373.24	430.56	410.90	1.46	87.09	0.63	45.56	3637.13	-3436.49	2609.94
Saccade R	1	27	3869408937	3869440943	32006	371.61	373.24	430.56	410.90	1.46	87.09	0.63	45.56	3637.13	-3436.49	2609.94
Fixation L	1	21	3869440943	3870036953	596010	410.32	423.50	49	36	-1	16.49	16.49
Fixation R	1	21	3869440943	3870036953	596010	410.32	423.50	49	36	-1	18.76	18.76
UserEvent	1	3	3870035353	# Message: UE-mouseclick left x=381 y=390
Saccade L	1	28	3870036953	3870064956	28003	398.82	411.89	426.52	421.78	0.66	46.36	0.43	23.58	1629.17	-1084.58	858.55
Saccade R	1	28	3870036953	3870064956	28003	398.82	411.89	426.52	421.78	0.66	46.36	0.43	23.58	1629.17	-1084.58	858.55
Fixation L	1	22	3870064956	3870176950	111994	428.51	418.12	31	28	-1	16.16	16.16
Fixation R	1	22	3870064956	3870176950	111994	428.51	418.12	31	28	-1	18.39	18.39
