[BeGaze]
Converted from:	D:\Kirillov\Results\ermolova_temp\Nastya 3kurs-eye_data.idf
Date:	17.04.2019 03:52:19
Version:	BeGaze 3.0.181
Sample Rate:	250
Subject:	Nastya 3kurs
Description:	Run3

Table Header for Fixations:
Event Type	Trial	Number	Start	End	Duration	Location X	Location Y	Dispersion X	Dispersion Y	Plane	Avg. Pupil Size X	Avg. Pupil Size Y

Table Header for Saccades:
Event Type	Trial	Number	Start	End	Duration	Start Loc.X	Start Loc.Y	End Loc.X	End Loc.Y	Amplitude	Peak Speed	Peak Speed At	Average Speed	Peak Accel.	Peak Decel.	Average Accel.

Table Header for User Events:
Event Type	Trial	Number	Start	Description

UserEvent	1	1	5239612875	# Message: Pie chart-1.jpg
Saccade L	1	1	5239634972	5239674976	40004	317.89	329.65	339.14	340.29	1.76	66.97	0.70	43.97	1228.03	-1440.97	728.24
Saccade R	1	1	5239634972	5239674976	40004	317.89	329.65	339.14	340.29	1.76	66.97	0.70	43.97	1228.03	-1440.97	728.24
Saccade L	1	2	5239714965	5239782965	68000	268.28	317.30	419.53	223.42	6.56	223.76	0.35	96.50	9793.45	-7978.21	4460.48
Saccade R	1	2	5239714965	5239782965	68000	268.28	317.30	419.53	223.42	6.56	223.76	0.35	96.50	9793.45	-7978.21	4460.48
Saccade L	1	3	5239782965	5239806965	24000	419.53	223.42	430.52	248.53	0.76	60.73	0.33	31.81	206.15	-1497.31	575.22
Saccade R	1	3	5239782965	5239806965	24000	419.53	223.42	430.52	248.53	0.76	60.73	0.33	31.81	206.15	-1497.31	575.22
Saccade L	1	4	5239806965	5239826969	20004	430.52	248.53	453.72	281.43	0.68	50.60	0.40	33.93	7698.64	-295.38	1777.64
Saccade R	1	4	5239806965	5239826969	20004	430.52	248.53	453.72	281.43	0.68	50.60	0.40	33.93	7698.64	-295.38	1777.64
Saccade L	1	5	5239826969	5239882964	55995	453.72	281.43	0.00	0.00	38.73	2260.89	0.79	691.62	46330.10	-95202.33	35766.48
Saccade L	1	6	5239923125	5240026972	103847	0.00	0.00	464.95	342.79	43.90	1223.12	0.23	422.78	57650.64	-32616.37	15303.81
Fixation L	1	1	5240026972	5240138968	111996	480.45	336.24	23	23	-1	13.20	13.20
Fixation R	1	1	5240026972	5240138968	111996	480.45	336.24	23	23	-1	12.41	12.41
Saccade L	1	7	5240138968	5240234978	96010	482.35	341.08	378.81	606.26	7.53	342.99	0.50	78.43	14766.32	-14509.32	4923.41
Saccade R	1	5	5240138968	5240234978	96010	482.35	341.08	378.81	606.26	7.53	342.99	0.50	78.43	14766.32	-14509.32	4923.41
Fixation L	1	2	5240234978	5240346980	112002	388.75	613.21	16	14	-1	12.75	12.75
Fixation R	1	2	5240234978	5240346980	112002	388.75	613.21	16	14	-1	12.06	12.06
Saccade L	1	8	5240346980	5240470973	123993	392.28	615.83	1223.50	530.99	21.56	528.46	0.23	173.85	25274.31	-17023.42	7672.28
Saccade R	1	6	5240346980	5240470973	123993	392.28	615.83	1223.50	530.99	21.56	528.46	0.23	173.85	25274.31	-17023.42	7672.28
Fixation L	1	3	5240470973	5240562851	91878	1234.76	529.76	24	16	-1	13.18	13.18
Fixation R	1	3	5240470973	5240562851	91878	1234.76	529.76	24	16	-1	12.42	12.42
Saccade L	1	9	5240562851	5240586860	24009	1226.94	523.82	1185.64	532.85	0.54	44.52	0.67	22.61	1742.47	535.78	1180.19
Saccade R	1	7	5240562851	5240586860	24009	1226.94	523.82	1185.64	532.85	0.54	44.52	0.67	22.61	1742.47	535.78	1180.19
Saccade L	1	10	5240586860	5240618844	31984	1185.64	532.85	1234.69	554.88	0.98	67.29	0.25	30.66	1100.49	-2140.28	897.89
Saccade R	1	8	5240586860	5240618844	31984	1185.64	532.85	1234.69	554.88	0.98	67.29	0.25	30.66	1100.49	-2140.28	897.89
Saccade L	1	11	5240618844	5240722867	104023	1234.69	554.88	1095.36	392.59	6.08	197.45	0.46	58.46	7889.77	-6392.67	2641.86
Saccade R	1	9	5240618844	5240722867	104023	1234.69	554.88	1095.36	392.59	6.08	197.45	0.46	58.46	7889.77	-6392.67	2641.86
Saccade L	1	12	5240770849	5240826848	55999	1131.49	404.00	1055.79	401.35	1.70	59.87	0.29	30.39	2469.23	-1457.32	1210.36
Saccade R	1	10	5240770849	5240826848	55999	1131.49	404.00	1055.79	401.35	1.70	59.87	0.29	30.39	2469.23	-1457.32	1210.36
Fixation L	1	4	5240826848	5240962875	136027	1046.07	400.94	32	13	-1	12.15	12.15
Fixation R	1	4	5240826848	5240962875	136027	1046.07	400.94	32	13	-1	11.28	11.28
Saccade L	1	13	5240962875	5241042858	79983	1028.03	408.13	1065.16	574.81	4.39	189.43	0.40	54.84	7843.44	-7705.52	3307.75
Saccade R	1	11	5240962875	5241042858	79983	1028.03	408.13	1065.16	574.81	4.39	189.43	0.40	54.84	7843.44	-7705.52	3307.75
Fixation L	1	5	5241042858	5241154855	111997	1065.40	574.77	12	11	-1	12.00	12.00
Fixation R	1	5	5241042858	5241154855	111997	1065.40	574.77	12	11	-1	10.97	10.97
Saccade L	1	14	5241154855	5241190873	36018	1058.21	573.93	1065.77	602.73	0.73	44.09	0.33	20.19	1631.76	-1308.17	850.25
Saccade R	1	12	5241154855	5241190873	36018	1058.21	573.93	1065.77	602.73	0.73	44.09	0.33	20.19	1631.76	-1308.17	850.25
Fixation L	1	6	5241246868	5241390867	143999	1071.08	631.00	21	61	-1	12.39	12.39
Fixation R	1	6	5241246868	5241390867	143999	1071.08	631.00	21	61	-1	11.16	11.16
Saccade L	1	15	5241390867	5241458863	67996	1066.82	653.21	182.19	915.91	20.38	565.14	0.47	299.70	23491.11	-18970.57	14094.87
Saccade R	1	13	5241390867	5241458863	67996	1066.82	653.21	182.19	915.91	20.38	565.14	0.47	299.70	23491.11	-18970.57	14094.87
Fixation L	1	7	5241458863	5241510864	52001	190.78	916.37	24	6	-1	12.99	12.99
Fixation R	1	7	5241458863	5241510864	52001	190.78	916.37	24	6	-1	11.54	11.54
Saccade L	1	16	5241510864	5241554861	43997	196.93	912.67	159.51	920.29	0.95	49.89	0.36	21.62	2044.91	-1635.59	1076.97
Saccade R	1	14	5241510864	5241554861	43997	196.93	912.67	159.51	920.29	0.95	49.89	0.36	21.62	2044.91	-1635.59	1076.97
Fixation L	1	8	5241554861	5241674869	120008	161.04	918.34	13	11	-1	13.26	13.26
Fixation R	1	8	5241554861	5241674869	120008	161.04	918.34	13	11	-1	11.74	11.74
Saccade L	1	17	5241674869	5241774881	100012	166.63	924.75	1010.68	522.24	22.26	547.01	0.28	222.55	25807.09	-16813.70	9704.13
Saccade R	1	15	5241674869	5241774881	100012	166.63	924.75	1010.68	522.24	22.26	547.01	0.28	222.55	25807.09	-16813.70	9704.13
Fixation L	1	9	5241774881	5241846875	71994	1010.19	519.48	11	8	-1	13.14	13.14
Fixation R	1	9	5241774881	5241846875	71994	1010.19	519.48	11	8	-1	12.04	12.04
Saccade L	1	18	5241846875	5241882870	35995	1016.82	524.01	1027.25	576.95	1.15	57.62	0.56	31.82	2612.23	-2410.86	1866.16
Saccade R	1	16	5241846875	5241882870	35995	1016.82	524.01	1027.25	576.95	1.15	57.62	0.56	31.82	2612.23	-2410.86	1866.16
Fixation L	1	10	5241982748	5242286753	304005	1099.66	379.94	1732	965	-1	13.71	13.71
Fixation R	1	10	5242102742	5242286753	184011	1257.65	387.25	39	34	-1	12.04	12.04
Saccade L	1	19	5242286753	5242330759	44006	1254.26	394.09	1062.26	397.89	4.14	209.90	0.45	93.98	9538.67	-9203.60	6358.32
Saccade R	1	17	5242286753	5242330759	44006	1254.26	394.09	1062.26	397.89	4.14	209.90	0.45	93.98	9538.67	-9203.60	6358.32
Fixation L	1	11	5242330759	5242474758	143999	1068.94	393.85	32	34	-1	13.81	13.81
Fixation R	1	11	5242330759	5242474758	143999	1068.94	393.85	32	34	-1	12.39	12.39
Fixation L	1	12	5242566753	5242646762	80009	1315.36	128.83	32	47	-1	14.12	14.12
Fixation R	1	12	5242566753	5242646762	80009	1315.36	128.83	32	47	-1	12.65	12.65
Saccade L	1	20	5242646762	5242694758	47996	1326.59	131.54	1311.32	76.35	1.22	49.24	0.25	25.41	1883.18	-1354.70	1074.93
Saccade R	1	18	5242646762	5242694758	47996	1326.59	131.54	1311.32	76.35	1.22	49.24	0.25	25.41	1883.18	-1354.70	1074.93
Saccade L	1	21	5242718756	5242822766	104010	1311.67	76.02	1271.68	515.74	11.05	323.68	0.27	106.21	15164.24	-9729.87	5026.87
Saccade R	1	19	5242718756	5242822766	104010	1311.67	76.02	1271.68	515.74	11.05	323.68	0.27	106.21	15164.24	-9729.87	5026.87
Saccade L	1	22	5242822766	5242842753	19987	1271.68	515.74	1240.18	523.64	0.46	43.15	0.40	23.07	96.13	-628.82	229.62
Saccade R	1	20	5242822766	5242842753	19987	1271.68	515.74	1240.18	523.64	0.46	43.15	0.40	23.07	96.13	-628.82	229.62
Fixation L	1	13	5242842753	5242962771	120018	1259.58	513.70	36	22	-1	13.71	13.71
Fixation R	1	13	5242842753	5242962771	120018	1259.58	513.70	36	22	-1	12.27	12.27
Saccade L	1	23	5242962771	5243010789	48018	1261.68	502.47	1349.31	532.47	2.93	173.31	0.33	60.95	7026.85	-6167.77	3324.69
Saccade R	1	21	5242962771	5243010789	48018	1261.68	502.47	1349.31	532.47	2.93	173.31	0.33	60.95	7026.85	-6167.77	3324.69
Fixation L	1	14	5243010789	5243122779	111990	1365.99	528.85	35	13	-1	13.65	13.65
Fixation R	1	14	5243010789	5243122779	111990	1365.99	528.85	35	13	-1	12.11	12.11
Saccade L	1	24	5243122779	5243166755	43976	1357.87	531.40	1440.60	521.05	2.46	158.49	0.36	55.90	6981.71	-5763.55	3792.19
Saccade R	1	22	5243122779	5243166755	43976	1357.87	531.40	1440.60	521.05	2.46	158.49	0.36	55.90	6981.71	-5763.55	3792.19
Fixation L	1	15	5243166755	5243234765	68010	1451.56	523.69	25	10	-1	13.64	13.64
Fixation R	1	15	5243166755	5243234765	68010	1451.56	523.69	25	10	-1	11.99	11.99
Saccade L	1	25	5243234765	5243266796	32031	1460.77	513.95	1420.73	498.51	0.78	46.11	0.75	24.21	1408.29	-38.24	595.89
Saccade R	1	23	5243234765	5243266796	32031	1460.77	513.95	1420.73	498.51	0.78	46.11	0.75	24.21	1408.29	-38.24	595.89
Fixation L	1	16	5243346641	5243486670	140029	1418.81	404.53	30	33	-1	13.75	13.75
Fixation R	1	16	5243346641	5243486670	140029	1418.81	404.53	30	33	-1	12.11	12.11
Saccade L	1	26	5243486670	5243554654	67984	1431.69	399.33	615.54	417.03	17.99	567.72	0.41	264.69	26932.19	-18303.54	14079.30
Saccade R	1	24	5243486670	5243554654	67984	1431.69	399.33	615.54	417.03	17.99	567.72	0.41	264.69	26932.19	-18303.54	14079.30
Fixation L	1	17	5243554654	5243674658	120004	609.18	418.07	40	15	-1	14.00	14.00
Fixation R	1	17	5243554654	5243674658	120004	609.18	418.07	40	15	-1	12.12	12.12
Saccade L	1	27	5243674658	5243742654	67996	593.56	424.60	351.68	446.27	5.61	293.23	0.24	82.57	14278.41	-12288.01	5647.83
Saccade R	1	25	5243674658	5243742654	67996	593.56	424.60	351.68	446.27	5.61	293.23	0.24	82.57	14278.41	-12288.01	5647.83
Fixation L	1	18	5243742654	5243990646	247992	346.18	429.63	17	30	-1	14.05	14.05
Fixation R	1	18	5243742654	5243990646	247992	346.18	429.63	17	30	-1	12.36	12.36
Saccade L	1	28	5243990646	5244022652	32006	332.36	427.61	401.07	386.63	1.65	118.49	0.50	51.58	5083.44	-5321.92	3736.81
Saccade R	1	26	5243990646	5244022652	32006	332.36	427.61	401.07	386.63	1.65	118.49	0.50	51.58	5083.44	-5321.92	3736.81
Saccade L	1	29	5244054668	5244078711	24043	400.45	385.06	399.30	364.53	0.49	46.47	0.50	20.42	1466.39	-1477.49	1013.98
Saccade R	1	27	5244054668	5244078711	24043	400.45	385.06	399.30	364.53	0.49	46.47	0.50	20.42	1466.39	-1477.49	1013.98
Fixation L	1	19	5244078711	5244198663	119952	395.01	356.71	11	19	-1	14.04	14.04
Fixation R	1	19	5244078711	5244198663	119952	395.01	356.71	11	19	-1	12.80	12.80
Saccade L	1	30	5244198663	5244298663	100000	389.23	368.38	1364.28	396.77	22.86	471.42	0.48	228.62	16163.01	-15527.22	7771.37
Saccade R	1	28	5244198663	5244298663	100000	389.23	368.38	1364.28	396.77	22.86	471.42	0.48	228.62	16163.01	-15527.22	7771.37
Fixation L	1	20	5244298663	5244438656	139993	1338.94	379.33	49	31	-1	13.73	13.73
Fixation R	1	20	5244298663	5244438656	139993	1338.94	379.33	49	31	-1	12.48	12.48
Saccade L	1	31	5244438656	5244502653	63997	1353.52	377.37	1335.28	474.60	2.45	111.63	0.69	38.28	4510.68	-4874.79	2137.20
Saccade R	1	29	5244438656	5244502653	63997	1353.52	377.37	1335.28	474.60	2.45	111.63	0.69	38.28	4510.68	-4874.79	2137.20
Fixation L	1	21	5244502653	5244770606	267953	1329.67	497.04	32	48	-1	13.44	13.44
Fixation R	1	21	5244502653	5244770606	267953	1329.67	497.04	32	48	-1	12.09	12.09
Saccade L	1	32	5244770606	5244814559	43953	1336.43	523.68	1333.06	610.85	1.96	94.73	0.54	44.65	4138.25	-3913.22	2727.14
Saccade R	1	30	5244770606	5244814559	43953	1336.43	523.68	1333.06	610.85	1.96	94.73	0.54	44.65	4138.25	-3913.22	2727.14
Fixation L	1	22	5244814559	5244934559	120000	1323.94	619.36	37	13	-1	13.47	13.47
Fixation R	1	22	5244814559	5244934559	120000	1323.94	619.36	37	13	-1	11.82	11.82
Saccade L	1	33	5244934559	5244974548	39989	1299.87	629.04	1314.63	500.33	2.68	182.54	0.30	67.13	7380.83	-6073.43	4063.34
Saccade R	1	31	5244934559	5244974548	39989	1299.87	629.04	1314.63	500.33	2.68	182.54	0.30	67.13	7380.83	-6073.43	4063.34
Fixation L	1	23	5244974548	5245122565	148017	1307.02	493.27	37	36	-1	13.41	13.41
Fixation R	1	23	5244974548	5245122565	148017	1307.02	493.27	37	36	-1	11.93	11.93
Saccade L	1	34	5245122565	5245166551	43986	1314.40	482.05	1148.53	441.05	3.47	229.01	0.27	78.99	10454.81	-9948.22	5506.31
Saccade R	1	32	5245122565	5245166551	43986	1314.40	482.05	1148.53	441.05	3.47	229.01	0.27	78.99	10454.81	-9948.22	5506.31
Saccade L	1	35	5245206541	5245322552	116011	1147.32	438.14	465.88	445.72	31.74	780.17	0.69	273.61	25803.37	-25448.34	12022.39
Saccade R	1	33	5245206541	5245322552	116011	1147.32	438.14	465.88	445.72	31.74	780.17	0.69	273.61	25803.37	-25448.34	12022.39
Saccade L	1	36	5245354569	5245422539	67970	479.56	460.28	474.82	522.43	1.40	41.20	0.41	20.66	1083.23	-941.27	614.11
Saccade R	1	34	5245354569	5245422539	67970	479.56	460.28	474.82	522.43	1.40	41.20	0.41	20.66	1083.23	-941.27	614.11
Saccade L	1	37	5245434550	5245498586	64036	471.58	524.53	405.70	620.79	2.82	125.01	0.37	43.98	5682.18	-4669.04	2533.18
Saccade R	1	35	5245434550	5245498586	64036	471.58	524.53	405.70	620.79	2.82	125.01	0.37	43.98	5682.18	-4669.04	2533.18
Fixation L	1	24	5245498586	5245622546	123960	406.44	603.44	18	38	-1	13.65	13.65
Fixation R	1	24	5245498586	5245622546	123960	406.44	603.44	18	38	-1	12.45	12.45
Saccade L	1	38	5245622546	5245678555	56009	409.97	583.50	434.22	611.13	1.49	64.78	0.50	26.68	1902.21	-1889.99	1032.93
Saccade R	1	36	5245622546	5245678555	56009	409.97	583.50	434.22	611.13	1.49	64.78	0.50	26.68	1902.21	-1889.99	1032.93
Fixation L	1	25	5245678555	5246150562	472007	424.80	592.32	46	41	-1	14.20	14.20
Fixation R	1	25	5245678555	5246150562	472007	424.80	592.32	46	41	-1	13.22	13.22
Saccade L	1	39	5246150562	5246198463	47901	423.72	598.59	448.00	378.03	4.71	264.63	0.33	98.43	12122.10	-10309.29	6365.18
Saccade R	1	37	5246150562	5246198463	47901	423.72	598.59	448.00	378.03	4.71	264.63	0.33	98.43	12122.10	-10309.29	6365.18
Saccade L	1	40	5246198463	5246222441	23978	448.00	378.03	451.68	349.02	0.84	57.32	0.51	35.07	1960.52	-2295.46	1508.12
Saccade R	1	38	5246198463	5246222441	23978	448.00	378.03	451.68	349.02	0.84	57.32	0.51	35.07	1960.52	-2295.46	1508.12
Saccade L	1	41	5246222441	5246262431	39990	451.68	349.02	413.17	361.40	1.00	43.88	0.70	24.90	1577.56	-1779.60	1201.82
Saccade R	1	39	5246222441	5246262431	39990	451.68	349.02	413.17	361.40	1.00	43.88	0.70	24.90	1577.56	-1779.60	1201.82
Fixation L	1	26	5246262431	5246430431	168000	419.61	340.50	36	50	-1	14.01	14.01
Fixation R	1	26	5246262431	5246430431	168000	419.61	340.50	36	50	-1	13.10	13.10
Saccade L	1	42	5246430431	5246514454	84023	429.51	313.84	1058.62	396.83	14.79	463.35	0.48	175.99	21464.85	-19064.35	9687.79
Saccade R	1	40	5246430431	5246514454	84023	429.51	313.84	1058.62	396.83	14.79	463.35	0.48	175.99	21464.85	-19064.35	9687.79
Saccade L	1	43	5246514454	5246550437	35983	1058.62	396.83	1061.78	372.26	0.80	43.05	0.67	22.23	639.63	-1400.33	553.35
Saccade R	1	41	5246514454	5246550437	35983	1058.62	396.83	1061.78	372.26	0.80	43.05	0.67	22.23	639.63	-1400.33	553.35
Fixation L	1	27	5246550437	5246702435	151998	1048.40	402.62	30	44	-1	14.06	14.06
Fixation R	1	27	5246550437	5246702435	151998	1048.40	402.62	30	44	-1	13.34	13.34
Saccade L	1	44	5246702435	5246734439	32004	1030.13	407.93	1030.57	538.00	2.73	208.00	0.50	85.21	9834.86	-9135.12	6690.95
Saccade R	1	42	5246702435	5246734439	32004	1030.13	407.93	1030.57	538.00	2.73	208.00	0.50	85.21	9834.86	-9135.12	6690.95
Fixation L	1	28	5246734439	5246858440	124001	1047.44	580.45	30	70	-1	14.30	14.30
Fixation R	1	28	5246734439	5246858440	124001	1047.44	580.45	30	70	-1	13.29	13.29
Fixation R	1	29	5246918551	5247322452	403901	363.76	448.91	818	936	-1	11.84	11.84
Saccade L	1	45	5246967550	5247050444	82894	0.00	0.00	443.67	527.51	34.84	1397.03	0.37	420.27	42776.87	-51268.68	17374.52
Fixation L	1	29	5247050444	5247322452	272008	422.43	522.13	45	36	-1	13.47	13.47
Saccade L	1	46	5247322452	5247358453	36001	423.34	505.34	413.04	457.12	1.19	80.09	0.33	32.95	3412.02	-3209.16	1958.63
Saccade R	1	43	5247322452	5247358453	36001	423.34	505.34	413.04	457.12	1.19	80.09	0.33	32.95	3412.02	-3209.16	1958.63
Saccade L	1	47	5247406467	5247462451	55984	401.97	453.65	445.95	314.15	4.47	230.66	0.21	79.89	10926.05	-9155.47	4841.91
Saccade R	1	44	5247406467	5247462451	55984	401.97	453.65	445.95	314.15	4.47	230.66	0.21	79.89	10926.05	-9155.47	4841.91
Saccade L	1	48	5247462451	5247510464	48013	445.95	314.15	440.76	248.72	1.46	72.44	0.33	30.44	2713.39	-2645.31	1526.90
Saccade R	1	45	5247462451	5247510464	48013	445.95	314.15	440.76	248.72	1.46	72.44	0.33	30.44	2713.39	-2645.31	1526.90
Fixation L	1	30	5247510464	5247562447	51983	435.09	246.32	20	12	-1	14.22	14.22
Fixation R	1	30	5247510464	5247562447	51983	435.09	246.32	20	12	-1	12.95	12.95
Saccade L	1	49	5247562447	5247630330	67883	444.33	250.63	400.21	662.67	9.44	352.70	0.59	139.06	14910.83	-15816.99	8355.51
Saccade R	1	46	5247562447	5247630330	67883	444.33	250.63	400.21	662.67	9.44	352.70	0.59	139.06	14910.83	-15816.99	8355.51
Fixation L	1	31	5247630330	5247802335	172005	424.99	663.90	40	29	-1	14.20	14.20
Fixation R	1	31	5247630330	5247802335	172005	424.99	663.90	40	29	-1	13.23	13.23
Saccade L	1	50	5247802335	5247834346	32011	432.04	652.29	440.31	699.76	1.13	69.08	0.50	35.15	2776.96	-3012.16	2146.29
Saccade R	1	47	5247802335	5247834346	32011	432.04	652.29	440.31	699.76	1.13	69.08	0.50	35.15	2776.96	-3012.16	2146.29
Fixation L	1	32	5247834346	5247982333	147987	427.46	690.33	31	29	-1	14.09	14.09
Fixation R	1	32	5247834346	5247982333	147987	427.46	690.33	31	29	-1	13.18	13.18
Saccade L	1	51	5247982333	5248034348	52015	412.56	673.11	442.63	823.38	4.20	207.24	0.54	80.72	7025.34	-9005.43	4916.48
Saccade R	1	48	5247982333	5248034348	52015	412.56	673.11	442.63	823.38	4.20	207.24	0.54	80.72	7025.34	-9005.43	4916.48
Fixation L	1	33	5248034348	5248306284	271936	437.31	814.86	32	33	-1	14.38	14.38
Fixation R	1	33	5248034348	5248306284	271936	437.31	814.86	32	33	-1	13.26	13.26
Saccade L	1	52	5248386343	5248414334	27991	437.64	745.44	443.38	697.59	1.13	71.25	0.57	40.31	1450.84	-3208.39	1665.49
Saccade R	1	49	5248386343	5248414334	27991	437.64	745.44	443.38	697.59	1.13	71.25	0.57	40.31	1450.84	-3208.39	1665.49
Fixation L	1	34	5248414334	5248510362	96028	451.87	700.76	11	16	-1	14.28	14.28
Fixation R	1	34	5248414334	5248510362	96028	451.87	700.76	11	16	-1	13.13	13.13
Saccade L	1	53	5248510362	5248566357	55995	456.85	707.28	444.55	677.76	1.31	57.02	0.50	23.47	1820.89	-1160.93	960.39
Saccade R	1	50	5248510362	5248566357	55995	456.85	707.28	444.55	677.76	1.31	57.02	0.50	23.47	1820.89	-1160.93	960.39
Fixation L	1	35	5248566357	5248798354	231997	435.28	644.57	33	58	-1	13.80	13.80
Fixation R	1	35	5248566357	5248798354	231997	435.28	644.57	33	58	-1	12.80	12.80
Fixation L	1	36	5248866350	5249114224	247874	454.70	586.73	35	52	-1	14.06	14.06
Fixation R	1	36	5248866350	5249114224	247874	454.70	586.73	35	52	-1	13.08	13.08
Saccade L	1	54	5249114224	5249150229	36005	448.73	574.82	435.21	606.86	0.77	46.92	0.33	21.33	1622.00	-1657.50	1124.43
Saccade R	1	51	5249114224	5249150229	36005	448.73	574.82	435.21	606.86	0.77	46.92	0.33	21.33	1622.00	-1657.50	1124.43
Saccade L	1	55	5249162224	5249206244	44020	434.40	607.86	422.94	575.88	0.94	41.09	0.27	21.39	1746.48	-1114.01	875.58
Saccade R	1	52	5249162224	5249206244	44020	434.40	607.86	422.94	575.88	0.94	41.09	0.27	21.39	1746.48	-1114.01	875.58
Saccade L	1	56	5249214244	5249254234	39990	419.51	574.85	415.99	608.67	0.84	41.11	0.40	20.91	1420.37	-1265.31	820.40
Saccade R	1	53	5249214244	5249254234	39990	419.51	574.85	415.99	608.67	0.84	41.11	0.40	20.91	1420.37	-1265.31	820.40
Fixation L	1	37	5249254234	5249682240	428006	433.73	609.18	47	49	-1	14.28	14.28
Fixation R	1	37	5249254234	5249682240	428006	433.73	609.18	47	49	-1	13.31	13.31
Saccade L	1	57	5249682240	5249734256	52016	447.62	623.84	417.58	665.30	1.50	65.30	0.31	28.89	2809.07	-2053.76	1419.51
Saccade R	1	54	5249682240	5249734256	52016	447.62	623.84	417.58	665.30	1.50	65.30	0.31	28.89	2809.07	-2053.76	1419.51
Fixation L	1	38	5249734256	5249914236	179980	427.58	672.63	17	24	-1	14.03	14.03
Fixation R	1	38	5249734256	5249914236	179980	427.58	672.63	17	24	-1	13.48	13.48
Saccade L	1	58	5249914236	5249966255	52019	423.21	688.14	367.67	786.27	2.48	132.41	0.46	47.65	5470.37	-5232.22	3152.01
Saccade R	1	55	5249914236	5249966255	52019	423.21	688.14	367.67	786.27	2.48	132.41	0.46	47.65	5470.37	-5232.22	3152.01
Fixation L	1	39	5249966255	5250042239	75984	363.65	783.05	10	26	-1	14.26	14.26
Fixation R	1	39	5249966255	5250042239	75984	363.65	783.05	10	26	-1	13.53	13.53
Saccade L	1	59	5250042239	5250066242	24003	362.69	769.78	363.52	804.61	0.74	58.92	0.50	30.78	2367.18	-2270.93	1707.98
Saccade R	1	56	5250042239	5250066242	24003	362.69	769.78	363.52	804.61	0.74	58.92	0.50	30.78	2367.18	-2270.93	1707.98
Fixation L	1	40	5250066242	5250146180	79938	363.55	779.68	12	55	-1	14.47	14.47
Fixation R	1	40	5250066242	5250146180	79938	363.55	779.68	12	55	-1	13.60	13.60
Fixation L	1	41	5250214255	5250358242	143987	264.58	781.36	19	22	-1	14.72	14.72
Fixation R	1	41	5250214255	5250358242	143987	264.58	781.36	19	22	-1	13.55	13.55
Saccade L	1	60	5250358242	5250414116	55874	272.02	771.30	398.16	629.18	4.55	238.44	0.43	81.37	9947.11	-8198.78	5188.73
Saccade R	1	57	5250358242	5250414116	55874	272.02	771.30	398.16	629.18	4.55	238.44	0.43	81.37	9947.11	-8198.78	5188.73
Saccade L	1	61	5250454121	5250502136	48015	398.87	622.14	424.53	584.52	0.90	46.86	0.25	18.79	1673.77	-1582.38	742.85
Saccade R	1	58	5250454121	5250502136	48015	398.87	622.14	424.53	584.52	0.90	46.86	0.25	18.79	1673.77	-1582.38	742.85
Fixation L	1	42	5250502136	5250610146	108010	406.52	598.52	37	25	-1	14.44	14.44
Fixation R	1	42	5250502136	5250610146	108010	406.52	598.52	37	25	-1	13.51	13.51
Saccade L	1	62	5250610146	5250650152	40006	391.36	608.52	405.82	546.41	1.37	72.25	0.40	34.20	3389.26	-2756.32	1956.04
Saccade R	1	59	5250610146	5250650152	40006	391.36	608.52	405.82	546.41	1.37	72.25	0.40	34.20	3389.26	-2756.32	1956.04
Fixation L	1	43	5250650152	5250782135	131983	406.34	543.14	8	14	-1	14.19	14.19
Fixation R	1	43	5250650152	5250782135	131983	406.34	543.14	8	14	-1	13.21	13.21
Saccade L	1	63	5250782135	5250830137	48002	410.30	545.41	439.59	582.43	1.07	41.08	0.33	22.25	1648.44	-944.91	949.77
Saccade R	1	60	5250782135	5250830137	48002	410.30	545.41	439.59	582.43	1.07	41.08	0.33	22.25	1648.44	-944.91	949.77
Fixation L	1	44	5250830137	5250994138	164001	432.76	575.09	43	49	-1	14.33	14.33
Fixation R	1	44	5250830137	5250994138	164001	432.76	575.09	43	49	-1	13.32	13.32
Saccade L	1	64	5250994138	5251038146	44008	453.13	592.10	430.25	538.23	1.21	49.92	0.55	27.54	1879.26	-1651.08	1193.54
Saccade R	1	61	5250994138	5251038146	44008	453.13	592.10	430.25	538.23	1.21	49.92	0.55	27.54	1879.26	-1651.08	1193.54
Saccade L	1	65	5251038146	5251078147	40001	430.25	538.23	431.62	589.34	1.13	47.20	0.50	28.26	1409.98	-1886.98	1142.35
Saccade R	1	62	5251038146	5251078147	40001	430.25	538.23	431.62	589.34	1.13	47.20	0.50	28.26	1409.98	-1886.98	1142.35
Fixation L	1	45	5251078147	5251718157	640010	429.70	583.23	38	65	-1	14.42	14.42
Fixation R	1	45	5251078147	5251718157	640010	429.70	583.23	38	65	-1	13.42	13.42
Saccade L	1	66	5251718157	5251750143	31986	434.62	591.20	415.06	550.60	0.82	53.01	0.37	25.67	1875.08	-2052.75	1400.25
Saccade R	1	63	5251718157	5251750143	31986	434.62	591.20	415.06	550.60	0.82	53.01	0.37	25.67	1875.08	-2052.75	1400.25
Saccade L	1	67	5251790143	5251842021	51878	416.86	552.64	269.90	603.20	4.89	231.29	0.31	94.19	10681.57	-8811.43	5221.93
Saccade R	1	64	5251790143	5251842021	51878	416.86	552.64	269.90	603.20	4.89	231.29	0.31	94.19	10681.57	-8811.43	5221.93
Saccade L	1	68	5251842021	5251890047	48026	269.90	603.20	226.71	576.73	1.15	41.87	0.25	24.03	308.36	-1732.57	729.22
Saccade R	1	65	5251842021	5251890047	48026	269.90	603.20	226.71	576.73	1.15	41.87	0.25	24.03	308.36	-1732.57	729.22
Fixation L	1	46	5251890047	5252110028	219981	265.01	597.58	55	35	-1	14.40	14.40
Fixation R	1	46	5251890047	5252110028	219981	265.01	597.58	55	35	-1	13.36	13.36
Fixation L	1	47	5252326052	5252450033	123981	298.78	678.43	21	30	-1	14.83	14.83
Fixation R	1	47	5252326052	5252450033	123981	298.78	678.43	21	30	-1	13.85	13.85
Saccade L	1	69	5252450033	5252514059	64026	282.84	665.00	1053.57	524.22	17.16	446.24	0.44	268.05	19242.49	-17159.19	11410.47
Saccade R	1	66	5252450033	5252514059	64026	282.84	665.00	1053.57	524.22	17.16	446.24	0.44	268.05	19242.49	-17159.19	11410.47
Saccade L	1	70	5252558026	5252598047	40021	1052.55	530.87	1009.74	536.21	0.93	41.71	0.40	23.25	1639.64	-1661.30	1182.31
Saccade R	1	67	5252558026	5252598047	40021	1052.55	530.87	1009.74	536.21	0.93	41.71	0.40	23.25	1639.64	-1661.30	1182.31
Fixation L	1	48	5252598047	5252750032	151985	1034.50	538.06	40	27	-1	14.82	14.82
Fixation R	1	48	5252598047	5252750032	151985	1034.50	538.06	40	27	-1	14.04	14.04
Saccade L	1	71	5252750032	5252802030	51998	1037.55	548.20	1102.54	654.38	3.00	149.12	0.54	57.61	6159.78	-6653.01	3490.27
Saccade R	1	68	5252750032	5252802030	51998	1037.55	548.20	1102.54	654.38	3.00	149.12	0.54	57.61	6159.78	-6653.01	3490.27
Saccade L	1	72	5252802030	5252826046	24016	1102.54	654.38	1076.65	656.38	0.56	42.76	0.50	23.28	704.54	-1705.24	887.06
Saccade R	1	69	5252802030	5252826046	24016	1102.54	654.38	1076.65	656.38	0.56	42.76	0.50	23.28	704.54	-1705.24	887.06
Fixation L	1	49	5252826046	5252982061	156015	1091.79	663.68	36	15	-1	14.09	14.09
Fixation R	1	49	5252826046	5252982061	156015	1091.79	663.68	36	15	-1	13.00	13.00
Saccade L	1	73	5253038032	5253138032	100000	1059.95	643.33	400.38	609.64	16.05	486.17	0.28	160.49	19950.03	-19190.30	7911.54
Saccade R	1	70	5253038032	5253138032	100000	1059.95	643.33	400.38	609.64	16.05	486.17	0.28	160.49	19950.03	-19190.30	7911.54
Fixation L	1	50	5253138032	5253249911	111879	388.89	602.49	17	17	-1	12.80	12.80
Fixation R	1	50	5253138032	5253249911	111879	388.89	602.49	17	17	-1	11.80	11.80
