[BeGaze]
Converted from:	D:\Kirillov\Results\ermolova_temp\Vita-eye_data.idf
Date:	17.04.2019 03:54:22
Version:	BeGaze 3.0.181
Sample Rate:	250
Subject:	Vita
Description:	Run38

Table Header for Fixations:
Event Type	Trial	Number	Start	End	Duration	Location X	Location Y	Dispersion X	Dispersion Y	Plane	Avg. Pupil Size X	Avg. Pupil Size Y

Table Header for Saccades:
Event Type	Trial	Number	Start	End	Duration	Start Loc.X	Start Loc.Y	End Loc.X	End Loc.Y	Amplitude	Peak Speed	Peak Speed At	Average Speed	Peak Accel.	Peak Decel.	Average Accel.

Table Header for User Events:
Event Type	Trial	Number	Start	Description

UserEvent	1	1	6338412217	# Message: experiment-16.jpg
Fixation L	1	1	6338415128	6338563128	148000	384.38	386.77	7	5	-1	15.00	15.00
Fixation R	1	1	6338415128	6338563128	148000	384.38	386.77	7	5	-1	15.18	15.18
Saccade L	1	1	6338563128	6338615132	52004	383.74	389.07	729.15	433.29	8.08	391.77	0.38	155.29	18634.13	-16607.64	10629.48
Saccade R	1	1	6338563128	6338615132	52004	383.74	389.07	729.15	433.29	8.08	391.77	0.38	155.29	18634.13	-16607.64	10629.48
Fixation L	1	2	6338615132	6338739140	124008	748.18	438.15	33	16	-1	14.83	14.83
Fixation R	1	2	6338615132	6338739140	124008	748.18	438.15	33	16	-1	15.25	15.25
Saccade L	1	2	6338739140	6338783119	43979	761.34	435.71	936.55	461.31	4.05	254.52	0.36	92.12	12162.78	-11886.73	7237.89
Saccade R	1	2	6338739140	6338783119	43979	761.34	435.71	936.55	461.31	4.05	254.52	0.36	92.12	12162.78	-11886.73	7237.89
Fixation L	1	3	6338783119	6338939147	156028	948.63	469.89	19	17	-1	14.25	14.25
Fixation R	1	3	6338783119	6338939147	156028	948.63	469.89	19	17	-1	14.63	14.63
Saccade L	1	3	6338939147	6339011129	71982	948.89	470.88	469.51	277.04	11.42	384.92	0.28	158.67	18451.54	-12830.81	8678.53
Saccade R	1	3	6338939147	6339011129	71982	948.89	470.88	469.51	277.04	11.42	384.92	0.28	158.67	18451.54	-12830.81	8678.53
Fixation L	1	4	6339011129	6339139132	128003	469.91	290.94	10	21	-1	13.41	13.41
Fixation R	1	4	6339011129	6339139132	128003	469.91	290.94	10	21	-1	13.28	13.28
Saccade L	1	4	6339139132	6339195159	56027	475.61	297.69	439.35	88.31	4.82	254.01	0.29	86.09	11833.18	-8939.43	5762.10
Saccade R	1	4	6339139132	6339195159	56027	475.61	297.69	439.35	88.31	4.82	254.01	0.29	86.09	11833.18	-8939.43	5762.10
Fixation L	1	5	6339195159	6339519031	323872	440.45	96.78	21	35	-1	12.97	12.97
Fixation R	1	5	6339195159	6339519031	323872	440.45	96.78	21	35	-1	12.90	12.90
Saccade L	1	5	6339519031	6339547054	28023	444.95	116.49	472.40	157.73	1.11	82.43	0.57	39.52	3374.06	-2957.73	2355.63
Saccade R	1	5	6339519031	6339547054	28023	444.95	116.49	472.40	157.73	1.11	82.43	0.57	39.52	3374.06	-2957.73	2355.63
Fixation L	1	6	6339547054	6341366946	1819892	445.75	158.80	76	106	-1	13.68	13.68
Fixation R	1	6	6339547054	6341366946	1819892	445.75	158.80	76	106	-1	13.69	13.69
Saccade L	1	6	6341366946	6341386932	19986	447.13	196.27	478.42	194.76	0.61	51.74	0.40	30.45	2247.81	-1806.59	1517.81
Saccade R	1	6	6341366946	6341386932	19986	447.13	196.27	478.42	194.76	0.61	51.74	0.40	30.45	2247.81	-1806.59	1517.81
Fixation L	1	7	6341386932	6341750969	364037	496.95	194.88	43	36	-1	13.96	13.96
Fixation R	1	7	6341386932	6341750969	364037	496.95	194.88	43	36	-1	14.10	14.10
Saccade L	1	7	6341750969	6341786879	35910	499.75	207.87	492.85	134.14	1.55	86.71	0.44	43.07	3918.19	-3772.63	2803.70
Saccade R	1	7	6341750969	6341786879	35910	499.75	207.87	492.85	134.14	1.55	86.71	0.44	43.07	3918.19	-3772.63	2803.70
Fixation L	1	8	6341786879	6342026944	240065	485.39	126.51	13	22	-1	13.59	13.59
Fixation R	1	8	6341786879	6342026944	240065	485.39	126.51	13	22	-1	13.57	13.57
Saccade L	1	8	6342026944	6342062939	35995	479.62	116.73	440.90	275.62	3.37	187.22	0.56	93.49	9030.94	-8856.70	6400.88
Saccade R	1	8	6342026944	6342062939	35995	479.62	116.73	440.90	275.62	3.37	187.22	0.56	93.49	9030.94	-8856.70	6400.88
Fixation L	1	9	6342062939	6342338846	275907	430.93	279.61	19	30	-1	13.90	13.90
Fixation R	1	9	6342062939	6342338846	275907	430.93	279.61	19	30	-1	13.77	13.77
Saccade L	1	9	6342338846	6342386837	47991	434.90	292.98	487.65	324.66	1.45	91.17	0.25	30.22	3561.39	-3097.79	1675.11
Saccade R	1	9	6342338846	6342386837	47991	434.90	292.98	487.65	324.66	1.45	91.17	0.25	30.22	3561.39	-3097.79	1675.11
Fixation L	1	10	6342386837	6342514833	127996	479.92	315.24	17	17	-1	14.00	14.00
Fixation R	1	10	6342386837	6342514833	127996	479.92	315.24	17	17	-1	13.81	13.81
Saccade L	1	10	6342514833	6342550838	36005	471.72	322.31	479.31	207.95	2.38	169.00	0.33	66.01	7801.07	-7654.15	4991.93
Saccade R	1	10	6342514833	6342550838	36005	471.72	322.31	479.31	207.95	2.38	169.00	0.33	66.01	7801.07	-7654.15	4991.93
Fixation L	1	11	6342550838	6342774831	223993	477.79	200.39	15	15	-1	14.12	14.12
Fixation R	1	11	6342550838	6342774831	223993	477.79	200.39	15	15	-1	13.79	13.79
Saccade L	1	11	6342774831	6342830833	56002	485.58	196.82	473.56	279.90	1.87	90.27	0.71	33.44	3146.26	-3985.96	1838.84
Saccade R	1	11	6342774831	6342830833	56002	485.58	196.82	473.56	279.90	1.87	90.27	0.71	33.44	3146.26	-3985.96	1838.84
Fixation L	1	12	6342830833	6343046836	216003	475.56	282.65	13	20	-1	13.84	13.84
Fixation R	1	12	6342830833	6343046836	216003	475.56	282.65	13	20	-1	13.38	13.38
Saccade L	1	12	6343046836	6343106866	60030	480.38	275.39	446.21	341.84	1.87	99.42	0.27	31.13	4141.22	-3199.22	1711.52
Saccade R	1	12	6343046836	6343106866	60030	480.38	275.39	446.21	341.84	1.87	99.42	0.27	31.13	4141.22	-3199.22	1711.52
Fixation L	1	13	6343106866	6343258852	151986	456.81	340.30	22	23	-1	13.70	13.70
Fixation R	1	13	6343106866	6343258852	151986	456.81	340.30	22	23	-1	13.36	13.36
Saccade L	1	13	6343258852	6343290848	31996	458.97	325.28	450.98	343.25	0.59	41.71	0.62	18.54	1175.72	-1742.48	896.17
Saccade R	1	13	6343258852	6343290848	31996	458.97	325.28	450.98	343.25	0.59	41.71	0.62	18.54	1175.72	-1742.48	896.17
Saccade L	1	14	6343310863	6343362858	51995	449.01	347.57	0.00	0.00	26.34	944.29	0.77	506.63	31728.82	-50586.91	25329.89
Saccade R	1	14	6343310863	6343362858	51995	449.01	347.57	0.00	0.00	26.34	944.29	0.77	506.63	31728.82	-50586.91	25329.89
Fixation L	1	14	6343362858	6343421335	58477	0.00	0.00	0	0	-1	12.48	12.48
Fixation R	1	14	6343362858	6343421335	58477	0.00	0.00	0	0	-1	9.99	9.99
Fixation L	1	15	6343530849	6343868599	337750	392.08	197.32	1034	644	-1	13.18	13.18
Fixation R	1	15	6343530849	6343868599	337750	392.08	197.32	1034	644	-1	12.64	12.63
Fixation L	1	16	6343930761	6344174736	243975	1144.24	446.66	18	40	-1	13.13	13.13
Fixation R	1	16	6343930761	6344174736	243975	1144.24	446.66	18	40	-1	13.25	13.25
Saccade L	1	15	6344174736	6344226742	52006	1140.15	469.52	1197.12	451.67	1.68	94.34	0.31	32.38	4312.96	-3694.34	1764.64
Saccade R	1	15	6344174736	6344226742	52006	1140.15	469.52	1197.12	451.67	1.68	94.34	0.31	32.38	4312.96	-3694.34	1764.64
Fixation L	1	17	6344226742	6344378749	152007	1194.70	442.46	7	34	-1	12.44	12.44
Fixation R	1	17	6344226742	6344378749	152007	1194.70	442.46	7	34	-1	12.40	12.40
Saccade L	1	16	6344378749	6344402774	24025	1192.38	419.58	1195.73	481.68	1.25	102.71	0.50	51.92	4820.82	-4483.88	3263.14
Saccade R	1	16	6344378749	6344402774	24025	1192.38	419.58	1195.73	481.68	1.25	102.71	0.50	51.92	4820.82	-4483.88	3263.14
Fixation L	1	18	6344402774	6344646769	243995	1196.70	489.00	13	29	-1	12.15	12.15
Fixation R	1	18	6344402774	6344646769	243995	1196.70	489.00	13	29	-1	12.14	12.14
Saccade L	1	17	6344646769	6344674744	27975	1189.52	489.53	1194.94	426.34	1.34	91.71	0.43	47.88	4428.15	-4284.65	3231.80
Saccade R	1	17	6344646769	6344674744	27975	1189.52	489.53	1194.94	426.34	1.34	91.71	0.43	47.88	4428.15	-4284.65	3231.80
Fixation L	1	19	6344674744	6345142769	468025	1207.24	417.39	32	30	-1	12.82	12.82
Fixation R	1	19	6344674744	6345142769	468025	1207.24	417.39	32	30	-1	12.78	12.78
Saccade L	1	18	6345142769	6345174639	31870	1216.17	427.40	1189.15	462.97	0.99	64.14	0.50	31.04	2709.45	-2476.72	1814.96
Saccade R	1	18	6345142769	6345174639	31870	1216.17	427.40	1189.15	462.97	0.99	64.14	0.50	31.04	2709.45	-2476.72	1814.96
Fixation L	1	20	6345174639	6345462663	288024	1188.37	482.01	11	27	-1	13.68	13.68
Fixation R	1	20	6345174639	6345462663	288024	1188.37	482.01	11	27	-1	13.63	13.63
Saccade L	1	19	6345462663	6345506657	43994	1188.50	488.18	1124.00	524.85	1.74	113.44	0.64	39.55	4876.97	-4936.60	2657.30
Saccade R	1	19	6345462663	6345506657	43994	1188.50	488.18	1124.00	524.85	1.74	113.44	0.64	39.55	4876.97	-4936.60	2657.30
Fixation L	1	21	6345506657	6345634673	128016	1130.95	527.68	18	12	-1	13.99	13.99
Fixation R	1	21	6345506657	6345634673	128016	1130.95	527.68	18	12	-1	13.89	13.89
Saccade L	1	20	6345634673	6345682660	47987	1129.90	531.28	1170.28	613.50	2.13	121.61	0.25	44.44	5604.65	-5238.96	2810.79
Saccade R	1	20	6345634673	6345682660	47987	1129.90	531.28	1170.28	613.50	2.13	121.61	0.25	44.44	5604.65	-5238.96	2810.79
Fixation L	1	22	6345682660	6346054658	371998	1165.57	620.14	25	25	-1	14.04	14.04
Fixation R	1	22	6345682660	6346054658	371998	1165.57	620.14	25	25	-1	13.73	13.73
Saccade L	1	21	6346054658	6346090662	36004	1151.48	605.68	1206.67	591.79	1.35	99.81	0.44	37.48	4610.29	-4303.69	2704.50
Saccade R	1	21	6346054658	6346090662	36004	1151.48	605.68	1206.67	591.79	1.35	99.81	0.44	37.48	4610.29	-4303.69	2704.50
Fixation L	1	23	6346090662	6346182659	91997	1202.00	585.71	20	10	-1	13.82	13.82
Fixation R	1	23	6346090662	6346182659	91997	1202.00	585.71	20	10	-1	13.59	13.59
Saccade L	1	22	6346182659	6346230682	48023	1205.04	583.87	1191.28	417.35	3.85	257.99	0.33	80.21	12012.58	-11382.85	6387.37
Saccade R	1	22	6346182659	6346230682	48023	1205.04	583.87	1191.28	417.35	3.85	257.99	0.33	80.21	12012.58	-11382.85	6387.37
Fixation L	1	24	6346230682	6346374666	143984	1190.36	424.50	21	17	-1	13.86	13.86
Fixation R	1	24	6346230682	6346374666	143984	1190.36	424.50	21	17	-1	13.62	13.62
Saccade L	1	23	6346374666	6346410684	36018	1189.37	423.09	1122.50	428.22	1.59	126.73	0.44	44.27	5203.05	-5070.17	3261.34
Saccade R	1	23	6346374666	6346410684	36018	1189.37	423.09	1122.50	428.22	1.59	126.73	0.44	44.27	5203.05	-5070.17	3261.34
Fixation L	1	25	6346410684	6346606542	195858	1121.06	424.02	14	16	-1	14.43	14.43
Fixation R	1	25	6346410684	6346606542	195858	1121.06	424.02	14	16	-1	13.74	13.74
Saccade L	1	24	6346606542	6346642542	36000	1128.33	422.19	1207.31	421.83	2.65	198.43	0.33	73.57	8377.75	-7047.21	4639.78
Saccade R	1	24	6346606542	6346642542	36000	1128.33	422.19	1207.31	421.83	2.65	198.43	0.33	73.57	8377.75	-7047.21	4639.78
Fixation L	1	26	6346642542	6346866548	224006	1211.77	438.24	22	45	-1	14.62	14.62
Fixation R	1	26	6346642542	6346866548	224006	1211.77	438.24	22	45	-1	14.06	14.06
Saccade L	1	25	6346866548	6346938558	72010	1195.19	442.99	1161.25	697.59	6.23	234.68	0.22	86.47	11475.66	-7435.99	4837.45
Saccade R	1	25	6346866548	6346938558	72010	1195.19	442.99	1161.25	697.59	6.23	234.68	0.22	86.47	11475.66	-7435.99	4837.45
Fixation L	1	27	6346938558	6347058558	120000	1159.67	701.36	9	9	-1	14.90	14.90
Fixation R	1	27	6346938558	6347058558	120000	1159.67	701.36	9	9	-1	14.03	14.03
Saccade L	1	26	6347058558	6347106552	47994	1155.54	704.57	1130.60	656.80	1.19	61.92	0.33	24.69	2613.91	-2261.28	1367.35
Saccade R	1	26	6347058558	6347106552	47994	1155.54	704.57	1130.60	656.80	1.19	61.92	0.33	24.69	2613.91	-2261.28	1367.35
Fixation L	1	28	6347106552	6347278570	172018	1135.92	657.87	18	8	-1	14.77	14.77
Fixation R	1	28	6347106552	6347278570	172018	1135.92	657.87	18	8	-1	14.10	14.10
Fixation L	1	29	6347350563	6347937706	587143	0.00	0.00	0	0	-1	13.87	13.87
Fixation R	1	29	6347350563	6347937706	587143	0.00	0.00	0	0	-1	13.79	13.66
Saccade L	1	27	6347937706	6347994447	56741	0.00	0.00	954.94	735.59	33.33	2913.03	0.26	587.36	127777.73	-116571.84	44120.87
Saccade R	1	27	6347937706	6347994447	56741	0.00	0.00	954.94	735.59	33.33	2913.03	0.26	587.36	127777.73	-116571.84	44120.87
Fixation L	1	30	6347994447	6348130456	136009	960.98	711.41	20	31	-1	15.77	15.77
Fixation R	1	30	6347994447	6348130456	136009	960.98	711.41	20	31	-1	15.85	15.85
