[BeGaze]
Converted from:	D:\Kirillov\Results\ermolova_temp\Nikol-eye_data.idf
Date:	17.04.2019 03:54:30
Version:	BeGaze 3.0.181
Sample Rate:	250
Subject:	Nikol
Description:	Run39

Table Header for Fixations:
Event Type	Trial	Number	Start	End	Duration	Location X	Location Y	Dispersion X	Dispersion Y	Plane	Avg. Pupil Size X	Avg. Pupil Size Y

Table Header for Saccades:
Event Type	Trial	Number	Start	End	Duration	Start Loc.X	Start Loc.Y	End Loc.X	End Loc.Y	Amplitude	Peak Speed	Peak Speed At	Average Speed	Peak Accel.	Peak Decel.	Average Accel.

Table Header for User Events:
Event Type	Trial	Number	Start	Description

UserEvent	1	1	8584171794	# Message: Questionnaire11.jpg
Fixation L	1	1	8584175068	8584427074	252006	824.26	399.75	20	14	-1	12.12	12.12
Fixation R	1	1	8584175068	8584427074	252006	824.26	399.75	20	14	-1	13.72	13.72
Saccade L	1	1	8584427074	8584479087	52013	814.98	407.95	435.68	254.65	9.14	456.43	0.38	175.65	21809.74	-17576.39	11761.51
Saccade R	1	1	8584427074	8584479087	52013	814.98	407.95	435.68	254.65	9.14	456.43	0.38	175.65	21809.74	-17576.39	11761.51
Saccade L	1	2	8584479087	8584515072	35985	435.68	254.65	400.91	262.40	0.85	42.87	0.44	23.69	1347.09	-1354.63	826.63
Saccade R	1	2	8584479087	8584515072	35985	435.68	254.65	400.91	262.40	0.85	42.87	0.44	23.69	1347.09	-1354.63	826.63
Fixation L	1	2	8584515072	8585306970	791898	389.85	270.42	21	29	-1	12.23	12.23
Fixation R	1	2	8584515072	8585306970	791898	389.85	270.42	21	29	-1	13.90	13.90
Saccade L	1	3	8585306970	8585330974	24004	388.43	275.62	326.45	277.27	1.24	101.50	0.50	51.67	4830.85	-3968.64	3112.08
Saccade R	1	3	8585306970	8585330974	24004	388.43	275.62	326.45	277.27	1.24	101.50	0.50	51.67	4830.85	-3968.64	3112.08
Fixation L	1	3	8585330974	8585687002	356028	332.63	280.49	22	25	-1	11.73	11.73
Fixation R	1	3	8585330974	8585687002	356028	332.63	280.49	22	25	-1	13.42	13.42
Saccade L	1	4	8585687002	8585722984	35982	341.99	273.83	422.73	266.40	1.64	107.52	0.44	45.60	4706.83	-4587.58	3253.04
Saccade R	1	4	8585687002	8585722984	35982	341.99	273.83	422.73	266.40	1.64	107.52	0.44	45.60	4706.83	-4587.58	3253.04
Fixation L	1	4	8585722984	8586343011	620027	429.93	276.83	28	19	-1	11.51	11.51
Fixation R	1	4	8585722984	8586343011	620027	429.93	276.83	28	19	-1	13.20	13.20
UserEvent	1	2	8586016208	# Message: UE-mouseclick left x=356 y=301
Saccade L	1	5	8586343011	8586386988	43977	445.30	266.65	326.84	274.54	3.77	241.01	0.36	85.76	10666.71	-8766.76	5853.18
Saccade R	1	5	8586343011	8586386988	43977	445.30	266.65	326.84	274.54	3.77	241.01	0.36	85.76	10666.71	-8766.76	5853.18
Fixation L	1	5	8586386988	8586642887	255899	329.20	271.10	14	18	-1	11.55	11.55
Fixation R	1	5	8586386988	8586642887	255899	329.20	271.10	14	18	-1	12.74	12.74
Saccade L	1	6	8586642887	8586678894	36007	328.53	262.63	355.17	391.33	2.64	141.73	0.56	73.36	6571.98	-6179.76	4673.18
Saccade R	1	6	8586642887	8586678894	36007	328.53	262.63	355.17	391.33	2.64	141.73	0.56	73.36	6571.98	-6179.76	4673.18
Fixation L	1	6	8586678894	8586802899	124005	366.65	386.00	17	14	-1	11.45	11.45
Fixation R	1	6	8586678894	8586802899	124005	366.65	386.00	17	14	-1	12.74	12.74
Saccade L	1	7	8586802899	8586830887	27988	362.66	389.99	369.52	344.48	0.98	69.48	0.43	34.90	3254.20	-2773.57	2208.00
Saccade R	1	7	8586802899	8586830887	27988	362.66	389.99	369.52	344.48	0.98	69.48	0.43	34.90	3254.20	-2773.57	2208.00
Fixation L	1	7	8586830887	8587130893	300006	372.87	348.91	11	41	-1	11.36	11.36
Fixation R	1	7	8586830887	8587130893	300006	372.87	348.91	11	41	-1	12.95	12.95
Saccade L	1	8	8587130893	8587158892	27999	368.23	367.30	370.76	275.62	1.86	131.00	0.57	66.44	6331.47	-6063.20	4622.92
Saccade R	1	8	8587130893	8587158892	27999	368.23	367.30	370.76	275.62	1.86	131.00	0.57	66.44	6331.47	-6063.20	4622.92
Fixation L	1	8	8587158892	8587354897	196005	371.21	279.39	14	13	-1	11.33	11.33
Fixation R	1	8	8587158892	8587354897	196005	371.21	279.39	14	13	-1	12.78	12.78
UserEvent	1	3	8587224236	# Message: UE-mouseclick left x=394 y=383
