[BeGaze]
Converted from:	D:\Kirillov\Results\ermolova_temp\Boris-eye_data.idf
Date:	17.04.2019 03:54:02
Version:	BeGaze 3.0.181
Sample Rate:	250
Subject:	Boris
Description:	Run34

Table Header for Fixations:
Event Type	Trial	Number	Start	End	Duration	Location X	Location Y	Dispersion X	Dispersion Y	Plane	Avg. Pupil Size X	Avg. Pupil Size Y

Table Header for Saccades:
Event Type	Trial	Number	Start	End	Duration	Start Loc.X	Start Loc.Y	End Loc.X	End Loc.Y	Amplitude	Peak Speed	Peak Speed At	Average Speed	Peak Accel.	Peak Decel.	Average Accel.

Table Header for User Events:
Event Type	Trial	Number	Start	Description

UserEvent	1	1	1629643503	# Message: experiment-10.jpg
Fixation L	1	1	1629644657	1629868655	223998	249.23	285.64	48	37	-1	14.35	14.35
Fixation R	1	1	1629644657	1629868655	223998	249.23	285.64	48	37	-1	14.39	14.39
Saccade L	1	1	1629868655	1629888668	20013	237.10	306.45	260.71	307.69	0.62	49.96	0.40	31.11	12141.69	484.56	3793.76
Saccade R	1	1	1629868655	1629888668	20013	237.10	306.45	260.71	307.69	0.62	49.96	0.40	31.11	12141.69	484.56	3793.76
Saccade L	1	2	1629888668	1629948635	59967	260.71	307.69	766.95	587.53	13.03	442.18	0.33	217.33	21016.70	-15681.49	11213.86
Saccade R	1	2	1629888668	1629948635	59967	260.71	307.69	766.95	587.53	13.03	442.18	0.33	217.33	21016.70	-15681.49	11213.86
Fixation L	1	2	1629948635	1630020681	72046	771.72	590.61	8	16	-1	14.01	14.01
Fixation R	1	2	1629948635	1630116691	168056	431.83	326.87	1017	691	-1	10.45	10.45
Fixation L	1	3	1630184663	1630292686	108023	976.06	534.84	23	20	-1	13.23	13.23
Fixation R	1	3	1630184663	1630292686	108023	976.06	534.84	23	20	-1	13.57	13.57
Saccade L	1	3	1630292686	1630328664	35978	980.21	540.79	861.20	674.11	4.11	275.59	0.44	114.35	12920.39	-12630.41	8496.49
Saccade R	1	3	1630292686	1630328664	35978	980.21	540.79	861.20	674.11	4.11	275.59	0.44	114.35	12920.39	-12630.41	8496.49
Fixation L	1	4	1630328664	1630616695	288031	851.32	688.52	33	41	-1	13.46	13.46
Fixation R	1	4	1630328664	1630616695	288031	851.32	688.52	33	41	-1	13.54	13.54
Fixation L	1	5	1630812704	1631024553	211849	910.98	665.08	42	45	-1	12.74	12.74
Fixation R	1	5	1630812704	1631024553	211849	910.98	665.08	42	45	-1	12.90	12.90
Saccade L	1	4	1631024553	1631052563	28010	920.95	690.00	810.25	680.10	2.23	177.48	0.43	79.66	8042.98	-7755.00	5822.94
Saccade R	1	4	1631024553	1631052563	28010	920.95	690.00	810.25	680.10	2.23	177.48	0.43	79.66	8042.98	-7755.00	5822.94
Fixation L	1	6	1631052563	1631308595	256032	818.67	676.86	58	41	-1	12.94	12.94
Fixation R	1	6	1631052563	1631308595	256032	818.67	676.86	58	41	-1	12.96	12.96
Saccade L	1	5	1631308595	1631352571	43976	851.75	699.92	882.50	666.30	1.18	41.23	0.45	26.74	1391.17	-957.18	836.75
Saccade R	1	5	1631308595	1631352571	43976	851.75	699.92	882.50	666.30	1.18	41.23	0.45	26.74	1391.17	-957.18	836.75
Fixation L	1	7	1631352571	1631584566	231995	901.90	650.44	35	33	-1	12.73	12.73
Fixation R	1	7	1631352571	1631584566	231995	901.90	650.44	35	33	-1	12.83	12.83
Fixation L	1	8	1631664581	1631768586	104005	1117.46	427.28	32	6	-1	12.45	12.45
Fixation R	1	8	1631664581	1631768586	104005	1117.46	427.28	32	6	-1	12.95	12.95
Saccade L	1	6	1631768586	1631800574	31988	1108.49	432.25	1149.12	365.26	1.69	99.45	0.50	52.90	4342.00	-3960.54	2991.66
Saccade R	1	6	1631768586	1631800574	31988	1108.49	432.25	1149.12	365.26	1.69	99.45	0.50	52.90	4342.00	-3960.54	2991.66
Fixation L	1	9	1631800574	1631976611	176037	1157.87	375.70	15	28	-1	12.39	12.39
Fixation R	1	9	1631800574	1631976611	176037	1157.87	375.70	15	28	-1	12.73	12.73
Saccade L	1	7	1631976611	1632020601	43990	1158.64	385.57	1005.38	730.23	8.58	339.56	0.27	195.01	16830.52	-11383.60	9867.25
Saccade R	1	7	1631976611	1632020601	43990	1158.64	385.57	1005.38	730.23	8.58	339.56	0.27	195.01	16830.52	-11383.60	9867.25
Fixation L	1	10	1632020601	1632312463	291862	975.08	693.27	41	51	-1	12.75	12.75
Fixation R	1	10	1632020601	1632312463	291862	975.08	693.27	41	51	-1	12.94	12.94
Saccade L	1	8	1632312463	1632368461	55998	975.31	696.60	1183.16	355.58	8.96	293.88	0.29	159.95	14150.44	-10117.91	7760.44
Saccade R	1	8	1632312463	1632368461	55998	975.31	696.60	1183.16	355.58	8.96	293.88	0.29	159.95	14150.44	-10117.91	7760.44
Fixation L	1	11	1632368461	1632588503	220042	1189.82	369.74	22	32	-1	12.64	12.64
Fixation R	1	11	1632368461	1632588503	220042	1189.82	369.74	22	32	-1	12.99	12.99
Saccade L	1	9	1632588503	1632628469	39966	1189.90	363.98	1246.11	319.67	1.66	97.81	0.30	41.59	4083.44	-3223.34	2238.70
Saccade R	1	9	1632588503	1632628469	39966	1189.90	363.98	1246.11	319.67	1.66	97.81	0.30	41.59	4083.44	-3223.34	2238.70
Fixation L	1	12	1632628469	1632988481	360012	1256.29	309.49	36	17	-1	12.71	12.71
Fixation R	1	12	1632628469	1632988481	360012	1256.29	309.49	36	17	-1	12.89	12.89
Saccade L	1	10	1632988481	1633036477	47996	1260.52	314.04	1006.77	798.93	12.98	488.91	0.42	270.34	22753.93	-17828.42	14093.49
Saccade R	1	10	1632988481	1633036477	47996	1260.52	314.04	1006.77	798.93	12.98	488.91	0.42	270.34	22753.93	-17828.42	14093.49
Saccade L	1	11	1633036477	1633076517	40040	1006.77	798.93	1037.50	800.12	1.51	67.12	0.40	37.64	906.20	-13075.56	2721.42
Saccade R	1	11	1633036477	1633076517	40040	1006.77	798.93	1037.50	800.12	1.51	67.12	0.40	37.64	906.20	-13075.56	2721.42
Fixation L	1	13	1633076517	1633200488	123971	1021.93	801.93	28	26	-1	12.83	12.83
Fixation R	1	13	1633076517	1633200488	123971	1021.93	801.93	28	26	-1	13.15	13.15
Saccade L	1	12	1633200488	1633236373	35885	1028.89	817.01	953.97	836.41	2.56	186.35	0.33	71.37	7915.84	-6460.42	4307.25
Saccade R	1	12	1633200488	1633236373	35885	1028.89	817.01	953.97	836.41	2.56	186.35	0.33	71.37	7915.84	-6460.42	4307.25
Fixation L	1	14	1633236373	1633376493	140120	930.86	822.86	36	26	-1	12.99	12.99
Fixation R	1	14	1633236373	1633376493	140120	930.86	822.86	36	26	-1	13.16	13.16
Saccade L	1	13	1633376493	1633404490	27997	917.78	807.77	1046.72	815.85	2.60	196.92	0.57	92.97	8337.44	-8779.86	6321.48
Saccade R	1	13	1633376493	1633404490	27997	917.78	807.77	1046.72	815.85	2.60	196.92	0.57	92.97	8337.44	-8779.86	6321.48
Fixation L	1	15	1633404490	1633544487	139997	1038.28	818.68	25	20	-1	12.82	12.82
Fixation R	1	15	1633404490	1633544487	139997	1038.28	818.68	25	20	-1	13.10	13.10
Saccade L	1	14	1633544487	1633576488	32001	1042.76	814.91	923.93	793.73	2.49	192.28	0.63	77.77	7972.37	-7213.28	5072.45
Saccade R	1	14	1633544487	1633576488	32001	1042.76	814.91	923.93	793.73	2.49	192.28	0.63	77.77	7972.37	-7213.28	5072.45
Fixation L	1	16	1633576488	1633644500	68012	943.78	798.36	26	14	-1	12.77	12.77
Fixation R	1	16	1633576488	1633756378	179890	478.48	397.84	1285	807	-1	10.16	10.16
Saccade L	1	15	1633832376	1633856394	24018	1020.72	760.32	978.83	746.26	0.71	48.99	0.33	29.48	1111.34	-2129.98	1178.55
Saccade R	1	15	1633832376	1633856394	24018	1020.72	760.32	978.83	746.26	0.71	48.99	0.33	29.48	1111.34	-2129.98	1178.55
Saccade L	1	16	1633892379	1633960384	68005	979.34	744.46	1163.79	340.23	11.52	345.94	0.35	169.44	15129.44	-11409.16	7520.39
Saccade R	1	16	1633892379	1633960384	68005	979.34	744.46	1163.79	340.23	11.52	345.94	0.35	169.44	15129.44	-11409.16	7520.39
Fixation L	1	17	1633960384	1634196397	236013	1134.82	347.83	57	37	-1	12.97	12.97
Fixation R	1	17	1633960384	1634196397	236013	1134.82	347.83	57	37	-1	13.09	13.09
Saccade L	1	17	1634196397	1634224390	27993	1112.68	365.59	1208.17	348.77	2.15	159.57	0.57	76.64	7822.79	-7393.78	5549.33
Saccade R	1	17	1634196397	1634224390	27993	1112.68	365.59	1208.17	348.77	2.15	159.57	0.57	76.64	7822.79	-7393.78	5549.33
Fixation L	1	18	1634224390	1634316412	92022	1210.22	343.52	5	10	-1	13.21	13.21
Fixation R	1	18	1634224390	1634316412	92022	1210.22	343.52	5	10	-1	13.36	13.36
Saccade L	1	18	1634316412	1634364403	47991	1205.47	344.78	1080.74	838.42	12.00	456.59	0.33	250.15	22378.80	-14543.90	12768.61
Saccade R	1	18	1634316412	1634364403	47991	1205.47	344.78	1080.74	838.42	12.00	456.59	0.33	250.15	22378.80	-14543.90	12768.61
Fixation L	1	19	1634392400	1634516355	123955	1056.75	848.26	14	14	-1	13.34	13.34
Fixation R	1	19	1634392400	1634516355	123955	1056.75	848.26	14	14	-1	13.32	13.32
Saccade L	1	19	1634516355	1634556386	40031	1053.42	841.09	954.93	820.58	2.71	200.31	0.30	67.70	8254.06	-7285.21	4243.04
Saccade R	1	19	1634516355	1634556386	40031	1053.42	841.09	954.93	820.58	2.71	200.31	0.30	67.70	8254.06	-7285.21	4243.04
Fixation L	1	20	1634556386	1634660388	104002	953.49	819.58	8	22	-1	13.23	13.23
Fixation R	1	20	1634556386	1634660388	104002	953.49	819.58	8	22	-1	13.19	13.19
Saccade L	1	20	1634660388	1634692384	31996	957.37	834.05	1030.63	911.44	2.73	222.03	0.37	85.39	9105.34	-8604.34	5811.18
Saccade R	1	20	1634660388	1634692384	31996	957.37	834.05	1030.63	911.44	2.73	222.03	0.37	85.39	9105.34	-8604.34	5811.18
Fixation L	1	21	1634692384	1634804395	112011	1034.59	923.20	14	22	-1	13.03	13.03
Fixation R	1	21	1634692384	1634804395	112011	1034.59	923.20	14	22	-1	13.14	13.14
Saccade L	1	21	1634804395	1634828397	24002	1043.26	932.89	1237.84	960.12	3.41	287.51	0.50	142.02	13097.35	-10524.26	8432.02
Saccade R	1	21	1634804395	1634828397	24002	1043.26	932.89	1237.84	960.12	3.41	287.51	0.50	142.02	13097.35	-10524.26	8432.02
Fixation L	1	22	1634828397	1635028367	199970	1190.97	953.65	71	38	-1	12.97	12.97
Fixation R	1	22	1634828397	1635028367	199970	1190.97	953.65	71	38	-1	13.16	13.16
Saccade L	1	22	1635028367	1635060422	32055	1219.73	974.27	1163.65	942.15	1.33	83.43	0.50	41.40	3097.20	-3063.60	2247.23
Saccade R	1	22	1635028367	1635060422	32055	1219.73	974.27	1163.65	942.15	1.33	83.43	0.50	41.40	3097.20	-3063.60	2247.23
Fixation L	1	23	1635060422	1635164277	103855	1175.13	945.81	29	21	-1	13.06	13.06
Fixation R	1	23	1635060422	1635164277	103855	1175.13	945.81	29	21	-1	13.39	13.39
Saccade L	1	23	1635164277	1635224284	60007	1191.68	955.95	1194.99	338.92	13.82	470.92	0.27	230.27	22436.85	-13091.68	11625.68
Saccade R	1	23	1635164277	1635224284	60007	1191.68	955.95	1194.99	338.92	13.82	470.92	0.27	230.27	22436.85	-13091.68	11625.68
Fixation L	1	24	1635224284	1635300251	75967	1208.27	329.76	20	14	-1	13.03	13.03
Fixation R	1	24	1635224284	1635300251	75967	1208.27	329.76	20	14	-1	13.31	13.31
Saccade R	1	24	1635300251	1635328294	28043	1201.73	334.03	0.00	0.00	25.59	2415.40	0.57	912.46	99571.38	-101048.10	72998.07
Fixation L	1	25	1635432303	1635600288	167985	1207.24	329.09	36	20	-1	13.14	13.14
Fixation R	1	25	1635432303	1635600288	167985	1207.24	329.09	36	20	-1	13.44	13.44
Saccade L	1	24	1635600288	1635620285	19997	1197.68	343.84	1222.47	337.61	0.54	44.49	0.40	27.04	1807.57	-1270.50	1064.85
Saccade R	1	25	1635600288	1635620285	19997	1197.68	343.84	1222.47	337.61	0.54	44.49	0.40	27.04	1807.57	-1270.50	1064.85
Fixation L	1	26	1635620285	1635916299	296014	1232.26	338.87	32	24	-1	13.58	13.58
Fixation R	1	26	1635620285	1635916299	296014	1232.26	338.87	32	24	-1	13.88	13.88
Saccade L	1	25	1635916299	1635980287	63988	1228.10	331.37	1220.02	952.63	17.86	515.34	0.50	279.05	21636.23	-20430.46	12741.04
Saccade R	1	26	1635916299	1635980287	63988	1228.10	331.37	1220.02	952.63	17.86	515.34	0.50	279.05	21636.23	-20430.46	12741.04
Fixation L	1	27	1635980287	1636108299	128012	1269.33	989.86	62	50	-1	13.56	13.56
Fixation R	1	27	1635980287	1636108299	128012	1269.33	989.86	62	50	-1	13.90	13.90
Saccade L	1	26	1636108299	1636140312	32013	1269.98	999.98	1333.36	1018.26	1.45	90.43	0.75	45.32	3452.83	-2974.10	2128.77
Saccade R	1	27	1636108299	1636140312	32013	1269.98	999.98	1333.36	1018.26	1.45	90.43	0.75	45.32	3452.83	-2974.10	2128.77
Saccade L	1	27	1636140312	1636180334	40022	1333.36	1018.26	1283.63	975.83	1.42	67.45	0.50	35.40	2156.22	-2760.59	1726.16
Saccade R	1	28	1636140312	1636180334	40022	1333.36	1018.26	1283.63	975.83	1.42	67.45	0.50	35.40	2156.22	-2760.59	1726.16
Fixation L	1	28	1636180334	1636284305	103971	1303.68	983.97	41	17	-1	13.45	13.45
Fixation R	1	28	1636180334	1636284305	103971	1303.68	983.97	41	17	-1	13.81	13.81
Saccade L	1	28	1636284305	1636344296	59991	1322.96	985.97	1245.89	336.70	14.47	454.57	0.33	241.12	22031.87	-14362.58	11538.02
Saccade R	1	29	1636284305	1636344296	59991	1322.96	985.97	1245.89	336.70	14.47	454.57	0.33	241.12	22031.87	-14362.58	11538.02
Fixation L	1	29	1636344296	1636632196	287900	1248.01	336.39	20	19	-1	13.28	13.28
Fixation R	1	29	1636344296	1636632196	287900	1248.01	336.39	20	19	-1	13.58	13.58
Saccade L	1	29	1636632196	1636656177	23981	1244.82	341.85	1261.93	308.62	0.77	49.70	0.33	32.30	2357.36	-1999.41	1562.90
Saccade R	1	30	1636632196	1636656177	23981	1244.82	341.85	1261.93	308.62	0.77	49.70	0.33	32.30	2357.36	-1999.41	1562.90
Fixation L	1	30	1636656177	1636976204	320027	1267.46	303.10	18	23	-1	13.44	13.44
Fixation R	1	30	1636656177	1636976204	320027	1267.46	303.10	18	23	-1	13.69	13.69
Saccade L	1	30	1636976204	1637056208	80004	1269.18	291.05	1155.63	914.29	18.16	495.94	0.30	227.05	24213.17	-17621.35	10507.97
Saccade R	1	31	1636976204	1637056208	80004	1269.18	291.05	1155.63	914.29	18.16	495.94	0.30	227.05	24213.17	-17621.35	10507.97
Fixation L	1	31	1637056208	1637204195	147987	1153.88	912.31	42	51	-1	13.52	13.52
Fixation R	1	31	1637056208	1637204195	147987	1153.88	912.31	42	51	-1	13.50	13.50
Saccade L	1	31	1637204195	1637228191	23996	1187.21	947.49	1178.68	859.27	1.71	155.09	0.50	71.44	5433.19	-5896.09	4177.58
Saccade R	1	32	1637204195	1637228191	23996	1187.21	947.49	1178.68	859.27	1.71	155.09	0.50	71.44	5433.19	-5896.09	4177.58
Fixation L	1	32	1637228191	1637496229	268038	1161.65	870.80	39	25	-1	13.41	13.41
Fixation R	1	32	1637228191	1637496229	268038	1161.65	870.80	39	25	-1	13.54	13.54
Saccade L	1	32	1637496229	1637524201	27972	1173.15	879.82	1051.78	846.06	2.56	196.77	0.57	91.39	9402.63	-8714.09	6651.75
Saccade R	1	33	1637496229	1637524201	27972	1173.15	879.82	1051.78	846.06	2.56	196.77	0.57	91.39	9402.63	-8714.09	6651.75
Fixation L	1	33	1637524201	1637728198	203997	1034.29	823.73	45	38	-1	13.40	13.40
Fixation R	1	33	1637524201	1637728198	203997	1034.29	823.73	45	38	-1	13.43	13.43
Saccade R	1	34	1637740208	1637768552	28344	1182.59	819.04	0.00	0.00	27.56	2421.74	0.56	972.40	99757.70	-103063.12	75441.41
Fixation R	1	34	1637768552	1637820216	51664	0.00	0.00	0	0	-1	8.28	8.28
Saccade R	1	35	1637820216	1637872204	51988	0.00	0.00	1275.97	328.28	35.56	2794.92	0.23	683.96	121049.75	-93277.52	44506.69
Saccade L	1	33	1637872204	1637904106	31902	1275.97	328.28	1184.20	317.44	1.63	127.82	0.25	51.02	1974.35	-4609.35	2300.04
Saccade R	1	36	1637872204	1637904106	31902	1275.97	328.28	1184.20	317.44	1.63	127.82	0.25	51.02	1974.35	-4609.35	2300.04
Fixation L	1	34	1637904106	1638004092	99986	1175.57	320.09	23	6	-1	13.32	13.32
Fixation R	1	35	1637904106	1638004092	99986	1175.57	320.09	23	6	-1	13.45	13.45
Saccade L	1	34	1638004092	1638056097	52005	1164.52	320.58	1078.34	848.06	12.43	472.38	0.38	239.00	22316.05	-15181.66	12976.03
Saccade R	1	37	1638004092	1638056097	52005	1164.52	320.58	1078.34	848.06	12.43	472.38	0.38	239.00	22316.05	-15181.66	12976.03
Fixation L	1	35	1638056097	1638192091	135994	1084.89	880.33	50	61	-1	13.43	13.43
Fixation R	1	36	1638056097	1638192091	135994	1084.89	880.33	50	61	-1	13.63	13.63
Saccade L	1	35	1638192091	1638232108	40017	1109.56	898.42	939.13	834.80	4.30	330.47	0.40	107.38	14098.92	-13341.89	8239.39
Saccade R	1	38	1638192091	1638232108	40017	1109.56	898.42	939.13	834.80	4.30	330.47	0.40	107.38	14098.92	-13341.89	8239.39
Fixation L	1	36	1638232108	1638496116	264008	920.01	809.82	32	49	-1	13.49	13.49
Fixation R	1	37	1638232108	1638496116	264008	920.01	809.82	32	49	-1	13.59	13.59
Saccade R	1	39	1638496116	1638524126	28010	913.47	791.25	0.00	0.00	26.05	2502.94	0.57	929.85	101043.86	-106535.78	72382.92
Fixation R	1	38	1638524126	1638580094	55968	0.00	0.00	0	0	-1	11.30	11.30
Fixation L	1	37	1638664129	1638752105	87976	944.59	359.38	9	11	-1	13.12	13.12
Fixation R	1	39	1638664129	1638752105	87976	944.59	359.38	9	11	-1	13.20	13.20
Saccade L	1	36	1638752105	1638784130	32025	939.04	367.64	1124.99	343.59	3.86	281.42	0.38	120.46	12999.70	-13067.82	9170.38
Saccade R	1	40	1638752105	1638784130	32025	939.04	367.64	1124.99	343.59	3.86	281.42	0.38	120.46	12999.70	-13067.82	9170.38
Fixation L	1	38	1638784130	1638992111	207981	1122.03	341.61	14	21	-1	13.27	13.27
Fixation R	1	40	1638784130	1638992111	207981	1122.03	341.61	14	21	-1	13.35	13.35
Saccade R	1	41	1638992111	1639020132	28021	1123.16	334.74	0.00	0.00	25.49	2495.60	0.57	909.85	100272.13	-106869.59	70983.58
Fixation R	1	41	1639020132	1639084122	63990	0.00	0.00	0	0	-1	5.04	5.04
Saccade L	1	37	1639208119	1639256113	47994	1187.03	334.13	1202.51	308.55	4.82	258.41	0.25	100.33	8464.45	-9970.32	5442.12
Saccade R	1	42	1639208119	1639256113	47994	1187.03	334.13	1202.51	308.55	4.82	258.41	0.25	100.33	8464.45	-9970.32	5442.12
Fixation L	1	39	1639256113	1639580002	323889	1228.29	321.90	45	45	-1	13.50	13.50
Fixation R	1	42	1639256113	1639580002	323889	1228.29	321.90	45	45	-1	13.80	13.80
Saccade R	1	43	1639580002	1639619990	39988	1245.98	339.95	0.00	0.00	29.61	2689.96	0.70	740.53	99458.48	-112950.87	57137.71
Fixation R	1	43	1639619990	1639692011	72021	0.00	0.00	0	0	-1	4.59	4.59
Fixation L	1	40	1639792007	1640063980	271973	1226.50	299.15	30	18	-1	13.08	13.08
Fixation R	1	44	1639792007	1640063980	271973	1226.50	299.15	30	18	-1	13.44	13.44
Saccade L	1	38	1640063980	1640095999	32019	1231.54	297.69	1140.84	314.08	1.95	129.57	0.50	60.89	6026.46	-5614.83	4167.08
Saccade R	1	44	1640063980	1640095999	32019	1231.54	297.69	1140.84	314.08	1.95	129.57	0.50	60.89	6026.46	-5614.83	4167.08
Fixation L	1	41	1640095999	1640268035	172036	1151.86	330.45	17	26	-1	13.51	13.51
Fixation R	1	45	1640095999	1640364013	268014	846.85	245.89	1158	340	-1	12.18	12.18
Saccade R	1	45	1640364013	1640456044	92031	0.00	0.00	881.65	332.04	49.48	2127.29	0.39	537.61	49538.09	-80725.99	25422.40
Fixation L	1	42	1640456044	1640556054	100010	893.76	341.64	20	14	-1	13.18	13.18
Fixation R	1	46	1640456044	1640556054	100010	893.76	341.64	20	14	-1	13.44	13.44
Saccade L	1	39	1640556054	1640612011	55957	904.34	339.06	393.10	281.49	11.55	465.36	0.29	206.38	22594.32	-12503.28	11680.48
Saccade R	1	46	1640556054	1640612011	55957	904.34	339.06	393.10	281.49	11.55	465.36	0.29	206.38	22594.32	-12503.28	11680.48
Fixation L	1	43	1640612011	1640743897	131886	392.39	275.80	25	16	-1	13.56	13.56
Fixation R	1	47	1640612011	1640743897	131886	392.39	275.80	25	16	-1	13.37	13.37
Saccade L	1	40	1640743897	1640811904	68007	402.66	266.25	1147.92	336.51	16.87	545.58	0.29	248.06	26895.91	-12654.43	12010.73
Saccade R	1	47	1640743897	1640811904	68007	402.66	266.25	1147.92	336.51	16.87	545.58	0.29	248.06	26895.91	-12654.43	12010.73
Fixation L	1	44	1640811904	1640999896	187992	1150.59	333.94	23	11	-1	13.37	13.37
Fixation R	1	48	1640811904	1640999896	187992	1150.59	333.94	23	11	-1	13.68	13.68
Saccade L	1	41	1640999896	1641027910	28014	1152.74	338.24	1216.29	321.10	1.45	99.86	0.57	51.71	4649.29	-4284.58	3240.75
Saccade R	1	48	1640999896	1641027910	28014	1152.74	338.24	1216.29	321.10	1.45	99.86	0.57	51.71	4649.29	-4284.58	3240.75
Fixation L	1	45	1641027910	1641583910	556000	1249.31	295.63	64	51	-1	12.93	12.93
Fixation R	1	49	1641027910	1641583910	556000	1249.31	295.63	64	51	-1	13.15	13.15
Saccade L	1	42	1641583910	1641607888	23978	1261.15	298.01	1164.37	310.44	2.03	158.48	0.50	84.54	7411.73	-6853.91	5238.36
Saccade R	1	49	1641583910	1641607888	23978	1261.15	298.01	1164.37	310.44	2.03	158.48	0.50	84.54	7411.73	-6853.91	5238.36
Fixation L	1	46	1641607888	1641835920	228032	1156.40	326.27	16	24	-1	12.76	12.76
Fixation R	1	50	1641607888	1641835920	228032	1156.40	326.27	16	24	-1	12.87	12.87
Saccade L	1	43	1641835920	1641859918	23998	1143.04	326.68	1227.58	330.49	1.74	159.04	0.50	72.49	6669.98	-6724.52	4953.26
Saccade R	1	50	1641835920	1641859918	23998	1143.04	326.68	1227.58	330.49	1.74	159.04	0.50	72.49	6669.98	-6724.52	4953.26
Fixation L	1	47	1641859918	1641995831	135913	1236.26	327.67	24	9	-1	12.76	12.76
Fixation R	1	51	1641859918	1641995831	135913	1236.26	327.67	24	9	-1	12.99	12.99
Saccade R	1	51	1642003930	1642035937	32007	1224.75	333.67	0.00	0.00	25.99	2261.13	0.63	812.09	96191.08	-96287.18	66493.15
Fixation R	1	52	1642035937	1642099925	63988	0.00	0.00	0	0	-1	9.59	9.59
Fixation L	1	48	1642223814	1642479828	256014	1229.65	336.29	10	24	-1	12.91	12.91
Fixation R	1	53	1642223814	1642479828	256014	1229.65	336.29	10	24	-1	13.27	13.27
Saccade R	1	52	1642479828	1642519892	40064	1227.98	343.35	0.00	0.00	29.28	2743.87	0.70	730.89	107739.94	-118365.77	58067.70
Fixation R	1	54	1642519892	1642635819	115927	0.00	0.00	0	0	-1	8.78	8.78
Saccade R	1	53	1642635819	1642679809	43990	0.00	0.00	1267.06	819.88	34.93	2624.55	0.27	794.03	112125.37	-103903.84	60205.19
Fixation L	1	49	1642743828	1642795813	51985	1199.79	906.99	22	25	-1	12.42	12.42
Fixation R	1	55	1642743828	1642795813	51985	1199.79	906.99	22	25	-1	13.34	13.34
Saccade L	1	44	1642795813	1642827825	32012	1209.17	921.00	968.78	895.72	5.05	335.43	0.63	157.78	16051.91	-15175.33	11299.04
Saccade R	1	54	1642795813	1642827825	32012	1209.17	921.00	968.78	895.72	5.05	335.43	0.63	157.78	16051.91	-15175.33	11299.04
Saccade L	1	45	1642827825	1642851859	24034	968.78	895.72	993.21	896.79	0.65	43.81	0.33	26.95	-342.60	-12569.85	3602.57
Saccade R	1	55	1642827825	1642851859	24034	968.78	895.72	993.21	896.79	0.65	43.81	0.33	26.95	-342.60	-12569.85	3602.57
Fixation L	1	50	1642851859	1643011794	159935	1039.63	925.16	95	63	-1	13.06	13.06
Fixation R	1	56	1642851859	1643011794	159935	1039.63	925.16	95	63	-1	13.75	13.75
Saccade L	1	46	1643011794	1643067834	56040	1074.80	951.20	938.21	797.28	6.34	380.82	0.36	113.11	17805.19	-16236.34	8089.57
Saccade R	1	56	1643011794	1643067834	56040	1074.80	951.20	938.21	797.28	6.34	380.82	0.36	113.11	17805.19	-16236.34	8089.57
Fixation L	1	51	1643067834	1643219838	152004	962.72	819.85	38	38	-1	12.95	12.95
Fixation R	1	57	1643067834	1643219838	152004	962.72	819.85	38	38	-1	13.63	13.63
Saccade L	1	47	1643235825	1643263828	28003	1028.39	812.83	1045.80	802.94	1.10	87.09	0.57	39.32	1295.18	-3602.74	1893.13
Saccade R	1	57	1643235825	1643263828	28003	1028.39	812.83	1045.80	802.94	1.10	87.09	0.57	39.32	1295.18	-3602.74	1893.13
Fixation L	1	52	1643263828	1643415824	151996	1052.30	812.28	23	17	-1	12.64	12.64
Fixation R	1	58	1643263828	1643415824	151996	1052.30	812.28	23	17	-1	13.25	13.25
Saccade L	1	48	1643415824	1643475847	60023	1051.60	807.06	1242.86	385.77	10.44	339.26	0.33	173.97	15270.50	-11559.04	7903.67
Saccade R	1	58	1643415824	1643475847	60023	1051.60	807.06	1242.86	385.77	10.44	339.26	0.33	173.97	15270.50	-11559.04	7903.67
Fixation L	1	53	1643475847	1643887709	411862	1215.90	374.63	44	59	-1	12.55	12.55
Fixation R	1	59	1643475847	1643887709	411862	1215.90	374.63	44	59	-1	12.99	12.99
Saccade L	1	49	1643887709	1643923745	36036	1212.74	409.26	1236.97	322.32	1.83	94.00	0.56	50.65	4040.79	-3963.38	2984.33
Saccade R	1	59	1643887709	1643923745	36036	1212.74	409.26	1236.97	322.32	1.83	94.00	0.56	50.65	4040.79	-3963.38	2984.33
Fixation L	1	54	1643923745	1644231750	308005	1251.22	321.26	29	22	-1	12.55	12.55
Fixation R	1	60	1643923745	1644231750	308005	1251.22	321.26	29	22	-1	12.91	12.91
Saccade L	1	50	1644231750	1644251718	19968	1245.18	315.66	1211.69	312.69	0.83	79.08	0.60	41.80	3062.95	-2991.98	2182.83
Saccade R	1	60	1644231750	1644251718	19968	1245.18	315.66	1211.69	312.69	0.83	79.08	0.60	41.80	3062.95	-2991.98	2182.83
Fixation L	1	55	1644251718	1644511723	260005	1186.54	320.77	38	25	-1	12.67	12.67
Fixation R	1	61	1644251718	1644511723	260005	1186.54	320.77	38	25	-1	12.88	12.88
Saccade L	1	51	1644511723	1644539726	28003	1179.44	329.77	1142.94	314.77	0.90	51.85	0.57	32.11	2200.59	-1291.35	1286.50
Saccade R	1	61	1644511723	1644539726	28003	1179.44	329.77	1142.94	314.77	0.90	51.85	0.57	32.11	2200.59	-1291.35	1286.50
Fixation L	1	56	1644539726	1644859730	320004	1109.06	333.49	46	36	-1	12.65	12.65
Fixation R	1	62	1644539726	1644859730	320004	1109.06	333.49	46	36	-1	12.84	12.84
Saccade L	1	52	1644859730	1644887766	28036	1097.96	347.49	1228.64	355.22	2.64	193.82	0.43	94.24	8978.37	-8675.55	6527.83
Saccade R	1	62	1644859730	1644887766	28036	1097.96	347.49	1228.64	355.22	2.64	193.82	0.43	94.24	8978.37	-8675.55	6527.83
Fixation L	1	57	1644887766	1645035614	147848	1221.45	343.94	12	33	-1	12.81	12.81
Fixation R	1	63	1644887766	1645035614	147848	1221.45	343.94	12	33	-1	12.96	12.96
Saccade L	1	53	1645035614	1645091643	56029	1219.18	325.33	1005.73	846.97	13.45	441.95	0.36	240.12	20987.33	-15999.51	11787.51
Saccade R	1	63	1645035614	1645091643	56029	1219.18	325.33	1005.73	846.97	13.45	441.95	0.36	240.12	20987.33	-15999.51	11787.51
Fixation L	1	58	1645091643	1645223636	131993	1016.11	855.52	27	27	-1	13.10	13.10
Fixation R	1	64	1645091643	1645223636	131993	1016.11	855.52	27	27	-1	13.09	13.09
Saccade L	1	54	1645223636	1645283666	60030	1032.42	874.01	1262.33	300.66	13.90	430.26	0.33	231.51	19631.92	-13491.81	10096.66
Saccade R	1	64	1645223636	1645283666	60030	1032.42	874.01	1262.33	300.66	13.90	430.26	0.33	231.51	19631.92	-13491.81	10096.66
Fixation L	1	59	1645283666	1645627642	343976	1253.69	292.73	30	34	-1	12.96	12.96
Fixation R	1	65	1645283666	1645627642	343976	1253.69	292.73	30	34	-1	12.94	12.94
Fixation L	1	60	1645775631	1646283553	507922	1244.55	297.32	61	49	-1	13.02	13.02
Fixation R	1	66	1645775631	1646283553	507922	1244.55	297.32	61	49	-1	13.20	13.20
Fixation L	1	61	1646471488	1646639494	168006	1154.38	319.58	75	33	-1	12.90	12.90
Fixation R	1	67	1646471488	1646639494	168006	1154.38	319.58	75	33	-1	13.09	13.09
Saccade L	1	55	1646639494	1646663544	24050	1165.68	336.97	1214.71	317.52	1.07	88.97	0.50	44.40	3776.39	-3508.73	2701.57
Saccade R	1	65	1646639494	1646663544	24050	1165.68	336.97	1214.71	317.52	1.07	88.97	0.50	44.40	3776.39	-3508.73	2701.57
Fixation L	1	62	1646663544	1646907543	243999	1212.00	327.46	16	27	-1	13.34	13.34
Fixation R	1	68	1646663544	1646907543	243999	1212.00	327.46	16	27	-1	13.59	13.59
Saccade L	1	56	1646907543	1646935559	28016	1217.75	324.03	1277.10	318.55	1.30	89.63	0.57	46.24	4191.06	-4151.94	3086.67
Saccade R	1	66	1646907543	1646935559	28016	1217.75	324.03	1277.10	318.55	1.30	89.63	0.57	46.24	4191.06	-4151.94	3086.67
Fixation L	1	63	1646935559	1647243529	307970	1291.89	309.60	21	15	-1	13.17	13.17
Fixation R	1	69	1646935559	1647243529	307970	1291.89	309.60	21	15	-1	13.56	13.56
Saccade L	1	57	1647243529	1647275541	32012	1296.57	302.42	1166.58	312.78	2.67	176.68	0.38	83.39	8638.76	-8054.44	5978.54
Saccade R	1	67	1647243529	1647275541	32012	1296.57	302.42	1166.58	312.78	2.67	176.68	0.38	83.39	8638.76	-8054.44	5978.54
Fixation L	1	64	1647275541	1647387555	112014	1156.45	315.61	18	6	-1	13.19	13.19
Fixation R	1	70	1647275541	1647387555	112014	1156.45	315.61	18	6	-1	13.36	13.36
Saccade R	1	68	1647387555	1647415535	27980	1149.89	320.09	0.00	0.00	24.16	2118.23	0.57	863.36	94993.98	-96031.98	69842.63
Fixation R	1	71	1647415535	1647475565	60030	0.00	0.00	0	0	-1	6.93	6.93
Saccade L	1	58	1647535571	1647559519	23948	1274.32	304.42	1191.40	323.70	1.74	158.04	0.33	72.74	-2196.93	-5978.37	3792.89
Saccade R	1	69	1647535571	1647559519	23948	1274.32	304.42	1191.40	323.70	1.74	158.04	0.33	72.74	-2196.93	-5978.37	3792.89
Fixation L	1	65	1647559519	1647687500	127981	1163.37	331.42	37	10	-1	13.15	13.15
Fixation R	1	72	1647559519	1647687500	127981	1163.37	331.42	37	10	-1	13.46	13.46
Saccade L	1	59	1647687500	1647715418	27918	1161.51	333.65	1216.33	322.45	1.12	70.38	0.43	40.09	3426.99	-2983.90	2388.84
Saccade R	1	70	1647687500	1647715418	27918	1161.51	333.65	1216.33	322.45	1.12	70.38	0.43	40.09	3426.99	-2983.90	2388.84
Fixation L	1	66	1647715418	1648011425	296007	1225.73	320.57	19	20	-1	13.59	13.59
Fixation R	1	73	1647715418	1648011425	296007	1225.73	320.57	19	20	-1	13.90	13.90
Saccade L	1	60	1648011425	1648035399	23974	1227.33	318.57	1269.20	300.19	0.88	58.51	0.50	36.52	2599.64	-2311.84	1831.15
Saccade R	1	71	1648011425	1648035399	23974	1227.33	318.57	1269.20	300.19	0.88	58.51	0.50	36.52	2599.64	-2311.84	1831.15
Fixation L	1	67	1648035399	1648459453	424054	1258.09	287.11	37	32	-1	13.25	13.25
Fixation R	1	74	1648035399	1648459453	424054	1258.09	287.11	37	32	-1	13.36	13.36
Saccade R	1	72	1648459453	1648499449	39996	1231.88	308.36	0.00	0.00	27.20	2378.83	0.70	680.07	101894.14	-102945.41	56979.62
Fixation R	1	75	1648499449	1648559453	60004	0.00	0.00	0	0	-1	4.98	4.98
Fixation L	1	68	1648691444	1648823448	132004	1210.66	328.72	11	12	-1	13.03	13.03
Fixation R	1	76	1648691444	1648823448	132004	1210.66	328.72	11	12	-1	13.28	13.28
Saccade L	1	61	1648823448	1648847466	24018	1217.56	324.47	1247.60	318.90	0.65	41.96	0.50	26.89	1681.00	-1503.37	1181.63
Saccade R	1	73	1648823448	1648847466	24018	1217.56	324.47	1247.60	318.90	0.65	41.96	0.50	26.89	1681.00	-1503.37	1181.63
Fixation L	1	69	1648847466	1648967460	119994	1255.84	317.86	13	4	-1	13.44	13.44
Fixation R	1	77	1648847466	1648967460	119994	1255.84	317.86	13	4	-1	13.67	13.67
Saccade L	1	62	1648967460	1649059448	91988	1253.17	316.86	1767.27	84.49	86.24	3456.49	0.65	937.49	111830.93	-141520.67	43054.92
Saccade R	1	74	1648967460	1649059448	91988	1253.17	316.86	1767.27	84.49	86.24	3456.49	0.65	937.49	111830.93	-141520.67	43054.92
Saccade L	1	63	1649059448	1649095452	36004	1767.27	84.49	1686.01	100.97	1.53	83.30	0.78	42.58	3998.86	-1423.34	1789.51
Saccade R	1	75	1649059448	1649095452	36004	1767.27	84.49	1686.01	100.97	1.53	83.30	0.78	42.58	3998.86	-1423.34	1789.51
Saccade L	1	64	1649095452	1649183388	87936	1686.01	100.97	0.00	6.21	52.32	3503.03	0.68	594.94	142242.72	-74077.20	33417.11
Saccade R	1	76	1649095452	1649183388	87936	1686.01	100.97	0.00	6.21	52.32	3503.03	0.68	594.94	142242.72	-74077.20	33417.11
Fixation L	1	70	1649183388	1649551334	367946	0.00	0.16	0	6	-1	12.44	12.44
Fixation R	1	78	1649183388	1649551334	367946	0.00	0.16	0	6	-1	12.77	12.77
Fixation L	1	71	1649611357	1649783348	171991	1115.07	412.41	12	26	-1	13.66	13.66
Fixation R	1	79	1649611357	1649783348	171991	1115.07	412.41	12	26	-1	13.86	13.86
Saccade L	1	65	1649783348	1649811345	27997	1108.61	404.10	1175.52	380.48	1.50	108.36	0.43	53.55	5140.94	-4458.92	3513.18
Saccade R	1	77	1649783348	1649811345	27997	1108.61	404.10	1175.52	380.48	1.50	108.36	0.43	53.55	5140.94	-4458.92	3513.18
Fixation L	1	72	1649811345	1650019354	208009	1193.26	353.20	43	42	-1	13.72	13.72
Fixation R	1	80	1649811345	1650019354	208009	1193.26	353.20	43	42	-1	14.06	14.06
Saccade L	1	66	1650019354	1650039360	20006	1211.84	340.07	1246.08	331.33	0.74	62.91	0.40	37.16	2783.86	-1923.50	1712.39
Saccade R	1	78	1650019354	1650039360	20006	1211.84	340.07	1246.08	331.33	0.74	62.91	0.40	37.16	2783.86	-1923.50	1712.39
Fixation L	1	73	1650039360	1650447357	407997	1266.22	325.01	37	30	-1	13.40	13.40
Fixation R	1	81	1650039360	1650447357	407997	1266.22	325.01	37	30	-1	13.74	13.74
Saccade L	1	67	1650447357	1650475366	28009	1284.06	304.30	1178.60	306.25	2.26	162.91	0.57	80.83	7362.69	-7123.51	5354.08
Saccade R	1	79	1650447357	1650475366	28009	1284.06	304.30	1178.60	306.25	2.26	162.91	0.57	80.83	7362.69	-7123.51	5354.08
Fixation L	1	74	1650475366	1650643229	167863	1160.95	315.64	26	15	-1	13.05	13.05
Fixation R	1	82	1650475366	1650643229	167863	1160.95	315.64	26	15	-1	13.41	13.41
Saccade R	1	80	1650643229	1650675232	32003	1165.76	320.42	0.00	0.00	25.05	2272.71	0.62	782.86	93598.52	-94671.09	63846.72
Fixation L	1	75	1650819268	1651163242	343974	1191.79	335.82	41	16	-1	13.62	13.62
Fixation R	1	83	1650819268	1651163242	343974	1191.79	335.82	41	16	-1	13.84	13.84
Saccade L	1	68	1651163242	1651239263	76021	1187.63	336.48	1128.11	943.13	16.65	518.51	0.32	219.02	24858.20	-17634.06	11168.01
Saccade R	1	81	1651163242	1651239263	76021	1187.63	336.48	1128.11	943.13	16.65	518.51	0.32	219.02	24858.20	-17634.06	11168.01
Fixation L	1	76	1651239263	1651351274	112011	1122.70	936.74	19	10	-1	14.10	14.10
Fixation R	1	84	1651239263	1651351274	112011	1122.70	936.74	19	10	-1	14.36	14.36
Saccade L	1	69	1651351274	1651395287	44013	1119.24	937.88	1075.34	981.66	1.53	54.67	0.27	34.82	2260.04	-1560.30	1086.46
Saccade R	1	82	1651351274	1651395287	44013	1119.24	937.88	1075.34	981.66	1.53	54.67	0.27	34.82	2260.04	-1560.30	1086.46
Fixation L	1	77	1651395287	1651499285	103998	1084.51	982.16	24	16	-1	13.96	13.96
Fixation R	1	85	1651395287	1651499285	103998	1084.51	982.16	24	16	-1	14.19	14.19
Saccade L	1	70	1651499285	1651531256	31971	1084.32	974.48	910.55	791.72	5.21	374.34	0.50	163.01	17974.08	-16747.25	12127.51
Saccade R	1	83	1651499285	1651531256	31971	1084.32	974.48	910.55	791.72	5.21	374.34	0.50	163.01	17974.08	-16747.25	12127.51
Fixation L	1	78	1651547254	1651691285	144031	938.12	823.42	28	26	-1	13.64	13.64
Fixation R	1	86	1651547254	1651691285	144031	938.12	823.42	28	26	-1	13.79	13.79
Saccade L	1	71	1651691285	1651723260	31975	917.03	809.78	965.79	742.65	1.84	127.92	0.38	57.40	5225.62	-5120.60	3653.60
Saccade R	1	84	1651691285	1651723260	31975	917.03	809.78	965.79	742.65	1.84	127.92	0.38	57.40	5225.62	-5120.60	3653.60
Saccade L	1	72	1651743272	1651779267	35995	974.50	739.22	804.20	702.59	3.86	223.65	0.55	107.21	10133.62	-9774.23	7224.77
Saccade R	1	85	1651743272	1651779267	35995	974.50	739.22	804.20	702.59	3.86	223.65	0.55	107.21	10133.62	-9774.23	7224.77
Fixation L	1	79	1651779267	1651931300	152033	825.50	704.67	39	32	-1	13.37	13.37
Fixation R	1	87	1651779267	1651931300	152033	825.50	704.67	39	32	-1	13.56	13.56
Saccade L	1	73	1651931300	1651971153	39853	840.49	719.47	792.71	407.28	6.64	365.97	0.30	166.49	17771.67	-14156.60	10791.51
Saccade R	1	86	1651931300	1651971153	39853	840.49	719.47	792.71	407.28	6.64	365.97	0.30	166.49	17771.67	-14156.60	10791.51
Fixation L	1	80	1651971153	1652083176	112023	786.85	390.42	11	28	-1	13.42	13.42
Fixation R	1	88	1651971153	1652083176	112023	786.85	390.42	11	28	-1	13.35	13.35
Saccade L	1	74	1652083176	1652135149	51973	784.59	389.70	1126.51	356.07	7.59	359.37	0.38	145.97	15737.65	-8572.93	8070.53
Saccade R	1	87	1652083176	1652135149	51973	784.59	389.70	1126.51	356.07	7.59	359.37	0.38	145.97	15737.65	-8572.93	8070.53
Fixation L	1	81	1652135149	1652235142	99993	1125.67	342.24	20	19	-1	13.26	13.26
Fixation R	1	89	1652135149	1652235142	99993	1125.67	342.24	20	19	-1	13.61	13.61
Saccade L	1	75	1652235142	1652287120	51978	1115.37	335.90	785.63	678.15	10.79	474.33	0.31	207.59	22098.93	-14602.80	12054.23
Saccade R	1	88	1652235142	1652287120	51978	1115.37	335.90	785.63	678.15	10.79	474.33	0.31	207.59	22098.93	-14602.80	12054.23
Fixation L	1	82	1652287120	1652407144	120024	782.48	700.00	28	48	-1	13.91	13.91
Fixation R	1	90	1652287120	1652407144	120024	782.48	700.00	28	48	-1	13.86	13.86
