[BeGaze]
Converted from:	D:\Kirillov\Results\ermolova_temp\Kate-eye_data.idf
Date:	17.04.2019 03:52:25
Version:	BeGaze 3.0.181
Sample Rate:	250
Subject:	Kate
Description:	Run6

Table Header for Fixations:
Event Type	Trial	Number	Start	End	Duration	Location X	Location Y	Dispersion X	Dispersion Y	Plane	Avg. Pupil Size X	Avg. Pupil Size Y

Table Header for Saccades:
Event Type	Trial	Number	Start	End	Duration	Start Loc.X	Start Loc.Y	End Loc.X	End Loc.Y	Amplitude	Peak Speed	Peak Speed At	Average Speed	Peak Accel.	Peak Decel.	Average Accel.

Table Header for User Events:
Event Type	Trial	Number	Start	Description

UserEvent	1	1	3601231739	# Message: experiment-01.jpg
Fixation L	1	1	3601281176	3601549309	268133	436.79	441.71	17	33	-1	16.16	16.16
Fixation R	1	1	3601281176	3601549309	268133	436.79	441.71	17	33	-1	14.78	14.78
Saccade L	1	1	3601549309	3601613129	63820	438.78	453.17	775.93	583.00	8.13	335.69	0.31	127.38	16242.20	-8937.45	7360.63
Saccade R	1	1	3601549309	3601613129	63820	438.78	453.17	775.93	583.00	8.13	335.69	0.31	127.38	16242.20	-8937.45	7360.63
Fixation L	1	2	3601613129	3601729197	116068	782.92	590.01	11	13	-1	16.77	16.77
Fixation R	1	2	3601613129	3601729197	116068	782.92	590.01	11	13	-1	15.36	15.36
Saccade L	1	2	3601729197	3601817182	87985	782.13	583.94	825.15	81.44	12.09	326.25	0.23	137.41	15869.81	-13293.36	6557.66
Saccade R	1	2	3601729197	3601817182	87985	782.13	583.94	825.15	81.44	12.09	326.25	0.23	137.41	15869.81	-13293.36	6557.66
Fixation L	1	3	3601817182	3601937060	119878	816.05	80.10	21	10	-1	15.71	15.71
Fixation R	1	3	3601817182	3601937060	119878	816.05	80.10	21	10	-1	14.34	14.34
Saccade L	1	3	3601937060	3601961074	24014	811.26	81.76	810.77	52.47	0.60	48.16	0.50	25.06	2142.23	-1613.28	1357.43
Saccade R	1	3	3601937060	3601961074	24014	811.26	81.76	810.77	52.47	0.60	48.16	0.50	25.06	2142.23	-1613.28	1357.43
Fixation L	1	4	3601961074	3602073059	111985	824.33	47.54	23	14	-1	15.07	15.07
Fixation R	1	4	3601961074	3602153084	192010	591.95	63.07	1071	949	-1	10.65	10.65
Saccade L	1	4	3602233062	3602297071	64009	809.46	134.39	1114.85	656.86	13.58	372.75	0.31	212.18	17247.30	-17622.27	9597.89
Saccade R	1	4	3602233062	3602297071	64009	809.46	134.39	1114.85	656.86	13.58	372.75	0.31	212.18	17247.30	-17622.27	9597.89
Fixation L	1	5	3602297071	3602513012	215941	1117.16	662.08	16	19	-1	14.32	14.32
Fixation R	1	5	3602297071	3602513012	215941	1117.16	662.08	16	19	-1	13.26	13.26
Saccade L	1	5	3602513012	3602561003	47991	1117.07	662.83	1138.28	496.93	3.63	164.89	0.50	75.65	7453.33	-6913.87	4826.43
Saccade R	1	5	3602513012	3602561003	47991	1117.07	662.83	1138.28	496.93	3.63	164.89	0.50	75.65	7453.33	-6913.87	4826.43
Fixation L	1	6	3602561003	3602789102	228099	1117.60	490.42	33	28	-1	13.85	13.85
Fixation R	1	6	3602561003	3602789102	228099	1117.60	490.42	33	28	-1	12.80	12.80
Saccade L	1	6	3602789102	3602829078	39976	1123.60	471.99	1290.19	472.70	3.51	204.25	0.50	87.74	9329.73	-9054.28	6347.45
Saccade R	1	6	3602789102	3602829078	39976	1123.60	471.99	1290.19	472.70	3.51	204.25	0.50	87.74	9329.73	-9054.28	6347.45
Fixation L	1	7	3602829078	3602961001	131923	1286.48	467.79	10	7	-1	13.40	13.40
Fixation R	1	7	3602829078	3602961001	131923	1286.48	467.79	10	7	-1	12.28	12.28
Fixation L	1	8	3603057019	3603225076	168057	636.20	410.16	21	35	-1	13.32	13.32
Fixation R	1	8	3603057019	3603225076	168057	636.20	410.16	21	35	-1	12.23	12.23
Saccade L	1	7	3603225076	3603272949	47873	644.87	397.42	406.44	389.02	5.10	260.39	0.42	106.55	12375.24	-10355.35	7432.43
Saccade R	1	7	3603225076	3603272949	47873	644.87	397.42	406.44	389.02	5.10	260.39	0.42	106.55	12375.24	-10355.35	7432.43
Fixation L	1	9	3603272949	3603444989	172040	403.00	409.62	10	33	-1	13.45	13.45
Fixation R	1	9	3603272949	3603444989	172040	403.00	409.62	10	33	-1	12.24	12.24
Saccade L	1	8	3603444989	3603480963	35974	412.02	419.59	249.61	369.37	3.61	212.07	0.44	100.23	9411.20	-8957.65	6763.40
Saccade R	1	8	3603444989	3603480963	35974	412.02	419.59	249.61	369.37	3.61	212.07	0.44	100.23	9411.20	-8957.65	6763.40
Fixation L	1	10	3603480963	3603660984	180021	244.35	365.35	18	24	-1	13.69	13.69
Fixation R	1	10	3603480963	3603660984	180021	244.35	365.35	18	24	-1	12.46	12.46
Saccade L	1	9	3603740967	3603812978	72011	260.72	136.42	274.33	154.88	2.40	77.88	0.56	33.26	2582.59	-2854.75	1043.37
Saccade R	1	9	3603740967	3603812978	72011	260.72	136.42	274.33	154.88	2.40	77.88	0.56	33.26	2582.59	-2854.75	1043.37
Fixation L	1	11	3603812978	3603916976	103998	281.08	164.16	13	20	-1	13.94	13.94
Fixation R	1	11	3603812978	3603916976	103998	281.08	164.16	13	20	-1	12.63	12.63
Saccade L	1	10	3603916976	3603976985	60009	286.47	174.92	691.21	171.15	8.91	307.03	0.27	148.51	14460.79	-8005.31	7140.48
Saccade R	1	10	3603916976	3603976985	60009	286.47	174.92	691.21	171.15	8.91	307.03	0.27	148.51	14460.79	-8005.31	7140.48
Fixation L	1	12	3603976985	3604116977	139992	703.76	177.67	21	15	-1	14.09	14.09
Fixation R	1	12	3603976985	3604116977	139992	703.76	177.67	21	15	-1	13.11	13.11
Saccade L	1	11	3604116977	3604168999	52022	699.46	185.91	900.77	163.54	4.44	232.09	0.46	85.28	10560.82	-10237.71	6137.52
Saccade R	1	11	3604116977	3604168999	52022	699.46	185.91	900.77	163.54	4.44	232.09	0.46	85.28	10560.82	-10237.71	6137.52
Fixation L	1	13	3604168999	3604384988	215989	902.93	159.56	14	19	-1	14.58	14.58
Fixation R	1	13	3604168999	3604384988	215989	902.93	159.56	14	19	-1	13.55	13.55
Saccade L	1	12	3604384988	3604436973	51985	912.67	144.96	661.04	172.02	5.60	274.07	0.38	107.79	12722.76	-10962.63	7064.03
Saccade R	1	12	3604384988	3604436973	51985	912.67	144.96	661.04	172.02	5.60	274.07	0.38	107.79	12722.76	-10962.63	7064.03
Fixation L	1	14	3604436973	3604524989	88016	647.74	169.89	21	8	-1	14.43	14.43
Fixation R	1	14	3604436973	3604632969	195996	373.02	106.26	796	563	-1	9.23	9.23
Saccade L	1	13	3604524989	3604560978	35989	644.12	167.49	0.00	0.00	17.01	1476.81	0.67	472.64	57772.42	-63802.11	36271.20
Fixation L	1	15	3604560978	3604632969	71991	0.00	0.00	0	0	-1	11.60	11.60
Fixation L	1	16	3604716860	3604872857	155997	518.65	476.66	21	6	-1	14.36	14.36
Fixation R	1	15	3604716860	3604872857	155997	518.65	476.66	21	6	-1	13.16	13.16
Saccade L	1	14	3604872857	3604912885	40028	522.70	478.98	385.12	448.56	3.07	173.17	0.40	76.62	8427.28	-7786.28	5577.72
Saccade R	1	13	3604872857	3604912885	40028	522.70	478.98	385.12	448.56	3.07	173.17	0.40	76.62	8427.28	-7786.28	5577.72
Fixation L	1	17	3604912885	3605072920	160035	390.51	461.27	23	25	-1	14.56	14.56
Fixation R	1	16	3604912885	3605072920	160035	390.51	461.27	23	25	-1	13.30	13.30
Saccade L	1	15	3605072920	3605144853	71933	402.56	466.69	225.68	110.84	8.94	347.73	0.28	124.27	16004.49	-10757.95	6986.36
Saccade R	1	14	3605072920	3605144853	71933	402.56	466.69	225.68	110.84	8.94	347.73	0.28	124.27	16004.49	-10757.95	6986.36
Fixation L	1	18	3605144853	3605320855	176002	222.39	132.77	22	42	-1	14.06	14.06
Fixation R	1	17	3605144853	3605320855	176002	222.39	132.77	22	42	-1	12.80	12.80
Saccade L	1	16	3605320855	3605352854	31999	224.78	152.00	223.26	107.24	0.92	56.35	0.37	28.89	1979.75	-2452.52	1554.81
Saccade R	1	15	3605320855	3605352854	31999	224.78	152.00	223.26	107.24	0.92	56.35	0.37	28.89	1979.75	-2452.52	1554.81
Fixation L	1	19	3605352854	3605528868	176014	230.03	121.91	24	34	-1	14.02	14.02
Fixation R	1	18	3605352854	3605620858	268004	167.67	106.81	251	702	-1	10.99	10.99
Fixation L	1	20	3605704856	3605916877	212021	413.68	134.86	25	44	-1	14.32	14.32
Fixation R	1	19	3605704856	3605916877	212021	413.68	134.86	25	44	-1	13.33	13.33
Saccade L	1	17	3605916877	3605960870	43993	400.95	111.97	569.71	166.34	3.80	197.15	0.46	86.42	9155.28	-8762.95	6012.89
Saccade R	1	16	3605916877	3605960870	43993	400.95	111.97	569.71	166.34	3.80	197.15	0.46	86.42	9155.28	-8762.95	6012.89
Fixation L	1	21	3605960870	3606180757	219887	572.15	160.22	15	26	-1	14.66	14.66
Fixation R	1	20	3605960870	3606180757	219887	572.15	160.22	15	26	-1	13.58	13.58
Saccade L	1	18	3606180757	3606252753	71996	575.97	170.07	781.96	170.27	5.08	224.75	0.28	70.62	10960.04	-10249.89	4427.75
Saccade R	1	17	3606180757	3606252753	71996	575.97	170.07	781.96	170.27	5.08	224.75	0.28	70.62	10960.04	-10249.89	4427.75
Fixation L	1	22	3606252753	3606432781	180028	771.16	159.19	31	25	-1	14.97	14.97
Fixation R	1	21	3606252753	3606432781	180028	771.16	159.19	31	25	-1	13.79	13.79
Saccade L	1	19	3606432781	3606468740	35959	763.35	146.21	906.79	150.60	2.98	167.88	0.45	82.89	7708.97	-7682.46	5560.16
Saccade R	1	18	3606432781	3606468740	35959	763.35	146.21	906.79	150.60	2.98	167.88	0.45	82.89	7708.97	-7682.46	5560.16
Fixation L	1	23	3606468740	3606676752	208012	919.27	155.93	34	23	-1	15.25	15.25
Fixation R	1	22	3606468740	3606676752	208012	919.27	155.93	34	23	-1	14.05	14.05
Saccade L	1	20	3606676752	3606752761	76009	938.00	173.96	258.17	190.17	15.00	317.07	0.32	197.35	14011.09	-11198.09	6685.42
Saccade R	1	19	3606676752	3606752761	76009	938.00	173.96	258.17	190.17	15.00	317.07	0.32	197.35	14011.09	-11198.09	6685.42
Fixation L	1	24	3606752761	3607140762	388001	274.52	240.15	44	84	-1	15.75	15.75
Fixation R	1	23	3606752761	3607140762	388001	274.52	240.15	44	84	-1	14.12	14.12
Saccade L	1	21	3607140762	3607192754	51992	291.85	273.62	547.04	300.78	5.55	267.93	0.38	106.81	12280.55	-10720.13	7212.69
Saccade R	1	20	3607140762	3607192754	51992	291.85	273.62	547.04	300.78	5.55	267.93	0.38	106.81	12280.55	-10720.13	7212.69
Fixation L	1	25	3607192754	3607404765	212011	549.22	287.56	22	30	-1	15.47	15.47
Fixation R	1	24	3607192754	3607404765	212011	549.22	287.56	22	30	-1	14.34	14.34
Saccade L	1	22	3607404765	3607452765	48000	547.04	279.69	718.84	264.53	4.25	255.45	0.33	88.46	12051.42	-11217.12	6468.36
Saccade R	1	21	3607404765	3607452765	48000	547.04	279.69	718.84	264.53	4.25	255.45	0.33	88.46	12051.42	-11217.12	6468.36
Fixation L	1	26	3607452765	3607580629	127864	730.56	250.72	19	20	-1	15.67	15.67
Fixation R	1	25	3607452765	3607580629	127864	730.56	250.72	19	20	-1	14.48	14.48
Fixation L	1	27	3607756627	3607864640	108013	738.69	260.68	8	25	-1	16.05	16.05
Fixation R	1	26	3607756627	3607864640	108013	738.69	260.68	8	25	-1	14.58	14.58
Saccade L	1	23	3607864640	3607908631	43991	733.12	254.06	847.44	248.82	3.56	233.41	0.36	80.82	10458.53	-8063.53	5402.65
Saccade R	1	22	3607864640	3607908631	43991	733.12	254.06	847.44	248.82	3.56	233.41	0.36	80.82	10458.53	-8063.53	5402.65
Fixation L	1	28	3607908631	3608112652	204021	873.91	248.20	51	18	-1	16.18	16.18
Fixation R	1	27	3607908631	3608112652	204021	873.91	248.20	51	18	-1	14.84	14.84
Saccade L	1	24	3608112652	3608168671	56019	888.94	256.68	976.69	244.91	1.87	82.30	0.21	33.32	3617.30	-2395.57	1594.09
Saccade R	1	23	3608112652	3608168671	56019	888.94	256.68	976.69	244.91	1.87	82.30	0.21	33.32	3617.30	-2395.57	1594.09
Fixation L	1	29	3608168671	3608268659	99988	969.91	247.27	27	8	-1	16.10	16.10
Fixation R	1	28	3608168671	3608268659	99988	969.91	247.27	27	8	-1	14.71	14.71
Saccade L	1	25	3608268659	3608308640	39981	954.67	251.18	1095.46	243.15	2.98	180.88	0.40	74.43	8389.52	-7454.46	5218.77
Saccade R	1	24	3608268659	3608308640	39981	954.67	251.18	1095.46	243.15	2.98	180.88	0.40	74.43	8389.52	-7454.46	5218.77
Fixation L	1	30	3608308640	3608524638	215998	1101.09	215.42	23	45	-1	15.60	15.60
Fixation R	1	29	3608308640	3608524638	215998	1101.09	215.42	23	45	-1	14.41	14.41
Saccade L	1	26	3608524638	3608588646	64008	1114.90	206.85	1308.35	175.69	4.42	247.84	0.25	69.08	12004.48	-11635.26	4970.49
Saccade R	1	25	3608524638	3608588646	64008	1114.90	206.85	1308.35	175.69	4.42	247.84	0.25	69.08	12004.48	-11635.26	4970.49
Fixation L	1	31	3608588646	3608932534	343888	1304.39	186.98	33	31	-1	14.71	14.71
Fixation R	1	30	3608588646	3608932534	343888	1304.39	186.98	33	31	-1	13.78	13.78
Saccade L	1	27	3608932534	3608976550	44016	1291.53	208.16	1154.29	275.61	3.32	200.03	0.36	75.50	9028.91	-8478.64	5455.72
Saccade R	1	26	3608932534	3608976550	44016	1291.53	208.16	1154.29	275.61	3.32	200.03	0.36	75.50	9028.91	-8478.64	5455.72
Fixation L	1	32	3608976550	3609236529	259979	1138.73	281.55	24	23	-1	14.70	14.70
Fixation R	1	31	3608976550	3609236529	259979	1138.73	281.55	24	23	-1	13.76	13.76
Saccade L	1	28	3609236529	3609284563	48034	1139.46	297.01	1284.24	229.35	3.80	223.69	0.42	79.19	9427.92	-8438.73	5354.17
Saccade R	1	27	3609236529	3609284563	48034	1139.46	297.01	1284.24	229.35	3.80	223.69	0.42	79.19	9427.92	-8438.73	5354.17
Fixation L	1	33	3609284563	3609396538	111975	1303.48	211.98	25	34	-1	14.74	14.74
Fixation R	1	32	3609284563	3609396538	111975	1303.48	211.98	25	34	-1	13.80	13.80
Fixation L	1	34	3609600538	3609744554	144016	949.47	304.35	8	12	-1	15.01	15.01
Fixation R	1	33	3609600538	3609744554	144016	949.47	304.35	8	12	-1	13.87	13.87
Saccade L	1	29	3609744554	3609800530	55976	943.01	308.77	637.17	294.88	6.73	304.41	0.36	120.15	13969.18	-9322.63	7118.26
Saccade R	1	28	3609744554	3609800530	55976	943.01	308.77	637.17	294.88	6.73	304.41	0.36	120.15	13969.18	-9322.63	7118.26
Fixation L	1	35	3609800530	3609964536	164006	626.61	298.50	15	19	-1	15.04	15.04
Fixation R	1	34	3609800530	3609964536	164006	626.61	298.50	15	19	-1	13.59	13.59
Saccade L	1	30	3609964536	3610024584	60048	627.43	305.98	438.24	259.28	4.68	211.83	0.47	77.86	9404.28	-9506.98	5173.97
Saccade R	1	29	3609964536	3610024584	60048	627.43	305.98	438.24	259.28	4.68	211.83	0.47	77.86	9404.28	-9506.98	5173.97
Fixation L	1	36	3610024584	3610284479	259895	431.70	256.87	13	17	-1	14.90	14.90
Fixation R	1	35	3610024584	3610284479	259895	431.70	256.87	13	17	-1	13.38	13.38
Saccade L	1	31	3610284479	3610340420	55941	435.84	248.93	863.03	279.61	9.27	321.98	0.29	165.69	15975.60	-13287.07	9217.73
Saccade R	1	30	3610284479	3610340420	55941	435.84	248.93	863.03	279.61	9.27	321.98	0.29	165.69	15975.60	-13287.07	9217.73
Fixation L	1	37	3610340420	3610524418	183998	879.76	269.89	22	14	-1	14.85	14.85
Fixation R	1	36	3610340420	3610524418	183998	879.76	269.89	22	14	-1	13.72	13.72
Saccade L	1	32	3610524418	3610588474	64056	878.02	271.05	1312.99	251.03	9.83	297.24	0.37	153.45	14253.67	-12294.41	7859.10
Saccade R	1	31	3610524418	3610588474	64056	878.02	271.05	1312.99	251.03	9.83	297.24	0.37	153.45	14253.67	-12294.41	7859.10
Fixation L	1	38	3610588474	3610828437	239963	1317.87	246.08	25	16	-1	14.95	14.95
Fixation R	1	37	3610588474	3610828437	239963	1317.87	246.08	25	16	-1	13.85	13.85
Saccade L	1	33	3610828437	3610880423	51986	1332.18	239.69	1451.66	218.38	2.86	129.00	0.46	54.96	5785.93	-5328.13	3331.56
Saccade R	1	32	3610828437	3610880423	51986	1332.18	239.69	1451.66	218.38	2.86	129.00	0.46	54.96	5785.93	-5328.13	3331.56
Fixation L	1	39	3610880423	3611052431	172008	1455.33	212.21	15	10	-1	14.89	14.89
Fixation R	1	38	3610880423	3611052431	172008	1455.33	212.21	15	10	-1	13.63	13.63
Saccade L	1	34	3611052431	3611112461	60030	1461.67	209.73	1128.93	267.18	7.46	382.29	0.33	124.29	18331.82	-15536.60	8819.29
Saccade R	1	33	3611052431	3611112461	60030	1461.67	209.73	1128.93	267.18	7.46	382.29	0.33	124.29	18331.82	-15536.60	8819.29
Fixation L	1	40	3611112461	3611524440	411979	1104.96	264.05	40	18	-1	14.97	14.97
Fixation R	1	39	3611112461	3611524440	411979	1104.96	264.05	40	18	-1	13.61	13.61
Saccade L	1	35	3611524440	3611560447	36007	1089.65	260.55	982.04	260.97	2.48	192.32	0.55	68.84	8713.19	-9008.87	5595.31
Saccade R	1	34	3611524440	3611560447	36007	1089.65	260.55	982.04	260.97	2.48	192.32	0.55	68.84	8713.19	-9008.87	5595.31
Fixation L	1	41	3611560447	3611676322	115875	984.91	269.96	12	28	-1	14.84	14.84
Fixation R	1	40	3611560447	3611676322	115875	984.91	269.96	12	28	-1	13.58	13.58
Fixation L	1	42	3611760316	3611944306	183990	316.41	257.35	22	59	-1	14.97	14.97
Fixation R	1	41	3611760316	3611944306	183990	316.41	257.35	22	59	-1	13.34	13.34
Saccade L	1	36	3611944306	3611984305	39999	303.65	289.16	254.38	263.74	1.78	116.22	0.40	44.59	5131.21	-4339.94	2773.62
Saccade R	1	35	3611944306	3611984305	39999	303.65	289.16	254.38	263.74	1.78	116.22	0.40	44.59	5131.21	-4339.94	2773.62
Fixation L	1	43	3611984305	3612168315	184010	248.65	276.15	24	26	-1	14.84	14.84
Fixation R	1	42	3611984305	3612168315	184010	248.65	276.15	24	26	-1	13.31	13.31
Saccade L	1	37	3612168315	3612208316	40001	261.29	280.65	434.40	295.60	3.71	257.81	0.40	92.65	11479.37	-10882.41	7125.52
Saccade R	1	36	3612168315	3612208316	40001	261.29	280.65	434.40	295.60	3.71	257.81	0.40	92.65	11479.37	-10882.41	7125.52
Fixation L	1	44	3612208316	3612424310	215994	450.36	296.94	25	34	-1	14.83	14.83
Fixation R	1	43	3612208316	3612424310	215994	450.36	296.94	25	34	-1	13.42	13.42
Saccade L	1	38	3612424310	3612476315	52005	450.10	283.90	550.75	281.96	2.17	88.64	0.31	41.71	3963.29	-1950.23	1763.52
Saccade R	1	37	3612424310	3612476315	52005	450.10	283.90	550.75	281.96	2.17	88.64	0.31	41.71	3963.29	-1950.23	1763.52
Fixation L	1	45	3612476315	3612568343	92028	549.76	290.90	18	16	-1	14.73	14.73
Fixation R	1	44	3612476315	3612644345	168030	378.84	217.09	559	742	-1	11.21	11.21
Fixation L	1	46	3612724256	3612936319	212063	662.20	283.70	21	48	-1	14.27	14.27
Fixation R	1	45	3612724256	3612936319	212063	662.20	283.70	21	48	-1	13.22	13.22
Saccade L	1	39	3612936319	3613024345	88026	658.77	267.20	880.88	265.79	5.73	231.61	0.50	65.13	10555.53	-9144.33	3960.84
Saccade R	1	38	3612936319	3613024345	88026	658.77	267.20	880.88	265.79	5.73	231.61	0.50	65.13	10555.53	-9144.33	3960.84
Fixation L	1	47	3613024345	3613188248	163903	866.70	277.82	22	31	-1	14.34	14.34
Fixation R	1	46	3613024345	3613188248	163903	866.70	277.82	22	31	-1	13.27	13.27
Saccade L	1	40	3613188248	3613288197	99949	865.64	259.34	1048.79	263.44	5.06	163.64	0.52	50.59	6969.33	-3878.64	2302.05
Saccade R	1	39	3613188248	3613288197	99949	865.64	259.34	1048.79	263.44	5.06	163.64	0.52	50.59	6969.33	-3878.64	2302.05
Fixation L	1	48	3613288197	3613464198	176001	1038.29	274.87	22	52	-1	14.35	14.35
Fixation R	1	47	3613288197	3613464198	176001	1038.29	274.87	22	52	-1	13.21	13.21
Saccade L	1	41	3613464198	3613528196	63998	1026.59	278.29	1326.65	240.44	6.72	305.19	0.56	105.06	13650.30	-9970.98	6163.62
Saccade R	1	40	3613464198	3613528196	63998	1026.59	278.29	1326.65	240.44	6.72	305.19	0.56	105.06	13650.30	-9970.98	6163.62
Fixation L	1	49	3613528196	3613772236	244040	1329.35	241.39	20	29	-1	14.32	14.32
Fixation R	1	48	3613528196	3613772236	244040	1329.35	241.39	20	29	-1	13.23	13.23
Saccade L	1	42	3613772236	3613836205	63969	1333.61	238.01	693.56	320.28	13.96	423.58	0.31	218.27	19759.51	-13705.14	9853.50
Saccade R	1	41	3613772236	3613836205	63969	1333.61	238.01	693.56	320.28	13.96	423.58	0.31	218.27	19759.51	-13705.14	9853.50
Fixation L	1	50	3613836205	3614040204	203999	676.45	319.67	38	24	-1	14.86	14.86
Fixation R	1	49	3613836205	3614040204	203999	676.45	319.67	38	24	-1	13.49	13.49
Saccade L	1	43	3614040204	3614092214	52010	680.72	332.77	414.61	309.94	5.91	287.60	0.31	113.66	13689.47	-11918.02	7497.22
Saccade R	1	42	3614040204	3614092214	52010	680.72	332.77	414.61	309.94	5.91	287.60	0.31	113.66	13689.47	-11918.02	7497.22
Saccade L	1	44	3614140213	3614204206	63993	390.19	337.77	358.39	318.02	2.40	100.37	0.38	37.51	3372.54	-2698.18	1478.41
Saccade R	1	43	3614140213	3614204206	63993	390.19	337.77	358.39	318.02	2.40	100.37	0.38	37.51	3372.54	-2698.18	1478.41
Fixation L	1	51	3614204206	3614256220	52014	362.21	317.25	6	7	-1	15.01	15.01
Fixation R	1	50	3614204206	3614256220	52014	362.21	317.25	6	7	-1	13.59	13.59
Saccade L	1	45	3614256220	3614280212	23992	365.83	325.72	347.17	283.77	0.83	56.75	0.50	34.43	6951.28	-295.65	2301.20
Saccade R	1	44	3614256220	3614280212	23992	365.83	325.72	347.17	283.77	0.83	56.75	0.50	34.43	6951.28	-295.65	2301.20
Saccade L	1	46	3614280212	3614340220	60008	347.17	283.77	543.36	425.33	5.78	314.73	0.27	96.24	13919.33	-14098.03	6624.40
Saccade R	1	45	3614280212	3614340220	60008	347.17	283.77	543.36	425.33	5.78	314.73	0.27	96.24	13919.33	-14098.03	6624.40
Fixation L	1	52	3614340220	3614592105	251885	544.02	429.76	33	19	-1	15.03	15.03
Fixation R	1	51	3614340220	3614592105	251885	544.02	429.76	33	19	-1	13.62	13.62
Fixation L	1	53	3614668090	3614816100	148010	0.00	0.00	0	0	-1	14.62	14.62
Fixation R	1	52	3614668090	3614816100	148010	0.00	0.00	0	0	-1	13.48	13.48
Saccade L	1	47	3614816100	3614844088	27988	0.00	0.00	800.78	976.65	25.64	2435.35	0.43	916.16	101544.52	-79323.97	62364.41
Saccade R	1	46	3614816100	3614844088	27988	0.00	0.00	800.78	976.65	25.64	2435.35	0.43	916.16	101544.52	-79323.97	62364.41
Saccade L	1	48	3614844088	3614868198	24110	800.78	976.65	0.00	0.00	25.15	2424.43	0.50	1043.32	79155.94	-101211.40	64985.28
Saccade R	1	47	3614844088	3614868198	24110	800.78	976.65	0.00	0.00	25.15	2424.43	0.50	1043.32	79155.94	-101211.40	64985.28
Fixation L	1	54	3614868198	3615256107	387909	0.00	0.00	0	0	-1	12.12	12.12
Fixation R	1	53	3614868198	3615256107	387909	0.00	0.00	0	0	-1	11.70	11.70
Saccade L	1	49	3615688047	3615868516	180469	0.00	0.00	749.78	645.83	147.51	1905.06	0.93	817.37	79399.82	-79187.17	59876.34
Saccade R	1	48	3615688047	3615868516	180469	0.00	0.00	749.78	645.83	147.51	1905.06	0.93	817.37	79399.82	-79187.17	59876.34
Saccade L	1	50	3615900495	3615972487	71992	754.51	651.97	965.84	575.07	5.05	279.55	0.67	70.18	12103.54	-12737.85	5009.14
Saccade R	1	49	3615900495	3615972487	71992	754.51	651.97	965.84	575.07	5.05	279.55	0.67	70.18	12103.54	-12737.85	5009.14
Fixation L	1	55	3615972487	3616116363	143876	962.00	561.53	9	33	-1	16.61	16.61
Fixation R	1	54	3615972487	3616116363	143876	962.00	561.53	9	33	-1	15.32	15.32
Saccade L	1	51	3616116363	3616156354	39991	963.17	542.73	1136.41	696.87	5.04	317.93	0.40	126.06	14330.17	-13509.25	9194.25
Saccade R	1	50	3616116363	3616156354	39991	963.17	542.73	1136.41	696.87	5.04	317.93	0.40	126.06	14330.17	-13509.25	9194.25
Fixation L	1	56	3616156354	3616360389	204035	1141.59	703.74	20	43	-1	14.77	14.77
Fixation R	1	55	3616156354	3616360389	204035	1141.59	703.74	20	43	-1	13.62	13.62
Saccade L	1	52	3616360389	3616432363	71974	1145.71	685.36	1065.67	485.68	5.19	226.84	0.22	72.04	10189.13	-7470.88	4097.57
Saccade R	1	51	3616360389	3616432363	71974	1145.71	685.36	1065.67	485.68	5.19	226.84	0.22	72.04	10189.13	-7470.88	4097.57
Fixation L	1	57	3616432363	3616544406	112043	1066.73	491.23	16	11	-1	13.88	13.88
Fixation R	1	56	3616432363	3616544406	112043	1066.73	491.23	16	11	-1	12.91	12.91
Saccade L	1	53	3616544406	3616576370	31964	1077.12	488.06	1034.51	486.63	1.13	88.98	0.37	35.46	4047.28	-3580.60	2468.09
Saccade R	1	52	3616544406	3616576370	31964	1077.12	488.06	1034.51	486.63	1.13	88.98	0.37	35.46	4047.28	-3580.60	2468.09
Fixation L	1	58	3616576370	3616668393	92023	1032.34	482.71	5	10	-1	13.75	13.75
Fixation R	1	57	3616576370	3616668393	92023	1032.34	482.71	5	10	-1	12.86	12.86
Saccade L	1	54	3616668393	3616712368	43975	1030.36	477.22	1195.03	466.35	3.49	203.12	0.45	79.42	9914.42	-9327.44	6032.02
Saccade R	1	53	3616668393	3616712368	43975	1030.36	477.22	1195.03	466.35	3.49	203.12	0.45	79.42	9914.42	-9327.44	6032.02
Fixation L	1	59	3616712368	3616948374	236006	1217.15	471.16	38	20	-1	13.56	13.56
Fixation R	1	58	3616712368	3616948374	236006	1217.15	471.16	38	20	-1	12.67	12.67
Saccade L	1	55	3616948374	3616976281	27907	1223.32	469.31	1308.83	466.39	1.75	132.92	0.57	62.77	6471.19	-6062.26	4588.45
Saccade R	1	54	3616948374	3616976281	27907	1223.32	469.31	1308.83	466.39	1.75	132.92	0.57	62.77	6471.19	-6062.26	4588.45
Fixation L	1	60	3616976281	3617164386	188105	1308.15	481.49	23	32	-1	13.64	13.64
Fixation R	1	59	3616976281	3617164386	188105	1308.15	481.49	23	32	-1	12.73	12.73
Saccade L	1	56	3617164386	3617208398	44012	1324.37	486.30	1070.32	475.46	5.44	267.84	0.45	123.58	13021.78	-12299.10	8614.19
Saccade R	1	55	3617164386	3617208398	44012	1324.37	486.30	1070.32	475.46	5.44	267.84	0.45	123.58	13021.78	-12299.10	8614.19
Fixation L	1	61	3617208398	3617300393	91995	1061.33	486.46	14	20	-1	13.51	13.51
Fixation R	1	60	3617208398	3617300393	91995	1061.33	486.46	14	20	-1	12.47	12.47
Saccade L	1	57	3617300393	3617352367	51974	1061.26	494.26	967.92	518.15	2.46	151.32	0.69	47.30	5823.24	-6323.82	3118.62
Saccade R	1	56	3617300393	3617352367	51974	1061.26	494.26	967.92	518.15	2.46	151.32	0.69	47.30	5823.24	-6323.82	3118.62
Fixation L	1	62	3617352367	3617428401	76034	963.75	516.87	26	39	-1	13.42	13.42
Fixation R	1	61	3617352367	3617428401	76034	963.75	516.87	26	39	-1	12.52	12.52
Saccade L	1	58	3617428401	3617484380	55979	968.54	507.32	919.84	458.97	1.50	51.68	0.36	26.73	2242.88	-1476.99	1079.68
Saccade R	1	57	3617428401	3617484380	55979	968.54	507.32	919.84	458.97	1.50	51.68	0.36	26.73	2242.88	-1476.99	1079.68
Saccade L	1	59	3617484380	3617536260	51880	919.84	458.97	991.96	495.87	1.84	84.16	0.31	35.37	3432.87	-2727.77	1579.77
Saccade R	1	58	3617484380	3617536260	51880	919.84	458.97	991.96	495.87	1.84	84.16	0.31	35.37	3432.87	-2727.77	1579.77
Saccade L	1	60	3617536260	3617576267	40007	991.96	495.87	1162.16	503.21	3.80	260.93	0.60	95.10	11714.63	-11903.15	7154.30
Saccade R	1	59	3617536260	3617576267	40007	991.96	495.87	1162.16	503.21	3.80	260.93	0.60	95.10	11714.63	-11903.15	7154.30
Saccade L	1	61	3617596283	3617632309	36026	1159.98	508.93	1150.53	457.04	1.06	59.76	0.44	29.41	2675.12	-2240.59	1696.38
Saccade R	1	60	3617596283	3617632309	36026	1159.98	508.93	1150.53	457.04	1.06	59.76	0.44	29.41	2675.12	-2240.59	1696.38
Fixation L	1	63	3617632309	3617748252	115943	1155.88	437.27	18	36	-1	13.55	13.55
Fixation R	1	62	3617632309	3617748252	115943	1155.88	437.27	18	36	-1	12.53	12.53
Saccade L	1	62	3617748252	3617788248	39996	1160.41	426.39	1104.94	694.70	5.77	324.41	0.40	144.34	15821.93	-15436.07	10691.26
Saccade R	1	61	3617748252	3617788248	39996	1160.41	426.39	1104.94	694.70	5.77	324.41	0.40	144.34	15821.93	-15436.07	10691.26
Fixation L	1	64	3617788248	3618052270	264022	1077.15	713.10	42	50	-1	13.73	13.73
Fixation R	1	63	3617788248	3618052270	264022	1077.15	713.10	42	50	-1	12.69	12.69
Saccade L	1	63	3618052270	3618084274	32004	1073.85	737.33	1174.22	729.53	2.28	164.42	0.50	71.10	7490.61	-7503.78	5442.41
Saccade R	1	62	3618052270	3618084274	32004	1073.85	737.33	1174.22	729.53	2.28	164.42	0.50	71.10	7490.61	-7503.78	5442.41
Fixation L	1	65	3618084274	3618372275	288001	830.94	517.80	1427	794	-1	11.34	11.34
Fixation R	1	64	3618084274	3618372275	288001	830.94	517.80	1427	794	-1	11.00	11.00
Fixation L	1	66	3618496268	3618568284	72016	1263.47	706.79	56	16	-1	13.24	13.24
Fixation R	1	65	3618496268	3618568284	72016	1263.47	706.79	56	16	-1	12.56	12.56
Saccade L	1	64	3618568284	3618684269	115985	1245.00	716.04	577.66	499.22	16.73	374.22	0.34	144.23	17633.40	-9487.11	5467.22
Saccade R	1	63	3618568284	3618684269	115985	1245.00	716.04	577.66	499.22	16.73	374.22	0.34	144.23	17633.40	-9487.11	5467.22
Fixation L	1	67	3618684269	3618776290	92021	582.38	493.84	15	19	-1	14.04	14.04
Fixation R	1	66	3618684269	3618776290	92021	582.38	493.84	15	19	-1	12.46	12.46
Saccade L	1	65	3618776290	3618824277	47987	592.31	508.77	411.98	490.23	4.22	228.16	0.33	87.94	10622.20	-9937.70	6114.50
Saccade R	1	64	3618776290	3618824277	47987	592.31	508.77	411.98	490.23	4.22	228.16	0.33	87.94	10622.20	-9937.70	6114.50
Fixation L	1	68	3618824277	3619040152	215875	412.44	498.04	12	17	-1	13.91	13.91
Fixation R	1	67	3618824277	3619040152	215875	412.44	498.04	12	17	-1	12.42	12.42
Saccade L	1	66	3619040152	3619112151	71999	413.74	501.90	510.64	498.45	2.18	81.21	0.22	30.34	3590.77	-2675.89	1489.86
Saccade R	1	65	3619040152	3619112151	71999	413.74	501.90	510.64	498.45	2.18	81.21	0.22	30.34	3590.77	-2675.89	1489.86
Fixation L	1	69	3619112151	3619236189	124038	517.48	495.59	11	9	-1	13.72	13.72
Fixation R	1	68	3619112151	3619236189	124038	517.48	495.59	11	9	-1	12.46	12.46
Saccade L	1	67	3619236189	3619276168	39979	523.15	501.93	609.94	510.14	1.91	91.49	0.40	47.73	4241.88	-3426.64	2655.95
Saccade R	1	66	3619236189	3619276168	39979	523.15	501.93	609.94	510.14	1.91	91.49	0.40	47.73	4241.88	-3426.64	2655.95
Fixation L	1	70	3619276168	3619808155	531987	588.22	508.53	76	24	-1	13.17	13.17
Fixation R	1	69	3619276168	3619808155	531987	588.22	508.53	76	24	-1	12.18	12.18
Saccade L	1	68	3619808155	3619880164	72009	555.87	507.32	1072.46	683.94	12.28	344.48	0.33	170.47	16327.71	-12013.39	7708.08
Saccade R	1	67	3619808155	3619880164	72009	555.87	507.32	1072.46	683.94	12.28	344.48	0.33	170.47	16327.71	-12013.39	7708.08
Fixation L	1	71	3619880164	3620040151	159987	1085.96	680.49	20	24	-1	13.03	13.03
Fixation R	1	70	3619880164	3620184187	304023	652.28	415.21	1092	867	-1	8.91	8.85
Fixation L	1	72	3620320159	3620408059	87900	1097.67	692.53	23	15	-1	13.32	13.32
Fixation R	1	71	3620320159	3620408059	87900	1097.67	692.53	23	15	-1	12.26	12.26
Saccade L	1	69	3620408059	3620436044	27985	1081.62	684.26	1204.00	694.16	2.47	189.15	0.57	88.39	8622.69	-8851.30	6493.21
Saccade R	1	68	3620408059	3620436044	27985	1081.62	684.26	1204.00	694.16	2.47	189.15	0.57	88.39	8622.69	-8851.30	6493.21
Fixation L	1	73	3620436044	3620692041	255997	1196.81	704.29	18	24	-1	13.87	13.87
Fixation R	1	72	3620436044	3620692041	255997	1196.81	704.29	18	24	-1	12.82	12.82
Saccade L	1	70	3620692041	3620728037	35996	1194.91	717.72	1084.47	714.17	2.30	152.80	0.44	63.91	6899.01	-6799.15	4833.34
Saccade R	1	69	3620692041	3620728037	35996	1194.91	717.72	1084.47	714.17	2.30	152.80	0.44	63.91	6899.01	-6799.15	4833.34
Fixation L	1	74	3620728037	3620984051	256014	1093.71	710.58	23	10	-1	13.91	13.91
Fixation R	1	73	3620728037	3620984051	256014	1093.71	710.58	23	10	-1	12.42	12.42
Saccade L	1	71	3620984051	3621052057	68006	1095.79	709.39	1187.56	784.57	2.93	145.08	0.35	43.10	6853.13	-6486.28	2879.49
Saccade R	1	70	3620984051	3621052057	68006	1095.79	709.39	1187.56	784.57	2.93	145.08	0.35	43.10	6853.13	-6486.28	2879.49
Fixation L	1	75	3621052057	3621220046	167989	1186.37	780.89	9	20	-1	14.07	14.07
Fixation R	1	74	3621052057	3621220046	167989	1186.37	780.89	9	20	-1	12.72	12.72
Saccade L	1	72	3621220046	3621259962	39916	1191.23	765.40	1223.23	716.71	1.40	66.75	0.50	35.18	3005.19	-2879.06	2042.71
Saccade R	1	71	3621220046	3621259962	39916	1191.23	765.40	1223.23	716.71	1.40	66.75	0.50	35.18	3005.19	-2879.06	2042.71
Fixation L	1	76	3621259962	3621392049	132087	1232.66	720.45	14	19	-1	14.00	14.00
Fixation R	1	75	3621259962	3621392049	132087	1232.66	720.45	14	19	-1	12.87	12.87
Saccade L	1	73	3621392049	3621464069	72020	1233.09	722.96	643.64	695.42	13.06	362.21	0.28	181.36	17091.20	-13517.05	7945.75
Saccade R	1	72	3621392049	3621464069	72020	1233.09	722.96	643.64	695.42	13.06	362.21	0.28	181.36	17091.20	-13517.05	7945.75
Fixation L	1	77	3621464069	3621656083	192014	625.07	687.52	25	25	-1	14.14	14.14
Fixation R	1	76	3621464069	3621656083	192014	625.07	687.52	25	25	-1	12.85	12.85
Saccade L	1	74	3621656083	3621692058	35975	620.62	683.20	536.83	734.02	2.29	154.94	0.44	63.70	7109.06	-7058.72	4724.45
Saccade R	1	73	3621656083	3621692058	35975	620.62	683.20	536.83	734.02	2.29	154.94	0.44	63.70	7109.06	-7058.72	4724.45
Fixation L	1	78	3621692058	3621839930	147872	518.12	754.29	29	34	-1	13.91	13.91
Fixation R	1	77	3621692058	3621839930	147872	518.12	754.29	29	34	-1	12.62	12.62
Saccade L	1	75	3621839930	3621907934	68004	518.24	757.61	1147.15	715.29	13.94	363.83	0.35	205.03	17667.52	-14196.64	8573.58
Saccade R	1	74	3621839930	3621907934	68004	518.24	757.61	1147.15	715.29	13.94	363.83	0.35	205.03	17667.52	-14196.64	8573.58
Fixation L	1	79	3621907934	3622015949	108015	1155.32	719.30	13	8	-1	13.68	13.68
Fixation R	1	78	3621907934	3622151966	244032	628.04	391.10	1445	838	-1	8.51	8.51
Saccade L	1	76	3622223930	3622299951	76021	1011.32	675.36	1131.68	703.37	3.00	97.40	0.21	39.49	3238.49	-3297.48	1425.35
Saccade R	1	75	3622223930	3622299951	76021	1011.32	675.36	1131.68	703.37	3.00	97.40	0.21	39.49	3238.49	-3297.48	1425.35
Fixation L	1	80	3622299951	3622435937	135986	1120.18	703.97	18	20	-1	13.28	13.28
Fixation R	1	79	3622299951	3622435937	135986	1120.18	703.97	18	20	-1	12.23	12.23
Saccade L	1	77	3622435937	3622459941	24004	1131.00	701.51	1177.90	704.74	0.95	81.77	0.50	39.74	3778.69	-3371.74	2613.88
Saccade R	1	76	3622435937	3622459941	24004	1131.00	701.51	1177.90	704.74	0.95	81.77	0.50	39.74	3778.69	-3371.74	2613.88
Fixation L	1	81	3622459941	3622699941	240000	1180.68	714.24	12	14	-1	13.63	13.63
Fixation R	1	80	3622459941	3622699941	240000	1180.68	714.24	12	14	-1	12.67	12.67
Saccade L	1	78	3622699941	3622763932	63991	1181.95	717.19	569.71	665.68	13.42	328.47	0.31	209.78	15934.93	-13852.60	8040.23
Saccade R	1	77	3622699941	3622763932	63991	1181.95	717.19	569.71	665.68	13.42	328.47	0.31	209.78	15934.93	-13852.60	8040.23
Fixation L	1	82	3622763932	3623023974	260042	564.71	673.85	23	28	-1	13.88	13.88
Fixation R	1	81	3622763932	3623023974	260042	564.71	673.85	23	28	-1	12.51	12.51
Saccade L	1	79	3623023974	3623067951	43977	547.03	659.56	489.72	505.08	3.63	172.84	0.45	82.56	8022.82	-7511.03	5312.35
Saccade R	1	78	3623023974	3623067951	43977	547.03	659.56	489.72	505.08	3.63	172.84	0.45	82.56	8022.82	-7511.03	5312.35
Fixation L	1	83	3623067951	3623239830	171879	470.40	493.84	28	21	-1	13.64	13.64
Fixation R	1	82	3623067951	3623239830	171879	470.40	493.84	28	21	-1	12.59	12.59
Saccade L	1	80	3623239830	3623271842	32012	467.47	503.31	392.11	501.26	1.54	105.78	0.62	48.19	4653.47	-4733.28	3353.01
Saccade R	1	79	3623239830	3623271842	32012	467.47	503.31	392.11	501.26	1.54	105.78	0.62	48.19	4653.47	-4733.28	3353.01
Fixation L	1	84	3623271842	3623399821	127979	383.85	491.87	16	16	-1	13.58	13.58
Fixation R	1	83	3623271842	3623399821	127979	383.85	491.87	16	16	-1	12.36	12.36
Saccade L	1	81	3623399821	3623435844	36023	379.29	492.16	370.06	397.83	1.96	115.84	0.56	54.48	5421.10	-5518.10	3846.95
Saccade R	1	80	3623399821	3623435844	36023	379.29	492.16	370.06	397.83	1.96	115.84	0.56	54.48	5421.10	-5518.10	3846.95
Fixation L	1	85	3623435844	3623631904	196060	394.53	407.14	37	25	-1	13.32	13.32
Fixation R	1	84	3623435844	3623631904	196060	394.53	407.14	37	25	-1	12.24	12.24
Saccade L	1	82	3623631904	3623715833	83929	404.52	418.84	626.06	290.10	6.33	252.17	0.43	75.43	11255.75	-6283.89	4012.93
Saccade R	1	81	3623631904	3623715833	83929	404.52	418.84	626.06	290.10	6.33	252.17	0.43	75.43	11255.75	-6283.89	4012.93
Fixation L	1	86	3623715833	3623899828	183995	614.64	301.55	25	34	-1	13.21	13.21
Fixation R	1	85	3623715833	3623899828	183995	614.64	301.55	25	34	-1	12.59	12.59
Saccade L	1	83	3623899828	3623975843	76015	626.98	279.44	966.59	236.64	7.70	220.38	0.21	101.30	10861.84	-6116.69	4726.04
Saccade R	1	82	3623899828	3623975843	76015	626.98	279.44	966.59	236.64	7.70	220.38	0.21	101.30	10861.84	-6116.69	4726.04
Fixation L	1	87	3623975843	3624159863	184020	957.75	251.64	27	35	-1	13.81	13.81
Fixation R	1	86	3623975843	3624159863	184020	957.75	251.64	27	35	-1	12.91	12.91
Saccade L	1	84	3624159863	3624207828	47965	968.69	275.14	1083.41	218.25	3.17	209.01	0.33	66.00	9745.07	-9208.33	4818.80
Saccade R	1	83	3624159863	3624207828	47965	968.69	275.14	1083.41	218.25	3.17	209.01	0.33	66.00	9745.07	-9208.33	4818.80
Fixation L	1	88	3624207828	3624507854	300026	1091.83	220.64	25	18	-1	13.91	13.91
Fixation R	1	87	3624207828	3624507854	300026	1091.83	220.64	25	18	-1	12.81	12.81
Saccade L	1	85	3624507854	3624551854	44000	1084.27	227.40	901.70	148.70	4.34	222.30	0.36	98.74	10216.69	-8088.47	6311.72
Saccade R	1	84	3624507854	3624551854	44000	1084.27	227.40	901.70	148.70	4.34	222.30	0.36	98.74	10216.69	-8088.47	6311.72
Fixation L	1	89	3624551854	3624675727	123873	902.58	142.43	25	13	-1	14.27	14.27
Fixation R	1	88	3624551854	3624675727	123873	902.58	142.43	25	13	-1	13.12	13.12
