[BeGaze]
Converted from:	D:\Kirillov\Results\ermolova_temp\Daniil-1-eye_data.idf
Date:	17.04.2019 03:54:38
Version:	BeGaze 3.0.181
Sample Rate:	250
Subject:	Daniil
Description:	Run41

Table Header for Fixations:
Event Type	Trial	Number	Start	End	Duration	Location X	Location Y	Dispersion X	Dispersion Y	Plane	Avg. Pupil Size X	Avg. Pupil Size Y

Table Header for Saccades:
Event Type	Trial	Number	Start	End	Duration	Start Loc.X	Start Loc.Y	End Loc.X	End Loc.Y	Amplitude	Peak Speed	Peak Speed At	Average Speed	Peak Accel.	Peak Decel.	Average Accel.

Table Header for User Events:
Event Type	Trial	Number	Start	Description

UserEvent	1	1	9976449315	# Message: experiment-04.jpg
Fixation L	1	1	9976451633	9976743657	292024	420.20	431.83	28	26	-1	14.95	14.95
Fixation R	1	1	9976451633	9976743657	292024	420.20	431.83	28	26	-1	14.87	14.87
Saccade L	1	1	9976743657	9976811642	67985	433.05	427.02	1065.70	528.74	14.15	448.17	0.35	208.12	21335.37	-17276.94	10880.02
Saccade R	1	1	9976743657	9976811642	67985	433.05	427.02	1065.70	528.74	14.15	448.17	0.35	208.12	21335.37	-17276.94	10880.02
Fixation L	1	2	9976811642	9976947646	136004	1088.86	539.00	35	16	-1	14.49	14.49
Fixation R	1	2	9976811642	9976947646	136004	1088.86	539.00	35	16	-1	14.67	14.67
Saccade L	1	2	9976947646	9976999644	51998	1086.03	535.43	1045.24	510.15	1.07	44.58	0.31	20.59	1808.80	-1204.88	806.56
Saccade R	1	2	9976947646	9976999644	51998	1086.03	535.43	1045.24	510.15	1.07	44.58	0.31	20.59	1808.80	-1204.88	806.56
Fixation L	1	3	9976999644	9977131653	132009	1045.70	511.95	10	6	-1	13.70	13.70
Fixation R	1	3	9976999644	9977131653	132009	1045.70	511.95	10	6	-1	13.68	13.68
Fixation L	1	4	9977287652	9977463661	176009	1002.80	484.39	45	20	-1	12.98	12.98
Fixation R	1	4	9977287652	9977463661	176009	1002.80	484.39	45	20	-1	12.89	12.89
Saccade L	1	3	9977463661	9977523661	60000	1003.03	482.55	559.66	457.11	9.77	328.69	0.60	162.81	10289.79	-14609.59	8096.03
Saccade R	1	3	9977463661	9977523661	60000	1003.03	482.55	559.66	457.11	9.77	328.69	0.60	162.81	10289.79	-14609.59	8096.03
Fixation L	1	5	9977523661	9977715545	191884	541.45	453.18	29	19	-1	13.31	13.31
Fixation R	1	5	9977523661	9977715545	191884	541.45	453.18	29	19	-1	13.23	13.23
Saccade L	1	4	9977715545	9977751548	36003	555.41	450.31	456.97	530.10	3.07	215.74	0.44	85.20	9108.12	-9172.75	6073.79
Saccade R	1	4	9977715545	9977751548	36003	555.41	450.31	456.97	530.10	3.07	215.74	0.44	85.20	9108.12	-9172.75	6073.79
Fixation L	1	6	9977751548	9978155545	403997	439.02	559.66	29	56	-1	13.12	13.12
Fixation R	1	6	9977751548	9978155545	403997	439.02	559.66	29	56	-1	13.04	13.04
Saccade L	1	5	9978155545	9978211550	56005	431.21	577.86	986.97	638.08	12.20	423.87	0.36	217.82	19943.81	-16934.62	11843.53
Saccade R	1	5	9978155545	9978211550	56005	431.21	577.86	986.97	638.08	12.20	423.87	0.36	217.82	19943.81	-16934.62	11843.53
Fixation L	1	7	9978211550	9978455560	244010	1020.76	652.62	42	34	-1	13.37	13.37
Fixation R	1	7	9978211550	9978455560	244010	1020.76	652.62	42	34	-1	13.72	13.72
Saccade L	1	6	9978455560	9978535644	80084	1027.73	652.07	406.07	606.54	14.04	408.90	0.25	175.26	19363.23	-16877.68	8973.13
Saccade R	1	6	9978455560	9978535644	80084	1027.73	652.07	406.07	606.54	14.04	408.90	0.25	175.26	19363.23	-16877.68	8973.13
Fixation L	1	8	9978535644	9979003563	467919	416.59	595.73	66	53	-1	13.50	13.50
Fixation R	1	8	9978535644	9979003563	467919	416.59	595.73	66	53	-1	13.31	13.31
Saccade L	1	7	9979003563	9979071581	68018	440.38	567.61	982.93	640.65	12.14	358.86	0.24	178.53	17772.34	-14259.53	8568.50
Saccade R	1	7	9979003563	9979071581	68018	440.38	567.61	982.93	640.65	12.14	358.86	0.24	178.53	17772.34	-14259.53	8568.50
Fixation L	1	9	9979071581	9979331441	259860	683.40	447.43	1412	947	-1	11.33	11.33
Fixation R	1	9	9979071581	9979227451	155870	994.16	652.38	19	24	-1	13.58	13.58
Saccade L	1	8	9979403465	9979423451	19986	1082.00	621.59	1049.81	622.48	0.55	59.30	0.40	27.36	-917.27	-3116.84	1857.89
Saccade R	1	8	9979403465	9979423451	19986	1082.00	621.59	1049.81	622.48	0.55	59.30	0.40	27.36	-917.27	-3116.84	1857.89
Fixation L	1	10	9979423451	9979583481	160030	1037.50	642.64	19	32	-1	13.91	13.91
Fixation R	1	10	9979423451	9979583481	160030	1037.50	642.64	19	32	-1	13.58	13.58
Saccade L	1	9	9979583481	9979611492	28011	1035.42	652.82	1034.47	611.85	0.87	58.86	0.43	31.18	2297.50	-2198.35	1697.77
Saccade R	1	9	9979583481	9979611492	28011	1035.42	652.82	1034.47	611.85	0.87	58.86	0.43	31.18	2297.50	-2198.35	1697.77
Fixation L	1	11	9979611492	9980443475	831983	1040.52	590.67	30	39	-1	13.81	13.81
Fixation R	1	11	9979611492	9980443475	831983	1040.52	590.67	30	39	-1	13.29	13.29
Saccade L	1	10	9980443475	9980499482	56007	1046.98	573.56	977.88	584.68	2.04	113.08	0.21	36.36	5350.08	-4133.68	2041.65
Saccade R	1	10	9980443475	9980499482	56007	1046.98	573.56	977.88	584.68	2.04	113.08	0.21	36.36	5350.08	-4133.68	2041.65
Fixation L	1	12	9980499482	9980719383	219901	970.62	575.72	24	25	-1	14.03	14.03
Fixation R	1	12	9980499482	9980719383	219901	970.62	575.72	24	25	-1	13.68	13.68
Saccade L	1	11	9980719383	9980787351	67968	958.51	581.53	588.44	500.28	8.66	297.09	0.47	127.39	12790.00	-13381.31	7064.72
Saccade R	1	11	9980719383	9980787351	67968	958.51	581.53	588.44	500.28	8.66	297.09	0.47	127.39	12790.00	-13381.31	7064.72
Fixation L	1	13	9980787351	9980883361	96010	575.03	496.10	26	18	-1	14.14	14.14
Fixation R	1	13	9980787351	9980883361	96010	575.03	496.10	26	18	-1	13.73	13.73
Saccade L	1	12	9980883361	9980951364	68003	565.75	480.96	1025.93	534.74	10.20	398.42	0.29	149.92	19379.33	-13998.92	8742.31
Saccade R	1	12	9980883361	9980951364	68003	565.75	480.96	1025.93	534.74	10.20	398.42	0.29	149.92	19379.33	-13998.92	8742.31
Fixation L	1	14	9980951364	9981091392	140028	1031.75	535.28	21	8	-1	14.13	14.13
Fixation R	1	14	9980951364	9981091392	140028	1031.75	535.28	21	8	-1	13.93	13.93
Saccade L	1	13	9981091392	9981115363	23971	1043.70	528.71	1042.66	487.97	0.83	70.67	0.50	34.77	3054.13	-2666.91	2128.08
Saccade R	1	13	9981091392	9981115363	23971	1043.70	528.71	1042.66	487.97	0.83	70.67	0.50	34.77	3054.13	-2666.91	2128.08
Fixation L	1	15	9981115363	9981191362	75999	1038.80	478.32	6	13	-1	14.02	14.02
Fixation R	1	15	9981115363	9981191362	75999	1038.80	478.32	6	13	-1	13.85	13.85
Saccade L	1	14	9981191362	9981251398	60036	1038.76	478.60	447.13	483.44	12.92	478.34	0.33	215.25	22536.34	-15688.15	12360.19
Saccade R	1	14	9981191362	9981251398	60036	1038.76	478.60	447.13	483.44	12.92	478.34	0.33	215.25	22536.34	-15688.15	12360.19
Fixation L	1	16	9981251398	9981455370	203972	427.73	482.39	26	10	-1	13.88	13.88
Fixation R	1	16	9981251398	9981455370	203972	427.73	482.39	26	10	-1	13.44	13.44
Saccade L	1	15	9981455370	9981487395	32025	421.68	475.66	433.48	546.25	2.10	164.79	0.37	65.73	7072.86	-5908.35	4222.61
Saccade R	1	15	9981455370	9981487395	32025	421.68	475.66	433.48	546.25	2.10	164.79	0.37	65.73	7072.86	-5908.35	4222.61
Fixation L	1	17	9981487395	9981735377	247982	443.74	560.96	17	26	-1	13.80	13.80
Fixation R	1	17	9981487395	9981735377	247982	443.74	560.96	17	26	-1	13.45	13.45
Saccade L	1	16	9981735377	9981791402	56025	435.80	553.69	1049.34	562.54	13.38	430.17	0.36	238.82	21233.29	-15242.86	11975.20
Saccade R	1	16	9981735377	9981791402	56025	435.80	553.69	1049.34	562.54	13.38	430.17	0.36	238.82	21233.29	-15242.86	11975.20
Fixation L	1	18	9981791402	9981983291	191889	1059.61	552.00	16	28	-1	13.87	13.87
Fixation R	1	18	9981791402	9981983291	191889	1059.61	552.00	16	28	-1	14.00	14.00
Saccade L	1	17	9981983291	9982035255	51964	1060.15	548.92	1027.19	512.07	1.54	52.59	0.46	29.62	2068.23	-1474.06	1249.13
Saccade R	1	17	9981983291	9982035255	51964	1060.15	548.92	1027.19	512.07	1.54	52.59	0.46	29.62	2068.23	-1474.06	1249.13
Fixation L	1	19	9982035255	9982151257	116002	1028.66	518.88	20	11	-1	13.90	13.90
Fixation R	1	19	9982035255	9982151257	116002	1028.66	518.88	20	11	-1	13.77	13.77
Saccade L	1	18	9982151257	9982183278	32021	1020.18	520.30	978.50	541.20	1.52	115.25	0.50	47.44	5305.20	-4257.07	2903.71
Saccade R	1	18	9982151257	9982183278	32021	1020.18	520.30	978.50	541.20	1.52	115.25	0.50	47.44	5305.20	-4257.07	2903.71
Fixation L	1	20	9982183278	9982635288	452010	965.27	561.19	25	39	-1	13.56	13.56
Fixation R	1	20	9982183278	9982635288	452010	965.27	561.19	25	39	-1	13.52	13.52
Saccade L	1	19	9982635288	9982679298	44010	967.55	548.77	1031.72	562.32	1.53	93.97	0.27	34.86	4164.93	-3707.97	1980.14
Saccade R	1	19	9982635288	9982679298	44010	967.55	548.77	1031.72	562.32	1.53	93.97	0.27	34.86	4164.93	-3707.97	1980.14
Fixation L	1	21	9982679298	9982803270	123972	1030.73	557.33	9	18	-1	13.69	13.69
Fixation R	1	21	9982679298	9982803270	123972	1030.73	557.33	9	18	-1	13.58	13.58
Saccade L	1	20	9982803270	9982831274	28004	1028.06	548.45	949.98	563.69	1.72	139.12	0.57	61.28	6572.33	-6130.73	4589.74
Saccade R	1	20	9982803270	9982831274	28004	1028.06	548.45	949.98	563.69	1.72	139.12	0.57	61.28	6572.33	-6130.73	4589.74
Fixation L	1	22	9982831274	9983075281	244007	951.74	575.21	17	21	-1	13.85	13.85
Fixation R	1	22	9982831274	9983075281	244007	951.74	575.21	17	21	-1	13.61	13.61
Saccade L	1	21	9983075281	9983127276	51995	945.23	575.38	0.00	0.00	37.73	2580.50	0.77	725.64	81434.13	-107779.56	47933.06
Saccade R	1	21	9983075281	9983127276	51995	945.23	575.38	0.00	0.00	37.73	2580.50	0.77	725.64	81434.13	-107779.56	47933.06
Fixation L	1	23	9983127276	9983663172	535896	0.00	0.00	0	0	-1	13.97	13.97
Fixation R	1	23	9983127276	9983663172	535896	0.00	0.00	0	0	-1	14.13	14.13
Fixation L	1	24	9983743173	9983915179	172006	970.18	577.03	28	18	-1	15.05	15.05
Fixation R	1	24	9983743173	9983915179	172006	970.18	577.03	28	18	-1	15.02	15.02
