[BeGaze]
Converted from:	D:\Kirillov\Results\ermolova_temp\Nikol-eye_data.idf
Date:	17.04.2019 03:54:27
Version:	BeGaze 3.0.181
Sample Rate:	250
Subject:	Nikol
Description:	Run39

Table Header for Fixations:
Event Type	Trial	Number	Start	End	Duration	Location X	Location Y	Dispersion X	Dispersion Y	Plane	Avg. Pupil Size X	Avg. Pupil Size Y

Table Header for Saccades:
Event Type	Trial	Number	Start	End	Duration	Start Loc.X	Start Loc.Y	End Loc.X	End Loc.Y	Amplitude	Peak Speed	Peak Speed At	Average Speed	Peak Accel.	Peak Decel.	Average Accel.

Table Header for User Events:
Event Type	Trial	Number	Start	Description

UserEvent	1	1	8452300933	# Message: Questionnaire8.jpg
Fixation L	1	1	8452301752	8452539836	238084	672.71	544.33	34	40	-1	13.42	13.42
Fixation R	1	1	8452301752	8452539836	238084	672.71	544.33	34	40	-1	15.17	15.17
Saccade L	1	1	8452539836	8452591838	52002	669.35	528.47	477.26	206.71	8.40	409.16	0.31	161.54	19962.03	-15178.24	10360.03
Saccade R	1	1	8452539836	8452591838	52002	669.35	528.47	477.26	206.71	8.40	409.16	0.31	161.54	19962.03	-15178.24	10360.03
Fixation L	1	2	8452591838	8452739845	148007	474.74	203.75	11	7	-1	12.60	12.60
Fixation R	1	2	8452591838	8452739845	148007	474.74	203.75	11	7	-1	14.10	14.10
Saccade L	1	2	8452739845	8452767878	28033	478.66	203.82	378.78	231.70	2.20	172.07	0.43	78.44	7146.92	-6927.00	5109.95
Saccade R	1	2	8452739845	8452767878	28033	478.66	203.82	378.78	231.70	2.20	172.07	0.43	78.44	7146.92	-6927.00	5109.95
Fixation L	1	3	8452767878	8454619792	1851914	363.71	291.25	40	104	-1	12.34	12.34
Fixation R	1	3	8452767878	8454619792	1851914	363.71	291.25	40	104	-1	13.87	13.87
Saccade L	1	3	8454619792	8454643758	23966	363.12	305.54	401.66	298.94	0.78	59.68	0.50	32.43	2488.65	-2182.27	1733.70
Saccade R	1	3	8454619792	8454643758	23966	363.12	305.54	401.66	298.94	0.78	59.68	0.50	32.43	2488.65	-2182.27	1733.70
Fixation L	1	4	8454643758	8454871672	227914	403.86	305.97	12	25	-1	12.16	12.16
Fixation R	1	4	8454643758	8454871672	227914	403.86	305.97	12	25	-1	13.91	13.91
Saccade L	1	4	8454871672	8454891780	20108	399.36	289.83	423.34	296.67	0.55	41.80	0.40	27.16	1727.36	-1399.41	1145.86
Saccade R	1	4	8454871672	8454891780	20108	399.36	289.83	423.34	296.67	0.55	41.80	0.40	27.16	1727.36	-1399.41	1145.86
Fixation L	1	5	8454891780	8455183790	292010	434.86	306.99	16	21	-1	12.16	12.16
Fixation R	1	5	8454891780	8455183790	292010	434.86	306.99	16	21	-1	13.87	13.87
Saccade L	1	5	8455183790	8455227795	44005	428.72	308.50	345.57	299.12	4.09	241.48	0.36	92.93	10744.72	-6306.86	5333.79
Saccade R	1	5	8455183790	8455227795	44005	428.72	308.50	345.57	299.12	4.09	241.48	0.36	92.93	10744.72	-6306.86	5333.79
Fixation L	1	6	8455227795	8456063665	835870	346.72	301.54	41	20	-1	12.05	12.05
Fixation R	1	6	8455227795	8456063665	835870	346.72	301.54	41	20	-1	13.68	13.68
UserEvent	1	2	8455845386	# Message: UE-mouseclick left x=360 y=340
Fixation L	1	7	8456139668	8456563672	424004	0.00	0.00	0	0	-1	12.01	12.01
Fixation R	1	7	8456139668	8456563672	424004	0.00	0.00	0	0	-1	13.67	13.67
Fixation L	1	8	8456675674	8456899555	223881	388.75	343.70	30	20	-1	12.75	12.75
Fixation R	1	8	8456675674	8456899555	223881	388.75	343.70	30	20	-1	14.34	14.34
