[BeGaze]
Converted from:	D:\Kirillov\Results\ermolova_temp\Kate-eye_data.idf
Date:	17.04.2019 03:52:27
Version:	BeGaze 3.0.181
Sample Rate:	250
Subject:	Kate
Description:	Run6

Table Header for Fixations:
Event Type	Trial	Number	Start	End	Duration	Location X	Location Y	Dispersion X	Dispersion Y	Plane	Avg. Pupil Size X	Avg. Pupil Size Y

Table Header for Saccades:
Event Type	Trial	Number	Start	End	Duration	Start Loc.X	Start Loc.Y	End Loc.X	End Loc.Y	Amplitude	Peak Speed	Peak Speed At	Average Speed	Peak Accel.	Peak Decel.	Average Accel.

Table Header for User Events:
Event Type	Trial	Number	Start	Description

UserEvent	1	1	3886868535	# Message: experiment-12.jpg
Fixation L	1	1	3886868619	3887176579	307960	458.09	444.30	13	20	-1	17.30	17.30
Fixation R	1	1	3886868619	3887176579	307960	458.09	444.30	13	20	-1	15.59	15.59
Saccade L	1	1	3887364620	3887420472	55852	864.47	445.74	963.33	481.65	2.67	123.05	0.29	47.79	5649.92	-5074.76	2698.27
Saccade R	1	1	3887364620	3887420472	55852	864.47	445.74	963.33	481.65	2.67	123.05	0.29	47.79	5649.92	-5074.76	2698.27
Fixation L	1	2	3887420472	3887684485	264013	964.23	470.77	20	28	-1	14.02	14.02
Fixation R	1	2	3887420472	3887684485	264013	964.23	470.77	20	28	-1	13.02	13.02
Saccade L	1	2	3887684485	3887768465	83980	974.36	455.60	444.91	57.01	14.67	321.61	0.52	174.73	14597.90	-11448.60	6409.54
Saccade R	1	2	3887684485	3887768465	83980	974.36	455.60	444.91	57.01	14.67	321.61	0.52	174.73	14597.90	-11448.60	6409.54
Fixation L	1	3	3887768465	3888040499	272034	443.09	77.80	14	50	-1	14.10	14.10
Fixation R	1	3	3887768465	3888040499	272034	443.09	77.80	14	50	-1	12.84	12.84
Saccade L	1	3	3888040499	3888152466	111967	448.16	93.84	1099.05	459.75	17.13	429.82	0.21	152.95	20008.63	-8758.11	6185.17
Saccade R	1	3	3888040499	3888152466	111967	448.16	93.84	1099.05	459.75	17.13	429.82	0.21	152.95	20008.63	-8758.11	6185.17
Fixation L	1	4	3888152466	3888280476	128010	1092.59	457.01	11	9	-1	14.01	14.01
Fixation R	1	4	3888152466	3888280476	128010	1092.59	457.01	11	9	-1	13.25	13.25
Saccade L	1	4	3888280476	3888340471	59995	1092.65	452.43	1143.31	454.49	1.64	89.14	0.67	27.40	3531.53	-3079.19	1321.01
Saccade R	1	4	3888280476	3888340471	59995	1092.65	452.43	1143.31	454.49	1.64	89.14	0.67	27.40	3531.53	-3079.19	1321.01
Fixation L	1	5	3888340471	3888520469	179998	1161.00	444.71	25	35	-1	14.17	14.17
Fixation R	1	5	3888340471	3888520469	179998	1161.00	444.71	25	35	-1	13.37	13.37
Saccade L	1	5	3888520469	3888544484	24015	1169.15	420.38	1170.53	465.64	0.85	69.48	0.50	35.26	2616.01	-3047.84	2075.11
Saccade R	1	5	3888520469	3888544484	24015	1169.15	420.38	1170.53	465.64	0.85	69.48	0.50	35.26	2616.01	-3047.84	2075.11
Fixation L	1	6	3888544484	3888680489	136005	1174.50	474.11	12	19	-1	14.14	14.14
Fixation R	1	6	3888544484	3888680489	136005	1174.50	474.11	12	19	-1	13.03	13.03
Saccade L	1	6	3888680489	3888712477	31988	1167.21	477.81	1150.09	537.35	1.28	87.58	0.63	40.10	3979.71	-3896.38	2796.79
Saccade R	1	6	3888680489	3888712477	31988	1167.21	477.81	1150.09	537.35	1.28	87.58	0.63	40.10	3979.71	-3896.38	2796.79
Fixation L	1	7	3888712477	3889084362	371885	645.89	315.07	1261	1154	-1	11.75	11.76
Fixation R	1	7	3888712477	3888884356	171879	1141.22	538.14	22	15	-1	13.14	13.14
Saccade L	1	7	3889084362	3889176361	91999	0.00	0.00	428.96	125.42	17.73	591.24	0.44	192.67	27527.88	-23451.57	10341.79
Fixation L	1	8	3889176361	3889412389	236028	432.36	168.21	24	74	-1	15.00	15.00
Fixation R	1	8	3889176361	3889412389	236028	432.36	168.21	24	74	-1	13.32	13.32
Saccade L	1	8	3889412389	3889444370	31981	426.83	196.70	480.05	140.70	1.89	139.25	0.62	59.22	6523.65	-6223.43	4513.42
Saccade R	1	7	3889412389	3889444370	31981	426.83	196.70	480.05	140.70	1.89	139.25	0.62	59.22	6523.65	-6223.43	4513.42
Fixation L	1	9	3889444370	3889664384	220014	490.47	146.33	21	32	-1	15.25	15.25
Fixation R	1	9	3889444370	3889664384	220014	490.47	146.33	21	32	-1	13.85	13.85
Saccade L	1	9	3889664384	3889736386	72002	498.32	158.29	1062.96	564.75	15.54	434.77	0.28	215.89	21024.46	-12370.83	8756.38
Saccade R	1	8	3889664384	3889736386	72002	498.32	158.29	1062.96	564.75	15.54	434.77	0.28	215.89	21024.46	-12370.83	8756.38
Fixation L	1	10	3889736386	3890124384	387998	1100.56	556.62	60	41	-1	15.32	15.32
Fixation R	1	10	3889736386	3890124384	387998	1100.56	556.62	60	41	-1	14.09	14.09
Saccade L	1	10	3890124384	3890156365	31981	1116.50	540.82	1089.11	481.14	1.45	108.51	0.37	45.29	4685.58	-4112.77	2697.92
Saccade R	1	9	3890124384	3890156365	31981	1116.50	540.82	1089.11	481.14	1.45	108.51	0.37	45.29	4685.58	-4112.77	2697.92
Fixation L	1	11	3890156365	3890412257	255892	1067.03	451.16	32	46	-1	14.50	14.50
Fixation R	1	11	3890156365	3890412257	255892	1067.03	451.16	32	46	-1	13.35	13.35
Saccade L	1	11	3890412257	3890504259	92002	1062.09	440.89	415.42	80.13	17.13	338.47	0.44	186.17	15157.08	-10548.33	6309.75
Saccade R	1	10	3890412257	3890504259	92002	1062.09	440.89	415.42	80.13	17.13	338.47	0.44	186.17	15157.08	-10548.33	6309.75
Fixation L	1	12	3890504259	3890836272	332013	445.53	131.89	44	76	-1	14.87	14.87
Fixation R	1	12	3890504259	3890836272	332013	445.53	131.89	44	76	-1	13.13	13.13
Saccade L	1	12	3890836272	3890888265	51993	447.78	155.19	481.81	270.41	2.99	179.93	0.31	57.51	8339.16	-7985.02	4147.40
Saccade R	1	11	3890836272	3890888265	51993	447.78	155.19	481.81	270.41	2.99	179.93	0.31	57.51	8339.16	-7985.02	4147.40
Fixation L	1	13	3890888265	3891172286	284021	485.56	280.94	17	22	-1	15.44	15.44
Fixation R	1	13	3890888265	3891172286	284021	485.56	280.94	17	22	-1	13.89	13.89
Saccade L	1	13	3891172286	3891252270	79984	489.04	292.72	1106.38	463.95	14.36	355.32	0.25	179.59	17570.81	-9274.24	6931.16
Saccade R	1	12	3891172286	3891252270	79984	489.04	292.72	1106.38	463.95	14.36	355.32	0.25	179.59	17570.81	-9274.24	6931.16
Fixation L	1	14	3891252270	3891640283	388013	1114.54	481.42	32	26	-1	15.71	15.71
Fixation R	1	14	3891252270	3891640283	388013	1114.54	481.42	32	26	-1	14.33	14.33
Saccade L	1	14	3891640283	3891676134	35851	1132.61	483.62	1063.81	498.79	1.96	149.42	0.33	54.62	6466.81	-5885.69	3673.72
Saccade R	1	13	3891640283	3891676134	35851	1132.61	483.62	1063.81	498.79	1.96	149.42	0.33	54.62	6466.81	-5885.69	3673.72
Fixation L	1	15	3891676134	3891872151	196017	1069.22	511.94	12	20	-1	15.46	15.46
Fixation R	1	15	3891676134	3891872151	196017	1069.22	511.94	12	20	-1	13.56	13.56
Saccade L	1	15	3891872151	3891908144	35993	1073.29	517.17	1072.20	449.29	1.40	79.57	0.44	38.89	3623.22	-3270.03	2437.27
Saccade R	1	14	3891872151	3891908144	35993	1073.29	517.17	1072.20	449.29	1.40	79.57	0.44	38.89	3623.22	-3270.03	2437.27
Fixation L	1	16	3891908144	3892024140	115996	1077.01	449.48	10	8	-1	15.21	15.21
Fixation R	1	16	3891908144	3892024140	115996	1077.01	449.48	10	8	-1	13.57	13.57
Saccade L	1	16	3892024140	3892048147	24007	1080.25	449.64	1128.68	446.05	0.92	83.40	0.50	38.37	3347.03	-3192.73	2412.06
Saccade R	1	15	3892024140	3892048147	24007	1080.25	449.64	1128.68	446.05	0.92	83.40	0.50	38.37	3347.03	-3192.73	2412.06
Fixation L	1	17	3892048147	3892172164	124017	1128.73	437.47	27	21	-1	15.01	15.01
Fixation R	1	17	3892048147	3892172164	124017	1128.73	437.47	27	21	-1	13.50	13.50
Saccade L	1	17	3892388184	3892432161	43977	1036.14	491.89	1198.92	504.61	3.59	292.35	0.27	81.53	11684.00	-11125.11	5711.79
Saccade R	1	16	3892388184	3892432161	43977	1036.14	491.89	1198.92	504.61	3.59	292.35	0.27	81.53	11684.00	-11125.11	5711.79
Fixation L	1	18	3892432161	3892656162	224001	1155.11	522.59	71	26	-1	15.18	15.18
Fixation R	1	18	3892432161	3892656162	224001	1155.11	522.59	71	26	-1	13.33	13.33
Saccade L	1	18	3892656162	3892724075	67913	1134.50	524.00	1063.13	499.02	3.01	148.20	0.24	44.39	6632.93	-4723.66	2360.68
Saccade R	1	17	3892656162	3892724075	67913	1134.50	524.00	1063.13	499.02	3.01	148.20	0.24	44.39	6632.93	-4723.66	2360.68
Fixation L	1	19	3892724075	3892836161	112086	1068.90	507.53	14	34	-1	15.52	15.52
Fixation R	1	19	3892724075	3892836161	112086	1068.90	507.53	14	34	-1	13.39	13.39
Saccade L	1	19	3892836161	3892924181	88020	1061.54	517.65	454.88	320.03	14.54	331.56	0.27	165.22	15241.72	-13470.74	6164.61
Saccade R	1	18	3892836161	3892924181	88020	1061.54	517.65	454.88	320.03	14.54	331.56	0.27	165.22	15241.72	-13470.74	6164.61
Fixation L	1	20	3892924181	3893144045	219864	452.38	320.36	34	24	-1	15.53	15.53
Fixation R	1	20	3892924181	3893144045	219864	452.38	320.36	34	24	-1	13.20	13.20
Saccade L	1	20	3893144045	3893180042	35997	444.59	311.28	453.11	228.18	1.92	151.07	0.67	53.27	6173.37	-6283.10	3771.53
Saccade R	1	19	3893144045	3893180042	35997	444.59	311.28	453.11	228.18	1.92	151.07	0.67	53.27	6173.37	-6283.10	3771.53
Fixation L	1	21	3893180042	3893400029	219987	452.21	223.31	18	20	-1	15.11	15.11
Fixation R	1	21	3893180042	3893400029	219987	452.21	223.31	18	20	-1	13.27	13.27
Saccade L	1	21	3893400029	3893428085	28056	450.13	234.19	456.89	200.07	0.78	57.06	0.43	27.62	2727.27	-2371.79	1858.41
Saccade R	1	20	3893400029	3893428085	28056	450.13	234.19	456.89	200.07	0.78	57.06	0.43	27.62	2727.27	-2371.79	1858.41
Fixation L	1	22	3893428085	3893592061	163976	466.46	182.89	21	29	-1	15.09	15.09
Fixation R	1	22	3893428085	3893592061	163976	466.46	182.89	21	29	-1	13.28	13.28
Saccade L	1	22	3893592061	3893628035	35974	454.72	180.04	479.30	191.70	0.84	42.89	0.67	23.41	1007.99	-1293.40	722.14
Saccade R	1	21	3893592061	3893628035	35974	454.72	180.04	479.30	191.70	0.84	42.89	0.67	23.41	1007.99	-1293.40	722.14
Saccade L	1	23	3893640071	3893732042	91971	469.53	193.32	1093.20	434.85	15.15	413.38	0.22	164.73	19839.07	-11277.48	7172.45
Saccade R	1	22	3893640071	3893732042	91971	469.53	193.32	1093.20	434.85	15.15	413.38	0.22	164.73	19839.07	-11277.48	7172.45
Fixation L	1	23	3893732042	3894144058	412016	1092.08	440.58	46	25	-1	15.30	15.30
Fixation R	1	23	3893732042	3894144058	412016	1092.08	440.58	46	25	-1	13.71	13.71
Saccade L	1	24	3894144058	3894172055	27997	1074.90	435.92	963.82	441.73	2.21	179.17	0.57	79.01	7692.35	-7442.66	5638.25
Saccade R	1	23	3894144058	3894172055	27997	1074.90	435.92	963.82	441.73	2.21	179.17	0.57	79.01	7692.35	-7442.66	5638.25
Fixation L	1	24	3894172055	3894368057	196002	952.21	456.21	29	21	-1	15.38	15.38
Fixation R	1	24	3894172055	3894368057	196002	952.21	456.21	29	21	-1	13.31	13.31
Saccade L	1	25	3894368057	3894396059	28002	940.68	460.53	916.64	468.31	0.60	42.21	0.57	21.31	1719.76	-1674.36	1221.11
Saccade R	1	24	3894368057	3894396059	28002	940.68	460.53	916.64	468.31	0.60	42.21	0.57	21.31	1719.76	-1674.36	1221.11
Fixation L	1	25	3894396059	3894527919	131860	906.84	467.75	16	17	-1	15.42	15.42
Fixation R	1	25	3894396059	3894667990	271931	530.79	284.82	1014	1063	-1	9.43	9.43
Saccade L	1	26	3894527919	3894567949	40030	901.67	453.87	0.00	0.00	25.95	2125.66	0.70	648.34	85168.49	-90153.93	50726.28
Fixation L	1	26	3894567949	3894667990	100041	0.00	0.00	0	0	-1	6.08	6.08
