[BeGaze]
Converted from:	D:\Kirillov\Results\ermolova_temp\Dima-eye_data.idf
Date:	17.04.2019 03:53:56
Version:	BeGaze 3.0.181
Sample Rate:	250
Subject:	Dima
Description:	Run33

Table Header for Fixations:
Event Type	Trial	Number	Start	End	Duration	Location X	Location Y	Dispersion X	Dispersion Y	Plane	Avg. Pupil Size X	Avg. Pupil Size Y

Table Header for Saccades:
Event Type	Trial	Number	Start	End	Duration	Start Loc.X	Start Loc.Y	End Loc.X	End Loc.Y	Amplitude	Peak Speed	Peak Speed At	Average Speed	Peak Accel.	Peak Decel.	Average Accel.

Table Header for User Events:
Event Type	Trial	Number	Start	Description

UserEvent	1	1	752131224	# Message: experiment-10.jpg
Fixation L	1	1	752133225	752249240	116015	397.90	460.02	30	26	-1	15.26	15.26
Fixation R	1	1	752133225	752249240	116015	397.90	460.02	30	26	-1	15.83	15.83
Saccade L	1	1	752249240	752305223	55983	392.13	452.21	884.30	591.47	11.15	485.50	0.43	199.19	22273.86	-20503.65	13051.54
Saccade R	1	1	752249240	752305223	55983	392.13	452.21	884.30	591.47	11.15	485.50	0.43	199.19	22273.86	-20503.65	13051.54
Fixation L	1	2	752305223	752445231	140008	869.63	562.10	26	47	-1	14.89	14.89
Fixation R	1	2	752305223	752445231	140008	869.63	562.10	26	47	-1	15.72	15.72
Saccade L	1	2	752445231	752501246	56015	859.87	558.70	717.63	729.72	5.01	263.16	0.21	89.47	12501.31	-10836.55	5623.71
Saccade R	1	2	752445231	752501246	56015	859.87	558.70	717.63	729.72	5.01	263.16	0.21	89.47	12501.31	-10836.55	5623.71
Fixation L	1	3	752501246	752633175	131929	716.95	720.57	7	30	-1	14.67	14.67
Fixation R	1	3	752501246	752633175	131929	716.95	720.57	7	30	-1	15.40	15.40
Saccade L	1	3	752633175	752685138	51963	723.15	703.65	675.55	397.90	6.71	237.69	0.31	129.15	11141.48	-8957.14	6665.62
Saccade R	1	3	752633175	752685138	51963	723.15	703.65	675.55	397.90	6.71	237.69	0.31	129.15	11141.48	-8957.14	6665.62
Fixation L	1	4	752685138	752745183	60045	680.43	409.80	19	28	-1	14.26	14.26
Fixation R	1	4	752685138	752745183	60045	680.43	409.80	19	28	-1	14.86	14.86
Saccade L	1	4	752745183	752821112	75929	690.07	425.78	1247.11	348.50	13.79	488.41	0.37	181.56	22982.81	-21218.94	10718.99
Saccade R	1	4	752745183	752821112	75929	690.07	425.78	1247.11	348.50	13.79	488.41	0.37	181.56	22982.81	-21218.94	10718.99
Fixation L	1	5	752821112	753017148	196036	1207.14	361.75	61	34	-1	13.45	13.45
Fixation R	1	5	752821112	753017148	196036	1207.14	361.75	61	34	-1	14.32	14.32
Saccade L	1	5	753017148	753157126	139978	1183.75	375.62	1233.83	467.03	12.45	231.05	0.46	88.95	6929.53	-4399.29	2422.28
Saccade R	1	5	753017148	753157126	139978	1183.75	375.62	1233.83	467.03	12.45	231.05	0.46	88.95	6929.53	-4399.29	2422.28
Saccade L	1	6	753157126	753177142	20016	1233.83	467.03	1212.80	365.65	1.78	179.23	0.60	89.17	4141.46	-5275.20	3181.52
Saccade R	1	6	753157126	753177142	20016	1233.83	467.03	1212.80	365.65	1.78	179.23	0.60	89.17	4141.46	-5275.20	3181.52
Saccade R	1	7	753177142	753229158	52016	1212.80	365.65	1203.14	353.79	3.00	141.24	0.54	57.68	5653.01	-5275.20	2419.89
Fixation L	1	6	753374045	753462886	88841	0.00	0.00	0	0	-1	14.82	14.72
Saccade L	1	7	753709133	753749142	40009	670.12	963.21	741.27	849.43	3.35	207.07	0.30	83.64	3735.84	-59033.99	10710.06
Saccade R	1	8	753709133	753749142	40009	670.12	963.21	741.27	849.43	3.35	207.07	0.30	83.64	3735.84	-59033.99	10710.06
Fixation L	1	7	753749142	753817162	68020	739.91	845.48	6	18	-1	13.90	13.90
Fixation R	1	6	753749142	753817162	68020	739.91	845.48	6	18	-1	14.66	14.66
Saccade L	1	8	753817162	753857155	39993	740.50	840.16	719.02	872.66	1.26	49.02	0.70	31.48	2533.84	-1582.33	1103.60
Saccade R	1	9	753817162	753857155	39993	740.50	840.16	719.02	872.66	1.26	49.02	0.70	31.48	2533.84	-1582.33	1103.60
Saccade L	1	9	753857155	753905142	47987	719.02	872.66	760.04	717.94	3.56	203.98	0.33	74.24	8103.70	-6138.59	4023.42
Saccade R	1	10	753857155	753905142	47987	719.02	872.66	760.04	717.94	3.56	203.98	0.33	74.24	8103.70	-6138.59	4023.42
Saccade L	1	10	753917045	753945142	28097	764.35	720.32	759.26	759.79	0.76	42.56	0.29	27.00	1308.35	-1457.43	973.35
Saccade R	1	11	753917045	753945142	28097	764.35	720.32	759.26	759.79	0.76	42.56	0.29	27.00	1308.35	-1457.43	973.35
Fixation L	1	8	753945142	754021047	75905	750.18	765.52	20	29	-1	14.14	14.14
Fixation R	1	7	753945142	754021047	75905	750.18	765.52	20	29	-1	14.78	14.78
Saccade L	1	11	754021047	754069012	47965	739.11	763.31	772.22	815.96	1.48	50.17	0.33	30.76	1888.58	-1231.09	805.52
Saccade R	1	12	754021047	754069012	47965	739.11	763.31	772.22	815.96	1.48	50.17	0.33	30.76	1888.58	-1231.09	805.52
Saccade L	1	12	754097042	754117052	20010	773.05	801.68	790.89	788.18	0.49	40.13	0.61	24.47	1443.59	-960.85	772.45
Saccade R	1	13	754097042	754117052	20010	773.05	801.68	790.89	788.18	0.49	40.13	0.61	24.47	1443.59	-960.85	772.45
Saccade L	1	13	754165045	754225018	59973	777.49	803.89	994.89	392.45	10.25	311.49	0.27	170.91	14651.25	-11737.45	8472.79
Saccade R	1	14	754165045	754225018	59973	777.49	803.89	994.89	392.45	10.25	311.49	0.27	170.91	14651.25	-11737.45	8472.79
Fixation L	1	9	754225018	754353034	128016	985.81	407.05	17	23	-1	14.17	14.17
Fixation R	1	8	754225018	754353034	128016	985.81	407.05	17	23	-1	15.06	15.06
Saccade L	1	14	754353034	754393033	39999	982.47	407.63	1216.52	347.69	5.09	228.42	0.30	127.17	11275.17	-9846.63	7743.61
Saccade R	1	15	754353034	754393033	39999	982.47	407.63	1216.52	347.69	5.09	228.42	0.30	127.17	11275.17	-9846.63	7743.61
Fixation L	1	10	754393033	754565032	171999	1199.97	338.08	26	17	-1	14.17	14.17
Fixation R	1	9	754393033	754565032	171999	1199.97	338.08	26	17	-1	15.18	15.18
Saccade L	1	15	754565032	754589088	24056	1193.09	338.10	1223.41	349.97	0.70	49.44	0.50	29.28	2035.25	-1620.71	1321.09
Saccade R	1	16	754565032	754589088	24056	1193.09	338.10	1223.41	349.97	0.70	49.44	0.50	29.28	2035.25	-1620.71	1321.09
Fixation L	1	11	754589088	754809045	219957	1235.79	348.85	30	21	-1	14.31	14.31
Fixation R	1	10	754589088	754809045	219957	1235.79	348.85	30	21	-1	15.43	15.43
Saccade L	1	16	754809045	754833062	24017	1217.95	362.23	1250.68	352.05	0.68	46.52	0.50	28.26	1773.09	-1194.53	1059.35
Saccade R	1	17	754809045	754833062	24017	1217.95	362.23	1250.68	352.05	0.68	46.52	0.50	28.26	1773.09	-1194.53	1059.35
Fixation L	1	12	754833062	755037043	203981	1263.52	353.24	28	19	-1	14.23	14.23
Fixation R	1	11	754833062	755037043	203981	1263.52	353.24	28	19	-1	15.41	15.41
Saccade L	1	17	755037043	755129037	91994	1269.04	360.16	804.79	886.78	18.50	613.23	0.30	201.07	27398.75	-19906.82	10802.10
Saccade R	1	18	755037043	755129037	91994	1269.04	360.16	804.79	886.78	18.50	613.23	0.30	201.07	27398.75	-19906.82	10802.10
Fixation L	1	13	755129037	755508948	379911	866.28	817.21	132	104	-1	14.49	14.49
Fixation R	1	12	755129037	755508948	379911	866.28	817.21	132	104	-1	15.36	15.36
Fixation R	1	13	755572950	756196937	623987	13.05	11.89	1186	951	-1	14.52	14.51
Fixation L	1	14	755604934	756196937	592003	0.00	0.00	0	0	-1	14.17	14.16
Saccade L	1	18	756292951	756324936	31985	720.05	660.46	714.53	692.30	1.02	55.52	0.63	31.89	1408.55	-4519.92	1584.09
Saccade R	1	19	756292951	756324936	31985	720.05	660.46	714.53	692.30	1.02	55.52	0.63	31.89	1408.55	-4519.92	1584.09
Fixation L	1	15	756324936	756388967	64031	722.60	714.06	24	34	-1	15.79	15.79
Fixation R	1	14	756324936	756388967	64031	722.60	714.06	24	34	-1	16.18	16.18
Saccade L	1	19	756388967	756440966	51999	727.46	722.08	682.44	841.55	3.71	189.53	0.38	71.30	8559.57	-6043.44	4057.49
Saccade R	1	20	756388967	756440966	51999	727.46	722.08	682.44	841.55	3.71	189.53	0.38	71.30	8559.57	-6043.44	4057.49
Saccade L	1	20	756488953	756512965	24012	664.18	813.72	711.24	817.46	0.72	44.74	0.50	29.81	725.24	-674.87	470.95
Saccade R	1	21	756488953	756512965	24012	664.18	813.72	711.24	817.46	0.72	44.74	0.50	29.81	725.24	-674.87	470.95
Saccade L	1	21	756512965	756532969	20004	711.24	817.46	682.25	833.22	0.59	47.81	0.40	29.30	493.17	-2123.67	779.87
Saccade R	1	22	756512965	756532969	20004	711.24	817.46	682.25	833.22	0.59	47.81	0.40	29.30	493.17	-2123.67	779.87
Fixation L	1	16	756532969	756688975	156006	690.69	827.71	35	18	-1	15.91	15.91
Fixation R	1	15	756532969	756688975	156006	690.69	827.71	35	18	-1	16.61	16.61
