[BeGaze]
Converted from:	D:\Kirillov\Results\ermolova_temp\sasha-eye_data.idf
Date:	17.04.2019 03:52:36
Version:	BeGaze 3.0.181
Sample Rate:	250
Subject:	sasha
Description:	Run9

Table Header for Fixations:
Event Type	Trial	Number	Start	End	Duration	Location X	Location Y	Dispersion X	Dispersion Y	Plane	Avg. Pupil Size X	Avg. Pupil Size Y

Table Header for Saccades:
Event Type	Trial	Number	Start	End	Duration	Start Loc.X	Start Loc.Y	End Loc.X	End Loc.Y	Amplitude	Peak Speed	Peak Speed At	Average Speed	Peak Accel.	Peak Decel.	Average Accel.

Table Header for User Events:
Event Type	Trial	Number	Start	Description

UserEvent	1	1	985335914	# Message: experiment-09.jpg
Fixation L	1	1	985346851	985450867	104016	791.01	279.79	48	15	-1	17.84	17.84
Fixation R	1	1	985346851	985450867	104016	791.01	279.79	48	15	-1	16.92	16.92
Saccade L	1	1	985450867	985474881	24014	786.48	276.89	720.74	269.99	1.33	128.00	0.50	55.24	4972.26	-4980.00	3695.82
Saccade R	1	1	985450867	985474881	24014	786.48	276.89	720.74	269.99	1.33	128.00	0.50	55.24	4972.26	-4980.00	3695.82
Fixation L	1	2	985474881	985542893	68012	714.66	276.42	9	31	-1	17.76	17.76
Fixation R	1	2	985474881	985542893	68012	714.66	276.42	9	31	-1	16.98	16.98
Saccade L	1	2	985542893	985574883	31990	716.84	277.08	698.48	323.01	0.93	62.45	0.25	28.93	2120.32	-2431.42	1455.43
Saccade R	1	2	985542893	985574883	31990	716.84	277.08	698.48	323.01	0.93	62.45	0.25	28.93	2120.32	-2431.42	1455.43
Fixation L	1	3	985574883	985634857	59974	696.90	320.09	26	6	-1	17.51	17.51
Fixation R	1	3	985574883	985634857	59974	696.90	320.09	26	6	-1	16.52	16.52
Saccade L	1	3	985842856	985922890	80034	756.17	655.48	805.93	690.85	4.29	178.35	0.40	53.63	4985.74	-4765.89	1943.42
Saccade R	1	3	985842856	985922890	80034	756.17	655.48	805.93	690.85	4.29	178.35	0.40	53.63	4985.74	-4765.89	1943.42
Saccade L	1	4	985922890	985994883	71993	805.93	690.85	1110.64	450.35	10.60	449.28	0.33	147.29	21612.53	-18397.13	9522.18
Saccade R	1	4	985922890	985994883	71993	805.93	690.85	1110.64	450.35	10.60	449.28	0.33	147.29	21612.53	-18397.13	9522.18
Saccade L	1	5	985994883	986018874	23991	1110.64	450.35	1017.08	456.19	2.13	194.26	0.50	88.84	5926.73	-7926.16	5159.78
Saccade R	1	5	985994883	986018874	23991	1110.64	450.35	1017.08	456.19	2.13	194.26	0.50	88.84	5926.73	-7926.16	5159.78
Fixation L	1	4	986018874	986094860	75986	1004.88	450.34	28	13	-1	15.71	15.71
Fixation R	1	4	986018874	986094860	75986	1004.88	450.34	28	13	-1	15.01	15.01
Saccade L	1	6	986094860	986130863	36003	990.73	444.57	0.00	0.00	23.13	2097.01	0.67	642.47	87253.21	-88154.94	53264.49
Saccade R	1	6	986094860	986130863	36003	990.73	444.57	0.00	0.00	23.13	2097.01	0.67	642.47	87253.21	-88154.94	53264.49
Fixation R	1	5	986130863	986318872	188009	137.17	68.16	1185	761	-1	7.41	7.41
Saccade L	1	7	986470876	986566860	95984	1052.95	346.31	782.37	665.05	9.37	452.24	0.25	97.65	21229.49	-19446.73	6628.71
Saccade R	1	7	986470876	986566860	95984	1052.95	346.31	782.37	665.05	9.37	452.24	0.25	97.65	21229.49	-19446.73	6628.71
Fixation L	1	5	986566860	986698757	131897	768.96	665.93	22	8	-1	15.82	15.82
Fixation R	1	6	986566860	986698757	131897	768.96	665.93	22	8	-1	14.93	14.93
Saccade L	1	8	986698757	986770741	71984	766.86	661.25	1084.36	340.44	10.54	518.32	0.28	146.46	24898.59	-21672.55	10467.79
Saccade R	1	8	986698757	986770741	71984	766.86	661.25	1084.36	340.44	10.54	518.32	0.28	146.46	24898.59	-21672.55	10467.79
Fixation L	1	6	986770741	986922761	152020	1075.25	348.36	17	14	-1	16.04	16.04
Fixation R	1	7	986770741	986922761	152020	1075.25	348.36	17	14	-1	15.27	15.27
Saccade R	1	9	986922761	986962741	39980	1085.10	353.50	0.00	0.00	25.29	2268.45	0.70	632.69	86007.48	-97392.37	48665.96
Fixation R	1	8	986962741	987042764	80023	0.00	0.00	0	0	-1	5.76	5.76
Fixation L	1	7	987118733	987186764	68031	0.00	0.00	0	0	-1	1.22	1.22
Fixation L	1	8	987310744	987478746	168002	912.96	317.99	32	24	-1	16.11	16.11
Fixation R	1	9	987310744	987478746	168002	912.96	317.99	32	24	-1	15.17	15.17
Saccade L	1	9	987478746	987534756	56010	915.86	324.18	684.62	356.78	5.45	279.74	0.36	97.35	13203.05	-12326.63	6976.39
Saccade R	1	10	987478746	987534756	56010	915.86	324.18	684.62	356.78	5.45	279.74	0.36	97.35	13203.05	-12326.63	6976.39
Fixation L	1	9	987534756	987686743	151987	683.53	352.09	12	6	-1	16.73	16.73
Fixation R	1	10	987534756	987686743	151987	683.53	352.09	12	6	-1	15.65	15.65
Saccade L	1	10	987686743	987746746	60003	686.81	352.07	925.32	398.49	5.43	302.01	0.33	90.43	14306.09	-13810.09	6708.19
Saccade R	1	11	987686743	987746746	60003	686.81	352.07	925.32	398.49	5.43	302.01	0.33	90.43	14306.09	-13810.09	6708.19
Fixation L	1	10	987746746	987882753	136007	928.26	399.98	21	8	-1	16.62	16.62
Fixation R	1	11	987746746	987882753	136007	928.26	399.98	21	8	-1	15.74	15.74
Saccade L	1	11	987882753	987906768	24015	941.63	394.72	941.59	401.96	0.62	46.43	0.50	25.94	2063.11	-109.15	1036.52
Saccade R	1	12	987882753	987906768	24015	941.63	394.72	941.59	401.96	0.62	46.43	0.50	25.94	2063.11	-109.15	1036.52
Saccade L	1	12	987906768	987938750	31982	941.59	401.96	878.31	410.49	1.20	94.95	0.25	37.44	2063.11	-2965.53	1381.90
Saccade R	1	13	987906768	987938750	31982	941.59	401.96	878.31	410.49	1.20	94.95	0.25	37.44	2063.11	-2965.53	1381.90
Saccade L	1	13	987938750	987998666	59916	878.31	410.49	1075.79	315.56	6.14	279.36	0.40	102.52	13005.15	-8486.68	5787.44
Saccade R	1	14	987938750	987998666	59916	878.31	410.49	1075.79	315.56	6.14	279.36	0.40	102.52	13005.15	-8486.68	5787.44
Saccade L	1	14	988018748	988158652	139904	1075.39	296.42	822.88	646.79	27.83	888.92	0.49	198.89	38317.41	-33973.18	10667.78
Saccade R	1	15	988018748	988158652	139904	1075.39	296.42	822.88	646.79	27.83	888.92	0.49	198.89	38317.41	-33973.18	10667.78
Fixation L	1	11	988158652	988242627	83975	804.62	660.18	32	42	-1	17.16	17.16
Fixation R	1	12	988158652	988242627	83975	804.62	660.18	32	42	-1	14.56	14.56
Saccade L	1	15	988242627	988290645	48018	790.07	653.74	804.06	707.00	1.81	118.61	0.33	37.59	4623.24	-4047.09	2113.78
Saccade R	1	16	988242627	988290645	48018	790.07	653.74	804.06	707.00	1.81	118.61	0.33	37.59	4623.24	-4047.09	2113.78
Saccade L	1	16	988290645	988378639	87994	804.06	707.00	731.37	716.41	4.51	179.48	0.50	51.21	4803.00	-6127.55	2105.75
Saccade R	1	17	988290645	988378639	87994	804.06	707.00	731.37	716.41	4.51	179.48	0.50	51.21	4803.00	-6127.55	2105.75
Fixation L	1	12	988378639	988526636	147997	726.39	731.69	31	37	-1	17.17	17.17
Fixation R	1	13	988378639	988526636	147997	726.39	731.69	31	37	-1	14.60	14.60
Fixation L	1	13	988774627	988862653	88026	0.00	0.00	0	0	-1	0.53	0.53
Fixation R	1	14	988774627	988862653	88026	0.00	0.00	0	0	-1	3.73	3.73
Saccade L	1	17	988942592	989006642	64050	935.10	283.75	1126.25	323.08	4.80	170.59	0.31	75.01	7236.61	-7182.84	3698.77
Saccade R	1	18	988942592	989006642	64050	935.10	283.75	1126.25	323.08	4.80	170.59	0.31	75.01	7236.61	-7182.84	3698.77
Fixation L	1	14	989006642	989202636	195994	1099.47	352.88	41	59	-1	16.49	16.49
Fixation R	1	15	989006642	989202636	195994	1099.47	352.88	41	59	-1	16.19	16.19
Saccade L	1	18	989202636	989230656	28020	1120.90	382.87	1102.85	406.17	0.81	43.85	0.43	29.01	1886.89	-838.27	901.86
Saccade R	1	19	989202636	989230656	28020	1120.90	382.87	1102.85	406.17	0.81	43.85	0.43	29.01	1886.89	-838.27	901.86
Saccade L	1	19	989230656	989258665	28009	1102.85	406.17	1071.16	437.10	0.86	57.32	0.43	30.72	868.21	-2231.35	1159.78
Saccade R	1	20	989230656	989258665	28009	1102.85	406.17	1071.16	437.10	0.86	57.32	0.43	30.72	868.21	-2231.35	1159.78
Fixation R	1	16	989258665	989518508	259843	318.45	128.50	1521	602	-1	6.55	6.55
Fixation L	1	15	989630565	989770510	139945	1117.52	325.65	27	22	-1	16.63	16.63
Fixation R	1	17	989630565	989770510	139945	1117.52	325.65	27	22	-1	15.69	15.69
Saccade L	1	20	989770510	989826515	56005	1107.36	323.97	1185.84	367.28	2.09	107.08	0.29	37.36	4870.27	-4172.81	2164.70
Saccade R	1	21	989770510	989826515	56005	1107.36	323.97	1185.84	367.28	2.09	107.08	0.29	37.36	4870.27	-4172.81	2164.70
Fixation L	1	16	989826515	990030519	204004	1183.36	372.25	14	12	-1	16.74	16.74
Fixation R	1	18	989826515	990030519	204004	1183.36	372.25	14	12	-1	15.95	15.95
Saccade L	1	21	990030519	990086540	56021	1175.58	370.64	1217.15	349.13	1.12	41.86	0.36	20.00	1835.54	-1337.35	830.78
Saccade R	1	22	990030519	990086540	56021	1175.58	370.64	1217.15	349.13	1.12	41.86	0.36	20.00	1835.54	-1337.35	830.78
Fixation L	1	17	990086540	990238537	151997	1221.18	340.19	16	22	-1	16.14	16.14
Fixation R	1	19	990086540	990238537	151997	1221.18	340.19	16	22	-1	14.90	14.90
Saccade L	1	22	990514551	990590464	75913	1010.58	318.67	1200.13	352.89	4.30	145.47	0.21	56.59	5458.58	-3971.12	2341.90
Saccade R	1	23	990514551	990590464	75913	1010.58	318.67	1200.13	352.89	4.30	145.47	0.21	56.59	5458.58	-3971.12	2341.90
Fixation L	1	18	990590464	990742527	152063	1162.78	369.37	66	35	-1	16.02	16.02
Fixation R	1	20	990590464	990742527	152063	1162.78	369.37	66	35	-1	14.85	14.85
Saccade L	1	23	990742527	990782523	39996	1138.53	389.41	1099.88	394.80	1.61	118.23	0.50	40.27	5138.95	-3961.41	2422.56
Saccade R	1	24	990742527	990782523	39996	1138.53	389.41	1099.88	394.80	1.61	118.23	0.50	40.27	5138.95	-3961.41	2422.56
Fixation L	1	19	990782523	990994431	211908	1057.35	395.82	59	37	-1	16.44	16.44
Fixation R	1	21	990782523	990994431	211908	1057.35	395.82	59	37	-1	15.30	15.30
Saccade L	1	24	990994431	991038431	44000	1060.09	423.63	1181.35	384.76	3.54	157.65	0.55	80.40	6041.82	-7421.83	4809.23
Saccade R	1	25	990994431	991038431	44000	1060.09	423.63	1181.35	384.76	3.54	157.65	0.55	80.40	6041.82	-7421.83	4809.23
Fixation L	1	20	991038431	991094401	55970	1182.90	389.66	5	16	-1	16.40	16.40
Fixation R	1	22	991038431	991094401	55970	1182.90	389.66	5	16	-1	15.75	15.75
Saccade L	1	25	991094401	991130402	36001	1180.04	398.16	1185.86	493.17	1.38	117.53	0.78	38.38	4998.16	288.07	2252.31
Saccade R	1	26	991094401	991130402	36001	1180.04	398.16	1185.86	493.17	1.38	117.53	0.78	38.38	4998.16	288.07	2252.31
Fixation R	1	23	991442410	991582411	140001	379.40	113.61	1475	828	-1	8.46	8.46
Saccade L	1	26	991654345	991702417	48072	1039.76	303.20	1165.20	337.19	3.02	168.87	0.42	62.74	7103.51	-6731.88	4002.72
Saccade R	1	27	991654345	991702417	48072	1039.76	303.20	1165.20	337.19	3.02	168.87	0.42	62.74	7103.51	-6731.88	4002.72
Fixation L	1	21	991702417	991762437	60020	1154.35	344.63	37	14	-1	16.27	16.27
Fixation R	1	24	991702417	991762437	60020	1154.35	344.63	37	14	-1	15.32	15.32
Saccade L	1	27	991762437	991838405	75968	1132.74	352.79	703.13	366.27	12.73	454.58	0.47	167.63	20110.97	-18346.48	9366.42
Saccade R	1	28	991762437	991838405	75968	1132.74	352.79	703.13	366.27	12.73	454.58	0.47	167.63	20110.97	-18346.48	9366.42
Fixation L	1	22	991882409	992150412	268003	666.56	353.86	57	65	-1	17.01	17.01
Fixation R	1	25	991882409	992150412	268003	666.56	353.86	57	65	-1	15.60	15.60
Saccade L	1	28	992150412	992190404	39992	637.77	329.21	1016.03	351.28	14.93	855.45	0.70	373.44	22291.04	-42143.61	20194.39
Saccade R	1	29	992150412	992190404	39992	637.77	329.21	1016.03	351.28	14.93	855.45	0.70	373.44	22291.04	-42143.61	20194.39
Saccade L	1	29	992206422	992246308	39886	1023.30	358.01	842.11	329.28	4.23	301.54	0.30	105.96	13833.59	-13559.41	7973.94
Saccade R	1	30	992206422	992246308	39886	1023.30	358.01	842.11	329.28	4.23	301.54	0.30	105.96	13833.59	-13559.41	7973.94
Saccade L	1	30	992258284	992290288	32004	864.17	316.94	0.00	0.00	18.03	1787.99	0.75	563.52	71819.54	973.00	29830.89
Saccade R	1	31	992258284	992290288	32004	864.17	316.94	0.00	0.00	18.03	1787.99	0.75	563.52	71819.54	973.00	29830.89
Saccade L	1	31	992290288	992342421	52133	0.00	0.00	0.00	0.00	39.51	1801.40	0.77	757.81	70440.02	-76227.79	40362.17
Saccade R	1	32	992290288	992342421	52133	0.00	0.00	0.00	0.00	39.51	1801.40	0.77	757.81	70440.02	-76227.79	40362.17
Saccade L	1	32	992562308	992612781	50473	861.60	300.02	0.00	0.00	21.37	1568.57	0.71	423.33	59611.37	-29787.44	21683.06
Saccade R	1	33	992562308	992612781	50473	861.60	300.02	0.00	0.00	21.37	1568.57	0.71	423.33	59611.37	-29787.44	21683.06
Saccade L	1	33	992734297	992759404	25107	762.03	355.10	0.00	0.00	17.40	1609.04	0.48	692.97	66948.02	-67417.85	50688.78
Saccade R	1	34	992734297	992759404	25107	762.03	355.10	0.00	0.00	17.40	1609.04	0.48	692.97	66948.02	-67417.85	50688.78
Saccade L	1	34	992797605	992834307	36702	0.00	0.00	977.73	438.52	25.20	2005.56	0.43	686.62	84515.66	-84131.96	57098.07
Saccade R	1	35	992797605	992834307	36702	0.00	0.00	977.73	438.52	25.20	2005.56	0.43	686.62	84515.66	-84131.96	57098.07
Saccade L	1	35	992862292	992950304	88012	960.68	442.67	974.36	338.82	3.24	93.72	0.36	36.77	3583.44	-2192.97	1156.93
Saccade R	1	36	992862292	992950304	88012	960.68	442.67	974.36	338.82	3.24	93.72	0.36	36.77	3583.44	-2192.97	1156.93
Saccade L	1	36	992950304	992986903	36599	974.36	338.82	941.91	308.15	1.07	48.14	0.66	29.36	15738.57	-743.42	2135.35
Saccade R	1	37	992950304	992986903	36599	974.36	338.82	941.91	308.15	1.07	48.14	0.66	29.36	15738.57	-743.42	2135.35
Saccade L	1	37	992986903	993018296	31393	941.91	308.15	0.00	0.00	20.29	1910.20	0.62	646.25	78498.95	-63672.95	46637.72
Saccade R	1	38	992986903	993018296	31393	941.91	308.15	0.00	0.00	20.29	1910.20	0.62	646.25	78498.95	-63672.95	46637.72
Fixation R	1	26	993346297	993470315	124018	304.09	88.56	1337	450	-1	6.71	6.71
Saccade L	1	38	993562307	993618299	55992	989.24	329.30	1060.80	364.76	2.65	110.63	0.36	47.27	4425.20	-3370.28	1903.23
Saccade R	1	39	993562307	993618299	55992	989.24	329.30	1060.80	364.76	2.65	110.63	0.36	47.27	4425.20	-3370.28	1903.23
Saccade L	1	39	993618299	993666183	47884	1060.80	364.76	1101.42	345.37	1.76	69.20	0.50	36.78	2119.00	-2524.85	1404.26
Saccade R	1	40	993618299	993666183	47884	1060.80	364.76	1101.42	345.37	1.76	69.20	0.50	36.78	2119.00	-2524.85	1404.26
Fixation L	1	23	993666183	993774210	108027	1098.57	351.71	13	11	-1	16.80	16.80
Fixation R	1	27	993666183	993774210	108027	1098.57	351.71	13	11	-1	15.68	15.68
Fixation L	1	24	993906170	994006175	100005	815.90	750.15	9	19	-1	16.92	16.92
Fixation R	1	28	993906170	994006175	100005	815.90	750.15	9	19	-1	15.60	15.60
Saccade L	1	40	994006175	994038173	31998	822.83	737.66	759.96	763.51	1.53	111.22	0.38	47.93	4916.64	-4461.20	3051.75
Saccade R	1	41	994006175	994038173	31998	822.83	737.66	759.96	763.51	1.53	111.22	0.38	47.93	4916.64	-4461.20	3051.75
Fixation L	1	25	994038173	994302198	264025	768.26	759.40	32	43	-1	15.94	15.94
Fixation R	1	29	994038173	994302198	264025	768.26	759.40	32	43	-1	14.69	14.69
Saccade L	1	41	994302198	994358181	55983	774.13	742.86	744.19	852.43	2.59	142.90	0.21	46.32	6240.43	-6011.52	2803.75
Saccade R	1	42	994302198	994358181	55983	774.13	742.86	744.19	852.43	2.59	142.90	0.21	46.32	6240.43	-6011.52	2803.75
Fixation L	1	26	994698189	995182062	483873	1072.10	321.31	32	73	-1	15.51	15.51
Fixation R	1	30	994698189	995182062	483873	1072.10	321.31	32	73	-1	14.68	14.68
Saccade L	1	42	995182062	995226095	44033	1082.45	357.29	1209.22	345.01	2.69	183.15	0.36	60.99	8295.67	-7924.40	4517.44
Saccade R	1	43	995182062	995226095	44033	1082.45	357.29	1209.22	345.01	2.69	183.15	0.36	60.99	8295.67	-7924.40	4517.44
Fixation L	1	27	995226095	996354092	1127997	1206.29	328.47	53	52	-1	15.36	15.36
Fixation R	1	31	995226095	996354092	1127997	1206.29	328.47	53	52	-1	14.56	14.56
Saccade L	1	43	996354092	996421943	67851	1228.88	337.93	1129.18	355.06	2.22	71.12	0.35	32.77	2965.58	-2620.41	1474.64
Saccade R	1	44	996354092	996421943	67851	1228.88	337.93	1129.18	355.06	2.22	71.12	0.35	32.77	2965.58	-2620.41	1474.64
Fixation L	1	28	996421943	996649964	228021	1139.70	361.24	21	8	-1	14.92	14.92
Fixation R	1	32	996421943	996649964	228021	1139.70	361.24	21	8	-1	14.12	14.12
Saccade L	1	44	996649964	996689951	39987	1137.19	361.91	1060.31	351.98	1.63	104.13	0.40	40.77	4610.79	-4028.24	2848.13
Saccade R	1	45	996649964	996689951	39987	1137.19	361.91	1060.31	351.98	1.63	104.13	0.40	40.77	4610.79	-4028.24	2848.13
Fixation L	1	29	996689951	996881957	192006	1061.92	343.78	17	27	-1	14.60	14.60
Fixation R	1	33	996689951	996881957	192006	1061.92	343.78	17	27	-1	13.57	13.57
Fixation L	1	30	998556342	998820338	263996	1191.43	316.56	33	12	-1	14.37	14.37
Fixation R	1	34	998556342	998820338	263996	1191.43	316.56	33	12	-1	13.71	13.71
Saccade L	1	45	998820338	998872343	52005	1181.50	312.71	1102.72	332.00	1.84	101.08	0.23	35.41	4744.97	-3690.62	2060.47
Saccade R	1	46	998820338	998872343	52005	1181.50	312.71	1102.72	332.00	1.84	101.08	0.23	35.41	4744.97	-3690.62	2060.47
Fixation L	1	31	998872343	999100211	227868	1104.78	312.70	18	31	-1	14.24	14.24
Fixation R	1	35	998872343	999248220	375877	793.86	230.98	1635	707	-1	11.56	11.56
Saccade L	1	46	999308231	999344249	36018	1058.73	270.23	1265.67	260.30	4.28	229.85	0.56	118.74	9560.71	-10364.61	7289.37
Saccade R	1	47	999308231	999344249	36018	1058.73	270.23	1265.67	260.30	4.28	229.85	0.56	118.74	9560.71	-10364.61	7289.37
Fixation L	1	32	999344249	999668253	324004	1200.57	294.10	86	56	-1	14.72	14.72
Fixation R	1	36	999344249	999668253	324004	1200.57	294.10	86	56	-1	14.30	14.30
Saccade L	1	47	999668253	999696240	27987	1189.20	316.73	1138.63	312.07	1.00	78.45	0.71	35.59	3398.04	-2517.80	1923.71
Saccade R	1	48	999668253	999696240	27987	1189.20	316.73	1138.63	312.07	1.00	78.45	0.71	35.59	3398.04	-2517.80	1923.71
Fixation R	1	37	999696240	999836222	139982	527.97	167.71	1365	989	-1	11.45	11.45
Fixation L	1	33	999900236	999996543	96307	0.00	-0.60	0	3	-1	1.63	1.63
Fixation R	1	38	999900236	999996543	96307	0.00	-0.60	0	3	-1	2.85	2.85
Saccade L	1	48	1000068225	1000160219	91994	968.73	288.63	1142.90	329.76	5.52	243.50	0.22	59.99	10157.32	-10325.30	3343.57
Saccade R	1	49	1000068225	1000160219	91994	968.73	288.63	1142.90	329.76	5.52	243.50	0.22	59.99	10157.32	-10325.30	3343.57
Fixation L	1	34	1000160219	1000336233	176014	1137.70	342.72	10	23	-1	15.63	15.63
Fixation R	1	39	1000160219	1000336233	176014	1137.70	342.72	10	23	-1	15.11	15.11
Saccade L	1	49	1000336233	1000368222	31989	1133.77	351.62	1101.54	365.72	0.81	49.11	0.50	25.24	2116.28	-1403.10	1121.08
Saccade R	1	50	1000336233	1000368222	31989	1133.77	351.62	1101.54	365.72	0.81	49.11	0.50	25.24	2116.28	-1403.10	1121.08
Saccade L	1	50	1000412257	1000448247	35990	1077.25	373.12	1128.53	367.48	0.95	45.23	0.33	26.43	1968.15	-1581.07	1354.76
Saccade R	1	51	1000412257	1000448247	35990	1077.25	373.12	1128.53	367.48	0.95	45.23	0.33	26.43	1968.15	-1581.07	1354.76
Saccade L	1	51	1000468238	1000500114	31876	1125.21	361.44	1042.46	362.91	1.71	135.42	0.37	53.65	5476.54	-4959.75	3348.15
Saccade R	1	52	1000468238	1000500114	31876	1125.21	361.44	1042.46	362.91	1.71	135.42	0.37	53.65	5476.54	-4959.75	3348.15
Saccade L	1	52	1000500114	1000540116	40002	1042.46	362.91	1107.50	355.90	1.49	66.12	0.70	37.18	2167.02	-2414.94	1470.31
Saccade R	1	53	1000500114	1000540116	40002	1042.46	362.91	1107.50	355.90	1.49	66.12	0.70	37.18	2167.02	-2414.94	1470.31
Fixation L	1	35	1000540116	1000596117	56001	1115.01	359.60	9	10	-1	15.65	15.65
Fixation R	1	40	1000540116	1000596117	56001	1115.01	359.60	9	10	-1	14.90	14.90
Saccade L	1	53	1000596117	1000684098	87981	1114.47	366.22	911.38	722.64	11.54	362.84	0.41	131.15	13382.41	-12772.60	6454.80
Saccade R	1	54	1000596117	1000684098	87981	1114.47	366.22	911.38	722.64	11.54	362.84	0.41	131.15	13382.41	-12772.60	6454.80
Fixation L	1	36	1000684098	1000848099	164001	898.77	708.74	51	35	-1	15.58	15.58
Fixation R	1	41	1000684098	1000848099	164001	898.77	708.74	51	35	-1	14.66	14.66
Saccade L	1	54	1000848099	1000908102	60003	875.77	689.59	797.90	717.43	1.91	93.45	0.27	31.84	4202.20	-3063.18	1499.81
Saccade R	1	55	1000848099	1000908102	60003	875.77	689.59	797.90	717.43	1.91	93.45	0.27	31.84	4202.20	-3063.18	1499.81
Fixation L	1	37	1000908102	1001088133	180031	798.42	698.90	22	30	-1	14.99	14.99
Fixation R	1	42	1000908102	1001088133	180031	798.42	698.90	22	30	-1	14.00	14.00
Saccade L	1	55	1001088133	1001148111	59978	799.10	701.55	1241.28	330.27	12.71	639.89	0.33	211.90	28901.38	-22859.34	14095.84
Saccade R	1	56	1001088133	1001148111	59978	799.10	701.55	1241.28	330.27	12.71	639.89	0.33	211.90	28901.38	-22859.34	14095.84
Saccade L	1	56	1001176050	1001220106	44056	1230.18	345.52	1157.24	358.47	1.70	124.29	0.73	38.67	4575.96	-4555.50	2359.47
Saccade R	1	57	1001176050	1001220106	44056	1230.18	345.52	1157.24	358.47	1.70	124.29	0.73	38.67	4575.96	-4555.50	2359.47
Fixation L	1	38	1001220106	1001380104	159998	1127.21	340.94	48	25	-1	13.84	13.84
Fixation R	1	43	1001220106	1001380104	159998	1127.21	340.94	48	25	-1	13.40	13.40
Saccade L	1	57	1001380104	1001416008	35904	1121.83	339.64	1283.92	329.67	3.39	230.63	0.45	94.39	10354.34	-10530.09	7231.51
Saccade R	1	58	1001380104	1001416008	35904	1121.83	339.64	1283.92	329.67	3.39	230.63	0.45	94.39	10354.34	-10530.09	7231.51
Saccade L	1	58	1001520118	1001556107	35989	1297.02	350.16	1215.93	343.45	2.35	148.10	0.33	65.26	6083.46	-4174.03	2736.95
Saccade R	1	59	1001520118	1001556107	35989	1297.02	350.16	1215.93	343.45	2.35	148.10	0.33	65.26	6083.46	-4174.03	2736.95
Fixation R	1	44	1001588121	1001812123	224002	96.75	33.10	1665	834	-1	4.10	4.10
Fixation L	1	39	1001964005	1002067989	103984	1088.70	348.63	13	23	-1	14.88	14.88
Fixation R	1	45	1001964005	1002067989	103984	1088.70	348.63	13	23	-1	14.38	14.38
Saccade L	1	59	1002067989	1002099987	31998	1086.67	361.37	1207.63	382.41	2.56	197.32	0.63	80.07	8796.35	-8717.86	6066.34
Saccade R	1	60	1002067989	1002099987	31998	1086.67	361.37	1207.63	382.41	2.56	197.32	0.63	80.07	8796.35	-8717.86	6066.34
Fixation L	1	40	1002099987	1002264013	164026	1217.25	386.44	25	12	-1	15.17	15.17
Fixation R	1	46	1002099987	1002264013	164026	1217.25	386.44	25	12	-1	14.64	14.64
Saccade L	1	60	1002264013	1002312005	47992	1220.05	393.20	1194.88	338.81	1.76	122.00	0.58	36.61	4449.84	-4944.96	2452.09
Saccade R	1	61	1002264013	1002312005	47992	1220.05	393.20	1194.88	338.81	1.76	122.00	0.58	36.61	4449.84	-4944.96	2452.09
Saccade L	1	61	1002324008	1002376077	52069	1197.31	342.00	1243.28	298.27	4.34	186.95	0.31	83.27	8202.31	-6073.29	4125.44
Saccade R	1	62	1002324008	1002376077	52069	1197.31	342.00	1243.28	298.27	4.34	186.95	0.31	83.27	8202.31	-6073.29	4125.44
Fixation L	1	41	1002376077	1002475994	99917	1241.68	306.59	26	22	-1	14.86	14.86
Fixation R	1	47	1002376077	1002671989	295912	631.52	165.02	1730	804	-1	9.12	9.12
Saccade R	1	63	1002687990	1002755994	68004	1148.60	1032.04	0.00	3.56	84.73	2794.05	0.29	1245.92	99380.06	-118529.50	57428.58
Fixation R	1	48	1002755994	1002840000	84006	0.00	0.73	0	3	-1	2.55	2.55
Saccade L	1	62	1002912011	1002955993	43982	1025.35	315.52	1176.53	336.10	3.44	208.19	0.36	78.14	6544.28	-8619.86	4162.81
Saccade R	1	64	1002912011	1002955993	43982	1025.35	315.52	1176.53	336.10	3.44	208.19	0.36	78.14	6544.28	-8619.86	4162.81
Fixation L	1	42	1002955993	1003015995	60002	1158.39	353.32	36	26	-1	14.47	14.47
Fixation R	1	49	1002955993	1003015995	60002	1158.39	353.32	36	26	-1	13.93	13.93
Saccade L	1	63	1003015995	1003060005	44010	1139.40	360.52	1087.77	401.25	1.41	55.29	0.55	31.93	3813.83	-1244.07	1374.01
Saccade R	1	65	1003015995	1003060005	44010	1139.40	360.52	1087.77	401.25	1.41	55.29	0.55	31.93	3813.83	-1244.07	1374.01
Fixation L	1	43	1003124014	1003319878	195864	1080.75	484.67	32	31	-1	15.60	15.60
Fixation R	1	50	1003124014	1003319878	195864	1080.75	484.67	32	31	-1	14.85	14.85
Saccade L	1	64	1003319878	1003349140	29262	1087.33	467.05	1066.73	363.47	2.28	188.08	0.41	77.96	7428.47	-5970.79	4603.02
Saccade R	1	66	1003319878	1003349140	29262	1087.33	467.05	1066.73	363.47	2.28	188.08	0.41	77.96	7428.47	-5970.79	4603.02
Saccade L	1	65	1003349140	1003403883	54743	1066.73	363.47	1220.42	444.71	5.30	224.93	0.49	96.91	7448.03	-9176.82	4781.75
Saccade R	1	67	1003349140	1003403883	54743	1066.73	363.47	1220.42	444.71	5.30	224.93	0.49	96.91	7448.03	-9176.82	4781.75
Fixation L	1	44	1003403883	1003635893	232010	1227.19	434.21	16	22	-1	15.62	15.62
Fixation R	1	51	1003403883	1003635893	232010	1227.19	434.21	16	22	-1	14.69	14.69
Saccade L	1	66	1003635893	1003673412	37519	1224.59	439.13	0.00	0.00	28.24	2411.42	0.64	752.72	103473.53	-83531.62	56056.99
Saccade R	1	68	1003635893	1003673412	37519	1224.59	439.13	0.00	0.00	28.24	2411.42	0.64	752.72	103473.53	-83531.62	56056.99
Saccade L	1	67	1003673412	1003723892	50480	0.00	0.00	1178.13	448.31	28.61	2330.99	0.43	566.67	79324.94	-98849.95	44812.04
Saccade R	1	69	1003673412	1003723892	50480	0.00	0.00	1178.13	448.31	28.61	2330.99	0.43	566.67	79324.94	-98849.95	44812.04
Saccade L	1	68	1003763885	1003783888	20003	1177.92	448.61	1169.03	413.27	0.57	59.28	0.60	28.64	2424.44	354.56	1847.77
Saccade R	1	70	1003763885	1003783888	20003	1177.92	448.61	1169.03	413.27	0.57	59.28	0.60	28.64	2424.44	354.56	1847.77
Saccade L	1	69	1003795881	1003833437	37556	1204.76	450.78	1164.42	436.35	2.20	131.04	0.21	58.48	55335.09	-3568.40	9144.93
Saccade R	1	71	1003795881	1003833437	37556	1204.76	450.78	1164.42	436.35	2.20	131.04	0.21	58.48	55335.09	-3568.40	9144.93
Saccade L	1	70	1003833437	1003864513	31076	1164.42	436.35	0.00	0.00	27.68	2302.62	0.49	890.64	94613.91	-76582.89	61068.06
Saccade R	1	72	1003833437	1003864513	31076	1164.42	436.35	0.00	0.00	27.68	2302.62	0.49	890.64	94613.91	-76582.89	61068.06
Saccade L	1	71	1003864513	1003923891	59378	0.00	0.00	1190.15	462.56	31.54	2340.32	0.37	531.26	78340.02	-96206.38	40640.09
Saccade R	1	73	1003864513	1003923891	59378	0.00	0.00	1190.15	462.56	31.54	2340.32	0.37	531.26	78340.02	-96206.38	40640.09
Saccade L	1	72	1003923891	1003955884	31993	1190.15	462.56	1161.76	469.06	1.33	107.34	0.37	41.44	3339.91	-3442.48	2004.73
Saccade R	1	74	1003923891	1003955884	31993	1190.15	462.56	1161.76	469.06	1.33	107.34	0.37	41.44	3339.91	-3442.48	2004.73
Fixation L	1	45	1003955884	1004111906	156022	1157.54	472.60	10	39	-1	15.18	15.18
Fixation R	1	52	1003955884	1004111906	156022	1157.54	472.60	10	39	-1	14.11	14.11
Saccade L	1	73	1004111906	1004203916	92010	1160.85	455.88	876.24	785.30	10.59	337.91	0.39	115.08	13396.71	-12940.55	6252.37
Saccade R	1	75	1004111906	1004203916	92010	1160.85	455.88	876.24	785.30	10.59	337.91	0.39	115.08	13396.71	-12940.55	6252.37
Fixation L	1	46	1004203916	1004315883	111967	860.02	777.89	25	22	-1	15.66	15.66
Fixation R	1	53	1004203916	1004315883	111967	860.02	777.89	25	22	-1	14.32	14.32
Saccade L	1	74	1004331889	1004391883	59994	881.94	743.22	786.81	826.48	3.33	111.14	0.47	55.57	1275.88	-4546.20	1405.97
Saccade R	1	76	1004331889	1004391883	59994	881.94	743.22	786.81	826.48	3.33	111.14	0.47	55.57	1275.88	-4546.20	1405.97
Fixation L	1	47	1004391883	1004531800	139917	777.42	824.64	18	10	-1	15.67	15.67
Fixation R	1	54	1004391883	1004531800	139917	777.42	824.64	18	10	-1	14.30	14.30
Saccade L	1	75	1004531800	1004591897	60097	769.22	824.74	728.52	831.19	3.43	116.72	0.67	57.13	3764.27	-4616.90	2216.47
Saccade R	1	77	1004531800	1004591897	60097	769.22	824.74	728.52	831.19	3.43	116.72	0.67	57.13	3764.27	-4616.90	2216.47
Fixation L	1	48	1004591897	1004807766	215869	744.96	825.72	30	19	-1	14.91	14.91
Fixation R	1	55	1004591897	1004807766	215869	744.96	825.72	30	19	-1	14.16	14.16
Saccade L	1	76	1004807766	1004847760	39994	755.52	812.89	883.49	659.56	4.23	291.94	0.30	105.73	13763.07	-13447.35	8308.08
Saccade R	1	78	1004807766	1004847760	39994	755.52	812.89	883.49	659.56	4.23	291.94	0.30	105.73	13763.07	-13447.35	8308.08
Saccade L	1	77	1004847760	1004879761	32001	883.49	659.56	733.04	704.47	2.66	170.36	0.38	83.11	7271.25	-5176.49	3913.68
Saccade R	1	79	1004847760	1004879761	32001	883.49	659.56	733.04	704.47	2.66	170.36	0.38	83.11	7271.25	-5176.49	3913.68
Saccade L	1	78	1004879761	1004899849	20088	733.04	704.47	849.94	656.84	1.48	168.16	0.40	73.92	2026.57	-3019.67	1344.94
Saccade R	1	80	1004879761	1004899849	20088	733.04	704.47	849.94	656.84	1.48	168.16	0.40	73.92	2026.57	-3019.67	1344.94
Saccade L	1	79	1004899849	1004935764	35915	849.94	656.84	722.40	641.98	2.61	165.75	0.33	72.79	2807.49	-4818.22	2619.78
Saccade R	1	81	1004899849	1004935764	35915	849.94	656.84	722.40	641.98	2.61	165.75	0.33	72.79	2807.49	-4818.22	2619.78
Saccade L	1	80	1004979777	1005011769	31992	709.03	631.04	751.93	639.21	0.84	52.82	0.63	26.35	2117.25	-1639.19	1312.15
Saccade R	1	82	1004979777	1005011769	31992	709.03	631.04	751.93	639.21	0.84	52.82	0.63	26.35	2117.25	-1639.19	1312.15
Saccade L	1	81	1005219802	1005287795	67993	954.77	244.18	1061.89	292.15	2.99	157.42	0.29	44.05	6426.61	-5788.71	2437.06
Saccade R	1	83	1005219802	1005287795	67993	954.77	244.18	1061.89	292.15	2.99	157.42	0.29	44.05	6426.61	-5788.71	2437.06
Fixation L	1	49	1005287795	1005427763	139968	1067.30	300.49	23	13	-1	15.20	15.20
Fixation R	1	56	1005287795	1005427763	139968	1067.30	300.49	23	13	-1	14.35	14.35
Saccade L	1	82	1005427763	1005467793	40030	1055.17	296.21	1056.74	354.48	2.41	110.08	0.60	60.12	4765.80	-3413.11	2802.54
Saccade R	1	84	1005427763	1005467793	40030	1055.17	296.21	1056.74	354.48	2.41	110.08	0.60	60.12	4765.80	-3413.11	2802.54
Saccade L	1	83	1005467793	1005495770	27977	1056.74	354.48	954.00	369.70	2.11	180.62	0.43	75.42	4258.76	-7500.84	4361.53
Saccade R	1	85	1005467793	1005495770	27977	1056.74	354.48	954.00	369.70	2.11	180.62	0.43	75.42	4258.76	-7500.84	4361.53
Saccade L	1	84	1005531805	1005567714	35909	949.83	360.60	941.40	272.17	3.42	204.41	0.33	95.18	8257.01	-5911.05	3763.67
Saccade R	1	86	1005531805	1005567714	35909	949.83	360.60	941.40	272.17	3.42	204.41	0.33	95.18	8257.01	-5911.05	3763.67
Saccade L	1	85	1005567714	1005683796	116082	941.40	272.17	720.23	345.79	11.52	405.15	0.79	99.23	16561.19	-17573.41	4882.53
Saccade R	1	87	1005567714	1005683796	116082	941.40	272.17	720.23	345.79	11.52	405.15	0.79	99.23	16561.19	-17573.41	4882.53
Saccade L	1	86	1005683796	1005715771	31975	720.23	345.79	693.55	355.05	0.86	48.10	0.25	26.89	519.07	-1226.64	560.66
Saccade R	1	88	1005683796	1005715771	31975	720.23	345.79	693.55	355.05	0.86	48.10	0.25	26.89	519.07	-1226.64	560.66
Saccade L	1	87	1005731804	1005783788	51984	685.88	372.11	652.76	429.13	1.48	45.43	0.61	28.44	1800.00	-1034.01	714.07
Saccade R	1	89	1005731804	1005783788	51984	685.88	372.11	652.76	429.13	1.48	45.43	0.61	28.44	1800.00	-1034.01	714.07
Saccade L	1	88	1005783788	1005811772	27984	652.76	429.13	670.39	380.25	1.09	79.20	0.29	38.78	1857.72	-3086.45	1780.67
Saccade R	1	90	1005783788	1005811772	27984	652.76	429.13	670.39	380.25	1.09	79.20	0.29	38.78	1857.72	-3086.45	1780.67
Saccade L	1	89	1005847774	1005919684	71910	667.87	411.21	1050.26	369.26	9.67	376.76	0.50	134.48	15341.34	-16990.30	8108.32
Saccade R	1	91	1005847774	1005919684	71910	667.87	411.21	1050.26	369.26	9.67	376.76	0.50	134.48	15341.34	-16990.30	8108.32
Saccade L	1	90	1005919684	1005959770	40086	1050.26	369.26	969.76	358.55	2.10	161.45	0.60	52.42	6692.91	-4843.93	3221.70
Saccade R	1	92	1005919684	1005959770	40086	1050.26	369.26	969.76	358.55	2.10	161.45	0.60	52.42	6692.91	-4843.93	3221.70
Saccade L	1	91	1005959770	1005987773	28003	969.76	358.55	1060.01	342.08	2.08	187.71	0.43	74.37	5492.69	-4824.01	3225.33
Saccade R	1	93	1005959770	1005987773	28003	969.76	358.55	1060.01	342.08	2.08	187.71	0.43	74.37	5492.69	-4824.01	3225.33
Saccade L	1	92	1005987773	1006027777	40004	1060.01	342.08	1055.00	409.26	3.34	202.05	0.70	83.53	2863.84	-919.61	1265.95
Saccade R	1	94	1005987773	1006027777	40004	1060.01	342.08	1055.00	409.26	3.34	202.05	0.70	83.53	2863.84	-919.61	1265.95
Fixation R	1	57	1006027777	1006259642	231865	150.60	66.60	1082	1101	-1	4.24	4.22
Fixation L	1	50	1006371667	1006523657	151990	1091.93	352.14	25	40	-1	16.65	16.65
Fixation R	1	58	1006371667	1006523657	151990	1091.93	352.14	25	40	-1	15.66	15.66
Saccade L	1	93	1006523657	1006567684	44027	1105.02	357.66	1175.42	337.28	1.70	80.73	0.27	38.69	3261.76	-2940.36	1788.61
Saccade R	1	95	1006523657	1006567684	44027	1105.02	357.66	1175.42	337.28	1.70	80.73	0.27	38.69	3261.76	-2940.36	1788.61
Fixation L	1	51	1006567684	1006715663	147979	1202.48	325.54	42	33	-1	16.87	16.87
Fixation R	1	59	1006567684	1006715663	147979	1202.48	325.54	42	33	-1	16.00	16.00
Saccade L	1	94	1006715663	1006763600	47937	1205.08	300.76	1105.15	292.72	2.37	140.00	0.75	49.49	5350.71	-6535.79	2878.94
Saccade R	1	96	1006715663	1006763600	47937	1205.08	300.76	1105.15	292.72	2.37	140.00	0.75	49.49	5350.71	-6535.79	2878.94
Saccade L	1	95	1006771650	1006815660	44010	1105.07	293.39	1071.23	361.53	1.85	125.32	0.55	42.06	4883.90	-5431.38	2969.12
Saccade R	1	97	1006771650	1006815660	44010	1105.07	293.39	1071.23	361.53	1.85	125.32	0.55	42.06	4883.90	-5431.38	2969.12
Saccade L	1	96	1006843697	1006891599	47902	1071.43	360.25	1091.23	341.43	2.66	128.94	0.42	55.53	5321.76	-4064.75	2611.43
Saccade R	1	98	1006843697	1006891599	47902	1071.43	360.25	1091.23	341.43	2.66	128.94	0.42	55.53	5321.76	-4064.75	2611.43
Fixation L	1	52	1006891599	1006947657	56058	1082.58	339.70	17	5	-1	16.70	16.70
Fixation R	1	60	1006891599	1006947657	56058	1082.58	339.70	17	5	-1	15.67	15.67
Saccade L	1	97	1006947657	1006987600	39943	1075.99	338.71	1020.11	331.34	2.04	137.81	0.40	50.99	6271.42	-4855.44	3290.87
Saccade R	1	99	1006947657	1006987600	39943	1075.99	338.71	1020.11	331.34	2.04	137.81	0.40	50.99	6271.42	-4855.44	3290.87
Fixation L	1	53	1006987600	1007055680	68080	996.70	328.60	33	6	-1	16.69	16.69
Fixation R	1	61	1006987600	1007199687	212087	584.81	197.34	1414	636	-1	10.93	10.93
Fixation L	1	54	1007335663	1007471661	135998	865.02	288.69	54	29	-1	16.89	16.89
Fixation R	1	62	1007335663	1007471661	135998	865.02	288.69	54	29	-1	15.52	15.52
Saccade L	1	98	1007471661	1007523536	51875	863.15	305.28	656.84	376.72	4.79	266.48	0.31	92.37	13318.41	-11984.04	6661.43
Saccade R	1	100	1007471661	1007523536	51875	863.15	305.28	656.84	376.72	4.79	266.48	0.31	92.37	13318.41	-11984.04	6661.43
Fixation L	1	55	1007523536	1007691541	168005	628.87	384.89	49	19	-1	17.28	17.28
Fixation R	1	63	1007523536	1007691541	168005	628.87	384.89	49	19	-1	15.97	15.97
Saccade L	1	99	1007691541	1007755541	64000	605.25	389.26	857.28	404.63	5.52	201.32	0.25	86.19	9349.96	-8784.42	5025.86
Saccade R	1	101	1007691541	1007755541	64000	605.25	389.26	857.28	404.63	5.52	201.32	0.25	86.19	9349.96	-8784.42	5025.86
Fixation L	1	56	1007755541	1007983551	228010	853.37	387.53	18	22	-1	16.75	16.75
Fixation R	1	64	1007755541	1007983551	228010	853.37	387.53	18	22	-1	15.41	15.41
Saccade L	1	100	1007983551	1008039539	55988	843.70	381.31	611.85	363.47	5.13	256.12	0.36	91.58	11813.99	-10553.94	6073.08
Saccade R	1	102	1007983551	1008039539	55988	843.70	381.31	611.85	363.47	5.13	256.12	0.36	91.58	11813.99	-10553.94	6073.08
Saccade L	1	101	1008063545	1008095561	32016	608.38	361.49	528.25	351.70	1.80	157.10	0.37	56.25	6214.74	-6166.29	4167.25
Saccade R	1	103	1008063545	1008095561	32016	608.38	361.49	528.25	351.70	1.80	157.10	0.37	56.25	6214.74	-6166.29	4167.25
Fixation L	1	57	1008095561	1008179544	83983	520.76	348.11	18	9	-1	16.56	16.56
Fixation R	1	65	1008095561	1008179544	83983	520.76	348.11	18	9	-1	15.09	15.09
Saccade L	1	102	1008179544	1008231555	52011	512.06	346.07	914.43	374.61	9.34	373.25	0.31	179.61	18562.01	-14784.30	10072.38
Saccade R	1	104	1008179544	1008231555	52011	512.06	346.07	914.43	374.61	9.34	373.25	0.31	179.61	18562.01	-14784.30	10072.38
Saccade L	1	103	1008231555	1008255546	23991	914.43	374.61	800.10	365.08	0.89	76.39	0.50	37.26	3494.24	-3125.08	2013.38
Saccade R	1	105	1008231555	1008255546	23991	914.43	374.61	800.10	365.08	0.89	76.39	0.50	37.26	3494.24	-3125.08	2013.38
Saccade L	1	104	1008255546	1008279544	23998	800.10	365.08	920.46	353.33	2.31	240.18	0.67	96.18	9354.24	-2486.58	4425.83
Saccade R	1	106	1008255546	1008279544	23998	800.10	365.08	920.46	353.33	2.31	240.18	0.67	96.18	9354.24	-2486.58	4425.83
Saccade L	1	105	1008279544	1008307550	28006	920.46	353.33	836.22	345.07	1.88	191.43	0.29	66.96	-1258.07	-7295.28	4069.01
Saccade R	1	107	1008279544	1008307550	28006	920.46	353.33	836.22	345.07	1.88	191.43	0.29	66.96	-1258.07	-7295.28	4069.01
Saccade L	1	106	1008319549	1008375550	56001	834.92	344.11	819.19	391.47	1.48	69.69	0.57	26.34	2666.66	-2835.11	1367.14
Saccade R	1	108	1008319549	1008375550	56001	834.92	344.11	819.19	391.47	1.48	69.69	0.57	26.34	2666.66	-2835.11	1367.14
Fixation L	1	58	1008375550	1008451542	75992	825.52	398.00	12	11	-1	16.12	16.12
Fixation R	1	66	1008375550	1008451542	75992	825.52	398.00	12	11	-1	14.71	14.71
Saccade L	1	107	1008451542	1008483550	32008	827.46	403.19	833.19	357.94	0.92	62.02	0.38	28.76	2589.09	-2745.92	1884.48
Saccade R	1	109	1008451542	1008483550	32008	827.46	403.19	833.19	357.94	0.92	62.02	0.38	28.76	2589.09	-2745.92	1884.48
Saccade L	1	108	1008507444	1008547576	40132	830.42	357.90	1019.32	520.57	5.73	410.45	0.40	142.85	18676.44	-18127.53	11382.58
Saccade R	1	110	1008507444	1008547576	40132	830.42	357.90	1019.32	520.57	5.73	410.45	0.40	142.85	18676.44	-18127.53	11382.58
Fixation L	1	59	1008547576	1008667493	119917	1005.85	531.66	28	21	-1	15.81	15.81
Fixation R	1	67	1008547576	1008667493	119917	1005.85	531.66	28	21	-1	14.74	14.74
Saccade L	1	109	1008667493	1008723553	56060	1017.37	521.49	794.34	743.62	7.05	386.21	0.36	125.72	18577.03	-17038.71	8942.93
Saccade R	1	111	1008667493	1008723553	56060	1017.37	521.49	794.34	743.62	7.05	386.21	0.36	125.72	18577.03	-17038.71	8942.93
Fixation L	1	60	1008723553	1008787544	63991	787.56	748.81	13	12	-1	15.70	15.70
Fixation R	1	68	1008723553	1008787544	63991	787.56	748.81	13	12	-1	14.46	14.46
Saccade L	1	110	1008867461	1008899437	31976	837.51	692.43	806.53	794.26	2.32	182.74	0.50	72.68	7688.21	-6318.25	4495.56
Saccade R	1	112	1008867461	1008899437	31976	837.51	692.43	806.53	794.26	2.32	182.74	0.50	72.68	7688.21	-6318.25	4495.56
Saccade L	1	111	1008899437	1008955465	56028	806.53	794.26	776.34	769.71	2.15	113.92	0.21	38.42	1940.94	-3526.74	1370.61
Saccade R	1	113	1008899437	1008955465	56028	806.53	794.26	776.34	769.71	2.15	113.92	0.21	38.42	1940.94	-3526.74	1370.61
Fixation L	1	61	1008955465	1009219461	263996	781.40	770.18	30	14	-1	15.44	15.44
Fixation R	1	69	1008955465	1009219461	263996	781.40	770.18	30	14	-1	14.62	14.62
Saccade L	1	112	1009219461	1009271423	51962	783.23	761.06	862.34	714.76	1.98	94.17	0.31	38.18	3879.24	-3375.96	2060.94
Saccade R	1	114	1009219461	1009271423	51962	783.23	761.06	862.34	714.76	1.98	94.17	0.31	38.18	3879.24	-3375.96	2060.94
Fixation L	1	62	1009271423	1009655425	384002	868.91	704.08	19	30	-1	15.65	15.65
Fixation R	1	70	1009271423	1009655425	384002	868.91	704.08	19	30	-1	14.57	14.57
