[BeGaze]
Converted from:	D:\Kirillov\Results\ermolova_temp\Ira-eye_data.idf
Date:	17.04.2019 03:52:41
Version:	BeGaze 3.0.181
Sample Rate:	250
Subject:	Ira
Description:	Run12

Table Header for Fixations:
Event Type	Trial	Number	Start	End	Duration	Location X	Location Y	Dispersion X	Dispersion Y	Plane	Avg. Pupil Size X	Avg. Pupil Size Y

Table Header for Saccades:
Event Type	Trial	Number	Start	End	Duration	Start Loc.X	Start Loc.Y	End Loc.X	End Loc.Y	Amplitude	Peak Speed	Peak Speed At	Average Speed	Peak Accel.	Peak Decel.	Average Accel.

Table Header for User Events:
Event Type	Trial	Number	Start	Description

UserEvent	1	1	2337938518	# Message: experiment-06.jpg
Fixation L	1	1	2337941668	2338225674	284006	462.76	429.79	46	30	-1	17.27	17.27
Fixation R	1	1	2337941668	2338225674	284006	462.76	429.79	46	30	-1	16.09	16.09
Saccade L	1	1	2338225674	2338285689	60015	445.24	415.51	1108.24	573.06	15.00	522.80	0.40	249.88	23966.21	-19788.70	14074.58
Saccade R	1	1	2338225674	2338285689	60015	445.24	415.51	1108.24	573.06	15.00	522.80	0.40	249.88	23966.21	-19788.70	14074.58
Fixation L	1	2	2338285689	2338465609	179920	1092.79	576.93	28	20	-1	14.92	14.92
Fixation R	1	2	2338285689	2338465609	179920	1092.79	576.93	28	20	-1	14.10	14.10
Saccade L	1	2	2338465609	2338505666	40057	1089.59	564.93	1039.10	526.36	1.37	62.30	0.40	34.23	2536.73	-2038.83	1524.81
Saccade R	1	2	2338465609	2338505666	40057	1089.59	564.93	1039.10	526.36	1.37	62.30	0.40	34.23	2536.73	-2038.83	1524.81
Fixation L	1	3	2338505666	2338637668	132002	1035.06	499.52	10	46	-1	13.55	13.55
Fixation R	1	3	2338505666	2338637668	132002	1035.06	499.52	10	46	-1	12.83	12.83
Fixation L	1	4	2338809601	2338961568	151967	1016.89	505.39	32	29	-1	12.97	12.97
Fixation R	1	4	2338809601	2338961568	151967	1016.89	505.39	32	29	-1	12.27	12.27
Saccade L	1	3	2338961568	2339025548	63980	1028.08	517.04	376.72	476.91	14.19	396.24	0.44	221.76	18715.05	-16296.27	10764.10
Saccade R	1	3	2338961568	2339025548	63980	1028.08	517.04	376.72	476.91	14.19	396.24	0.44	221.76	18715.05	-16296.27	10764.10
Fixation L	1	5	2339025548	2339285548	260000	408.75	478.66	47	13	-1	13.19	13.19
Fixation R	1	5	2339025548	2339285548	260000	408.75	478.66	47	13	-1	12.22	12.22
Saccade L	1	4	2339285548	2339321569	36021	415.05	470.60	432.51	584.10	2.38	156.61	0.44	66.06	7250.25	-6749.95	4663.65
Saccade R	1	4	2339285548	2339321569	36021	415.05	470.60	432.51	584.10	2.38	156.61	0.44	66.06	7250.25	-6749.95	4663.65
Fixation L	1	6	2339321569	2340077586	756017	420.57	604.71	43	49	-1	13.35	13.35
Fixation R	1	6	2339321569	2340077586	756017	420.57	604.71	43	49	-1	12.56	12.56
Saccade L	1	5	2340077586	2340137498	59912	426.98	606.16	1034.97	694.34	13.36	450.28	0.33	222.95	21022.05	-18583.29	12317.64
Saccade R	1	5	2340077586	2340137498	59912	426.98	606.16	1034.97	694.34	13.36	450.28	0.33	222.95	21022.05	-18583.29	12317.64
Fixation L	1	7	2340137498	2340365440	227942	1029.77	685.93	25	32	-1	14.20	14.20
Fixation R	1	7	2340137498	2340365440	227942	1029.77	685.93	25	32	-1	13.62	13.62
Saccade L	1	6	2340365440	2340405472	40032	1043.55	695.73	1032.08	563.47	2.83	171.51	0.30	70.80	8043.54	-7129.66	4802.19
Saccade R	1	6	2340365440	2340405472	40032	1043.55	695.73	1032.08	563.47	2.83	171.51	0.30	70.80	8043.54	-7129.66	4802.19
Fixation L	1	8	2340405472	2340589439	183967	1045.82	554.21	35	14	-1	14.23	14.23
Fixation R	1	8	2340405472	2340589439	183967	1045.82	554.21	35	14	-1	13.96	13.96
Saccade L	1	7	2340589439	2340625441	36002	1063.74	549.94	1034.83	504.68	1.17	52.60	0.33	32.56	2389.63	-1431.25	1321.34
Saccade R	1	7	2340589439	2340625441	36002	1063.74	549.94	1034.83	504.68	1.17	52.60	0.33	32.56	2389.63	-1431.25	1321.34
Fixation L	1	9	2340625441	2340829206	203765	774.06	373.92	1320	601	-1	13.09	13.09
Fixation R	1	9	2340625441	2340749443	124002	1041.03	502.12	10	25	-1	13.87	13.87
Fixation L	1	10	2340893526	2341141454	247928	320.83	554.54	43	89	-1	14.90	14.90
Fixation R	1	10	2340893526	2341141454	247928	320.83	554.54	43	89	-1	14.07	14.07
Saccade L	1	8	2341141454	2341185444	43990	336.09	587.43	382.88	614.35	1.17	42.94	0.36	26.63	1524.05	-991.77	855.54
Saccade R	1	8	2341141454	2341185444	43990	336.09	587.43	382.88	614.35	1.17	42.94	0.36	26.63	1524.05	-991.77	855.54
Fixation L	1	11	2341185444	2341545444	360000	387.82	618.44	16	21	-1	14.95	14.95
Fixation R	1	11	2341185444	2341545444	360000	387.82	618.44	16	21	-1	14.34	14.34
Saccade L	1	9	2341545444	2341581451	36007	379.17	617.82	435.23	611.80	1.19	60.66	0.44	33.16	2701.44	-2154.99	1722.58
Saccade R	1	9	2341545444	2341581451	36007	379.17	617.82	435.23	611.80	1.19	60.66	0.44	33.16	2701.44	-2154.99	1722.58
Fixation L	1	12	2341581451	2343293223	1711772	397.28	596.42	92	55	-1	14.27	14.27
Fixation R	1	12	2341581451	2343293223	1711772	397.28	596.42	92	55	-1	13.44	13.44
Saccade L	1	10	2343293223	2343333246	40023	360.67	573.97	417.83	557.23	1.26	65.28	0.40	31.50	2850.29	-2029.25	1534.20
Saccade R	1	10	2343293223	2343333246	40023	360.67	573.97	417.83	557.23	1.26	65.28	0.40	31.50	2850.29	-2029.25	1534.20
Fixation L	1	13	2343333246	2343533211	199965	425.92	554.57	11	6	-1	14.19	14.19
Fixation R	1	13	2343333246	2343533211	199965	425.92	554.57	11	6	-1	13.33	13.33
Saccade L	1	11	2343533211	2343573279	40068	424.26	557.30	381.71	506.11	1.46	68.81	0.40	36.56	3138.08	-2543.34	1837.93
Saccade R	1	11	2343533211	2343573279	40068	424.26	557.30	381.71	506.11	1.46	68.81	0.40	36.56	3138.08	-2543.34	1837.93
Fixation L	1	14	2343573279	2344241222	667943	405.76	465.01	54	71	-1	14.24	14.24
Fixation R	1	14	2343573279	2344241222	667943	405.76	465.01	54	71	-1	13.73	13.73
Saccade L	1	12	2344241222	2344273218	31996	431.26	436.46	427.75	387.33	1.03	56.41	0.50	32.10	2513.68	-2418.70	1824.68
Saccade R	1	12	2344241222	2344273218	31996	431.26	436.46	427.75	387.33	1.03	56.41	0.50	32.10	2513.68	-2418.70	1824.68
Fixation L	1	15	2344273218	2344717123	443905	443.11	405.05	23	35	-1	14.23	14.23
Fixation R	1	15	2344273218	2344717123	443905	443.11	405.05	23	35	-1	13.78	13.78
Saccade L	1	13	2344717123	2344753097	35974	444.25	405.86	368.52	498.01	2.46	135.93	0.33	68.34	6217.27	-5553.48	4187.55
Saccade R	1	13	2344717123	2344753097	35974	444.25	405.86	368.52	498.01	2.46	135.93	0.33	68.34	6217.27	-5553.48	4187.55
Fixation L	1	16	2344753097	2345481107	728010	351.96	496.48	72	54	-1	14.81	14.81
Fixation R	1	16	2344753097	2345481107	728010	351.96	496.48	72	54	-1	14.12	14.12
Saccade L	1	14	2345481107	2345517122	36015	369.38	505.08	411.67	533.89	1.04	46.85	0.33	28.92	2118.35	-1484.07	1271.76
Saccade R	1	14	2345481107	2345517122	36015	369.38	505.08	411.67	533.89	1.04	46.85	0.33	28.92	2118.35	-1484.07	1271.76
Fixation L	1	17	2345517122	2345845143	328021	412.96	535.95	12	13	-1	14.77	14.77
Fixation R	1	17	2345517122	2345845143	328021	412.96	535.95	12	13	-1	13.99	13.99
Saccade L	1	15	2345845143	2345881114	35971	408.92	540.42	400.25	433.02	2.24	116.73	0.56	62.19	5483.67	-5089.00	3867.62
Saccade R	1	15	2345845143	2345881114	35971	408.92	540.42	400.25	433.02	2.24	116.73	0.56	62.19	5483.67	-5089.00	3867.62
Fixation L	1	18	2345881114	2347476933	1595819	335.51	463.40	98	77	-1	14.54	14.54
Fixation R	1	18	2345881114	2347476933	1595819	335.51	463.40	98	77	-1	13.42	13.42
Saccade L	1	16	2347476933	2347516872	39939	315.51	488.67	421.40	460.45	2.49	167.36	0.40	62.45	7742.18	-6889.92	4491.18
Saccade R	1	16	2347476933	2347516872	39939	315.51	488.67	421.40	460.45	2.49	167.36	0.40	62.45	7742.18	-6889.92	4491.18
Fixation L	1	19	2347516872	2347784874	268002	419.53	462.54	15	15	-1	13.35	13.35
Fixation R	1	19	2347516872	2347784874	268002	419.53	462.54	15	15	-1	12.74	12.74
Saccade L	1	17	2347784874	2347852879	68005	412.17	468.38	1055.18	571.49	14.49	475.16	0.41	213.08	18763.18	-16669.82	11283.83
Saccade R	1	17	2347784874	2347852879	68005	412.17	468.38	1055.18	571.49	14.49	475.16	0.41	213.08	18763.18	-16669.82	11283.83
Fixation L	1	20	2347852879	2348084887	232008	1039.85	559.65	27	30	-1	13.42	13.42
Fixation R	1	20	2347852879	2348084887	232008	1039.85	559.65	27	30	-1	13.03	13.03
Saccade L	1	18	2348084887	2348104910	20023	1033.29	547.47	1027.03	575.72	0.63	52.50	0.60	31.68	2362.45	-1659.80	1492.91
Saccade R	1	18	2348084887	2348104910	20023	1033.29	547.47	1027.03	575.72	0.63	52.50	0.60	31.68	2362.45	-1659.80	1492.91
Fixation L	1	21	2348104910	2348296878	191968	1022.73	596.68	14	37	-1	13.33	13.33
Fixation R	1	21	2348104910	2348296878	191968	1022.73	596.68	14	37	-1	12.86	12.86
Saccade L	1	19	2348296878	2348324915	28037	1031.12	589.89	1122.17	582.96	1.82	136.72	0.57	64.84	6027.81	-6345.75	4542.81
Saccade R	1	19	2348296878	2348324915	28037	1031.12	589.89	1122.17	582.96	1.82	136.72	0.57	64.84	6027.81	-6345.75	4542.81
Fixation L	1	22	2348324915	2348476887	151972	1127.82	576.02	16	11	-1	12.83	12.83
Fixation R	1	22	2348324915	2348476887	151972	1127.82	576.02	16	11	-1	12.50	12.50
Saccade L	1	20	2348476887	2348512884	35997	1123.96	571.96	1186.01	486.99	2.18	111.51	0.44	60.44	5143.24	-4473.04	3455.61
Saccade R	1	20	2348476887	2348512884	35997	1123.96	571.96	1186.01	486.99	2.18	111.51	0.44	60.44	5143.24	-4473.04	3455.61
Fixation L	1	23	2348512884	2348732774	219890	1199.17	469.19	22	27	-1	12.70	12.70
Fixation R	1	23	2348512884	2348732774	219890	1199.17	469.19	22	27	-1	12.48	12.48
Saccade L	1	21	2348732774	2348764780	32006	1205.59	462.89	1262.79	475.02	1.27	77.51	0.37	39.66	3295.34	-2664.31	2092.58
Saccade R	1	21	2348732774	2348764780	32006	1205.59	462.89	1262.79	475.02	1.27	77.51	0.37	39.66	3295.34	-2664.31	2092.58
Fixation L	1	24	2348764780	2348852771	87991	1272.41	481.14	16	8	-1	12.88	12.88
Fixation R	1	24	2348764780	2348852771	87991	1272.41	481.14	16	8	-1	12.48	12.48
Saccade L	1	22	2348852771	2348884783	32012	1266.49	484.28	1252.42	588.74	2.21	141.93	0.37	69.17	6843.11	-6481.94	4693.33
Saccade R	1	22	2348852771	2348884783	32012	1266.49	484.28	1252.42	588.74	2.21	141.93	0.37	69.17	6843.11	-6481.94	4693.33
Fixation L	1	25	2348884783	2349268765	383982	1225.65	596.65	42	23	-1	13.25	13.25
Fixation R	1	25	2348884783	2349268765	383982	1225.65	596.65	42	23	-1	12.81	12.81
Saccade L	1	23	2349268765	2349292772	24007	1227.05	591.16	1194.54	594.93	0.63	40.24	0.50	26.39	1882.28	-1360.54	1171.12
Saccade R	1	23	2349268765	2349292772	24007	1227.05	591.16	1194.54	594.93	0.63	40.24	0.50	26.39	1882.28	-1360.54	1171.12
Fixation L	1	26	2349292772	2349744767	451995	1198.96	598.54	73	36	-1	13.64	13.64
Fixation R	1	26	2349292772	2349744767	451995	1198.96	598.54	73	36	-1	13.11	13.11
Saccade L	1	24	2349744767	2349792777	48010	1237.48	583.58	1021.01	658.59	4.86	225.73	0.42	101.27	10879.48	-8365.25	6217.73
Saccade R	1	24	2349744767	2349792777	48010	1237.48	583.58	1021.01	658.59	4.86	225.73	0.42	101.27	10879.48	-8365.25	6217.73
Fixation L	1	27	2349792777	2350000768	207991	1018.07	649.53	17	33	-1	14.06	14.06
Fixation R	1	27	2349792777	2350000768	207991	1018.07	649.53	17	33	-1	13.30	13.30
Saccade L	1	25	2350000768	2350024785	24017	1021.23	651.69	1058.05	655.07	0.70	43.79	0.50	29.11	1945.14	-1705.38	1335.46
Saccade R	1	25	2350000768	2350024785	24017	1021.23	651.69	1058.05	655.07	0.70	43.79	0.50	29.11	1945.14	-1705.38	1335.46
Fixation L	1	28	2350024785	2350200652	175867	1059.73	654.66	24	17	-1	14.41	14.41
Fixation R	1	28	2350024785	2350200652	175867	1059.73	654.66	24	17	-1	13.51	13.51
Saccade L	1	26	2350200652	2350228660	28008	1047.71	665.12	1099.59	663.08	1.15	78.70	0.57	40.89	3152.27	-2871.00	2172.47
Saccade R	1	26	2350200652	2350228660	28008	1047.71	665.12	1099.59	663.08	1.15	78.70	0.57	40.89	3152.27	-2871.00	2172.47
Fixation L	1	29	2350228660	2350344664	116004	1114.12	673.53	19	18	-1	14.51	14.51
Fixation R	1	29	2350228660	2350344664	116004	1114.12	673.53	19	18	-1	13.61	13.61
Saccade L	1	27	2350344664	2350412659	67995	1119.15	679.56	366.98	615.70	16.52	458.45	0.53	242.91	20874.02	-17378.37	11541.10
Saccade R	1	27	2350344664	2350412659	67995	1119.15	679.56	366.98	615.70	16.52	458.45	0.53	242.91	20874.02	-17378.37	11541.10
Fixation L	1	30	2350412659	2350572650	159991	361.42	622.86	20	20	-1	14.56	14.56
Fixation R	1	30	2350412659	2350572650	159991	361.42	622.86	20	20	-1	13.35	13.35
Saccade L	1	28	2350572650	2350600651	28001	352.19	626.13	422.86	605.64	1.47	97.20	0.57	52.64	4464.32	-4623.67	3356.86
Saccade R	1	28	2350572650	2350600651	28001	352.19	626.13	422.86	605.64	1.47	97.20	0.57	52.64	4464.32	-4623.67	3356.86
Fixation L	1	31	2350600651	2351320662	720011	418.20	610.74	26	37	-1	14.76	14.76
Fixation R	1	31	2350600651	2351320662	720011	418.20	610.74	26	37	-1	13.42	13.42
Saccade L	1	29	2351320662	2351384683	64021	411.37	603.76	1165.17	602.63	16.45	483.83	0.50	256.91	20896.12	-19983.91	12728.75
Saccade R	1	29	2351320662	2351384683	64021	411.37	603.76	1165.17	602.63	16.45	483.83	0.50	256.91	20896.12	-19983.91	12728.75
Fixation L	1	32	2351384683	2351708537	323854	1132.51	608.34	64	46	-1	14.95	14.95
Fixation R	1	32	2351384683	2351708537	323854	1132.51	608.34	64	46	-1	14.21	14.21
Saccade L	1	30	2351708537	2351736531	27994	1130.40	592.61	1045.48	609.78	1.86	149.72	0.43	66.53	6720.80	-6220.75	4729.02
Saccade R	1	30	2351708537	2351736531	27994	1130.40	592.61	1045.48	609.78	1.86	149.72	0.43	66.53	6720.80	-6220.75	4729.02
Fixation L	1	33	2351736531	2352260558	524027	876.55	524.92	1280	1004	-1	14.07	14.07
Fixation R	1	33	2351736531	2352136566	400035	1045.82	622.64	45	22	-1	13.70	13.70
Fixation L	1	34	2352340560	2352488545	147985	1057.74	587.69	35	27	-1	14.46	14.46
Fixation R	1	34	2352340560	2352488545	147985	1057.74	587.69	35	27	-1	13.82	13.82
Saccade L	1	31	2352488545	2352544544	55999	1052.14	596.66	498.05	595.16	12.03	433.73	0.50	214.76	19839.22	-19898.21	12995.98
Saccade R	1	31	2352488545	2352544544	55999	1052.14	596.66	498.05	595.16	12.03	433.73	0.50	214.76	19839.22	-19898.21	12995.98
Fixation L	1	35	2352544544	2352692557	148013	490.98	611.53	12	25	-1	14.91	14.91
Fixation R	1	35	2352544544	2352692557	148013	490.98	611.53	12	25	-1	14.17	14.17
Saccade L	1	32	2352692557	2352716542	23985	485.07	617.89	446.45	620.75	0.75	55.58	0.67	31.28	2562.09	-2409.55	1803.07
Saccade R	1	32	2352692557	2352716542	23985	485.07	617.89	446.45	620.75	0.75	55.58	0.67	31.28	2562.09	-2409.55	1803.07
Fixation L	1	36	2352716542	2353820432	1103890	408.06	619.84	69	37	-1	14.17	14.17
Fixation R	1	36	2352716542	2353820432	1103890	408.06	619.84	69	37	-1	13.32	13.32
Saccade L	1	33	2353820432	2353852427	31995	390.99	617.98	279.97	626.76	2.24	149.94	0.38	70.10	6511.85	-6248.33	4549.45
Saccade R	1	33	2353820432	2353852427	31995	390.99	617.98	279.97	626.76	2.24	149.94	0.38	70.10	6511.85	-6248.33	4549.45
Fixation L	1	37	2353852427	2355144316	1291889	299.94	616.75	51	43	-1	13.96	13.96
Fixation R	1	37	2353852427	2355144316	1291889	299.94	616.75	51	43	-1	13.02	13.02
Saccade L	1	34	2355144316	2355180315	35999	298.42	618.46	368.88	626.58	1.51	65.45	0.33	41.82	3187.40	-2281.45	1991.42
Saccade R	1	34	2355144316	2355180315	35999	298.42	618.46	368.88	626.58	1.51	65.45	0.33	41.82	3187.40	-2281.45	1991.42
Fixation L	1	38	2355180315	2355436322	256007	375.44	630.78	14	9	-1	13.91	13.91
Fixation R	1	38	2355180315	2355436322	256007	375.44	630.78	14	9	-1	12.94	12.94
Saccade L	1	35	2355436322	2355500316	63994	372.93	627.25	1113.24	637.37	16.08	465.03	0.37	251.23	21264.20	-18119.18	12196.30
Saccade R	1	35	2355436322	2355500316	63994	372.93	627.25	1113.24	637.37	16.08	465.03	0.37	251.23	21264.20	-18119.18	12196.30
Fixation L	1	39	2355500316	2355640368	140052	1111.73	647.99	9	19	-1	14.47	14.47
Fixation R	1	39	2355500316	2355640368	140052	1111.73	647.99	9	19	-1	13.67	13.67
Saccade L	1	36	2355640368	2355668320	27952	1117.84	640.44	1031.31	651.41	1.79	129.82	0.57	64.15	6165.67	-5802.50	4410.64
Saccade R	1	36	2355640368	2355668320	27952	1117.84	640.44	1031.31	651.41	1.79	129.82	0.57	64.15	6165.67	-5802.50	4410.64
Fixation L	1	40	2355668320	2355984222	315902	1023.79	659.45	17	27	-1	14.09	14.09
Fixation R	1	40	2355668320	2355984222	315902	1023.79	659.45	17	27	-1	13.21	13.21
Saccade L	1	37	2355984222	2356044200	59978	1019.45	644.86	300.42	647.14	15.64	485.04	0.53	260.68	20118.61	-20282.20	12823.24
Saccade R	1	37	2355984222	2356044200	59978	1019.45	644.86	300.42	647.14	15.64	485.04	0.53	260.68	20118.61	-20282.20	12823.24
Fixation L	1	41	2356044200	2356512205	468005	307.50	655.23	24	15	-1	14.08	14.08
Fixation R	1	41	2356044200	2356512205	468005	307.50	655.23	24	15	-1	12.74	12.74
Saccade L	1	38	2356512205	2356544219	32014	316.13	646.48	334.03	607.07	1.02	64.08	0.38	31.78	2855.19	-1958.01	1649.00
Saccade R	1	38	2356512205	2356544219	32014	316.13	646.48	334.03	607.07	1.02	64.08	0.38	31.78	2855.19	-1958.01	1649.00
Fixation L	1	42	2356544219	2356796205	251986	342.18	599.08	15	13	-1	13.88	13.88
Fixation R	1	42	2356544219	2356796205	251986	342.18	599.08	15	13	-1	12.76	12.76
Saccade L	1	39	2356796205	2356868206	72001	338.58	604.93	1167.72	670.66	18.30	489.40	0.44	254.21	20941.29	-17676.72	11836.42
Saccade R	1	39	2356796205	2356868206	72001	338.58	604.93	1167.72	670.66	18.30	489.40	0.44	254.21	20941.29	-17676.72	11836.42
Fixation L	1	43	2356868206	2357268086	399880	1129.53	665.52	61	36	-1	13.95	13.95
Fixation R	1	43	2356868206	2357268086	399880	1129.53	665.52	61	36	-1	13.27	13.27
Saccade L	1	40	2357268086	2357332082	63996	1121.31	643.46	341.80	596.87	17.12	482.72	0.50	267.45	21053.38	-19189.92	12838.53
Saccade R	1	40	2357268086	2357332082	63996	1121.31	643.46	341.80	596.87	17.12	482.72	0.50	267.45	21053.38	-19189.92	12838.53
Fixation L	1	44	2357332082	2357624083	292001	355.34	595.58	28	18	-1	13.56	13.56
Fixation R	1	44	2357332082	2357624083	292001	355.34	595.58	28	18	-1	12.53	12.53
Saccade L	1	41	2357624083	2357664087	40004	357.25	604.07	319.11	500.01	2.62	156.44	0.40	65.60	7104.28	-6395.72	4460.79
Saccade R	1	41	2357624083	2357664087	40004	357.25	604.07	319.11	500.01	2.62	156.44	0.40	65.60	7104.28	-6395.72	4460.79
Fixation L	1	45	2357664087	2357996094	332007	322.62	472.70	42	39	-1	13.93	13.93
Fixation R	1	45	2357664087	2357996094	332007	322.62	472.70	42	39	-1	13.01	13.01
Saccade L	1	42	2357996094	2358024088	27994	350.08	472.12	335.94	529.00	1.21	87.88	0.43	43.40	3698.22	-3189.87	2535.18
Saccade R	1	42	2357996094	2358024088	27994	350.08	472.12	335.94	529.00	1.21	87.88	0.43	43.40	3698.22	-3189.87	2535.18
Fixation L	1	46	2358024088	2358176090	152002	331.43	544.71	24	27	-1	14.10	14.10
Fixation R	1	46	2358024088	2358176090	152002	331.43	544.71	24	27	-1	13.24	13.24
Saccade L	1	43	2358176090	2358208094	32004	324.50	557.41	330.03	634.37	1.57	95.19	0.38	48.98	4433.94	-3964.49	2986.83
Saccade R	1	43	2358176090	2358208094	32004	324.50	557.41	330.03	634.37	1.57	95.19	0.38	48.98	4433.94	-3964.49	2986.83
Fixation L	1	47	2358208094	2358591966	383872	353.69	636.42	36	17	-1	14.19	14.19
Fixation R	1	47	2358208094	2358591966	383872	353.69	636.42	36	17	-1	13.52	13.52
Saccade L	1	44	2358591966	2358636023	44057	363.77	644.55	399.92	537.09	2.50	93.65	0.27	56.77	4424.81	-3548.12	2843.97
Saccade R	1	44	2358591966	2358636023	44057	363.77	644.55	399.92	537.09	2.50	93.65	0.27	56.77	4424.81	-3548.12	2843.97
Fixation L	1	48	2358636023	2358871970	235947	386.60	525.35	18	14	-1	14.21	14.21
Fixation R	1	48	2358636023	2358871970	235947	386.60	525.35	18	14	-1	13.80	13.80
Saccade L	1	45	2358871970	2358939994	68024	381.64	527.48	1187.58	662.63	17.92	494.05	0.41	263.42	20886.15	-19335.50	12339.99
Saccade R	1	45	2358871970	2358939994	68024	381.64	527.48	1187.58	662.63	17.92	494.05	0.41	263.42	20886.15	-19335.50	12339.99
Fixation L	1	49	2358939994	2359227976	287982	1198.61	661.23	27	39	-1	14.53	14.53
Fixation R	1	49	2358939994	2359227976	287982	1198.61	661.23	27	39	-1	14.26	14.26
Saccade L	1	46	2359227976	2359295975	67999	1206.92	645.90	399.46	548.78	17.91	511.53	0.53	263.42	20739.88	-20932.71	12532.46
Saccade R	1	46	2359227976	2359295975	67999	1206.92	645.90	399.46	548.78	17.91	511.53	0.53	263.42	20739.88	-20932.71	12532.46
Fixation L	1	50	2359295975	2359623977	328002	388.37	543.06	16	17	-1	14.51	14.51
Fixation R	1	50	2359295975	2359623977	328002	388.37	543.06	16	17	-1	13.71	13.71
Saccade L	1	47	2359623977	2359667982	44005	389.15	539.04	398.54	388.28	3.23	142.91	0.55	73.41	5262.75	-6665.10	4245.73
Saccade R	1	47	2359623977	2359667982	44005	389.15	539.04	398.54	388.28	3.23	142.91	0.55	73.41	5262.75	-6665.10	4245.73
Fixation L	1	51	2359667982	2359955982	288000	402.77	379.65	9	15	-1	14.78	14.78
Fixation R	1	51	2359667982	2359955982	288000	402.77	379.65	9	15	-1	14.03	14.03
Saccade L	1	48	2359955982	2360039875	83893	400.17	384.16	1271.47	697.21	21.01	531.43	0.43	250.45	22697.17	-23413.01	11565.31
Saccade R	1	48	2359955982	2360039875	83893	400.17	384.16	1271.47	697.21	21.01	531.43	0.43	250.45	22697.17	-23413.01	11565.31
Fixation L	1	52	2360039875	2360215882	176007	1273.16	686.47	15	18	-1	15.11	15.11
Fixation R	1	52	2360039875	2360215882	176007	1273.16	686.47	15	18	-1	14.74	14.74
Saccade L	1	49	2360215882	2360283876	67994	1268.94	682.85	398.18	574.60	19.34	506.03	0.53	284.41	22478.40	-20966.37	12773.98
Saccade R	1	49	2360215882	2360283876	67994	1268.94	682.85	398.18	574.60	19.34	506.03	0.53	284.41	22478.40	-20966.37	12773.98
Fixation L	1	53	2360283876	2360403858	119982	401.61	553.17	13	33	-1	15.20	15.20
Fixation R	1	53	2360283876	2360403858	119982	401.61	553.17	13	33	-1	14.05	14.05
