[BeGaze]
Converted from:	D:\Kirillov\Results\ermolova_temp\Dima-eye_data.idf
Date:	17.04.2019 03:53:54
Version:	BeGaze 3.0.181
Sample Rate:	250
Subject:	Dima
Description:	Run33

Table Header for Fixations:
Event Type	Trial	Number	Start	End	Duration	Location X	Location Y	Dispersion X	Dispersion Y	Plane	Avg. Pupil Size X	Avg. Pupil Size Y

Table Header for Saccades:
Event Type	Trial	Number	Start	End	Duration	Start Loc.X	Start Loc.Y	End Loc.X	End Loc.Y	Amplitude	Peak Speed	Peak Speed At	Average Speed	Peak Accel.	Peak Decel.	Average Accel.

Table Header for User Events:
Event Type	Trial	Number	Start	Description

UserEvent	1	1	662576725	# Message: Questionnaire6.jpg
Fixation L	1	1	662578560	662850414	271854	517.35	449.35	30	45	-1	14.56	14.56
Fixation R	1	1	662578560	662850414	271854	517.35	449.35	30	45	-1	15.17	15.17
Saccade L	1	1	662850414	662898450	48036	509.61	441.63	425.36	276.59	3.88	207.42	0.25	80.75	9173.35	-6171.83	4424.90
Saccade R	1	1	662850414	662898450	48036	509.61	441.63	425.36	276.59	3.88	207.42	0.25	80.75	9173.35	-6171.83	4424.90
Fixation L	1	2	662898450	662970432	71982	438.96	270.38	124	133	-1	13.81	13.81
Saccade R	1	2	662938537	662970432	31895	420.15	277.95	437.75	276.64	3.37	193.03	0.25	105.56	33741.52	-5415.49	9436.88
Saccade L	1	2	662970432	662994418	23986	437.75	276.64	0.00	0.00	10.39	1003.22	0.50	433.14	35815.13	-17888.79	18710.73
Saccade R	1	3	662970432	662994418	23986	437.75	276.64	0.00	0.00	10.39	1003.22	0.50	433.14	35815.13	-17888.79	18710.73
Saccade L	1	3	662994418	663036126	41708	0.00	0.00	0.00	0.00	19.86	980.03	0.29	476.18	16449.71	-40800.43	15319.23
Saccade R	1	4	662994418	663036126	41708	0.00	0.00	0.00	0.00	19.86	980.03	0.29	476.18	16449.71	-40800.43	15319.23
Fixation L	1	3	663036126	663219382	183256	0.00	0.00	0	0	-1	2.39	2.24
Fixation R	1	2	663036126	663219382	183256	0.00	0.00	0	0	-1	14.95	14.95
Saccade L	1	4	663282434	663330422	47988	397.19	234.01	564.08	275.22	6.69	323.01	0.50	139.34	13261.28	-12729.47	8776.43
Saccade R	1	5	663282434	663330422	47988	397.19	234.01	564.08	275.22	6.69	323.01	0.50	139.34	13261.28	-12729.47	8776.43
Fixation L	1	4	663330422	663482426	152004	551.59	267.62	38	29	-1	14.45	14.45
Fixation R	1	3	663330422	663482426	152004	551.59	267.62	38	29	-1	15.10	15.10
Saccade L	1	5	663482426	663530416	47990	534.89	251.96	637.85	266.46	2.12	90.67	0.33	44.11	4142.86	-3102.48	2308.56
Saccade R	1	6	663482426	663530416	47990	534.89	251.96	637.85	266.46	2.12	90.67	0.33	44.11	4142.86	-3102.48	2308.56
Fixation L	1	5	663530416	663618458	88042	641.93	254.77	15	19	-1	14.23	14.23
Fixation R	1	4	663530416	663618458	88042	641.93	254.77	15	19	-1	15.14	15.14
Saccade L	1	6	663618458	663662444	43986	643.22	246.59	829.10	269.32	3.97	182.11	0.27	90.16	8826.76	-6453.35	5370.23
Saccade R	1	7	663618458	663662444	43986	643.22	246.59	829.10	269.32	3.97	182.11	0.27	90.16	8826.76	-6453.35	5370.23
Fixation L	1	6	663662444	663818453	156009	817.45	251.88	31	26	-1	14.57	14.57
Fixation R	1	5	663662444	663818453	156009	817.45	251.88	31	26	-1	15.35	15.35
Saccade L	1	7	663818453	663874455	56002	816.36	264.89	1001.01	276.67	4.20	159.94	0.36	75.01	7166.77	-5182.54	3907.12
Saccade R	1	8	663818453	663874455	56002	816.36	264.89	1001.01	276.67	4.20	159.94	0.36	75.01	7166.77	-5182.54	3907.12
Fixation L	1	7	663874455	664030339	155884	990.20	266.15	18	19	-1	14.86	14.86
Fixation R	1	6	663874455	664030339	155884	990.20	266.15	18	19	-1	15.47	15.47
Saccade L	1	8	664030339	664082313	51974	986.22	258.25	375.09	309.02	13.19	563.94	0.38	253.78	27385.07	-23208.42	16556.64
Saccade R	1	9	664030339	664082313	51974	986.22	258.25	375.09	309.02	13.19	563.94	0.38	253.78	27385.07	-23208.42	16556.64
Fixation L	1	8	664082313	664902342	820029	443.40	307.15	96	55	-1	15.23	15.23
Fixation R	1	7	664082313	664902342	820029	443.40	307.15	96	55	-1	15.64	15.64
Saccade L	1	9	664902342	664954338	51996	459.10	320.05	366.37	242.57	2.72	144.85	0.31	52.40	6534.88	-5061.51	2940.96
Saccade R	1	10	664902342	664954338	51996	459.10	320.05	366.37	242.57	2.72	144.85	0.31	52.40	6534.88	-5061.51	2940.96
Fixation L	1	9	664954338	665118343	164005	370.19	246.01	29	30	-1	14.90	14.90
Fixation R	1	8	664954338	665118343	164005	370.19	246.01	29	30	-1	15.44	15.44
Saccade L	1	10	665118343	665166355	48012	374.79	245.43	431.51	347.17	2.55	110.68	0.42	53.13	5029.34	-3282.56	2668.12
Saccade R	1	11	665118343	665166355	48012	374.79	245.43	431.51	347.17	2.55	110.68	0.42	53.13	5029.34	-3282.56	2668.12
Fixation L	1	10	665166355	666332120	1165765	313.90	263.07	475	409	-1	13.85	13.85
Fixation R	1	9	665166355	665926239	759884	440.44	367.95	65	45	-1	15.54	15.54
Fixation L	1	11	666442256	666518264	76008	475.30	450.13	15	26	-1	15.59	15.59
Fixation R	1	10	666442256	666518264	76008	475.30	450.13	15	26	-1	15.95	15.95
Saccade L	1	11	666518264	666554158	35894	470.39	454.71	446.59	417.49	1.07	40.04	0.22	29.93	791.30	-709.59	516.54
Saccade R	1	12	666518264	666554158	35894	470.39	454.71	446.59	417.49	1.07	40.04	0.22	29.93	791.30	-709.59	516.54
Fixation L	1	12	666554158	666754247	200089	440.54	423.58	28	55	-1	15.96	15.96
Fixation R	1	11	666554158	666754247	200089	440.54	423.58	28	55	-1	16.26	16.26
Saccade L	1	12	666754247	666786262	32015	431.82	441.34	384.46	421.33	1.10	57.45	0.50	34.22	1597.61	-2276.37	1262.34
Saccade R	1	13	666754247	666786262	32015	431.82	441.34	384.46	421.33	1.10	57.45	0.50	34.22	1597.61	-2276.37	1262.34
Saccade L	1	13	666794248	666818148	23900	379.01	424.90	445.90	485.36	1.75	143.18	0.67	73.25	6340.77	-1831.22	3062.55
Saccade R	1	14	666794248	666818148	23900	379.01	424.90	445.90	485.36	1.75	143.18	0.67	73.25	6340.77	-1831.22	3062.55
Saccade L	1	14	666818148	666850148	32000	445.90	485.36	396.94	458.65	1.54	137.49	0.25	48.00	86.94	-4728.06	1990.70
Saccade R	1	15	666818148	666850148	32000	445.90	485.36	396.94	458.65	1.54	137.49	0.25	48.00	86.94	-4728.06	1990.70
Fixation L	1	13	666850148	667074157	224009	398.46	435.77	47	42	-1	15.31	15.31
Fixation R	1	12	666850148	667074157	224009	398.46	435.77	47	42	-1	15.80	15.80
Saccade L	1	15	667074157	667146154	71997	419.28	442.87	418.64	322.48	2.60	73.13	0.33	36.12	2474.53	-1697.36	1190.08
Saccade R	1	16	667074157	667146154	71997	419.28	442.87	418.64	322.48	2.60	73.13	0.33	36.12	2474.53	-1697.36	1190.08
Fixation L	1	14	667146154	668082151	935997	414.36	349.14	60	45	-1	14.85	14.85
Fixation R	1	13	667146154	668082151	935997	414.36	349.14	60	45	-1	15.51	15.51
Saccade L	1	16	668082151	668118164	36013	408.44	324.78	465.03	338.39	1.15	47.18	0.56	31.80	1883.70	-1408.14	1295.88
Saccade R	1	17	668082151	668118164	36013	408.44	324.78	465.03	338.39	1.15	47.18	0.56	31.80	1883.70	-1408.14	1295.88
Fixation L	1	15	668118164	668278035	159871	481.69	336.94	30	20	-1	14.82	14.82
Fixation R	1	14	668118164	668278035	159871	481.69	336.94	30	20	-1	15.71	15.71
Saccade L	1	17	668278035	668314039	36004	478.46	327.66	0.00	0.00	13.82	968.74	0.67	383.77	44631.06	-44028.62	30189.74
Fixation L	1	16	668314039	668384409	70370	0.00	0.00	0	0	-1	9.94	9.94
Saccade L	1	18	668482035	668514044	32009	336.11	304.74	440.38	329.41	1.55	97.70	0.25	48.46	2231.53	-3398.80	1791.48
Saccade R	1	18	668482035	668514044	32009	336.11	304.74	440.38	329.41	1.55	97.70	0.25	48.46	2231.53	-3398.80	1791.48
Fixation L	1	17	668514044	669358053	844009	473.10	363.93	65	63	-1	15.24	15.24
Fixation R	1	15	668514044	669358053	844009	473.10	363.93	65	63	-1	15.88	15.88
Saccade L	1	19	669358053	669386073	28020	484.41	341.22	415.47	348.79	1.35	95.25	0.43	48.34	4490.49	-3830.27	3054.14
Saccade R	1	19	669358053	669386073	28020	484.41	341.22	415.47	348.79	1.35	95.25	0.43	48.34	4490.49	-3830.27	3054.14
Fixation L	1	18	669386073	670545941	1159868	371.35	331.52	65	72	-1	15.34	15.34
Fixation R	1	16	669386073	670545941	1159868	371.35	331.52	65	72	-1	15.91	15.91
UserEvent	1	2	670196556	# Message: UE-mouseclick left x=361 y=305
Saccade L	1	20	670545941	670593897	47956	376.89	335.83	419.96	458.48	2.93	161.73	0.25	61.16	7040.59	-5904.37	3381.52
Saccade R	1	20	670545941	670593897	47956	376.89	335.83	419.96	458.48	2.93	161.73	0.25	61.16	7040.59	-5904.37	3381.52
Fixation L	1	19	670593897	671165861	571964	421.48	455.72	59	155	-1	16.09	16.09
Fixation R	1	17	670593897	671165861	571964	421.48	455.72	59	155	-1	16.80	16.80
UserEvent	1	3	671052571	# Message: UE-mouseclick left x=434 y=384
