[BeGaze]
Converted from:	D:\Kirillov\Results\ermolova_temp\Polina 03-1-eye_data.idf
Date:	17.04.2019 03:53:30
Version:	BeGaze 3.0.181
Sample Rate:	250
Subject:	Polina 03
Description:	Run26

Table Header for Fixations:
Event Type	Trial	Number	Start	End	Duration	Location X	Location Y	Dispersion X	Dispersion Y	Plane	Avg. Pupil Size X	Avg. Pupil Size Y

Table Header for Saccades:
Event Type	Trial	Number	Start	End	Duration	Start Loc.X	Start Loc.Y	End Loc.X	End Loc.Y	Amplitude	Peak Speed	Peak Speed At	Average Speed	Peak Accel.	Peak Decel.	Average Accel.

Table Header for User Events:
Event Type	Trial	Number	Start	Description

UserEvent	1	1	11954015690	# Message: experiment-07.jpg
Fixation L	1	1	11954015887	11954379880	363993	444.94	310.25	41	46	-1	10.43	10.43
Fixation R	1	1	11954015887	11954379880	363993	444.94	310.25	41	46	-1	11.18	11.18
Saccade L	1	1	11954379880	11954427890	48010	437.36	333.19	856.90	566.91	10.32	479.78	0.33	214.89	22931.58	-17960.75	13655.75
Saccade R	1	1	11954379880	11954427890	48010	437.36	333.19	856.90	566.91	10.32	479.78	0.33	214.89	22931.58	-17960.75	13655.75
Fixation L	1	2	11954427890	11954659896	232006	871.15	564.29	53	29	-1	10.54	10.54
Fixation R	1	2	11954427890	11954659896	232006	871.15	564.29	53	29	-1	11.14	11.14
Saccade L	1	2	11954659896	11954715908	56012	867.73	554.97	1179.68	414.95	7.53	246.49	0.43	134.41	11095.69	-11192.59	7052.32
Saccade R	1	2	11954659896	11954715908	56012	867.73	554.97	1179.68	414.95	7.53	246.49	0.43	134.41	11095.69	-11192.59	7052.32
Fixation L	1	3	11954715908	11954807783	91875	1164.98	415.28	31	10	-1	10.34	10.34
Fixation R	1	3	11954715908	11954807783	91875	1164.98	415.28	31	10	-1	10.91	10.91
Saccade L	1	3	11954807783	11954899775	91992	1145.79	410.55	808.83	659.10	10.14	405.00	0.35	110.27	19065.43	-14213.83	6314.18
Saccade R	1	3	11954807783	11954899775	91992	1145.79	410.55	808.83	659.10	10.14	405.00	0.35	110.27	19065.43	-14213.83	6314.18
Fixation L	1	4	11954899775	11955063773	163998	838.22	667.26	44	20	-1	10.80	10.80
Fixation R	1	4	11954899775	11955063773	163998	838.22	667.26	44	20	-1	11.07	11.07
Saccade L	1	4	11955063773	11955095793	32020	842.57	665.12	0.00	0.00	27.57	2480.51	0.62	861.11	93744.78	-107550.01	62210.90
Saccade R	1	4	11955063773	11955095793	32020	842.57	665.12	0.00	0.00	27.57	2480.51	0.62	861.11	93744.78	-107550.01	62210.90
Fixation L	1	5	11955211839	11955291816	79977	1122.68	350.77	11	13	-1	10.45	10.45
Fixation R	1	5	11955211839	11955291816	79977	1122.68	350.77	11	13	-1	10.83	10.83
Saccade L	1	5	11955291816	11955347807	55991	1131.76	358.87	826.62	703.22	10.70	425.96	0.29	191.12	19542.21	-12450.63	10275.94
Saccade R	1	5	11955291816	11955347807	55991	1131.76	358.87	826.62	703.22	10.70	425.96	0.29	191.12	19542.21	-12450.63	10275.94
Fixation L	1	6	11955347807	11955627728	279921	814.13	677.37	37	45	-1	10.98	10.98
Fixation R	1	6	11955347807	11955627728	279921	814.13	677.37	37	45	-1	11.14	11.14
Saccade L	1	6	11955627728	11955687783	60055	799.91	679.18	1002.76	364.16	9.65	403.01	0.47	160.65	17573.23	-14092.05	9494.49
Saccade R	1	6	11955627728	11955687783	60055	799.91	679.18	1002.76	364.16	9.65	403.01	0.47	160.65	17573.23	-14092.05	9494.49
Fixation L	1	7	11955687783	11955827787	140004	1014.34	344.59	54	35	-1	10.58	10.58
Fixation R	1	7	11955687783	11955827787	140004	1014.34	344.59	54	35	-1	11.07	11.07
Saccade L	1	7	11955827787	11955887801	60014	1042.06	348.29	1181.57	392.65	3.89	205.74	0.53	64.85	7934.77	-7300.36	3645.90
Saccade R	1	7	11955827787	11955887801	60014	1042.06	348.29	1181.57	392.65	3.89	205.74	0.53	64.85	7934.77	-7300.36	3645.90
Fixation L	1	8	11955887801	11956071792	183991	1198.57	369.73	26	31	-1	10.27	10.27
Fixation R	1	8	11955887801	11956071792	183991	1198.57	369.73	26	31	-1	10.96	10.96
Saccade L	1	8	11956071792	11956099809	28017	1207.80	364.52	1257.43	373.82	1.03	58.22	0.43	36.62	2568.43	-2163.61	1756.88
Saccade R	1	8	11956071792	11956099809	28017	1207.80	364.52	1257.43	373.82	1.03	58.22	0.43	36.62	2568.43	-2163.61	1756.88
Fixation L	1	9	11956099809	11956411710	311901	1266.10	383.63	21	32	-1	10.16	10.16
Fixation R	1	9	11956099809	11956411710	311901	1266.10	383.63	21	32	-1	10.76	10.76
Saccade L	1	9	11956411710	11956495695	83985	1258.48	404.55	808.05	901.23	15.53	416.27	0.57	184.93	13871.50	-14876.75	7577.33
Saccade R	1	9	11956411710	11956495695	83985	1258.48	404.55	808.05	901.23	15.53	416.27	0.57	184.93	13871.50	-14876.75	7577.33
Fixation L	1	10	11956495695	11956695690	199995	817.90	872.62	25	46	-1	10.38	10.38
Fixation R	1	10	11956495695	11956695690	199995	817.90	872.62	25	46	-1	10.70	10.70
Fixation L	1	11	11956711683	11956831707	120024	859.53	854.97	54	23	-1	10.43	10.43
Fixation R	1	11	11956711683	11956831707	120024	859.53	854.97	54	23	-1	10.60	10.60
Saccade L	1	10	11956831707	11956887720	56013	882.41	847.98	733.97	902.80	4.26	238.08	0.29	75.97	11316.56	-9885.40	4813.52
Saccade R	1	10	11956831707	11956887720	56013	882.41	847.98	733.97	902.80	4.26	238.08	0.29	75.97	11316.56	-9885.40	4813.52
Fixation L	1	12	11956887720	11957044031	156311	737.34	903.53	14	16	-1	10.35	10.35
Fixation R	1	12	11956887720	11957044031	156311	737.34	903.53	14	16	-1	10.47	10.47
Saccade L	1	11	11957044031	11957079713	35682	736.96	908.61	739.93	714.89	4.01	242.78	0.55	112.52	11747.45	-11527.90	8265.98
Saccade R	1	11	11957044031	11957079713	35682	736.96	908.61	739.93	714.89	4.01	242.78	0.55	112.52	11747.45	-11527.90	8265.98
Fixation L	1	13	11957079713	11957195717	116004	753.15	744.72	25	48	-1	10.38	10.38
Fixation R	1	13	11957079713	11957195717	116004	753.15	744.72	25	48	-1	10.42	10.42
Saccade L	1	12	11957195717	11957247620	51903	749.26	763.57	1090.47	363.24	11.60	455.32	0.31	223.52	21957.60	-14207.15	12562.17
Saccade R	1	12	11957195717	11957247620	51903	749.26	763.57	1090.47	363.24	11.60	455.32	0.31	223.52	21957.60	-14207.15	12562.17
Saccade L	1	13	11957255714	11957307703	51989	1089.34	361.90	1093.33	394.85	1.56	43.60	0.77	30.07	927.68	-1164.09	667.14
Saccade R	1	13	11957255714	11957307703	51989	1089.34	361.90	1093.33	394.85	1.56	43.60	0.77	30.07	927.68	-1164.09	667.14
Fixation L	1	14	11957307703	11957623736	316033	1109.36	399.79	38	56	-1	10.16	10.16
Fixation R	1	14	11957307703	11957623736	316033	1109.36	399.79	38	56	-1	10.67	10.67
Saccade L	1	14	11957623736	11957655599	31863	1093.58	402.96	1054.29	369.00	1.39	93.18	0.37	43.75	3969.45	-3115.18	2103.58
Saccade R	1	14	11957623736	11957655599	31863	1093.58	402.96	1054.29	369.00	1.39	93.18	0.37	43.75	3969.45	-3115.18	2103.58
Fixation L	1	15	11957655599	11957763590	107991	1053.18	375.85	23	29	-1	10.28	10.28
Fixation R	1	15	11957655599	11957763590	107991	1053.18	375.85	23	29	-1	10.83	10.83
Saccade L	1	15	11957763590	11957831579	67989	1041.02	382.38	829.34	806.78	11.17	340.07	0.29	164.25	16798.95	-9640.59	7241.19
Saccade R	1	15	11957763590	11957831579	67989	1041.02	382.38	829.34	806.78	11.17	340.07	0.29	164.25	16798.95	-9640.59	7241.19
Saccade L	1	16	11957831579	11957855625	24046	829.34	806.78	828.99	781.91	0.55	42.83	0.50	22.82	217.95	-1225.48	532.52
Saccade R	1	16	11957831579	11957855625	24046	829.34	806.78	828.99	781.91	0.55	42.83	0.50	22.82	217.95	-1225.48	532.52
Fixation L	1	16	11957855625	11958163594	307969	816.90	791.28	56	34	-1	10.68	10.68
Fixation R	1	16	11957855625	11958163594	307969	816.90	791.28	56	34	-1	10.89	10.89
Saccade L	1	17	11958163594	11958195609	32015	803.41	800.08	804.74	634.87	3.44	276.68	0.62	107.60	11318.59	-11474.75	7888.97
Saccade R	1	17	11958163594	11958195609	32015	803.41	800.08	804.74	634.87	3.44	276.68	0.62	107.60	11318.59	-11474.75	7888.97
Fixation L	1	17	11958195609	11958335598	139989	805.07	633.83	23	43	-1	10.78	10.78
Fixation R	1	17	11958195609	11958335598	139989	805.07	633.83	23	43	-1	10.91	10.91
Saccade L	1	18	11958335598	11958399534	63936	789.01	618.94	1053.70	339.94	9.35	411.50	0.38	146.30	17492.43	-15831.97	9104.88
Saccade R	1	18	11958335598	11958399534	63936	789.01	618.94	1053.70	339.94	9.35	411.50	0.38	146.30	17492.43	-15831.97	9104.88
Fixation L	1	18	11958399534	11958547599	148065	1045.16	341.66	26	33	-1	10.37	10.37
Fixation R	1	18	11958399534	11958547599	148065	1045.16	341.66	26	33	-1	10.77	10.77
Saccade L	1	19	11958547599	11958575639	28040	1030.46	365.49	873.78	376.39	3.21	236.09	0.43	114.49	10816.50	-10656.96	7930.11
Saccade R	1	19	11958547599	11958575639	28040	1030.46	365.49	873.78	376.39	3.21	236.09	0.43	114.49	10816.50	-10656.96	7930.11
Fixation L	1	19	11958575639	11958775612	199973	871.16	354.19	16	38	-1	10.65	10.65
Fixation R	1	19	11958575639	11958775612	199973	871.16	354.19	16	38	-1	11.10	11.10
Saccade L	1	20	11958775612	11958815609	39997	878.35	374.30	1047.25	361.50	3.63	220.00	0.50	90.64	10243.08	-9576.06	6453.00
Saccade R	1	20	11958775612	11958815609	39997	878.35	374.30	1047.25	361.50	3.63	220.00	0.50	90.64	10243.08	-9576.06	6453.00
Fixation L	1	20	11958815609	11959015610	200001	1059.54	338.87	25	30	-1	10.78	10.78
Fixation R	1	20	11958815609	11959015610	200001	1059.54	338.87	25	30	-1	11.06	11.06
Saccade L	1	21	11959015610	11959063485	47875	1071.71	338.27	844.29	372.26	4.93	239.31	0.50	102.93	11348.65	-10419.80	6884.07
Saccade R	1	21	11959015610	11959063485	47875	1071.71	338.27	844.29	372.26	4.93	239.31	0.50	102.93	11348.65	-10419.80	6884.07
Fixation L	1	21	11959063485	11959811525	748040	836.12	396.45	35	43	-1	10.82	10.82
Fixation R	1	21	11959063485	11959811525	748040	836.12	396.45	35	43	-1	11.06	11.06
Saccade R	1	22	11959811525	11959863509	51984	838.61	413.64	0.00	0.00	24.15	1252.06	0.54	464.49	53447.42	-43391.47	24255.00
Fixation R	1	22	11959863509	11959927436	63927	0.00	0.00	0	0	-1	13.19	13.19
Saccade R	1	23	11959927436	11959983512	56076	0.00	0.00	763.48	642.95	23.44	1957.65	0.22	417.96	84535.26	-78117.89	31521.02
Fixation L	1	22	11959983512	11960259522	276010	778.13	665.33	39	39	-1	11.13	11.13
Fixation R	1	23	11959983512	11960259522	276010	778.13	665.33	39	39	-1	11.54	11.54
Saccade L	1	22	11960259522	11960283528	24006	769.24	671.57	711.25	679.15	1.21	96.88	0.50	50.58	4179.21	-3682.28	2845.54
Saccade R	1	24	11960259522	11960283528	24006	769.24	671.57	711.25	679.15	1.21	96.88	0.50	50.58	4179.21	-3682.28	2845.54
Fixation L	1	23	11960283528	11960415521	131993	703.05	693.91	23	39	-1	11.29	11.29
Fixation R	1	24	11960283528	11960415521	131993	703.05	693.91	23	39	-1	11.56	11.56
Saccade L	1	23	11960415521	11960451396	35875	716.92	722.37	0.00	0.04	24.10	1765.73	0.56	671.89	81711.83	-87052.85	54344.76
Saccade R	1	25	11960415521	11960451396	35875	716.92	722.37	0.00	0.04	24.10	1765.73	0.56	671.89	81711.83	-87052.85	54344.76
Fixation L	1	24	11960451396	11960715405	264009	0.00	0.00	0	0	-1	11.29	11.29
Fixation R	1	25	11960451396	11960715405	264009	0.00	0.00	0	0	-1	13.19	13.19
Saccade L	1	24	11960715405	11960739407	24002	0.00	0.00	0.00	0.00	19.59	1875.07	0.33	816.16	91847.19	-66745.45	43460.44
Saccade R	1	26	11960715405	11960739407	24002	0.00	0.00	0.00	0.00	19.59	1875.07	0.33	816.16	91847.19	-66745.45	43460.44
Saccade L	1	25	11960739407	11960823407	84000	0.00	0.00	760.74	377.74	53.40	2727.86	0.29	635.69	81062.85	-84297.06	29106.43
Saccade R	1	27	11960739407	11960823407	84000	0.00	0.00	760.74	377.74	53.40	2727.86	0.29	635.69	81062.85	-84297.06	29106.43
Fixation L	1	25	11960823407	11960903409	80002	756.93	412.50	8	53	-1	11.07	11.07
Fixation R	1	26	11960823407	11960903409	80002	756.93	412.50	8	53	-1	11.47	11.47
