[BeGaze]
Converted from:	D:\Kirillov\Results\ermolova_temp\Vita-eye_data.idf
Date:	17.04.2019 03:54:21
Version:	BeGaze 3.0.181
Sample Rate:	250
Subject:	Vita
Description:	Run38

Table Header for Fixations:
Event Type	Trial	Number	Start	End	Duration	Location X	Location Y	Dispersion X	Dispersion Y	Plane	Avg. Pupil Size X	Avg. Pupil Size Y

Table Header for Saccades:
Event Type	Trial	Number	Start	End	Duration	Start Loc.X	Start Loc.Y	End Loc.X	End Loc.Y	Amplitude	Peak Speed	Peak Speed At	Average Speed	Peak Accel.	Peak Decel.	Average Accel.

Table Header for User Events:
Event Type	Trial	Number	Start	Description

UserEvent	1	1	6311727232	# Message: experiment-11.jpg
Fixation L	1	1	6311728937	6311904934	175997	408.32	384.58	14	24	-1	15.02	15.02
Fixation R	1	1	6311728937	6311904934	175997	408.32	384.58	14	24	-1	15.00	15.00
Saccade L	1	1	6311904934	6311981006	76072	409.66	398.22	1003.74	555.72	14.50	539.21	0.32	190.65	25285.43	-22914.64	11381.01
Saccade R	1	1	6311904934	6311981006	76072	409.66	398.22	1003.74	555.72	14.50	539.21	0.32	190.65	25285.43	-22914.64	11381.01
Fixation L	1	2	6311981006	6312092923	111917	1018.00	556.06	31	19	-1	14.60	14.60
Fixation R	1	2	6311981006	6312092923	111917	1018.00	556.06	31	19	-1	15.01	15.01
Saccade L	1	2	6312092923	6312148951	56028	1016.87	553.20	1017.63	546.30	3.92	179.65	0.21	69.98	7379.10	-5966.03	2999.43
Saccade R	1	2	6312092923	6312148951	56028	1016.87	553.20	1017.63	546.30	3.92	179.65	0.21	69.98	7379.10	-5966.03	2999.43
Saccade L	1	3	6312184930	6312212933	28003	1018.38	543.66	1234.47	557.00	4.27	320.79	0.43	152.56	15154.49	-13386.01	10781.60
Saccade R	1	3	6312184930	6312212933	28003	1018.38	543.66	1234.47	557.00	4.27	320.79	0.43	152.56	15154.49	-13386.01	10781.60
Fixation L	1	3	6312212933	6312316931	103998	1209.42	553.33	39	17	-1	14.22	14.22
Fixation R	1	3	6312212933	6312316931	103998	1209.42	553.33	39	17	-1	14.21	14.21
Saccade L	1	4	6312316931	6312352952	36021	1206.47	548.02	1216.75	388.06	3.51	230.64	0.44	97.52	11094.03	-10753.36	7469.23
Saccade R	1	4	6312316931	6312352952	36021	1206.47	548.02	1216.75	388.06	3.51	230.64	0.44	97.52	11094.03	-10753.36	7469.23
Fixation L	1	4	6312352952	6312717026	364074	1220.22	384.54	21	19	-1	13.83	13.83
Fixation R	1	4	6312352952	6312717026	364074	1220.22	384.54	21	19	-1	13.65	13.65
Saccade L	1	5	6312717026	6312744810	27784	1233.07	381.56	1142.32	384.79	1.84	153.34	0.57	66.25	6464.47	-6354.14	4721.01
Saccade R	1	5	6312717026	6312744810	27784	1233.07	381.56	1142.32	384.79	1.84	153.34	0.57	66.25	6464.47	-6354.14	4721.01
Fixation L	1	5	6312744810	6314464753	1719943	1174.78	328.48	87	100	-1	13.58	13.58
Fixation R	1	5	6312744810	6314464753	1719943	1174.78	328.48	87	100	-1	13.41	13.41
Saccade L	1	6	6314464753	6314500728	35975	1157.15	297.04	1219.16	315.52	1.79	127.57	0.44	49.81	5788.15	-5138.24	3308.82
Saccade R	1	6	6314464753	6314500728	35975	1157.15	297.04	1219.16	315.52	1.79	127.57	0.44	49.81	5788.15	-5138.24	3308.82
Fixation L	1	6	6314500728	6314656728	156000	1233.55	316.79	27	20	-1	14.11	14.11
Fixation R	1	6	6314500728	6314656728	156000	1233.55	316.79	27	20	-1	13.73	13.73
Saccade L	1	7	6314656728	6314692821	36093	1232.48	329.91	0.00	0.00	30.73	2799.70	0.67	851.54	109725.70	-118614.06	66748.73
Saccade R	1	7	6314656728	6314692821	36093	1232.48	329.91	0.00	0.00	30.73	2799.70	0.67	851.54	109725.70	-118614.06	66748.73
Fixation L	1	7	6314692821	6314792749	99928	0.00	0.00	0	0	-1	12.15	12.15
Fixation R	1	7	6314692821	6314792749	99928	0.00	0.00	0	0	-1	7.66	7.66
Saccade L	1	8	6314792749	6314840733	47984	0.00	0.00	896.32	629.39	32.39	2200.26	0.58	675.10	45456.93	-84845.78	35226.94
Saccade R	1	8	6314792749	6314840733	47984	0.00	0.00	896.32	629.39	32.39	2200.26	0.58	675.10	45456.93	-84845.78	35226.94
Fixation L	1	8	6314840733	6315248732	407999	853.53	647.00	61	37	-1	14.72	14.72
Fixation R	1	8	6314840733	6315248732	407999	853.53	647.00	61	37	-1	14.20	14.20
Saccade L	1	9	6315248732	6315276746	28014	877.77	657.23	931.87	653.83	1.11	86.49	0.57	39.73	3708.50	-3799.16	2738.54
Saccade R	1	9	6315248732	6315276746	28014	877.77	657.23	931.87	653.83	1.11	86.49	0.57	39.73	3708.50	-3799.16	2738.54
Fixation L	1	9	6315276746	6315444764	168018	939.41	648.14	31	14	-1	13.94	13.94
Fixation R	1	9	6315276746	6315444764	168018	939.41	648.14	31	14	-1	13.48	13.48
Saccade L	1	10	6315444764	6315468754	23990	953.46	652.05	982.35	647.28	0.64	53.60	0.50	26.55	2400.53	-1473.18	1465.30
Saccade R	1	10	6315444764	6315468754	23990	953.46	652.05	982.35	647.28	0.64	53.60	0.50	26.55	2400.53	-1473.18	1465.30
Fixation L	1	10	6315468754	6315660617	191863	991.23	652.71	18	11	-1	13.03	13.03
Fixation R	1	10	6315468754	6315660617	191863	991.23	652.71	18	11	-1	12.65	12.65
Saccade L	1	11	6315660617	6315688646	28029	987.37	656.48	995.21	736.55	1.52	109.35	0.57	54.08	4765.99	-4650.14	3499.75
Saccade R	1	11	6315660617	6315688646	28029	987.37	656.48	995.21	736.55	1.52	109.35	0.57	54.08	4765.99	-4650.14	3499.75
Fixation L	1	11	6315688646	6315916627	227981	984.98	735.35	17	34	-1	12.97	12.97
Fixation R	1	11	6315688646	6315916627	227981	984.98	735.35	17	34	-1	12.64	12.64
Saccade L	1	12	6315916627	6315948634	32007	990.09	750.73	905.15	738.24	1.86	120.28	0.50	58.01	5497.11	-5509.36	4048.25
Saccade R	1	12	6315916627	6315948634	32007	990.09	750.73	905.15	738.24	1.86	120.28	0.50	58.01	5497.11	-5509.36	4048.25
Fixation L	1	12	6315948634	6316256655	308021	909.91	748.92	14	23	-1	13.40	13.40
Fixation R	1	12	6315948634	6316256655	308021	909.91	748.92	14	23	-1	13.13	13.13
Saccade L	1	13	6316256655	6316296630	39975	914.81	761.00	928.47	854.94	2.80	178.36	0.40	69.99	8611.39	-7259.12	4814.28
Saccade R	1	13	6316256655	6316296630	39975	914.81	761.00	928.47	854.94	2.80	178.36	0.40	69.99	8611.39	-7259.12	4814.28
Fixation L	1	13	6316296630	6316408646	112016	919.05	861.31	21	16	-1	13.69	13.69
Fixation R	1	13	6316296630	6316408646	112016	919.05	861.31	21	16	-1	13.26	13.26
Saccade L	1	14	6316408646	6316452662	44016	919.76	860.28	927.80	810.84	1.12	47.13	0.27	25.45	1868.03	-1138.05	1035.98
Saccade R	1	14	6316408646	6316452662	44016	919.76	860.28	927.80	810.84	1.12	47.13	0.27	25.45	1868.03	-1138.05	1035.98
Fixation L	1	14	6316452662	6316776663	324001	939.14	827.70	24	39	-1	14.15	14.15
Fixation R	1	14	6316452662	6316776663	324001	939.14	827.70	24	39	-1	13.73	13.73
Saccade L	1	15	6316776663	6316812676	36013	945.92	837.84	713.47	834.19	4.91	336.66	0.44	136.30	15899.40	-15855.97	11020.95
Saccade R	1	15	6316776663	6316812676	36013	945.92	837.84	713.47	834.19	4.91	336.66	0.44	136.30	15899.40	-15855.97	11020.95
Fixation L	1	15	6316812676	6316960525	147849	714.96	832.08	8	14	-1	14.57	14.57
Fixation R	1	15	6316812676	6316960525	147849	714.96	832.08	8	14	-1	14.31	14.31
Saccade L	1	16	6316960525	6317004542	44017	712.39	831.75	0.00	0.00	30.67	2481.43	0.73	696.70	88836.70	-103875.49	51408.94
Saccade R	1	16	6316960525	6317004542	44017	712.39	831.75	0.00	0.00	30.67	2481.43	0.73	696.70	88836.70	-103875.49	51408.94
Fixation L	1	16	6317004542	6318047812	1043270	0.00	0.00	0	0	-1	15.24	15.24
Fixation R	1	16	6317004542	6318047812	1043270	0.00	0.00	0	0	-1	14.74	14.70
Fixation L	1	17	6318108550	6318200559	92009	766.71	782.47	16	34	-1	17.15	17.15
Fixation R	1	17	6318108550	6318200559	92009	766.71	782.47	16	34	-1	17.28	17.28
Fixation L	1	18	6318260556	6318332554	71998	723.13	910.43	11	11	-1	17.13	17.13
Fixation R	1	18	6318260556	6318332554	71998	723.13	910.43	11	11	-1	17.16	17.16
Saccade L	1	17	6318332554	6318364487	31933	722.87	918.82	667.06	898.83	2.00	154.97	0.37	62.51	5956.44	-5305.33	3632.66
Saccade R	1	17	6318332554	6318364487	31933	722.87	918.82	667.06	898.83	2.00	154.97	0.37	62.51	5956.44	-5305.33	3632.66
