[BeGaze]
Converted from:	D:\Kirillov\Results\ermolova_temp\Dima-eye_data.idf
Date:	17.04.2019 03:53:58
Version:	BeGaze 3.0.181
Sample Rate:	250
Subject:	Dima
Description:	Run33

Table Header for Fixations:
Event Type	Trial	Number	Start	End	Duration	Location X	Location Y	Dispersion X	Dispersion Y	Plane	Avg. Pupil Size X	Avg. Pupil Size Y

Table Header for Saccades:
Event Type	Trial	Number	Start	End	Duration	Start Loc.X	Start Loc.Y	End Loc.X	End Loc.Y	Amplitude	Peak Speed	Peak Speed At	Average Speed	Peak Accel.	Peak Decel.	Average Accel.

Table Header for User Events:
Event Type	Trial	Number	Start	Description

UserEvent	1	1	871967248	# Message: experiment-19.jpg
Fixation L	1	1	871969070	872473021	503951	437.24	429.58	25	49	-1	14.31	14.31
Fixation R	1	1	871969070	872473021	503951	437.24	429.58	25	49	-1	14.63	14.63
Saccade L	1	1	872473021	872528985	55964	434.30	426.50	311.49	475.19	3.02	112.53	0.50	53.96	4357.64	-4481.59	2658.97
Saccade R	1	1	872473021	872528985	55964	434.30	426.50	311.49	475.19	3.02	112.53	0.50	53.96	4357.64	-4481.59	2658.97
Fixation L	1	2	872528985	873024990	496005	176.92	283.42	427	508	-1	11.04	11.05
Fixation R	1	2	872528985	872764974	235989	312.22	494.14	27	28	-1	13.77	13.77
Saccade L	1	2	873177001	873212984	35983	336.40	329.99	361.19	373.33	1.18	49.17	0.33	32.69	1841.81	-1606.45	1172.34
Saccade R	1	2	873177001	873212984	35983	336.40	329.99	361.19	373.33	1.18	49.17	0.33	32.69	1841.81	-1606.45	1172.34
Fixation L	1	3	873212984	873297011	84027	368.78	379.33	12	12	-1	13.61	13.61
Fixation R	1	3	873212984	873297011	84027	368.78	379.33	12	12	-1	13.98	13.98
Saccade L	1	3	873297011	873324976	27965	368.18	380.88	395.52	353.20	0.78	42.53	0.43	27.99	1720.24	-1010.35	1018.71
Saccade R	1	3	873297011	873324976	27965	368.18	380.88	395.52	353.20	0.78	42.53	0.43	27.99	1720.24	-1010.35	1018.71
Fixation L	1	4	873324976	873420983	96007	409.70	338.30	28	25	-1	13.92	13.92
Fixation R	1	4	873324976	873420983	96007	409.70	338.30	28	25	-1	14.34	14.34
Saccade L	1	4	873420983	873444977	23994	406.28	329.76	402.10	359.85	0.74	59.23	0.50	30.93	1933.23	-1584.39	1252.92
Saccade R	1	4	873420983	873444977	23994	406.28	329.76	402.10	359.85	0.74	59.23	0.50	30.93	1933.23	-1584.39	1252.92
Fixation L	1	5	873444977	873572982	128005	413.51	349.84	23	24	-1	13.83	13.83
Fixation R	1	5	873444977	873572982	128005	413.51	349.84	23	24	-1	14.44	14.44
Saccade L	1	5	873572982	873624999	52017	408.34	338.14	283.87	423.16	3.39	149.80	0.23	65.17	6898.85	-4334.56	3171.57
Saccade R	1	5	873572982	873624999	52017	408.34	338.14	283.87	423.16	3.39	149.80	0.23	65.17	6898.85	-4334.56	3171.57
Saccade L	1	6	873653078	873680868	27790	275.96	419.72	296.04	462.12	0.82	46.45	0.43	29.65	2022.49	-1521.45	1348.45
Saccade R	1	6	873653078	873680868	27790	275.96	419.72	296.04	462.12	0.82	46.45	0.43	29.65	2022.49	-1521.45	1348.45
Fixation L	1	6	873680868	873848889	168021	290.45	453.35	22	17	-1	13.17	13.17
Fixation R	1	6	873680868	873848889	168021	290.45	453.35	22	17	-1	13.81	13.81
Saccade L	1	7	873848889	873884888	35999	291.30	452.31	296.08	507.60	1.15	49.14	0.44	31.89	2105.96	-1435.82	1311.46
Saccade R	1	7	873848889	873884888	35999	291.30	452.31	296.08	507.60	1.15	49.14	0.44	31.89	2105.96	-1435.82	1311.46
Fixation L	1	7	873884888	873972871	87983	301.47	511.80	15	14	-1	13.09	13.09
Fixation R	1	7	873884888	873972871	87983	301.47	511.80	15	14	-1	13.69	13.69
Saccade L	1	8	873972871	874040886	68015	308.22	508.30	1162.80	538.43	19.20	634.19	0.41	282.25	25800.41	-21943.62	14935.76
Saccade R	1	8	873972871	874040886	68015	308.22	508.30	1162.80	538.43	19.20	634.19	0.41	282.25	25800.41	-21943.62	14935.76
Fixation L	1	8	874040886	874120877	79991	1138.77	513.62	42	36	-1	13.16	13.16
Fixation R	1	8	874040886	874120877	79991	1138.77	513.62	42	36	-1	14.12	14.12
Saccade L	1	9	874120877	874144890	24013	1117.88	512.47	1032.61	389.42	2.99	284.44	0.50	124.60	11526.86	-11398.53	8596.39
Saccade R	1	9	874120877	874144890	24013	1117.88	512.47	1032.61	389.42	2.99	284.44	0.50	124.60	11526.86	-11398.53	8596.39
Saccade L	1	10	874156891	874180891	24000	1029.02	390.94	1114.77	507.92	2.90	270.18	0.50	120.88	11016.44	-8194.52	6910.71
Saccade R	1	10	874156891	874180891	24000	1029.02	390.94	1114.77	507.92	2.90	270.18	0.50	120.88	11016.44	-8194.52	6910.71
Saccade L	1	11	874180891	874220897	40006	1114.77	507.92	964.20	376.99	4.34	325.06	0.40	108.45	11199.28	-13244.24	7453.31
Saccade R	1	11	874180891	874220897	40006	1114.77	507.92	964.20	376.99	4.34	325.06	0.40	108.45	11199.28	-13244.24	7453.31
Saccade L	1	12	874220897	874248871	27974	964.20	376.99	1048.92	514.64	3.60	336.11	0.57	128.71	12683.20	-13262.82	9164.66
Saccade R	1	12	874220897	874248871	27974	964.20	376.99	1048.92	514.64	3.60	336.11	0.57	128.71	12683.20	-13262.82	9164.66
Fixation L	1	9	874248871	874488886	240015	1075.32	516.53	41	17	-1	13.20	13.20
Fixation R	1	9	874248871	874488886	240015	1075.32	516.53	41	17	-1	13.81	13.81
Saccade L	1	13	874488886	874524901	36015	1067.05	508.78	1068.79	582.98	1.49	67.69	0.33	41.31	2901.12	-2013.57	1835.37
Saccade R	1	13	874488886	874524901	36015	1067.05	508.78	1068.79	582.98	1.49	67.69	0.33	41.31	2901.12	-2013.57	1835.37
Fixation L	1	10	874524901	874628909	104008	1064.03	589.72	16	18	-1	13.14	13.14
Fixation R	1	10	874524901	874628909	104008	1064.03	589.72	16	18	-1	13.73	13.73
Saccade L	1	14	874628909	874712892	83983	1068.39	578.27	365.76	473.89	17.94	517.51	0.29	213.67	24621.27	-18332.85	10433.50
Saccade R	1	14	874628909	874712892	83983	1068.39	578.27	365.76	473.89	17.94	517.51	0.29	213.67	24621.27	-18332.85	10433.50
Fixation L	1	11	874712892	874848899	136007	397.12	496.99	49	44	-1	12.85	12.85
Fixation R	1	11	874712892	874848899	136007	397.12	496.99	49	44	-1	13.18	13.18
Saccade L	1	15	874848899	874896886	47987	409.84	502.77	451.06	370.50	3.17	118.05	0.50	66.11	5313.81	-4351.36	3306.43
Saccade R	1	15	874848899	874896886	47987	409.84	502.77	451.06	370.50	3.17	118.05	0.50	66.11	5313.81	-4351.36	3306.43
Fixation L	1	12	874896886	875068788	171902	478.28	402.05	38	48	-1	13.08	13.08
Fixation R	1	12	874896886	875068788	171902	478.28	402.05	38	48	-1	13.34	13.34
Saccade L	1	16	875068788	875124787	55999	473.18	403.45	285.55	629.97	7.90	380.35	0.43	141.06	16527.17	-14939.23	9325.25
Saccade R	1	16	875068788	875124787	55999	473.18	403.45	285.55	629.97	7.90	380.35	0.43	141.06	16527.17	-14939.23	9325.25
Fixation L	1	13	875124787	875300801	176014	268.70	599.05	24	43	-1	13.27	13.27
Fixation R	1	13	875124787	875300801	176014	268.70	599.05	24	43	-1	13.62	13.62
Saccade L	1	17	875300801	875348787	47986	268.48	599.31	291.64	414.83	4.00	152.22	0.25	83.41	7243.15	-4270.54	4050.07
Saccade R	1	17	875300801	875348787	47986	268.48	599.31	291.64	414.83	4.00	152.22	0.25	83.41	7243.15	-4270.54	4050.07
Fixation L	1	14	875348787	875756798	408011	308.55	412.74	29	37	-1	13.74	13.74
Fixation R	1	14	875348787	875756798	408011	308.55	412.74	29	37	-1	13.83	13.83
Saccade L	1	18	875756798	875884807	128009	316.89	411.73	1130.15	523.89	24.30	582.63	0.25	189.87	24062.20	-17099.85	8147.72
Saccade R	1	18	875756798	875884807	128009	316.89	411.73	1130.15	523.89	24.30	582.63	0.25	189.87	24062.20	-17099.85	8147.72
Fixation L	1	15	875884807	875988821	104014	1126.51	520.16	9	26	-1	13.57	13.57
Fixation R	1	15	875884807	875988821	104014	1126.51	520.16	9	26	-1	14.21	14.21
Saccade L	1	19	875988821	876020784	31963	1122.28	501.00	1075.73	501.42	1.00	52.15	0.38	31.26	2126.19	-1864.68	1445.18
Saccade R	1	19	875988821	876020784	31963	1122.28	501.00	1075.73	501.42	1.00	52.15	0.38	31.26	2126.19	-1864.68	1445.18
Fixation L	1	16	876020784	876404805	384021	365.16	175.29	1459	640	-1	10.69	10.69
Fixation R	1	16	876020784	876404805	384021	365.16	175.29	1459	640	-1	10.15	10.16
Fixation L	1	17	876476733	876616696	139963	1037.26	543.13	15	49	-1	13.54	13.54
Fixation R	1	17	876476733	876616696	139963	1037.26	543.13	15	49	-1	13.97	13.97
Saccade L	1	20	876616696	876660687	43991	1037.89	555.70	1066.37	617.40	3.10	165.04	0.45	70.52	6701.78	-5259.39	3612.84
Saccade R	1	20	876616696	876660687	43991	1037.89	555.70	1066.37	617.40	3.10	165.04	0.45	70.52	6701.78	-5259.39	3612.84
Fixation L	1	18	876660687	876756677	95990	1067.78	618.74	16	23	-1	13.99	13.99
Fixation R	1	18	876660687	876756677	95990	1067.78	618.74	16	23	-1	14.62	14.62
Fixation L	1	19	876784680	876860696	76016	1064.61	613.89	33	12	-1	13.94	13.94
Fixation R	1	19	876784680	876860696	76016	1064.61	613.89	33	12	-1	14.63	14.63
Saccade L	1	21	876860696	876948700	88004	1058.76	615.23	408.43	487.48	16.09	492.73	0.36	182.85	18803.27	-20317.83	9112.93
Saccade R	1	21	876860696	876948700	88004	1058.76	615.23	408.43	487.48	16.09	492.73	0.36	182.85	18803.27	-20317.83	9112.93
Saccade L	1	22	876996704	877032680	35976	445.09	484.74	440.30	484.02	5.40	316.61	0.67	150.08	12485.17	-12294.66	7791.00
Saccade R	1	22	876996704	877032680	35976	445.09	484.74	440.30	484.02	5.40	316.61	0.67	150.08	12485.17	-12294.66	7791.00
Fixation L	1	20	877032680	877104701	72021	444.53	473.37	22	17	-1	13.70	13.70
Fixation R	1	20	877032680	877104701	72021	444.53	473.37	22	17	-1	13.91	13.91
Saccade L	1	23	877104701	877136684	31983	456.20	490.91	443.73	374.11	2.29	144.31	0.37	71.72	6338.25	-6441.32	4644.98
Saccade R	1	23	877104701	877136684	31983	456.20	490.91	443.73	374.11	2.29	144.31	0.37	71.72	6338.25	-6441.32	4644.98
Fixation L	1	21	877136684	877304711	168027	446.20	393.60	27	43	-1	13.59	13.59
Fixation R	1	21	877136684	877304711	168027	446.20	393.60	27	43	-1	13.79	13.79
Saccade L	1	24	877304711	877360683	55972	454.95	396.86	282.23	432.93	5.22	203.53	0.43	93.28	6966.17	-8291.40	4580.09
Saccade R	1	24	877304711	877360683	55972	454.95	396.86	282.23	432.93	5.22	203.53	0.43	93.28	6966.17	-8291.40	4580.09
Fixation L	1	22	877360683	877636719	276036	305.36	443.21	39	24	-1	13.43	13.43
Fixation R	1	22	877360683	877636719	276036	305.36	443.21	39	24	-1	13.76	13.76
Saccade L	1	25	877636719	877684720	48001	314.86	432.64	423.01	383.81	2.77	120.86	0.42	57.73	4604.23	-3954.88	2874.86
Saccade R	1	25	877636719	877684720	48001	314.86	432.64	423.01	383.81	2.77	120.86	0.42	57.73	4604.23	-3954.88	2874.86
Fixation L	1	23	877684720	878052602	367882	408.09	359.66	32	38	-1	13.94	13.94
Fixation R	1	23	877684720	878052602	367882	408.09	359.66	32	38	-1	14.27	14.27
Saccade L	1	26	878052602	878112591	59989	397.40	368.97	1156.61	541.57	17.11	523.76	0.47	285.25	24028.68	-21057.83	13788.06
Saccade R	1	26	878052602	878112591	59989	397.40	368.97	1156.61	541.57	17.11	523.76	0.47	285.25	24028.68	-21057.83	13788.06
Saccade L	1	27	878152626	878204588	51962	1085.59	498.13	1126.20	510.50	2.10	77.15	0.38	40.34	2032.85	-2303.76	1165.85
Saccade R	1	27	878152626	878204588	51962	1085.59	498.13	1126.20	510.50	2.10	77.15	0.38	40.34	2032.85	-2303.76	1165.85
Fixation L	1	24	878204588	879548489	1343901	1083.94	508.56	67	46	-1	13.44	13.44
Fixation R	1	24	878204588	879548489	1343901	1083.94	508.56	67	46	-1	14.19	14.19
Saccade L	1	28	879548489	879628487	79998	1058.53	496.54	397.37	415.92	15.56	482.72	0.30	194.56	21800.95	-15342.02	9665.44
Saccade R	1	28	879548489	879628487	79998	1058.53	496.54	397.37	415.92	15.56	482.72	0.30	194.56	21800.95	-15342.02	9665.44
Fixation L	1	25	879628487	880232513	604026	428.01	418.97	43	64	-1	13.61	13.61
Fixation R	1	25	879628487	880232513	604026	428.01	418.97	43	64	-1	13.68	13.68
Saccade L	1	29	880232513	880288506	55993	426.05	444.43	285.71	430.37	2.96	118.67	0.29	52.91	5407.99	-3882.97	2611.61
Saccade R	1	29	880232513	880288506	55993	426.05	444.43	285.71	430.37	2.96	118.67	0.29	52.91	5407.99	-3882.97	2611.61
Fixation L	1	26	880288506	881834036	1545530	277.65	386.07	414	672	-1	13.12	13.12
Fixation R	1	26	880288506	881834036	1545530	277.65	386.07	414	672	-1	13.76	13.76
Fixation L	1	27	882008437	882068314	59877	324.65	386.63	30	15	-1	14.29	14.29
Fixation R	1	27	882008437	882068314	59877	324.65	386.63	30	15	-1	14.31	14.31
Saccade R	1	30	882068314	882112312	43998	335.90	403.60	0.00	0.00	11.08	856.16	0.73	251.76	31045.11	-36068.43	17362.55
Saccade R	1	31	882122126	882172306	50180	0.00	0.00	344.57	419.31	14.80	935.44	0.31	294.84	40190.00	-33253.18	18758.35
Fixation L	1	28	882172306	882244306	72000	336.86	414.19	14	18	-1	14.54	14.54
Fixation R	1	28	882172306	882244306	72000	336.86	414.19	14	18	-1	14.84	14.84
Saccade R	1	32	882244306	882278061	33755	330.92	414.83	0.00	0.00	11.59	1003.08	0.59	343.27	41029.65	-20008.42	20584.36
Fixation R	1	29	882278061	882409550	131489	73.14	78.23	538	484	-1	5.41	5.54
Fixation L	1	29	882344320	882409550	65230	0.00	0.00	0	0	-1	11.34	11.34
Saccade L	1	30	882409550	882444296	34746	0.00	0.00	388.58	490.76	12.79	1180.47	0.37	367.96	50007.78	-48519.97	29690.50
Saccade R	1	33	882409550	882444296	34746	0.00	0.00	388.58	490.76	12.79	1180.47	0.37	367.96	50007.78	-48519.97	29690.50
Saccade L	1	31	882444296	882464307	20011	388.58	490.76	402.25	458.94	0.62	62.54	0.40	30.80	869.91	-1758.72	820.86
Saccade L	1	32	882480323	882524307	43984	384.68	450.62	373.68	399.09	4.78	296.80	0.27	108.67	12197.02	-6384.43	5100.50
Fixation L	1	30	882524307	882620302	95995	378.86	411.05	12	37	-1	14.06	14.06
Fixation R	1	30	882524307	882620302	95995	378.86	411.05	12	37	-1	14.62	14.62
Saccade R	1	34	882620302	882672308	52006	375.59	433.94	414.90	431.28	5.15	226.76	0.69	99.12	8543.18	-7742.99	3901.28
Saccade R	1	35	882672308	882692319	20011	414.90	431.28	407.26	398.87	0.56	50.43	0.60	28.04	388.33	-3538.27	1140.99
Saccade R	1	36	882692319	882732309	39990	407.26	398.87	408.36	452.62	1.23	56.33	0.30	30.86	1116.83	-1213.76	671.43
Saccade R	1	37	882740304	882782087	41783	412.56	459.53	0.00	0.00	14.56	1134.72	0.67	348.55	48234.75	-50153.46	28032.14
Saccade L	1	33	882809105	882848329	39224	0.00	0.00	376.54	460.62	14.77	1116.03	0.40	376.45	47001.86	-42589.07	27883.06
Saccade R	1	38	882809105	882848329	39224	0.00	0.00	376.54	460.62	14.77	1116.03	0.40	376.45	47001.86	-42589.07	27883.06
Fixation L	1	31	882848329	883420318	571989	270.61	327.34	451	499	-1	12.42	12.42
Fixation R	1	31	882848329	883224345	376016	380.52	450.99	33	43	-1	14.16	14.16
Saccade L	1	34	883564196	883592260	28064	382.19	406.61	372.18	323.69	1.69	131.05	0.57	60.22	5326.73	166.54	2713.30
Saccade R	1	39	883564196	883592260	28064	382.19	406.61	372.18	323.69	1.69	131.05	0.57	60.22	5326.73	166.54	2713.30
Saccade L	1	35	883592260	883632225	39965	372.18	323.69	392.59	426.22	3.39	207.57	0.30	84.86	4660.62	-7335.50	3715.06
Saccade R	1	40	883592260	883632225	39965	372.18	323.69	392.59	426.22	3.39	207.57	0.30	84.86	4660.62	-7335.50	3715.06
Fixation L	1	32	883632225	883696225	64000	387.79	434.74	11	34	-1	14.96	14.96
Fixation R	1	32	883632225	883696225	64000	387.79	434.74	11	34	-1	14.73	14.73
Saccade L	1	36	883696225	883716226	20001	388.80	447.66	390.40	421.82	0.54	44.02	0.60	26.92	1240.51	118.70	846.94
Saccade R	1	41	883696225	883716226	20001	388.80	447.66	390.40	421.82	0.54	44.02	0.60	26.92	1240.51	118.70	846.94
Fixation L	1	33	883728227	884041266	313039	231.83	257.84	436	572	-1	12.59	12.59
Fixation R	1	33	883728227	884041266	313039	231.83	257.84	436	572	-1	14.34	14.34
Saccade L	1	37	884041266	884064212	22946	0.00	0.00	-153.51	631.74	4.35	418.42	0.48	189.64	22415.23	-20362.41	12558.96
Saccade R	1	42	884041266	884064212	22946	0.00	0.00	-153.51	631.74	4.35	418.42	0.48	189.64	22415.23	-20362.41	12558.96
Saccade L	1	38	884064212	884104230	40018	-153.51	631.74	129.77	454.91	10.59	733.05	0.40	264.68	34053.03	-31137.72	18453.07
Saccade R	1	43	884064212	884104230	40018	-153.51	631.74	129.77	454.91	10.59	733.05	0.40	264.68	34053.03	-31137.72	18453.07
Saccade L	1	39	884192239	884244209	51970	472.84	384.83	384.93	413.41	2.97	228.69	0.23	57.13	4080.04	-8519.85	3028.06
Saccade R	1	44	884192239	884244209	51970	472.84	384.83	384.93	413.41	2.97	228.69	0.23	57.13	4080.04	-8519.85	3028.06
Fixation L	1	34	884244209	884328253	84044	384.22	415.49	22	16	-1	14.42	14.42
Fixation R	1	34	884244209	884328253	84044	384.22	415.49	22	16	-1	14.34	14.34
Saccade L	1	40	884328253	884372246	43993	395.44	421.00	375.15	443.80	4.37	243.42	0.27	99.31	10149.86	-5179.00	4457.16
Saccade R	1	45	884328253	884372246	43993	395.44	421.00	375.15	443.80	4.37	243.42	0.27	99.31	10149.86	-5179.00	4457.16
Fixation L	1	35	884372246	884572257	200011	389.25	430.40	40	29	-1	14.39	14.39
Fixation R	1	35	884372246	884572257	200011	389.25	430.40	40	29	-1	14.45	14.45
Saccade L	1	41	884572257	884620240	47983	388.48	427.14	387.43	402.46	3.88	159.72	0.33	80.91	6827.39	-4903.90	3078.88
Saccade R	1	46	884572257	884620240	47983	388.48	427.14	387.43	402.46	3.88	159.72	0.33	80.91	6827.39	-4903.90	3078.88
Fixation L	1	36	884620240	884992124	371884	402.00	432.74	39	45	-1	13.64	13.64
Fixation R	1	36	884620240	884992124	371884	402.00	432.74	39	45	-1	13.84	13.84
Saccade L	1	42	884992124	885032120	39996	426.17	438.56	365.92	375.10	1.98	119.34	0.30	49.48	5088.06	-4354.30	2879.34
Saccade R	1	47	884992124	885032120	39996	426.17	438.56	365.92	375.10	1.98	119.34	0.30	49.48	5088.06	-4354.30	2879.34
Fixation L	1	37	885032120	885084128	52008	360.47	367.51	8	15	-1	13.44	13.44
Fixation R	1	37	885032120	885084128	52008	360.47	367.51	8	15	-1	13.57	13.57
Saccade L	1	43	885084128	885116131	32003	358.24	356.55	388.04	413.07	1.34	81.68	0.25	42.00	3460.46	-3071.77	2234.58
Saccade R	1	48	885084128	885116131	32003	358.24	356.55	388.04	413.07	1.34	81.68	0.25	42.00	3460.46	-3071.77	2234.58
Fixation L	1	38	885116131	885708214	592083	386.38	367.67	28	74	-1	13.52	13.52
Fixation R	1	38	885116131	885708214	592083	386.38	367.67	28	74	-1	13.68	13.68
Saccade L	1	44	885708214	885760145	51931	389.22	363.56	254.23	493.82	4.28	151.41	0.38	82.51	7022.95	-4492.74	4099.69
Saccade R	1	49	885708214	885760145	51931	389.22	363.56	254.23	493.82	4.28	151.41	0.38	82.51	7022.95	-4492.74	4099.69
Fixation L	1	39	885760145	885928121	167976	266.95	490.48	32	16	-1	13.30	13.30
Fixation R	1	39	885760145	885928121	167976	266.95	490.48	32	16	-1	13.66	13.66
Saccade L	1	45	885928121	885960146	32025	280.30	494.05	268.28	597.67	2.21	152.54	0.50	68.99	6801.11	-6713.15	4945.85
Saccade R	1	50	885928121	885960146	32025	280.30	494.05	268.28	597.67	2.21	152.54	0.50	68.99	6801.11	-6713.15	4945.85
Fixation L	1	40	885960146	886176156	216010	284.96	622.46	23	47	-1	13.65	13.65
Fixation R	1	40	885960146	886176156	216010	284.96	622.46	23	47	-1	13.94	13.94
Saccade L	1	46	886176156	886252031	75875	284.59	646.48	1206.07	466.94	20.75	436.39	0.58	273.49	18483.72	-17244.89	9305.05
Saccade R	1	51	886176156	886252031	75875	284.59	646.48	1206.07	466.94	20.75	436.39	0.58	273.49	18483.72	-17244.89	9305.05
Fixation L	1	41	886252031	886404009	151978	1172.28	450.06	56	25	-1	13.53	13.53
Fixation R	1	41	886252031	886404009	151978	1172.28	450.06	56	25	-1	14.37	14.37
Saccade L	1	47	886404009	886444023	40014	1156.27	450.71	1086.84	497.72	1.85	90.48	0.60	46.15	3422.99	-3868.72	2533.77
Saccade R	1	52	886404009	886444023	40014	1156.27	450.71	1086.84	497.72	1.85	90.48	0.60	46.15	3422.99	-3868.72	2533.77
Fixation L	1	42	886444023	886612017	167994	1085.21	502.08	13	15	-1	13.22	13.22
Fixation R	1	42	886444023	886612017	167994	1085.21	502.08	13	15	-1	13.87	13.87
Saccade L	1	48	886612017	886672039	60022	1089.75	509.38	413.45	378.08	15.34	488.00	0.53	255.55	21201.23	-20213.83	13185.97
Saccade R	1	53	886612017	886672039	60022	1089.75	509.38	413.45	378.08	15.34	488.00	0.53	255.55	21201.23	-20213.83	13185.97
Saccade L	1	49	886672039	886696036	23997	413.45	378.08	446.73	376.11	0.77	44.10	0.33	32.27	96.37	-5390.27	1527.15
Saccade R	1	54	886672039	886696036	23997	413.45	378.08	446.73	376.11	0.77	44.10	0.33	32.27	96.37	-5390.27	1527.15
Fixation L	1	43	886696036	886924060	228024	473.13	380.46	35	15	-1	13.35	13.35
Fixation R	1	43	886696036	886924060	228024	473.13	380.46	35	15	-1	13.47	13.47
Saccade L	1	50	886924060	886964048	39988	481.71	377.43	412.16	362.81	1.50	69.55	0.40	37.49	3259.19	-2423.30	2014.18
Saccade R	1	55	886924060	886964048	39988	481.71	377.43	412.16	362.81	1.50	69.55	0.40	37.49	3259.19	-2423.30	2014.18
Fixation L	1	44	886964048	887152023	187975	410.71	348.52	13	22	-1	13.22	13.22
Fixation R	1	44	886964048	887152023	187975	410.71	348.52	13	22	-1	13.31	13.31
Saccade L	1	51	887152023	887204039	52016	420.30	345.13	313.67	389.51	2.52	89.21	0.31	48.43	3825.00	-1935.07	1716.91
Saccade R	1	56	887152023	887204039	52016	420.30	345.13	313.67	389.51	2.52	89.21	0.31	48.43	3825.00	-1935.07	1716.91
Fixation L	1	45	887204039	887496034	291995	331.07	403.02	35	22	-1	13.56	13.56
Fixation R	1	45	887204039	887496034	291995	331.07	403.02	35	22	-1	13.46	13.46
Fixation L	1	46	887540047	887943915	403868	275.04	421.35	50	39	-1	13.79	13.79
Fixation R	1	46	887540047	887943915	403868	275.04	421.35	50	39	-1	13.56	13.56
Saccade L	1	52	887943915	887987950	44035	250.18	404.20	365.01	395.30	2.52	100.20	0.36	57.18	4700.36	-2563.01	2579.44
Saccade R	1	57	887943915	887987950	44035	250.18	404.20	365.01	395.30	2.52	100.20	0.36	57.18	4700.36	-2563.01	2579.44
Fixation L	1	47	887987950	888267936	279986	357.75	381.27	26	20	-1	13.72	13.72
Fixation R	1	47	887987950	888267936	279986	357.75	381.27	26	20	-1	13.84	13.84
Saccade L	1	53	888267936	888319942	52006	369.96	387.79	429.40	367.40	1.42	40.15	0.23	27.26	1540.39	-628.49	623.76
Saccade R	1	58	888267936	888319942	52006	369.96	387.79	429.40	367.40	1.42	40.15	0.23	27.26	1540.39	-628.49	623.76
Fixation L	1	48	888319942	888447938	127996	428.74	359.05	12	15	-1	13.81	13.81
Fixation R	1	48	888319942	888447938	127996	428.74	359.05	12	15	-1	13.80	13.80
Saccade L	1	54	888447938	888479924	31986	426.57	362.11	373.01	360.49	1.12	57.70	0.25	34.92	2505.16	-1651.71	1438.24
Saccade R	1	59	888447938	888479924	31986	426.57	362.11	373.01	360.49	1.12	57.70	0.25	34.92	2505.16	-1651.71	1438.24
Fixation L	1	49	888479924	888763950	284026	375.53	356.59	41	34	-1	13.71	13.71
Fixation R	1	49	888479924	888763950	284026	375.53	356.59	41	34	-1	13.89	13.89
Saccade L	1	55	888763950	888827937	63987	388.17	357.16	1143.83	564.43	17.25	520.66	0.50	269.57	22095.66	-17316.57	13065.37
Saccade R	1	60	888763950	888827937	63987	388.17	357.16	1143.83	564.43	17.25	520.66	0.50	269.57	22095.66	-17316.57	13065.37
Fixation L	1	50	888827937	888967948	140011	1110.05	554.58	67	25	-1	13.49	13.49
Fixation R	1	50	888827937	888967948	140011	1110.05	554.58	67	25	-1	14.23	14.23
Fixation L	1	51	889019826	889175848	156022	1068.29	575.68	8	6	-1	13.59	13.59
Fixation R	1	51	889019826	889175848	156022	1068.29	575.68	8	6	-1	14.15	14.15
Saccade L	1	56	889175848	889211820	35972	1073.42	570.95	1178.45	574.81	2.18	109.69	0.44	60.65	5073.74	-4556.24	3558.42
Saccade R	1	61	889175848	889211820	35972	1073.42	570.95	1178.45	574.81	2.18	109.69	0.44	60.65	5073.74	-4556.24	3558.42
Fixation L	1	52	889211820	889539851	328031	1162.42	581.85	34	24	-1	13.29	13.29
Fixation R	1	52	889211820	889539851	328031	1162.42	581.85	34	24	-1	14.06	14.06
Saccade L	1	57	889539851	889607829	67978	1154.84	566.41	358.01	559.79	17.65	460.82	0.41	259.62	19606.39	-17144.22	10947.12
Saccade R	1	62	889539851	889607829	67978	1154.84	566.41	358.01	559.79	17.65	460.82	0.41	259.62	19606.39	-17144.22	10947.12
Saccade L	1	58	889607829	889639863	32034	358.01	559.79	396.62	537.50	0.96	43.78	0.25	30.10	162.76	-6800.04	1425.68
Saccade R	1	63	889607829	889639863	32034	358.01	559.79	396.62	537.50	0.96	43.78	0.25	30.10	162.76	-6800.04	1425.68
Fixation L	1	53	889639863	889731835	91972	420.31	536.83	31	18	-1	13.31	13.31
Fixation R	1	53	889639863	889731835	91972	420.31	536.83	31	18	-1	13.44	13.44
Saccade L	1	59	889731835	889787852	56017	426.17	542.79	431.17	406.32	2.99	108.55	0.36	53.41	4867.58	-3135.73	2656.76
Saccade R	1	64	889731835	889787852	56017	426.17	542.79	431.17	406.32	2.99	108.55	0.36	53.41	4867.58	-3135.73	2656.76
Fixation L	1	54	889787852	889939853	152001	431.89	423.10	10	30	-1	13.23	13.23
Fixation R	1	54	889787852	889939853	152001	431.89	423.10	10	30	-1	13.43	13.43
Saccade L	1	60	889939853	889991863	52010	435.77	427.71	272.81	474.58	3.89	190.04	0.23	74.79	8544.18	-5543.43	4056.29
Saccade R	1	65	889939853	889991863	52010	435.77	427.71	272.81	474.58	3.89	190.04	0.23	74.79	8544.18	-5543.43	4056.29
Fixation L	1	55	889991863	890271871	280008	285.81	483.46	26	28	-1	13.52	13.52
Fixation R	1	55	889991863	890271871	280008	285.81	483.46	26	28	-1	13.73	13.73
Saccade L	1	61	890271871	890311843	39972	287.92	505.11	382.99	510.79	1.97	110.90	0.30	49.25	4787.74	-3982.56	2875.44
Saccade R	1	66	890271871	890311843	39972	287.92	505.11	382.99	510.79	1.97	110.90	0.30	49.25	4787.74	-3982.56	2875.44
Saccade L	1	62	890335868	890407720	71852	381.57	498.39	1251.43	701.27	19.80	556.89	0.39	275.58	24722.55	-19750.55	12887.29
Saccade R	1	67	890335868	890407720	71852	381.57	498.39	1251.43	701.27	19.80	556.89	0.39	275.58	24722.55	-19750.55	12887.29
Saccade L	1	63	890407720	890451733	44013	1251.43	701.27	1195.22	666.60	1.38	42.06	0.45	31.25	1043.75	-1117.60	726.95
Saccade R	1	68	890407720	890451733	44013	1251.43	701.27	1195.22	666.60	1.38	42.06	0.45	31.25	1043.75	-1117.60	726.95
Fixation L	1	56	890451733	890523749	72016	1181.99	674.03	21	21	-1	13.86	13.86
Fixation R	1	56	890451733	890523749	72016	1181.99	674.03	21	21	-1	14.63	14.63
Saccade L	1	64	890523749	890559726	35977	1175.13	665.05	1119.54	684.64	1.33	66.79	0.44	37.03	1959.68	-2286.40	1526.60
Saccade R	1	69	890523749	890559726	35977	1175.13	665.05	1119.54	684.64	1.33	66.79	0.44	37.03	1959.68	-2286.40	1526.60
Fixation L	1	57	890559726	890823728	264002	1088.26	690.03	59	21	-1	13.82	13.82
Fixation R	1	57	890559726	890823728	264002	1088.26	690.03	59	21	-1	14.44	14.44
Saccade L	1	65	890823728	890871730	48002	1076.17	681.58	1100.21	586.82	2.11	95.38	0.25	44.04	4553.19	-2480.85	2076.68
Saccade R	1	70	890823728	890871730	48002	1076.17	681.58	1100.21	586.82	2.11	95.38	0.25	44.04	4553.19	-2480.85	2076.68
Fixation L	1	58	890871730	891031747	160017	1092.19	581.92	18	15	-1	13.73	13.73
Fixation R	1	58	890871730	891031747	160017	1092.19	581.92	18	15	-1	14.24	14.24
Saccade L	1	66	891031747	891119767	88020	1082.81	590.62	345.75	459.04	19.84	548.42	0.27	225.38	25835.04	-19061.68	10408.79
Saccade R	1	71	891031747	891119767	88020	1082.81	590.62	345.75	459.04	19.84	548.42	0.27	225.38	25835.04	-19061.68	10408.79
Fixation L	1	59	891119767	891291766	171999	363.12	453.18	25	21	-1	13.67	13.67
Fixation R	1	59	891119767	891291766	171999	363.12	453.18	25	21	-1	13.59	13.59
Saccade L	1	67	891291766	891323766	32000	357.08	440.29	281.74	431.06	1.48	79.93	0.37	46.24	3889.02	-3311.78	2660.08
Saccade R	1	72	891291766	891323766	32000	357.08	440.29	281.74	431.06	1.48	79.93	0.37	46.24	3889.02	-3311.78	2660.08
Fixation L	1	60	891323766	891531772	208006	296.10	440.89	38	23	-1	13.53	13.53
Fixation R	1	60	891323766	891531772	208006	296.10	440.89	38	23	-1	13.29	13.29
Saccade L	1	68	891531772	891571771	39999	317.79	452.83	408.26	385.06	2.43	130.65	0.40	60.79	5367.76	-4879.96	3493.63
Saccade R	1	73	891531772	891571771	39999	317.79	452.83	408.26	385.06	2.43	130.65	0.40	60.79	5367.76	-4879.96	3493.63
Fixation L	1	61	891571771	891767777	196006	403.24	386.54	12	32	-1	13.72	13.72
Fixation R	1	61	891571771	891767777	196006	403.24	386.54	12	32	-1	13.58	13.58
Saccade L	1	69	891767777	891815649	47872	407.96	408.68	292.36	410.65	2.47	117.90	0.33	51.64	5219.24	-3554.26	2669.55
Saccade R	1	74	891767777	891815649	47872	407.96	408.68	292.36	410.65	2.47	117.90	0.33	51.64	5219.24	-3554.26	2669.55
Fixation L	1	62	891815649	891955639	139990	292.72	410.15	17	8	-1	13.71	13.71
Fixation R	1	62	891815649	891955639	139990	292.72	410.15	17	8	-1	13.46	13.46
Saccade L	1	70	891955639	892075634	119995	292.55	416.04	1194.19	611.73	25.19	573.66	0.27	209.96	27173.50	-19746.44	8650.42
Saccade R	1	75	891955639	892075634	119995	292.55	416.04	1194.19	611.73	25.19	573.66	0.27	209.96	27173.50	-19746.44	8650.42
Fixation L	1	63	892075634	892527650	452016	1177.63	585.62	49	65	-1	13.45	13.45
Fixation R	1	63	892075634	892527650	452016	1177.63	585.62	49	65	-1	14.02	14.02
Saccade L	1	71	892527650	892563645	35995	1164.43	554.02	1107.64	572.95	1.24	72.49	0.22	34.55	2836.08	-2264.90	1482.13
Saccade R	1	76	892527650	892563645	35995	1164.43	554.02	1107.64	572.95	1.24	72.49	0.22	34.55	2836.08	-2264.90	1482.13
Fixation L	1	64	892563645	892811681	248036	1106.51	567.63	43	23	-1	13.12	13.12
Fixation R	1	64	892563645	892811681	248036	1106.51	567.63	43	23	-1	13.78	13.78
Saccade L	1	72	892811681	892839677	27996	1098.39	576.04	1117.52	635.91	1.28	84.38	0.43	45.89	3878.11	-3211.78	2652.16
Saccade R	1	77	892811681	892839677	27996	1098.39	576.04	1117.52	635.91	1.28	84.38	0.43	45.89	3878.11	-3211.78	2652.16
Fixation L	1	65	892839677	892947526	107849	1128.58	648.95	20	18	-1	12.89	12.89
Fixation R	1	65	892839677	892947526	107849	1128.58	648.95	20	18	-1	13.76	13.76
Saccade L	1	73	892947526	892991653	44127	1135.36	639.02	1210.20	554.74	2.47	114.21	0.27	55.94	4907.26	-3825.35	3124.73
Saccade R	1	78	892947526	892991653	44127	1135.36	639.02	1210.20	554.74	2.47	114.21	0.27	55.94	4907.26	-3825.35	3124.73
Fixation L	1	66	892991653	893247545	255892	1200.58	574.02	39	45	-1	12.93	12.93
Fixation R	1	66	892991653	893247545	255892	1200.58	574.02	39	45	-1	13.67	13.67
Saccade L	1	74	893247545	893291564	44019	1180.08	584.83	1159.21	481.27	2.20	132.81	0.27	49.94	5393.33	-4512.39	2504.78
Saccade R	1	79	893247545	893291564	44019	1180.08	584.83	1159.21	481.27	2.20	132.81	0.27	49.94	5393.33	-4512.39	2504.78
Fixation L	1	67	893291564	893427567	136003	1182.30	483.99	37	19	-1	12.79	12.79
Fixation R	1	67	893291564	893427567	136003	1182.30	483.99	37	19	-1	13.46	13.46
Saccade L	1	75	893427567	893459563	31996	1194.09	489.53	1109.18	490.20	1.77	106.35	0.50	55.38	5062.00	-4676.79	3586.21
Saccade R	1	80	893427567	893459563	31996	1194.09	489.53	1109.18	490.20	1.77	106.35	0.50	55.38	5062.00	-4676.79	3586.21
Fixation L	1	68	893459563	893539551	79988	1104.37	488.36	6	9	-1	12.80	12.80
Fixation R	1	68	893459563	893539551	79988	1104.37	488.36	6	9	-1	13.43	13.43
Saccade L	1	76	893539551	893591543	51992	1102.57	497.55	1241.06	544.42	3.22	124.60	0.38	61.89	5456.21	-4401.34	3177.05
Saccade R	1	81	893539551	893591543	51992	1102.57	497.55	1241.06	544.42	3.22	124.60	0.38	61.89	5456.21	-4401.34	3177.05
Fixation L	1	69	893591543	893743545	152002	1242.20	557.73	25	36	-1	12.74	12.74
Fixation R	1	69	893591543	893743545	152002	1242.20	557.73	25	36	-1	13.46	13.46
Saccade L	1	77	893743545	893775557	32012	1235.08	560.82	1163.57	562.86	1.53	93.73	0.50	47.71	3534.13	-4034.16	2836.65
Saccade R	1	82	893743545	893775557	32012	1235.08	560.82	1163.57	562.86	1.53	93.73	0.50	47.71	3534.13	-4034.16	2836.65
Fixation L	1	70	893775557	893871567	96010	1158.29	565.88	17	10	-1	12.82	12.82
Fixation R	1	70	893775557	893871567	96010	1158.29	565.88	17	10	-1	13.60	13.60
Saccade L	1	78	893871567	893975551	103984	1151.47	563.90	405.47	478.56	20.58	557.60	0.31	197.94	24748.46	-19304.66	9286.94
Saccade R	1	83	893871567	893975551	103984	1151.47	563.90	405.47	478.56	20.58	557.60	0.31	197.94	24748.46	-19304.66	9286.94
Fixation L	1	71	893975551	894119548	143997	411.32	462.18	17	32	-1	13.13	13.13
Fixation R	1	71	893975551	894119548	143997	411.32	462.18	17	32	-1	13.44	13.44
Saccade L	1	79	894119548	894167567	48019	418.41	458.61	359.81	384.39	2.18	67.98	0.58	45.49	2650.71	-2450.28	1641.81
Saccade R	1	84	894119548	894167567	48019	418.41	458.61	359.81	384.39	2.18	67.98	0.58	45.49	2650.71	-2450.28	1641.81
Fixation L	1	72	894167567	894275564	107997	361.50	388.45	18	33	-1	13.28	13.28
Fixation R	1	72	894167567	894275564	107997	361.50	388.45	18	33	-1	13.32	13.32
Saccade L	1	80	894275564	894319557	43993	374.91	406.56	285.27	454.49	2.22	99.08	0.27	50.42	4348.20	-2709.78	2318.64
Saccade R	1	85	894275564	894319557	43993	374.91	406.56	285.27	454.49	2.22	99.08	0.27	50.42	4348.20	-2709.78	2318.64
Fixation L	1	73	894319557	894579450	259893	300.12	442.86	33	53	-1	13.34	13.34
Fixation R	1	73	894319557	894579450	259893	300.12	442.86	33	53	-1	13.49	13.49
Saccade L	1	81	894579450	894647474	68024	316.29	462.50	406.58	375.62	2.98	112.40	0.24	43.82	4002.98	-3558.90	1717.58
Saccade R	1	86	894579450	894647474	68024	316.29	462.50	406.58	375.62	2.98	112.40	0.24	43.82	4002.98	-3558.90	1717.58
Fixation L	1	74	894647474	894859461	211987	386.16	391.71	41	38	-1	13.65	13.65
Fixation R	1	74	894647474	894859461	211987	386.16	391.71	41	38	-1	13.85	13.85
Saccade L	1	82	894859461	894899451	39990	363.49	372.16	423.17	377.20	1.22	52.15	0.30	30.53	2263.51	-1271.56	1165.34
Saccade R	1	87	894859461	894899451	39990	363.49	372.16	423.17	377.20	1.22	52.15	0.30	30.53	2263.51	-1271.56	1165.34
Fixation L	1	75	894899451	895135450	235999	429.59	372.43	27	42	-1	13.89	13.89
Fixation R	1	75	894899451	895135450	235999	429.59	372.43	27	42	-1	14.09	14.09
Saccade L	1	83	895135450	895215455	80005	413.92	368.50	1223.59	597.51	20.08	611.17	0.40	250.97	23653.11	-19557.35	12190.57
Saccade R	1	88	895135450	895215455	80005	413.92	368.50	1223.59	597.51	20.08	611.17	0.40	250.97	23653.11	-19557.35	12190.57
Saccade L	1	84	895215455	895251429	35974	1223.59	597.51	1198.01	559.93	1.07	49.62	0.44	29.66	545.03	-1003.49	430.41
Saccade R	1	89	895215455	895251429	35974	1223.59	597.51	1198.01	559.93	1.07	49.62	0.44	29.66	545.03	-1003.49	430.41
Fixation L	1	76	895251429	895395453	144024	1176.97	578.98	35	40	-1	13.80	13.80
Fixation R	1	76	895251429	895395453	144024	1176.97	578.98	35	40	-1	14.58	14.58
Saccade L	1	85	895395453	895495489	100036	1177.41	573.76	552.91	409.53	16.83	457.72	0.52	168.27	20103.61	-18673.12	7998.61
Saccade R	1	90	895395453	895495489	100036	1177.41	573.76	552.91	409.53	16.83	457.72	0.52	168.27	20103.61	-18673.12	7998.61
Saccade L	1	86	895503454	895563470	60016	555.70	417.79	1196.56	536.55	14.14	534.82	0.40	235.63	23454.96	-17121.49	12833.24
Saccade R	1	91	895503454	895563470	60016	555.70	417.79	1196.56	536.55	14.14	534.82	0.40	235.63	23454.96	-17121.49	12833.24
Fixation L	1	77	895563470	895735460	171990	1151.59	546.93	71	18	-1	13.99	13.99
Fixation R	1	77	895563470	895735460	171990	1151.59	546.93	71	18	-1	14.58	14.58
Saccade L	1	87	895735460	895767460	32000	1133.21	546.55	1071.20	536.91	1.21	58.49	0.38	37.78	2582.15	-1998.84	1735.92
Saccade R	1	92	895735460	895767460	32000	1133.21	546.55	1071.20	536.91	1.21	58.49	0.38	37.78	2582.15	-1998.84	1735.92
Fixation L	1	78	895767460	896055374	287914	1075.58	519.33	10	48	-1	13.92	13.92
Fixation R	1	78	895767460	896055374	287914	1075.58	519.33	10	48	-1	14.63	14.63
Saccade L	1	88	896055374	896091347	35973	1081.40	495.51	1130.38	519.38	1.19	51.81	0.44	33.20	2052.93	-1554.51	1290.02
Saccade R	1	93	896055374	896091347	35973	1081.40	495.51	1130.38	519.38	1.19	51.81	0.44	33.20	2052.93	-1554.51	1290.02
Fixation L	1	79	896091347	896703382	612035	834.86	371.09	1383	528	-1	13.01	13.01
Fixation R	1	79	896091347	896703382	612035	834.86	371.09	1383	528	-1	12.55	12.55
Fixation L	1	80	896783371	896851386	68015	1127.14	462.69	69	22	-1	13.18	13.18
Fixation R	1	80	896783371	896851386	68015	1127.14	462.69	69	22	-1	14.03	14.03
Saccade L	1	89	896851386	896923392	72006	1138.47	456.15	1135.99	496.10	6.36	213.91	0.44	88.35	7210.52	-6521.33	2833.65
Saccade R	1	94	896851386	896923392	72006	1138.47	456.15	1135.99	496.10	6.36	213.91	0.44	88.35	7210.52	-6521.33	2833.65
Saccade L	1	90	896923392	896955374	31982	1135.99	496.10	1084.68	491.13	1.24	85.67	0.50	38.67	2875.71	-3208.16	2064.51
Saccade R	1	95	896923392	896955374	31982	1135.99	496.10	1084.68	491.13	1.24	85.67	0.50	38.67	2875.71	-3208.16	2064.51
Saccade L	1	91	896967365	896987374	20009	1069.68	491.90	1083.03	559.21	0.98	108.89	0.60	48.87	3755.12	-2865.42	2067.32
Saccade R	1	96	896967365	896987374	20009	1069.68	491.90	1083.03	559.21	0.98	108.89	0.60	48.87	3755.12	-2865.42	2067.32
Saccade L	1	92	897003370	897023365	19995	1074.26	539.98	1041.33	518.23	0.62	40.54	0.60	30.87	6366.96	-428.15	2047.24
Saccade R	1	97	897003370	897023365	19995	1074.26	539.98	1041.33	518.23	0.62	40.54	0.60	30.87	6366.96	-428.15	2047.24
Saccade L	1	93	897023365	897043367	20002	1041.33	518.23	948.66	511.32	1.91	197.58	0.60	95.28	6440.15	441.16	3387.35
Saccade R	1	98	897023365	897043367	20002	1041.33	518.23	948.66	511.32	1.91	197.58	0.60	95.28	6440.15	441.16	3387.35
Saccade L	1	94	897043367	897067391	24024	948.66	511.32	1062.84	511.39	2.13	203.06	0.33	88.69	441.16	-8118.38	3959.07
Saccade R	1	99	897043367	897067391	24024	948.66	511.32	1062.84	511.39	2.13	203.06	0.33	88.69	441.16	-8118.38	3959.07
Fixation L	1	81	897067391	897183369	115978	1067.79	506.36	10	13	-1	13.86	13.86
Fixation R	1	81	897067391	897183369	115978	1067.79	506.36	10	13	-1	14.46	14.46
Saccade L	1	95	897183369	897207393	24024	1071.28	508.77	970.05	493.46	1.99	177.87	0.50	82.76	7541.79	-7652.75	5579.80
Saccade R	1	100	897183369	897207393	24024	1071.28	508.77	970.05	493.46	1.99	177.87	0.50	82.76	7541.79	-7652.75	5579.80
Saccade L	1	96	897227396	897271373	43977	976.73	491.06	1072.29	615.57	3.86	199.75	0.27	87.71	8962.99	-5658.96	4674.28
Saccade R	1	101	897227396	897271373	43977	976.73	491.06	1072.29	615.57	3.86	199.75	0.27	87.71	8962.99	-5658.96	4674.28
Saccade L	1	97	897279368	897319397	40029	1076.55	621.01	967.03	576.01	2.66	179.28	0.30	66.44	6925.91	-6413.50	3990.83
Saccade R	1	102	897279368	897319397	40029	1076.55	621.01	967.03	576.01	2.66	179.28	0.30	66.44	6925.91	-6413.50	3990.83
Saccade L	1	98	897327395	897359397	32002	969.67	570.71	1050.73	592.00	2.13	117.40	0.37	66.67	4642.58	-3993.93	3277.34
Saccade R	1	103	897327395	897359397	32002	969.67	570.71	1050.73	592.00	2.13	117.40	0.37	66.67	4642.58	-3993.93	3277.34
Fixation L	1	82	897359397	897431255	71858	1065.98	610.18	27	26	-1	13.15	13.15
Fixation R	1	82	897359397	897431255	71858	1065.98	610.18	27	26	-1	13.94	13.94
Saccade L	1	99	897431255	897499259	68004	1075.75	610.31	1188.52	663.05	5.73	180.07	0.59	84.27	6228.31	-5055.90	3251.57
Saccade R	1	104	897431255	897499259	68004	1075.75	610.31	1188.52	663.05	5.73	180.07	0.59	84.27	6228.31	-5055.90	3251.57
Saccade L	1	100	897499259	897531252	31993	1188.52	663.05	1178.49	478.35	4.13	359.46	0.50	129.07	12665.04	-14360.66	9297.56
Saccade R	1	105	897499259	897531252	31993	1188.52	663.05	1178.49	478.35	4.13	359.46	0.50	129.07	12665.04	-14360.66	9297.56
Fixation L	1	83	897531252	897787256	256004	1179.07	463.90	19	43	-1	12.87	12.87
Fixation R	1	83	897531252	897787256	256004	1179.07	463.90	19	43	-1	13.60	13.60
Fixation L	1	84	897895294	897967264	71970	351.48	468.79	33	34	-1	13.23	13.23
Fixation R	1	84	897895294	897967264	71970	351.48	468.79	33	34	-1	13.41	13.41
Saccade L	1	101	897967264	898019286	52022	369.58	475.75	261.80	501.35	2.81	121.17	0.46	54.11	5155.50	-4153.21	2712.76
Saccade R	1	106	897967264	898019286	52022	369.58	475.75	261.80	501.35	2.81	121.17	0.46	54.11	5155.50	-4153.21	2712.76
Fixation L	1	85	898019286	898251291	232005	258.62	476.44	21	41	-1	13.18	13.18
Fixation R	1	85	898019286	898251291	232005	258.62	476.44	21	41	-1	13.27	13.27
Saccade L	1	102	898251291	898295292	44001	258.73	491.12	298.92	599.72	2.48	130.52	0.36	56.41	5403.19	-4445.62	3126.84
Saccade R	1	107	898251291	898295292	44001	258.73	491.12	298.92	599.72	2.48	130.52	0.36	56.41	5403.19	-4445.62	3126.84
Fixation L	1	86	898295292	898491269	195977	289.45	605.92	27	43	-1	13.45	13.45
Fixation R	1	86	898295292	898491269	195977	289.45	605.92	27	43	-1	13.57	13.57
Saccade L	1	103	898491269	898539268	47999	307.76	595.89	418.93	429.61	4.30	185.46	0.25	89.68	8552.27	-5316.45	4483.99
Saccade R	1	108	898491269	898539268	47999	307.76	595.89	418.93	429.61	4.30	185.46	0.25	89.68	8552.27	-5316.45	4483.99
Fixation L	1	87	898539268	898879179	339911	417.93	417.24	26	49	-1	13.73	13.73
Fixation R	1	87	898539268	898879179	339911	417.93	417.24	26	49	-1	13.95	13.95
Saccade L	1	104	898879179	898919191	40012	414.58	414.15	288.96	443.29	2.85	116.56	0.60	71.12	5029.57	-4872.78	3742.67
Saccade R	1	109	898879179	898919191	40012	414.58	414.15	288.96	443.29	2.85	116.56	0.60	71.12	5029.57	-4872.78	3742.67
Fixation L	1	88	898919191	899803201	884010	274.56	480.22	37	89	-1	14.09	14.09
Fixation R	1	88	898919191	899803201	884010	274.56	480.22	37	89	-1	14.18	14.18
Saccade L	1	105	899803201	899855199	51998	286.52	474.65	397.61	390.25	3.25	118.00	0.46	62.46	4604.06	-4080.45	2948.53
Saccade R	1	110	899803201	899855199	51998	286.52	474.65	397.61	390.25	3.25	118.00	0.46	62.46	4604.06	-4080.45	2948.53
Fixation L	1	89	899855199	900059172	203973	406.24	396.06	11	21	-1	13.85	13.85
Fixation R	1	89	899855199	900059172	203973	406.24	396.06	11	21	-1	14.02	14.02
Saccade L	1	106	900059172	900127181	68009	401.48	402.39	1183.53	559.31	17.81	550.30	0.41	261.88	24490.87	-19178.35	13575.88
Saccade R	1	111	900059172	900127181	68009	401.48	402.39	1183.53	559.31	17.81	550.30	0.41	261.88	24490.87	-19178.35	13575.88
Saccade L	1	107	900127181	900167083	39902	1183.53	559.31	1145.35	520.17	1.28	58.13	0.50	32.08	2223.79	-3291.16	1499.33
Saccade R	1	112	900127181	900167083	39902	1183.53	559.31	1145.35	520.17	1.28	58.13	0.50	32.08	2223.79	-3291.16	1499.33
Fixation L	1	90	900167083	900331061	163978	1128.82	534.61	23	66	-1	13.82	13.82
Fixation R	1	90	900167083	900331061	163978	1128.82	534.61	23	66	-1	14.42	14.42
Saccade L	1	108	900331061	900359063	28002	1122.21	573.77	1196.31	535.58	1.80	141.00	0.57	64.33	6387.25	-5384.90	4331.70
Saccade R	1	113	900331061	900359063	28002	1122.21	573.77	1196.31	535.58	1.80	141.00	0.57	64.33	6387.25	-5384.90	4331.70
Fixation L	1	91	900359063	900531091	172028	1189.02	532.39	38	34	-1	13.77	13.77
Fixation R	1	91	900359063	900531091	172028	1189.02	532.39	38	34	-1	14.41	14.41
Saccade L	1	109	900531091	900563071	31980	1176.33	539.90	1248.99	524.03	1.47	82.52	0.50	45.92	3395.82	-3014.32	2381.94
Saccade R	1	114	900531091	900563071	31980	1176.33	539.90	1248.99	524.03	1.47	82.52	0.50	45.92	3395.82	-3014.32	2381.94
Fixation L	1	92	900563071	900715070	151999	1230.78	530.33	23	10	-1	13.36	13.36
Fixation R	1	92	900563071	900715070	151999	1230.78	530.33	23	10	-1	14.07	14.07
Saccade L	1	110	900715070	900799099	84029	1243.17	515.54	326.35	322.30	22.87	632.21	0.33	272.13	27019.72	-22794.27	12660.40
Saccade R	1	115	900715070	900799099	84029	1243.17	515.54	326.35	322.30	22.87	632.21	0.33	272.13	27019.72	-22794.27	12660.40
Fixation L	1	93	900799099	901079079	279980	369.07	332.59	64	29	-1	13.56	13.56
Fixation R	1	93	900799099	901079079	279980	369.07	332.59	64	29	-1	13.57	13.57
Saccade L	1	111	901079079	901111100	32021	352.73	322.37	419.54	335.37	1.42	80.99	0.50	44.40	3744.16	-3151.99	2495.40
Saccade R	1	116	901079079	901111100	32021	352.73	322.37	419.54	335.37	1.42	80.99	0.50	44.40	3744.16	-3151.99	2495.40
Fixation L	1	94	901111100	901475080	363980	415.66	357.84	28	44	-1	13.87	13.87
Fixation R	1	94	901111100	901475080	363980	415.66	357.84	28	44	-1	13.85	13.85
Saccade L	1	112	901475080	901531119	56039	410.89	366.26	0.00	0.00	37.26	2351.58	0.79	664.84	63406.35	-100051.66	37556.32
Saccade R	1	117	901475080	901531119	56039	410.89	366.26	0.00	0.00	37.26	2351.58	0.79	664.84	63406.35	-100051.66	37556.32
Fixation L	1	95	901531119	902374969	843850	0.00	0.00	0	0	-1	14.43	14.43
Fixation R	1	95	901531119	902374969	843850	0.00	0.00	0	0	-1	15.38	15.38
Fixation L	1	96	902458990	902543015	84025	1161.86	539.53	20	45	-1	15.76	15.76
Fixation R	1	96	902458990	902543015	84025	1161.86	539.53	20	45	-1	16.34	16.34
Fixation L	1	97	902594986	902879003	284017	1008.79	529.80	349	59	-1	15.69	15.69
Fixation R	1	97	902594986	902879003	284017	1008.79	529.80	349	59	-1	16.21	16.21
