[BeGaze]
Converted from:	D:\Kirillov\Results\ermolova_temp\Kate 04-eye_data.idf
Date:	17.04.2019 03:52:47
Version:	BeGaze 3.0.181
Sample Rate:	250
Subject:	Kate 04
Description:	Run14

Table Header for Fixations:
Event Type	Trial	Number	Start	End	Duration	Location X	Location Y	Dispersion X	Dispersion Y	Plane	Avg. Pupil Size X	Avg. Pupil Size Y

Table Header for Saccades:
Event Type	Trial	Number	Start	End	Duration	Start Loc.X	Start Loc.Y	End Loc.X	End Loc.Y	Amplitude	Peak Speed	Peak Speed At	Average Speed	Peak Accel.	Peak Decel.	Average Accel.

Table Header for User Events:
Event Type	Trial	Number	Start	Description

UserEvent	1	1	3995328003	# Message: experiment-04.jpg
Fixation L	1	1	3995328261	3995540241	211980	460.92	350.15	18	20	-1	15.20	15.20
Fixation R	1	1	3995328261	3995540241	211980	460.92	350.15	18	20	-1	14.00	14.00
Saccade L	1	1	3995540241	3995596234	55993	470.49	355.08	834.04	490.29	8.48	304.22	0.29	151.52	15072.91	-8148.83	7922.16
Saccade R	1	1	3995540241	3995596234	55993	470.49	355.08	834.04	490.29	8.48	304.22	0.29	151.52	15072.91	-8148.83	7922.16
Fixation L	1	2	3995596234	3995728263	132029	847.24	498.26	23	15	-1	14.94	14.94
Fixation R	1	2	3995596234	3995728263	132029	847.24	498.26	23	15	-1	13.81	13.81
Saccade L	1	2	3995728263	3995768279	40016	853.76	490.84	1030.52	491.11	3.65	196.43	0.40	91.10	9152.92	-7757.63	5859.53
Saccade R	1	2	3995728263	3995768279	40016	853.76	490.84	1030.52	491.11	3.65	196.43	0.40	91.10	9152.92	-7757.63	5859.53
Fixation L	1	3	3995768279	3995916236	147957	1032.63	504.11	22	25	-1	13.95	13.95
Fixation R	1	3	3995768279	3995916236	147957	1032.63	504.11	22	25	-1	13.09	13.09
Saccade L	1	3	3995916236	3995984244	68008	1021.04	508.65	400.76	573.89	13.71	384.40	0.29	201.64	18741.27	-12976.44	9197.39
Saccade R	1	3	3995916236	3995984244	68008	1021.04	508.65	400.76	573.89	13.71	384.40	0.29	201.64	18741.27	-12976.44	9197.39
Fixation L	1	4	3995984244	3996152241	167997	395.13	591.66	10	24	-1	13.62	13.62
Fixation R	1	4	3995984244	3996152241	167997	395.13	591.66	10	24	-1	12.50	12.50
Saccade L	1	4	3996152241	3996180275	28034	390.73	598.88	448.96	596.77	1.15	80.49	0.57	40.85	3770.72	-3238.36	2579.97
Saccade R	1	4	3996152241	3996180275	28034	390.73	598.88	448.96	596.77	1.15	80.49	0.57	40.85	3770.72	-3238.36	2579.97
Fixation L	1	5	3996180275	3996300242	119967	461.99	600.59	19	13	-1	13.51	13.51
Fixation R	1	5	3996180275	3996300242	119967	461.99	600.59	19	13	-1	12.36	12.36
Saccade L	1	5	3996300242	3996360241	59999	466.96	606.44	1009.30	626.75	11.84	342.62	0.27	197.34	16589.91	-14582.15	9343.70
Saccade R	1	5	3996300242	3996360241	59999	466.96	606.44	1009.30	626.75	11.84	342.62	0.27	197.34	16589.91	-14582.15	9343.70
Fixation L	1	6	3996360241	3996524243	164002	1027.24	629.28	32	20	-1	13.53	13.53
Fixation R	1	6	3996360241	3996524243	164002	1027.24	629.28	32	20	-1	12.59	12.59
Saccade L	1	6	3996524243	3996552258	28015	1027.36	617.99	1058.61	639.67	0.74	45.62	0.43	26.41	1926.32	-1264.04	1158.98
Saccade R	1	6	3996524243	3996552258	28015	1027.36	617.99	1058.61	639.67	0.74	45.62	0.43	26.41	1926.32	-1264.04	1158.98
Fixation L	1	7	3996552258	3996668121	115863	1067.89	656.26	14	33	-1	13.82	13.82
Fixation R	1	7	3996552258	3996668121	115863	1067.89	656.26	14	33	-1	13.02	13.02
Saccade L	1	7	3996668121	3996700119	31998	1063.04	673.66	1069.00	543.84	2.59	159.11	0.38	81.04	7339.86	-7169.93	5300.25
Saccade R	1	7	3996668121	3996700119	31998	1063.04	673.66	1069.00	543.84	2.59	159.11	0.38	81.04	7339.86	-7169.93	5300.25
Fixation L	1	8	3996700119	3997312129	612010	1062.72	557.34	58	36	-1	13.42	13.42
Fixation R	1	8	3996700119	3997312129	612010	1062.72	557.34	58	36	-1	12.54	12.54
Saccade L	1	8	3997312129	3997372137	60008	1034.03	561.14	426.33	550.83	13.24	362.71	0.60	220.63	15078.03	-15397.72	8793.65
Saccade R	1	8	3997312129	3997372137	60008	1034.03	561.14	426.33	550.83	13.24	362.71	0.60	220.63	15078.03	-15397.72	8793.65
Fixation L	1	9	3997372137	3997544138	172001	431.66	560.02	24	25	-1	13.44	13.44
Fixation R	1	9	3997372137	3997544138	172001	431.66	560.02	24	25	-1	12.20	12.20
Saccade L	1	9	3997544138	3997568138	24000	427.83	558.77	485.59	564.62	1.09	83.42	0.50	45.49	3658.90	-3637.01	2728.31
Saccade R	1	9	3997544138	3997568138	24000	427.83	558.77	485.59	564.62	1.09	83.42	0.50	45.49	3658.90	-3637.01	2728.31
Fixation L	1	10	3997568138	3998136020	567882	473.48	560.93	31	26	-1	13.70	13.70
Fixation R	1	10	3997568138	3998136020	567882	473.48	560.93	31	26	-1	12.63	12.63
Saccade L	1	10	3998136020	3998208021	72001	461.43	576.34	1036.52	500.58	12.77	347.64	0.56	177.32	11606.12	-11021.75	6964.57
Saccade R	1	10	3998136020	3998208021	72001	461.43	576.34	1036.52	500.58	12.77	347.64	0.56	177.32	11606.12	-11021.75	6964.57
Fixation L	1	11	3998208021	3998476013	267992	1037.94	497.76	24	19	-1	13.74	13.74
Fixation R	1	11	3998208021	3998476013	267992	1037.94	497.76	24	19	-1	12.74	12.74
Saccade L	1	11	3998476013	3998560039	84026	1046.57	498.67	627.71	547.01	9.54	225.62	0.48	113.50	9673.37	-7407.46	4069.61
Saccade R	1	11	3998476013	3998560039	84026	1046.57	498.67	627.71	547.01	9.54	225.62	0.48	113.50	9673.37	-7407.46	4069.61
Fixation L	1	12	3998560039	3998776019	215980	613.82	547.85	24	10	-1	13.56	13.56
Fixation R	1	12	3998560039	3998776019	215980	613.82	547.85	24	10	-1	12.40	12.40
Saccade L	1	12	3998776019	3998816035	40016	610.98	548.18	513.52	547.69	2.02	98.26	0.60	50.53	3222.98	-4252.20	2621.77
Saccade R	1	12	3998776019	3998816035	40016	610.98	548.18	513.52	547.69	2.02	98.26	0.60	50.53	3222.98	-4252.20	2621.77
Fixation L	1	13	3998816035	3999016033	199998	511.73	544.31	23	19	-1	13.83	13.83
Fixation R	1	13	3998816035	3999016033	199998	511.73	544.31	23	19	-1	12.47	12.47
Saccade L	1	13	3999016033	3999052031	35998	523.69	550.87	470.96	565.22	1.23	56.60	0.45	34.07	2547.08	-2078.79	1701.17
Saccade R	1	13	3999016033	3999052031	35998	523.69	550.87	470.96	565.22	1.23	56.60	0.45	34.07	2547.08	-2078.79	1701.17
Fixation L	1	14	3999052031	3999723899	671868	447.21	568.10	56	43	-1	14.37	14.37
Fixation R	1	14	3999052031	3999723899	671868	447.21	568.10	56	43	-1	13.06	13.06
Saccade L	1	14	3999723899	3999747919	24020	425.83	567.73	384.66	571.95	0.76	53.33	0.50	31.83	2171.00	-2112.41	1638.83
Saccade R	1	14	3999723899	3999747919	24020	425.83	567.73	384.66	571.95	0.76	53.33	0.50	31.83	2171.00	-2112.41	1638.83
Fixation L	1	15	3999747919	4000395900	647981	381.35	578.35	31	34	-1	14.27	14.27
Fixation R	1	15	3999747919	4000395900	647981	381.35	578.35	31	34	-1	12.87	12.87
Saccade L	1	15	4000395900	4000463901	68001	390.98	581.56	1004.52	575.32	13.52	330.20	0.53	198.76	15654.20	-12361.03	8075.38
Saccade R	1	15	4000395900	4000463901	68001	390.98	581.56	1004.52	575.32	13.52	330.20	0.53	198.76	15654.20	-12361.03	8075.38
Fixation L	1	16	4000463901	4000679906	216005	1028.37	572.86	32	16	-1	13.61	13.61
Fixation R	1	16	4000463901	4000679906	216005	1028.37	572.86	32	16	-1	12.77	12.77
Saccade L	1	16	4000679906	4000707899	27993	1025.60	574.34	1041.00	668.34	1.91	143.53	0.57	68.13	6448.99	-5700.43	4489.27
Saccade R	1	16	4000679906	4000707899	27993	1025.60	574.34	1041.00	668.34	1.91	143.53	0.57	68.13	6448.99	-5700.43	4489.27
Fixation L	1	17	4000707899	4000935850	227951	1043.41	648.09	36	47	-1	13.51	13.51
Fixation R	1	17	4000707899	4000935850	227951	1043.41	648.09	36	47	-1	12.55	12.55
Saccade L	1	17	4000935850	4000967801	31951	1035.06	624.15	1054.15	495.35	2.61	159.70	0.37	81.70	7562.00	-7494.08	5476.12
Saccade R	1	17	4000935850	4000967801	31951	1035.06	624.15	1054.15	495.35	2.61	159.70	0.37	81.70	7562.00	-7494.08	5476.12
Fixation L	1	18	4000967801	4001219783	251982	1048.60	500.05	22	29	-1	13.22	13.22
Fixation R	1	18	4000967801	4001219783	251982	1048.60	500.05	22	29	-1	12.33	12.33
Saccade L	1	18	4001219783	4001267780	47997	1039.22	504.78	1047.54	625.63	2.58	125.92	0.67	53.66	4273.48	-5906.62	3114.20
Saccade R	1	18	4001219783	4001267780	47997	1039.22	504.78	1047.54	625.63	2.58	125.92	0.67	53.66	4273.48	-5906.62	3114.20
Fixation L	1	19	4001267780	4001655870	388090	802.87	486.76	1175	893	-1	11.49	11.49
Fixation R	1	19	4001267780	4001655870	388090	802.87	486.76	1175	893	-1	11.39	11.39
Fixation L	1	20	4001747791	4002131816	384025	1029.10	580.72	28	21	-1	13.21	13.21
Fixation R	1	20	4001747791	4002131816	384025	1029.10	580.72	28	21	-1	12.34	12.34
Saccade L	1	19	4002131816	4002163812	31996	1040.80	568.90	1060.79	633.40	1.45	84.93	0.62	45.42	3846.07	-3606.40	2763.36
Saccade R	1	19	4002131816	4002163812	31996	1040.80	568.90	1060.79	633.40	1.45	84.93	0.62	45.42	3846.07	-3606.40	2763.36
Fixation L	1	21	4002163812	4002635666	471854	1059.60	640.83	22	29	-1	12.75	12.75
Fixation R	1	21	4002163812	4002635666	471854	1059.60	640.83	22	29	-1	11.91	11.91
Saccade L	1	20	4002635666	4002671683	36017	1063.13	636.47	1172.02	657.47	2.36	142.93	0.44	65.62	6650.96	-6037.50	4383.35
Saccade R	1	20	4002635666	4002671683	36017	1063.13	636.47	1172.02	657.47	2.36	142.93	0.44	65.62	6650.96	-6037.50	4383.35
Fixation L	1	22	4002671683	4002875704	204021	1166.39	665.42	13	16	-1	12.40	12.40
Fixation R	1	22	4002671683	4002875704	204021	1166.39	665.42	13	16	-1	11.47	11.47
Saccade L	1	21	4002875704	4002899718	24014	1161.48	662.43	1206.81	656.87	0.87	58.37	0.50	36.27	2753.82	-2260.05	1813.36
Saccade R	1	21	4002875704	4002899718	24014	1161.48	662.43	1206.81	656.87	0.87	58.37	0.50	36.27	2753.82	-2260.05	1813.36
Fixation L	1	23	4002899718	4003039680	139962	1208.57	649.52	13	22	-1	12.24	12.24
Fixation R	1	23	4002899718	4003039680	139962	1208.57	649.52	13	22	-1	11.54	11.54
Saccade L	1	22	4003039680	4003091678	51998	1212.37	659.04	1108.78	465.85	5.24	216.96	0.38	100.79	10639.54	-6534.21	5531.33
Saccade R	1	22	4003039680	4003091678	51998	1212.37	659.04	1108.78	465.85	5.24	216.96	0.38	100.79	10639.54	-6534.21	5531.33
Fixation L	1	24	4003091678	4003283622	191944	1092.63	449.19	25	27	-1	12.30	12.30
Fixation R	1	24	4003091678	4003283622	191944	1092.63	449.19	25	27	-1	11.41	11.41
Saccade L	1	23	4003283622	4003307693	24071	1105.64	456.34	1135.30	461.41	0.73	52.44	0.50	30.15	1955.68	-1630.86	1343.08
Saccade R	1	23	4003283622	4003307693	24071	1105.64	456.34	1135.30	461.41	0.73	52.44	0.50	30.15	1955.68	-1630.86	1343.08
Fixation L	1	25	4003307693	4003483683	175990	1144.33	468.37	23	14	-1	12.31	12.31
Fixation R	1	25	4003307693	4003483683	175990	1144.33	468.37	23	14	-1	11.52	11.52
Saccade L	1	24	4003483683	4003523682	39999	1134.43	474.88	1208.47	479.38	1.58	93.45	0.40	39.60	4219.36	-3588.53	2407.57
Saccade R	1	24	4003483683	4003523682	39999	1134.43	474.88	1208.47	479.38	1.58	93.45	0.40	39.60	4219.36	-3588.53	2407.57
Fixation L	1	26	4003523682	4003679550	155868	1218.58	472.56	15	14	-1	12.61	12.61
Fixation R	1	26	4003523682	4003679550	155868	1218.58	472.56	15	14	-1	11.77	11.77
Saccade L	1	25	4003679550	4003751560	72010	1220.38	477.37	623.86	469.47	13.14	307.74	0.50	182.41	13630.60	-9187.74	7071.79
Saccade R	1	25	4003679550	4003751560	72010	1220.38	477.37	623.86	469.47	13.14	307.74	0.50	182.41	13630.60	-9187.74	7071.79
Fixation L	1	27	4003751560	4003979588	228028	612.11	487.61	26	34	-1	13.09	13.09
Fixation R	1	27	4003751560	4003979588	228028	612.11	487.61	26	34	-1	11.81	11.81
Saccade L	1	26	4003979588	4004019592	40004	596.79	503.22	579.42	555.42	1.25	52.92	0.40	31.28	2019.81	-1867.32	1416.67
Saccade R	1	26	4003979588	4004019592	40004	596.79	503.22	579.42	555.42	1.25	52.92	0.40	31.28	2019.81	-1867.32	1416.67
Fixation L	1	28	4004019592	4004095570	75978	573.14	565.33	15	14	-1	13.16	13.16
Fixation R	1	28	4004019592	4004095570	75978	573.14	565.33	15	14	-1	11.94	11.94
Saccade L	1	27	4004095570	4004167568	71998	563.91	560.12	1074.16	500.73	11.39	310.17	0.28	158.25	15079.92	-12478.15	7279.13
Saccade R	1	27	4004095570	4004167568	71998	563.91	560.12	1074.16	500.73	11.39	310.17	0.28	158.25	15079.92	-12478.15	7279.13
Fixation L	1	29	4004167568	4004315561	147993	1081.61	507.17	13	21	-1	13.53	13.53
Fixation R	1	29	4004167568	4004315561	147993	1081.61	507.17	13	21	-1	12.53	12.53
Saccade L	1	28	4004315561	4004379579	64018	1076.54	516.91	491.11	458.76	12.97	328.73	0.44	202.55	14249.40	-13403.03	8206.16
Saccade R	1	28	4004315561	4004379579	64018	1076.54	516.91	491.11	458.76	12.97	328.73	0.44	202.55	14249.40	-13403.03	8206.16
Fixation L	1	30	4004379579	4004567631	188052	472.77	460.92	28	28	-1	13.92	13.92
Fixation R	1	30	4004379579	4004567631	188052	472.77	460.92	28	28	-1	12.42	12.42
Saccade L	1	29	4004567631	4004595506	27875	467.90	470.97	413.78	458.64	1.12	73.29	0.57	40.29	3205.66	-2929.93	2277.50
Saccade R	1	29	4004567631	4004595506	27875	467.90	470.97	413.78	458.64	1.12	73.29	0.57	40.29	3205.66	-2929.93	2277.50
Fixation L	1	31	4004595506	4004871577	276071	411.85	447.70	16	17	-1	13.88	13.88
Fixation R	1	31	4004595506	4004871577	276071	411.85	447.70	16	17	-1	12.33	12.33
Saccade L	1	30	4004871577	4004907580	36003	409.09	450.50	440.54	417.79	1.02	44.57	0.33	28.28	1920.15	-1438.81	1187.00
Saccade R	1	30	4004871577	4004907580	36003	409.09	450.50	440.54	417.79	1.02	44.57	0.33	28.28	1920.15	-1438.81	1187.00
Fixation L	1	32	4004907580	4005911454	1003874	468.03	400.58	76	76	-1	13.65	13.65
Fixation R	1	32	4004907580	4005911454	1003874	468.03	400.58	76	76	-1	12.43	12.43
Saccade L	1	31	4005911454	4005987462	76008	452.85	381.99	1079.57	475.65	14.07	326.64	0.47	185.16	13922.98	-11738.78	7218.93
Saccade R	1	31	4005911454	4005987462	76008	452.85	381.99	1079.57	475.65	14.07	326.64	0.47	185.16	13922.98	-11738.78	7218.93
Fixation L	1	33	4005987462	4006115468	128006	1085.74	476.12	15	16	-1	13.67	13.67
Fixation R	1	33	4005987462	4006115468	128006	1085.74	476.12	15	16	-1	13.06	13.06
Saccade L	1	32	4006115468	4006139475	24007	1095.64	468.08	1148.84	482.87	1.03	76.01	0.50	42.74	3175.28	-3239.42	2420.18
Saccade R	1	32	4006115468	4006139475	24007	1095.64	468.08	1148.84	482.87	1.03	76.01	0.50	42.74	3175.28	-3239.42	2420.18
Fixation L	1	34	4006139475	4006255464	115989	1140.50	491.84	13	15	-1	13.67	13.67
Fixation R	1	34	4006139475	4006255464	115989	1140.50	491.84	13	15	-1	13.04	13.04
Saccade L	1	33	4006255464	4006283479	28015	1135.80	490.29	1218.67	485.46	1.75	128.50	0.43	62.55	5894.09	-5626.96	4276.14
Saccade R	1	33	4006255464	4006283479	28015	1135.80	490.29	1218.67	485.46	1.75	128.50	0.43	62.55	5894.09	-5626.96	4276.14
Fixation L	1	35	4006283479	4006471497	188018	1211.01	500.18	20	25	-1	13.31	13.31
Fixation R	1	35	4006283479	4006471497	188018	1211.01	500.18	20	25	-1	12.48	12.48
Saccade L	1	34	4006471497	4006499342	27845	1201.82	510.49	1203.35	597.59	1.73	127.04	0.57	62.00	5780.18	-5622.04	4247.91
Saccade R	1	34	4006471497	4006499342	27845	1201.82	510.49	1203.35	597.59	1.73	127.04	0.57	62.00	5780.18	-5622.04	4247.91
Fixation L	1	36	4006499342	4006651328	151986	1210.59	589.33	10	19	-1	12.84	12.84
Fixation R	1	36	4006499342	4006651328	151986	1210.59	589.33	10	19	-1	12.11	12.11
Saccade L	1	35	4006651328	4006687347	36019	1211.69	586.58	1272.89	525.64	1.89	93.73	0.44	52.57	4269.86	-3855.67	3024.63
Saccade R	1	35	4006651328	4006687347	36019	1211.69	586.58	1272.89	525.64	1.89	93.73	0.44	52.57	4269.86	-3855.67	3024.63
Fixation L	1	37	4006687347	4006847338	159991	1270.05	519.22	20	13	-1	12.87	12.87
Fixation R	1	37	4006687347	4006847338	159991	1270.05	519.22	20	13	-1	12.00	12.00
Saccade L	1	36	4006847338	4006887345	40007	1260.72	519.25	1125.84	486.45	3.01	164.93	0.30	75.31	7954.48	-6398.24	4646.09
Saccade R	1	36	4006847338	4006887345	40007	1260.72	519.25	1125.84	486.45	3.01	164.93	0.30	75.31	7954.48	-6398.24	4646.09
Fixation L	1	38	4006887345	4007283376	396031	1141.83	461.45	51	42	-1	12.77	12.77
Fixation R	1	38	4006887345	4007283376	396031	1141.83	461.45	51	42	-1	12.00	12.00
Saccade L	1	37	4007283376	4007355348	71972	1168.87	447.11	452.90	380.69	15.73	360.76	0.56	218.58	16208.90	-12647.42	8178.30
Saccade R	1	37	4007283376	4007355348	71972	1168.87	447.11	452.90	380.69	15.73	360.76	0.56	218.58	16208.90	-12647.42	8178.30
Fixation L	1	39	4007355348	4007503337	147989	463.26	385.93	27	46	-1	13.28	13.28
Fixation R	1	39	4007355348	4007503337	147989	463.26	385.93	27	46	-1	11.82	11.82
Saccade L	1	38	4007503337	4007587366	84029	463.87	405.11	1100.02	603.14	15.04	363.62	0.29	179.02	16516.33	-12970.80	7396.04
Saccade R	1	38	4007503337	4007587366	84029	463.87	405.11	1100.02	603.14	15.04	363.62	0.29	179.02	16516.33	-12970.80	7396.04
Fixation L	1	40	4007587366	4007703344	115978	1104.81	608.11	14	13	-1	13.15	13.15
Fixation R	1	40	4007587366	4007703344	115978	1104.81	608.11	14	13	-1	12.27	12.27
Saccade L	1	39	4007703344	4007739354	36010	1113.05	602.54	1188.46	579.65	1.82	91.61	0.45	50.61	4436.85	-3775.73	3051.14
Saccade R	1	39	4007703344	4007739354	36010	1113.05	602.54	1188.46	579.65	1.82	91.61	0.45	50.61	4436.85	-3775.73	3051.14
Fixation L	1	41	4007739354	4007991225	251871	1195.43	577.93	23	16	-1	13.61	13.61
Fixation R	1	41	4007739354	4007991225	251871	1195.43	577.93	23	16	-1	12.71	12.71
Saccade L	1	40	4007991225	4008019236	28011	1183.72	577.74	1165.45	651.90	1.49	102.30	0.43	53.24	4547.53	-4646.25	3475.26
Saccade R	1	40	4007991225	4008019236	28011	1183.72	577.74	1165.45	651.90	1.49	102.30	0.43	53.24	4547.53	-4646.25	3475.26
Fixation L	1	42	4008019236	4008275233	255997	1175.88	652.23	26	16	-1	13.14	13.14
Fixation R	1	42	4008019236	4008275233	255997	1175.88	652.23	26	16	-1	12.35	12.35
Saccade L	1	41	4008275233	4008331227	55994	1182.32	652.61	1003.16	534.66	4.73	148.56	0.36	84.50	6924.83	-5809.52	3710.87
Saccade R	1	41	4008275233	4008331227	55994	1182.32	652.61	1003.16	534.66	4.73	148.56	0.36	84.50	6924.83	-5809.52	3710.87
Fixation L	1	43	4008331227	4008543224	211997	1002.24	521.33	25	36	-1	12.95	12.95
Fixation R	1	43	4008331227	4008543224	211997	1002.24	521.33	25	36	-1	12.10	12.10
Saccade L	1	42	4008543224	4008571217	27993	1014.45	547.00	1056.93	556.90	1.22	100.61	0.43	43.59	3856.63	-3818.94	2674.06
Saccade R	1	42	4008543224	4008571217	27993	1014.45	547.00	1056.93	556.90	1.22	100.61	0.43	43.59	3856.63	-3818.94	2674.06
Fixation L	1	44	4008571217	4008739237	168020	1070.28	566.78	22	26	-1	12.74	12.74
Fixation R	1	44	4008571217	4008859234	288017	750.03	418.15	1203	969	-1	12.27	12.27
Fixation L	1	45	4008971114	4009167240	196126	493.51	511.70	15	15	-1	13.40	13.40
Fixation R	1	45	4008971114	4009167240	196126	493.51	511.70	15	15	-1	12.38	12.38
Saccade L	1	43	4009167240	4009207242	40002	489.84	505.82	440.87	578.60	1.88	84.42	0.40	47.04	3931.74	-3131.09	2517.59
Saccade R	1	43	4009167240	4009207242	40002	489.84	505.82	440.87	578.60	1.88	84.42	0.40	47.04	3931.74	-3131.09	2517.59
Fixation L	1	46	4009207242	4009487121	279879	448.93	583.39	22	25	-1	14.03	14.03
Fixation R	1	46	4009207242	4009487121	279879	448.93	583.39	22	25	-1	13.08	13.08
Saccade L	1	44	4009487121	4009527139	40018	446.92	593.28	270.19	600.02	3.83	191.15	0.40	95.74	9308.29	-8576.54	6443.44
Saccade R	1	44	4009487121	4009527139	40018	446.92	593.28	270.19	600.02	3.83	191.15	0.40	95.74	9308.29	-8576.54	6443.44
Fixation L	1	47	4009527139	4009635119	107980	267.35	604.58	11	16	-1	13.76	13.76
Fixation R	1	47	4009527139	4009635119	107980	267.35	604.58	11	16	-1	12.83	12.83
Saccade L	1	45	4009635119	4009707114	71995	270.52	615.49	999.13	571.60	16.07	390.81	0.33	223.17	18492.90	-14859.55	9295.42
Saccade R	1	45	4009635119	4009707114	71995	270.52	615.49	999.13	571.60	16.07	390.81	0.33	223.17	18492.90	-14859.55	9295.42
Fixation L	1	48	4009707114	4009883109	175995	1023.52	565.40	32	14	-1	13.32	13.32
Fixation R	1	48	4009707114	4009883109	175995	1023.52	565.40	32	14	-1	12.69	12.69
Saccade L	1	46	4009883109	4009903120	20011	1025.85	559.01	1005.28	572.81	0.56	46.84	0.40	28.02	1999.32	-1073.39	1064.83
Saccade R	1	46	4009883109	4009903120	20011	1025.85	559.01	1005.28	572.81	0.56	46.84	0.40	28.02	1999.32	-1073.39	1064.83
Fixation L	1	49	4009903120	4010211108	307988	998.80	579.06	14	16	-1	13.28	13.28
Fixation R	1	49	4009903120	4010211108	307988	998.80	579.06	14	16	-1	12.65	12.65
Saccade L	1	47	4010211108	4010255134	44026	1005.22	569.82	971.61	620.83	1.32	53.93	0.45	30.09	2142.48	-1714.98	1265.93
Saccade R	1	47	4010211108	4010255134	44026	1005.22	569.82	971.61	620.83	1.32	53.93	0.45	30.09	2142.48	-1714.98	1265.93
Fixation L	1	50	4010255134	4010447122	191988	989.93	623.96	35	19	-1	13.34	13.34
Fixation R	1	50	4010255134	4010447122	191988	989.93	623.96	35	19	-1	12.54	12.54
Saccade L	1	48	4010447122	4010471132	24010	988.11	636.93	1070.06	647.41	1.67	137.68	0.50	69.46	5865.88	-5983.76	4354.76
Saccade R	1	48	4010447122	4010471132	24010	988.11	636.93	1070.06	647.41	1.67	137.68	0.50	69.46	5865.88	-5983.76	4354.76
Fixation L	1	51	4010471132	4010603117	131985	1073.29	661.37	17	43	-1	13.59	13.59
Fixation R	1	51	4010471132	4010603117	131985	1073.29	661.37	17	43	-1	12.48	12.48
Saccade L	1	49	4010603117	4010651144	48027	1065.14	689.88	1097.46	873.41	4.09	201.72	0.42	85.25	9410.93	-7634.05	5206.88
Saccade R	1	49	4010603117	4010651144	48027	1065.14	689.88	1097.46	873.41	4.09	201.72	0.42	85.25	9410.93	-7634.05	5206.88
Fixation L	1	52	4010651144	4010714992	63848	1092.90	892.12	17	35	-1	13.62	13.62
Fixation R	1	52	4010651144	4010714992	63848	1092.90	892.12	17	35	-1	12.62	12.62
Saccade L	1	50	4010714992	4010767131	52139	1081.12	906.21	1046.45	625.02	6.17	230.86	0.31	118.40	10658.18	-7656.95	5601.63
Saccade R	1	50	4010714992	4010767131	52139	1081.12	906.21	1046.45	625.02	6.17	230.86	0.31	118.40	10658.18	-7656.95	5601.63
Fixation L	1	53	4010767131	4010859003	91872	1049.21	625.10	19	12	-1	13.80	13.80
Fixation R	1	53	4010767131	4010859003	91872	1049.21	625.10	19	12	-1	12.71	12.71
Saccade L	1	51	4010859003	4010887015	28012	1054.69	619.36	1045.97	504.42	2.35	171.04	0.43	83.90	8309.48	-7594.66	5864.07
Saccade R	1	51	4010859003	4010887015	28012	1054.69	619.36	1045.97	504.42	2.35	171.04	0.43	83.90	8309.48	-7594.66	5864.07
Fixation L	1	54	4010887015	4011183000	295985	1034.42	519.36	20	29	-1	13.84	13.84
Fixation R	1	54	4010887015	4011183000	295985	1034.42	519.36	20	29	-1	12.83	12.83
Saccade L	1	52	4011183000	4011219006	36006	1039.75	516.78	1012.42	584.71	1.79	92.79	0.33	49.83	4220.10	-3559.32	2667.78
Saccade R	1	52	4011183000	4011219006	36006	1039.75	516.78	1012.42	584.71	1.79	92.79	0.33	49.83	4220.10	-3559.32	2667.78
Saccade L	1	53	4011226997	4011255039	28042	1009.31	588.20	955.49	579.73	1.25	87.44	0.57	44.58	3463.09	-3885.09	2617.01
Saccade R	1	53	4011226997	4011255039	28042	1009.31	588.20	955.49	579.73	1.25	87.44	0.57	44.58	3463.09	-3885.09	2617.01
Fixation L	1	55	4011255039	4011639024	383985	929.08	563.16	427	230	-1	14.08	14.08
Fixation R	1	55	4011255039	4011639024	383985	929.08	563.16	427	230	-1	12.91	12.91
