[BeGaze]
Converted from:	D:\Kirillov\Results\ermolova_temp\Dasha-eye_data.idf
Date:	17.04.2019 03:53:26
Version:	BeGaze 3.0.181
Sample Rate:	250
Subject:	Dasha
Description:	Run24

Table Header for Fixations:
Event Type	Trial	Number	Start	End	Duration	Location X	Location Y	Dispersion X	Dispersion Y	Plane	Avg. Pupil Size X	Avg. Pupil Size Y

Table Header for Saccades:
Event Type	Trial	Number	Start	End	Duration	Start Loc.X	Start Loc.Y	End Loc.X	End Loc.Y	Amplitude	Peak Speed	Peak Speed At	Average Speed	Peak Accel.	Peak Decel.	Average Accel.

Table Header for User Events:
Event Type	Trial	Number	Start	Description

UserEvent	1	1	11198126738	# Message: experiment-15.jpg
Fixation L	1	1	11199230514	11199998407	767893	0.00	0.00	0	0	-1	12.83	12.83
Fixation R	1	1	11199230514	11199998407	767893	0.00	0.00	0	0	-1	9.32	9.32
Saccade L	1	1	11199998407	11200034440	36033	0.00	0.00	0.00	0.00	15.54	933.62	0.33	431.36	37965.60	-39640.05	23241.47
Saccade R	1	1	11199998407	11200034440	36033	0.00	0.00	0.00	0.00	15.54	933.62	0.33	431.36	37965.60	-39640.05	23241.47
Fixation L	1	2	11200034440	11202546223	2511783	1.88	1.69	590	532	-1	11.02	11.02
Fixation R	1	2	11200034440	11201474302	1439862	0.00	0.00	0	0	-1	10.26	10.26
Fixation R	1	3	11201490332	11202546223	1055891	2.24	2.01	590	529	-1	10.80	10.80
Fixation L	1	3	11202574276	11202958210	383934	0.00	0.00	0	0	-1	9.84	9.84
Fixation R	1	4	11202574276	11202958210	383934	0.00	0.00	0	0	-1	10.59	10.59
Saccade L	1	2	11202958210	11202998239	40029	0.00	0.00	0.00	0.00	11.87	536.89	0.70	296.48	25273.51	-28761.72	12417.64
Saccade R	1	2	11202958210	11202998239	40029	0.00	0.00	0.00	0.00	11.87	536.89	0.70	296.48	25273.51	-28761.72	12417.64
Fixation L	1	4	11202998239	11203050231	51992	0.00	0.00	0	0	-1	11.77	11.77
Fixation R	1	5	11202998239	11203050231	51992	0.00	0.00	0	0	-1	12.42	12.42
Saccade L	1	3	11203050231	11203090230	39999	0.00	0.00	0.00	0.00	35.62	1838.83	0.30	890.43	76877.43	-76340.98	40545.17
Saccade R	1	3	11203050231	11203090230	39999	0.00	0.00	0.00	0.00	35.62	1838.83	0.30	890.43	76877.43	-76340.98	40545.17
Fixation L	1	5	11203090230	11203174244	84014	0.00	0.00	0	0	-1	10.36	10.36
Fixation R	1	6	11203090230	11203174244	84014	0.00	0.00	0	0	-1	12.52	12.52
Saccade L	1	4	11203174244	11203210237	35993	0.00	0.00	0.00	0.00	30.72	1819.85	0.33	853.38	75313.49	-76540.13	47056.07
Saccade R	1	4	11203174244	11203210237	35993	0.00	0.00	0.00	0.00	30.72	1819.85	0.33	853.38	75313.49	-76540.13	47056.07
Fixation L	1	6	11203210237	11203478222	267985	0.00	0.00	0	0	-1	10.36	10.36
Fixation R	1	7	11203210237	11203478222	267985	0.00	0.00	0	0	-1	12.63	12.63
Saccade L	1	5	11203478222	11203522230	44008	0.00	0.00	763.13	490.90	21.01	1798.30	0.27	477.50	75171.62	-73360.86	37354.48
Saccade R	1	5	11203478222	11203522230	44008	0.00	0.00	763.13	490.90	21.01	1798.30	0.27	477.50	75171.62	-73360.86	37354.48
Saccade L	1	6	11203522230	11203546245	24015	763.13	490.90	765.85	556.53	1.19	113.01	0.33	49.75	1718.42	-2588.66	1485.49
Saccade R	1	6	11203522230	11203546245	24015	763.13	490.90	765.85	556.53	1.19	113.01	0.33	49.75	1718.42	-2588.66	1485.49
Saccade L	1	7	11203562228	11203594236	32008	764.62	523.61	0.00	0.00	19.69	1853.73	0.63	615.23	76029.50	-77512.07	50034.97
Saccade R	1	7	11203562228	11203594236	32008	764.62	523.61	0.00	0.00	19.69	1853.73	0.63	615.23	76029.50	-77512.07	50034.97
Fixation L	1	7	11203594236	11204442135	847899	0.00	0.00	0	0	-1	10.03	10.03
Fixation R	1	8	11203594236	11204962128	1367892	5.98	4.44	750	529	-1	9.54	9.54
Saccade L	1	8	11204442135	11204478121	35986	0.00	0.00	0.00	0.00	27.30	1634.67	0.33	758.71	67151.75	-68901.59	41197.98
Fixation L	1	8	11204478121	11204962128	484007	0.00	0.00	0	0	-1	15.94	15.94
Saccade L	1	9	11204962128	11204998170	36042	0.00	0.00	761.43	517.60	20.90	1668.55	0.33	579.90	69506.74	-37749.73	34782.52
Saccade R	1	8	11204962128	11204998170	36042	0.00	0.00	761.43	517.60	20.90	1668.55	0.33	579.90	69506.74	-37749.73	34782.52
Saccade L	1	10	11204998170	11205018135	19965	761.43	517.60	0.00	0.00	15.82	1779.88	0.40	792.58	42841.33	-74168.49	42154.82
Saccade R	1	9	11204998170	11205018135	19965	761.43	517.60	0.00	0.00	15.82	1779.88	0.40	792.58	42841.33	-74168.49	42154.82
Fixation L	1	9	11205018135	11206078042	1059907	0.00	0.00	0	0	-1	11.82	11.82
Fixation R	1	9	11205018135	11206078042	1059907	0.00	0.00	0	0	-1	10.86	10.86
Fixation L	1	10	11206106045	11206593994	487949	0.00	0.00	0	0	-1	13.23	13.23
Fixation R	1	10	11206106045	11206593994	487949	0.00	0.00	0	0	-1	9.37	9.37
Fixation L	1	11	11206705945	11207013955	308010	40.35	19.00	859	445	-1	5.88	5.88
Saccade R	1	10	11206705945	11206741942	35997	0.00	0.00	0.00	0.00	27.78	1667.85	0.67	771.75	53197.78	-70398.53	32490.37
Fixation R	1	11	11206741942	11207013955	272013	0.00	0.00	0	0	-1	12.63	12.63
Saccade L	1	11	11207013955	11207033935	19980	0.00	0.00	759.76	483.56	15.46	1739.40	0.60	774.02	72555.44	-192.65	35381.07
Saccade R	1	11	11207013955	11207033935	19980	0.00	0.00	759.76	483.56	15.46	1739.40	0.60	774.02	72555.44	-192.65	35381.07
Saccade L	1	12	11207033935	11207053948	20013	759.76	483.56	0.00	0.00	15.47	1733.62	0.40	772.82	-192.65	-72436.92	35424.23
Saccade R	1	12	11207033935	11207053948	20013	759.76	483.56	0.00	0.00	15.47	1733.62	0.40	772.82	-192.65	-72436.92	35424.23
Fixation L	1	12	11207053948	11207573939	519991	0.00	0.00	0	0	-1	10.97	10.97
Fixation R	1	12	11207053948	11207573939	519991	0.00	0.00	0	0	-1	12.91	12.91
Saccade L	1	13	11207601943	11207629936	27993	0.00	0.00	0.00	0.00	12.93	615.80	0.43	461.85	16494.51	-32989.03	17988.21
Saccade R	1	13	11207601943	11207629936	27993	0.00	0.00	0.00	0.00	12.93	615.80	0.43	461.85	16494.51	-32989.03	17988.21
Fixation L	1	13	11207629936	11207713955	84019	0.00	0.00	0	0	-1	12.95	12.95
Fixation R	1	13	11207629936	11207713955	84019	0.00	0.00	0	0	-1	12.98	12.98
Fixation L	1	14	11207741950	11207937851	195901	0.00	0.00	0	0	-1	14.60	14.60
Fixation R	1	14	11207741950	11207937851	195901	0.00	0.00	0	0	-1	11.28	11.28
Saccade L	1	14	11207997819	11208029852	32033	0.00	0.00	0.00	0.00	29.27	1370.52	0.25	913.68	61184.00	-73420.80	45158.15
Fixation L	1	15	11208029852	11208081855	52003	0.00	0.00	0	0	-1	17.41	17.41
Saccade L	1	15	11208081855	11208129828	47973	0.00	0.00	0.00	0.00	41.00	2348.46	0.25	854.61	96181.34	-56951.28	42716.70
Fixation L	1	16	11208129828	11208533846	404018	0.00	0.00	0	0	-1	14.51	14.51
Fixation R	1	15	11208129828	11208533846	404018	0.00	0.00	0	0	-1	8.04	8.04
Saccade L	1	16	11208561868	11208601850	39982	0.00	0.00	0.00	0.00	26.53	1591.58	0.40	663.59	38339.27	-55338.88	29386.94
Fixation L	1	17	11208637870	11208721869	83999	0.00	0.00	0	0	-1	12.87	12.87
Fixation L	1	18	11208869853	11209125869	256016	0.00	0.00	0	0	-1	15.44	15.44
Fixation L	1	19	11209153876	11209205846	51970	0.00	0.00	0	0	-1	13.92	13.92
Fixation R	1	16	11209153876	11209205846	51970	0.00	0.00	0	0	-1	6.99	6.99
Saccade L	1	17	11209205846	11209245845	39999	0.00	0.00	0.00	0.00	32.18	1474.94	0.70	804.59	72292.05	-59006.26	35702.39
Saccade L	1	18	11209297878	11209325723	27845	0.00	0.00	0.00	0.00	18.60	890.76	0.29	668.07	23859.56	-47719.12	28906.48
Fixation R	1	17	11209297878	11209473755	175877	111.28	80.48	996	970	-1	5.61	5.61
Fixation L	1	20	11209325723	11209473755	148032	105.40	69.63	993	970	-1	14.53	14.53
