[BeGaze]
Converted from:	D:\Kirillov\Results\ermolova_temp\Nastya 3kurs-eye_data.idf
Date:	17.04.2019 03:52:19
Version:	BeGaze 3.0.181
Sample Rate:	250
Subject:	Nastya 3kurs
Description:	Run3

Table Header for Fixations:
Event Type	Trial	Number	Start	End	Duration	Location X	Location Y	Dispersion X	Dispersion Y	Plane	Avg. Pupil Size X	Avg. Pupil Size Y

Table Header for Saccades:
Event Type	Trial	Number	Start	End	Duration	Start Loc.X	Start Loc.Y	End Loc.X	End Loc.Y	Amplitude	Peak Speed	Peak Speed At	Average Speed	Peak Accel.	Peak Decel.	Average Accel.

Table Header for User Events:
Event Type	Trial	Number	Start	Description

UserEvent	1	1	5226908723	# Message: Questionnaire12.jpg
Fixation L	1	1	5226919886	5227026954	107068	361.35	145.70	29	47	-1	13.23	13.23
Fixation R	1	1	5226919886	5227026954	107068	361.35	145.70	29	47	-1	12.12	12.12
Saccade L	1	1	5227026954	5227103893	76939	368.43	149.74	496.59	463.13	7.71	298.73	0.22	100.24	13600.86	-11271.18	5538.02
Saccade R	1	1	5227026954	5227103893	76939	368.43	149.74	496.59	463.13	7.71	298.73	0.22	100.24	13600.86	-11271.18	5538.02
Fixation L	1	2	5227103893	5227215904	112011	477.92	480.66	48	27	-1	13.61	13.61
Fixation R	1	2	5227103893	5227215904	112011	477.92	480.66	48	27	-1	12.62	12.62
Saccade L	1	2	5227215904	5227263936	48032	470.56	493.11	388.89	291.38	4.76	274.74	0.33	99.02	13042.30	-10907.02	6807.10
Saccade R	1	2	5227215904	5227263936	48032	470.56	493.11	388.89	291.38	4.76	274.74	0.33	99.02	13042.30	-10907.02	6807.10
Saccade L	1	3	5227303836	5227331894	28058	360.33	304.36	383.54	326.59	0.86	55.31	0.72	30.63	1130.10	-657.75	565.72
Saccade R	1	3	5227303836	5227331894	28058	360.33	304.36	383.54	326.59	0.86	55.31	0.72	30.63	1130.10	-657.75	565.72
Saccade L	1	4	5227331894	5227355913	24019	383.54	326.59	428.09	321.62	0.85	75.27	0.50	35.52	1390.42	-2564.87	1284.39
Saccade R	1	4	5227331894	5227355913	24019	383.54	326.59	428.09	321.62	0.85	75.27	0.50	35.52	1390.42	-2564.87	1284.39
Fixation L	1	3	5227355913	5227411899	55986	405.21	322.16	37	20	-1	13.89	13.89
Fixation R	1	3	5227355913	5227411899	55986	405.21	322.16	37	20	-1	12.89	12.89
Saccade L	1	5	5227411899	5227499902	88003	391.43	339.80	438.95	255.94	3.64	128.66	0.27	41.35	5313.45	-3964.25	1724.52
Saccade R	1	5	5227411899	5227499902	88003	391.43	339.80	438.95	255.94	3.64	128.66	0.27	41.35	5313.45	-3964.25	1724.52
Fixation L	1	4	5227499902	5227587914	88012	441.97	241.74	24	42	-1	14.39	14.39
Fixation R	1	4	5227499902	5227587914	88012	441.97	241.74	24	42	-1	13.14	13.14
Saccade L	1	6	5227587914	5227639904	51990	452.28	231.53	457.53	268.57	1.26	47.28	0.23	24.25	1526.60	-1428.85	747.02
Saccade R	1	6	5227587914	5227639904	51990	452.28	231.53	457.53	268.57	1.26	47.28	0.23	24.25	1526.60	-1428.85	747.02
Fixation L	1	5	5227639904	5227719826	79922	461.81	264.10	8	23	-1	14.59	14.59
Fixation R	1	5	5227639904	5227719826	79922	461.81	264.10	8	23	-1	13.52	13.52
Saccade L	1	7	5227719826	5227779911	60085	464.97	273.68	430.28	237.27	1.29	42.88	0.67	21.45	1275.73	-1361.55	673.93
Saccade R	1	7	5227719826	5227779911	60085	464.97	273.68	430.28	237.27	1.29	42.88	0.67	21.45	1275.73	-1361.55	673.93
Saccade L	1	8	5227779911	5227835787	55876	430.28	237.27	459.78	271.38	1.36	43.82	0.43	24.35	1376.20	-1117.76	807.14
Saccade R	1	8	5227779911	5227835787	55876	430.28	237.27	459.78	271.38	1.36	43.82	0.43	24.35	1376.20	-1117.76	807.14
Fixation L	1	6	5227835787	5227963785	127998	444.94	245.60	35	39	-1	14.81	14.81
Fixation R	1	6	5227835787	5227963785	127998	444.94	245.60	35	39	-1	13.59	13.59
Saccade L	1	9	5227963785	5228007794	44009	436.09	254.05	358.37	260.20	1.91	97.78	0.55	43.47	3825.44	-3497.51	2280.11
Saccade R	1	9	5227963785	5228007794	44009	436.09	254.05	358.37	260.20	1.91	97.78	0.55	43.47	3825.44	-3497.51	2280.11
Saccade L	1	10	5228023785	5228063793	40008	364.20	257.42	351.40	284.35	1.15	46.56	0.40	28.80	1678.93	-1385.28	994.49
Saccade R	1	10	5228023785	5228063793	40008	364.20	257.42	351.40	284.35	1.15	46.56	0.40	28.80	1678.93	-1385.28	994.49
Saccade L	1	11	5228063793	5228091780	27987	351.40	284.35	342.92	260.98	0.55	40.69	0.71	19.79	1193.03	-1112.57	752.16
Saccade R	1	11	5228063793	5228091780	27987	351.40	284.35	342.92	260.98	0.55	40.69	0.71	19.79	1193.03	-1112.57	752.16
Fixation L	1	7	5228091780	5228199787	108007	335.22	255.90	37	22	-1	14.47	14.47
Fixation R	1	7	5228091780	5228199787	108007	335.22	255.90	37	22	-1	13.52	13.52
UserEvent	1	2	5228140132	# Message: UE-mouseclick left x=491 y=269
Saccade L	1	12	5228199787	5228247791	48004	359.60	245.53	350.26	301.19	1.17	44.48	0.42	24.45	1063.86	-1426.17	640.57
Saccade R	1	12	5228199787	5228247791	48004	359.60	245.53	350.26	301.19	1.17	44.48	0.42	24.45	1063.86	-1426.17	640.57
Saccade L	1	13	5228275792	5228323784	47992	357.06	308.72	354.68	230.23	1.78	75.87	0.67	37.08	2062.38	-3685.72	1683.30
Saccade R	1	13	5228275792	5228323784	47992	357.06	308.72	354.68	230.23	1.78	75.87	0.67	37.08	2062.38	-3685.72	1683.30
Saccade L	1	14	5228331784	5228371795	40011	356.12	221.00	300.85	264.34	1.48	83.04	0.50	37.03	3546.47	-2944.16	1930.35
Saccade R	1	14	5228331784	5228371795	40011	356.12	221.00	300.85	264.34	1.48	83.04	0.50	37.03	3546.47	-2944.16	1930.35
