[BeGaze]
Converted from:	D:\Kirillov\Results\ermolova_temp\Daniil-eye_data.idf
Date:	17.04.2019 03:53:00
Version:	BeGaze 3.0.181
Sample Rate:	250
Subject:	Daniil
Description:	Run17

Table Header for Fixations:
Event Type	Trial	Number	Start	End	Duration	Location X	Location Y	Dispersion X	Dispersion Y	Plane	Avg. Pupil Size X	Avg. Pupil Size Y

Table Header for Saccades:
Event Type	Trial	Number	Start	End	Duration	Start Loc.X	Start Loc.Y	End Loc.X	End Loc.Y	Amplitude	Peak Speed	Peak Speed At	Average Speed	Peak Accel.	Peak Decel.	Average Accel.

Table Header for User Events:
Event Type	Trial	Number	Start	Description

UserEvent	1	1	4643405926	# Message: Questionnaire11.jpg
Fixation L	1	1	4643420336	4643648347	228011	586.65	273.92	16	33	-1	12.69	12.69
Fixation R	1	1	4643420336	4643648347	228011	586.65	273.92	16	33	-1	12.93	12.93
Saccade L	1	1	4643648347	4643708350	60003	587.54	291.92	415.09	262.40	4.14	239.16	0.40	69.02	11203.20	-11271.15	5319.72
Saccade R	1	1	4643648347	4643708350	60003	587.54	291.92	415.09	262.40	4.14	239.16	0.40	69.02	11203.20	-11271.15	5319.72
Fixation L	1	2	4643708350	4644472246	763896	399.98	308.82	38	105	-1	12.86	12.86
Fixation R	1	2	4643708350	4644472246	763896	399.98	308.82	38	105	-1	12.91	12.91
UserEvent	1	2	4644404134	# Message: UE-mouseclick left x=365 y=303
Saccade L	1	2	4644472246	4644504235	31989	409.88	363.25	401.13	352.99	0.73	45.23	0.38	22.84	2039.96	-1543.70	1142.41
Saccade R	1	2	4644472246	4644504235	31989	409.88	363.25	401.13	352.99	0.73	45.23	0.38	22.84	2039.96	-1543.70	1142.41
Saccade L	1	3	4644532244	4644552246	20002	401.96	351.47	384.83	317.21	0.55	61.87	0.60	27.69	2407.81	-1116.40	1369.89
Saccade R	1	3	4644532244	4644552246	20002	401.96	351.47	384.83	317.21	0.55	61.87	0.60	27.69	2407.81	-1116.40	1369.89
Saccade L	1	4	4644584258	4644604249	19991	385.58	336.22	389.41	338.52	0.38	46.11	0.40	18.90	-38.03	-797.89	486.04
Saccade R	1	4	4644584258	4644604249	19991	385.58	336.22	389.41	338.52	0.38	46.11	0.40	18.90	-38.03	-797.89	486.04
Saccade L	1	5	4644604249	4644660255	56006	389.41	338.52	367.04	298.40	1.01	51.08	0.29	18.11	1658.88	-1649.84	800.89
Saccade R	1	5	4644604249	4644660255	56006	389.41	338.52	367.04	298.40	1.01	51.08	0.29	18.11	1658.88	-1649.84	800.89
Fixation L	1	3	4644660255	4644760260	100005	368.06	310.05	4	17	-1	12.94	12.94
Fixation R	1	3	4644660255	4644760260	100005	368.06	310.05	4	17	-1	13.06	13.06
Saccade L	1	6	4644760260	4644788251	27991	367.47	313.19	363.01	356.10	1.03	86.21	0.43	36.91	4138.88	-3080.83	2155.42
Saccade R	1	6	4644760260	4644788251	27991	367.47	313.19	363.01	356.10	1.03	86.21	0.43	36.91	4138.88	-3080.83	2155.42
Saccade L	1	7	4644788251	4644832277	44026	363.01	356.10	299.61	343.76	1.54	92.15	0.36	35.01	3527.98	-3745.91	2126.53
Saccade R	1	7	4644788251	4644832277	44026	363.01	356.10	299.61	343.76	1.54	92.15	0.36	35.01	3527.98	-3745.91	2126.53
Saccade L	1	8	4644832277	4644868261	35984	299.61	343.76	361.09	346.83	1.46	106.42	0.44	40.58	4410.69	-4622.98	2895.34
Saccade R	1	8	4644832277	4644868261	35984	299.61	343.76	361.09	346.83	1.46	106.42	0.44	40.58	4410.69	-4622.98	2895.34
Fixation L	1	4	4644868261	4645000254	131993	369.60	368.53	47	42	-1	12.99	12.99
Fixation R	1	4	4644868261	4645000254	131993	369.60	368.53	47	42	-1	13.03	13.03
Saccade L	1	9	4645000254	4645052258	52004	375.95	384.13	356.41	340.10	2.42	99.15	0.38	46.51	4543.17	-3251.81	2345.50
Saccade R	1	9	4645000254	4645052258	52004	375.95	384.13	356.41	340.10	2.42	99.15	0.38	46.51	4543.17	-3251.81	2345.50
UserEvent	1	3	4645044146	# Message: UE-mouseclick left x=376 y=393
Fixation L	1	5	4645052258	4645160267	108009	362.36	350.30	11	28	-1	13.07	13.07
Fixation R	1	5	4645052258	4645160267	108009	362.36	350.30	11	28	-1	13.14	13.14
