[BeGaze]
Converted from:	D:\Kirillov\Results\ermolova_temp\Polina 04-eye_data.idf
Date:	17.04.2019 03:53:39
Version:	BeGaze 3.0.181
Sample Rate:	250
Subject:	Polina 04
Description:	Run28

Table Header for Fixations:
Event Type	Trial	Number	Start	End	Duration	Location X	Location Y	Dispersion X	Dispersion Y	Plane	Avg. Pupil Size X	Avg. Pupil Size Y

Table Header for Saccades:
Event Type	Trial	Number	Start	End	Duration	Start Loc.X	Start Loc.Y	End Loc.X	End Loc.Y	Amplitude	Peak Speed	Peak Speed At	Average Speed	Peak Accel.	Peak Decel.	Average Accel.

Table Header for User Events:
Event Type	Trial	Number	Start	Description

UserEvent	1	1	12583979762	# Message: experiment-07.jpg
Fixation L	1	1	12583981163	12584221179	240016	428.77	334.61	17	24	-1	17.18	17.18
Fixation R	1	1	12583981163	12584221179	240016	428.77	334.61	17	24	-1	17.45	17.45
Saccade L	1	1	12584221179	12584273185	52006	438.18	336.66	862.57	398.56	9.31	346.59	0.38	178.97	16302.49	-12498.10	9926.04
Saccade R	1	1	12584221179	12584273185	52006	438.18	336.66	862.57	398.56	9.31	346.59	0.38	178.97	16302.49	-12498.10	9926.04
Fixation L	1	2	12584273185	12584489176	215991	868.33	393.11	19	28	-1	16.66	16.66
Fixation R	1	2	12584273185	12584489176	215991	868.33	393.11	19	28	-1	17.11	17.11
Saccade L	1	2	12584489176	12584517198	28022	877.83	380.39	1004.91	377.98	2.54	192.27	0.43	90.48	8800.35	-8509.06	6387.29
Saccade R	1	2	12584489176	12584517198	28022	877.83	380.39	1004.91	377.98	2.54	192.27	0.43	90.48	8800.35	-8509.06	6387.29
Fixation L	1	3	12584517198	12584649183	131985	1019.76	379.42	32	14	-1	15.48	15.48
Fixation R	1	3	12584517198	12584649183	131985	1019.76	379.42	32	14	-1	15.95	15.95
Fixation L	1	4	12584849107	12584997189	148082	906.00	703.24	16	25	-1	15.44	15.44
Fixation R	1	4	12584849107	12584997189	148082	906.00	703.24	16	25	-1	15.96	15.96
Saccade L	1	3	12584997189	12585033195	36006	905.66	685.52	781.24	696.29	2.64	158.27	0.44	73.39	7249.95	-6818.16	5044.19
Saccade R	1	3	12584997189	12585033195	36006	905.66	685.52	781.24	696.29	2.64	158.27	0.44	73.39	7249.95	-6818.16	5044.19
Fixation L	1	5	12585033195	12585641109	607914	777.72	739.24	36	74	-1	16.32	16.32
Fixation R	1	5	12585033195	12585641109	607914	777.72	739.24	36	74	-1	16.68	16.68
Saccade L	1	4	12585641109	12585681078	39969	769.82	771.95	773.22	672.40	2.06	104.12	0.40	51.62	4578.14	-4155.63	3118.46
Saccade R	1	4	12585641109	12585681078	39969	769.82	771.95	773.22	672.40	2.06	104.12	0.40	51.62	4578.14	-4155.63	3118.46
Fixation L	1	6	12585681078	12585793047	111969	782.48	670.84	22	6	-1	16.26	16.26
Fixation R	1	6	12585681078	12585793047	111969	782.48	670.84	22	6	-1	16.51	16.51
Saccade L	1	5	12585793047	12585853110	60063	793.38	668.92	1227.28	365.50	11.73	411.92	0.27	195.34	20143.53	-12727.40	10343.31
Saccade R	1	5	12585793047	12585853110	60063	793.38	668.92	1227.28	365.50	11.73	411.92	0.27	195.34	20143.53	-12727.40	10343.31
Fixation L	1	7	12585853110	12586213104	359994	1223.33	378.00	18	36	-1	16.00	16.00
Fixation R	1	7	12585853110	12586213104	359994	1223.33	378.00	18	36	-1	16.24	16.24
Saccade L	1	6	12586213104	12586285096	71992	1218.59	394.73	997.24	787.71	10.52	341.62	0.33	146.10	16355.73	-11470.95	7428.04
Saccade R	1	6	12586213104	12586285096	71992	1218.59	394.73	997.24	787.71	10.52	341.62	0.33	146.10	16355.73	-11470.95	7428.04
Fixation L	1	8	12586285096	12586604974	319878	1014.66	783.49	30	35	-1	16.63	16.63
Fixation R	1	8	12586285096	12586604974	319878	1014.66	783.49	30	35	-1	16.96	16.96
Saccade L	1	7	12586604974	12586660975	56001	1023.89	769.06	1265.01	305.17	11.41	447.99	0.29	203.76	22539.62	-13578.14	11360.55
Saccade R	1	7	12586604974	12586660975	56001	1023.89	769.06	1265.01	305.17	11.41	447.99	0.29	203.76	22539.62	-13578.14	11360.55
Fixation L	1	9	12586660975	12587136995	476020	1270.30	342.83	27	68	-1	15.88	15.88
Fixation R	1	9	12586660975	12587136995	476020	1270.30	342.83	27	68	-1	16.36	16.36
Saccade L	1	8	12587136995	12587193005	56010	1266.89	373.48	1009.18	725.92	9.46	336.88	0.29	168.88	15804.29	-10962.68	8796.92
Saccade R	1	8	12587136995	12587193005	56010	1266.89	373.48	1009.18	725.92	9.46	336.88	0.29	168.88	15804.29	-10962.68	8796.92
Fixation L	1	10	12587193005	12587456916	263911	1007.41	719.72	15	37	-1	16.06	16.06
Fixation R	1	10	12587193005	12587456916	263911	1007.41	719.72	15	37	-1	16.32	16.32
Saccade L	1	9	12587456916	12587480997	24081	999.86	697.45	973.04	752.34	1.21	96.72	0.50	50.43	4201.13	-3697.61	2925.28
Saccade R	1	9	12587456916	12587480997	24081	999.86	697.45	973.04	752.34	1.21	96.72	0.50	50.43	4201.13	-3697.61	2925.28
Fixation L	1	11	12587480997	12587712925	231928	953.66	760.90	32	11	-1	16.50	16.50
Fixation R	1	11	12587480997	12587712925	231928	953.66	760.90	32	11	-1	16.85	16.85
Saccade L	1	10	12587712925	12587736989	24064	950.11	754.57	947.92	718.71	0.75	47.76	0.50	31.19	2167.35	-1598.40	1351.08
Saccade R	1	10	12587712925	12587736989	24064	950.11	754.57	947.92	718.71	0.75	47.76	0.50	31.19	2167.35	-1598.40	1351.08
Fixation L	1	12	12587736989	12587893023	156034	955.08	715.21	24	16	-1	16.50	16.50
Fixation R	1	12	12587736989	12587893023	156034	955.08	715.21	24	16	-1	16.83	16.83
Saccade L	1	11	12587893023	12587917015	23992	960.04	722.54	946.48	675.83	1.01	77.17	0.50	42.29	3525.38	-3381.13	2541.23
Saccade R	1	11	12587893023	12587917015	23992	960.04	722.54	946.48	675.83	1.01	77.17	0.50	42.29	3525.38	-3381.13	2541.23
Fixation L	1	13	12587917015	12588164900	247885	937.61	665.74	21	26	-1	16.12	16.12
Fixation R	1	13	12587917015	12588164900	247885	937.61	665.74	21	26	-1	16.50	16.50
Fixation L	1	14	12588232874	12588448908	216034	1059.52	379.91	22	18	-1	15.38	15.38
Fixation R	1	14	12588232874	12588448908	216034	1059.52	379.91	22	18	-1	15.82	15.82
Saccade L	1	12	12588448908	12588496941	48033	1062.71	393.31	928.93	663.55	6.50	285.57	0.33	135.25	13834.14	-11075.68	8217.54
Saccade R	1	12	12588448908	12588496941	48033	1062.71	393.31	928.93	663.55	6.50	285.57	0.33	135.25	13834.14	-11075.68	8217.54
Fixation L	1	15	12588496941	12588860897	363956	919.56	691.34	19	41	-1	15.45	15.45
Fixation R	1	15	12588496941	12588860897	363956	919.56	691.34	19	41	-1	15.93	15.93
Saccade L	1	13	12588860897	12588884894	23997	909.58	705.09	946.97	696.94	0.79	63.72	0.50	32.96	2650.12	-2304.88	1848.85
Saccade R	1	13	12588860897	12588884894	23997	909.58	705.09	946.97	696.94	0.79	63.72	0.50	32.96	2650.12	-2304.88	1848.85
Saccade L	1	14	12588932904	12588988901	55997	960.61	691.68	1167.74	353.58	8.75	281.74	0.21	156.27	13997.95	-9403.16	7221.84
Saccade R	1	14	12588932904	12588988901	55997	960.61	691.68	1167.74	353.58	8.75	281.74	0.21	156.27	13997.95	-9403.16	7221.84
Fixation L	1	16	12588988901	12589264848	275947	1174.36	357.15	13	16	-1	15.39	15.39
Fixation R	1	16	12588988901	12589264848	275947	1174.36	357.15	13	16	-1	15.87	15.87
Saccade L	1	15	12589264848	12589288900	24052	1180.00	366.71	1228.13	366.12	1.17	95.73	0.50	48.65	4007.48	-4118.98	3037.01
Saccade R	1	15	12589264848	12589288900	24052	1180.00	366.71	1228.13	366.12	1.17	95.73	0.50	48.65	4007.48	-4118.98	3037.01
Fixation L	1	17	12589288900	12589580810	291910	1235.16	373.81	13	20	-1	15.66	15.66
Fixation R	1	17	12589288900	12589580810	291910	1235.16	373.81	13	20	-1	15.89	15.89
Saccade L	1	16	12589580810	12589652811	72001	1236.71	374.71	911.09	711.50	10.52	309.28	0.44	146.15	13319.08	-12205.30	6808.33
Saccade R	1	16	12589580810	12589652811	72001	1236.71	374.71	911.09	711.50	10.52	309.28	0.44	146.15	13319.08	-12205.30	6808.33
Fixation L	1	18	12589652811	12589960812	308001	924.22	720.62	32	29	-1	15.88	15.88
Fixation R	1	18	12589652811	12589960812	308001	924.22	720.62	32	29	-1	16.12	16.12
Saccade L	1	17	12589960812	12589988803	27991	938.53	699.97	941.89	768.23	1.40	109.26	0.57	49.91	4974.49	-5038.85	3690.40
Saccade R	1	17	12589960812	12589988803	27991	938.53	699.97	941.89	768.23	1.40	109.26	0.57	49.91	4974.49	-5038.85	3690.40
Fixation L	1	19	12589988803	12590252819	264016	944.98	766.12	20	11	-1	16.08	16.08
Fixation R	1	19	12589988803	12590352803	364000	749.21	608.87	1036	987	-1	13.89	13.89
Saccade L	1	18	12590252819	12590288802	35983	938.46	767.64	0.00	0.00	27.26	2512.66	0.67	757.50	100962.76	-106149.29	61286.56
Fixation L	1	20	12590288802	12590352803	64001	0.00	0.00	0	0	-1	12.53	12.53
Fixation L	1	21	12590432830	12590580801	147971	957.33	651.30	31	18	-1	16.22	16.22
Fixation R	1	20	12590432830	12590580801	147971	957.33	651.30	31	18	-1	16.59	16.59
Saccade L	1	19	12590580801	12590604736	23935	961.40	655.17	850.35	651.38	2.21	197.27	0.50	92.49	8071.80	-8329.10	6163.09
Saccade R	1	18	12590580801	12590604736	23935	961.40	655.17	850.35	651.38	2.21	197.27	0.50	92.49	8071.80	-8329.10	6163.09
Fixation L	1	22	12590604736	12590836696	231960	839.69	648.93	26	4	-1	16.12	16.12
Fixation R	1	21	12590604736	12590836696	231960	839.69	648.93	26	4	-1	16.45	16.45
Saccade L	1	20	12590836696	12590868701	32005	843.27	648.38	853.25	719.54	1.48	95.39	0.50	46.35	4326.41	-3918.15	3033.29
Saccade R	1	19	12590836696	12590868701	32005	843.27	648.38	853.25	719.54	1.48	95.39	0.50	46.35	4326.41	-3918.15	3033.29
Fixation L	1	23	12590868701	12591036707	168006	865.24	724.58	18	25	-1	16.23	16.23
Fixation R	1	22	12590868701	12591036707	168006	865.24	724.58	18	25	-1	16.65	16.65
Saccade L	1	21	12591036707	12591092701	55994	871.85	708.46	1048.35	332.16	9.25	369.49	0.29	165.13	17882.71	-11264.14	9460.88
Saccade R	1	20	12591036707	12591092701	55994	871.85	708.46	1048.35	332.16	9.25	369.49	0.29	165.13	17882.71	-11264.14	9460.88
Fixation L	1	24	12591092701	12591296703	204002	1049.84	328.03	24	19	-1	16.02	16.02
Fixation R	1	23	12591092701	12591296703	204002	1049.84	328.03	24	19	-1	16.35	16.35
Saccade L	1	22	12591296703	12591328709	32006	1038.38	328.64	1160.35	340.92	2.58	186.83	0.50	80.47	8076.42	-8228.21	5911.90
Saccade R	1	21	12591296703	12591328709	32006	1038.38	328.64	1160.35	340.92	2.58	186.83	0.50	80.47	8076.42	-8228.21	5911.90
Fixation L	1	25	12591328709	12591796723	468014	1152.88	337.21	22	18	-1	15.91	15.91
Fixation R	1	24	12591328709	12591796723	468014	1152.88	337.21	22	18	-1	16.26	16.26
Saccade L	1	23	12591796723	12591816703	19980	1162.41	329.42	1134.54	327.74	0.51	41.83	0.40	25.30	1858.54	-1328.93	1171.71
Saccade R	1	22	12591796723	12591816703	19980	1162.41	329.42	1134.54	327.74	0.51	41.83	0.40	25.30	1858.54	-1328.93	1171.71
Fixation L	1	26	12591816703	12592604614	787911	1141.50	335.27	98	46	-1	16.10	16.10
Fixation R	1	25	12591816703	12592604614	787911	1141.50	335.27	98	46	-1	16.47	16.47
Saccade L	1	24	12592604614	12592636619	32005	1174.48	343.66	1089.35	341.87	1.75	194.00	0.50	54.80	8775.37	-2817.21	3144.39
Saccade R	1	23	12592604614	12592636619	32005	1174.48	343.66	1089.35	341.87	1.75	194.00	0.50	54.80	8775.37	-2817.21	3144.39
Saccade L	1	25	12592652609	12592692596	39987	1257.88	340.41	1258.83	347.82	4.83	246.40	0.70	120.81	4024.03	-10849.67	4211.84
Saccade R	1	24	12592652609	12592692596	39987	1257.88	340.41	1258.83	347.82	4.83	246.40	0.70	120.81	4024.03	-10849.67	4211.84
Saccade L	1	26	12592716626	12592748606	31980	1260.44	351.30	1210.37	351.41	1.00	58.02	0.50	31.40	2066.03	-2244.63	1611.71
Saccade R	1	25	12592716626	12592748606	31980	1260.44	351.30	1210.37	351.41	1.00	58.02	0.50	31.40	2066.03	-2244.63	1611.71
Saccade L	1	27	12592764574	12592788611	24037	1218.24	353.55	1316.66	355.38	2.10	185.16	0.33	87.20	8149.80	-4502.39	4272.70
Saccade R	1	26	12592764574	12592788611	24037	1218.24	353.55	1316.66	355.38	2.10	185.16	0.33	87.20	8149.80	-4502.39	4272.70
Fixation R	1	26	12592788611	12592880599	91988	324.30	100.92	1531	538	-1	5.89	5.89
Saccade R	1	27	12592880599	12592988543	107944	0.00	0.00	1255.68	326.07	54.27	2113.48	0.22	502.72	56911.00	-78127.15	20497.93
Fixation L	1	27	12592988543	12594300537	1311994	1227.69	338.43	53	38	-1	15.71	15.71
Fixation R	1	27	12592988543	12594300537	1311994	1227.69	338.43	53	38	-1	16.31	16.31
Saccade L	1	28	12594300537	12594328506	27969	1226.12	331.65	1200.99	354.24	0.71	43.26	0.29	25.34	1837.00	-1557.86	1017.08
Saccade R	1	28	12594300537	12594328506	27969	1226.12	331.65	1200.99	354.24	0.71	43.26	0.29	25.34	1837.00	-1557.86	1017.08
Fixation L	1	28	12594328506	12594444519	116013	1225.26	352.18	47	13	-1	15.57	15.57
Fixation R	1	28	12594328506	12594444519	116013	1225.26	352.18	47	13	-1	16.37	16.37
Saccade L	1	29	12594460533	12594496519	35986	1294.51	347.62	1122.96	336.64	4.11	263.20	0.22	114.28	8170.08	-5069.73	3368.76
Saccade R	1	29	12594460533	12594496519	35986	1294.51	347.62	1122.96	336.64	4.11	263.20	0.22	114.28	8170.08	-5069.73	3368.76
Saccade L	1	30	12594676534	12594700450	23916	1123.29	342.27	1369.34	340.78	2.95	332.35	0.50	123.29	2057.01	-9191.06	4200.37
Saccade R	1	30	12594676534	12594700450	23916	1123.29	342.27	1369.34	340.78	2.95	332.35	0.50	123.29	2057.01	-9191.06	4200.37
Saccade L	1	31	12594708538	12594768528	59990	1372.34	343.12	1141.85	336.48	8.52	391.76	0.53	141.97	9422.98	-13132.23	5239.27
Saccade R	1	31	12594708538	12594768528	59990	1372.34	343.12	1141.85	336.48	8.52	391.76	0.53	141.97	9422.98	-13132.23	5239.27
Fixation L	1	29	12594784519	12594900553	116034	1241.37	349.82	16	26	-1	15.46	15.46
Fixation R	1	29	12594784519	12594900553	116034	1241.37	349.82	16	26	-1	16.22	16.22
Saccade L	1	32	12594900553	12594944520	43967	1232.87	359.03	1124.92	338.58	2.37	127.86	0.54	53.99	5090.32	-5456.49	3317.82
Saccade R	1	32	12594900553	12594944520	43967	1232.87	359.03	1124.92	338.58	2.37	127.86	0.54	53.99	5090.32	-5456.49	3317.82
Fixation L	1	30	12594944520	12595424418	479898	1119.77	326.76	27	26	-1	16.00	16.00
Fixation R	1	30	12594944520	12595424418	479898	1119.77	326.76	27	26	-1	16.42	16.42
Saccade L	1	33	12595424418	12595472424	48006	1119.95	314.81	1219.43	301.84	2.95	200.24	0.25	61.46	8712.67	-7376.16	3699.79
Saccade R	1	33	12595424418	12595472424	48006	1119.95	314.81	1219.43	301.84	2.95	200.24	0.25	61.46	8712.67	-7376.16	3699.79
Fixation L	1	31	12595472424	12596016424	544000	1201.78	320.67	47	45	-1	16.04	16.04
Fixation R	1	31	12595472424	12596016424	544000	1201.78	320.67	47	45	-1	16.44	16.44
Saccade L	1	34	12596016424	12596056422	39998	1218.69	327.24	1019.03	340.55	4.21	224.01	0.50	105.31	10688.96	-9461.39	7051.98
Saccade R	1	34	12596016424	12596056422	39998	1218.69	327.24	1019.03	340.55	4.21	224.01	0.50	105.31	10688.96	-9461.39	7051.98
Fixation L	1	32	12596056422	12596212461	156039	1014.70	340.69	17	6	-1	15.62	15.62
Fixation R	1	32	12596056422	12596212461	156039	1014.70	340.69	17	6	-1	15.94	15.94
Saccade L	1	35	12596212461	12596268346	55885	1022.94	341.02	943.22	624.04	6.62	262.53	0.36	118.49	12325.62	-9704.13	7090.15
Saccade R	1	35	12596212461	12596268346	55885	1022.94	341.02	943.22	624.04	6.62	262.53	0.36	118.49	12325.62	-9704.13	7090.15
Fixation L	1	33	12596268346	12596520317	251971	932.50	630.73	30	16	-1	16.30	16.30
Fixation R	1	33	12596268346	12596520317	251971	932.50	630.73	30	16	-1	16.85	16.85
Saccade L	1	36	12596520317	12596564311	43994	941.68	640.43	865.38	702.84	2.35	108.23	0.36	53.36	5116.33	-4439.21	3235.82
Saccade R	1	36	12596520317	12596564311	43994	941.68	640.43	865.38	702.84	2.35	108.23	0.36	53.36	5116.33	-4439.21	3235.82
Fixation L	1	34	12596564311	12597188320	624009	862.58	698.01	14	56	-1	16.54	16.54
Fixation R	1	34	12596564311	12597288320	724009	766.68	622.55	871	996	-1	15.29	15.29
Saccade R	1	37	12597288320	12597332354	44034	0.00	0.00	885.90	717.38	31.32	2748.12	0.27	711.20	118843.81	-97080.71	51691.19
Saccade L	1	37	12597332354	12597384323	51969	885.90	717.38	897.92	751.32	3.28	134.20	0.69	63.03	2899.68	-6006.47	2569.63
Saccade R	1	38	12597332354	12597384323	51969	885.90	717.38	897.92	751.32	3.28	134.20	0.69	63.03	2899.68	-6006.47	2569.63
Fixation L	1	35	12597384323	12597520329	136006	875.96	740.82	38	17	-1	15.84	15.84
Fixation R	1	35	12597384323	12597520329	136006	875.96	740.82	38	17	-1	16.13	16.13
Saccade L	1	38	12597520329	12597552340	32011	859.77	743.56	926.15	670.22	2.12	117.62	0.50	66.33	5665.33	-5394.96	4116.72
Saccade R	1	39	12597520329	12597552340	32011	859.77	743.56	926.15	670.22	2.12	117.62	0.50	66.33	5665.33	-5394.96	4116.72
Fixation L	1	36	12597552340	12597892209	339869	929.47	662.88	15	22	-1	16.21	16.21
Fixation R	1	36	12597552340	12597892209	339869	929.47	662.88	15	22	-1	16.41	16.41
Saccade L	1	39	12597892209	12597928219	36010	922.96	664.94	819.91	657.37	2.20	127.62	0.44	61.18	5696.55	-5441.01	4003.19
Saccade R	1	40	12597892209	12597928219	36010	922.96	664.94	819.91	657.37	2.20	127.62	0.44	61.18	5696.55	-5441.01	4003.19
Fixation L	1	37	12597928219	12598220231	292012	805.35	656.83	39	14	-1	15.93	15.93
Fixation R	1	37	12597928219	12598220231	292012	805.35	656.83	39	14	-1	15.97	15.97
Saccade L	1	40	12598220231	12598272217	51986	793.74	654.76	934.22	361.84	7.05	309.41	0.31	135.64	14623.31	-9491.54	7684.81
Saccade R	1	41	12598220231	12598272217	51986	793.74	654.76	934.22	361.84	7.05	309.41	0.31	135.64	14623.31	-9491.54	7684.81
Fixation L	1	38	12598272217	12598732161	459944	946.34	350.33	27	22	-1	15.98	15.98
Fixation R	1	38	12598272217	12598732161	459944	946.34	350.33	27	22	-1	16.15	16.15
Saccade L	1	41	12598732161	12598792235	60074	944.10	347.48	838.54	311.05	2.48	95.45	0.27	41.32	4403.43	-2865.25	1853.32
Saccade R	1	42	12598732161	12598792235	60074	944.10	347.48	838.54	311.05	2.48	95.45	0.27	41.32	4403.43	-2865.25	1853.32
Fixation L	1	39	12598792235	12599260255	468020	829.86	321.56	23	35	-1	16.53	16.53
Fixation R	1	39	12598792235	12599260255	468020	829.86	321.56	23	35	-1	16.58	16.58
Saccade L	1	42	12599260255	12599296136	35881	831.72	334.98	950.33	341.18	2.36	120.01	0.44	65.74	5557.01	-4823.18	3718.43
Saccade R	1	43	12599260255	12599296136	35881	831.72	334.98	950.33	341.18	2.36	120.01	0.44	65.74	5557.01	-4823.18	3718.43
Fixation L	1	40	12599296136	12599552123	255987	947.34	353.49	18	21	-1	16.78	16.78
Fixation R	1	40	12599296136	12599552123	255987	947.34	353.49	18	21	-1	17.07	17.07
Saccade L	1	43	12599552123	12599600122	47999	940.15	354.40	830.46	681.70	7.45	334.83	0.42	155.12	16128.40	-11833.32	9736.71
Saccade R	1	44	12599552123	12599600122	47999	940.15	354.40	830.46	681.70	7.45	334.83	0.42	155.12	16128.40	-11833.32	9736.71
Fixation L	1	41	12599600122	12599788152	188030	815.39	698.68	32	31	-1	17.25	17.25
Fixation R	1	41	12599600122	12599788152	188030	815.39	698.68	32	31	-1	17.32	17.32
Saccade L	1	44	12599788152	12599812158	24006	810.74	697.22	766.51	736.94	1.13	88.83	0.67	47.10	3903.71	-3655.70	2733.26
Saccade R	1	45	12599788152	12599812158	24006	810.74	697.22	766.51	736.94	1.13	88.83	0.67	47.10	3903.71	-3655.70	2733.26
Fixation L	1	42	12599812158	12599964079	151921	754.61	737.44	24	18	-1	17.25	17.25
Fixation R	1	42	12599812158	12599964079	151921	754.61	737.44	24	18	-1	17.17	17.17
Saccade L	1	45	12599964079	12600040141	76062	744.33	734.09	989.54	321.86	11.06	385.44	0.21	145.37	18760.97	-9681.83	7301.01
Saccade R	1	46	12599964079	12600040141	76062	744.33	734.09	989.54	321.86	11.06	385.44	0.21	145.37	18760.97	-9681.83	7301.01
Fixation L	1	43	12600040141	12600324149	284008	992.09	335.79	19	35	-1	16.57	16.57
Fixation R	1	43	12600040141	12600324149	284008	992.09	335.79	19	35	-1	16.52	16.52
Saccade L	1	46	12600324149	12600360179	36030	987.34	341.86	1116.72	342.25	2.56	152.62	0.33	71.14	6417.62	-5492.27	4164.56
Saccade R	1	47	12600324149	12600360179	36030	987.34	341.86	1116.72	342.25	2.56	152.62	0.33	71.14	6417.62	-5492.27	4164.56
Fixation L	1	44	12600360179	12600796047	435868	1122.82	356.11	30	20	-1	16.22	16.22
Fixation R	1	44	12600360179	12600796047	435868	1122.82	356.11	30	20	-1	16.25	16.25
Saccade L	1	47	12600796047	12600820023	23976	1134.61	360.14	1196.92	355.76	1.21	106.52	0.67	50.42	4809.63	-3748.79	2818.09
Saccade R	1	48	12600796047	12600820023	23976	1134.61	360.14	1196.92	355.76	1.21	106.52	0.67	50.42	4809.63	-3748.79	2818.09
Fixation L	1	45	12600820023	12601156046	336023	1182.16	357.24	27	22	-1	16.02	16.02
Fixation R	1	45	12600820023	12601156046	336023	1182.16	357.24	27	22	-1	16.10	16.10
Saccade L	1	48	12601156046	12601180056	24010	1175.19	364.75	1229.48	362.72	1.04	87.94	0.50	43.51	3728.43	-3264.34	2649.18
Saccade R	1	49	12601156046	12601180056	24010	1175.19	364.75	1229.48	362.72	1.04	87.94	0.50	43.51	3728.43	-3264.34	2649.18
Fixation L	1	46	12601180056	12601467971	287915	701.92	209.54	1625	686	-1	13.62	13.62
Fixation R	1	46	12601180056	12601467971	287915	701.92	209.54	1625	686	-1	10.85	10.85
Saccade L	1	49	12601512071	12601571986	59915	1321.29	363.70	1221.93	364.91	9.42	412.27	0.53	157.23	5126.67	-13537.52	5185.10
Saccade R	1	50	12601512071	12601571986	59915	1321.29	363.70	1221.93	364.91	9.42	412.27	0.53	157.23	5126.67	-13537.52	5185.10
Fixation L	1	47	12601571986	12602227950	655964	1218.45	335.35	53	49	-1	15.19	15.19
Fixation R	1	47	12601571986	12602227950	655964	1218.45	335.35	53	49	-1	15.34	15.34
Saccade L	1	50	12602227950	12602263930	35980	1237.87	319.49	1147.70	319.19	1.90	108.50	0.44	52.82	4757.41	-4441.91	3245.10
Saccade R	1	51	12602227950	12602263930	35980	1237.87	319.49	1147.70	319.19	1.90	108.50	0.44	52.82	4757.41	-4441.91	3245.10
Fixation L	1	48	12602263930	12602999943	736013	1131.53	333.14	31	29	-1	15.14	15.14
Fixation R	1	48	12602263930	12602999943	736013	1131.53	333.14	31	29	-1	15.33	15.33
Saccade L	1	51	12602999943	12603027869	27926	1135.87	335.78	1035.24	335.85	2.15	176.52	0.57	77.17	8010.92	-7795.31	5836.24
Saccade R	1	52	12602999943	12603027869	27926	1135.87	335.78	1035.24	335.85	2.15	176.52	0.57	77.17	8010.92	-7795.31	5836.24
Fixation L	1	49	12603027869	12603299890	272021	1013.91	348.09	28	24	-1	15.80	15.80
Fixation R	1	49	12603027869	12603299890	272021	1013.91	348.09	28	24	-1	16.09	16.09
Saccade L	1	52	12603299890	12603335985	36095	1010.57	354.82	1208.75	343.15	4.11	237.26	0.56	113.81	11266.52	-11559.92	8216.67
Saccade R	1	53	12603299890	12603335985	36095	1010.57	354.82	1208.75	343.15	4.11	237.26	0.56	113.81	11266.52	-11559.92	8216.67
Fixation L	1	50	12603335985	12604155875	819890	1006.12	282.19	1540	547	-1	15.14	15.14
Fixation R	1	50	12603335985	12603995849	659864	1202.93	336.82	16	14	-1	16.35	16.35
Fixation L	1	51	12604251788	12604555807	304019	927.21	684.50	24	12	-1	16.37	16.37
Fixation R	1	51	12604251788	12604555807	304019	927.21	684.50	24	12	-1	16.81	16.81
Saccade L	1	53	12604555807	12604587785	31978	943.58	690.40	881.60	717.82	1.72	121.73	0.38	53.81	5012.28	-4564.65	3253.66
Saccade R	1	54	12604555807	12604587785	31978	943.58	690.40	881.60	717.82	1.72	121.73	0.38	53.81	5012.28	-4564.65	3253.66
Fixation L	1	52	12604587785	12604891744	303959	878.25	718.93	23	17	-1	16.46	16.46
Fixation R	1	52	12604587785	12604891744	303959	878.25	718.93	23	17	-1	16.50	16.50
Saccade L	1	54	12604891744	12604927750	36006	884.96	711.76	851.74	651.25	1.47	74.13	0.44	40.90	3356.52	-2769.03	2150.06
Saccade R	1	55	12604891744	12604927750	36006	884.96	711.76	851.74	651.25	1.47	74.13	0.44	40.90	3356.52	-2769.03	2150.06
Fixation L	1	53	12604927750	12605387791	460041	851.04	660.58	22	29	-1	15.94	15.94
Fixation R	1	53	12604927750	12605387791	460041	851.04	660.58	22	29	-1	15.93	15.93
Saccade L	1	55	12605387791	12605423769	35978	847.76	672.89	777.21	671.65	1.49	70.59	0.56	41.42	3116.66	-3101.92	2343.63
Saccade R	1	56	12605387791	12605423769	35978	847.76	672.89	777.21	671.65	1.49	70.59	0.56	41.42	3116.66	-3101.92	2343.63
Fixation L	1	54	12605423769	12605579759	155990	771.86	667.09	9	17	-1	15.77	15.77
Fixation R	1	54	12605423769	12605579759	155990	771.86	667.09	9	17	-1	15.69	15.69
Saccade L	1	56	12605579759	12605615794	36035	772.43	656.76	912.44	654.25	2.88	150.48	0.44	79.82	7213.87	-7072.23	5300.34
Saccade R	1	57	12605579759	12605615794	36035	772.43	656.76	912.44	654.25	2.88	150.48	0.44	79.82	7213.87	-7072.23	5300.34
Fixation L	1	55	12605615794	12606103795	488001	902.08	665.62	138	36	-1	15.77	15.77
Fixation R	1	55	12605615794	12606103795	488001	902.08	665.62	138	36	-1	15.81	15.81
