[BeGaze]
Converted from:	D:\Kirillov\Results\ermolova_temp\Natalia-eye_data.idf
Date:	17.04.2019 03:53:10
Version:	BeGaze 3.0.181
Sample Rate:	250
Subject:	Natalia
Description:	Run20

Table Header for Fixations:
Event Type	Trial	Number	Start	End	Duration	Location X	Location Y	Dispersion X	Dispersion Y	Plane	Avg. Pupil Size X	Avg. Pupil Size Y

Table Header for Saccades:
Event Type	Trial	Number	Start	End	Duration	Start Loc.X	Start Loc.Y	End Loc.X	End Loc.Y	Amplitude	Peak Speed	Peak Speed At	Average Speed	Peak Accel.	Peak Decel.	Average Accel.

Table Header for User Events:
Event Type	Trial	Number	Start	Description

UserEvent	1	1	7331011684	# Message: Questionnaire16.jpg
Fixation L	1	1	7331015153	7331307131	291978	912.72	553.23	21	26	-1	11.98	11.98
Fixation R	1	1	7331015153	7331307131	291978	912.72	553.23	21	26	-1	12.57	12.57
Saccade L	1	1	7331307131	7331359161	52030	915.35	561.96	455.94	319.11	11.45	497.41	0.31	220.03	23659.32	-16906.48	13306.09
Saccade R	1	1	7331307131	7331359161	52030	915.35	561.96	455.94	319.11	11.45	497.41	0.31	220.03	23659.32	-16906.48	13306.09
Saccade L	1	2	7331359161	7331387261	28100	455.94	319.11	435.00	299.04	0.64	44.46	0.57	22.81	1247.55	-2858.87	1152.98
Saccade R	1	2	7331359161	7331387261	28100	455.94	319.11	435.00	299.04	0.64	44.46	0.57	22.81	1247.55	-2858.87	1152.98
Fixation L	1	2	7331387261	7331543204	155943	436.55	299.57	16	16	-1	12.14	12.14
Fixation R	1	2	7331387261	7331543204	155943	436.55	299.57	16	16	-1	12.65	12.65
Saccade L	1	3	7331543204	7331567181	23977	435.87	304.58	412.67	317.26	0.73	51.50	0.33	30.47	2174.48	-1942.04	1408.47
Saccade R	1	3	7331543204	7331567181	23977	435.87	304.58	412.67	317.26	0.73	51.50	0.33	30.47	2174.48	-1942.04	1408.47
Fixation L	1	3	7331567181	7331939044	371863	407.53	319.68	28	21	-1	12.56	12.56
Fixation R	1	3	7331567181	7331939044	371863	407.53	319.68	28	21	-1	13.21	13.21
Saccade L	1	4	7331939044	7331959057	20013	419.50	319.38	464.66	316.27	0.79	72.00	0.60	39.25	2791.42	-2914.64	1954.70
Saccade R	1	4	7331939044	7331959057	20013	419.50	319.38	464.66	316.27	0.79	72.00	0.60	39.25	2791.42	-2914.64	1954.70
Fixation L	1	4	7331959057	7333370947	1411890	478.54	318.90	65	24	-1	12.58	12.58
Fixation R	1	4	7331959057	7333370947	1411890	478.54	318.90	65	24	-1	13.15	13.15
Saccade L	1	5	7333370947	7333394970	24023	503.58	321.34	489.87	352.78	0.73	50.12	0.50	30.50	2055.11	-2003.50	1535.46
Saccade R	1	5	7333370947	7333394970	24023	503.58	321.34	489.87	352.78	0.73	50.12	0.50	30.50	2055.11	-2003.50	1535.46
Fixation L	1	5	7333394970	7333566959	171989	493.21	370.85	9	26	-1	12.69	12.69
Fixation R	1	5	7333394970	7333566959	171989	493.21	370.85	9	26	-1	13.08	13.08
Saccade L	1	6	7333566959	7333606957	39998	493.42	376.19	413.30	350.01	2.43	164.83	0.40	60.70	7479.34	-6105.42	4025.84
Saccade R	1	6	7333566959	7333606957	39998	493.42	376.19	413.30	350.01	2.43	164.83	0.40	60.70	7479.34	-6105.42	4025.84
Fixation L	1	6	7333606957	7334126970	520013	389.05	342.86	42	35	-1	12.46	12.46
Fixation R	1	6	7333606957	7334126970	520013	389.05	342.86	42	35	-1	12.99	12.99
Saccade L	1	7	7334126970	7334166985	40015	369.91	318.18	430.00	339.10	2.38	148.52	0.30	59.38	6338.98	-4393.18	3187.70
Saccade R	1	7	7334126970	7334166985	40015	369.91	318.18	430.00	339.10	2.38	148.52	0.30	59.38	6338.98	-4393.18	3187.70
UserEvent	1	2	7334166498	# Message: UE-mouseclick left x=421 y=313
Fixation L	1	7	7334166985	7334474869	307884	444.11	340.71	17	17	-1	12.26	12.26
Fixation R	1	7	7334166985	7334474869	307884	444.11	340.71	17	17	-1	12.91	12.91
Saccade L	1	8	7334474869	7334494897	20028	446.17	351.90	473.01	360.65	0.53	46.22	0.60	26.57	1868.81	-1696.42	1226.12
Saccade R	1	8	7334474869	7334494897	20028	446.17	351.90	473.01	360.65	0.53	46.22	0.60	26.57	1868.81	-1696.42	1226.12
Fixation L	1	8	7334494897	7334630860	135963	474.94	365.34	17	17	-1	12.31	12.31
Fixation R	1	8	7334494897	7334630860	135963	474.94	365.34	17	17	-1	12.79	12.79
Saccade L	1	9	7334630860	7334674859	43999	472.41	359.33	0.00	0.00	22.41	1694.84	0.73	509.24	52910.50	-71140.67	33967.42
Saccade R	1	9	7334630860	7334674859	43999	472.41	359.33	0.00	0.00	22.41	1694.84	0.73	509.24	52910.50	-71140.67	33967.42
Fixation L	1	9	7334674859	7334894888	220029	0.00	0.00	0	0	-1	5.83	5.83
Fixation R	1	9	7334674859	7334894888	220029	0.00	0.00	0	0	-1	10.76	10.76
Saccade L	1	10	7334894888	7334950869	55981	0.00	0.00	573.68	545.19	23.02	1577.96	0.21	411.28	66244.06	-56242.48	27227.82
Saccade R	1	10	7334894888	7334950869	55981	0.00	0.00	573.68	545.19	23.02	1577.96	0.21	411.28	66244.06	-56242.48	27227.82
Saccade L	1	11	7334950869	7334970909	20040	573.68	545.19	543.87	520.44	0.52	45.20	0.60	26.16	-304.76	-5088.50	1945.91
Saccade R	1	11	7334950869	7334970909	20040	573.68	545.19	543.87	520.44	0.52	45.20	0.60	26.16	-304.76	-5088.50	1945.91
Fixation L	1	10	7334970909	7335066867	95958	541.12	526.20	13	20	-1	12.48	12.48
Fixation R	1	10	7334970909	7335066867	95958	541.12	526.20	13	20	-1	13.03	13.03
Saccade L	1	12	7335066867	7335110873	44006	548.53	533.16	0.00	0.00	23.29	1856.57	0.73	529.25	64359.32	-79285.03	37167.23
Saccade R	1	12	7335066867	7335110873	44006	548.53	533.16	0.00	0.00	23.29	1856.57	0.73	529.25	64359.32	-79285.03	37167.23
Fixation L	1	11	7335110873	7335542889	432016	0.00	0.00	0	0	-1	8.00	8.00
Fixation R	1	11	7335110873	7335542889	432016	0.00	0.00	0	0	-1	6.92	6.92
