[BeGaze]
Converted from:	D:\Kirillov\Results\ermolova_temp\Ira-eye_data.idf
Date:	17.04.2019 03:52:43
Version:	BeGaze 3.0.181
Sample Rate:	250
Subject:	Ira
Description:	Run12

Table Header for Fixations:
Event Type	Trial	Number	Start	End	Duration	Location X	Location Y	Dispersion X	Dispersion Y	Plane	Avg. Pupil Size X	Avg. Pupil Size Y

Table Header for Saccades:
Event Type	Trial	Number	Start	End	Duration	Start Loc.X	Start Loc.Y	End Loc.X	End Loc.Y	Amplitude	Peak Speed	Peak Speed At	Average Speed	Peak Accel.	Peak Decel.	Average Accel.

Table Header for User Events:
Event Type	Trial	Number	Start	Description

UserEvent	1	1	2623574922	# Message: experiment-16.jpg
Fixation L	1	1	2623575036	2623862918	287882	429.90	371.52	17	24	-1	16.48	16.48
Fixation R	1	1	2623575036	2623862918	287882	429.90	371.52	17	24	-1	15.86	15.86
Saccade L	1	1	2623862918	2623923010	60092	435.27	360.95	951.80	494.90	12.03	442.32	0.33	200.27	21274.61	-19441.27	12393.81
Saccade R	1	1	2623862918	2623923010	60092	435.27	360.95	951.80	494.90	12.03	442.32	0.33	200.27	21274.61	-19441.27	12393.81
Fixation L	1	2	2623923010	2624035021	112011	959.49	484.76	12	16	-1	15.16	15.16
Fixation R	1	2	2623923010	2624035021	112011	959.49	484.76	12	16	-1	14.89	14.89
Saccade L	1	2	2624035021	2624107004	71983	954.87	482.93	464.59	151.66	13.07	371.16	0.50	181.63	17210.96	-15032.66	8913.23
Saccade R	1	2	2624035021	2624107004	71983	954.87	482.93	464.59	151.66	13.07	371.16	0.50	181.63	17210.96	-15032.66	8913.23
Fixation L	1	3	2624107004	2624474920	367916	463.23	156.28	31	37	-1	13.69	13.69
Fixation R	1	3	2624107004	2624474920	367916	463.23	156.28	31	37	-1	13.20	13.20
Saccade L	1	3	2624474920	2624538912	63992	484.30	175.12	446.22	320.05	3.36	123.72	0.37	52.56	5362.11	-4512.28	2736.27
Saccade R	1	3	2624474920	2624538912	63992	484.30	175.12	446.22	320.05	3.36	123.72	0.37	52.56	5362.11	-4512.28	2736.27
Fixation L	1	4	2624538912	2624734910	195998	435.87	325.43	17	19	-1	13.44	13.44
Fixation R	1	4	2624538912	2624734910	195998	435.87	325.43	17	19	-1	12.87	12.87
Saccade L	1	4	2624734910	2624778888	43978	437.31	319.87	445.65	147.19	3.72	182.64	0.36	84.54	8801.43	-7576.27	5625.06
Saccade R	1	4	2624734910	2624778888	43978	437.31	319.87	445.65	147.19	3.72	182.64	0.36	84.54	8801.43	-7576.27	5625.06
Fixation L	1	5	2624778888	2625182890	404002	441.35	134.73	25	42	-1	13.56	13.56
Fixation R	1	5	2624778888	2625182890	404002	441.35	134.73	25	42	-1	12.85	12.85
Saccade L	1	5	2625182890	2625258895	76005	438.50	152.22	1057.75	497.05	15.76	492.38	0.32	207.38	24148.29	-19953.86	11063.23
Saccade R	1	5	2625182890	2625258895	76005	438.50	152.22	1057.75	497.05	15.76	492.38	0.32	207.38	24148.29	-19953.86	11063.23
Fixation L	1	6	2625258895	2625454894	195999	1060.16	487.87	12	23	-1	13.83	13.83
Fixation R	1	6	2625258895	2625454894	195999	1060.16	487.87	12	23	-1	13.32	13.32
Saccade L	1	6	2625454894	2625482924	28030	1065.04	475.31	957.63	462.85	2.22	168.35	0.57	79.31	7851.78	-7898.54	5789.54
Saccade R	1	6	2625454894	2625482924	28030	1065.04	475.31	957.63	462.85	2.22	168.35	0.57	79.31	7851.78	-7898.54	5789.54
Fixation L	1	7	2625482924	2625618923	135999	959.00	467.08	10	19	-1	14.00	14.00
Fixation R	1	7	2625482924	2625618923	135999	959.00	467.08	10	19	-1	13.41	13.41
Saccade L	1	7	2625618923	2625682897	63974	962.92	457.02	476.44	138.74	12.78	456.91	0.31	199.80	21940.62	-15725.39	10968.53
Saccade R	1	7	2625618923	2625682897	63974	962.92	457.02	476.44	138.74	12.78	456.91	0.31	199.80	21940.62	-15725.39	10968.53
Fixation L	1	8	2625682897	2626234800	551903	479.92	124.80	38	73	-1	13.60	13.60
Fixation R	1	8	2625682897	2626234800	551903	479.92	124.80	38	73	-1	13.00	13.00
Saccade L	1	8	2626234800	2626282791	47991	476.97	85.64	492.72	153.17	1.56	81.70	0.25	32.44	3647.72	-2695.65	1625.90
Saccade R	1	8	2626234800	2626282791	47991	476.97	85.64	492.72	153.17	1.56	81.70	0.25	32.44	3647.72	-2695.65	1625.90
Fixation L	1	9	2626282791	2626482797	200006	499.84	148.49	13	14	-1	13.85	13.85
Fixation R	1	9	2626282791	2626482797	200006	499.84	148.49	13	14	-1	13.43	13.43
Saccade L	1	9	2626482797	2626526778	43981	503.59	146.58	525.42	203.85	1.30	58.62	0.36	29.63	2606.33	-2042.48	1454.53
Saccade R	1	9	2626482797	2626526778	43981	503.59	146.58	525.42	203.85	1.30	58.62	0.36	29.63	2606.33	-2042.48	1454.53
Fixation L	1	10	2626526778	2626874791	348013	505.21	219.16	31	23	-1	14.57	14.57
Fixation R	1	10	2626526778	2626874791	348013	505.21	219.16	31	23	-1	14.12	14.12
Saccade L	1	10	2626874791	2626902786	27995	509.43	211.89	505.22	171.64	0.89	63.74	0.57	31.75	2568.76	-2775.52	1948.65
Saccade R	1	10	2626874791	2626902786	27995	509.43	211.89	505.22	171.64	0.89	63.74	0.57	31.75	2568.76	-2775.52	1948.65
Fixation L	1	11	2626902786	2627590662	687876	503.84	171.08	28	53	-1	14.42	14.42
Fixation R	1	11	2626902786	2627590662	687876	503.84	171.08	28	53	-1	14.04	14.04
Saccade L	1	11	2627590662	2627634669	44007	501.17	166.95	509.44	383.68	4.54	226.93	0.36	103.17	10553.48	-9276.31	6673.48
Saccade R	1	11	2627590662	2627634669	44007	501.17	166.95	509.44	383.68	4.54	226.93	0.36	103.17	10553.48	-9276.31	6673.48
Fixation L	1	12	2627634669	2628022663	387994	507.54	360.98	21	67	-1	15.33	15.33
Fixation R	1	12	2627634669	2628022663	387994	507.54	360.98	21	67	-1	15.12	15.12
Saccade L	1	12	2628022663	2628078685	56022	496.88	367.20	1141.36	524.91	14.38	452.55	0.57	256.64	19922.65	-20836.88	13451.64
Saccade R	1	12	2628022663	2628078685	56022	496.88	367.20	1141.36	524.91	14.38	452.55	0.57	256.64	19922.65	-20836.88	13451.64
Fixation L	1	13	2628078685	2628302668	223983	1119.39	518.59	36	25	-1	14.84	14.84
Fixation R	1	13	2628078685	2628302668	223983	1119.39	518.59	36	25	-1	14.89	14.89
Saccade L	1	13	2628302668	2628330677	28009	1110.07	519.30	1122.07	454.37	1.39	100.93	0.57	49.49	4451.29	-4598.68	3310.15
Saccade R	1	13	2628302668	2628330677	28009	1110.07	519.30	1122.07	454.37	1.39	100.93	0.57	49.49	4451.29	-4598.68	3310.15
Fixation L	1	14	2628330677	2628606666	275989	1138.16	450.06	22	21	-1	14.23	14.23
Fixation R	1	14	2628330677	2628606666	275989	1138.16	450.06	22	21	-1	14.23	14.23
Saccade L	1	14	2628606666	2628630673	24007	1135.26	452.51	1128.51	540.09	1.76	155.27	0.50	73.11	6827.03	-6493.81	4886.99
Saccade R	1	14	2628606666	2628630673	24007	1135.26	452.51	1128.51	540.09	1.76	155.27	0.50	73.11	6827.03	-6493.81	4886.99
Fixation L	1	15	2628630673	2628862572	231899	1123.15	534.34	14	37	-1	13.55	13.55
Fixation R	1	15	2628630673	2628862572	231899	1123.15	534.34	14	37	-1	13.41	13.41
Saccade L	1	15	2628862572	2628914576	52004	1119.90	519.73	1096.91	540.01	1.30	56.38	0.69	24.99	1898.94	-2528.77	1187.28
Saccade R	1	15	2628862572	2628914576	52004	1119.90	519.73	1096.91	540.01	1.30	56.38	0.69	24.99	1898.94	-2528.77	1187.28
Fixation L	1	16	2628914576	2629146550	231974	1077.04	541.05	46	39	-1	13.58	13.58
Fixation R	1	16	2628914576	2629146550	231974	1077.04	541.05	46	39	-1	12.99	12.99
Saccade L	1	16	2629146550	2629210564	64014	1070.58	520.39	1151.74	542.41	1.86	84.24	0.25	28.99	3895.22	-3408.01	1660.95
Saccade R	1	16	2629146550	2629210564	64014	1070.58	520.39	1151.74	542.41	1.86	84.24	0.25	28.99	3895.22	-3408.01	1660.95
Fixation L	1	17	2629210564	2629358558	147994	1158.06	543.75	13	5	-1	13.46	13.46
Fixation R	1	17	2629210564	2629358558	147994	1158.06	543.75	13	5	-1	12.83	12.83
Saccade L	1	17	2629358558	2629394571	36013	1155.21	540.19	1140.91	632.26	2.00	128.39	0.44	55.50	5645.86	-5674.30	3922.27
Saccade R	1	17	2629358558	2629394571	36013	1155.21	540.19	1140.91	632.26	2.00	128.39	0.44	55.50	5645.86	-5674.30	3922.27
Fixation L	1	18	2629394571	2629598578	204007	1143.83	626.70	14	22	-1	13.56	13.56
Fixation R	1	18	2629394571	2629598578	204007	1143.83	626.70	14	22	-1	12.77	12.77
Saccade L	1	18	2629598578	2629634554	35976	1134.59	619.14	1048.73	623.89	1.83	110.06	0.56	50.92	4811.85	-5045.68	3504.18
Saccade R	1	18	2629598578	2629634554	35976	1134.59	619.14	1048.73	623.89	1.83	110.06	0.56	50.92	4811.85	-5045.68	3504.18
Fixation L	1	19	2629634554	2630026556	392002	1055.84	609.96	22	24	-1	13.70	13.70
Fixation R	1	19	2629634554	2630026556	392002	1055.84	609.96	22	24	-1	12.86	12.86
Saccade L	1	19	2630026556	2630074430	47874	1053.96	625.03	1131.08	617.57	1.67	91.86	0.33	34.89	4177.25	-3779.40	2088.26
Saccade R	1	19	2630026556	2630074430	47874	1053.96	625.03	1131.08	617.57	1.67	91.86	0.33	34.89	4177.25	-3779.40	2088.26
Fixation L	1	20	2630074430	2630442437	368007	1136.32	610.35	19	23	-1	13.83	13.83
Fixation R	1	20	2630074430	2630442437	368007	1136.32	610.35	19	23	-1	13.12	13.12
Saccade L	1	20	2630442437	2630494485	52048	1141.09	593.60	1004.73	627.11	3.30	177.39	0.38	63.44	8306.68	-7423.82	4397.20
Saccade R	1	20	2630442437	2630494485	52048	1141.09	593.60	1004.73	627.11	3.30	177.39	0.38	63.44	8306.68	-7423.82	4397.20
Fixation L	1	21	2630494485	2630830450	335965	981.14	620.72	42	11	-1	13.74	13.74
Fixation R	1	21	2630494485	2630830450	335965	981.14	620.72	42	11	-1	12.86	12.86
Saccade L	1	21	2630830450	2630874440	43990	964.54	621.85	1185.53	629.37	4.75	255.01	0.55	107.97	12184.08	-11546.48	7732.48
Saccade R	1	21	2630830450	2630874440	43990	964.54	621.85	1185.53	629.37	4.75	255.01	0.55	107.97	12184.08	-11546.48	7732.48
Fixation L	1	22	2630874440	2631290440	416000	1154.64	621.46	60	19	-1	13.62	13.62
Fixation R	1	22	2630874440	2631290440	416000	1154.64	621.46	60	19	-1	13.05	13.05
Saccade L	1	22	2631290440	2631326448	36008	1136.87	620.65	1059.10	626.60	1.58	98.19	0.45	43.94	4039.30	-3962.77	2813.39
Saccade R	1	22	2631290440	2631326448	36008	1136.87	620.65	1059.10	626.60	1.58	98.19	0.45	43.94	4039.30	-3962.77	2813.39
Fixation L	1	23	2631326448	2631382460	56012	1052.51	623.04	10	10	-1	13.66	13.66
Fixation R	1	23	2631326448	2631382460	56012	1052.51	623.04	10	10	-1	13.03	13.03
Fixation L	1	24	2631450457	2631851579	401122	0.00	0.00	0	0	-1	11.76	11.76
Saccade L	1	23	2632136149	2632316655	180506	0.00	0.00	1232.85	726.09	213.34	2753.54	0.94	1181.91	114850.77	-114660.15	86595.37
Saccade L	1	24	2632360635	2632420604	59969	1238.77	736.60	1079.89	649.04	5.47	322.81	0.47	91.16	14426.35	-13388.08	6524.05
Saccade R	1	23	2632360635	2632420604	59969	1238.77	736.60	1079.89	649.04	5.47	322.81	0.47	91.16	14426.35	-13388.08	6524.05
Fixation L	1	25	2632420604	2632556609	136005	1077.67	653.00	28	20	-1	16.20	16.20
Fixation R	1	24	2632420604	2632556609	136005	1077.67	653.00	28	20	-1	16.23	16.23
Saccade L	1	25	2632556609	2632612591	55982	1076.58	654.84	1173.80	610.76	3.30	211.70	0.21	58.87	8801.82	-7971.80	3597.97
Saccade R	1	24	2632556609	2632612591	55982	1076.58	654.84	1173.80	610.76	3.30	211.70	0.21	58.87	8801.82	-7971.80	3597.97
