[BeGaze]
Converted from:	D:\Kirillov\Results\ermolova_temp\sasha-eye_data.idf
Date:	17.04.2019 03:52:37
Version:	BeGaze 3.0.181
Sample Rate:	250
Subject:	sasha
Description:	Run9

Table Header for Fixations:
Event Type	Trial	Number	Start	End	Duration	Location X	Location Y	Dispersion X	Dispersion Y	Plane	Avg. Pupil Size X	Avg. Pupil Size Y

Table Header for Saccades:
Event Type	Trial	Number	Start	End	Duration	Start Loc.X	Start Loc.Y	End Loc.X	End Loc.Y	Amplitude	Peak Speed	Peak Speed At	Average Speed	Peak Accel.	Peak Decel.	Average Accel.

Table Header for User Events:
Event Type	Trial	Number	Start	Description

UserEvent	1	1	1081210344	# Message: experiment-14.jpg
Fixation L	1	1	1081213434	1081269426	55992	428.05	395.80	6	7	-1	17.61	17.61
Fixation R	1	1	1081213434	1081269426	55992	428.05	395.80	6	7	-1	16.94	16.94
Saccade L	1	1	1081269426	1081313428	44002	428.51	401.64	480.93	300.72	2.88	160.37	0.27	65.36	6987.52	-5031.05	3340.58
Saccade R	1	1	1081269426	1081313428	44002	428.51	401.64	480.93	300.72	2.88	160.37	0.27	65.36	6987.52	-5031.05	3340.58
Saccade L	1	2	1081349454	1081381493	32039	475.06	297.72	379.70	284.73	1.94	138.44	0.37	60.67	5586.21	-5458.60	3909.59
Saccade R	1	2	1081349454	1081381493	32039	475.06	297.72	379.70	284.73	1.94	138.44	0.37	60.67	5586.21	-5458.60	3909.59
Saccade L	1	3	1081409458	1081461454	51996	378.49	278.52	466.67	302.19	3.49	146.58	0.38	67.10	5625.58	-3676.64	2561.96
Saccade R	1	3	1081409458	1081461454	51996	378.49	278.52	466.67	302.19	3.49	146.58	0.38	67.10	5625.58	-3676.64	2561.96
Saccade L	1	4	1081461454	1081497434	35980	466.67	302.19	470.45	287.57	2.24	116.01	0.67	62.38	1830.03	-3821.82	1445.15
Saccade R	1	4	1081461454	1081497434	35980	466.67	302.19	470.45	287.57	2.24	116.01	0.67	62.38	1830.03	-3821.82	1445.15
Fixation L	1	2	1081785373	1082005331	219958	916.63	393.38	96	70	-1	15.81	15.81
Fixation R	1	2	1081785373	1082005331	219958	916.63	393.38	96	70	-1	15.53	15.53
Saccade L	1	5	1082005331	1082029334	24003	948.64	419.55	811.29	391.77	1.78	179.22	0.67	74.31	36361.85	1766.38	11091.44
Saccade R	1	5	1082005331	1082029334	24003	948.64	419.55	811.29	391.77	1.78	179.22	0.67	74.31	36361.85	1766.38	11091.44
Fixation R	1	3	1082029334	1082169358	140024	103.03	63.14	932	913	-1	6.59	6.59
Fixation L	1	3	1082253335	1082449337	196002	989.79	473.88	20	31	-1	16.25	16.25
Fixation R	1	4	1082253335	1082449337	196002	989.79	473.88	20	31	-1	15.70	15.70
Saccade L	1	6	1082449337	1082505371	56034	987.36	479.53	471.25	201.47	13.68	520.08	0.43	244.16	24613.59	-20544.84	14383.69
Saccade R	1	6	1082449337	1082505371	56034	987.36	479.53	471.25	201.47	13.68	520.08	0.43	244.16	24613.59	-20544.84	14383.69
Saccade L	1	7	1082517314	1082537338	20024	445.28	172.26	471.43	185.99	0.52	40.04	0.60	25.82	23.50	-1518.02	930.54
Saccade R	1	7	1082517314	1082537338	20024	445.28	172.26	471.43	185.99	0.52	40.04	0.60	25.82	23.50	-1518.02	930.54
Fixation L	1	4	1082537338	1082733338	196000	472.00	190.03	24	17	-1	16.21	16.21
Fixation R	1	5	1082537338	1082733338	196000	472.00	190.03	24	17	-1	15.21	15.21
Saccade L	1	8	1082981344	1083021408	40064	564.67	101.32	502.93	108.23	1.39	57.91	0.30	34.64	944.89	-1788.28	808.30
Saccade R	1	8	1082981344	1083021408	40064	564.67	101.32	502.93	108.23	1.39	57.91	0.30	34.64	944.89	-1788.28	808.30
Fixation L	1	5	1083021408	1083241198	219790	509.35	116.44	37	25	-1	15.71	15.71
Fixation R	1	6	1083021408	1083241198	219790	509.35	116.44	37	25	-1	14.95	14.95
Saccade L	1	9	1083241198	1083289218	48020	528.06	130.92	449.19	322.73	5.45	203.99	0.50	113.42	6864.91	-8661.07	5510.87
Saccade R	1	9	1083241198	1083289218	48020	528.06	130.92	449.19	322.73	5.45	203.99	0.50	113.42	6864.91	-8661.07	5510.87
Fixation L	1	6	1083289218	1083421268	132050	431.24	335.54	34	26	-1	16.50	16.50
Fixation R	1	7	1083289218	1083421268	132050	431.24	335.54	34	26	-1	15.53	15.53
Saccade L	1	10	1083421268	1083441201	19933	447.11	315.75	448.86	345.65	0.67	67.52	0.40	33.54	1649.78	-1612.84	1146.48
Saccade R	1	10	1083421268	1083441201	19933	447.11	315.75	448.86	345.65	0.67	67.52	0.40	33.54	1649.78	-1612.84	1146.48
Fixation L	1	7	1083441201	1083505246	64045	429.85	361.24	33	20	-1	16.58	16.58
Fixation R	1	8	1083441201	1083505246	64045	429.85	361.24	33	20	-1	15.15	15.15
Saccade L	1	11	1083505246	1083557238	51992	414.19	364.41	436.02	178.88	7.49	384.46	0.31	143.98	18440.37	-15646.73	8248.85
Saccade R	1	11	1083505246	1083557238	51992	414.19	364.41	436.02	178.88	7.49	384.46	0.31	143.98	18440.37	-15646.73	8248.85
Saccade L	1	12	1083597227	1083625200	27973	518.92	130.67	429.25	172.92	1.99	156.73	0.43	71.01	6338.38	-5821.47	4540.85
Saccade R	1	12	1083597227	1083625200	27973	518.92	130.67	429.25	172.92	1.99	156.73	0.43	71.01	6338.38	-5821.47	4540.85
Saccade L	1	13	1083625200	1083645225	20025	429.25	172.92	429.10	180.11	0.47	45.29	0.40	23.39	5189.02	-3517.13	2233.44
Saccade R	1	13	1083625200	1083645225	20025	429.25	172.92	429.10	180.11	0.47	45.29	0.40	23.39	5189.02	-3517.13	2233.44
Saccade L	1	14	1083645225	1083709218	63993	429.10	180.11	1039.94	628.05	18.85	753.14	0.44	294.64	31344.75	-24442.00	16495.88
Saccade R	1	14	1083645225	1083709218	63993	429.10	180.11	1039.94	628.05	18.85	753.14	0.44	294.64	31344.75	-24442.00	16495.88
Fixation L	1	8	1083709218	1083993204	283986	1004.15	588.70	53	63	-1	16.27	16.27
Fixation R	1	9	1083709218	1083993204	283986	1004.15	588.70	53	63	-1	14.89	14.89
Saccade L	1	15	1083993204	1084089229	96025	994.84	581.68	0.00	0.00	57.30	1353.00	0.70	596.77	30430.89	-56394.67	16931.16
Saccade R	1	15	1083993204	1084089229	96025	994.84	581.68	0.00	0.00	57.30	1353.00	0.70	596.77	30430.89	-56394.67	16931.16
Fixation L	1	9	1084089229	1084209240	120011	0.00	0.00	0	0	-1	14.93	14.93
Fixation R	1	10	1084089229	1084209240	120011	0.00	0.00	0	0	-1	13.30	13.30
Saccade L	1	16	1084209240	1084245238	35998	0.00	0.00	504.47	123.08	12.44	950.62	0.44	345.54	42823.05	-42075.06	28791.42
Saccade R	1	16	1084209240	1084245238	35998	0.00	0.00	504.47	123.08	12.44	950.62	0.44	345.54	42823.05	-42075.06	28791.42
Saccade L	1	17	1084289108	1084375530	86422	503.20	123.53	0.00	0.01	19.47	752.02	0.46	225.32	29124.72	-21967.39	10881.15
Saccade R	1	17	1084289108	1084375530	86422	503.20	123.53	0.00	0.01	19.47	752.02	0.46	225.32	29124.72	-21967.39	10881.15
Fixation L	1	10	1084375530	1084474664	99134	0.00	0.00	0	0	-1	14.48	14.48
Fixation R	1	11	1084375530	1084474664	99134	0.00	0.00	0	0	-1	13.51	13.51
Fixation L	1	11	1084505514	1084896139	390625	0.00	0.00	0	0	-1	15.29	15.29
Fixation R	1	12	1084505514	1084896139	390625	0.00	0.00	0	0	-1	14.48	14.48
Saccade L	1	18	1087588313	1087768648	180335	0.00	0.00	1037.76	472.97	169.68	2195.24	0.94	940.89	91592.42	-91043.28	68931.77
Saccade R	1	18	1087588313	1087768648	180335	0.00	0.00	1037.76	472.97	169.68	2195.24	0.94	940.89	91592.42	-91043.28	68931.77
Fixation L	1	12	1087768648	1087856730	88082	1045.39	475.27	19	7	-1	15.20	15.20
Fixation R	1	13	1087768648	1087856730	88082	1045.39	475.27	19	7	-1	14.36	14.36
Saccade L	1	19	1087856730	1087904752	48022	1052.16	472.81	1154.21	464.72	2.14	96.02	0.25	44.65	4247.26	-2994.13	2070.09
Saccade R	1	19	1087856730	1087904752	48022	1052.16	472.81	1154.21	464.72	2.14	96.02	0.25	44.65	4247.26	-2994.13	2070.09
Fixation L	1	13	1087904752	1088108624	203872	1146.27	491.22	31	38	-1	15.39	15.39
Fixation R	1	14	1087904752	1088108624	203872	1146.27	491.22	31	38	-1	14.72	14.72
Saccade L	1	20	1088108624	1088136662	28038	1129.62	489.22	1207.92	489.91	1.60	118.72	0.57	57.18	4920.01	-4906.94	3734.54
Saccade R	1	20	1088108624	1088136662	28038	1129.62	489.22	1207.92	489.91	1.60	118.72	0.57	57.18	4920.01	-4906.94	3734.54
Fixation L	1	14	1088136662	1088484614	347952	1203.90	497.53	42	42	-1	15.56	15.56
Fixation R	1	15	1088136662	1088484614	347952	1203.90	497.53	42	42	-1	14.75	14.75
Saccade L	1	21	1088484614	1088504627	20013	1228.12	477.96	1159.34	477.70	0.64	72.46	0.60	32.16	2807.39	-388.51	1452.06
Saccade R	1	21	1088484614	1088504627	20013	1228.12	477.96	1159.34	477.70	0.64	72.46	0.60	32.16	2807.39	-388.51	1452.06
Saccade L	1	22	1088504627	1088524613	19986	1159.34	477.70	1108.01	478.80	0.85	124.85	0.60	42.51	17297.17	844.38	6777.93
Saccade R	1	22	1088504627	1088524613	19986	1159.34	477.70	1108.01	478.80	0.85	124.85	0.60	42.51	17297.17	844.38	6777.93
Fixation R	1	16	1088524613	1088632607	107994	238.53	92.43	1582	600	-1	8.14	8.14
Saccade L	1	23	1088700554	1088724635	24081	1068.82	442.19	990.22	486.21	1.18	107.66	0.67	49.04	40861.55	-1256.39	10435.35
Saccade R	1	23	1088700554	1088724635	24081	1068.82	442.19	990.22	486.21	1.18	107.66	0.67	49.04	40861.55	-1256.39	10435.35
Saccade L	1	24	1088916618	1088984624	68006	451.13	85.04	474.17	134.71	3.33	101.40	0.47	48.90	2743.45	-4082.94	1492.98
Saccade R	1	24	1088916618	1088984624	68006	451.13	85.04	474.17	134.71	3.33	101.40	0.47	48.90	2743.45	-4082.94	1492.98
Fixation L	1	15	1088984624	1089320630	336006	462.02	132.34	36	48	-1	16.12	16.12
Fixation R	1	17	1088984624	1089320630	336006	462.02	132.34	36	48	-1	14.98	14.98
Saccade L	1	25	1089480532	1089500554	20022	519.63	188.01	489.20	212.07	0.88	84.62	0.40	44.11	-1130.74	-3186.68	2249.23
Saccade R	1	25	1089480532	1089500554	20022	519.63	188.01	489.20	212.07	0.88	84.62	0.40	44.11	-1130.74	-3186.68	2249.23
Fixation L	1	16	1089500554	1089604499	103945	479.37	209.85	15	19	-1	16.55	16.55
Fixation R	1	18	1089500554	1089604499	103945	479.37	209.85	15	19	-1	15.28	15.28
Saccade L	1	26	1089604499	1089636495	31996	475.79	201.82	398.76	219.30	2.01	130.12	0.37	62.77	6199.27	-4885.63	3651.63
Saccade R	1	26	1089604499	1089636495	31996	475.79	201.82	398.76	219.30	2.01	130.12	0.37	62.77	6199.27	-4885.63	3651.63
Saccade L	1	27	1089636495	1089672510	36015	398.76	219.30	446.90	222.97	1.50	82.20	0.44	41.65	2369.55	-2939.19	1724.60
Saccade R	1	27	1089636495	1089672510	36015	398.76	219.30	446.90	222.97	1.50	82.20	0.44	41.65	2369.55	-2939.19	1724.60
Fixation L	1	17	1089672510	1089724496	51986	449.11	216.59	13	9	-1	16.48	16.48
Fixation R	1	19	1089672510	1089724496	51986	449.11	216.59	13	9	-1	15.46	15.46
Saccade L	1	28	1089780499	1089832503	52004	451.84	192.90	453.63	173.98	5.30	281.56	0.31	101.82	12260.13	-9512.19	6248.94
Saccade R	1	28	1089780499	1089832503	52004	451.84	192.90	453.63	173.98	5.30	281.56	0.31	101.82	12260.13	-9512.19	6248.94
Fixation L	1	18	1089832503	1089984530	152027	472.14	177.26	37	28	-1	16.59	16.59
Fixation R	1	20	1089832503	1089984530	152027	472.14	177.26	37	28	-1	15.30	15.30
Saccade L	1	29	1090064505	1090084523	20018	428.01	219.80	500.77	219.71	1.40	149.12	0.40	70.04	5695.46	-6401.61	4026.60
Saccade R	1	29	1090064505	1090084523	20018	428.01	219.80	500.77	219.71	1.40	149.12	0.40	70.04	5695.46	-6401.61	4026.60
Fixation R	1	21	1090084523	1090346453	261930	104.99	62.40	667	979	-1	6.27	6.27
Fixation L	1	19	1090468538	1090572503	103965	350.78	139.17	43	20	-1	17.10	17.10
Fixation R	1	22	1090468538	1090572503	103965	350.78	139.17	43	20	-1	16.05	16.05
Saccade L	1	30	1090572503	1090604504	32001	369.82	142.15	524.97	128.16	3.15	226.15	0.50	98.56	10436.60	-10167.15	7314.01
Saccade R	1	30	1090572503	1090604504	32001	369.82	142.15	524.97	128.16	3.15	226.15	0.50	98.56	10436.60	-10167.15	7314.01
Saccade L	1	31	1090632512	1090656425	23913	515.64	141.22	515.30	55.46	1.62	134.28	0.50	67.74	5809.89	-5689.91	4249.91
Saccade R	1	31	1090632512	1090656425	23913	515.64	141.22	515.30	55.46	1.62	134.28	0.50	67.74	5809.89	-5689.91	4249.91
Saccade L	1	32	1090664503	1090704469	39966	514.51	53.53	405.85	106.78	2.53	161.67	0.30	63.23	7191.12	-6680.21	4054.81
Saccade R	1	32	1090664503	1090704469	39966	514.51	53.53	405.85	106.78	2.53	161.67	0.30	63.23	7191.12	-6680.21	4054.81
Saccade L	1	33	1090736429	1090784512	48083	401.31	115.30	495.22	256.96	5.04	242.57	0.58	104.86	7551.18	-10413.48	5869.18
Saccade R	1	33	1090736429	1090784512	48083	401.31	115.30	495.22	256.96	5.04	242.57	0.58	104.86	7551.18	-10413.48	5869.18
Fixation L	1	20	1090784512	1090888386	103874	479.46	274.55	29	25	-1	17.12	17.12
Fixation R	1	23	1090784512	1090888386	103874	479.46	274.55	29	25	-1	16.42	16.42
Saccade L	1	34	1091120403	1091144387	23984	1184.72	696.21	1173.33	651.78	1.03	93.08	0.50	43.07	2980.02	-3636.55	2550.60
Saccade R	1	34	1091120403	1091144387	23984	1184.72	696.21	1173.33	651.78	1.03	93.08	0.50	43.07	2980.02	-3636.55	2550.60
Fixation L	1	21	1091144387	1091252382	107995	1170.42	650.93	11	16	-1	17.14	17.14
Fixation R	1	24	1091144387	1091252382	107995	1170.42	650.93	11	16	-1	16.60	16.60
Saccade L	1	35	1091252382	1091276401	24019	1162.69	661.23	1186.90	575.12	1.98	171.38	0.67	82.41	8045.61	-7397.30	5573.88
Saccade R	1	35	1091252382	1091276401	24019	1162.69	661.23	1186.90	575.12	1.98	171.38	0.67	82.41	8045.61	-7397.30	5573.88
Fixation L	1	22	1091276401	1091516400	239999	1201.33	551.22	25	55	-1	16.51	16.51
Fixation R	1	25	1091276401	1091516400	239999	1201.33	551.22	25	55	-1	15.72	15.72
Saccade L	1	36	1091516400	1091568398	51998	1189.97	517.34	1088.28	500.67	4.09	161.25	0.23	78.59	6535.45	-4610.65	2573.70
Saccade R	1	36	1091516400	1091568398	51998	1189.97	517.34	1088.28	500.67	4.09	161.25	0.23	78.59	6535.45	-4610.65	2573.70
Saccade L	1	37	1091568398	1091588388	19990	1088.28	500.67	1081.73	565.37	1.22	133.96	0.40	61.22	189.01	-5268.61	2581.94
Saccade R	1	37	1091568398	1091588388	19990	1088.28	500.67	1081.73	565.37	1.22	133.96	0.40	61.22	189.01	-5268.61	2581.94
Fixation L	1	23	1091588388	1091652405	64017	1078.97	567.11	4	2	-1	15.58	15.58
Fixation R	1	26	1091588388	1091652405	64017	1078.97	567.11	4	2	-1	14.55	14.55
Saccade L	1	38	1091652405	1091704419	52014	1077.86	566.05	1235.00	506.25	4.59	274.29	0.77	88.34	11389.62	-13113.96	5804.98
Saccade R	1	38	1091652405	1091704419	52014	1077.86	566.05	1235.00	506.25	4.59	274.29	0.77	88.34	11389.62	-13113.96	5804.98
Fixation L	1	24	1091704419	1091844390	139971	1245.59	495.22	21	24	-1	15.43	15.43
Fixation R	1	27	1091704419	1091844390	139971	1245.59	495.22	21	24	-1	14.27	14.27
Saccade L	1	39	1091844390	1091889425	45035	1253.55	483.44	0.00	0.00	29.53	1892.43	0.71	655.60	66928.01	-82596.54	44961.61
Saccade R	1	39	1091844390	1091889425	45035	1253.55	483.44	0.00	0.00	29.53	1892.43	0.71	655.60	66928.01	-82596.54	44961.61
Fixation L	1	25	1091889425	1092252084	362659	0.00	0.00	0	0	-1	15.18	15.18
Fixation R	1	28	1091889425	1092328297	438872	21.98	14.03	570	607	-1	12.91	12.91
Saccade R	1	40	1092328297	1092428269	99972	0.00	0.00	1064.65	531.71	37.35	1606.19	0.24	373.59	42481.01	-69578.54	18548.09
Fixation L	1	26	1092428269	1092604270	176001	1059.14	545.16	28	28	-1	15.98	15.98
Fixation R	1	29	1092428269	1092604270	176001	1059.14	545.16	28	28	-1	15.39	15.39
Saccade L	1	40	1092604270	1092632301	28031	1057.30	546.71	984.14	544.63	1.51	119.93	0.43	53.87	4886.67	-5097.17	3635.49
Saccade R	1	41	1092604270	1092632301	28031	1057.30	546.71	984.14	544.63	1.51	119.93	0.43	53.87	4886.67	-5097.17	3635.49
Fixation L	1	27	1092632301	1092808311	176010	992.02	524.81	20	37	-1	16.21	16.21
Fixation R	1	30	1092632301	1092808311	176010	992.02	524.81	20	37	-1	15.67	15.67
Saccade L	1	41	1092808311	1092836370	28059	1001.65	507.70	1122.00	467.27	2.73	207.04	0.43	97.13	9585.60	-9247.17	6903.74
Saccade R	1	42	1092808311	1092836370	28059	1001.65	507.70	1122.00	467.27	2.73	207.04	0.43	97.13	9585.60	-9247.17	6903.74
Fixation L	1	28	1092836370	1092952284	115914	1134.47	448.60	19	24	-1	15.96	15.96
Fixation R	1	31	1092836370	1092952284	115914	1134.47	448.60	19	24	-1	15.22	15.22
Saccade L	1	42	1092952284	1092976285	24001	1135.53	443.19	1213.30	439.24	1.62	148.39	0.50	67.47	6427.67	-6136.28	4619.37
Saccade R	1	43	1092952284	1092976285	24001	1135.53	443.19	1213.30	439.24	1.62	148.39	0.50	67.47	6427.67	-6136.28	4619.37
Fixation L	1	29	1092976285	1093124253	147968	1216.68	442.98	18	14	-1	15.73	15.73
Fixation R	1	32	1092976285	1093124253	147968	1216.68	442.98	18	14	-1	14.88	14.88
Saccade L	1	43	1093124253	1093144280	20027	1206.68	441.58	1172.49	447.80	0.59	50.52	0.60	29.64	2146.58	-1114.25	1062.87
Saccade R	1	44	1093124253	1093144280	20027	1206.68	441.58	1172.49	447.80	0.59	50.52	0.60	29.64	2146.58	-1114.25	1062.87
Fixation L	1	30	1093144280	1093196295	52015	1194.76	445.55	28	9	-1	15.61	15.61
Fixation R	1	33	1093144280	1093196295	52015	1194.76	445.55	28	9	-1	14.94	14.94
Saccade L	1	44	1093196295	1093248281	51986	1196.34	441.09	1139.70	581.23	4.21	179.53	0.38	81.01	7886.73	-6315.34	4469.34
Saccade R	1	45	1093196295	1093248281	51986	1196.34	441.09	1139.70	581.23	4.21	179.53	0.38	81.01	7886.73	-6315.34	4469.34
Fixation L	1	31	1093248281	1093504278	255997	1140.70	603.38	28	34	-1	16.06	16.06
Fixation R	1	34	1093248281	1093504278	255997	1140.70	603.38	28	34	-1	14.93	14.93
Saccade L	1	45	1093504278	1093540316	36038	1144.80	588.43	1077.76	608.63	1.35	75.80	0.33	37.34	3562.24	-2703.63	2063.55
Saccade R	1	46	1093504278	1093540316	36038	1144.80	588.43	1077.76	608.63	1.35	75.80	0.33	37.34	3562.24	-2703.63	2063.55
Fixation L	1	32	1093540316	1093640155	99839	1100.74	602.08	34	17	-1	16.06	16.06
Fixation R	1	35	1093540316	1093756191	215875	808.30	445.02	1597	1138	-1	12.75	12.71
Saccade R	1	47	1093756191	1093836157	79966	0.00	0.00	888.69	495.96	49.20	2534.39	0.35	615.20	69690.39	-85514.55	23807.20
Saccade L	1	46	1093836157	1093860163	24006	888.69	495.96	954.87	514.18	1.21	96.06	0.50	50.32	1256.50	-3803.37	1959.72
Saccade R	1	48	1093836157	1093860163	24006	888.69	495.96	954.87	514.18	1.21	96.06	0.50	50.32	1256.50	-3803.37	1959.72
Fixation L	1	33	1093860163	1094336158	475995	929.10	546.45	73	52	-1	16.37	16.37
Fixation R	1	36	1093860163	1094336158	475995	929.10	546.45	73	52	-1	15.15	15.15
Saccade R	1	49	1094352174	1094396193	44019	913.06	559.24	0.00	0.00	31.12	2398.72	0.73	706.86	86648.41	-103773.82	48701.84
Fixation R	1	37	1094396193	1094668490	272297	265.27	277.03	997	1151	-1	8.79	8.71
Fixation L	1	34	1094764173	1094888199	124026	1007.32	433.98	20	27	-1	16.37	16.37
Fixation R	1	38	1094764173	1094888199	124026	1007.32	433.98	20	27	-1	15.22	15.22
Saccade L	1	47	1094888199	1094936074	47875	1001.48	447.85	431.77	182.75	14.10	613.05	0.42	294.43	28898.68	-21241.94	16599.31
Saccade R	1	50	1094888199	1094936074	47875	1001.48	447.85	431.77	182.75	14.10	613.05	0.42	294.43	28898.68	-21241.94	16599.31
