[BeGaze]
Converted from:	D:\Kirillov\Results\ermolova_temp\georgy-eye_data.idf
Date:	17.04.2019 03:52:23
Version:	BeGaze 3.0.181
Sample Rate:	250
Subject:	georgy
Description:	Run5

Table Header for Fixations:
Event Type	Trial	Number	Start	End	Duration	Location X	Location Y	Dispersion X	Dispersion Y	Plane	Avg. Pupil Size X	Avg. Pupil Size Y

Table Header for Saccades:
Event Type	Trial	Number	Start	End	Duration	Start Loc.X	Start Loc.Y	End Loc.X	End Loc.Y	Amplitude	Peak Speed	Peak Speed At	Average Speed	Peak Accel.	Peak Decel.	Average Accel.

Table Header for User Events:
Event Type	Trial	Number	Start	Description

UserEvent	1	1	2957505989	# Message: experiment-05.jpg
Fixation L	1	1	2957508174	2957812171	303997	421.95	450.45	24	22	-1	17.18	17.18
Fixation R	1	1	2957508174	2957812171	303997	421.95	450.45	24	22	-1	17.15	17.15
Saccade L	1	1	2957812171	2957876204	64033	417.38	447.57	1088.18	582.98	15.44	531.27	0.44	241.12	23114.39	-20847.21	13432.62
Saccade R	1	1	2957812171	2957876204	64033	417.38	447.57	1088.18	582.98	15.44	531.27	0.44	241.12	23114.39	-20847.21	13432.62
Fixation L	1	2	2957876204	2958004172	127968	1103.34	574.71	23	24	-1	16.38	16.38
Fixation R	1	2	2957876204	2958004172	127968	1103.34	574.71	23	24	-1	16.34	16.34
Saccade L	1	2	2958004172	2958052173	48001	1105.03	567.95	1044.10	526.89	1.61	62.83	0.42	33.64	2884.33	-2025.84	1478.90
Saccade R	1	2	2958004172	2958052173	48001	1105.03	567.95	1044.10	526.89	1.61	62.83	0.42	33.64	2884.33	-2025.84	1478.90
Fixation L	1	3	2958052173	2958404182	352009	1043.52	522.17	33	43	-1	14.38	14.38
Fixation R	1	3	2958052173	2958404182	352009	1043.52	522.17	33	43	-1	14.41	14.41
Saccade L	1	3	2958404182	2958480184	76002	1025.22	545.91	337.39	444.55	15.39	389.47	0.47	202.53	13778.75	-16984.50	8821.58
Saccade R	1	3	2958404182	2958480184	76002	1025.22	545.91	337.39	444.55	15.39	389.47	0.47	202.53	13778.75	-16984.50	8821.58
Fixation L	1	4	2958480184	2959212096	731912	383.59	446.92	58	29	-1	13.87	13.87
Fixation R	1	4	2958480184	2959212096	731912	383.59	446.92	58	29	-1	13.87	13.87
Saccade L	1	4	2959212096	2959252074	39978	393.76	461.29	420.26	618.55	3.46	174.88	0.60	86.49	8054.79	-8495.37	5880.00
Saccade R	1	4	2959212096	2959252074	39978	393.76	461.29	420.26	618.55	3.46	174.88	0.60	86.49	8054.79	-8495.37	5880.00
Fixation L	1	5	2959252074	2959792068	539994	442.19	595.34	54	84	-1	15.86	15.86
Fixation R	1	5	2959252074	2959792068	539994	442.19	595.34	54	84	-1	15.76	15.76
Saccade L	1	5	2959792068	2959848018	55950	457.39	553.69	997.76	582.61	11.67	425.80	0.50	208.58	18203.33	-18958.33	12273.80
Saccade R	1	5	2959792068	2959848018	55950	457.39	553.69	997.76	582.61	11.67	425.80	0.50	208.58	18203.33	-18958.33	12273.80
Fixation L	1	6	2959848018	2960032090	184072	1000.54	563.16	28	27	-1	16.41	16.41
Fixation R	1	6	2959848018	2960032090	184072	1000.54	563.16	28	27	-1	16.79	16.79
Saccade L	1	6	2960032090	2960068076	35986	990.11	563.14	1037.79	590.09	1.27	65.02	0.33	35.41	2896.00	-1911.41	1570.27
Saccade R	1	6	2960032090	2960068076	35986	990.11	563.14	1037.79	590.09	1.27	65.02	0.33	35.41	2896.00	-1911.41	1570.27
Fixation L	1	7	2960068076	2960915968	847892	1040.25	585.89	34	28	-1	15.13	15.13
Fixation R	1	7	2960068076	2960915968	847892	1040.25	585.89	34	28	-1	15.21	15.21
Saccade L	1	7	2960915968	2960971965	55997	1034.48	589.14	1123.71	528.15	2.79	90.46	0.29	49.82	3546.00	-2773.28	1877.56
Saccade R	1	7	2960915968	2960971965	55997	1034.48	589.14	1123.71	528.15	2.79	90.46	0.29	49.82	3546.00	-2773.28	1877.56
Fixation L	1	8	2960971965	2961351948	379983	1129.47	529.42	14	23	-1	14.38	14.38
Fixation R	1	8	2960971965	2961351948	379983	1129.47	529.42	14	23	-1	14.61	14.61
Saccade L	1	8	2961351948	2961375961	24013	1130.18	519.59	1068.83	517.47	1.29	103.94	0.50	53.62	4240.18	-3722.36	2939.48
Saccade R	1	8	2961351948	2961375961	24013	1130.18	519.59	1068.83	517.47	1.29	103.94	0.50	53.62	4240.18	-3722.36	2939.48
Fixation L	1	9	2961375961	2961551965	176004	1050.79	507.16	37	50	-1	14.70	14.70
Fixation R	1	9	2961375961	2961551965	176004	1050.79	507.16	37	50	-1	14.71	14.71
Saccade L	1	9	2961551965	2961615967	64002	1031.64	486.06	335.07	425.23	15.43	496.38	0.31	241.07	23048.36	-17069.47	12223.45
Saccade R	1	9	2961551965	2961615967	64002	1031.64	486.06	335.07	425.23	15.43	496.38	0.31	241.07	23048.36	-17069.47	12223.45
Fixation L	1	10	2961615967	2962183852	567885	372.99	462.44	49	51	-1	14.66	14.66
Fixation R	1	10	2961615967	2962183852	567885	372.99	462.44	49	51	-1	14.86	14.86
Saccade L	1	10	2962183852	2962231869	48017	375.74	476.13	446.93	567.06	2.60	126.65	0.33	54.17	5906.52	-3877.90	3068.14
Saccade R	1	10	2962183852	2962231869	48017	375.74	476.13	446.93	567.06	2.60	126.65	0.33	54.17	5906.52	-3877.90	3068.14
Fixation R	1	11	2962231869	2962407868	175999	187.34	282.47	484	1087	-1	8.15	8.15
Fixation L	1	11	2962491858	2962743865	252007	1019.14	529.80	47	52	-1	15.97	15.97
Fixation R	1	12	2962491858	2962743865	252007	1019.14	529.80	47	52	-1	15.83	15.83
Saccade L	1	11	2962743865	2962771815	27950	1019.36	517.26	1031.26	597.77	1.67	124.96	0.42	59.76	5699.67	-5239.59	4043.51
Saccade R	1	11	2962743865	2962771815	27950	1019.36	517.26	1031.26	597.77	1.67	124.96	0.42	59.76	5699.67	-5239.59	4043.51
Fixation L	1	12	2962771815	2962919882	148067	1034.93	599.21	19	24	-1	15.71	15.71
Fixation R	1	13	2962771815	2962919882	148067	1034.93	599.21	19	24	-1	15.55	15.55
Saccade L	1	12	2962919882	2962979772	59890	1035.80	583.72	340.99	467.12	15.40	470.92	0.47	257.15	20911.55	-18380.90	12844.82
Saccade R	1	12	2962919882	2962979772	59890	1035.80	583.72	340.99	467.12	15.40	470.92	0.47	257.15	20911.55	-18380.90	12844.82
Fixation L	1	13	2962979772	2963483770	503998	383.19	496.26	53	48	-1	15.42	15.42
Fixation R	1	14	2962979772	2963483770	503998	383.19	496.26	53	48	-1	15.17	15.17
Saccade L	1	13	2963483770	2963515742	31972	391.75	508.64	361.17	387.45	2.60	172.64	0.63	81.43	7835.95	-8228.05	5751.68
Saccade R	1	13	2963483770	2963515742	31972	391.75	508.64	361.17	387.45	2.60	172.64	0.63	81.43	7835.95	-8228.05	5751.68
Fixation L	1	14	2963515742	2964259700	743958	390.07	399.26	56	38	-1	16.06	16.06
Fixation R	1	15	2963515742	2964259700	743958	390.07	399.26	56	38	-1	15.98	15.98
Saccade L	1	14	2964259700	2964319776	60076	390.51	395.71	412.64	542.62	3.26	120.26	0.27	54.25	5427.57	-3501.65	2575.36
Saccade R	1	14	2964259700	2964319776	60076	390.51	395.71	412.64	542.62	3.26	120.26	0.27	54.25	5427.57	-3501.65	2575.36
Fixation L	1	15	2964319776	2964631625	311849	397.89	528.53	26	35	-1	16.72	16.72
Fixation R	1	16	2964319776	2964631625	311849	397.89	528.53	26	35	-1	16.57	16.57
Saccade L	1	15	2964631625	2964655630	24005	393.33	520.56	391.78	568.61	1.23	98.54	0.50	51.14	4296.05	-4016.85	3013.09
Saccade R	1	15	2964631625	2964655630	24005	393.33	520.56	391.78	568.61	1.23	98.54	0.50	51.14	4296.05	-4016.85	3013.09
Fixation L	1	16	2964655630	2964775628	119998	382.46	561.53	40	45	-1	16.75	16.75
Fixation R	1	17	2964655630	2964775628	119998	382.46	561.53	40	45	-1	16.99	16.99
Saccade L	1	16	2964791634	2964819641	28007	457.24	535.69	453.50	528.35	1.86	155.71	0.57	66.43	1943.36	-6000.24	2733.25
Saccade R	1	16	2964791634	2964819641	28007	457.24	535.69	453.50	528.35	1.86	155.71	0.57	66.43	1943.36	-6000.24	2733.25
Saccade L	1	17	2964851642	2964887627	35985	343.28	527.00	348.36	522.43	2.79	159.88	0.67	77.53	3688.73	-6447.17	2771.04
Saccade R	1	17	2964851642	2964887627	35985	343.28	527.00	348.36	522.43	2.79	159.88	0.67	77.53	3688.73	-6447.17	2771.04
Fixation L	1	17	2964887627	2965103644	216017	353.87	531.15	10	38	-1	16.77	16.77
Fixation R	1	18	2964887627	2965103644	216017	353.87	531.15	10	38	-1	16.94	16.94
Saccade L	1	18	2965103644	2965123646	20002	353.36	555.89	427.74	559.28	1.07	131.29	0.60	53.73	4967.82	-2148.55	2496.86
Saccade R	1	18	2965103644	2965123646	20002	353.36	555.89	427.74	559.28	1.07	131.29	0.60	53.73	4967.82	-2148.55	2496.86
Saccade L	1	19	2965123646	2965143638	19992	427.74	559.28	432.86	561.37	0.75	57.74	0.40	37.66	-521.61	-2857.11	1733.90
Saccade R	1	19	2965123646	2965143638	19992	427.74	559.28	432.86	561.37	0.75	57.74	0.40	37.66	-521.61	-2857.11	1733.90
Saccade L	1	20	2965187657	2965211665	24008	428.61	550.58	336.17	541.91	1.92	179.97	0.50	79.82	7250.12	-6831.14	5317.19
Saccade R	1	20	2965187657	2965211665	24008	428.61	550.58	336.17	541.91	1.92	179.97	0.50	79.82	7250.12	-6831.14	5317.19
Fixation L	1	18	2965211665	2965299593	87928	342.81	524.42	14	25	-1	16.78	16.78
Fixation R	1	19	2965211665	2965299593	87928	342.81	524.42	14	25	-1	16.78	16.78
Fixation L	1	19	2965375650	2965455636	79986	346.87	484.87	9	13	-1	16.73	16.73
Fixation R	1	20	2965375650	2965455636	79986	346.87	484.87	9	13	-1	17.01	17.01
Saccade L	1	21	2965455636	2965479665	24029	339.41	490.70	423.24	492.93	1.66	156.30	0.50	68.88	5965.11	-6224.18	4496.33
Saccade R	1	21	2965455636	2965479665	24029	339.41	490.70	423.24	492.93	1.66	156.30	0.50	68.88	5965.11	-6224.18	4496.33
Fixation L	1	20	2965479665	2965535638	55973	418.71	490.70	28	9	-1	16.75	16.75
Fixation R	1	21	2965479665	2965535638	55973	418.71	490.70	28	9	-1	16.83	16.83
Saccade L	1	22	2965591645	2965615653	24008	363.84	468.96	463.36	475.54	2.03	193.86	0.50	84.44	7997.64	-7562.62	5817.30
Saccade R	1	22	2965591645	2965615653	24008	363.84	468.96	463.36	475.54	2.03	193.86	0.50	84.44	7997.64	-7562.62	5817.30
Saccade L	1	23	2965643654	2965679658	36004	459.79	481.23	329.97	471.10	2.69	170.15	0.33	74.77	7377.09	-5976.36	3404.28
Saccade R	1	23	2965643654	2965679658	36004	459.79	481.23	329.97	471.10	2.69	170.15	0.33	74.77	7377.09	-5976.36	3404.28
Saccade L	1	24	2965679658	2965699554	19896	329.97	471.10	432.70	472.60	0.88	85.03	0.40	44.32	334.85	-3352.26	1445.78
Saccade R	1	24	2965679658	2965699554	19896	329.97	471.10	432.70	472.60	0.88	85.03	0.40	44.32	334.85	-3352.26	1445.78
Fixation L	1	21	2965699554	2965751650	52096	438.40	480.64	9	20	-1	16.74	16.74
Fixation R	1	22	2965699554	2965751650	52096	438.40	480.64	9	20	-1	16.78	16.78
Fixation L	1	22	2965799643	2966399525	599882	426.17	585.63	44	66	-1	16.74	16.74
Fixation R	1	23	2965799643	2966399525	599882	426.17	585.63	44	66	-1	17.06	17.06
Saccade L	1	25	2966399525	2966439532	40007	423.21	597.31	356.34	567.65	1.84	104.59	0.70	46.00	3796.98	-4538.13	2636.09
Saccade R	1	25	2966399525	2966439532	40007	423.21	597.31	356.34	567.65	1.84	104.59	0.70	46.00	3796.98	-4538.13	2636.09
Fixation L	1	23	2966439532	2966747535	308003	356.78	572.80	30	15	-1	17.06	17.06
Fixation R	1	24	2966439532	2966747535	308003	356.78	572.80	30	15	-1	17.23	17.23
Saccade L	1	26	2966747535	2966815524	67989	356.68	566.98	428.96	457.84	3.62	133.09	0.41	53.19	4321.43	-4849.11	2354.80
Saccade R	1	26	2966747535	2966815524	67989	356.68	566.98	428.96	457.84	3.62	133.09	0.41	53.19	4321.43	-4849.11	2354.80
Fixation L	1	24	2966815524	2966987545	172021	437.36	455.52	43	33	-1	16.97	16.97
Fixation R	1	25	2966815524	2966987545	172021	437.36	455.52	43	33	-1	17.47	17.47
Saccade L	1	27	2966987545	2967043442	55897	466.14	466.60	1034.79	599.63	12.83	420.99	0.57	229.61	17651.46	-19320.07	11741.69
Saccade R	1	27	2966987545	2967043442	55897	466.14	466.60	1034.79	599.63	12.83	420.99	0.57	229.61	17651.46	-19320.07	11741.69
Fixation L	1	25	2967043442	2967555444	512002	1043.55	576.86	38	46	-1	15.53	15.53
Fixation R	1	26	2967043442	2967555444	512002	1043.55	576.86	38	46	-1	16.07	16.07
Saccade L	1	28	2967555444	2967583421	27977	1023.44	575.04	1047.38	519.02	1.18	80.78	0.43	42.11	2830.20	-3077.20	2113.30
Saccade R	1	28	2967555444	2967583421	27977	1023.44	575.04	1047.38	519.02	1.18	80.78	0.43	42.11	2830.20	-3077.20	2113.30
Fixation L	1	26	2967583421	2967691419	107998	1057.35	518.83	16	11	-1	14.19	14.19
Fixation R	1	27	2967583421	2967691419	107998	1057.35	518.83	16	11	-1	14.73	14.73
Saccade L	1	29	2967691419	2967727431	36012	1057.30	512.77	1039.23	630.98	2.58	161.06	0.33	71.73	7776.38	-6964.59	4896.85
Saccade R	1	29	2967691419	2967727431	36012	1057.30	512.77	1039.23	630.98	2.58	161.06	0.33	71.73	7776.38	-6964.59	4896.85
Fixation L	1	27	2967727431	2967847419	119988	1044.86	640.40	21	19	-1	14.28	14.28
Fixation R	1	28	2967727431	2967847419	119988	1044.86	640.40	21	19	-1	14.74	14.74
Saccade L	1	30	2967847419	2967891419	44000	1053.70	634.30	971.29	505.90	3.78	163.98	0.36	85.83	7905.75	-6051.89	5148.99
Saccade R	1	30	2967847419	2967891419	44000	1053.70	634.30	971.29	505.90	3.78	163.98	0.36	85.83	7905.75	-6051.89	5148.99
Fixation L	1	28	2967891419	2968091420	200001	973.52	514.91	181	39	-1	14.69	14.69
Fixation R	1	29	2967891419	2968091420	200001	973.52	514.91	181	39	-1	15.02	15.02
