[BeGaze]
Converted from:	D:\Kirillov\Results\ermolova_temp\Yaroslava-1-eye_data.idf
Date:	17.04.2019 03:52:39
Version:	BeGaze 3.0.181
Sample Rate:	250
Subject:	Yaroslava
Description:	Run10

Table Header for Fixations:
Event Type	Trial	Number	Start	End	Duration	Location X	Location Y	Dispersion X	Dispersion Y	Plane	Avg. Pupil Size X	Avg. Pupil Size Y

Table Header for Saccades:
Event Type	Trial	Number	Start	End	Duration	Start Loc.X	Start Loc.Y	End Loc.X	End Loc.Y	Amplitude	Peak Speed	Peak Speed At	Average Speed	Peak Accel.	Peak Decel.	Average Accel.

Table Header for User Events:
Event Type	Trial	Number	Start	Description

UserEvent	1	1	1546704627	# Message: experiment-07.jpg
Fixation L	1	1	1546706298	1546809777	103479	375.82	497.92	9	37	-1	13.54	13.54
Fixation R	1	1	1546706298	1546809777	103479	375.82	497.92	9	37	-1	13.77	13.77
Saccade L	1	1	1546809777	1546833372	23595	376.29	474.81	381.93	526.36	0.93	74.33	0.32	39.58	3236.42	-2945.18	2157.28
Saccade R	1	1	1546809777	1546833372	23595	376.29	474.81	381.93	526.36	0.93	74.33	0.32	39.58	3236.42	-2945.18	2157.28
Fixation L	1	2	1546833372	1547025358	191986	377.86	512.97	13	41	-1	13.69	13.69
Fixation R	1	2	1546833372	1547025358	191986	377.86	512.97	13	41	-1	13.90	13.90
Saccade L	1	2	1547025358	1547085365	60007	381.62	518.87	896.22	544.20	11.45	320.86	0.33	190.79	14876.84	-13384.44	8189.36
Saccade R	1	2	1547025358	1547085365	60007	381.62	518.87	896.22	544.20	11.45	320.86	0.33	190.79	14876.84	-13384.44	8189.36
Fixation L	1	3	1547085365	1547257372	172007	895.30	553.62	55	34	-1	13.19	13.19
Fixation R	1	3	1547085365	1547257372	172007	895.30	553.62	55	34	-1	13.53	13.53
Saccade L	1	3	1547257372	1547297375	40003	933.66	533.44	889.22	544.25	1.27	55.68	0.70	31.83	1682.90	-2017.93	1119.81
Saccade R	1	3	1547257372	1547297375	40003	933.66	533.44	889.22	544.25	1.27	55.68	0.70	31.83	1682.90	-2017.93	1119.81
Fixation L	1	4	1547297375	1547377380	80005	877.45	542.16	14	29	-1	12.62	12.62
Fixation R	1	4	1547297375	1547377380	80005	877.45	542.16	14	29	-1	12.82	12.82
Saccade L	1	4	1547377380	1547421358	43978	875.68	562.31	1122.30	542.85	5.36	225.41	0.64	121.90	10162.77	-10648.25	7521.81
Saccade R	1	4	1547377380	1547421358	43978	875.68	562.31	1122.30	542.85	5.36	225.41	0.64	121.90	10162.77	-10648.25	7521.81
Fixation L	1	5	1547421358	1547605246	183888	1128.69	524.17	14	49	-1	12.34	12.34
Fixation R	1	5	1547421358	1547605246	183888	1128.69	524.17	14	49	-1	12.61	12.61
Saccade L	1	5	1547605246	1547645232	39986	1125.20	538.79	1157.63	479.48	1.43	56.24	0.30	35.84	2162.68	-1479.49	1252.51
Saccade R	1	5	1547605246	1547645232	39986	1125.20	538.79	1157.63	479.48	1.43	56.24	0.30	35.84	2162.68	-1479.49	1252.51
Fixation L	1	6	1547645232	1547713208	67976	1155.49	476.46	9	12	-1	12.14	12.14
Fixation R	1	6	1547645232	1547713208	67976	1155.49	476.46	9	12	-1	12.53	12.53
Saccade L	1	6	1547713208	1547781235	68027	1149.45	484.39	766.27	794.83	11.06	394.53	0.47	162.54	17340.51	-14520.06	9277.86
Saccade R	1	6	1547713208	1547781235	68027	1149.45	484.39	766.27	794.83	11.06	394.53	0.47	162.54	17340.51	-14520.06	9277.86
Fixation L	1	7	1547781235	1548137214	355979	771.20	813.48	63	34	-1	12.16	12.16
Fixation R	1	7	1547781235	1548137214	355979	771.20	813.48	63	34	-1	12.65	12.65
Saccade L	1	7	1548137214	1548193245	56031	811.55	811.86	1195.81	495.48	11.03	385.39	0.29	196.88	18264.80	-9994.65	9317.07
Saccade R	1	7	1548137214	1548193245	56031	811.55	811.86	1195.81	495.48	11.03	385.39	0.29	196.88	18264.80	-9994.65	9317.07
Fixation L	1	8	1548193245	1548349250	156005	1205.70	476.09	19	49	-1	11.90	11.90
Fixation R	1	8	1548193245	1548349250	156005	1205.70	476.09	19	49	-1	12.44	12.44
Saccade L	1	8	1548349250	1548377242	27992	1194.57	455.21	1173.07	486.86	0.81	42.19	0.57	29.08	1333.41	-1819.03	1178.34
Saccade R	1	8	1548349250	1548377242	27992	1194.57	455.21	1173.07	486.86	0.81	42.19	0.57	29.08	1333.41	-1819.03	1178.34
Fixation L	1	9	1548377242	1548605215	227973	1182.09	482.95	43	39	-1	11.67	11.67
Fixation R	1	9	1548377242	1548605215	227973	1182.09	482.95	43	39	-1	12.10	12.10
Saccade L	1	9	1548605215	1548641246	36031	1205.50	501.54	1157.98	445.85	1.77	91.80	0.44	49.12	3717.42	-3553.82	2588.93
Saccade R	1	9	1548605215	1548641246	36031	1205.50	501.54	1157.98	445.85	1.77	91.80	0.44	49.12	3717.42	-3553.82	2588.93
Fixation L	1	10	1548641246	1549009130	367884	1169.10	415.79	33	56	-1	11.39	11.39
Fixation R	1	10	1548641246	1549009130	367884	1169.10	415.79	33	56	-1	11.68	11.68
Saccade L	1	10	1549009130	1549081141	72011	1170.02	404.50	830.75	764.26	11.64	440.14	0.44	161.69	18398.15	-11795.69	8413.64
Saccade R	1	10	1549009130	1549081141	72011	1170.02	404.50	830.75	764.26	11.64	440.14	0.44	161.69	18398.15	-11795.69	8413.64
Fixation L	1	11	1549081141	1549277142	196001	818.01	772.16	28	21	-1	11.61	11.61
Fixation R	1	11	1549081141	1549277142	196001	818.01	772.16	28	21	-1	11.64	11.64
Saccade L	1	11	1549277142	1549301123	23981	817.78	764.26	811.73	795.29	0.61	47.94	0.50	25.33	1750.54	-1374.34	1247.75
Saccade R	1	11	1549277142	1549301123	23981	817.78	764.26	811.73	795.29	0.61	47.94	0.50	25.33	1750.54	-1374.34	1247.75
Fixation L	1	12	1549301123	1549381123	80000	793.33	798.96	26	17	-1	11.89	11.89
Fixation R	1	12	1549301123	1549381123	80000	793.33	798.96	26	17	-1	11.89	11.89
Saccade L	1	12	1549493137	1549549138	56001	1144.19	463.75	1137.92	436.37	1.84	51.66	0.57	32.79	1103.50	-2140.99	902.82
Saccade R	1	12	1549493137	1549549138	56001	1144.19	463.75	1137.92	436.37	1.84	51.66	0.57	32.79	1103.50	-2140.99	902.82
Saccade L	1	13	1549565128	1549593131	28003	1134.09	436.68	1132.55	484.63	0.96	53.65	0.29	34.16	2429.35	-2008.36	1635.88
Saccade R	1	13	1549565128	1549593131	28003	1134.09	436.68	1132.55	484.63	0.96	53.65	0.29	34.16	2429.35	-2008.36	1635.88
Fixation L	1	13	1549593131	1549893136	300005	1139.81	469.33	49	56	-1	12.40	12.40
Fixation R	1	13	1549593131	1549893136	300005	1139.81	469.33	49	56	-1	12.03	12.03
Saccade L	1	14	1549893136	1549917141	24005	1166.48	495.76	1163.33	451.87	0.86	59.78	0.50	35.94	2401.95	-1916.25	1592.15
Saccade R	1	14	1549893136	1549917141	24005	1166.48	495.76	1163.33	451.87	0.86	59.78	0.50	35.94	2401.95	-1916.25	1592.15
Fixation L	1	14	1549917141	1550289015	371874	1175.29	431.99	53	59	-1	12.64	12.64
Fixation R	1	14	1549917141	1550289015	371874	1175.29	431.99	53	59	-1	12.26	12.26
Saccade L	1	15	1550289015	1550317058	28043	1212.07	411.32	1147.97	428.11	1.57	117.41	0.58	55.97	4523.57	-4744.41	3278.54
Saccade R	1	15	1550289015	1550317058	28043	1212.07	411.32	1147.97	428.11	1.57	117.41	0.58	55.97	4523.57	-4744.41	3278.54
Fixation L	1	15	1550317058	1550513005	195947	1142.35	408.85	35	33	-1	12.85	12.85
Fixation R	1	15	1550317058	1550513005	195947	1142.35	408.85	35	33	-1	12.38	12.38
Saccade L	1	16	1550513005	1550533034	20029	1149.96	395.66	1140.98	427.33	0.58	46.07	0.40	28.74	1550.14	-1557.07	1154.54
Saccade R	1	16	1550513005	1550533034	20029	1149.96	395.66	1140.98	427.33	0.58	46.07	0.40	28.74	1550.14	-1557.07	1154.54
Fixation L	1	16	1550533034	1550673015	139981	1135.52	427.58	36	19	-1	12.71	12.71
Fixation R	1	16	1550533034	1550673015	139981	1135.52	427.58	36	19	-1	12.26	12.26
Saccade L	1	17	1550673015	1550728984	55969	1141.28	430.18	1145.63	378.13	1.61	42.53	0.79	28.73	674.33	-1178.13	582.84
Saccade R	1	17	1550673015	1550728984	55969	1141.28	430.18	1145.63	378.13	1.61	42.53	0.79	28.73	674.33	-1178.13	582.84
Saccade L	1	18	1550728984	1550813076	84092	1145.63	378.13	743.57	793.03	14.23	538.76	0.43	169.17	24206.02	-13453.40	9014.26
Saccade R	1	18	1550728984	1550813076	84092	1145.63	378.13	743.57	793.03	14.23	538.76	0.43	169.17	24206.02	-13453.40	9014.26
Fixation L	1	17	1550813076	1550977028	163952	749.59	791.69	18	30	-1	12.78	12.78
Fixation R	1	17	1550813076	1550977028	163952	749.59	791.69	18	30	-1	12.28	12.28
Saccade L	1	19	1550977028	1551005016	27988	757.41	773.93	794.59	792.18	0.88	51.07	0.43	31.28	2150.66	-1479.76	1320.10
Saccade R	1	19	1550977028	1551005016	27988	757.41	773.93	794.59	792.18	0.88	51.07	0.43	31.28	2150.66	-1479.76	1320.10
Fixation L	1	18	1551005016	1551149029	144013	783.86	815.06	42	35	-1	12.72	12.72
Fixation R	1	18	1551005016	1551149029	144013	783.86	815.06	42	35	-1	12.15	12.15
Saccade L	1	20	1551149029	1551168985	19956	765.03	826.13	771.83	797.98	0.83	78.08	0.40	41.70	2892.30	-2643.79	2006.74
Saccade R	1	20	1551149029	1551168985	19956	765.03	826.13	771.83	797.98	0.83	78.08	0.40	41.70	2892.30	-2643.79	2006.74
Fixation L	1	19	1551168985	1551301026	132041	769.17	784.32	17	21	-1	12.59	12.59
Fixation R	1	19	1551168985	1551301026	132041	769.17	784.32	17	21	-1	12.12	12.12
Saccade L	1	21	1551301026	1551341033	40007	765.85	778.87	712.90	816.90	1.52	65.25	0.30	37.88	2840.58	-2000.64	1494.64
Saccade R	1	21	1551301026	1551341033	40007	765.85	778.87	712.90	816.90	1.52	65.25	0.30	37.88	2840.58	-2000.64	1494.64
Fixation L	1	20	1551341033	1551633017	291984	702.08	799.52	25	41	-1	12.45	12.45
Fixation R	1	20	1551341033	1551633017	291984	702.08	799.52	25	41	-1	11.93	11.93
Saccade L	1	22	1551633017	1551665052	32035	699.29	782.24	783.21	751.80	1.93	107.48	0.38	60.29	4738.36	-4093.62	3199.32
Saccade R	1	22	1551633017	1551665052	32035	699.29	782.24	783.21	751.80	1.93	107.48	0.38	60.29	4738.36	-4093.62	3199.32
Fixation L	1	21	1551665052	1551840871	175819	795.69	750.07	23	23	-1	12.60	12.60
Fixation R	1	21	1551665052	1551840871	175819	795.69	750.07	23	23	-1	12.13	12.13
Saccade L	1	23	1551840871	1551876891	36020	799.70	756.09	795.45	872.18	2.44	115.74	0.56	67.61	5307.99	-4968.79	3867.97
Saccade R	1	23	1551840871	1551876891	36020	799.70	756.09	795.45	872.18	2.44	115.74	0.56	67.61	5307.99	-4968.79	3867.97
Fixation L	1	22	1551876891	1552252914	376023	784.05	858.88	35	45	-1	12.64	12.64
Fixation R	1	22	1551876891	1552252914	376023	784.05	858.88	35	45	-1	12.13	12.13
Saccade L	1	24	1552252914	1552276872	23958	795.56	849.44	719.49	856.12	1.75	161.98	0.50	73.01	6856.36	-6609.61	4874.22
Saccade R	1	24	1552252914	1552276872	23958	795.56	849.44	719.49	856.12	1.75	161.98	0.50	73.01	6856.36	-6609.61	4874.22
Fixation L	1	23	1552276872	1552560965	284093	713.69	862.71	26	52	-1	12.50	12.50
Fixation R	1	23	1552276872	1552560965	284093	713.69	862.71	26	52	-1	12.16	12.16
Saccade L	1	25	1552560965	1552600911	39946	723.00	825.89	787.55	778.88	1.73	72.54	0.70	43.23	2339.26	-2725.36	1876.26
Saccade R	1	25	1552560965	1552600911	39946	723.00	825.89	787.55	778.88	1.73	72.54	0.70	43.23	2339.26	-2725.36	1876.26
Fixation L	1	24	1552600911	1552844906	243995	791.87	771.39	41	39	-1	12.30	12.30
Fixation R	1	24	1552600911	1552844906	243995	791.87	771.39	41	39	-1	11.97	11.97
Fixation L	1	25	1552888907	1553128904	239997	807.15	746.90	28	51	-1	12.35	12.35
Fixation R	1	25	1552888907	1553128904	239997	807.15	746.90	28	51	-1	12.12	12.12
Saccade L	1	26	1553128904	1553152970	24066	803.51	723.38	857.92	730.32	1.10	84.48	0.49	45.56	3747.51	-3039.03	2506.51
Saccade R	1	26	1553128904	1553152970	24066	803.51	723.38	857.92	730.32	1.10	84.48	0.49	45.56	3747.51	-3039.03	2506.51
Fixation L	1	26	1553152970	1553308806	155836	867.93	741.97	32	25	-1	12.33	12.33
Fixation R	1	26	1553152970	1553308806	155836	867.93	741.97	32	25	-1	12.15	12.15
Saccade L	1	27	1553308806	1553348815	40009	865.12	739.44	712.45	808.33	3.70	241.23	0.30	92.40	10589.39	-10270.95	6301.88
Saccade R	1	27	1553308806	1553348815	40009	865.12	739.44	712.45	808.33	3.70	241.23	0.30	92.40	10589.39	-10270.95	6301.88
Fixation L	1	27	1553348815	1553604803	255988	702.97	821.32	33	25	-1	12.33	12.33
Fixation R	1	27	1553348815	1553604803	255988	702.97	821.32	33	25	-1	12.03	12.03
Saccade L	1	28	1553604803	1553664792	59989	707.84	826.00	990.07	505.21	9.97	346.09	0.33	166.24	16003.17	-13402.51	9351.06
Saccade R	1	28	1553604803	1553664792	59989	707.84	826.00	990.07	505.21	9.97	346.09	0.33	166.24	16003.17	-13402.51	9351.06
Fixation L	1	28	1553664792	1554072786	407994	1013.32	471.23	50	101	-1	12.36	12.36
Fixation R	1	28	1553664792	1554072786	407994	1013.32	471.23	50	101	-1	12.13	12.13
Saccade L	1	29	1554072786	1554108792	36006	1012.37	465.49	1141.68	447.48	2.77	163.78	0.55	76.82	6810.78	-7074.76	4978.87
Saccade R	1	29	1554072786	1554108792	36006	1012.37	465.49	1141.68	447.48	2.77	163.78	0.55	76.82	6810.78	-7074.76	4978.87
Fixation L	1	29	1554108792	1554748645	639853	1120.99	450.97	57	46	-1	12.48	12.48
Fixation R	1	29	1554108792	1554748645	639853	1120.99	450.97	57	46	-1	12.24	12.24
Saccade L	1	30	1554748645	1554776685	28040	1118.22	476.80	1046.89	467.84	1.55	112.75	0.57	55.31	5245.03	-4984.59	3731.15
Saccade R	1	30	1554748645	1554776685	28040	1118.22	476.80	1046.89	467.84	1.55	112.75	0.57	55.31	5245.03	-4984.59	3731.15
Fixation L	1	30	1554776685	1555032670	255985	1026.97	453.88	44	48	-1	12.48	12.48
Fixation R	1	30	1554776685	1555032670	255985	1026.97	453.88	44	48	-1	12.14	12.14
Saccade L	1	31	1555032670	1555100677	68007	1019.38	446.01	741.62	765.02	9.73	356.15	0.29	143.12	16069.95	-11332.14	7750.04
Saccade R	1	31	1555032670	1555100677	68007	1019.38	446.01	741.62	765.02	9.73	356.15	0.29	143.12	16069.95	-11332.14	7750.04
Fixation L	1	31	1555100677	1555520687	420010	790.59	761.66	68	55	-1	12.70	12.70
Fixation R	1	31	1555100677	1555520687	420010	790.59	761.66	68	55	-1	12.37	12.37
Saccade L	1	32	1555520687	1555556704	36017	805.13	734.59	753.12	763.90	1.91	124.81	0.33	53.16	5312.33	-4847.75	3029.27
Saccade R	1	32	1555520687	1555556704	36017	805.13	734.59	753.12	763.90	1.91	124.81	0.33	53.16	5312.33	-4847.75	3029.27
Fixation L	1	32	1555556704	1555796681	239977	710.16	786.88	54	37	-1	12.29	12.29
Fixation R	1	32	1555556704	1555796681	239977	710.16	786.88	54	37	-1	11.81	11.81
Saccade L	1	33	1555796681	1555820706	24025	700.89	791.54	704.03	743.96	0.93	68.46	0.33	38.90	3274.22	-3073.23	2259.61
Saccade R	1	33	1555796681	1555820706	24025	700.89	791.54	704.03	743.96	0.93	68.46	0.33	38.90	3274.22	-3073.23	2259.61
Fixation L	1	33	1555820706	1556052581	231875	708.77	741.90	35	17	-1	12.26	12.26
Fixation R	1	33	1555820706	1556052581	231875	708.77	741.90	35	17	-1	11.76	11.76
Fixation L	1	34	1556136555	1556440566	304011	1025.10	442.05	44	23	-1	12.21	12.21
Fixation R	1	34	1556136555	1556440566	304011	1025.10	442.05	44	23	-1	11.83	11.83
Saccade L	1	34	1556440566	1556480574	40008	1028.63	453.45	1080.85	417.05	1.42	61.14	0.40	35.38	2345.99	-1939.64	1442.66
Saccade R	1	34	1556440566	1556480574	40008	1028.63	453.45	1080.85	417.05	1.42	61.14	0.40	35.38	2345.99	-1939.64	1442.66
Fixation L	1	35	1556480574	1556800571	319997	1088.90	435.07	30	74	-1	12.25	12.25
Fixation R	1	35	1556480574	1556800571	319997	1088.90	435.07	30	74	-1	11.96	11.96
Saccade L	1	35	1556800571	1556824575	24004	1096.60	446.71	989.11	446.29	2.14	176.67	0.66	89.21	8360.57	-7229.34	5509.01
Saccade R	1	35	1556800571	1556824575	24004	1096.60	446.71	989.11	446.29	2.14	176.67	0.66	89.21	8360.57	-7229.34	5509.01
Fixation L	1	36	1556824575	1556956564	131989	1014.86	455.63	40	22	-1	12.37	12.37
Fixation R	1	36	1556824575	1556956564	131989	1014.86	455.63	40	22	-1	12.01	12.01
Saccade L	1	36	1556956564	1557040582	84018	1022.17	462.72	686.54	767.66	11.20	477.76	0.33	133.34	21844.26	-15490.27	7884.33
Saccade R	1	36	1556956564	1557040582	84018	1022.17	462.72	686.54	767.66	11.20	477.76	0.33	133.34	21844.26	-15490.27	7884.33
Fixation L	1	37	1557040582	1557216570	175988	684.83	767.49	14	9	-1	12.42	12.42
Fixation R	1	37	1557040582	1557216570	175988	684.83	767.49	14	9	-1	12.13	12.13
Saccade L	1	37	1557216570	1557236587	20017	694.08	766.72	668.06	760.90	0.62	54.93	0.40	31.13	2432.40	-1775.80	1395.23
Saccade R	1	37	1557216570	1557236587	20017	694.08	766.72	668.06	760.90	0.62	54.93	0.40	31.13	2432.40	-1775.80	1395.23
Fixation L	1	38	1557236587	1557456481	219894	639.89	755.22	59	25	-1	12.67	12.67
Fixation R	1	38	1557236587	1557456481	219894	639.89	755.22	59	25	-1	12.29	12.29
Fixation L	1	39	1558512826	1558576810	63984	685.66	570.42	16	13	-1	14.64	14.64
Fixation R	1	39	1558512826	1558576810	63984	685.66	570.42	16	13	-1	14.57	14.57
Saccade L	1	38	1558576810	1558620806	43996	688.75	575.90	691.35	714.12	3.44	205.73	0.36	78.09	9468.51	-8832.69	5423.60
Saccade R	1	38	1558576810	1558620806	43996	688.75	575.90	691.35	714.12	3.44	205.73	0.36	78.09	9468.51	-8832.69	5423.60
Fixation L	1	40	1558620806	1558760798	139992	693.07	726.25	11	22	-1	14.53	14.53
Fixation R	1	40	1558620806	1558760798	139992	693.07	726.25	11	22	-1	14.43	14.43
Saccade L	1	39	1558760798	1558784836	24038	688.62	724.52	548.67	729.54	2.74	246.22	0.50	114.19	10312.14	-9724.80	7364.17
Saccade R	1	39	1558760798	1558784836	24038	688.62	724.52	548.67	729.54	2.74	246.22	0.50	114.19	10312.14	-9724.80	7364.17
Fixation L	1	41	1558784836	1558836816	51980	571.33	730.43	31	5	-1	14.02	14.02
Fixation R	1	41	1558784836	1558836816	51980	571.33	730.43	31	5	-1	13.74	13.74
