[BeGaze]
Converted from:	D:\Kirillov\Results\ermolova_temp\Daniil-eye_data.idf
Date:	17.04.2019 03:52:59
Version:	BeGaze 3.0.181
Sample Rate:	250
Subject:	Daniil
Description:	Run17

Table Header for Fixations:
Event Type	Trial	Number	Start	End	Duration	Location X	Location Y	Dispersion X	Dispersion Y	Plane	Avg. Pupil Size X	Avg. Pupil Size Y

Table Header for Saccades:
Event Type	Trial	Number	Start	End	Duration	Start Loc.X	Start Loc.Y	End Loc.X	End Loc.Y	Amplitude	Peak Speed	Peak Speed At	Average Speed	Peak Accel.	Peak Decel.	Average Accel.

Table Header for User Events:
Event Type	Trial	Number	Start	Description

UserEvent	1	1	4629324932	# Message: Questionnaire10.jpg
Fixation L	1	1	4629325294	4629393282	67988	639.55	771.30	6	45	-1	13.32	13.32
Fixation R	1	1	4629325294	4629393282	67988	639.55	771.30	6	45	-1	13.59	13.59
Saccade L	1	1	4629393282	4629417292	24010	639.23	749.34	651.73	804.61	1.20	102.73	0.50	50.12	4085.29	-3791.44	2855.24
Saccade R	1	1	4629393282	4629417292	24010	639.23	749.34	651.73	804.61	1.20	102.73	0.50	50.12	4085.29	-3791.44	2855.24
Fixation L	1	2	4629417292	4629469285	51993	650.23	817.17	8	19	-1	13.40	13.40
Fixation R	1	2	4629417292	4629469285	51993	650.23	817.17	8	19	-1	13.49	13.49
Saccade L	1	2	4629469285	4629493294	24009	645.49	823.42	667.18	842.08	0.68	42.38	0.50	28.40	1626.76	-862.26	914.87
Saccade R	1	2	4629469285	4629493294	24009	645.49	823.42	667.18	842.08	0.68	42.38	0.50	28.40	1626.76	-862.26	914.87
Fixation L	1	3	4629493294	4629549294	56000	681.63	855.69	17	17	-1	13.38	13.38
Fixation R	1	3	4629493294	4629549294	56000	681.63	855.69	17	17	-1	13.49	13.49
Saccade L	1	3	4629549294	4629617298	68004	683.72	861.10	592.79	301.56	12.98	362.83	0.35	190.92	17082.25	-11765.87	8637.78
Saccade R	1	3	4629549294	4629617298	68004	683.72	861.10	592.79	301.56	12.98	362.83	0.35	190.92	17082.25	-11765.87	8637.78
Fixation L	1	4	4629617298	4629701254	83956	581.11	284.37	31	22	-1	12.92	12.92
Fixation R	1	4	4629617298	4629701254	83956	581.11	284.37	31	22	-1	12.99	12.99
Saccade L	1	4	4629701254	4629777194	75940	569.76	278.12	403.31	293.54	7.31	283.92	0.58	96.28	9972.06	-11945.37	5106.69
Saccade R	1	4	4629701254	4629777194	75940	569.76	278.12	403.31	293.54	7.31	283.92	0.58	96.28	9972.06	-11945.37	5106.69
Saccade L	1	5	4629777194	4629805195	28001	403.31	293.54	337.32	282.88	1.40	99.55	0.43	49.99	2816.08	-4021.15	2480.85
Saccade R	1	5	4629777194	4629805195	28001	403.31	293.54	337.32	282.88	1.40	99.55	0.43	49.99	2816.08	-4021.15	2480.85
Saccade L	1	6	4629833182	4629861185	28003	333.14	276.26	386.51	287.59	1.12	74.84	0.43	39.93	3078.18	-2912.29	2224.52
Saccade R	1	6	4629833182	4629861185	28003	333.14	276.26	386.51	287.59	1.12	74.84	0.43	39.93	3078.18	-2912.29	2224.52
Fixation L	1	5	4629861185	4630109185	248000	377.86	298.16	39	27	-1	13.19	13.19
Fixation R	1	5	4629861185	4630109185	248000	377.86	298.16	39	27	-1	13.22	13.22
Saccade L	1	7	4630109185	4630145181	35996	367.20	317.10	437.37	394.29	2.19	108.36	0.33	60.94	4879.18	-3340.27	2441.36
Saccade R	1	7	4630109185	4630145181	35996	367.20	317.10	437.37	394.29	2.19	108.36	0.33	60.94	4879.18	-3340.27	2441.36
Saccade L	1	8	4630161195	4630189189	27994	441.10	389.89	380.81	338.13	1.77	134.86	0.43	63.09	5766.31	-3825.46	3320.41
Saccade R	1	8	4630161195	4630189189	27994	441.10	389.89	380.81	338.13	1.77	134.86	0.43	63.09	5766.31	-3825.46	3320.41
Saccade L	1	9	4630189189	4630209191	20002	380.81	338.13	440.71	361.03	1.31	140.09	0.60	65.45	2954.27	-2911.16	1698.21
Saccade R	1	9	4630189189	4630209191	20002	380.81	338.13	440.71	361.03	1.31	140.09	0.60	65.45	2954.27	-2911.16	1698.21
Saccade L	1	10	4630209191	4630257187	47996	440.71	361.03	372.36	331.89	2.82	133.01	0.67	58.69	2819.03	-5847.30	2416.05
Saccade R	1	10	4630209191	4630257187	47996	440.71	361.03	372.36	331.89	2.82	133.01	0.67	58.69	2819.03	-5847.30	2416.05
UserEvent	1	2	4630227798	# Message: UE-mouseclick left x=362 y=335
Fixation L	1	6	4630257187	4630497221	240034	373.60	329.86	23	14	-1	13.14	13.14
Fixation R	1	6	4630257187	4630497221	240034	373.60	329.86	23	14	-1	13.28	13.28
Saccade L	1	11	4630497221	4630529217	31996	387.14	331.67	415.36	374.29	1.07	58.73	0.37	33.31	2366.69	-1595.94	1308.25
Saccade R	1	11	4630497221	4630529217	31996	387.14	331.67	415.36	374.29	1.07	58.73	0.37	33.31	2366.69	-1595.94	1308.25
Saccade L	1	12	4630529217	4630549201	19984	415.36	374.29	402.17	339.96	0.70	67.05	0.40	34.93	796.99	-1914.63	889.68
Saccade R	1	12	4630529217	4630549201	19984	415.36	374.29	402.17	339.96	0.70	67.05	0.40	34.93	796.99	-1914.63	889.68
Fixation L	1	7	4630549201	4630913198	363997	397.53	334.02	59	23	-1	13.19	13.19
Fixation R	1	7	4630549201	4630913198	363997	397.53	334.02	59	23	-1	13.29	13.29
UserEvent	1	3	4630563826	# Message: UE-mouseclick left x=393 y=370
UserEvent	1	4	4630795889	# Message: UE-mouseclick left x=395 y=384
