[BeGaze]
Converted from:	D:\Kirillov\Results\ermolova_temp\Marina-eye_data.idf
Date:	17.04.2019 03:53:27
Version:	BeGaze 3.0.181
Sample Rate:	250
Subject:	Marina
Description:	Run25

Table Header for Fixations:
Event Type	Trial	Number	Start	End	Duration	Location X	Location Y	Dispersion X	Dispersion Y	Plane	Avg. Pupil Size X	Avg. Pupil Size Y

Table Header for Saccades:
Event Type	Trial	Number	Start	End	Duration	Start Loc.X	Start Loc.Y	End Loc.X	End Loc.Y	Amplitude	Peak Speed	Peak Speed At	Average Speed	Peak Accel.	Peak Decel.	Average Accel.

Table Header for User Events:
Event Type	Trial	Number	Start	Description

UserEvent	1	1	11388258469	# Message: Questionnaire5.jpg
Fixation L	1	1	11388261235	11388509249	248014	987.29	537.77	17	30	-1	11.06	11.06
Fixation R	1	1	11388261235	11388509249	248014	987.29	537.77	17	30	-1	10.45	10.45
Saccade L	1	1	11388509249	11388581243	71994	997.11	547.89	465.69	195.93	14.55	367.86	0.28	202.04	17363.83	-10012.95	8175.05
Saccade R	1	1	11388509249	11388581243	71994	997.11	547.89	465.69	195.93	14.55	367.86	0.28	202.04	17363.83	-10012.95	8175.05
Fixation L	1	2	11388581243	11388713257	132014	463.91	195.96	7	16	-1	11.07	11.07
Fixation R	1	2	11388581243	11388713257	132014	463.91	195.96	7	16	-1	10.51	10.51
Saccade L	1	2	11388713257	11388737139	23882	469.25	198.06	393.72	197.04	1.53	140.26	0.50	63.89	6209.59	-5155.17	4114.00
Saccade R	1	2	11388713257	11388737139	23882	469.25	198.06	393.72	197.04	1.53	140.26	0.50	63.89	6209.59	-5155.17	4114.00
Fixation L	1	3	11388737139	11388845181	108042	392.62	190.75	35	26	-1	11.21	11.21
Fixation R	1	3	11388737139	11388845181	108042	392.62	190.75	35	26	-1	10.59	10.59
Saccade L	1	3	11388845181	11388889117	43936	375.10	176.61	620.15	193.90	5.28	281.53	0.27	120.10	12658.51	-6896.44	6376.90
Saccade R	1	3	11388845181	11388889117	43936	375.10	176.61	620.15	193.90	5.28	281.53	0.27	120.10	12658.51	-6896.44	6376.90
Fixation L	1	4	11388889117	11389081139	192022	636.25	194.78	25	33	-1	11.46	11.46
Fixation R	1	4	11388889117	11389081139	192022	636.25	194.78	25	33	-1	10.86	10.86
Saccade L	1	4	11389081139	11389117129	35990	645.58	209.83	779.74	196.14	2.80	167.48	0.44	77.91	8150.16	-7260.41	5240.46
Saccade R	1	4	11389081139	11389117129	35990	645.58	209.83	779.74	196.14	2.80	167.48	0.44	77.91	8150.16	-7260.41	5240.46
Fixation L	1	5	11389117129	11389289155	172026	794.97	209.42	20	26	-1	11.88	11.88
Fixation R	1	5	11389117129	11389289155	172026	794.97	209.42	20	26	-1	11.30	11.30
Saccade L	1	5	11389289155	11389345127	55972	799.43	206.32	392.11	245.11	8.86	321.68	0.36	158.31	15719.74	-8985.02	8656.05
Saccade R	1	5	11389289155	11389345127	55972	799.43	206.32	392.11	245.11	8.86	321.68	0.36	158.31	15719.74	-8985.02	8656.05
Fixation L	1	6	11389345127	11389913145	568018	428.42	244.38	62	33	-1	12.59	12.59
Fixation R	1	6	11389345127	11389913145	568018	428.42	244.38	62	33	-1	11.72	11.72
Saccade L	1	6	11389913145	11389937163	24018	433.80	249.21	420.15	284.96	0.70	47.19	0.50	29.13	2111.96	-1816.92	1460.92
Saccade R	1	6	11389913145	11389937163	24018	433.80	249.21	420.15	284.96	0.70	47.19	0.50	29.13	2111.96	-1816.92	1460.92
Fixation L	1	7	11389937163	11390449055	511892	417.58	265.76	29	61	-1	12.46	12.46
Fixation R	1	7	11389937163	11390449055	511892	417.58	265.76	29	61	-1	11.96	11.96
Saccade L	1	7	11390449055	11390477089	28034	416.44	230.08	401.86	315.47	1.79	126.29	0.43	64.01	5959.66	-5446.10	4219.33
Saccade R	1	7	11390449055	11390477089	28034	416.44	230.08	401.86	315.47	1.79	126.29	0.43	64.01	5959.66	-5446.10	4219.33
Fixation L	1	8	11390477089	11390765041	287952	392.22	355.08	35	68	-1	12.38	12.38
Fixation R	1	8	11390477089	11390765041	287952	392.22	355.08	35	68	-1	11.75	11.75
Saccade L	1	8	11390765041	11390789033	23992	377.46	383.82	441.35	373.09	1.27	102.34	0.50	52.80	4344.67	-3992.68	3141.43
Saccade R	1	8	11390765041	11390789033	23992	377.46	383.82	441.35	373.09	1.27	102.34	0.50	52.80	4344.67	-3992.68	3141.43
Fixation L	1	9	11390789033	11390981048	192015	446.18	369.58	22	16	-1	12.25	12.25
Fixation R	1	9	11390789033	11390981048	192015	446.18	369.58	22	16	-1	11.84	11.84
Saccade L	1	9	11390981048	11391029054	48006	457.67	375.74	556.44	181.27	5.18	231.63	0.42	107.99	10478.81	-8935.49	6739.94
Saccade R	1	9	11390981048	11391029054	48006	457.67	375.74	556.44	181.27	5.18	231.63	0.42	107.99	10478.81	-8935.49	6739.94
Fixation L	1	10	11391029054	11391253055	224001	556.43	180.66	8	14	-1	12.22	12.22
Fixation R	1	10	11391029054	11391253055	224001	556.43	180.66	8	14	-1	11.61	11.61
Saccade L	1	10	11391253055	11391289050	35995	559.54	186.70	440.91	237.75	2.95	199.20	0.33	82.05	9436.52	-8425.30	5680.00
Saccade R	1	10	11391253055	11391289050	35995	559.54	186.70	440.91	237.75	2.95	199.20	0.33	82.05	9436.52	-8425.30	5680.00
Fixation L	1	11	11391289050	11392968851	1679801	440.25	278.61	66	72	-1	12.44	12.44
Fixation R	1	11	11391289050	11392968851	1679801	440.25	278.61	66	72	-1	11.80	11.80
Saccade L	1	11	11392968851	11392992859	24008	475.98	292.06	418.25	253.98	1.29	112.58	0.67	53.60	4765.86	-3710.30	2745.89
Saccade R	1	11	11392968851	11392992859	24008	475.98	292.06	418.25	253.98	1.29	112.58	0.67	53.60	4765.86	-3710.30	2745.89
Fixation L	1	12	11392992859	11393276896	284037	426.37	242.47	40	48	-1	12.33	12.33
Fixation R	1	12	11392992859	11393276896	284037	426.37	242.47	40	48	-1	11.69	11.69
Fixation L	1	13	11393336867	11393540869	204002	572.38	181.62	34	25	-1	12.36	12.36
Fixation R	1	13	11393336867	11393540869	204002	572.38	181.62	34	25	-1	11.80	11.80
Saccade L	1	12	11393540869	11393580887	40018	581.88	179.71	449.02	342.20	4.36	272.72	0.40	108.87	13259.77	-12441.13	8340.56
Saccade R	1	12	11393540869	11393580887	40018	581.88	179.71	449.02	342.20	4.36	272.72	0.40	108.87	13259.77	-12441.13	8340.56
Fixation L	1	14	11393580887	11393872890	292003	439.02	337.62	15	21	-1	12.51	12.51
Fixation R	1	14	11393580887	11393872890	292003	439.02	337.62	15	21	-1	11.81	11.81
Saccade L	1	13	11393872890	11393900868	27978	437.63	325.64	406.29	289.53	1.06	64.22	0.57	37.82	2733.47	-2371.72	1895.04
Saccade R	1	13	11393872890	11393900868	27978	437.63	325.64	406.29	289.53	1.06	64.22	0.57	37.82	2733.47	-2371.72	1895.04
Fixation L	1	15	11393900868	11394068887	168019	399.23	280.23	13	20	-1	12.59	12.59
Fixation R	1	15	11393900868	11394068887	168019	399.23	280.23	13	20	-1	11.90	11.90
Saccade L	1	14	11394068887	11394104875	35988	394.76	284.91	386.73	393.87	2.48	166.08	0.44	68.98	7998.06	-6986.70	5012.95
Saccade R	1	14	11394068887	11394104875	35988	394.76	284.91	386.73	393.87	2.48	166.08	0.44	68.98	7998.06	-6986.70	5012.95
Fixation L	1	16	11394104875	11394360891	256016	396.62	378.78	34	53	-1	12.55	12.55
Fixation R	1	16	11394104875	11394360891	256016	396.62	378.78	34	53	-1	12.02	12.02
Saccade L	1	15	11394360891	11394412758	51867	376.25	346.31	541.62	188.62	5.50	247.13	0.31	105.96	11628.51	-9144.46	6334.22
Saccade R	1	15	11394360891	11394412758	51867	376.25	346.31	541.62	188.62	5.50	247.13	0.31	105.96	11628.51	-9144.46	6334.22
Fixation L	1	17	11394412758	11394616741	203983	562.40	188.23	39	16	-1	12.29	12.29
Fixation R	1	17	11394412758	11394616741	203983	562.40	188.23	39	16	-1	11.88	11.88
Saccade L	1	16	11394616741	11394660743	44002	578.64	190.43	794.57	186.99	4.70	246.38	0.36	106.89	11416.33	-6652.02	5840.42
Saccade R	1	16	11394616741	11394660743	44002	578.64	190.43	794.57	186.99	4.70	246.38	0.36	106.89	11416.33	-6652.02	5840.42
Fixation L	1	18	11394660743	11394864764	204021	798.56	186.06	28	56	-1	12.11	12.11
Fixation R	1	18	11394660743	11394864764	204021	798.56	186.06	28	56	-1	11.78	11.78
Saccade L	1	17	11394864764	11394892802	28038	808.04	191.67	927.53	186.90	2.48	189.62	0.43	88.53	8613.29	-7929.55	6076.22
Saccade R	1	17	11394864764	11394892802	28038	808.04	191.67	927.53	186.90	2.48	189.62	0.43	88.53	8613.29	-7929.55	6076.22
Fixation L	1	19	11394892802	11395076771	183969	938.60	192.53	19	16	-1	12.23	12.23
Fixation R	1	19	11394892802	11395076771	183969	938.60	192.53	19	16	-1	11.90	11.90
Saccade L	1	18	11395076771	11395120784	44013	944.71	189.24	663.01	190.10	6.00	286.61	0.27	136.29	14053.35	-10679.55	8559.64
Saccade R	1	18	11395076771	11395120784	44013	944.71	189.24	663.01	190.10	6.00	286.61	0.27	136.29	14053.35	-10679.55	8559.64
Fixation L	1	20	11395120784	11395320796	200012	657.41	174.95	25	43	-1	12.47	12.47
Fixation R	1	20	11395120784	11395320796	200012	657.41	174.95	25	43	-1	12.01	12.01
Saccade L	1	19	11395320796	11395356766	35970	651.90	178.45	462.56	176.60	3.82	251.53	0.33	106.19	10929.65	-10226.95	6768.71
Saccade R	1	19	11395320796	11395356766	35970	651.90	178.45	462.56	176.60	3.82	251.53	0.33	106.19	10929.65	-10226.95	6768.71
Fixation L	1	21	11395356766	11395528760	171994	473.57	183.83	39	23	-1	12.56	12.56
Fixation R	1	21	11395356766	11395528760	171994	473.57	183.83	39	23	-1	12.10	12.10
Saccade L	1	20	11395528760	11395556762	28002	473.53	187.67	371.26	180.46	2.08	141.00	0.57	74.16	6400.65	-5399.55	4561.67
Saccade R	1	20	11395528760	11395556762	28002	473.53	187.67	371.26	180.46	2.08	141.00	0.57	74.16	6400.65	-5399.55	4561.67
Fixation L	1	22	11395556762	11395816655	259893	386.93	188.53	26	23	-1	12.65	12.65
Fixation R	1	22	11395556762	11395816655	259893	386.93	188.53	26	23	-1	12.09	12.09
Saccade L	1	21	11395816655	11395852670	36015	385.42	190.81	572.36	190.62	3.84	248.66	0.44	106.74	11295.58	-11217.92	7963.93
Saccade R	1	21	11395816655	11395852670	36015	385.42	190.81	572.36	190.62	3.84	248.66	0.44	106.74	11295.58	-11217.92	7963.93
Fixation L	1	23	11395852670	11396108696	256026	596.05	197.65	51	16	-1	12.79	12.79
Fixation R	1	23	11395852670	11396108696	256026	596.05	197.65	51	16	-1	12.21	12.21
Saccade L	1	22	11396108696	11396148666	39970	602.63	196.80	407.28	237.44	4.28	234.79	0.50	107.00	10781.69	-10077.13	7085.24
Saccade R	1	22	11396108696	11396148666	39970	602.63	196.80	407.28	237.44	4.28	234.79	0.50	107.00	10781.69	-10077.13	7085.24
Fixation L	1	24	11396148666	11397188703	1040037	375.88	243.26	53	57	-1	12.92	12.92
Fixation R	1	24	11396148666	11397188703	1040037	375.88	243.26	53	57	-1	12.26	12.26
Saccade L	1	23	11397188703	11397240565	51862	378.79	232.88	660.93	206.65	6.15	240.46	0.54	118.50	10696.78	-10010.22	6939.44
Saccade R	1	23	11397188703	11397240565	51862	378.79	232.88	660.93	206.65	6.15	240.46	0.54	118.50	10696.78	-10010.22	6939.44
Fixation L	1	25	11397240565	11397436583	196018	688.12	206.78	39	21	-1	12.68	12.68
Fixation R	1	25	11397240565	11397436583	196018	688.12	206.78	39	21	-1	12.12	12.12
Saccade L	1	24	11397436583	11397468578	31995	691.56	197.07	807.18	195.05	2.40	171.23	0.50	75.17	7911.52	-7442.25	5530.66
Saccade R	1	24	11397436583	11397468578	31995	691.56	197.07	807.18	195.05	2.40	171.23	0.50	75.17	7911.52	-7442.25	5530.66
Fixation L	1	26	11397468578	11397736571	267993	808.06	199.83	26	20	-1	12.72	12.72
Fixation R	1	26	11397468578	11397736571	267993	808.06	199.83	26	20	-1	12.22	12.22
Saccade L	1	25	11397736571	11397764560	27989	808.46	197.40	922.86	194.36	2.42	196.74	0.57	86.55	8984.40	-8381.37	6245.82
Saccade R	1	25	11397736571	11397764560	27989	808.46	197.40	922.86	194.36	2.42	196.74	0.57	86.55	8984.40	-8381.37	6245.82
Fixation L	1	27	11397764560	11397896569	132009	918.35	196.89	17	23	-1	12.90	12.90
Fixation R	1	27	11397764560	11397896569	132009	918.35	196.89	17	23	-1	12.33	12.33
Saccade L	1	26	11397896569	11397948602	52033	920.46	208.44	479.34	212.45	9.35	327.36	0.39	179.64	15635.80	-10993.47	8955.33
Saccade R	1	26	11397896569	11397948602	52033	920.46	208.44	479.34	212.45	9.35	327.36	0.39	179.64	15635.80	-10993.47	8955.33
Saccade L	1	27	11397960599	11397980604	20005	500.07	207.86	483.10	234.78	0.57	45.25	0.60	28.26	851.70	-1376.41	761.21
Saccade R	1	27	11397960599	11397980604	20005	500.07	207.86	483.10	234.78	0.57	45.25	0.60	28.26	851.70	-1376.41	761.21
Fixation L	1	28	11397980604	11398144574	163970	475.49	224.54	33	18	-1	12.88	12.88
Fixation R	1	28	11397980604	11398144574	163970	475.49	224.54	33	18	-1	12.31	12.31
Saccade L	1	28	11398144574	11398176595	32021	475.52	228.58	377.82	248.28	2.09	148.95	0.50	65.37	6252.95	-5800.68	4274.78
Saccade R	1	28	11398144574	11398176595	32021	475.52	228.58	377.82	248.28	2.09	148.95	0.50	65.37	6252.95	-5800.68	4274.78
Fixation L	1	29	11398176595	11398828470	651875	377.87	255.07	37	46	-1	12.96	12.96
Fixation R	1	29	11398176595	11398828470	651875	377.87	255.07	37	46	-1	12.26	12.26
Saccade L	1	29	11398828470	11398848479	20009	365.32	245.40	465.45	242.90	1.70	192.59	0.60	85.06	7651.35	-6588.16	4720.19
Saccade R	1	29	11398828470	11398848479	20009	365.32	245.40	465.45	242.90	1.70	192.59	0.60	85.06	7651.35	-6588.16	4720.19
Fixation L	1	30	11398872481	11399200495	328014	467.22	251.32	45	43	-1	12.80	12.80
Fixation R	1	30	11398872481	11399200495	328014	467.22	251.32	45	43	-1	12.20	12.20
Saccade L	1	30	11399200495	11399228524	28029	464.06	253.23	367.60	242.74	2.03	152.23	0.43	72.46	6570.81	-5812.72	4536.26
Saccade R	1	30	11399200495	11399228524	28029	464.06	253.23	367.60	242.74	2.03	152.23	0.43	72.46	6570.81	-5812.72	4536.26
Fixation L	1	31	11399228524	11399396479	167955	392.33	236.77	36	16	-1	12.74	12.74
Fixation R	1	31	11399228524	11399396479	167955	392.33	236.77	36	16	-1	12.14	12.14
Saccade L	1	31	11399396479	11399440482	44003	380.97	240.11	641.86	190.80	5.46	223.67	0.36	124.06	10154.63	-6963.54	6098.19
Saccade R	1	31	11399396479	11399440482	44003	380.97	240.11	641.86	190.80	5.46	223.67	0.36	124.06	10154.63	-6963.54	6098.19
Fixation L	1	32	11399440482	11399636511	196029	647.89	179.97	53	21	-1	12.69	12.69
Fixation R	1	32	11399440482	11399636511	196029	647.89	179.97	53	21	-1	12.15	12.15
Saccade L	1	32	11399636511	11399684491	47980	655.64	187.85	429.43	194.94	4.88	247.98	0.42	101.71	10867.68	-9952.20	6655.82
Saccade R	1	32	11399636511	11399684491	47980	655.64	187.85	429.43	194.94	4.88	247.98	0.42	101.71	10867.68	-9952.20	6655.82
Fixation L	1	33	11399684491	11399876497	192006	426.77	187.97	21	15	-1	12.80	12.80
Fixation R	1	33	11399684491	11399876497	192006	426.77	187.97	21	15	-1	12.29	12.29
Saccade L	1	33	11399876497	11399928487	51990	433.56	189.21	600.63	193.02	3.62	186.72	0.23	69.59	8445.54	-6591.33	3818.66
Saccade R	1	33	11399876497	11399928487	51990	433.56	189.21	600.63	193.02	3.62	186.72	0.23	69.59	8445.54	-6591.33	3818.66
Fixation L	1	34	11399928487	11400072360	143873	613.38	202.40	21	23	-1	13.04	13.04
Fixation R	1	34	11399928487	11400072360	143873	613.38	202.40	21	23	-1	12.47	12.47
Saccade L	1	34	11400072360	11400108418	36058	605.37	199.49	792.52	209.68	3.80	251.31	0.44	105.43	12200.30	-11517.13	7893.00
Saccade R	1	34	11400072360	11400108418	36058	605.37	199.49	792.52	209.68	3.80	251.31	0.44	105.43	12200.30	-11517.13	7893.00
Fixation L	1	35	11400108418	11400340387	231969	798.18	202.42	26	18	-1	13.04	13.04
Fixation R	1	35	11400108418	11400340387	231969	798.18	202.42	26	18	-1	12.62	12.62
Saccade L	1	35	11400340387	11400376367	35980	810.44	205.73	945.39	207.21	2.83	168.58	0.44	78.53	7632.05	-7630.87	5487.27
Saccade R	1	35	11400340387	11400376367	35980	810.44	205.73	945.39	207.21	2.83	168.58	0.44	78.53	7632.05	-7630.87	5487.27
Fixation L	1	36	11400376367	11400584369	208002	953.27	201.64	28	22	-1	13.07	13.07
Fixation R	1	36	11400376367	11400584369	208002	953.27	201.64	28	22	-1	12.55	12.55
Saccade L	1	36	11400584369	11400648405	64036	956.28	214.74	464.09	228.40	10.98	341.36	0.25	171.54	16423.17	-9349.76	7944.67
Saccade R	1	36	11400584369	11400648405	64036	956.28	214.74	464.09	228.40	10.98	341.36	0.25	171.54	16423.17	-9349.76	7944.67
Fixation L	1	37	11400648405	11401156393	507988	442.29	240.05	41	43	-1	12.91	12.91
Fixation R	1	37	11400648405	11401156393	507988	442.29	240.05	41	43	-1	12.30	12.30
Saccade L	1	37	11401156393	11401188404	32011	424.38	245.33	462.35	275.95	1.01	46.15	0.50	31.57	2009.83	-1558.21	1333.71
Saccade R	1	37	11401156393	11401188404	32011	424.38	245.33	462.35	275.95	1.01	46.15	0.50	31.57	2009.83	-1558.21	1333.71
Fixation L	1	38	11401188404	11401448264	259860	471.28	256.52	17	38	-1	12.76	12.76
Fixation R	1	38	11401188404	11401448264	259860	471.28	256.52	17	38	-1	12.24	12.24
Saccade L	1	38	11401448264	11401488277	40013	471.41	240.35	560.37	218.48	2.03	91.12	0.60	50.65	3553.86	-3753.18	2668.40
Saccade R	1	38	11401448264	11401488277	40013	471.41	240.35	560.37	218.48	2.03	91.12	0.60	50.65	3553.86	-3753.18	2668.40
Fixation L	1	39	11401488277	11401828307	340030	553.35	197.83	20	51	-1	12.61	12.61
Fixation R	1	39	11401488277	11401828307	340030	553.35	197.83	20	51	-1	12.17	12.17
Saccade L	1	39	11401828307	11401872286	43979	562.68	169.93	457.63	206.49	2.94	173.36	0.27	66.74	8220.18	-7192.30	4447.80
Saccade R	1	39	11401828307	11401872286	43979	562.68	169.93	457.63	206.49	2.94	173.36	0.27	66.74	8220.18	-7192.30	4447.80
Fixation L	1	40	11401872286	11402472332	600046	433.25	237.89	39	63	-1	12.56	12.56
Fixation R	1	40	11401872286	11402472332	600046	433.25	237.89	39	63	-1	11.98	11.98
Saccade L	1	40	11402472332	11402504308	31976	427.11	246.00	466.95	381.31	2.87	185.02	0.50	89.66	8693.29	-8469.02	6254.43
Saccade R	1	40	11402472332	11402504308	31976	427.11	246.00	466.95	381.31	2.87	185.02	0.50	89.66	8693.29	-8469.02	6254.43
Fixation L	1	41	11402504308	11402700314	196006	464.69	378.03	11	19	-1	12.64	12.64
Fixation R	1	41	11402504308	11402700314	196006	464.69	378.03	11	19	-1	12.24	12.24
Saccade L	1	41	11402700314	11402728296	27982	464.50	364.46	402.22	354.17	1.44	104.49	0.57	51.38	4676.85	-4312.12	3312.68
Saccade R	1	41	11402700314	11402728296	27982	464.50	364.46	402.22	354.17	1.44	104.49	0.57	51.38	4676.85	-4312.12	3312.68
Fixation L	1	42	11402728296	11402928174	199878	403.00	342.30	15	23	-1	12.45	12.45
Fixation R	1	42	11402728296	11402928174	199878	403.00	342.30	15	23	-1	12.08	12.08
Saccade L	1	42	11402928174	11402960171	31997	407.17	344.22	417.12	199.96	3.00	194.67	0.50	93.77	8701.92	-8654.22	6432.74
Saccade R	1	42	11402928174	11402960171	31997	407.17	344.22	417.12	199.96	3.00	194.67	0.50	93.77	8701.92	-8654.22	6432.74
Fixation L	1	43	11402960171	11404600103	1639932	420.29	246.79	51	78	-1	12.16	12.16
Fixation R	1	43	11402960171	11404600103	1639932	420.29	246.79	51	78	-1	11.81	11.81
Saccade L	1	43	11404600103	11404632092	31989	412.30	264.48	400.07	319.42	1.23	60.19	0.63	38.60	2242.87	-2449.63	1796.41
Saccade R	1	43	11404600103	11404632092	31989	412.30	264.48	400.07	319.42	1.23	60.19	0.63	38.60	2242.87	-2449.63	1796.41
Fixation L	1	44	11404632092	11404756096	124004	409.02	320.76	30	12	-1	12.22	12.22
Fixation R	1	44	11404632092	11404756096	124004	409.02	320.76	30	12	-1	11.84	11.84
Saccade L	1	44	11404756096	11404780102	24006	424.77	321.63	402.47	373.05	1.17	88.09	0.67	48.86	4158.43	-3656.24	2889.32
Saccade R	1	44	11404756096	11404780102	24006	424.77	321.63	402.47	373.05	1.17	88.09	0.67	48.86	4158.43	-3656.24	2889.32
Fixation L	1	45	11404780102	11405192104	412002	378.05	379.08	39	24	-1	12.40	12.40
Fixation R	1	45	11404780102	11405192104	412002	378.05	379.08	39	24	-1	12.03	12.03
Saccade L	1	45	11405192104	11405212135	20031	382.97	389.12	420.04	379.38	0.81	69.17	0.40	40.50	2881.93	-2574.01	2000.51
Saccade R	1	45	11405192104	11405212135	20031	382.97	389.12	420.04	379.38	0.81	69.17	0.40	40.50	2881.93	-2574.01	2000.51
Fixation L	1	46	11405212135	11405608130	395995	435.86	373.35	51	41	-1	12.21	12.21
Fixation R	1	46	11405212135	11405608130	395995	435.86	373.35	51	41	-1	12.04	12.04
Saccade L	1	46	11405608130	11405644117	35987	469.01	373.04	436.86	219.56	3.28	184.71	0.44	91.19	8014.67	-8208.10	5853.18
Saccade R	1	46	11405608130	11405644117	35987	469.01	373.04	436.86	219.56	3.28	184.71	0.44	91.19	8014.67	-8208.10	5853.18
Fixation L	1	47	11405644117	11406944014	1299897	444.97	223.32	55	63	-1	11.91	11.91
Fixation R	1	47	11405644117	11406944014	1299897	444.97	223.32	55	63	-1	11.73	11.73
Saccade L	1	47	11406944014	11406996030	52016	459.00	198.94	837.06	186.87	8.15	309.16	0.31	156.61	14417.18	-10709.47	8198.90
Saccade R	1	47	11406944014	11406996030	52016	459.00	198.94	837.06	186.87	8.15	309.16	0.31	156.61	14417.18	-10709.47	8198.90
Fixation L	1	48	11406996030	11407187896	191866	847.14	180.89	27	16	-1	12.05	12.05
Fixation R	1	48	11406996030	11407187896	191866	847.14	180.89	27	16	-1	11.95	11.95
Saccade L	1	48	11407187896	11407211947	24051	841.00	177.43	947.67	181.05	2.13	175.54	0.50	88.44	7360.97	-7464.32	5544.08
Saccade R	1	48	11407187896	11407211947	24051	841.00	177.43	947.67	181.05	2.13	175.54	0.50	88.44	7360.97	-7464.32	5544.08
Fixation L	1	49	11407211947	11407399896	187949	963.98	193.50	32	20	-1	12.09	12.09
Fixation R	1	49	11407211947	11407399896	187949	963.98	193.50	32	20	-1	12.10	12.10
Fixation L	1	50	11407475914	11407907940	432026	0.00	0.00	0	0	-1	2.00	2.00
Fixation R	1	50	11407475914	11407907940	432026	0.00	0.00	0	0	-1	10.77	10.77
Fixation L	1	51	11408876264	11409020225	143961	1021.63	186.67	31	25	-1	12.15	12.15
Fixation R	1	51	11408876264	11409020225	143961	1021.63	186.67	31	25	-1	11.80	11.80
Saccade L	1	49	11409020225	11409088201	67976	1032.58	177.79	491.31	203.77	11.90	318.67	0.24	175.07	15227.71	-10067.65	6936.38
Saccade R	1	49	11409020225	11409088201	67976	1032.58	177.79	491.31	203.77	11.90	318.67	0.24	175.07	15227.71	-10067.65	6936.38
Fixation L	1	52	11409088201	11409260222	172021	491.05	213.25	14	29	-1	12.12	12.12
Fixation R	1	52	11409088201	11409260222	172021	491.05	213.25	14	29	-1	11.79	11.79
Saccade L	1	50	11409260222	11409288205	27983	494.68	221.04	394.26	238.84	2.26	185.71	0.57	80.62	8072.46	-7720.47	5748.07
Saccade R	1	50	11409260222	11409288205	27983	494.68	221.04	394.26	238.84	2.26	185.71	0.57	80.62	8072.46	-7720.47	5748.07
Fixation L	1	53	11409288205	11410252161	963956	418.14	243.57	71	53	-1	12.48	12.48
Fixation R	1	53	11409288205	11410252161	963956	418.14	243.57	71	53	-1	12.02	12.02
Saccade L	1	51	11410252161	11410276105	23944	445.85	247.42	398.56	258.04	1.18	94.07	0.50	49.11	3805.39	-3380.89	2642.97
Saccade R	1	51	11410252161	11410276105	23944	445.85	247.42	398.56	258.04	1.18	94.07	0.50	49.11	3805.39	-3380.89	2642.97
Fixation L	1	54	11410276105	11410788114	512009	399.69	257.95	27	43	-1	12.19	12.19
Fixation R	1	54	11410276105	11410788114	512009	399.69	257.95	27	43	-1	11.86	11.86
Fixation L	1	55	11410840113	11411148145	308032	376.58	264.13	45	34	-1	12.49	12.49
Fixation R	1	55	11410840113	11411148145	308032	376.58	264.13	45	34	-1	11.98	11.98
Saccade L	1	52	11411148145	11411176138	27993	354.03	255.28	433.61	263.00	1.64	117.76	0.57	58.43	4840.50	-5131.30	3707.33
Saccade R	1	52	11411148145	11411176138	27993	354.03	255.28	433.61	263.00	1.64	117.76	0.57	58.43	4840.50	-5131.30	3707.33
Fixation L	1	56	11411176138	11412392035	1215897	454.30	281.69	74	56	-1	12.76	12.76
Fixation R	1	56	11411176138	11412392035	1215897	454.30	281.69	74	56	-1	12.14	12.14
Saccade L	1	53	11412392035	11412416042	24007	480.56	282.88	430.26	291.86	0.94	63.10	0.33	38.97	2890.18	-2605.31	2004.55
Saccade R	1	53	11412392035	11412416042	24007	480.56	282.88	430.26	291.86	0.94	63.10	0.33	38.97	2890.18	-2605.31	2004.55
Fixation L	1	57	11412416042	11412712031	295989	429.85	281.28	26	24	-1	12.58	12.58
Fixation R	1	57	11412416042	11412712031	295989	429.85	281.28	26	24	-1	11.87	11.87
Saccade L	1	54	11412712031	11412740050	28019	411.93	283.51	486.85	285.01	1.50	111.82	0.57	53.47	5116.76	-4767.16	3650.58
Saccade R	1	54	11412712031	11412740050	28019	411.93	283.51	486.85	285.01	1.50	111.82	0.57	53.47	5116.76	-4767.16	3650.58
Fixation L	1	58	11412740050	11413291965	551915	472.35	288.32	59	35	-1	12.30	12.30
Fixation R	1	58	11412740050	11413291965	551915	472.35	288.32	59	35	-1	11.82	11.82
Saccade L	1	55	11413291965	11413315920	23955	493.60	271.26	435.87	298.80	1.20	102.10	0.50	50.07	4173.52	-4361.59	3082.45
Saccade R	1	55	11413291965	11413315920	23955	493.60	271.26	435.87	298.80	1.20	102.10	0.50	50.07	4173.52	-4361.59	3082.45
Fixation L	1	59	11413315920	11413651957	336037	446.51	301.05	50	21	-1	12.28	12.28
Fixation R	1	59	11413315920	11413651957	336037	446.51	301.05	50	21	-1	11.68	11.68
Saccade L	1	56	11413651957	11413675937	23980	452.11	296.84	458.53	250.72	0.95	78.21	0.50	39.74	3559.20	-3274.54	2521.67
Saccade R	1	56	11413651957	11413675937	23980	452.11	296.84	458.53	250.72	0.95	78.21	0.50	39.74	3559.20	-3274.54	2521.67
Fixation L	1	60	11413675937	11413855951	180014	444.64	249.40	23	24	-1	12.35	12.35
Fixation R	1	60	11413675937	11413855951	180014	444.64	249.40	23	24	-1	11.68	11.68
Fixation L	1	61	11413871942	11414079948	208006	414.06	260.91	40	36	-1	12.19	12.19
Fixation R	1	61	11413871942	11414079948	208006	414.06	260.91	40	36	-1	11.54	11.54
Saccade L	1	57	11414079948	11414111942	31994	431.55	260.50	428.41	336.93	1.57	96.92	0.50	48.92	4412.36	-4516.21	3202.93
Saccade R	1	57	11414079948	11414111942	31994	431.55	260.50	428.41	336.93	1.57	96.92	0.50	48.92	4412.36	-4516.21	3202.93
Fixation L	1	62	11414111942	11414503855	391913	431.61	326.47	33	23	-1	12.18	12.18
Fixation R	1	62	11414111942	11414503855	391913	431.61	326.47	33	23	-1	11.66	11.66
Saccade L	1	58	11414503855	11414523846	19991	419.88	321.88	458.50	329.06	0.75	56.48	0.40	37.62	2552.82	-2354.20	1791.45
Saccade R	1	58	11414503855	11414523846	19991	419.88	321.88	458.50	329.06	0.75	56.48	0.40	37.62	2552.82	-2354.20	1791.45
Fixation L	1	63	11414523846	11416079760	1555914	476.87	294.92	60	97	-1	12.36	12.36
Fixation R	1	63	11414523846	11416079760	1555914	476.87	294.92	60	97	-1	11.64	11.64
Saccade L	1	59	11416079760	11416107795	28035	493.87	259.99	454.60	274.08	0.87	53.12	0.43	30.88	2369.54	-1476.43	1441.57
Saccade R	1	59	11416079760	11416107795	28035	493.87	259.99	454.60	274.08	0.87	53.12	0.43	30.88	2369.54	-1476.43	1441.57
Fixation L	1	64	11416107795	11416347770	239975	451.19	285.44	32	15	-1	12.09	12.09
Fixation R	1	64	11416107795	11416347770	239975	451.19	285.44	32	15	-1	11.34	11.34
Saccade L	1	60	11416347770	11416367739	19969	466.48	277.16	438.66	267.52	0.60	44.51	0.40	29.94	1597.59	-1586.72	1089.03
Saccade R	1	60	11416347770	11416367739	19969	466.48	277.16	438.66	267.52	0.60	44.51	0.40	29.94	1597.59	-1586.72	1089.03
Fixation L	1	65	11416367739	11416675746	308007	441.63	271.79	13	26	-1	11.95	11.95
Fixation R	1	65	11416367739	11416675746	308007	441.63	271.79	13	26	-1	11.31	11.31
Saccade L	1	61	11416675746	11416703768	28022	435.85	276.49	429.35	324.14	1.10	62.24	0.57	39.24	2477.15	-2315.80	1818.39
Saccade R	1	61	11416675746	11416703768	28022	435.85	276.49	429.35	324.14	1.10	62.24	0.57	39.24	2477.15	-2315.80	1818.39
Fixation L	1	66	11416703768	11416903783	200015	437.56	327.16	16	21	-1	11.91	11.91
Fixation R	1	66	11416703768	11416903783	200015	437.56	327.16	16	21	-1	11.64	11.64
Saccade L	1	62	11416903783	11416927763	23980	438.17	334.09	470.88	324.56	0.77	55.28	0.50	32.06	2382.58	-1942.93	1586.36
Saccade R	1	62	11416903783	11416927763	23980	438.17	334.09	470.88	324.56	0.77	55.28	0.50	32.06	2382.58	-1942.93	1586.36
Fixation L	1	67	11416927763	11417651641	723878	495.15	334.61	38	32	-1	12.09	12.09
Fixation R	1	67	11416927763	11417651641	723878	495.15	334.61	38	32	-1	11.51	11.51
Saccade L	1	63	11417651641	11417691679	40038	490.29	321.75	332.11	299.75	3.68	203.66	0.50	91.94	9635.07	-9030.57	6328.23
Saccade R	1	63	11417651641	11417691679	40038	490.29	321.75	332.11	299.75	3.68	203.66	0.50	91.94	9635.07	-9030.57	6328.23
Fixation L	1	68	11417691679	11418391673	699994	372.68	270.24	68	56	-1	11.97	11.97
Fixation R	1	68	11417691679	11418391673	699994	372.68	270.24	68	56	-1	11.53	11.53
Saccade L	1	64	11418391673	11418411689	20016	395.20	295.70	433.18	289.61	0.77	63.39	0.40	38.70	2475.23	-2544.58	1836.42
Saccade R	1	64	11418391673	11418411689	20016	395.20	295.70	433.18	289.61	0.77	63.39	0.40	38.70	2475.23	-2544.58	1836.42
Fixation L	1	69	11418411689	11419223545	811856	464.46	280.86	62	25	-1	11.86	11.86
Fixation R	1	69	11418411689	11419223545	811856	464.46	280.86	62	25	-1	11.36	11.36
UserEvent	1	2	11418823023	# Message: UE-mouseclick left x=360 y=302
Saccade L	1	65	11419223545	11419251565	28020	454.65	286.13	416.81	393.44	2.29	150.43	0.43	81.81	6787.13	-5763.13	4844.65
Saccade R	1	65	11419223545	11419251565	28020	454.65	286.13	416.81	393.44	2.29	150.43	0.43	81.81	6787.13	-5763.13	4844.65
Fixation L	1	70	11419263549	11419607557	344008	395.54	377.46	28	25	-1	11.93	11.93
Fixation R	1	70	11419263549	11419607557	344008	395.54	377.46	28	25	-1	11.42	11.42
Saccade L	1	66	11419607557	11419635589	28032	394.20	374.93	376.15	289.05	1.77	118.71	0.57	63.15	5325.20	-5271.08	3949.80
Saccade R	1	66	11419607557	11419635589	28032	394.20	374.93	376.15	289.05	1.77	118.71	0.57	63.15	5325.20	-5271.08	3949.80
Fixation L	1	71	11419635589	11419811571	175982	379.69	296.62	36	14	-1	11.93	11.93
Fixation R	1	71	11419635589	11419811571	175982	379.69	296.62	36	14	-1	11.51	11.51
Saccade L	1	67	11419811571	11419843566	31995	377.38	304.63	393.80	376.04	1.62	86.86	0.50	50.69	3621.72	-3432.63	2608.74
Saccade R	1	67	11419811571	11419843566	31995	377.38	304.63	393.80	376.04	1.62	86.86	0.50	50.69	3621.72	-3432.63	2608.74
Fixation L	1	72	11419843566	11420219492	375926	412.92	376.88	28	26	-1	11.96	11.96
Fixation R	1	72	11419843566	11420219492	375926	412.92	376.88	28	26	-1	11.47	11.47
Saccade L	1	68	11420219492	11420251498	32006	410.85	385.05	408.62	264.61	2.56	182.96	0.50	80.01	7846.57	-7914.94	5762.61
Saccade R	1	68	11420219492	11420251498	32006	410.85	385.05	408.62	264.61	2.56	182.96	0.50	80.01	7846.57	-7914.94	5762.61
UserEvent	1	3	11420223043	# Message: UE-mouseclick left x=393 y=400
Fixation L	1	73	11420251498	11420355444	103946	407.28	269.11	10	9	-1	12.00	12.00
Fixation R	1	73	11420251498	11420355444	103946	407.28	269.11	10	9	-1	11.62	11.62
