[BeGaze]
Converted from:	D:\Kirillov\Results\ermolova_temp\Nikol-eye_data.idf
Date:	17.04.2019 03:54:29
Version:	BeGaze 3.0.181
Sample Rate:	250
Subject:	Nikol
Description:	Run39

Table Header for Fixations:
Event Type	Trial	Number	Start	End	Duration	Location X	Location Y	Dispersion X	Dispersion Y	Plane	Avg. Pupil Size X	Avg. Pupil Size Y

Table Header for Saccades:
Event Type	Trial	Number	Start	End	Duration	Start Loc.X	Start Loc.Y	End Loc.X	End Loc.Y	Amplitude	Peak Speed	Peak Speed At	Average Speed	Peak Accel.	Peak Decel.	Average Accel.

Table Header for User Events:
Event Type	Trial	Number	Start	Description

UserEvent	1	1	8525691063	# Message: experiment-11.jpg
Fixation L	1	1	8525691064	8525966925	275861	395.60	285.96	23	26	-1	11.84	11.84
Fixation R	1	1	8525691064	8525966925	275861	395.60	285.96	23	26	-1	13.43	13.43
Saccade L	1	1	8525966925	8526030931	64006	384.43	282.76	796.27	342.17	9.33	342.67	0.31	145.73	16722.25	-10648.79	7306.76
Saccade R	1	1	8525966925	8526030931	64006	384.43	282.76	796.27	342.17	9.33	342.67	0.31	145.73	16722.25	-10648.79	7306.76
Fixation L	1	2	8526030931	8526146947	116016	822.47	338.80	37	13	-1	11.74	11.74
Fixation R	1	2	8526030931	8526146947	116016	822.47	338.80	37	13	-1	13.21	13.21
Saccade L	1	2	8526146947	8526190936	43989	825.72	333.12	0.00	0.00	32.97	2415.39	0.73	749.41	84501.35	-106152.58	52957.80
Fixation L	1	3	8526302936	8526406941	104005	1090.80	345.17	14	26	-1	11.21	11.21
Fixation R	1	3	8526302936	8526406941	104005	1090.80	345.17	14	26	-1	12.39	12.39
Saccade L	1	3	8526406941	8526470955	64014	1083.84	333.55	700.54	712.15	12.44	479.97	0.31	194.28	21806.78	-17791.13	11417.70
Saccade R	1	2	8526406941	8526470955	64014	1083.84	333.55	700.54	712.15	12.44	479.97	0.31	194.28	21806.78	-17791.13	11417.70
Saccade L	1	4	8526470955	8526518938	47983	700.54	712.15	682.06	779.83	1.51	66.38	0.50	31.45	2638.43	-2660.12	1475.87
Saccade R	1	3	8526470955	8526518938	47983	700.54	712.15	682.06	779.83	1.51	66.38	0.50	31.45	2638.43	-2660.12	1475.87
Fixation L	1	4	8526518938	8526570959	52021	695.91	788.93	24	13	-1	11.26	11.26
Fixation R	1	4	8526518938	8526570959	52021	695.91	788.93	24	13	-1	12.68	12.68
Saccade L	1	5	8526570959	8526614980	44021	708.09	791.55	699.40	635.28	3.42	229.42	0.64	77.75	9794.41	-9998.65	5828.68
Saccade R	1	4	8526570959	8526614980	44021	708.09	791.55	699.40	635.28	3.42	229.42	0.64	77.75	9794.41	-9998.65	5828.68
Fixation L	1	5	8526614980	8526814952	199972	696.60	622.91	6	19	-1	11.08	11.08
Fixation R	1	5	8526614980	8526814952	199972	696.60	622.91	6	19	-1	12.37	12.37
Saccade L	1	6	8526814952	8526878947	63995	698.80	620.39	740.99	756.17	3.82	211.31	0.25	59.75	9764.06	-8166.48	3967.19
Saccade R	1	5	8526814952	8526878947	63995	698.80	620.39	740.99	756.17	3.82	211.31	0.25	59.75	9764.06	-8166.48	3967.19
Fixation L	1	6	8526878947	8527050959	172012	738.14	776.22	13	45	-1	10.63	10.63
Fixation R	1	6	8526878947	8527050959	172012	738.14	776.22	13	45	-1	11.93	11.93
Saccade L	1	7	8527050959	8527094955	43996	740.68	790.99	733.18	696.29	2.16	145.80	0.36	49.10	6421.89	-6057.98	3534.18
Saccade R	1	6	8527050959	8527094955	43996	740.68	790.99	733.18	696.29	2.16	145.80	0.36	49.10	6421.89	-6057.98	3534.18
Fixation L	1	7	8527094955	8527222966	128011	728.30	678.63	8	23	-1	10.55	10.55
Fixation R	1	7	8527094955	8527222966	128011	728.30	678.63	8	23	-1	11.98	11.98
Saccade L	1	8	8527222966	8527286836	63870	729.53	674.72	1024.94	318.38	10.17	306.39	0.31	159.28	14389.36	-12225.66	7842.06
Saccade R	1	7	8527222966	8527286836	63870	729.53	674.72	1024.94	318.38	10.17	306.39	0.31	159.28	14389.36	-12225.66	7842.06
Fixation L	1	8	8527286836	8527622870	336034	1034.89	301.97	24	36	-1	10.60	10.60
Fixation R	1	8	8527286836	8527622870	336034	1034.89	301.97	24	36	-1	11.85	11.85
Saccade L	1	9	8527622870	8527670843	47973	1041.72	292.77	970.76	275.95	2.19	138.99	0.33	45.58	6025.07	-4923.56	3076.64
Saccade R	1	8	8527622870	8527670843	47973	1041.72	292.77	970.76	275.95	2.19	138.99	0.33	45.58	6025.07	-4923.56	3076.64
Fixation L	1	9	8527670843	8527750849	80006	973.71	289.35	14	25	-1	10.86	10.86
Fixation R	1	9	8527670843	8527750849	80006	973.71	289.35	14	25	-1	11.88	11.88
Saccade L	1	10	8527750849	8527790845	39996	981.37	301.81	0.00	0.00	24.05	2088.60	0.70	601.27	84153.35	-88063.41	48301.57
Saccade R	1	9	8527750849	8527790845	39996	981.37	301.81	0.00	0.00	24.05	2088.60	0.70	601.27	84153.35	-88063.41	48301.57
Fixation L	1	10	8527898861	8528014853	115992	784.54	828.30	14	37	-1	11.10	11.10
Fixation R	1	10	8527898861	8528014853	115992	784.54	828.30	14	37	-1	12.05	12.05
Saccade L	1	11	8528014853	8528050854	36001	776.13	844.90	721.08	700.48	3.44	258.55	0.44	95.44	11663.75	-11691.92	7710.09
Saccade R	1	10	8528014853	8528050854	36001	776.13	844.90	721.08	700.48	3.44	258.55	0.44	95.44	11663.75	-11691.92	7710.09
Fixation L	1	11	8528050854	8528198871	148017	713.09	688.87	15	25	-1	11.05	11.05
Fixation R	1	11	8528050854	8528198871	148017	713.09	688.87	15	25	-1	12.24	12.24
Saccade L	1	12	8528198871	8528246877	48006	706.20	679.09	733.03	607.31	1.75	108.99	0.25	36.49	5045.95	-4574.18	2443.16
Saccade R	1	11	8528198871	8528246877	48006	706.20	679.09	733.03	607.31	1.75	108.99	0.25	36.49	5045.95	-4574.18	2443.16
Fixation L	1	12	8528246877	8528414865	167988	728.16	600.95	11	11	-1	11.13	11.13
Fixation R	1	12	8528246877	8528414865	167988	728.16	600.95	11	11	-1	12.30	12.30
Saccade L	1	13	8528414865	8528482879	68014	720.30	597.80	915.47	311.28	7.92	271.80	0.29	116.52	13084.64	-7996.50	6184.14
Saccade R	1	12	8528414865	8528482879	68014	720.30	597.80	915.47	311.28	7.92	271.80	0.29	116.52	13084.64	-7996.50	6184.14
Fixation L	1	13	8528482879	8528986748	503869	911.91	309.41	32	39	-1	11.22	11.22
Fixation R	1	13	8528482879	8528986748	503869	911.91	309.41	32	39	-1	12.34	12.34
Saccade L	1	14	8528986748	8529046754	60006	894.19	298.02	775.52	670.35	9.53	409.35	0.33	158.88	18879.27	-15610.33	9707.50
Saccade R	1	13	8528986748	8529046754	60006	894.19	298.02	775.52	670.35	9.53	409.35	0.33	158.88	18879.27	-15610.33	9707.50
Saccade L	1	15	8529046754	8529082758	36004	775.52	670.35	784.12	691.75	0.71	45.46	0.22	19.75	-128.70	-1386.77	560.21
Saccade R	1	14	8529046754	8529082758	36004	775.52	670.35	784.12	691.75	0.71	45.46	0.22	19.75	-128.70	-1386.77	560.21
Fixation L	1	14	8529082758	8529194776	112018	786.63	696.16	27	13	-1	11.32	11.32
Fixation R	1	14	8529082758	8529194776	112018	786.63	696.16	27	13	-1	12.48	12.48
Saccade L	1	16	8529194776	8529230778	36002	768.72	688.89	892.31	616.45	2.99	192.56	0.44	83.13	8431.13	-8013.98	5687.40
Saccade R	1	15	8529194776	8529230778	36002	768.72	688.89	892.31	616.45	2.99	192.56	0.44	83.13	8431.13	-8013.98	5687.40
Fixation L	1	15	8529230778	8529398759	167981	889.03	609.28	19	22	-1	11.30	11.30
Fixation R	1	15	8529230778	8529398759	167981	889.03	609.28	19	22	-1	12.67	12.67
Saccade L	1	17	8529398759	8529450765	52006	878.60	613.84	783.53	597.16	2.77	186.53	0.46	53.24	8640.82	-7985.42	4139.68
Saccade R	1	16	8529398759	8529450765	52006	878.60	613.84	783.53	597.16	2.77	186.53	0.46	53.24	8640.82	-7985.42	4139.68
Fixation L	1	16	8529450765	8529606766	156001	775.50	620.35	21	41	-1	11.29	11.29
Fixation R	1	16	8529450765	8529606766	156001	775.50	620.35	21	41	-1	12.62	12.62
Saccade L	1	18	8529606766	8529650763	43997	772.24	634.06	812.83	590.57	1.41	69.14	0.45	32.13	2823.61	-2454.14	1613.48
Saccade R	1	17	8529606766	8529650763	43997	772.24	634.06	812.83	590.57	1.41	69.14	0.45	32.13	2823.61	-2454.14	1613.48
Saccade L	1	19	8529650763	8529714776	64013	812.83	590.57	942.37	379.59	5.65	263.00	0.56	88.26	11937.87	-10953.54	5627.01
Saccade R	1	18	8529650763	8529714776	64013	812.83	590.57	942.37	379.59	5.65	263.00	0.56	88.26	11937.87	-10953.54	5627.01
Fixation L	1	17	8529714776	8530146667	431891	970.99	347.37	38	72	-1	11.22	11.22
Fixation R	1	17	8529714776	8530146667	431891	970.99	347.37	38	72	-1	12.38	12.38
Saccade L	1	20	8530146667	8530186674	40007	976.52	316.18	0.00	0.00	25.80	2061.66	0.70	645.00	80275.43	-88466.18	49243.58
Fixation L	1	18	8530318669	8530598656	279987	1017.93	270.83	33	19	-1	11.24	11.24
Fixation R	1	18	8530318669	8530598656	279987	1017.93	270.83	33	19	-1	12.33	12.33
Saccade L	1	21	8530598656	8530650667	52011	1033.93	271.15	806.71	568.84	8.45	438.65	0.38	162.46	21080.90	-17734.45	11624.90
Saccade R	1	19	8530598656	8530650667	52011	1033.93	271.15	806.71	568.84	8.45	438.65	0.38	162.46	21080.90	-17734.45	11624.90
Fixation L	1	19	8530650667	8530786686	136019	773.80	589.22	45	30	-1	11.30	11.30
Fixation R	1	19	8530650667	8530786686	136019	773.80	589.22	45	30	-1	12.72	12.72
Saccade L	1	22	8530786686	8530814657	27971	774.75	595.04	710.04	613.64	1.42	108.95	0.43	50.61	4987.74	-4705.54	3563.22
Saccade R	1	20	8530786686	8530814657	27971	774.75	595.04	710.04	613.64	1.42	108.95	0.43	50.61	4987.74	-4705.54	3563.22
Fixation L	1	20	8530814657	8530970661	156004	705.75	613.43	8	10	-1	11.30	11.30
Fixation R	1	20	8530814657	8530970661	156004	705.75	613.43	8	10	-1	12.69	12.69
Saccade L	1	23	8530970661	8531006664	36003	701.40	609.65	618.69	611.47	2.25	175.95	0.33	62.51	7834.72	-7077.12	4471.03
Saccade R	1	21	8530970661	8531006664	36003	701.40	609.65	618.69	611.47	2.25	175.95	0.33	62.51	7834.72	-7077.12	4471.03
Fixation L	1	21	8531006664	8531470709	464045	627.47	618.19	36	36	-1	11.38	11.38
Fixation R	1	21	8531006664	8531470709	464045	627.47	618.19	36	36	-1	12.71	12.71
Saccade L	1	24	8531470709	8531550550	79841	634.12	600.22	657.05	873.06	10.42	473.04	0.25	130.45	22110.64	-19673.53	8327.91
Saccade R	1	22	8531470709	8531550550	79841	634.12	600.22	657.05	873.06	10.42	473.04	0.25	130.45	22110.64	-19673.53	8327.91
Fixation L	1	22	8531550550	8531698560	148010	665.04	856.49	19	58	-1	11.46	11.46
Fixation R	1	22	8531550550	8531698560	148010	665.04	856.49	19	58	-1	12.72	12.72
Saccade L	1	25	8531698560	8531722559	23999	653.49	815.93	729.89	810.57	1.50	134.05	0.67	62.33	6029.12	-4591.07	3726.76
Saccade R	1	23	8531698560	8531722559	23999	653.49	815.93	729.89	810.57	1.50	134.05	0.67	62.33	6029.12	-4591.07	3726.76
Fixation L	1	23	8531722559	8532034567	312008	722.95	831.57	27	55	-1	11.63	11.63
Fixation R	1	23	8531722559	8532034567	312008	722.95	831.57	27	55	-1	12.98	12.98
Saccade L	1	26	8532034567	8532078564	43997	721.58	831.71	803.76	816.65	1.98	133.12	0.55	45.05	5571.93	-5765.29	3291.67
Saccade R	1	24	8532034567	8532078564	43997	721.58	831.71	803.76	816.65	1.98	133.12	0.55	45.05	5571.93	-5765.29	3291.67
Fixation L	1	24	8532078564	8532494572	416008	807.01	821.73	18	29	-1	11.59	11.59
Fixation R	1	24	8532078564	8532494572	416008	807.01	821.73	18	29	-1	12.92	12.92
Saccade L	1	27	8532494572	8532574582	80010	806.98	832.47	928.32	327.48	11.67	291.83	0.50	145.91	12083.82	-11693.83	5833.62
Saccade R	1	25	8532494572	8532574582	80010	806.98	832.47	928.32	327.48	11.67	291.83	0.50	145.91	12083.82	-11693.83	5833.62
Fixation L	1	25	8532574582	8532666587	92005	938.27	311.44	16	24	-1	11.28	11.28
Fixation R	1	25	8532574582	8532666587	92005	938.27	311.44	16	24	-1	12.65	12.65
Saccade L	1	28	8532666587	8532718575	51988	940.92	302.46	869.17	764.88	10.79	540.14	0.31	207.64	26760.51	-22730.90	13959.41
Saccade R	1	26	8532666587	8532718575	51988	940.92	302.46	869.17	764.88	10.79	540.14	0.31	207.64	26760.51	-22730.90	13959.41
Saccade L	1	29	8532718575	8532754618	36043	869.17	764.88	873.61	828.99	1.22	69.56	0.22	33.90	973.45	-2448.93	1282.20
Saccade R	1	27	8532718575	8532754618	36043	869.17	764.88	873.61	828.99	1.22	69.56	0.22	33.90	973.45	-2448.93	1282.20
Fixation L	1	26	8532754618	8532854579	99961	856.37	822.80	50	11	-1	11.18	11.18
Fixation R	1	26	8532754618	8532854579	99961	856.37	822.80	50	11	-1	12.83	12.83
Saccade L	1	30	8532854579	8532926454	71875	826.73	822.67	771.35	641.48	4.31	222.03	0.56	60.01	9915.41	-8934.31	3944.28
Saccade R	1	28	8532854579	8532926454	71875	826.73	822.67	771.35	641.48	4.31	222.03	0.56	60.01	9915.41	-8934.31	3944.28
Fixation L	1	27	8532926454	8533106467	180013	763.93	601.38	13	60	-1	11.44	11.44
Fixation R	1	27	8532926454	8533106467	180013	763.93	601.38	13	60	-1	12.63	12.63
Saccade L	1	31	8533106467	8533138464	31997	761.15	596.84	788.75	612.98	0.74	49.38	0.37	23.17	2166.53	-1430.55	1110.52
Saccade R	1	29	8533106467	8533138464	31997	761.15	596.84	788.75	612.98	0.74	49.38	0.37	23.17	2166.53	-1430.55	1110.52
Fixation L	1	28	8533138464	8533258474	120010	802.64	617.15	18	6	-1	11.49	11.49
Fixation R	1	28	8533138464	8533258474	120010	802.64	617.15	18	6	-1	12.89	12.89
Saccade L	1	32	8533258474	8533298468	39994	798.72	617.06	915.59	606.93	2.93	229.83	0.40	73.32	9911.09	-9561.10	5858.44
Saccade R	1	30	8533258474	8533298468	39994	798.72	617.06	915.59	606.93	2.93	229.83	0.40	73.32	9911.09	-9561.10	5858.44
Fixation L	1	29	8533298468	8533802488	504020	934.22	610.30	45	45	-1	11.35	11.35
Fixation R	1	29	8533298468	8533802488	504020	934.22	610.30	45	45	-1	12.85	12.85
Saccade L	1	33	8533802488	8533874489	72001	958.32	618.10	1162.74	293.19	9.12	271.60	0.39	126.71	11763.32	-8078.93	5885.82
Saccade R	1	31	8533802488	8533874489	72001	958.32	618.10	1162.74	293.19	9.12	271.60	0.39	126.71	11763.32	-8078.93	5885.82
Fixation L	1	30	8533874489	8534318485	443996	1200.84	297.70	59	33	-1	11.18	11.18
Fixation R	1	30	8533874489	8534318485	443996	1200.84	297.70	59	33	-1	12.63	12.63
Saccade R	1	32	8534318485	8534354376	35891	1219.47	294.05	0.00	0.00	35.05	3010.45	0.67	976.57	111360.67	-125958.34	72273.33
Fixation R	1	31	8534354376	8534414384	60008	0.00	0.00	0	0	-1	12.05	12.05
Fixation L	1	31	8534514365	8534590387	76022	1228.57	302.80	12	17	-1	11.06	11.06
Fixation R	1	32	8534514365	8534590387	76022	1228.57	302.80	12	17	-1	12.37	12.37
Saccade L	1	34	8534590387	8534638409	48022	1229.64	302.04	991.74	629.54	8.75	374.83	0.42	182.25	17738.03	-14920.78	11547.15
Saccade R	1	33	8534590387	8534638409	48022	1229.64	302.04	991.74	629.54	8.75	374.83	0.42	182.25	17738.03	-14920.78	11547.15
Fixation L	1	32	8534638409	8534742370	103961	986.34	636.15	13	23	-1	11.27	11.27
Fixation R	1	33	8534638409	8534742370	103961	986.34	636.15	13	23	-1	12.50	12.50
Saccade L	1	35	8534742370	8534770379	28009	977.46	642.40	953.41	603.92	0.75	48.22	0.57	26.90	2136.65	-1282.01	1298.68
Saccade R	1	34	8534742370	8534770379	28009	977.46	642.40	953.41	603.92	0.75	48.22	0.57	26.90	2136.65	-1282.01	1298.68
Fixation L	1	33	8534770379	8534882369	111990	972.95	627.78	24	30	-1	11.23	11.23
Fixation R	1	34	8534770379	8534882369	111990	972.95	627.78	24	30	-1	12.48	12.48
Saccade L	1	36	8534882369	8534934373	52004	977.67	626.99	939.03	744.35	3.90	210.13	0.31	74.91	10209.15	-8226.88	4896.96
Saccade R	1	35	8534882369	8534934373	52004	977.67	626.99	939.03	744.35	3.90	210.13	0.31	74.91	10209.15	-8226.88	4896.96
Saccade L	1	37	8534934373	8535046373	112000	939.03	744.35	1189.32	345.02	10.64	432.78	0.29	95.02	19863.44	-13516.19	5609.19
Saccade R	1	36	8534934373	8535046373	112000	939.03	744.35	1189.32	345.02	10.64	432.78	0.29	95.02	19863.44	-13516.19	5609.19
Fixation L	1	34	8535046373	8535230383	184010	1175.56	356.47	27	20	-1	11.03	11.03
Fixation R	1	35	8535046373	8535230383	184010	1175.56	356.47	27	20	-1	12.34	12.34
Saccade L	1	38	8535230383	8535274388	44005	1166.91	359.08	1217.74	294.77	1.77	75.20	0.36	40.22	3562.08	-2925.65	2285.42
Saccade R	1	37	8535230383	8535274388	44005	1166.91	359.08	1217.74	294.77	1.77	75.20	0.36	40.22	3562.08	-2925.65	2285.42
Fixation L	1	35	8535274388	8535434403	160015	1230.76	292.87	24	8	-1	11.19	11.19
Fixation R	1	36	8535274388	8535434403	160015	1230.76	292.87	24	8	-1	12.39	12.39
Saccade L	1	39	8535434403	8535470392	35989	1228.67	294.20	1123.31	282.86	2.17	140.76	0.33	60.31	6177.85	-5701.03	4028.49
Saccade R	1	38	8535434403	8535470392	35989	1228.67	294.20	1123.31	282.86	2.17	140.76	0.33	60.31	6177.85	-5701.03	4028.49
Fixation L	1	36	8535470392	8535762562	292170	850.76	214.96	1127	329	-1	10.38	10.38
Fixation R	1	37	8535470392	8535666391	195999	1115.20	280.78	21	13	-1	12.38	12.38
Saccade R	1	39	8535666391	8535702389	35998	1123.16	269.71	0.00	0.00	24.29	2159.30	0.67	674.77	91738.27	-92427.92	56499.11
Fixation R	1	38	8535702389	8535762562	60173	0.00	0.00	0	0	-1	11.18	11.18
Fixation L	1	37	8535838311	8535970272	131961	1178.01	291.64	57	17	-1	11.30	11.30
Fixation R	1	39	8535838311	8535970272	131961	1178.01	291.64	57	17	-1	12.28	12.28
Saccade L	1	40	8535970272	8536018271	47999	1179.74	298.14	952.82	284.62	4.88	273.16	0.33	101.61	12975.78	-11937.53	7274.60
Saccade R	1	40	8535970272	8536018271	47999	1179.74	298.14	952.82	284.62	4.88	273.16	0.33	101.61	12975.78	-11937.53	7274.60
Fixation L	1	38	8536018271	8536154275	136004	940.40	277.85	17	12	-1	11.42	11.42
Fixation R	1	40	8536018271	8536154275	136004	940.40	277.85	17	12	-1	12.53	12.53
Saccade L	1	41	8536154275	8536210291	56016	935.39	279.73	464.27	295.20	10.28	421.79	0.36	183.43	19474.39	-11213.45	10196.75
Saccade R	1	41	8536154275	8536210291	56016	935.39	279.73	464.27	295.20	10.28	421.79	0.36	183.43	19474.39	-11213.45	10196.75
Fixation L	1	39	8536210291	8536434293	224002	443.20	307.67	28	29	-1	11.33	11.33
Fixation R	1	41	8536210291	8536434293	224002	443.20	307.67	28	29	-1	12.72	12.72
Saccade L	1	42	8536434293	8536498291	63998	435.04	323.88	747.69	286.67	6.98	315.12	0.25	109.09	15235.42	-11187.94	6910.21
Saccade R	1	42	8536434293	8536498291	63998	435.04	323.88	747.69	286.67	6.98	315.12	0.25	109.09	15235.42	-11187.94	6910.21
Fixation L	1	40	8536498291	8536986302	488011	776.34	291.17	41	24	-1	11.26	11.26
Fixation R	1	42	8536498291	8536986302	488011	776.34	291.17	41	24	-1	12.69	12.69
Saccade L	1	43	8536986302	8537038302	52000	782.33	298.07	873.65	607.84	7.16	301.47	0.31	137.75	14696.75	-11412.66	8792.38
Saccade R	1	43	8536986302	8537038302	52000	782.33	298.07	873.65	607.84	7.16	301.47	0.31	137.75	14696.75	-11412.66	8792.38
Fixation L	1	41	8537038302	8537214218	175916	885.44	619.66	25	27	-1	11.25	11.25
Fixation R	1	43	8537038302	8537214218	175916	885.44	619.66	25	27	-1	12.84	12.84
Saccade L	1	44	8537214218	8537250175	35957	895.66	613.80	990.13	614.86	1.96	117.58	0.44	54.43	5611.68	-5290.06	3817.57
Saccade R	1	44	8537214218	8537250175	35957	895.66	613.80	990.13	614.86	1.96	117.58	0.44	54.43	5611.68	-5290.06	3817.57
Fixation L	1	42	8537250175	8537454199	204024	995.24	620.93	10	13	-1	11.23	11.23
Fixation R	1	44	8537250175	8537454199	204024	995.24	620.93	10	13	-1	12.58	12.58
Saccade L	1	45	8537454199	8537518185	63986	993.04	618.40	1085.69	297.29	7.65	285.41	0.25	119.60	13769.05	-9193.84	6459.41
Saccade R	1	45	8537454199	8537518185	63986	993.04	618.40	1085.69	297.29	7.65	285.41	0.25	119.60	13769.05	-9193.84	6459.41
Fixation L	1	43	8537518185	8537726185	208000	1094.14	284.42	14	24	-1	11.19	11.19
Fixation R	1	45	8537518185	8537726185	208000	1094.14	284.42	14	24	-1	12.50	12.50
Fixation L	1	44	8537786217	8537978190	191973	1271.31	315.95	16	10	-1	11.25	11.25
Fixation R	1	46	8537786217	8537978190	191973	1271.31	315.95	16	10	-1	12.43	12.43
Saccade L	1	46	8537978190	8538010226	32036	1270.84	315.10	1173.35	310.72	2.09	149.61	0.50	65.10	6767.59	-6541.26	4918.22
Saccade R	1	46	8537978190	8538010226	32036	1270.84	315.10	1173.35	310.72	2.09	149.61	0.50	65.10	6767.59	-6541.26	4918.22
Fixation L	1	45	8538010226	8538238222	227996	1174.22	306.66	18	13	-1	11.25	11.25
Fixation R	1	47	8538010226	8538238222	227996	1174.22	306.66	18	13	-1	12.30	12.30
Saccade L	1	47	8538238222	8538290225	52003	1185.80	312.57	978.10	313.83	4.49	298.20	0.31	86.27	13518.89	-12767.01	6759.29
Saccade R	1	47	8538238222	8538290225	52003	1185.80	312.57	978.10	313.83	4.49	298.20	0.31	86.27	13518.89	-12767.01	6759.29
Fixation L	1	46	8538290225	8538414210	123985	960.20	318.54	24	10	-1	11.30	11.30
Fixation R	1	48	8538290225	8538414210	123985	960.20	318.54	24	10	-1	12.48	12.48
Saccade L	1	48	8538414210	8538458198	43988	957.05	319.14	0.00	0.00	23.19	2011.22	0.73	527.09	78694.47	-85540.75	41301.00
Fixation L	1	47	8538458198	8538526234	68036	0.00	0.00	0	0	-1	12.24	11.99
Fixation L	1	48	8538614214	8538738085	123871	721.74	561.99	25	13	-1	11.28	11.28
Fixation R	1	49	8538614214	8538738085	123871	721.74	561.99	25	13	-1	12.90	12.90
Saccade L	1	49	8538738085	8538770080	31995	719.94	562.40	717.98	617.93	1.28	94.99	0.50	40.04	3887.45	-3846.86	2739.59
Saccade R	1	48	8538738085	8538770080	31995	719.94	562.40	717.98	617.93	1.28	94.99	0.50	40.04	3887.45	-3846.86	2739.59
Fixation L	1	49	8538770080	8539050107	280027	716.44	626.53	14	18	-1	11.65	11.65
Fixation R	1	50	8538770080	8539050107	280027	716.44	626.53	14	18	-1	13.16	13.16
Saccade L	1	50	8539050107	8539138091	87984	711.12	636.27	876.90	901.17	11.58	418.50	0.23	131.57	19449.00	-12087.90	6601.06
Saccade R	1	49	8539050107	8539138091	87984	711.12	636.27	876.90	901.17	11.58	418.50	0.23	131.57	19449.00	-12087.90	6601.06
Fixation L	1	50	8539138091	8539330122	192031	905.08	885.55	40	39	-1	11.88	11.88
Fixation R	1	51	8539138091	8539330122	192031	905.08	885.55	40	39	-1	13.09	13.09
Saccade L	1	51	8539330122	8539402127	72005	902.87	878.84	661.18	814.26	6.18	338.29	0.22	85.89	15935.85	-14524.77	6047.14
Saccade R	1	50	8539330122	8539402127	72005	902.87	878.84	661.18	814.26	6.18	338.29	0.22	85.89	15935.85	-14524.77	6047.14
Fixation L	1	51	8539402127	8539650110	247983	653.65	813.64	29	24	-1	11.58	11.58
Fixation R	1	52	8539402127	8539650110	247983	653.65	813.64	29	24	-1	13.01	13.01
Saccade L	1	52	8539650110	8539686038	35928	640.63	813.95	0.00	0.00	24.11	2237.28	0.67	671.05	88152.40	-95154.23	53328.54
Saccade R	1	51	8539650110	8539686038	35928	640.63	813.95	0.00	0.00	24.11	2237.28	0.67	671.05	88152.40	-95154.23	53328.54
Fixation L	1	52	8539686038	8540005990	319952	0.00	0.00	0	0	-1	11.51	11.51
Fixation R	1	53	8539686038	8540005990	319952	0.00	0.00	0	0	-1	13.24	13.24
