[BeGaze]
Converted from:	D:\Kirillov\Results\ermolova_temp\Daniil-eye_data.idf
Date:	17.04.2019 03:52:58
Version:	BeGaze 3.0.181
Sample Rate:	250
Subject:	Daniil
Description:	Run17

Table Header for Fixations:
Event Type	Trial	Number	Start	End	Duration	Location X	Location Y	Dispersion X	Dispersion Y	Plane	Avg. Pupil Size X	Avg. Pupil Size Y

Table Header for Saccades:
Event Type	Trial	Number	Start	End	Duration	Start Loc.X	Start Loc.Y	End Loc.X	End Loc.Y	Amplitude	Peak Speed	Peak Speed At	Average Speed	Peak Accel.	Peak Decel.	Average Accel.

Table Header for User Events:
Event Type	Trial	Number	Start	Description

UserEvent	1	1	4589999390	# Message: experiment-05.jpg
Fixation L	1	1	4589999937	4590271829	271892	461.17	335.75	19	19	-1	13.39	13.39
Fixation R	1	1	4589999937	4590271829	271892	461.17	335.75	19	19	-1	13.63	13.63
Saccade L	1	1	4590271829	4590307820	35991	466.01	332.75	387.87	424.28	2.45	139.07	0.56	68.00	6398.70	-6129.53	4547.23
Saccade R	1	1	4590271829	4590307820	35991	466.01	332.75	387.87	424.28	2.45	139.07	0.56	68.00	6398.70	-6129.53	4547.23
Fixation L	1	2	4590307820	4590687838	380018	383.43	426.85	19	37	-1	13.36	13.36
Fixation R	1	2	4590307820	4590687838	380018	383.43	426.85	19	37	-1	13.68	13.68
Saccade L	1	2	4590687838	4590759832	71994	380.70	449.41	986.11	448.45	13.33	332.27	0.56	185.21	10750.33	-14346.33	7677.80
Saccade R	1	2	4590687838	4590759832	71994	380.70	449.41	986.11	448.45	13.33	332.27	0.56	185.21	10750.33	-14346.33	7677.80
Fixation L	1	3	4590759832	4590887850	128018	993.70	447.09	22	21	-1	13.21	13.21
Fixation R	1	3	4590759832	4590887850	128018	993.70	447.09	22	21	-1	13.55	13.55
Saccade L	1	3	4590887850	4590919826	31976	1009.00	433.39	1019.77	504.23	1.53	105.36	0.50	47.99	4465.23	-4360.81	3231.66
Saccade R	1	3	4590887850	4590919826	31976	1009.00	433.39	1019.77	504.23	1.53	105.36	0.50	47.99	4465.23	-4360.81	3231.66
Fixation L	1	4	4590919826	4591219853	300027	1029.31	495.11	18	19	-1	13.05	13.05
Fixation R	1	4	4590919826	4591219853	300027	1029.31	495.11	18	19	-1	13.10	13.10
Saccade L	1	4	4591219853	4591239836	19983	1034.10	485.25	1002.84	490.18	0.63	54.18	0.40	31.41	2470.43	-1970.68	1639.71
Saccade R	1	4	4591219853	4591239836	19983	1034.10	485.25	1002.84	490.18	0.63	54.18	0.40	31.41	2470.43	-1970.68	1639.71
Fixation L	1	5	4591239836	4591299853	60017	995.18	497.02	16	15	-1	12.89	12.89
Fixation R	1	5	4591239836	4591299853	60017	995.18	497.02	16	15	-1	13.02	13.02
Saccade L	1	5	4591299853	4591363852	63999	998.61	507.43	589.77	449.70	9.08	284.50	0.37	141.93	13291.61	-8484.55	7012.65
Saccade R	1	5	4591299853	4591363852	63999	998.61	507.43	589.77	449.70	9.08	284.50	0.37	141.93	13291.61	-8484.55	7012.65
Fixation L	1	6	4591363852	4591523867	160015	581.24	450.07	13	22	-1	12.59	12.59
Fixation R	1	6	4591363852	4591523867	160015	581.24	450.07	13	22	-1	12.79	12.79
Saccade L	1	6	4591523867	4591551861	27994	578.54	451.17	491.87	464.47	1.84	142.08	0.43	65.86	6436.29	-6494.68	4778.42
Saccade R	1	6	4591523867	4591551861	27994	578.54	451.17	491.87	464.47	1.84	142.08	0.43	65.86	6436.29	-6494.68	4778.42
Fixation L	1	7	4591551861	4591711721	159860	482.84	458.72	13	24	-1	12.38	12.38
Fixation R	1	7	4591551861	4591711721	159860	482.84	458.72	13	24	-1	12.69	12.69
Saccade L	1	7	4591711721	4591771788	60067	474.57	447.91	987.53	519.69	11.26	370.83	0.33	187.39	18441.45	-10963.67	8936.92
Saccade R	1	7	4591711721	4591771788	60067	474.57	447.91	987.53	519.69	11.26	370.83	0.33	187.39	18441.45	-10963.67	8936.92
Fixation L	1	8	4591771788	4591975759	203971	996.19	523.34	22	16	-1	12.95	12.95
Fixation R	1	8	4591771788	4591975759	203971	996.19	523.34	22	16	-1	13.13	13.13
Saccade L	1	8	4591975759	4592007734	31975	998.96	526.02	1029.90	513.97	0.91	57.96	0.38	28.42	2393.62	-1824.87	1173.14
Saccade R	1	8	4591975759	4592007734	31975	998.96	526.02	1029.90	513.97	0.91	57.96	0.38	28.42	2393.62	-1824.87	1173.14
Fixation L	1	9	4592007734	4592391745	384011	1036.56	505.45	13	29	-1	12.88	12.88
Fixation R	1	9	4592007734	4592391745	384011	1036.56	505.45	13	29	-1	13.09	13.09
Saccade L	1	9	4592391745	4592467731	75986	1030.30	510.22	432.68	440.88	13.24	350.54	0.26	174.22	17025.22	-12777.92	7595.65
Saccade R	1	9	4592391745	4592467731	75986	1030.30	510.22	432.68	440.88	13.24	350.54	0.26	174.22	17025.22	-12777.92	7595.65
Fixation L	1	10	4592467731	4592791747	324016	426.11	458.80	13	32	-1	12.57	12.57
Fixation R	1	10	4592467731	4592791747	324016	426.11	458.80	13	32	-1	12.76	12.76
Saccade L	1	10	4592791747	4592823762	32015	422.76	466.56	414.19	507.72	0.89	48.37	0.50	27.71	2151.34	-2054.67	1560.52
Saccade R	1	10	4592791747	4592823762	32015	422.76	466.56	414.19	507.72	0.89	48.37	0.50	27.71	2151.34	-2054.67	1560.52
Fixation L	1	11	4592823762	4593919648	1095886	395.63	518.81	44	73	-1	12.87	12.87
Fixation R	1	11	4592823762	4593919648	1095886	395.63	518.81	44	73	-1	13.18	13.18
Saccade L	1	11	4593919648	4594019671	100023	384.17	510.70	977.96	510.95	13.49	296.37	0.56	134.91	9922.87	-12644.46	5202.91
Saccade R	1	11	4593919648	4594019671	100023	384.17	510.70	977.96	510.95	13.49	296.37	0.56	134.91	9922.87	-12644.46	5202.91
Fixation L	1	12	4594019671	4594943566	923895	1022.25	513.66	72	73	-1	12.85	12.85
Fixation R	1	12	4594019671	4594943566	923895	1022.25	513.66	72	73	-1	12.97	12.97
Saccade L	1	12	4594943566	4594991558	47992	1050.45	489.20	1105.91	529.85	1.48	63.54	0.33	30.89	2925.01	-2122.84	1543.71
Saccade R	1	12	4594943566	4594991558	47992	1050.45	489.20	1105.91	529.85	1.48	63.54	0.33	30.89	2925.01	-2122.84	1543.71
Fixation L	1	13	4594991558	4595111541	119983	1109.89	522.28	7	18	-1	12.60	12.60
Fixation R	1	13	4594991558	4595111541	119983	1109.89	522.28	7	18	-1	12.72	12.72
Saccade L	1	13	4595111541	4595191559	80018	1109.24	512.32	391.99	399.06	16.22	383.15	0.25	202.66	17977.44	-15047.31	8114.72
Saccade R	1	13	4595111541	4595191559	80018	1109.24	512.32	391.99	399.06	16.22	383.15	0.25	202.66	17977.44	-15047.31	8114.72
Fixation L	1	14	4595191559	4595739569	548010	363.64	409.99	56	44	-1	12.44	12.44
Fixation R	1	14	4595191559	4595739569	548010	363.64	409.99	56	44	-1	12.55	12.55
Saccade L	1	14	4595739569	4595779570	40001	349.96	405.69	391.68	355.22	1.41	62.73	0.40	35.23	2752.17	-2131.35	1674.26
Saccade R	1	14	4595739569	4595779570	40001	349.96	405.69	391.68	355.22	1.41	62.73	0.40	35.23	2752.17	-2131.35	1674.26
Fixation L	1	15	4595779570	4595879449	99879	390.84	341.89	9	18	-1	12.39	12.39
Fixation R	1	15	4595779570	4595879449	99879	390.84	341.89	9	18	-1	12.47	12.47
Saccade L	1	15	4595879449	4595939434	59985	390.38	339.41	997.14	506.74	13.89	411.41	0.33	231.56	19718.76	-12775.63	10821.55
Saccade R	1	15	4595879449	4595939434	59985	390.38	339.41	997.14	506.74	13.89	411.41	0.33	231.56	19718.76	-12775.63	10821.55
Fixation L	1	16	4595939434	4596007462	68028	1001.94	516.80	15	15	-1	12.73	12.73
Fixation R	1	16	4595939434	4596007462	68028	1001.94	516.80	15	15	-1	12.90	12.90
Saccade L	1	16	4596007462	4596031435	23973	1010.64	518.88	1076.74	505.54	1.44	128.64	0.50	60.09	5521.76	-5254.35	3875.39
Saccade R	1	16	4596007462	4596031435	23973	1010.64	518.88	1076.74	505.54	1.44	128.64	0.50	60.09	5521.76	-5254.35	3875.39
Fixation L	1	17	4596031435	4596215479	184044	1073.96	511.05	10	13	-1	12.62	12.62
Fixation R	1	17	4596031435	4596215479	184044	1073.96	511.05	10	13	-1	12.75	12.75
Saccade L	1	17	4596215479	4596243459	27980	1077.24	503.64	1118.64	501.37	0.83	51.55	0.43	29.73	2288.93	-1881.61	1526.10
Saccade R	1	17	4596215479	4596243459	27980	1077.24	503.64	1118.64	501.37	0.83	51.55	0.43	29.73	2288.93	-1881.61	1526.10
Fixation L	1	18	4596243459	4596411507	168048	1126.95	498.34	15	10	-1	12.63	12.63
Fixation R	1	18	4596243459	4596411507	168048	1126.95	498.34	15	10	-1	12.76	12.76
Saccade L	1	18	4596411507	4596443481	31974	1126.27	497.52	1166.12	560.21	1.58	107.84	0.50	49.54	4773.09	-4537.10	3337.03
Saccade R	1	18	4596411507	4596443481	31974	1126.27	497.52	1166.12	560.21	1.58	107.84	0.50	49.54	4773.09	-4537.10	3337.03
Fixation L	1	19	4596443481	4596859487	416006	1179.05	563.94	20	21	-1	12.45	12.45
Fixation R	1	19	4596443481	4596859487	416006	1179.05	563.94	20	21	-1	12.57	12.57
Saccade L	1	19	4596859487	4596891487	32000	1169.10	575.78	1047.43	570.13	2.56	185.71	0.50	79.86	8175.16	-8381.61	5900.35
Saccade R	1	19	4596859487	4596891487	32000	1169.10	575.78	1047.43	570.13	2.56	185.71	0.50	79.86	8175.16	-8381.61	5900.35
Saccade L	1	20	4596939466	4596967490	28024	1040.78	558.23	1004.97	544.39	0.93	58.35	0.57	33.36	2556.56	-2400.86	1822.75
Saccade R	1	20	4596939466	4596967490	28024	1040.78	558.23	1004.97	544.39	0.93	58.35	0.57	33.36	2556.56	-2400.86	1822.75
Fixation L	1	20	4596967490	4597131479	163989	1001.59	552.87	20	41	-1	12.82	12.82
Fixation R	1	20	4596967490	4597131479	163989	1001.59	552.87	20	41	-1	12.88	12.88
Saccade L	1	21	4597131479	4597159468	27989	1002.74	580.06	969.17	560.20	0.81	50.68	0.57	29.09	2117.19	-2096.80	1571.88
Saccade R	1	21	4597131479	4597159468	27989	1002.74	580.06	969.17	560.20	0.81	50.68	0.57	29.09	2117.19	-2096.80	1571.88
Fixation L	1	21	4597159468	4597215478	56010	968.72	557.20	6	6	-1	12.60	12.60
Fixation R	1	21	4597159468	4597215478	56010	968.72	557.20	6	6	-1	13.00	13.00
