[BeGaze]
Converted from:	D:\Kirillov\Results\ermolova_temp\Nastya 3kurs-eye_data.idf
Date:	17.04.2019 03:52:18
Version:	BeGaze 3.0.181
Sample Rate:	250
Subject:	Nastya 3kurs
Description:	Run3

Table Header for Fixations:
Event Type	Trial	Number	Start	End	Duration	Location X	Location Y	Dispersion X	Dispersion Y	Plane	Avg. Pupil Size X	Avg. Pupil Size Y

Table Header for Saccades:
Event Type	Trial	Number	Start	End	Duration	Start Loc.X	Start Loc.Y	End Loc.X	End Loc.Y	Amplitude	Peak Speed	Peak Speed At	Average Speed	Peak Accel.	Peak Decel.	Average Accel.

Table Header for User Events:
Event Type	Trial	Number	Start	Description

UserEvent	1	1	5173889080	# Message: Questionnaire9.jpg
Fixation L	1	1	5173891834	5174027844	136010	761.61	359.76	38	43	-1	14.18	14.18
Fixation R	1	1	5173891834	5174027844	136010	761.61	359.76	38	43	-1	13.01	13.01
Saccade L	1	1	5174027844	5174075836	47992	786.57	363.34	506.44	633.21	8.60	328.78	0.50	179.22	15386.87	-14129.13	10276.94
Saccade R	1	1	5174027844	5174075836	47992	786.57	363.34	506.44	633.21	8.60	328.78	0.50	179.22	15386.87	-14129.13	10276.94
Fixation L	1	2	5174075836	5174203761	127925	497.22	623.42	20	29	-1	14.47	14.47
Fixation R	1	2	5174075836	5174203761	127925	497.22	623.42	20	29	-1	13.44	13.44
Saccade L	1	2	5174203761	5174239777	36016	489.44	611.93	433.59	356.78	5.50	289.87	0.55	152.74	13435.49	-13193.05	9703.72
Saccade R	1	2	5174203761	5174239777	36016	489.44	611.93	433.59	356.78	5.50	289.87	0.55	152.74	13435.49	-13193.05	9703.72
Saccade L	1	3	5174239777	5174265632	25855	433.59	356.78	425.85	325.83	0.85	69.39	0.46	32.98	429.98	-8710.70	2558.81
Saccade R	1	3	5174239777	5174265632	25855	433.59	356.78	425.85	325.83	0.85	69.39	0.46	32.98	429.98	-8710.70	2558.81
Saccade L	1	4	5174265632	5174291736	26104	425.85	325.83	395.65	359.51	0.75	46.57	0.69	28.91	748.95	-1700.43	960.91
Saccade R	1	4	5174265632	5174291736	26104	425.85	325.83	395.65	359.51	0.75	46.57	0.69	28.91	748.95	-1700.43	960.91
Saccade L	1	5	5174307733	5174343735	36002	392.89	356.67	436.26	339.24	1.00	47.77	0.23	27.72	1800.79	-1326.23	957.45
Saccade R	1	5	5174307733	5174343735	36002	392.89	356.67	436.26	339.24	1.00	47.77	0.23	27.72	1800.79	-1326.23	957.45
Fixation L	1	3	5174343735	5174455736	112001	422.32	336.08	26	34	-1	14.99	14.99
Fixation R	1	3	5174343735	5174455736	112001	422.32	336.08	26	34	-1	13.59	13.59
Saccade L	1	6	5174455736	5174479717	23981	406.82	320.84	374.52	321.09	0.73	48.75	0.50	30.34	1491.47	-1469.66	1113.48
Saccade R	1	6	5174455736	5174479717	23981	406.82	320.84	374.52	321.09	0.73	48.75	0.50	30.34	1491.47	-1469.66	1113.48
Saccade L	1	7	5174511720	5174531731	20011	363.77	308.99	368.94	288.32	0.47	40.97	0.40	23.67	1289.35	-738.86	764.63
Saccade R	1	7	5174511720	5174531731	20011	363.77	308.99	368.94	288.32	0.47	40.97	0.40	23.67	1289.35	-738.86	764.63
Fixation L	1	4	5174531731	5174583719	51988	371.11	306.41	6	31	-1	15.12	15.12
Fixation R	1	4	5174531731	5174583719	51988	371.11	306.41	6	31	-1	13.52	13.52
Saccade L	1	8	5174583719	5174611742	28023	365.77	320.50	375.57	266.04	1.05	64.00	0.57	37.35	2819.00	-2605.01	1942.17
Saccade R	1	8	5174583719	5174611742	28023	365.77	320.50	375.57	266.04	1.05	64.00	0.57	37.35	2819.00	-2605.01	1942.17
Saccade L	1	9	5174627728	5174667744	40016	381.38	274.62	385.50	322.90	1.20	51.62	0.40	29.95	1976.63	-1129.49	1052.38
Saccade R	1	9	5174627728	5174667744	40016	381.38	274.62	385.50	322.90	1.20	51.62	0.40	29.95	1976.63	-1129.49	1052.38
Fixation L	1	5	5174667744	5174787733	119989	383.01	327.84	18	19	-1	15.22	15.22
Fixation R	1	5	5174667744	5174787733	119989	383.01	327.84	18	19	-1	13.48	13.48
Saccade L	1	10	5174787733	5174819738	32005	374.07	336.62	415.04	350.88	0.98	47.37	0.50	30.58	1677.52	-1608.58	1165.38
Saccade R	1	10	5174787733	5174819738	32005	374.07	336.62	415.04	350.88	0.98	47.37	0.50	30.58	1677.52	-1608.58	1165.38
Saccade L	1	11	5174819738	5174851732	31994	415.04	350.88	391.36	324.34	1.11	78.91	0.37	34.54	2357.01	-2444.98	1449.93
Saccade R	1	11	5174819738	5174851732	31994	415.04	350.88	391.36	324.34	1.11	78.91	0.37	34.54	2357.01	-2444.98	1449.93
Fixation L	1	6	5174851732	5174907731	55999	391.42	322.35	34	10	-1	15.29	15.29
Fixation R	1	6	5174851732	5174907731	55999	391.42	322.35	34	10	-1	13.79	13.79
Saccade L	1	12	5174907731	5174927747	20016	409.28	322.18	366.78	313.29	0.74	65.04	0.40	36.83	2553.08	-1883.25	1600.17
Saccade R	1	12	5174907731	5174927747	20016	409.28	322.18	366.78	313.29	0.74	65.04	0.40	36.83	2553.08	-1883.25	1600.17
Saccade L	1	13	5174935726	5174955736	20010	370.79	309.85	344.20	304.83	0.54	42.64	0.40	26.84	943.02	-950.45	645.31
Saccade R	1	13	5174935726	5174955736	20010	370.79	309.85	344.20	304.83	0.54	42.64	0.40	26.84	943.02	-950.45	645.31
UserEvent	1	2	5174947364	# Message: UE-mouseclick left x=433 y=274
Fixation L	1	7	5174955736	5175243673	287937	372.40	318.10	46	59	-1	15.26	15.26
Fixation R	1	7	5174955736	5175243673	287937	372.40	318.10	46	59	-1	13.73	13.73
Saccade L	1	14	5175243673	5175279729	36056	392.51	316.36	340.53	309.17	1.00	42.17	0.78	27.74	1321.91	-686.38	716.36
Saccade R	1	14	5175243673	5175279729	36056	392.51	316.36	340.53	309.17	1.00	42.17	0.78	27.74	1321.91	-686.38	716.36
Saccade L	1	15	5175279729	5175311734	32005	340.53	309.17	395.40	414.29	2.35	165.80	0.62	73.33	6250.17	-6914.25	4463.52
Saccade R	1	15	5175279729	5175311734	32005	340.53	309.17	395.40	414.29	2.35	165.80	0.62	73.33	6250.17	-6914.25	4463.52
Fixation L	1	8	5175311734	5175447750	136016	394.46	429.18	17	26	-1	15.44	15.44
Fixation R	1	8	5175311734	5175447750	136016	394.46	429.18	17	26	-1	13.98	13.98
