[BeGaze]
Converted from:	D:\Kirillov\Results\ermolova_temp\Yulia 02-eye_data.idf
Date:	17.04.2019 03:53:20
Version:	BeGaze 3.0.181
Sample Rate:	250
Subject:	Yulia 02
Description:	Run23

Table Header for Fixations:
Event Type	Trial	Number	Start	End	Duration	Location X	Location Y	Dispersion X	Dispersion Y	Plane	Avg. Pupil Size X	Avg. Pupil Size Y

Table Header for Saccades:
Event Type	Trial	Number	Start	End	Duration	Start Loc.X	Start Loc.Y	End Loc.X	End Loc.Y	Amplitude	Peak Speed	Peak Speed At	Average Speed	Peak Accel.	Peak Decel.	Average Accel.

Table Header for User Events:
Event Type	Trial	Number	Start	Description

UserEvent	1	1	9616442173	# Message: experiment-05.jpg
Saccade L	1	1	9616742102	9616766092	23990	0.00	0.00	830.19	1136.72	27.84	2703.52	0.50	1160.46	112769.08	-112723.47	81681.20
Saccade R	1	1	9616742102	9616766092	23990	0.00	0.00	830.19	1136.72	27.84	2703.52	0.50	1160.46	112769.08	-112723.47	81681.20
Saccade L	1	2	9616774095	9616798110	24015	830.04	1136.72	0.00	0.00	27.87	2704.08	0.50	1160.50	112730.53	-112776.10	81684.91
Saccade R	1	2	9616774095	9616798110	24015	830.04	1136.72	0.00	0.00	27.87	2704.08	0.50	1160.50	112730.53	-112776.10	81684.91
Fixation L	1	1	9616798110	9617226013	427903	0.00	0.00	0	0	-1	11.52	11.52
Fixation R	1	1	9616798110	9617226013	427903	0.00	0.00	0	0	-1	11.00	11.00
Saccade L	1	3	9617226013	9617254133	28120	0.00	0.00	-0.21	0.00	6.77	321.02	0.43	240.73	17196.68	-17193.56	14328.46
Saccade R	1	3	9617226013	9617254133	28120	0.00	0.00	-0.21	0.00	6.77	321.02	0.43	240.73	17196.68	-17193.56	14328.46
Fixation L	1	2	9617254133	9617378110	123977	-0.04	0.00	0	0	-1	11.48	11.48
Fixation R	1	2	9617254133	9617378110	123977	-0.04	0.00	0	0	-1	11.08	11.08
Saccade L	1	4	9617378110	9617426101	47991	0.00	0.00	5.20	0.00	21.31	968.97	0.25	444.14	40463.62	-39081.77	21455.34
Saccade R	1	4	9617378110	9617426101	47991	0.00	0.00	5.20	0.00	21.31	968.97	0.25	444.14	40463.62	-39081.77	21455.34
Saccade L	1	5	9617442103	9617732233	290130	2.01	0.00	643.58	641.15	235.59	2268.84	0.04	812.03	94250.25	-63518.71	41589.33
Saccade R	1	5	9617442103	9617732233	290130	2.01	0.00	643.58	641.15	235.59	2268.84	0.04	812.03	94250.25	-63518.71	41589.33
Saccade L	1	6	9617764222	9617816256	52034	636.33	651.07	1022.39	543.64	9.58	548.66	0.31	184.20	26308.45	-25100.58	13734.79
Saccade R	1	6	9617764222	9617816256	52034	636.33	651.07	1022.39	543.64	9.58	548.66	0.31	184.20	26308.45	-25100.58	13734.79
Fixation L	1	3	9617816256	9618072254	255998	1037.15	549.21	22	19	-1	13.24	13.24
Fixation R	1	3	9617816256	9618072254	255998	1037.15	549.21	22	19	-1	13.29	13.29
Saccade L	1	7	9618072254	9618096252	23998	1035.14	548.87	1065.31	556.49	0.65	52.03	0.50	27.08	2432.79	-1948.45	1567.72
Saccade R	1	7	9618072254	9618096252	23998	1035.14	548.87	1065.31	556.49	0.65	52.03	0.50	27.08	2432.79	-1948.45	1567.72
Fixation L	1	4	9618096252	9618232238	135986	1078.00	554.71	24	14	-1	11.99	11.99
Fixation R	1	4	9618096252	9618232238	135986	1078.00	554.71	24	14	-1	12.24	12.24
Saccade L	1	8	9618232238	9618272224	39986	1082.01	550.78	1062.35	629.70	1.72	103.09	0.40	42.96	4933.91	-4553.66	2885.04
Saccade R	1	8	9618232238	9618272224	39986	1082.01	550.78	1062.35	629.70	1.72	103.09	0.40	42.96	4933.91	-4553.66	2885.04
Fixation L	1	5	9618272224	9618404111	131887	1057.03	631.77	9	16	-1	11.65	11.65
Fixation R	1	5	9618272224	9618404111	131887	1057.03	631.77	9	16	-1	11.71	11.71
Saccade L	1	9	9618404111	9618452104	47993	1062.81	641.36	460.50	542.92	12.98	532.14	0.42	270.55	25804.22	-21121.10	16405.74
Saccade R	1	9	9618404111	9618452104	47993	1062.81	641.36	460.50	542.92	12.98	532.14	0.42	270.55	25804.22	-21121.10	16405.74
Fixation L	1	6	9618452104	9618632114	180010	442.62	528.10	37	22	-1	11.64	11.64
Fixation R	1	6	9618452104	9618632114	180010	442.62	528.10	37	22	-1	11.38	11.38
Saccade L	1	10	9618632114	9618672129	40015	451.98	527.45	279.89	522.01	4.03	300.37	0.40	100.77	12950.62	-12949.16	7994.24
Saccade R	1	10	9618632114	9618672129	40015	451.98	527.45	279.89	522.01	4.03	300.37	0.40	100.77	12950.62	-12949.16	7994.24
Fixation L	1	7	9618672129	9618884149	212020	287.69	523.60	30	15	-1	11.62	11.62
Fixation R	1	7	9618672129	9618884149	212020	287.69	523.60	30	15	-1	11.33	11.33
Saccade L	1	11	9618884149	9618920147	35998	284.86	517.75	381.43	563.27	2.22	138.86	0.44	61.62	6293.87	-6064.28	4320.47
Saccade R	1	11	9618884149	9618920147	35998	284.86	517.75	381.43	563.27	2.22	138.86	0.44	61.62	6293.87	-6064.28	4320.47
Fixation L	1	8	9618920147	9619140126	219979	387.73	583.97	17	31	-1	11.94	11.94
Fixation R	1	8	9618920147	9619140126	219979	387.73	583.97	17	31	-1	11.55	11.55
Saccade L	1	12	9619140126	9619176158	36032	396.21	583.09	461.61	572.49	1.64	119.50	0.33	45.54	5567.30	-4988.86	3145.34
Saccade R	1	12	9619140126	9619176158	36032	396.21	583.09	461.61	572.49	1.64	119.50	0.33	45.54	5567.30	-4988.86	3145.34
Fixation L	1	9	9619176158	9619324125	147967	467.91	579.03	17	18	-1	11.98	11.98
Fixation R	1	9	9619176158	9619324125	147967	467.91	579.03	17	18	-1	11.79	11.79
Saccade L	1	13	9619324125	9619356152	32027	466.43	568.15	430.73	563.16	0.84	54.55	0.50	26.35	2034.93	-1994.37	1428.88
Saccade R	1	13	9619324125	9619356152	32027	466.43	568.15	430.73	563.16	0.84	54.55	0.50	26.35	2034.93	-1994.37	1428.88
Fixation L	1	10	9619356152	9619628140	271988	408.68	569.96	27	21	-1	12.11	12.11
Fixation R	1	10	9619356152	9619628140	271988	408.68	569.96	27	21	-1	11.91	11.91
Saccade L	1	14	9619628140	9619696028	67888	408.95	578.82	1059.73	609.32	14.75	538.95	0.35	217.22	26049.61	-21730.23	12986.41
Saccade R	1	14	9619628140	9619696028	67888	408.95	578.82	1059.73	609.32	14.75	538.95	0.35	217.22	26049.61	-21730.23	12986.41
Fixation L	1	11	9619696028	9619984031	288003	1054.55	636.86	35	49	-1	12.39	12.39
Fixation R	1	11	9619696028	9619984031	288003	1054.55	636.86	35	49	-1	12.48	12.48
Saccade L	1	15	9620176022	9620240042	64020	1101.07	570.76	1071.04	635.16	5.70	255.33	0.38	88.99	7570.64	-7011.99	3478.16
Saccade R	1	15	9620176022	9620240042	64020	1101.07	570.76	1071.04	635.16	5.70	255.33	0.38	88.99	7570.64	-7011.99	3478.16
Saccade L	1	16	9620240042	9620304035	63993	1071.04	635.16	1068.57	549.69	2.87	145.98	0.50	44.85	5733.92	-5521.78	2646.74
Saccade R	1	16	9620240042	9620304035	63993	1071.04	635.16	1068.57	549.69	2.87	145.98	0.50	44.85	5733.92	-5521.78	2646.74
Fixation L	1	12	9620304035	9620584043	280008	1058.08	560.75	29	21	-1	12.04	12.04
Fixation R	1	12	9620304035	9620584043	280008	1058.08	560.75	29	21	-1	12.08	12.08
Saccade L	1	17	9620584043	9620624027	39984	1078.92	565.06	1046.47	485.31	1.98	131.85	0.40	49.59	6117.01	-5797.94	3570.20
Saccade R	1	17	9620584043	9620624027	39984	1078.92	565.06	1046.47	485.31	1.98	131.85	0.40	49.59	6117.01	-5797.94	3570.20
Fixation L	1	13	9620624027	9620752035	128008	1048.61	488.42	10	8	-1	11.89	11.89
Fixation R	1	13	9620624027	9620752035	128008	1048.61	488.42	10	8	-1	12.07	12.07
Saccade L	1	18	9620752035	9620840054	88019	1051.56	488.40	374.41	553.62	15.59	523.73	0.27	177.16	25457.50	-20540.49	10131.83
Saccade R	1	18	9620752035	9620840054	88019	1051.56	488.40	374.41	553.62	15.59	523.73	0.27	177.16	25457.50	-20540.49	10131.83
Fixation L	1	14	9620840054	9621583932	743878	378.52	561.79	27	44	-1	12.30	12.30
Fixation R	1	14	9620840054	9621583932	743878	378.52	561.79	27	44	-1	12.06	12.06
Saccade L	1	19	9621583932	9621635930	51998	387.31	569.83	330.63	474.51	2.47	130.22	0.46	47.57	5470.71	-5101.99	3055.45
Saccade R	1	19	9621583932	9621635930	51998	387.31	569.83	330.63	474.51	2.47	130.22	0.46	47.57	5470.71	-5101.99	3055.45
Fixation L	1	15	9621635930	9621911953	276023	329.31	466.38	21	19	-1	12.65	12.65
Fixation R	1	15	9621635930	9621911953	276023	329.31	466.38	21	19	-1	12.44	12.44
Saccade L	1	20	9621911953	9621939944	27991	321.01	467.83	382.13	455.07	1.25	90.84	0.43	44.69	3982.83	-3802.83	2899.41
Saccade R	1	20	9621911953	9621939944	27991	321.01	467.83	382.13	455.07	1.25	90.84	0.43	44.69	3982.83	-3802.83	2899.41
Fixation L	1	16	9621939944	9622075945	136001	385.21	449.77	13	14	-1	12.83	12.83
Fixation R	1	16	9621939944	9622075945	136001	385.21	449.77	13	14	-1	12.65	12.65
Saccade L	1	21	9622075945	9622135958	60013	385.41	452.77	940.39	496.97	12.49	553.00	0.40	208.15	27001.03	-24595.36	14102.15
Saccade R	1	21	9622075945	9622135958	60013	385.41	452.77	940.39	496.97	12.49	553.00	0.40	208.15	27001.03	-24595.36	14102.15
Fixation L	1	17	9622135958	9622447944	311986	975.75	519.72	48	47	-1	12.60	12.60
Fixation R	1	17	9622135958	9622447944	311986	975.75	519.72	48	47	-1	12.72	12.72
Saccade L	1	22	9622447944	9622475945	28001	980.42	537.65	1085.72	536.37	2.08	164.45	0.57	74.16	7401.97	-5881.87	4836.67
Saccade R	1	22	9622447944	9622475945	28001	980.42	537.65	1085.72	536.37	2.08	164.45	0.57	74.16	7401.97	-5881.87	4836.67
Fixation L	1	18	9622475945	9622875913	399968	1063.06	561.25	40	39	-1	12.06	12.06
Fixation R	1	18	9622475945	9622875913	399968	1063.06	561.25	40	39	-1	12.05	12.05
Saccade L	1	23	9622875913	9622915835	39922	1050.98	560.12	1141.21	559.45	3.14	198.39	0.40	78.55	9363.46	-6699.11	4684.25
Saccade R	1	23	9622875913	9622915835	39922	1050.98	560.12	1141.21	559.45	3.14	198.39	0.40	78.55	9363.46	-6699.11	4684.25
Fixation L	1	19	9622915835	9623091840	176005	1160.10	555.51	26	8	-1	11.83	11.83
Fixation R	1	19	9622915835	9623091840	176005	1160.10	555.51	26	8	-1	11.76	11.76
Saccade L	1	24	9623091840	9623151837	59997	1157.52	555.58	479.76	489.76	14.87	538.08	0.40	247.83	25702.33	-20245.89	14510.95
Saccade R	1	24	9623091840	9623151837	59997	1157.52	555.58	479.76	489.76	14.87	538.08	0.40	247.83	25702.33	-20245.89	14510.95
Fixation L	1	20	9623151837	9623351837	200000	450.50	498.41	40	24	-1	12.18	12.18
Fixation R	1	20	9623151837	9623351837	200000	450.50	498.41	40	24	-1	11.67	11.67
Saccade L	1	25	9623351837	9623407837	56000	446.97	501.48	343.72	487.67	2.58	150.21	0.50	45.99	6613.77	-6418.78	3202.12
Saccade R	1	25	9623351837	9623407837	56000	446.97	501.48	343.72	487.67	2.58	150.21	0.50	45.99	6613.77	-6418.78	3202.12
Fixation L	1	21	9623407837	9623539871	132034	347.74	481.44	11	10	-1	12.21	12.21
Fixation R	1	21	9623407837	9623539871	132034	347.74	481.44	11	10	-1	11.79	11.79
Saccade L	1	26	9623539871	9623571839	31968	353.12	486.39	381.02	436.03	1.23	85.29	0.50	38.32	3370.76	-3726.54	2513.88
Saccade R	1	26	9623539871	9623571839	31968	353.12	486.39	381.02	436.03	1.23	85.29	0.50	38.32	3370.76	-3726.54	2513.88
Fixation L	1	22	9623571839	9624031724	459885	409.92	418.72	50	50	-1	12.14	12.14
Fixation R	1	22	9623571839	9624031724	459885	409.92	418.72	50	50	-1	11.91	11.91
Saccade L	1	27	9624031724	9624091748	60024	421.46	414.18	1125.12	608.62	16.05	553.40	0.40	267.42	26148.11	-20177.69	15028.29
Saccade R	1	27	9624031724	9624091748	60024	421.46	414.18	1125.12	608.62	16.05	553.40	0.40	267.42	26148.11	-20177.69	15028.29
Fixation L	1	23	9624091748	9624235788	144040	1130.94	602.37	23	25	-1	11.75	11.75
Fixation R	1	23	9624091748	9624235788	144040	1130.94	602.37	23	25	-1	11.98	11.98
Saccade L	1	28	9624235788	9624283735	47947	1148.73	601.11	1046.75	579.25	2.46	147.83	0.50	51.21	6839.01	-6853.30	3801.60
Saccade R	1	28	9624235788	9624283735	47947	1148.73	601.11	1046.75	579.25	2.46	147.83	0.50	51.21	6839.01	-6853.30	3801.60
Fixation L	1	24	9624283735	9624387728	103993	1039.91	580.27	12	4	-1	12.08	12.08
Fixation R	1	24	9624283735	9624387728	103993	1039.91	580.27	12	4	-1	12.16	12.16
Saccade L	1	29	9624387728	9624427800	40072	1037.16	577.43	959.15	558.88	2.54	172.08	0.30	63.38	7569.27	-6053.66	3965.66
Saccade R	1	29	9624387728	9624427800	40072	1037.16	577.43	959.15	558.88	2.54	172.08	0.30	63.38	7569.27	-6053.66	3965.66
Fixation L	1	25	9624427800	9624527738	99938	954.42	556.63	9	3	-1	11.94	11.94
Fixation R	1	25	9624427800	9624527738	99938	954.42	556.63	9	3	-1	11.90	11.90
Saccade L	1	30	9624527738	9624583735	55997	951.05	558.56	0.00	0.00	43.34	3017.00	0.79	773.99	98526.87	-126184.18	50966.65
Saccade R	1	30	9624527738	9624583735	55997	951.05	558.56	0.00	0.00	43.34	3017.00	0.79	773.99	98526.87	-126184.18	50966.65
Fixation L	1	26	9624583735	9625407649	823914	0.00	0.00	0	0	-1	10.24	10.21
Fixation R	1	26	9624583735	9625407649	823914	0.00	0.00	0	0	-1	10.58	10.58
Saccade L	1	31	9625407649	9625451660	44011	0.00	0.00	778.01	628.74	23.26	1963.49	0.27	528.57	83139.57	-78533.08	41486.19
Saccade R	1	31	9625407649	9625451660	44011	0.00	0.00	778.01	628.74	23.26	1963.49	0.27	528.57	83139.57	-78533.08	41486.19
Saccade L	1	32	9625495699	9625555630	59931	808.34	667.57	939.13	611.10	5.49	320.62	0.53	91.53	14080.89	-10999.01	5922.50
Saccade R	1	32	9625495699	9625555630	59931	808.34	667.57	939.13	611.10	5.49	320.62	0.53	91.53	14080.89	-10999.01	5922.50
Fixation L	1	27	9625555630	9625707635	152005	945.72	600.37	10	20	-1	13.42	13.42
Fixation R	1	27	9625555630	9625707635	152005	945.72	600.37	10	20	-1	13.80	13.80
Saccade L	1	33	9625707635	9625735645	28010	947.58	592.89	989.86	593.20	0.82	60.82	0.43	29.30	2801.51	-2791.52	2052.10
Saccade R	1	33	9625707635	9625735645	28010	947.58	592.89	989.86	593.20	0.82	60.82	0.43	29.30	2801.51	-2791.52	2052.10
Fixation L	1	28	9625735645	9625847691	112046	986.59	586.63	7	13	-1	12.73	12.73
Fixation R	1	28	9625735645	9625847691	112046	986.59	586.63	7	13	-1	13.17	13.17
Saccade L	1	34	9625847691	9625879677	31986	986.51	581.34	1085.39	576.01	2.13	146.05	0.62	66.50	7020.33	-6497.13	4856.07
Saccade R	1	34	9625847691	9625879677	31986	986.51	581.34	1085.39	576.01	2.13	146.05	0.62	66.50	7020.33	-6497.13	4856.07
Fixation L	1	29	9625879677	9626107640	227963	1076.79	570.61	14	19	-1	12.02	12.02
Fixation R	1	29	9625879677	9626107640	227963	1076.79	570.61	14	19	-1	12.25	12.25
Saccade L	1	35	9626107640	9626179645	72005	1071.92	572.91	1230.81	585.52	5.49	309.23	0.22	76.31	14301.21	-11990.01	4900.11
Saccade R	1	35	9626107640	9626179645	72005	1071.92	572.91	1230.81	585.52	5.49	309.23	0.22	76.31	14301.21	-11990.01	4900.11
Fixation L	1	30	9626179645	9626307645	128000	1232.04	582.45	8	27	-1	11.57	11.57
Fixation R	1	30	9626179645	9626307645	128000	1232.04	582.45	8	27	-1	11.89	11.89
Saccade L	1	36	9626307645	9626359595	51950	1229.96	564.66	1005.24	556.31	5.52	340.67	0.39	106.22	16325.16	-15861.57	8359.02
Saccade R	1	36	9626307645	9626359595	51950	1229.96	564.66	1005.24	556.31	5.52	340.67	0.39	106.22	16325.16	-15861.57	8359.02
Fixation L	1	31	9626359595	9626439689	80094	996.25	563.60	15	12	-1	11.79	11.79
Fixation R	1	31	9626359595	9626439689	80094	996.25	563.60	15	12	-1	11.76	11.76
