[BeGaze]
Converted from:	D:\Kirillov\Results\ermolova_temp\Daniil-eye_data.idf
Date:	17.04.2019 03:52:57
Version:	BeGaze 3.0.181
Sample Rate:	250
Subject:	Daniil
Description:	Run17

Table Header for Fixations:
Event Type	Trial	Number	Start	End	Duration	Location X	Location Y	Dispersion X	Dispersion Y	Plane	Avg. Pupil Size X	Avg. Pupil Size Y

Table Header for Saccades:
Event Type	Trial	Number	Start	End	Duration	Start Loc.X	Start Loc.Y	End Loc.X	End Loc.Y	Amplitude	Peak Speed	Peak Speed At	Average Speed	Peak Accel.	Peak Decel.	Average Accel.

Table Header for User Events:
Event Type	Trial	Number	Start	Description

UserEvent	1	1	4496756328	# Message: experiment-01.jpg
Fixation L	1	1	4496758160	4496970164	212004	176.50	779.53	16	39	-1	12.77	12.77
Fixation R	1	1	4496758160	4496970164	212004	176.50	779.53	16	39	-1	12.79	12.79
Saccade L	1	1	4496970164	4497030167	60003	168.47	755.85	469.09	483.42	8.93	370.03	0.33	148.89	17677.17	-11688.47	8828.08
Saccade R	1	1	4496970164	4497030167	60003	168.47	755.85	469.09	483.42	8.93	370.03	0.33	148.89	17677.17	-11688.47	8828.08
Fixation L	1	2	4497030167	4497186059	155892	478.71	478.58	16	14	-1	12.78	12.78
Fixation R	1	2	4497030167	4497186059	155892	478.71	478.58	16	14	-1	13.04	13.04
Saccade L	1	2	4497186059	4497218093	32034	480.66	484.30	583.81	579.01	2.93	164.14	0.50	91.31	7959.21	-7202.53	5688.52
Saccade R	1	2	4497186059	4497218093	32034	480.66	484.30	583.81	579.01	2.93	164.14	0.50	91.31	7959.21	-7202.53	5688.52
Fixation L	1	3	4497218093	4497358055	139962	600.10	572.39	24	15	-1	12.53	12.53
Fixation R	1	3	4497218093	4497358055	139962	600.10	572.39	24	15	-1	12.60	12.60
Saccade L	1	3	4497358055	4497418079	60024	600.78	576.18	1011.19	522.39	9.13	303.15	0.27	152.05	14339.74	-10092.91	7553.09
Saccade R	1	3	4497358055	4497418079	60024	600.78	576.18	1011.19	522.39	9.13	303.15	0.27	152.05	14339.74	-10092.91	7553.09
Fixation L	1	4	4497418079	4497578059	159980	1019.81	510.10	13	18	-1	12.34	12.34
Fixation R	1	4	4497418079	4497578059	159980	1019.81	510.10	13	18	-1	12.30	12.30
Saccade L	1	4	4497578059	4497614061	36002	1023.91	512.01	1104.45	638.29	3.18	212.07	0.44	88.46	9216.05	-9204.61	6406.39
Saccade R	1	4	4497578059	4497614061	36002	1023.91	512.01	1104.45	638.29	3.18	212.07	0.44	88.46	9216.05	-9204.61	6406.39
Fixation L	1	5	4497614061	4497982058	367997	1111.29	644.07	15	16	-1	12.24	12.24
Fixation R	1	5	4497614061	4497982058	367997	1111.29	644.07	15	16	-1	12.05	12.05
Saccade L	1	5	4497982058	4498034098	52040	1118.94	644.11	1060.35	489.79	3.86	213.62	0.23	74.23	9874.25	-7929.28	4436.59
Saccade R	1	5	4497982058	4498034098	52040	1118.94	644.11	1060.35	489.79	3.86	213.62	0.23	74.23	9874.25	-7929.28	4436.59
Fixation L	1	6	4498034098	4498150068	115970	1057.06	479.85	6	17	-1	12.07	12.07
Fixation R	1	6	4498034098	4498150068	115970	1057.06	479.85	6	17	-1	11.96	11.96
Saccade L	1	6	4498150068	4498194072	44004	1058.23	472.24	1223.67	475.11	3.54	167.40	0.36	80.45	7607.21	-5550.34	4843.67
Saccade R	1	6	4498150068	4498194072	44004	1058.23	472.24	1223.67	475.11	3.54	167.40	0.36	80.45	7607.21	-5550.34	4843.67
Fixation L	1	7	4498194072	4498414073	220001	1225.13	455.10	13	32	-1	11.95	11.95
Fixation R	1	7	4498194072	4498414073	220001	1225.13	455.10	13	32	-1	12.05	12.05
Saccade L	1	7	4498414073	4498474071	59998	1221.59	453.74	767.60	452.15	10.04	360.56	0.40	167.40	17688.10	-10456.81	9343.80
Saccade R	1	7	4498414073	4498474071	59998	1221.59	453.74	767.60	452.15	10.04	360.56	0.40	167.40	17688.10	-10456.81	9343.80
Fixation L	1	8	4498474071	4498581965	107894	756.42	461.41	17	20	-1	12.37	12.37
Fixation R	1	8	4498474071	4498581965	107894	756.42	461.41	17	20	-1	12.40	12.40
Saccade L	1	8	4498581965	4498633958	51993	760.49	472.24	393.26	441.25	7.99	319.33	0.31	153.75	14889.87	-9632.14	7981.21
Saccade R	1	8	4498581965	4498633958	51993	760.49	472.24	393.26	441.25	7.99	319.33	0.31	153.75	14889.87	-9632.14	7981.21
Fixation L	1	9	4498633958	4498757982	124024	388.95	441.83	13	24	-1	12.40	12.40
Fixation R	1	9	4498633958	4498757982	124024	388.95	441.83	13	24	-1	12.39	12.39
Saccade L	1	9	4498757982	4498793962	35980	394.68	458.38	349.26	475.55	1.14	61.92	0.67	31.76	2167.00	-2780.74	1643.05
Saccade R	1	9	4498757982	4498793962	35980	394.68	458.38	349.26	475.55	1.14	61.92	0.67	31.76	2167.00	-2780.74	1643.05
Fixation L	1	10	4498793962	4498937980	144018	340.87	479.69	23	31	-1	12.58	12.58
Fixation R	1	10	4498793962	4498937980	144018	340.87	479.69	23	31	-1	12.59	12.59
Saccade L	1	10	4498937980	4498985969	47989	330.52	499.11	319.58	298.43	4.39	221.54	0.33	91.42	9959.18	-7397.36	5492.53
Saccade R	1	10	4498937980	4498985969	47989	330.52	499.11	319.58	298.43	4.39	221.54	0.33	91.42	9959.18	-7397.36	5492.53
Saccade L	1	11	4499029967	4499069957	39990	298.36	288.60	228.61	150.13	3.66	230.25	0.40	91.50	11112.49	-10018.56	6545.21
Saccade R	1	11	4499029967	4499069957	39990	298.36	288.60	228.61	150.13	3.66	230.25	0.40	91.50	11112.49	-10018.56	6545.21
Fixation L	1	11	4499069957	4499137973	68016	221.86	150.51	13	7	-1	12.73	12.73
Fixation R	1	11	4499069957	4499137973	68016	221.86	150.51	13	7	-1	12.58	12.58
Saccade L	1	12	4499137973	4499161986	24013	215.82	156.65	180.80	133.73	0.86	64.18	0.50	35.67	2467.65	-2666.06	1950.39
Saccade R	1	12	4499137973	4499161986	24013	215.82	156.65	180.80	133.73	0.86	64.18	0.50	35.67	2467.65	-2666.06	1950.39
Fixation L	1	12	4499161986	4499321995	160009	178.35	128.13	18	10	-1	12.64	12.64
Fixation R	1	12	4499161986	4499321995	160009	178.35	128.13	18	10	-1	12.64	12.64
Saccade L	1	13	4499321995	4499357981	35986	172.08	125.48	344.50	139.46	3.58	229.25	0.44	99.51	10635.89	-10135.36	7364.63
Saccade R	1	13	4499321995	4499357981	35986	172.08	125.48	344.50	139.46	3.58	229.25	0.44	99.51	10635.89	-10135.36	7364.63
Fixation L	1	13	4499357981	4499553996	196015	353.01	130.92	36	18	-1	12.65	12.65
Fixation R	1	13	4499357981	4499553996	196015	353.01	130.92	36	18	-1	12.63	12.63
Saccade L	1	14	4499553996	4499593978	39982	351.76	141.92	555.22	147.33	4.31	220.01	0.40	107.75	10614.26	-9300.78	7168.49
Saccade R	1	14	4499553996	4499593978	39982	351.76	141.92	555.22	147.33	4.31	220.01	0.40	107.75	10614.26	-9300.78	7168.49
Fixation L	1	14	4499593978	4499817982	224004	560.24	132.09	26	28	-1	12.66	12.66
Fixation R	1	14	4499593978	4499817982	224004	560.24	132.09	26	28	-1	12.76	12.76
Saccade L	1	15	4499817982	4499845996	28014	561.01	125.19	699.45	120.89	2.69	206.70	0.57	95.87	8938.57	-9199.77	6813.37
Saccade R	1	15	4499817982	4499845996	28014	561.01	125.19	699.45	120.89	2.69	206.70	0.57	95.87	8938.57	-9199.77	6813.37
Fixation L	1	15	4499845996	4500037852	191856	702.51	115.56	21	14	-1	12.73	12.73
Fixation R	1	15	4499845996	4500037852	191856	702.51	115.56	21	14	-1	12.71	12.71
Saccade L	1	16	4500037852	4500077884	40032	706.89	110.76	868.80	102.65	3.57	185.97	0.30	89.29	8981.22	-7017.25	5516.68
Saccade R	1	16	4500037852	4500077884	40032	706.89	110.76	868.80	102.65	3.57	185.97	0.30	89.29	8981.22	-7017.25	5516.68
Fixation L	1	16	4500077884	4500389879	311995	897.96	122.04	40	39	-1	12.68	12.68
Fixation R	1	16	4500077884	4500389879	311995	897.96	122.04	40	39	-1	12.68	12.68
Saccade L	1	17	4500389879	4500457865	67986	891.95	95.13	345.22	218.86	12.65	352.20	0.29	186.04	17112.23	-14344.35	8725.72
Saccade R	1	17	4500389879	4500457865	67986	891.95	95.13	345.22	218.86	12.65	352.20	0.29	186.04	17112.23	-14344.35	8725.72
Fixation L	1	17	4500457865	4500577903	120038	333.69	224.91	25	18	-1	12.71	12.71
Fixation R	1	17	4500457865	4500577903	120038	333.69	224.91	25	18	-1	12.69	12.69
Saccade L	1	18	4500577903	4500609889	31986	322.39	237.19	177.99	226.37	2.95	211.12	0.50	92.11	9604.91	-9224.03	6755.96
Saccade R	1	18	4500577903	4500609889	31986	322.39	237.19	177.99	226.37	2.95	211.12	0.50	92.11	9604.91	-9224.03	6755.96
Fixation L	1	18	4500609889	4500985884	375995	182.13	211.83	18	19	-1	12.79	12.79
Fixation R	1	18	4500609889	4500985884	375995	182.13	211.83	18	19	-1	12.69	12.69
Saccade L	1	19	4500985884	4501013892	28008	194.11	208.97	256.16	214.04	1.28	95.88	0.57	45.78	4453.08	-4087.43	3113.93
Saccade R	1	19	4500985884	4501013892	28008	194.11	208.97	256.16	214.04	1.28	95.88	0.57	45.78	4453.08	-4087.43	3113.93
Fixation L	1	19	4501013892	4501169889	155997	268.46	208.76	17	11	-1	12.90	12.90
Fixation R	1	19	4501013892	4501169889	155997	268.46	208.76	17	11	-1	12.88	12.88
Saccade L	1	20	4501169889	4501213879	43990	273.66	203.85	484.64	208.06	4.44	214.65	0.46	101.00	10524.27	-8845.27	6571.91
Saccade R	1	20	4501169889	4501213879	43990	273.66	203.85	484.64	208.06	4.44	214.65	0.46	101.00	10524.27	-8845.27	6571.91
Fixation L	1	20	4501213879	4501429760	215881	487.44	222.43	15	23	-1	12.82	12.82
Fixation R	1	20	4501213879	4501429760	215881	487.44	222.43	15	23	-1	12.86	12.86
Saccade L	1	21	4501429760	4501473780	44020	487.19	218.39	696.11	226.83	4.41	226.39	0.45	100.10	10589.30	-9806.41	6935.51
Saccade R	1	21	4501429760	4501473780	44020	487.19	218.39	696.11	226.83	4.41	226.39	0.45	100.10	10589.30	-9806.41	6935.51
Fixation L	1	21	4501473780	4501725775	251995	694.32	206.77	27	46	-1	12.80	12.80
Fixation R	1	21	4501473780	4501725775	251995	694.32	206.77	27	46	-1	12.84	12.84
Saccade L	1	22	4501725775	4501749766	23991	708.90	190.37	672.85	194.54	0.72	49.95	0.50	29.86	1997.69	-1678.75	1407.87
Saccade R	1	22	4501725775	4501749766	23991	708.90	190.37	672.85	194.54	0.72	49.95	0.50	29.86	1997.69	-1678.75	1407.87
Fixation L	1	22	4501749766	4501829773	80007	661.94	191.72	15	6	-1	12.52	12.52
Fixation R	1	22	4501749766	4501829773	80007	661.94	191.72	15	6	-1	12.88	12.88
Saccade L	1	23	4501829773	4501865775	36002	657.16	189.02	810.13	199.16	3.22	187.63	0.44	89.58	8778.74	-8669.81	6282.07
Saccade R	1	23	4501829773	4501865775	36002	657.16	189.02	810.13	199.16	3.22	187.63	0.44	89.58	8778.74	-8669.81	6282.07
Fixation L	1	23	4501865775	4502233788	368013	842.96	221.30	57	43	-1	12.73	12.73
Fixation R	1	23	4501865775	4502233788	368013	842.96	221.30	57	43	-1	12.79	12.79
Saccade L	1	24	4502233788	4502269776	35988	861.37	233.99	1013.16	239.92	3.18	196.70	0.45	88.26	8450.24	-8197.73	5890.16
Saccade R	1	24	4502233788	4502269776	35988	861.37	233.99	1013.16	239.92	3.18	196.70	0.45	88.26	8450.24	-8197.73	5890.16
Saccade L	1	25	4502309790	4502337821	28031	1029.62	226.27	1069.53	222.58	0.95	61.78	0.57	33.97	2253.68	-2302.52	1650.58
Saccade R	1	25	4502309790	4502337821	28031	1029.62	226.27	1069.53	222.58	0.95	61.78	0.57	33.97	2253.68	-2302.52	1650.58
Fixation L	1	24	4502337821	4502405783	67962	1084.18	228.35	26	10	-1	12.62	12.62
Fixation R	1	24	4502337821	4502405783	67962	1084.18	228.35	26	10	-1	12.68	12.68
Saccade L	1	26	4502405783	4502429804	24021	1098.97	221.86	1050.75	207.89	1.00	81.44	0.50	41.57	3350.23	-2887.47	2251.73
Saccade R	1	26	4502405783	4502429804	24021	1098.97	221.86	1050.75	207.89	1.00	81.44	0.50	41.57	3350.23	-2887.47	2251.73
Fixation L	1	25	4502429804	4502613789	183985	1061.56	206.06	18	46	-1	12.63	12.63
Fixation R	1	25	4502429804	4502613789	183985	1061.56	206.06	18	46	-1	12.70	12.70
Saccade L	1	27	4502613789	4502645816	32027	1065.30	235.74	1191.89	224.38	2.81	188.03	0.50	87.77	8698.22	-8661.30	6209.75
Saccade R	1	27	4502613789	4502645816	32027	1065.30	235.74	1191.89	224.38	2.81	188.03	0.50	87.77	8698.22	-8661.30	6209.75
Fixation L	1	26	4502645816	4503017696	371880	1213.53	210.34	45	40	-1	12.51	12.51
Fixation R	1	26	4502645816	4503017696	371880	1213.53	210.34	45	40	-1	12.78	12.78
Saccade L	1	28	4503017696	4503053690	35994	1205.47	194.17	1285.41	215.78	1.71	101.20	0.56	47.57	3851.61	-4068.46	2769.78
Saccade R	1	28	4503017696	4503053690	35994	1205.47	194.17	1285.41	215.78	1.71	101.20	0.56	47.57	3851.61	-4068.46	2769.78
Fixation L	1	27	4503053690	4503293683	239993	1294.72	214.78	53	24	-1	12.58	12.58
Fixation R	1	27	4503053690	4503293683	239993	1294.72	214.78	53	24	-1	12.69	12.69
Saccade L	1	29	4503293683	4503381683	88000	1330.73	228.95	238.89	260.97	24.25	431.14	0.41	275.57	20260.07	-17027.28	8336.63
Saccade R	1	29	4503293683	4503381683	88000	1330.73	228.95	238.89	260.97	24.25	431.14	0.41	275.57	20260.07	-17027.28	8336.63
Fixation L	1	28	4503381683	4503481698	100015	224.13	262.21	23	19	-1	12.74	12.74
Fixation R	1	28	4503381683	4503481698	100015	224.13	262.21	23	19	-1	12.86	12.86
Saccade L	1	30	4503481698	4503505696	23998	226.55	252.81	177.70	253.61	1.02	87.90	0.50	42.69	4077.04	-3454.57	2723.11
Saccade R	1	30	4503481698	4503505696	23998	226.55	252.81	177.70	253.61	1.02	87.90	0.50	42.69	4077.04	-3454.57	2723.11
Fixation L	1	29	4503505696	4503797684	291988	173.05	264.39	17	27	-1	12.72	12.72
Fixation R	1	29	4503505696	4503797684	291988	173.05	264.39	17	27	-1	12.88	12.88
Saccade L	1	31	4503797684	4503825730	28046	171.28	281.48	277.50	272.43	2.31	177.85	0.57	82.29	7871.76	-7879.89	5819.01
Saccade R	1	31	4503797684	4503825730	28046	171.28	281.48	277.50	272.43	2.31	177.85	0.57	82.29	7871.76	-7879.89	5819.01
Fixation L	1	30	4503825730	4504685579	859849	292.94	272.17	31	19	-1	12.56	12.56
Fixation R	1	30	4503825730	4504685579	859849	292.94	272.17	31	19	-1	12.67	12.67
Saccade L	1	32	4504685579	4504713599	28020	297.49	283.64	357.63	287.03	1.21	75.45	0.43	43.05	3326.79	-3148.33	2401.60
Saccade R	1	32	4504685579	4504713599	28020	297.49	283.64	357.63	287.03	1.21	75.45	0.43	43.05	3326.79	-3148.33	2401.60
Fixation L	1	31	4504713599	4504913615	200016	374.52	286.91	25	23	-1	12.55	12.55
Fixation R	1	31	4504713599	4504913615	200016	374.52	286.91	25	23	-1	12.66	12.66
Saccade L	1	33	4504913615	4504949583	35968	383.46	280.49	503.80	287.49	2.56	152.27	0.33	71.18	6893.95	-6796.86	4847.65
Saccade R	1	33	4504913615	4504949583	35968	383.46	280.49	503.80	287.49	2.56	152.27	0.33	71.18	6893.95	-6796.86	4847.65
Fixation L	1	32	4504949583	4505173603	224020	510.38	286.41	22	19	-1	12.71	12.71
Fixation R	1	32	4504949583	4505173603	224020	510.38	286.41	22	19	-1	12.68	12.68
Saccade L	1	34	4505173603	4505201597	27994	498.15	274.50	591.42	281.19	1.88	136.53	0.57	67.26	6057.57	-6214.08	4579.90
Saccade R	1	34	4505173603	4505201597	27994	498.15	274.50	591.42	281.19	1.88	136.53	0.57	67.26	6057.57	-6214.08	4579.90
Fixation L	1	33	4505201597	4505385600	184003	601.23	269.83	18	31	-1	12.65	12.65
Fixation R	1	33	4505201597	4505385600	184003	601.23	269.83	18	31	-1	12.61	12.61
Saccade L	1	35	4505385600	4505409626	24026	598.86	251.29	631.73	251.86	0.69	44.46	0.50	28.56	1950.70	-1872.34	1409.74
Saccade R	1	35	4505385600	4505409626	24026	598.86	251.29	631.73	251.86	0.69	44.46	0.50	28.56	1950.70	-1872.34	1409.74
Fixation L	1	34	4505409626	4505553641	144015	639.11	253.01	11	9	-1	12.38	12.38
Fixation R	1	34	4505409626	4505553641	144015	639.11	253.01	11	9	-1	12.45	12.45
Saccade L	1	36	4505553641	4505597490	43849	640.06	253.66	823.44	258.89	3.89	176.24	0.27	88.75	8698.14	-5975.51	5247.30
Saccade R	1	36	4505553641	4505597490	43849	640.06	253.66	823.44	258.89	3.89	176.24	0.27	88.75	8698.14	-5975.51	5247.30
Fixation L	1	35	4505597490	4505897513	300023	828.81	269.11	26	27	-1	12.22	12.22
Fixation R	1	35	4505597490	4505897513	300023	828.81	269.11	26	27	-1	12.22	12.22
Saccade L	1	37	4505897513	4505925493	27980	839.36	266.22	927.97	264.74	1.83	150.01	0.43	65.53	6717.13	-6388.63	4844.33
Saccade R	1	37	4505897513	4505925493	27980	839.36	266.22	927.97	264.74	1.83	150.01	0.43	65.53	6717.13	-6388.63	4844.33
Fixation L	1	36	4505925493	4506113525	188032	940.87	271.21	26	16	-1	12.26	12.26
Fixation R	1	36	4505925493	4506113525	188032	940.87	271.21	26	16	-1	12.32	12.32
Saccade L	1	38	4506113525	4506149484	35959	938.34	275.97	1088.80	266.51	3.16	211.81	0.56	87.88	9788.49	-9631.10	6736.36
Saccade R	1	38	4506113525	4506149484	35959	938.34	275.97	1088.80	266.51	3.16	211.81	0.56	87.88	9788.49	-9631.10	6736.36
Fixation L	1	37	4506149484	4506437508	288024	1094.54	261.00	23	14	-1	12.24	12.24
Fixation R	1	37	4506149484	4506437508	288024	1094.54	261.00	23	14	-1	12.33	12.33
Saccade L	1	39	4506437508	4506477513	40005	1097.87	254.03	1261.45	267.89	3.49	173.84	0.40	87.33	8414.34	-7224.13	5555.62
Saccade R	1	39	4506437508	4506477513	40005	1097.87	254.03	1261.45	267.89	3.49	173.84	0.40	87.33	8414.34	-7224.13	5555.62
Fixation L	1	38	4506477513	4506689540	212027	1265.68	268.72	18	15	-1	12.24	12.24
Fixation R	1	38	4506477513	4506689540	212027	1265.68	268.72	18	15	-1	12.23	12.23
Saccade L	1	40	4506689540	4506717497	27957	1270.64	272.95	1411.22	265.45	2.84	211.83	0.43	101.62	10168.95	-10030.62	7452.90
Saccade R	1	40	4506689540	4506717497	27957	1270.64	272.95	1411.22	265.45	2.84	211.83	0.43	101.62	10168.95	-10030.62	7452.90
Fixation L	1	39	4506717497	4506873530	156033	1413.57	265.57	21	20	-1	12.18	12.18
Fixation R	1	39	4506717497	4506873530	156033	1413.57	265.57	21	20	-1	12.23	12.23
Saccade L	1	41	4506873530	4506977431	103901	1418.71	278.63	229.60	330.93	26.71	472.71	0.42	257.03	22290.82	-15820.15	7836.12
Saccade R	1	41	4506873530	4506977431	103901	1418.71	278.63	229.60	330.93	26.71	472.71	0.42	257.03	22290.82	-15820.15	7836.12
Fixation L	1	40	4506977431	4507081405	103974	233.03	336.83	8	11	-1	12.20	12.20
Fixation R	1	40	4506977431	4507081405	103974	233.03	336.83	8	11	-1	12.39	12.39
Saccade L	1	42	4507081405	4507117395	35990	238.16	338.61	172.72	336.14	2.00	148.90	0.33	55.61	6748.01	-5739.88	3737.38
Saccade R	1	42	4507081405	4507117395	35990	238.16	338.61	172.72	336.14	2.00	148.90	0.33	55.61	6748.01	-5739.88	3737.38
Fixation L	1	41	4507117395	4507497407	380012	177.51	324.79	36	22	-1	12.43	12.43
Fixation R	1	41	4507117395	4507497407	380012	177.51	324.79	36	22	-1	12.38	12.38
Saccade L	1	43	4507497407	4507529399	31992	180.35	329.66	306.03	309.73	2.61	183.19	0.50	81.69	8222.26	-7852.41	5888.17
Saccade R	1	43	4507497407	4507529399	31992	180.35	329.66	306.03	309.73	2.61	183.19	0.50	81.69	8222.26	-7852.41	5888.17
Fixation L	1	42	4507529399	4507681409	152010	321.11	296.81	28	20	-1	12.40	12.40
Fixation R	1	42	4507529399	4507681409	152010	321.11	296.81	28	20	-1	12.38	12.38
Saccade L	1	44	4507681409	4507713430	32021	326.45	288.61	488.16	291.66	3.44	241.07	0.50	107.58	11005.31	-10673.80	7879.23
Saccade R	1	44	4507681409	4507713430	32021	326.45	288.61	488.16	291.66	3.44	241.07	0.50	107.58	11005.31	-10673.80	7879.23
Fixation L	1	43	4507713430	4507893419	179989	497.56	310.42	20	31	-1	12.47	12.47
Fixation R	1	43	4507713430	4507893419	179989	497.56	310.42	20	31	-1	12.48	12.48
Saccade L	1	45	4507893419	4507945422	52003	495.04	321.94	186.10	377.19	6.92	293.52	0.38	133.10	13847.47	-12172.20	8627.79
Saccade R	1	45	4507893419	4507945422	52003	495.04	321.94	186.10	377.19	6.92	293.52	0.38	133.10	13847.47	-12172.20	8627.79
Fixation L	1	44	4507945422	4508141436	196014	176.25	385.85	18	17	-1	12.39	12.39
Fixation R	1	44	4507945422	4508141436	196014	176.25	385.85	18	17	-1	12.38	12.38
Saccade L	1	46	4508141436	4508197426	55990	173.45	377.80	345.29	384.90	3.73	166.66	0.29	66.60	7203.89	-5514.09	3688.16
Saccade R	1	46	4508141436	4508197426	55990	173.45	377.80	345.29	384.90	3.73	166.66	0.29	66.60	7203.89	-5514.09	3688.16
Fixation L	1	45	4508197426	4508345407	147981	361.16	392.00	25	20	-1	12.37	12.37
Fixation R	1	45	4508197426	4508345407	147981	361.16	392.00	25	20	-1	12.46	12.46
Saccade L	1	47	4508345407	4508377411	32004	359.74	396.41	440.62	391.43	1.68	115.23	0.50	52.47	5030.44	-4603.15	3502.10
Saccade R	1	47	4508345407	4508377411	32004	359.74	396.41	440.62	391.43	1.68	115.23	0.50	52.47	5030.44	-4603.15	3502.10
Fixation L	1	46	4508377411	4508529360	151949	452.00	384.67	17	12	-1	12.50	12.50
Fixation R	1	46	4508377411	4508529360	151949	452.00	384.67	17	12	-1	12.73	12.73
Saccade L	1	48	4508529360	4508561360	32000	457.22	387.68	539.57	394.11	1.73	112.73	0.50	54.05	5252.55	-4790.55	3617.85
Saccade R	1	48	4508529360	4508561360	32000	457.22	387.68	539.57	394.11	1.73	112.73	0.50	54.05	5252.55	-4790.55	3617.85
Fixation L	1	47	4508561360	4508685303	123943	547.13	406.70	13	16	-1	12.55	12.55
Fixation R	1	47	4508561360	4508685303	123943	547.13	406.70	13	16	-1	12.55	12.55
Saccade L	1	49	4508685303	4508721326	36023	548.83	411.43	732.10	406.15	3.78	197.81	0.44	104.92	9390.39	-9109.33	6942.70
Saccade R	1	49	4508685303	4508721326	36023	548.83	411.43	732.10	406.15	3.78	197.81	0.44	104.92	9390.39	-9109.33	6942.70
Fixation L	1	48	4508721326	4508937335	216009	740.90	404.50	18	11	-1	12.48	12.48
Fixation R	1	48	4508721326	4508937335	216009	740.90	404.50	18	11	-1	12.75	12.75
Saccade L	1	50	4508937335	4508973327	35992	743.72	397.17	885.02	457.72	3.25	178.54	0.44	90.26	8669.56	-7616.97	5823.15
Saccade R	1	50	4508937335	4508973327	35992	743.72	397.17	885.02	457.72	3.25	178.54	0.44	90.26	8669.56	-7616.97	5823.15
Fixation L	1	49	4508973327	4509065313	91986	893.99	458.99	15	10	-1	12.49	12.49
Fixation R	1	49	4508973327	4509065313	91986	893.99	458.99	15	10	-1	12.60	12.60
Saccade L	1	51	4509065313	4509121322	56009	894.55	451.90	948.71	487.41	1.50	47.53	0.36	26.79	1559.79	-1183.49	818.75
Saccade R	1	51	4509065313	4509121322	56009	894.55	451.90	948.71	487.41	1.50	47.53	0.36	26.79	1559.79	-1183.49	818.75
Fixation L	1	50	4509121322	4509209315	87993	950.42	483.62	11	6	-1	12.56	12.56
Fixation R	1	50	4509121322	4509209315	87993	950.42	483.62	11	6	-1	12.31	12.31
Saccade L	1	52	4509209315	4509249312	39997	945.59	483.14	1100.33	480.62	3.30	177.23	0.40	82.48	8370.93	-8154.44	5596.85
Saccade R	1	52	4509209315	4509249312	39997	945.59	483.14	1100.33	480.62	3.30	177.23	0.40	82.48	8370.93	-8154.44	5596.85
Fixation L	1	51	4509249312	4509541328	292016	1108.90	471.01	38	20	-1	12.44	12.44
Fixation R	1	51	4509249312	4509541328	292016	1108.90	471.01	38	20	-1	12.56	12.56
Saccade L	1	53	4509541328	4509577309	35981	1132.78	467.79	1266.82	479.64	2.81	183.48	0.44	78.01	8442.84	-8191.54	5801.30
Saccade R	1	53	4509541328	4509577309	35981	1132.78	467.79	1266.82	479.64	2.81	183.48	0.44	78.01	8442.84	-8191.54	5801.30
Fixation L	1	52	4509577309	4509869203	291894	1270.08	486.64	20	17	-1	12.38	12.38
Fixation R	1	52	4509577309	4509869203	291894	1270.08	486.64	20	17	-1	12.32	12.32
Saccade L	1	54	4509869203	4509905207	36004	1264.18	497.09	1199.78	634.88	3.21	171.92	0.56	89.08	7627.51	-7795.47	5502.40
Saccade R	1	54	4509869203	4509905207	36004	1264.18	497.09	1199.78	634.88	3.21	171.92	0.56	89.08	7627.51	-7795.47	5502.40
Fixation L	1	53	4509905207	4510037216	132009	1183.06	657.46	28	64	-1	12.51	12.51
Fixation R	1	53	4509905207	4510037216	132009	1183.06	657.46	28	64	-1	12.51	12.51
Saccade L	1	55	4510037216	4510065204	27988	1182.77	689.63	1073.42	680.86	2.29	177.36	0.43	81.99	8216.99	-8052.48	5944.88
Saccade R	1	55	4510037216	4510065204	27988	1182.77	689.63	1073.42	680.86	2.29	177.36	0.43	81.99	8216.99	-8052.48	5944.88
Fixation L	1	54	4510065204	4510301204	236000	1060.25	669.37	20	29	-1	12.59	12.59
Fixation R	1	54	4510065204	4510301204	236000	1060.25	669.37	20	29	-1	12.72	12.72
Saccade L	1	56	4510301204	4510349219	48015	1056.18	650.08	993.20	521.70	3.82	226.53	0.33	79.65	10055.41	-9623.52	5444.65
Saccade R	1	56	4510301204	4510349219	48015	1056.18	650.08	993.20	521.70	3.82	226.53	0.33	79.65	10055.41	-9623.52	5444.65
Fixation L	1	55	4510349219	4510545213	195994	988.22	501.84	23	37	-1	12.71	12.71
Fixation R	1	55	4510349219	4510545213	195994	988.22	501.84	23	37	-1	12.84	12.84
Saccade L	1	57	4510545213	4510597219	52006	978.70	496.14	683.33	460.06	6.49	277.54	0.38	124.82	13248.09	-11595.62	8061.44
Saccade R	1	57	4510545213	4510597219	52006	978.70	496.14	683.33	460.06	6.49	277.54	0.38	124.82	13248.09	-11595.62	8061.44
Fixation L	1	56	4510597219	4510773247	176028	662.34	452.15	31	21	-1	12.70	12.70
Fixation R	1	56	4510597219	4510773247	176028	662.34	452.15	31	21	-1	12.76	12.76
Saccade L	1	58	4510773247	4510809214	35967	658.79	450.47	423.24	483.05	5.00	285.39	0.44	139.15	13786.71	-13198.34	9777.69
Saccade R	1	58	4510773247	4510809214	35967	658.79	450.47	423.24	483.05	5.00	285.39	0.44	139.15	13786.71	-13198.34	9777.69
Fixation L	1	57	4510809214	4511101217	292003	409.99	476.03	25	30	-1	12.49	12.49
Fixation R	1	57	4510809214	4511101217	292003	409.99	476.03	25	30	-1	12.70	12.70
Saccade L	1	59	4511101217	4511141255	40038	412.12	460.42	577.14	477.07	3.56	206.75	0.40	88.87	9532.15	-8836.46	6244.40
Saccade R	1	59	4511101217	4511141255	40038	412.12	460.42	577.14	477.07	3.56	206.75	0.40	88.87	9532.15	-8836.46	6244.40
Fixation L	1	58	4511141255	4511453134	311879	590.29	467.96	22	19	-1	12.79	12.79
Fixation R	1	58	4511141255	4511453134	311879	590.29	467.96	22	19	-1	12.88	12.88
Saccade L	1	60	4511453134	4511501120	47986	587.64	465.78	741.88	293.40	5.46	265.17	0.50	113.74	11800.95	-12026.79	7737.58
Saccade R	1	60	4511453134	4511501120	47986	587.64	465.78	741.88	293.40	5.46	265.17	0.50	113.74	11800.95	-12026.79	7737.58
Fixation L	1	59	4511501120	4511757109	255989	765.88	280.72	32	29	-1	12.74	12.74
Fixation R	1	59	4511501120	4511757109	255989	765.88	280.72	32	29	-1	12.82	12.82
Saccade L	1	61	4511757109	4511805125	48016	768.66	299.21	881.21	418.41	3.75	166.15	0.67	78.13	5655.50	-7535.86	4530.40
Saccade R	1	61	4511757109	4511805125	48016	768.66	299.21	881.21	418.41	3.75	166.15	0.67	78.13	5655.50	-7535.86	4530.40
Fixation L	1	60	4511805125	4512553126	748001	899.09	417.11	28	38	-1	12.90	12.90
Fixation R	1	60	4511805125	4512553126	748001	899.09	417.11	28	38	-1	13.10	13.10
UserEvent	1	2	4511977267	# Message: UE-mouseclick left x=610 y=167
Saccade L	1	62	4512553126	4512609020	55894	881.93	413.17	1011.48	288.08	4.15	157.55	0.43	74.27	7072.27	-5172.23	3956.86
Saccade R	1	62	4512553126	4512609020	55894	881.93	413.17	1011.48	288.08	4.15	157.55	0.43	74.27	7072.27	-5172.23	3956.86
Fixation L	1	61	4512609020	4512901020	292000	1024.12	285.99	20	26	-1	13.30	13.30
Fixation R	1	61	4512609020	4512901020	292000	1024.12	285.99	20	26	-1	13.48	13.48
Saccade L	1	63	4512901020	4512953007	51987	1030.89	303.61	1072.10	703.45	8.51	277.19	0.38	163.78	13391.28	-11631.03	8333.80
Saccade R	1	63	4512901020	4512953007	51987	1030.89	303.61	1072.10	703.45	8.51	277.19	0.38	163.78	13391.28	-11631.03	8333.80
Fixation L	1	62	4512953007	4513301026	348019	1079.76	705.30	22	50	-1	13.49	13.49
Fixation R	1	62	4512953007	4513301026	348019	1079.76	705.30	22	50	-1	13.44	13.44
Saccade L	1	64	4513301026	4513353023	51997	1072.07	712.85	1104.03	493.62	4.83	180.66	0.69	92.96	6880.30	-7954.76	4100.14
Saccade R	1	64	4513301026	4513353023	51997	1072.07	712.85	1104.03	493.62	4.83	180.66	0.69	92.96	6880.30	-7954.76	4100.14
Fixation L	1	63	4513353023	4513717062	364039	1112.51	481.24	26	32	-1	13.13	13.13
Fixation R	1	63	4513353023	4513717062	364039	1112.51	481.24	26	32	-1	13.21	13.21
Saccade L	1	65	4513717062	4513749057	31995	1102.02	462.88	1019.07	465.52	1.74	104.69	0.50	54.29	4795.60	-4677.63	3572.08
Saccade R	1	65	4513717062	4513749057	31995	1102.02	462.88	1019.07	465.52	1.74	104.69	0.50	54.29	4795.60	-4677.63	3572.08
Fixation L	1	64	4513749057	4513877040	127983	1010.65	475.86	19	31	-1	13.10	13.10
Fixation R	1	64	4513749057	4513877040	127983	1010.65	475.86	19	31	-1	13.07	13.07
Saccade L	1	66	4513877040	4513897029	19989	1002.98	494.08	981.07	494.53	0.52	46.63	0.60	25.87	1641.73	-1780.66	1145.96
Saccade R	1	66	4513877040	4513897029	19989	1002.98	494.08	981.07	494.53	0.52	46.63	0.60	25.87	1641.73	-1780.66	1145.96
Fixation L	1	65	4513897029	4514040913	143884	963.21	483.04	34	25	-1	13.04	13.04
Fixation R	1	65	4513897029	4514040913	143884	963.21	483.04	34	25	-1	13.03	13.03
Saccade L	1	67	4514040913	4514076910	35997	960.70	497.66	1100.94	484.99	2.95	185.16	0.44	81.98	8338.96	-7912.14	5710.84
Saccade R	1	67	4514040913	4514076910	35997	960.70	497.66	1100.94	484.99	2.95	185.16	0.44	81.98	8338.96	-7912.14	5710.84
Fixation L	1	66	4514076910	4514236930	160020	1104.36	486.10	10	37	-1	13.02	13.02
Fixation R	1	66	4514076910	4514236930	160020	1104.36	486.10	10	37	-1	13.10	13.10
Saccade L	1	68	4514236930	4514276923	39993	1109.44	502.42	1262.57	514.32	3.27	179.65	0.40	81.75	8301.82	-7431.93	5368.60
Saccade R	1	68	4514236930	4514276923	39993	1109.44	502.42	1262.57	514.32	3.27	179.65	0.40	81.75	8301.82	-7431.93	5368.60
Fixation L	1	67	4514276923	4514424936	148013	1265.61	506.71	9	25	-1	13.02	13.02
Fixation R	1	67	4514276923	4514424936	148013	1265.61	506.71	9	25	-1	13.06	13.06
Saccade L	1	69	4514424936	4514464954	40018	1270.65	518.76	1148.09	673.42	4.16	216.60	0.50	103.90	10118.68	-9330.49	6770.55
Saccade R	1	69	4514424936	4514464954	40018	1270.65	518.76	1148.09	673.42	4.16	216.60	0.50	103.90	10118.68	-9330.49	6770.55
Fixation L	1	68	4514464954	4514652942	187988	1138.54	676.78	14	22	-1	13.02	13.02
Fixation R	1	68	4514464954	4514652942	187988	1138.54	676.78	14	22	-1	12.89	12.89
Saccade L	1	70	4514652942	4514676941	23999	1138.55	679.62	1075.68	682.42	1.23	96.81	0.50	51.19	4304.15	-4195.36	3174.89
Saccade R	1	70	4514652942	4514676941	23999	1138.55	679.62	1075.68	682.42	1.23	96.81	0.50	51.19	4304.15	-4195.36	3174.89
Fixation L	1	69	4514676941	4515252933	575992	1040.65	680.67	64	24	-1	12.87	12.87
Fixation R	1	69	4514676941	4515252933	575992	1040.65	680.67	64	24	-1	12.93	12.93
Saccade L	1	71	4515252933	4515288950	36017	1019.77	670.96	1015.42	758.44	1.92	99.62	0.44	53.30	4675.15	-4651.79	3358.21
Saccade R	1	71	4515252933	4515288950	36017	1019.77	670.96	1015.42	758.44	1.92	99.62	0.44	53.30	4675.15	-4651.79	3358.21
Fixation L	1	70	4515288950	4515420939	131989	1014.87	767.84	9	21	-1	13.20	13.20
Fixation R	1	70	4515288950	4515420939	131989	1014.87	767.84	9	21	-1	13.41	13.41
Saccade L	1	72	4515420939	4515472881	51942	1017.69	770.24	0.00	0.00	30.20	1834.01	0.77	581.49	63898.62	-73631.27	38088.91
Saccade R	1	72	4515420939	4515472881	51942	1017.69	770.24	0.00	0.00	30.20	1834.01	0.77	581.49	63898.62	-73631.27	38088.91
Fixation L	1	71	4515472881	4515524818	51937	0.00	0.00	0	0	-1	7.93	7.93
Fixation R	1	71	4515472881	4515524818	51937	0.00	0.00	0	0	-1	10.09	9.94
Fixation L	1	72	4515600836	4515736849	136013	879.94	755.30	21	32	-1	13.60	13.60
Fixation R	1	72	4515600836	4515736849	136013	879.94	755.30	21	32	-1	13.86	13.86
Saccade L	1	73	4515736849	4515784892	48043	873.17	757.64	501.11	688.32	8.20	314.16	0.42	170.70	15232.92	-12711.31	9858.11
Saccade R	1	73	4515736849	4515784892	48043	873.17	757.64	501.11	688.32	8.20	314.16	0.42	170.70	15232.92	-12711.31	9858.11
Fixation L	1	73	4515784892	4515968839	183947	488.85	681.85	19	28	-1	13.39	13.39
Fixation R	1	73	4515784892	4515968839	183947	488.85	681.85	19	28	-1	13.62	13.62
Saccade L	1	74	4515968839	4516020835	51996	487.59	677.04	585.10	400.86	6.83	286.84	0.31	131.33	13855.66	-7767.48	7188.27
Saccade R	1	74	4515968839	4516020835	51996	487.59	677.04	585.10	400.86	6.83	286.84	0.31	131.33	13855.66	-7767.48	7188.27
Fixation L	1	74	4516020835	4516372833	351998	590.30	402.30	17	33	-1	13.15	13.15
Fixation R	1	74	4516020835	4516372833	351998	590.30	402.30	17	33	-1	13.34	13.34
Saccade L	1	75	4516372833	4516436833	64000	595.64	408.33	811.63	273.66	5.75	232.26	0.31	89.87	11451.14	-7596.69	4971.98
Saccade R	1	75	4516372833	4516436833	64000	595.64	408.33	811.63	273.66	5.75	232.26	0.31	89.87	11451.14	-7596.69	4971.98
Fixation L	1	75	4516436833	4516752868	316035	816.41	261.18	11	28	-1	12.92	12.92
Fixation R	1	75	4516436833	4516752868	316035	816.41	261.18	11	28	-1	12.91	12.91
Saccade L	1	76	4516752868	4516784861	31993	815.98	261.28	831.83	362.11	2.17	144.81	0.50	67.79	6820.75	-6314.45	4695.79
Saccade R	1	76	4516752868	4516784861	31993	815.98	261.28	831.83	362.11	2.17	144.81	0.50	67.79	6820.75	-6314.45	4695.79
Fixation L	1	76	4516784861	4517056740	271879	838.08	369.93	17	21	-1	12.82	12.82
Fixation R	1	76	4516784861	4517056740	271879	838.08	369.93	17	21	-1	12.79	12.79
Saccade L	1	77	4517056740	4517124742	68002	835.21	377.92	124.02	429.73	15.72	401.90	0.35	231.16	19299.68	-14640.43	10038.86
Saccade R	1	77	4517056740	4517124742	68002	835.21	377.92	124.02	429.73	15.72	401.90	0.35	231.16	19299.68	-14640.43	10038.86
Fixation L	1	77	4517124742	4517196728	71986	116.80	451.15	13	38	-1	12.57	12.57
Fixation R	1	77	4517124742	4517196728	71986	116.80	451.15	13	38	-1	12.45	12.45
Saccade L	1	78	4517196728	4517224772	28044	115.02	465.92	102.95	432.08	0.74	40.61	0.43	26.25	1711.93	-1226.01	1056.73
Saccade R	1	78	4517196728	4517224772	28044	115.02	465.92	102.95	432.08	0.74	40.61	0.43	26.25	1711.93	-1226.01	1056.73
Fixation L	1	78	4517224772	4517452740	227968	105.33	438.45	13	33	-1	12.64	12.64
Fixation R	1	78	4517224772	4517452740	227968	105.33	438.45	13	33	-1	12.43	12.43
Saccade L	1	79	4517452740	4517500748	48008	107.73	458.47	27.82	109.41	7.69	313.77	0.42	160.19	15523.14	-8761.71	8709.85
Saccade R	1	79	4517452740	4517500748	48008	107.73	458.47	27.82	109.41	7.69	313.77	0.42	160.19	15523.14	-8761.71	8709.85
Fixation L	1	79	4517500748	4517628770	128022	18.87	117.63	28	25	-1	12.78	12.78
Fixation R	1	79	4517500748	4517628770	128022	18.87	117.63	28	25	-1	12.51	12.51
Saccade L	1	80	4517628770	4517680743	51973	30.22	131.33	-3.58	-7.03	3.47	203.89	0.23	66.68	9151.56	-7497.70	3927.22
Saccade R	1	80	4517628770	4517680743	51973	30.22	131.33	-3.58	-7.03	3.47	203.89	0.23	66.68	9151.56	-7497.70	3927.22
Fixation L	1	80	4517680743	4518268647	587904	37.24	50.04	79	110	-1	13.01	13.01
Fixation R	1	80	4517680743	4518268647	587904	37.24	50.04	79	110	-1	12.78	12.78
Saccade L	1	81	4518268647	4518336637	67990	65.97	87.46	613.69	262.33	13.33	415.90	0.35	196.05	19777.27	-14488.61	9466.36
Saccade R	1	81	4518268647	4518336637	67990	65.97	87.46	613.69	262.33	13.33	415.90	0.35	196.05	19777.27	-14488.61	9466.36
Fixation L	1	81	4518336637	4518496634	159997	636.97	261.18	31	16	-1	14.06	14.06
Fixation R	1	81	4518336637	4518496634	159997	636.97	261.18	31	16	-1	14.12	14.12
Saccade L	1	82	4518496634	4518548633	51999	641.71	248.55	912.26	465.67	7.69	290.32	0.31	147.80	13938.54	-10292.95	8184.23
Saccade R	1	82	4518496634	4518548633	51999	641.71	248.55	912.26	465.67	7.69	290.32	0.31	147.80	13938.54	-10292.95	8184.23
Fixation L	1	82	4518548633	4518812639	264006	906.47	472.40	13	23	-1	14.06	14.06
Fixation R	1	82	4518548633	4518812639	264006	906.47	472.40	13	23	-1	14.24	14.24
Saccade L	1	83	4518812639	4518856645	44006	909.75	462.16	662.73	479.41	5.32	278.39	0.27	120.82	13178.25	-10062.49	7533.69
Saccade R	1	83	4518812639	4518856645	44006	909.75	462.16	662.73	479.41	5.32	278.39	0.27	120.82	13178.25	-10062.49	7533.69
Fixation L	1	83	4518856645	4519356661	500016	644.71	479.31	29	32	-1	13.23	13.23
Fixation R	1	83	4518856645	4519356661	500016	644.71	479.31	29	32	-1	13.39	13.39
Saccade L	1	84	4519356661	4519408666	52005	640.29	483.07	974.23	643.80	8.10	352.70	0.31	155.73	16131.04	-10432.27	9134.57
Saccade R	1	84	4519356661	4519408666	52005	640.29	483.07	974.23	643.80	8.10	352.70	0.31	155.73	16131.04	-10432.27	9134.57
Fixation L	1	84	4519408666	4520168596	759930	1009.72	655.75	52	39	-1	13.00	13.00
Fixation R	1	84	4519408666	4520168596	759930	1009.72	655.75	52	39	-1	13.06	13.06
Saccade L	1	85	4520168596	4520232550	63954	1014.64	659.78	852.43	240.25	9.78	299.63	0.25	152.98	14352.32	-10689.28	6810.05
Saccade R	1	85	4520168596	4520232550	63954	1014.64	659.78	852.43	240.25	9.78	299.63	0.25	152.98	14352.32	-10689.28	6810.05
Fixation L	1	85	4520232550	4520656595	424045	672.67	209.67	906	1102	-1	11.35	11.33
Fixation R	1	85	4520232550	4520520562	288012	838.47	217.08	23	40	-1	12.91	12.91
Fixation R	1	86	4520592577	4520656595	64018	0.00	0.00	0	0	-1	17.29	17.29
Fixation L	1	86	4520724570	4520944566	219996	913.38	414.38	21	30	-1	12.74	12.74
Fixation R	1	87	4520724570	4520944566	219996	913.38	414.38	21	30	-1	13.07	13.07
Saccade L	1	86	4520944566	4520996568	52002	917.94	412.96	1018.98	594.82	4.71	164.30	0.62	90.57	6250.85	-7429.82	4599.55
Saccade R	1	86	4520944566	4520996568	52002	917.94	412.96	1018.98	594.82	4.71	164.30	0.62	90.57	6250.85	-7429.82	4599.55
Fixation L	1	87	4520996568	4521240448	243880	1042.63	596.94	37	20	-1	13.08	13.08
Fixation R	1	88	4520996568	4521240448	243880	1042.63	596.94	37	20	-1	13.20	13.20
Saccade L	1	87	4521240448	4521268462	28014	1036.06	595.63	1062.54	647.53	1.26	76.97	0.57	45.12	3471.27	-3117.65	2502.41
Saccade R	1	87	4521240448	4521268462	28014	1036.06	595.63	1062.54	647.53	1.26	76.97	0.57	45.12	3471.27	-3117.65	2502.41
Fixation L	1	88	4521268462	4521768465	500003	1123.03	660.76	130	38	-1	12.94	12.94
Fixation R	1	89	4521268462	4521768465	500003	1123.03	660.76	130	38	-1	12.95	12.95
Saccade L	1	88	4521768465	4521812466	44001	1178.46	659.90	1055.49	511.23	4.23	210.22	0.45	96.03	9828.85	-8943.38	6302.99
Saccade R	1	88	4521768465	4521812466	44001	1178.46	659.90	1055.49	511.23	4.23	210.22	0.45	96.03	9828.85	-8943.38	6302.99
Fixation L	1	89	4521812466	4521928465	115999	1048.13	511.58	16	24	-1	12.61	12.61
Fixation R	1	90	4521812466	4521928465	115999	1048.13	511.58	16	24	-1	12.70	12.70
Saccade L	1	89	4521928465	4521964467	36002	1044.69	524.38	977.86	510.62	1.44	76.41	0.33	40.01	3283.94	-2918.17	2262.81
Saccade R	1	89	4521928465	4521964467	36002	1044.69	524.38	977.86	510.62	1.44	76.41	0.33	40.01	3283.94	-2918.17	2262.81
Fixation L	1	90	4521964467	4522056463	91996	973.88	502.14	5	17	-1	12.63	12.63
Fixation R	1	91	4521964467	4522056463	91996	973.88	502.14	5	17	-1	12.75	12.75
Fixation L	1	91	4522124487	4522560357	435870	0.00	0.00	0	0	-1	11.84	11.84
Fixation R	1	92	4522124487	4522560357	435870	0.00	0.00	0	0	-1	11.75	11.75
Saccade L	1	90	4522560357	4522584342	23985	0.00	0.00	825.73	1070.73	26.76	2598.71	0.50	1115.62	108379.50	-108278.25	81799.67
Saccade R	1	90	4522560357	4522584342	23985	0.00	0.00	825.73	1070.73	26.76	2598.71	0.50	1115.62	108379.50	-108278.25	81799.67
Saccade L	1	91	4522612349	4522636348	23999	825.98	1070.93	0.00	0.00	26.76	2598.29	0.50	1115.19	108318.33	-108383.01	81820.16
Saccade R	1	91	4522612349	4522636348	23999	825.98	1070.93	0.00	0.00	26.76	2598.29	0.50	1115.19	108318.33	-108383.01	81820.16
Fixation L	1	92	4522636348	4522956356	320008	0.00	0.00	0	0	-1	12.63	12.63
Fixation R	1	93	4522636348	4522956356	320008	0.00	0.00	0	0	-1	11.82	11.82
Saccade L	1	92	4522956356	4523068351	111995	0.00	0.00	583.98	772.00	34.52	1146.12	0.21	308.27	42507.75	-43818.12	12934.81
Saccade R	1	92	4522956356	4523068351	111995	0.00	0.00	583.98	772.00	34.52	1146.12	0.21	308.27	42507.75	-43818.12	12934.81
Fixation L	1	93	4523068351	4523240363	172012	578.56	772.76	27	18	-1	14.78	14.78
Fixation R	1	94	4523068351	4523240363	172012	578.56	772.76	27	18	-1	14.96	14.96
Saccade L	1	93	4523240363	4523280366	40003	592.08	769.08	505.45	716.32	2.52	142.08	0.40	63.02	6524.71	-6160.20	4255.83
Saccade R	1	93	4523240363	4523280366	40003	592.08	769.08	505.45	716.32	2.52	142.08	0.40	63.02	6524.71	-6160.20	4255.83
Fixation L	1	94	4523280366	4523816411	536045	500.28	702.80	30	33	-1	13.58	13.58
Fixation R	1	95	4523280366	4523816411	536045	500.28	702.80	30	33	-1	14.07	14.07
Saccade L	1	94	4523816411	4523876373	59962	516.52	703.79	1076.33	745.04	12.25	401.14	0.40	204.23	19174.45	-14976.36	10834.22
Saccade R	1	94	4523816411	4523876373	59962	516.52	703.79	1076.33	745.04	12.25	401.14	0.40	204.23	19174.45	-14976.36	10834.22
Fixation L	1	95	4523876373	4524080251	203878	1102.50	733.01	44	28	-1	13.08	13.08
Fixation R	1	96	4523876373	4524080251	203878	1102.50	733.01	44	28	-1	13.32	13.32
Saccade L	1	95	4524080251	4524112252	32001	1101.36	725.26	1179.80	737.88	1.66	107.32	0.38	51.95	4720.67	-4624.81	3361.47
Saccade R	1	95	4524080251	4524112252	32001	1101.36	725.26	1179.80	737.88	1.66	107.32	0.38	51.95	4720.67	-4624.81	3361.47
Fixation L	1	96	4524112252	4524248302	136050	1187.30	747.51	15	31	-1	13.23	13.23
Fixation R	1	97	4524112252	4524248302	136050	1187.30	747.51	15	31	-1	13.35	13.35
Saccade L	1	96	4524248302	4524276264	27962	1188.89	758.97	1183.83	677.36	1.70	128.98	0.57	60.72	5539.73	-5746.57	4173.73
Saccade R	1	96	4524248302	4524276264	27962	1188.89	758.97	1183.83	677.36	1.70	128.98	0.57	60.72	5539.73	-5746.57	4173.73
Fixation L	1	97	4524276264	4524480288	204024	1182.53	691.04	8	24	-1	13.15	13.15
Fixation R	1	98	4524276264	4524480288	204024	1182.53	691.04	8	24	-1	13.20	13.20
Saccade L	1	97	4524480288	4524548270	67982	1181.96	690.86	462.58	652.20	15.75	398.73	0.29	231.75	19478.86	-13775.10	9887.19
Saccade R	1	97	4524480288	4524548270	67982	1181.96	690.86	462.58	652.20	15.75	398.73	0.29	231.75	19478.86	-13775.10	9887.19
Fixation L	1	98	4524548270	4524828297	280027	438.70	651.23	41	25	-1	12.83	12.83
Fixation R	1	99	4524548270	4524828297	280027	438.70	651.23	41	25	-1	13.07	13.07
Saccade L	1	98	4524828297	4524872281	43984	445.26	667.34	498.40	743.80	2.08	73.83	0.64	47.28	3077.55	-2940.68	2168.00
Saccade R	1	98	4524828297	4524872281	43984	445.26	667.34	498.40	743.80	2.08	73.83	0.64	47.28	3077.55	-2940.68	2168.00
Fixation L	1	99	4524872281	4525120279	247998	491.82	743.06	23	21	-1	13.19	13.19
Fixation R	1	100	4524872281	4525120279	247998	491.82	743.06	23	21	-1	13.57	13.57
Saccade L	1	99	4525120279	4525148281	28002	490.28	750.93	484.28	795.94	0.90	51.16	0.57	32.02	2239.01	-1993.17	1579.28
Saccade R	1	99	4525120279	4525148281	28002	490.28	750.93	484.28	795.94	0.90	51.16	0.57	32.02	2239.01	-1993.17	1579.28
Fixation L	1	100	4525148281	4525388167	239886	490.00	805.04	11	14	-1	13.24	13.24
Fixation R	1	101	4525148281	4525388167	239886	490.00	805.04	11	14	-1	13.81	13.81
Saccade L	1	100	4525388167	4525416163	27996	488.84	809.26	448.98	779.95	1.04	63.67	0.43	37.04	2867.73	-2489.23	2018.03
Saccade R	1	100	4525388167	4525416163	27996	488.84	809.26	448.98	779.95	1.04	63.67	0.43	37.04	2867.73	-2489.23	2018.03
Fixation L	1	101	4525416163	4525672187	256024	438.01	778.34	27	42	-1	13.14	13.14
Fixation R	1	102	4525416163	4525672187	256024	438.01	778.34	27	42	-1	13.41	13.41
Saccade L	1	101	4525672187	4525700163	27976	426.20	755.18	489.12	745.23	1.34	90.22	0.43	47.76	4095.14	-3646.55	2859.77
Saccade R	1	101	4525672187	4525700163	27976	426.20	755.18	489.12	745.23	1.34	90.22	0.43	47.76	4095.14	-3646.55	2859.77
Fixation L	1	102	4525700163	4526000165	300002	495.39	743.68	16	20	-1	13.01	13.01
Fixation R	1	103	4525700163	4526000165	300002	495.39	743.68	16	20	-1	13.34	13.34
Saccade L	1	102	4526000165	4526040188	40023	494.25	741.63	531.23	699.46	1.27	44.27	0.30	31.77	2002.76	-1327.83	1113.58
Saccade R	1	102	4526000165	4526040188	40023	494.25	741.63	531.23	699.46	1.27	44.27	0.30	31.77	2002.76	-1327.83	1113.58
Fixation L	1	103	4526040188	4526128193	88005	528.96	688.64	10	23	-1	12.87	12.87
Fixation R	1	104	4526040188	4526128193	88005	528.96	688.64	10	23	-1	13.23	13.23
Saccade L	1	103	4526128193	4526188182	59989	525.09	674.79	1086.53	684.06	12.16	376.41	0.33	202.65	18268.74	-13800.18	10216.03
Saccade R	1	103	4526128193	4526188182	59989	525.09	674.79	1086.53	684.06	12.16	376.41	0.33	202.65	18268.74	-13800.18	10216.03
Fixation L	1	104	4526188182	4526520186	332004	1099.35	669.76	22	53	-1	13.10	13.10
Fixation R	1	105	4526188182	4526520186	332004	1099.35	669.76	22	53	-1	13.06	13.06
Saccade L	1	104	4526520186	4526548184	27998	1106.95	655.53	1132.05	800.80	3.16	264.05	0.43	112.88	11135.08	-10465.68	7883.21
Saccade R	1	104	4526520186	4526548184	27998	1106.95	655.53	1132.05	800.80	3.16	264.05	0.43	112.88	11135.08	-10465.68	7883.21
Fixation L	1	105	4526548184	4526940075	391891	1139.71	794.42	12	30	-1	13.02	13.02
Fixation R	1	106	4526548184	4526940075	391891	1139.71	794.42	12	30	-1	13.19	13.19
Saccade L	1	105	4526940075	4526988079	48004	1136.86	797.27	1180.27	868.83	1.80	67.21	0.33	37.43	2874.25	-1726.41	1644.78
Saccade R	1	105	4526940075	4526988079	48004	1136.86	797.27	1180.27	868.83	1.80	67.21	0.33	37.43	2874.25	-1726.41	1644.78
Fixation L	1	106	4526988079	4527552094	564015	1184.73	859.33	21	22	-1	13.03	13.03
Fixation R	1	107	4526988079	4527552094	564015	1184.73	859.33	21	22	-1	13.24	13.24
Saccade L	1	106	4527552094	4527608084	55990	1173.96	858.21	1518.38	892.04	7.67	293.21	0.36	136.90	13542.55	-11386.43	8106.92
Saccade R	1	106	4527552094	4527608084	55990	1173.96	858.21	1518.38	892.04	7.67	293.21	0.36	136.90	13542.55	-11386.43	8106.92
Fixation L	1	107	4527608084	4527900081	291997	1524.01	903.54	12	23	-1	12.50	12.50
Fixation R	1	108	4527608084	4527900081	291997	1524.01	903.54	12	23	-1	12.81	12.81
Saccade L	1	107	4527900081	4527928098	28017	1528.60	911.49	1572.26	923.10	1.06	77.63	0.57	37.81	3491.23	-3611.46	2613.27
Saccade R	1	107	4527900081	4527928098	28017	1528.60	911.49	1572.26	923.10	1.06	77.63	0.57	37.81	3491.23	-3611.46	2613.27
Fixation L	1	108	4527928098	4528048121	120023	1589.46	922.15	30	23	-1	12.59	12.59
Fixation R	1	109	4527928098	4528048121	120023	1589.46	922.15	30	23	-1	12.76	12.76
Saccade L	1	108	4528048121	4528096090	47969	1597.37	935.50	1225.17	879.25	8.03	350.47	0.42	167.35	16622.76	-13930.24	10699.73
Saccade R	1	108	4528048121	4528096090	47969	1597.37	935.50	1225.17	879.25	8.03	350.47	0.42	167.35	16622.76	-13930.24	10699.73
Fixation L	1	109	4528096090	4528283993	187903	1206.35	871.63	34	17	-1	12.96	12.96
Fixation R	1	110	4528096090	4528283993	187903	1206.35	871.63	34	17	-1	13.23	13.23
Saccade L	1	109	4528283993	4528315979	31986	1196.56	873.32	1236.84	880.77	0.93	55.50	0.38	29.15	2314.53	-1955.97	1520.82
Saccade R	1	109	4528283993	4528315979	31986	1196.56	873.32	1236.84	880.77	0.93	55.50	0.38	29.15	2314.53	-1955.97	1520.82
Fixation L	1	110	4528315979	4528984024	668045	1245.21	870.00	32	52	-1	12.92	12.92
Fixation R	1	111	4528315979	4528984024	668045	1245.21	870.00	32	52	-1	13.12	13.12
Saccade L	1	110	4528984024	4529011981	27957	1238.59	877.06	1139.61	874.06	1.97	141.77	0.57	70.37	6292.21	-6428.94	4744.21
Saccade R	1	110	4528984024	4529011981	27957	1238.59	877.06	1139.61	874.06	1.97	141.77	0.57	70.37	6292.21	-6428.94	4744.21
Fixation L	1	111	4529011981	4529227986	216005	1136.88	863.56	17	31	-1	12.87	12.87
Fixation R	1	112	4529011981	4529227986	216005	1136.88	863.56	17	31	-1	13.17	13.17
Saccade L	1	111	4529227986	4529256010	28024	1133.20	842.69	1069.14	849.55	1.27	90.85	0.57	45.26	4092.95	-3699.80	2845.49
Saccade R	1	111	4529227986	4529256010	28024	1133.20	842.69	1069.14	849.55	1.27	90.85	0.57	45.26	4092.95	-3699.80	2845.49
Fixation L	1	112	4529256010	4529755909	499899	1059.35	838.03	32	35	-1	12.93	12.93
Fixation R	1	113	4529256010	4529755909	499899	1059.35	838.03	32	35	-1	13.08	13.08
Saccade L	1	112	4529755909	4529803885	47976	1061.88	828.30	0.00	0.00	36.21	2805.25	0.75	754.86	101580.93	-117438.81	54360.98
Saccade R	1	112	4529755909	4529803885	47976	1061.88	828.30	0.00	0.00	36.21	2805.25	0.75	754.86	101580.93	-117438.81	54360.98
Fixation L	1	113	4529803885	4530147900	344015	0.00	0.00	0	0	-1	11.83	11.83
Fixation R	1	114	4529803885	4530147900	344015	0.00	0.00	0	0	-1	11.95	11.95
Saccade L	1	113	4530147900	4530171921	24021	0.00	0.00	823.11	1071.93	26.77	2596.71	0.50	1114.43	108294.34	-108245.70	81759.54
Saccade R	1	113	4530147900	4530171921	24021	0.00	0.00	823.11	1071.93	26.77	2596.71	0.50	1114.43	108294.34	-108245.70	81759.54
Saccade L	1	114	4530199898	4530223820	23922	823.69	1072.59	0.00	0.00	26.68	2599.25	0.50	1115.34	108344.05	-108380.49	81822.92
Saccade R	1	114	4530199898	4530223820	23922	823.69	1072.59	0.00	0.00	26.68	2599.25	0.50	1115.34	108344.05	-108380.49	81822.92
Fixation L	1	114	4530223820	4530507899	284079	0.00	0.00	0	0	-1	12.18	12.18
Fixation R	1	115	4530223820	4530507899	284079	0.00	0.00	0	0	-1	10.80	10.59
Saccade L	1	115	4530507899	4530583840	75941	0.00	0.00	997.10	800.74	33.93	1848.31	0.32	446.79	48308.53	-79364.26	23522.35
Saccade R	1	115	4530507899	4530583840	75941	0.00	0.00	997.10	800.74	33.93	1848.31	0.32	446.79	48308.53	-79364.26	23522.35
Fixation L	1	115	4530583840	4530831907	248067	998.11	808.82	42	34	-1	14.35	14.35
Fixation R	1	116	4530583840	4530831907	248067	998.11	808.82	42	34	-1	14.55	14.55
Saccade L	1	116	4530831907	4530879896	47989	1003.89	812.48	986.34	570.86	5.21	284.04	0.42	108.66	13366.64	-12414.66	7509.31
Saccade R	1	116	4530831907	4530879896	47989	1003.89	812.48	986.34	570.86	5.21	284.04	0.42	108.66	13366.64	-12414.66	7509.31
Fixation L	1	116	4530879896	4531067805	187909	974.92	562.65	18	18	-1	13.28	13.28
Fixation R	1	117	4530879896	4531067805	187909	974.92	562.65	18	18	-1	13.60	13.60
Saccade L	1	117	4531067805	4531115776	47971	983.16	557.50	1044.13	355.62	4.52	187.18	0.25	94.31	8727.74	-5195.61	4802.36
Saccade R	1	117	4531067805	4531115776	47971	983.16	557.50	1044.13	355.62	4.52	187.18	0.25	94.31	8727.74	-5195.61	4802.36
Fixation L	1	117	4531115776	4531315794	200018	1040.55	364.82	14	37	-1	12.52	12.52
Fixation R	1	118	4531115776	4531315794	200018	1040.55	364.82	14	37	-1	12.76	12.76
Saccade L	1	118	4531315794	4531371803	56009	1030.55	356.59	934.69	156.32	5.02	166.27	0.64	89.63	6241.35	-6863.10	4155.91
Saccade R	1	118	4531315794	4531371803	56009	1030.55	356.59	934.69	156.32	5.02	166.27	0.64	89.63	6241.35	-6863.10	4155.91
Fixation L	1	118	4531371803	4531535801	163998	935.51	157.54	10	12	-1	12.20	12.20
Fixation R	1	119	4531371803	4531535801	163998	935.51	157.54	10	12	-1	12.22	12.22
Saccade L	1	119	4531535801	4531603795	67994	930.32	166.58	1114.10	763.86	13.80	372.22	0.65	202.93	14766.91	-16336.84	9326.61
Saccade R	1	119	4531535801	4531603795	67994	930.32	166.58	1114.10	763.86	13.80	372.22	0.65	202.93	14766.91	-16336.84	9326.61
Fixation L	1	119	4531603795	4531883805	280010	1130.97	776.99	22	30	-1	12.51	12.51
Fixation R	1	120	4531603795	4531883805	280010	1130.97	776.99	22	30	-1	12.43	12.43
Saccade L	1	120	4531883805	4531915793	31988	1126.66	786.73	1223.62	824.82	2.30	167.03	0.50	72.04	7211.65	-7058.73	5186.02
Saccade R	1	120	4531883805	4531915793	31988	1126.66	786.73	1223.62	824.82	2.30	167.03	0.50	72.04	7211.65	-7058.73	5186.02
Fixation L	1	120	4531915793	4532471701	555908	1230.27	844.43	21	33	-1	12.58	12.58
Fixation R	1	121	4531915793	4532471701	555908	1230.27	844.43	21	33	-1	12.76	12.76
Saccade L	1	121	4532471701	4532515708	44007	1231.87	840.03	1107.97	834.47	2.64	98.90	0.73	60.09	4307.36	-4488.20	3057.54
Saccade R	1	121	4532471701	4532515708	44007	1231.87	840.03	1107.97	834.47	2.64	98.90	0.73	60.09	4307.36	-4488.20	3057.54
Fixation L	1	121	4532515708	4532767720	252012	1112.92	844.76	22	31	-1	12.94	12.94
Fixation R	1	122	4532515708	4532767720	252012	1112.92	844.76	22	31	-1	13.01	13.01
Saccade L	1	122	4532767720	4532811714	43994	1114.45	837.10	1061.06	731.93	2.56	107.01	0.45	58.11	4551.31	-4277.19	3134.54
Saccade R	1	122	4532767720	4532811714	43994	1114.45	837.10	1061.06	731.93	2.56	107.01	0.45	58.11	4551.31	-4277.19	3134.54
Fixation L	1	122	4532811714	4532959690	147976	1056.72	730.63	8	26	-1	12.76	12.76
Fixation R	1	123	4532811714	4532959690	147976	1056.72	730.63	8	26	-1	13.07	13.07
Saccade L	1	123	4532959690	4533007724	48034	1054.23	733.70	1002.14	523.33	4.63	215.51	0.25	96.49	9325.05	-5968.75	5036.37
Saccade R	1	123	4532959690	4533007724	48034	1054.23	733.70	1002.14	523.33	4.63	215.51	0.25	96.49	9325.05	-5968.75	5036.37
Fixation L	1	123	4533007724	4533315729	308005	983.50	513.15	44	19	-1	12.61	12.61
Fixation R	1	124	4533007724	4533315729	308005	983.50	513.15	44	19	-1	12.82	12.82
Saccade L	1	124	4533315729	4533363721	47992	961.44	513.22	792.02	337.44	5.36	240.43	0.33	111.75	11632.53	-8364.09	6804.48
Saccade R	1	124	4533315729	4533363721	47992	961.44	513.22	792.02	337.44	5.36	240.43	0.33	111.75	11632.53	-8364.09	6804.48
Fixation L	1	124	4533363721	4533583706	219985	784.55	319.52	28	39	-1	12.33	12.33
Fixation R	1	125	4533363721	4533583706	219985	784.55	319.52	28	39	-1	12.51	12.51
Saccade L	1	125	4533583706	4533643723	60017	789.70	299.41	802.78	100.65	4.38	207.21	0.27	72.97	10008.79	-6933.12	4379.02
Saccade R	1	125	4533583706	4533643723	60017	789.70	299.41	802.78	100.65	4.38	207.21	0.27	72.97	10008.79	-6933.12	4379.02
Fixation L	1	125	4533643723	4533851607	207884	809.92	103.00	18	30	-1	12.22	12.22
Fixation R	1	126	4533643723	4533851607	207884	809.92	103.00	18	30	-1	12.29	12.29
Saccade L	1	126	4533851607	4533883590	31983	804.90	86.10	970.90	94.44	3.31	225.87	0.38	103.56	10305.90	-10540.02	7494.01
Saccade R	1	126	4533851607	4533883590	31983	804.90	86.10	970.90	94.44	3.31	225.87	0.38	103.56	10305.90	-10540.02	7494.01
Fixation L	1	126	4533883590	4534051610	168020	969.93	104.41	12	19	-1	12.30	12.30
Fixation R	1	127	4533883590	4534051610	168020	969.93	104.41	12	19	-1	12.41	12.41
Saccade L	1	127	4534051610	4534123609	71999	962.87	103.61	1544.41	140.19	12.82	404.86	0.33	178.03	17543.11	-15074.84	8989.14
Saccade R	1	127	4534051610	4534123609	71999	962.87	103.61	1544.41	140.19	12.82	404.86	0.33	178.03	17543.11	-15074.84	8989.14
Fixation L	1	127	4534123609	4534299599	175990	1557.44	155.42	21	23	-1	12.14	12.14
Fixation R	1	128	4534123609	4534299599	175990	1557.44	155.42	21	23	-1	12.43	12.43
Saccade L	1	128	4534299599	4534347628	48029	1562.07	159.02	1712.14	5.80	5.12	229.37	0.25	106.66	10839.33	-6912.74	5936.50
Saccade R	1	128	4534299599	4534347628	48029	1562.07	159.02	1712.14	5.80	5.12	229.37	0.25	106.66	10839.33	-6912.74	5936.50
Fixation L	1	128	4534347628	4534715604	367976	1673.69	45.39	99	68	-1	12.16	12.16
Fixation R	1	129	4534347628	4534715604	367976	1673.69	45.39	99	68	-1	12.37	12.37
Saccade L	1	129	4534715604	4534795616	80012	1634.48	70.68	1202.17	628.11	16.43	432.62	0.25	205.41	21000.22	-10878.41	8844.15
Saccade R	1	129	4534715604	4534795616	80012	1634.48	70.68	1202.17	628.11	16.43	432.62	0.25	205.41	21000.22	-10878.41	8844.15
Fixation L	1	129	4534795616	4535647499	851883	1173.34	652.63	87	94	-1	13.02	13.02
Fixation R	1	130	4534795616	4535647499	851883	1173.34	652.63	87	94	-1	13.15	13.15
Saccade L	1	130	4535647499	4535687544	40045	1122.79	672.14	1074.75	685.53	1.12	49.94	0.40	28.01	2257.33	-1585.00	1337.54
Saccade R	1	130	4535647499	4535687544	40045	1122.79	672.14	1074.75	685.53	1.12	49.94	0.40	28.01	2257.33	-1585.00	1337.54
Fixation L	1	130	4535687544	4535831513	143969	1071.13	666.80	9	43	-1	12.91	12.91
Fixation R	1	131	4535687544	4535831513	143969	1071.13	666.80	9	43	-1	13.10	13.10
Saccade L	1	131	4535831513	4535859523	28010	1068.51	649.78	1060.48	535.05	2.42	197.56	0.43	86.51	9013.45	-8627.67	6480.86
Saccade R	1	131	4535831513	4535859523	28010	1068.51	649.78	1060.48	535.05	2.42	197.56	0.43	86.51	9013.45	-8627.67	6480.86
Fixation L	1	131	4535859523	4536139519	279996	815.32	434.72	1742	1014	-1	11.85	11.84
Fixation R	1	132	4535859523	4536031511	171988	1049.41	525.49	17	17	-1	13.01	13.01
Saccade R	1	132	4536031511	4536087563	56052	1042.97	535.66	0.00	0.00	45.17	2922.10	0.79	805.84	99179.90	-127133.23	54277.13
Fixation R	1	133	4536087563	4536139519	51956	0.00	0.00	0	0	-1	18.49	18.49
Saccade L	1	132	4536139519	4536211518	71999	0.00	0.00	938.64	483.23	29.92	1325.37	0.33	415.63	48533.05	-54242.18	17716.56
Saccade R	1	133	4536139519	4536211518	71999	0.00	0.00	938.64	483.23	29.92	1325.37	0.33	415.63	48533.05	-54242.18	17716.56
Fixation L	1	132	4536211518	4536391523	180005	946.21	491.79	16	32	-1	12.90	12.90
Fixation R	1	134	4536211518	4536391523	180005	946.21	491.79	16	32	-1	13.08	13.08
Saccade L	1	133	4536391523	4536431525	40002	945.78	481.04	1029.83	597.47	3.26	165.92	0.50	81.60	7818.30	-7517.56	5445.54
Saccade R	1	134	4536391523	4536431525	40002	945.78	481.04	1029.83	597.47	3.26	165.92	0.50	81.60	7818.30	-7517.56	5445.54
Fixation L	1	133	4536431525	4536699421	267896	1041.33	606.58	22	30	-1	13.18	13.18
Fixation R	1	135	4536431525	4536699421	267896	1041.33	606.58	22	30	-1	13.37	13.37
Saccade L	1	134	4536699421	4536739419	39998	1047.17	618.09	998.67	507.38	2.69	171.22	0.30	67.23	7421.48	-6364.01	4203.31
Saccade R	1	135	4536699421	4536739419	39998	1047.17	618.09	998.67	507.38	2.69	171.22	0.30	67.23	7421.48	-6364.01	4203.31
Fixation L	1	134	4536739419	4537095422	356003	1000.13	492.89	13	26	-1	12.98	12.98
Fixation R	1	136	4536739419	4537095422	356003	1000.13	492.89	13	26	-1	13.29	13.29
Saccade L	1	135	4537095422	4537127418	31996	999.34	501.25	943.54	491.01	1.13	57.87	0.37	35.43	2771.62	-2072.94	1770.04
Saccade R	1	136	4537095422	4537127418	31996	999.34	501.25	943.54	491.01	1.13	57.87	0.37	35.43	2771.62	-2072.94	1770.04
Fixation L	1	135	4537127418	4537331443	204025	939.81	476.44	16	25	-1	12.91	12.91
Fixation R	1	137	4537127418	4537331443	204025	939.81	476.44	16	25	-1	13.06	13.06
Saccade L	1	136	4537331443	4537367447	36004	932.25	474.61	1074.15	471.93	2.92	163.10	0.33	81.24	7646.76	-6818.15	5251.28
Saccade R	1	137	4537331443	4537367447	36004	932.25	474.61	1074.15	471.93	2.92	163.10	0.33	81.24	7646.76	-6818.15	5251.28
Fixation L	1	136	4537367447	4537543428	175981	1078.47	460.94	10	25	-1	12.81	12.81
Fixation R	1	138	4537367447	4537543428	175981	1078.47	460.94	10	25	-1	12.92	12.92
Saccade L	1	137	4537543428	4537607422	63994	1078.93	450.05	906.57	104.06	8.66	272.36	0.31	135.36	13171.89	-7256.22	6587.34
Saccade R	1	138	4537543428	4537607422	63994	1078.93	450.05	906.57	104.06	8.66	272.36	0.31	135.36	13171.89	-7256.22	6587.34
Fixation L	1	137	4537607422	4537907443	300021	901.01	113.57	22	21	-1	12.45	12.45
Fixation R	1	139	4537607422	4537907443	300021	901.01	113.57	22	21	-1	12.72	12.72
Saccade L	1	138	4537907443	4537939427	31984	897.56	105.35	904.08	57.02	0.97	51.52	0.50	30.45	2152.81	-1849.58	1445.16
Saccade R	1	139	4537907443	4537939427	31984	897.56	105.35	904.08	57.02	0.97	51.52	0.50	30.45	2152.81	-1849.58	1445.16
Fixation L	1	138	4537939427	4538059310	119883	902.29	42.66	16	24	-1	12.17	12.17
Fixation R	1	140	4537939427	4538059310	119883	902.29	42.66	16	24	-1	12.45	12.45
Saccade L	1	139	4538059310	4538123308	63998	912.65	38.39	532.94	527.78	13.58	417.83	0.38	212.22	20414.34	-11671.85	10582.63
Saccade R	1	140	4538059310	4538123308	63998	912.65	38.39	532.94	527.78	13.58	417.83	0.38	212.22	20414.34	-11671.85	10582.63
Fixation L	1	139	4538123308	4538395335	272027	505.66	537.14	39	19	-1	12.56	12.56
Fixation R	1	141	4538123308	4538395335	272027	505.66	537.14	39	19	-1	12.76	12.76
Saccade L	1	140	4538395335	4538439339	44004	496.46	540.91	591.75	505.05	2.31	123.59	0.27	52.54	5892.12	-4691.27	3118.44
Saccade R	1	141	4538395335	4538439339	44004	496.46	540.91	591.75	505.05	2.31	123.59	0.27	52.54	5892.12	-4691.27	3118.44
Fixation L	1	140	4538439339	4538595323	155984	599.06	498.84	10	11	-1	12.66	12.66
Fixation R	1	142	4538439339	4538595323	155984	599.06	498.84	10	11	-1	12.76	12.76
Saccade L	1	141	4538595323	4538627328	32005	600.45	506.85	590.07	622.93	2.38	159.59	0.50	74.47	7573.96	-7363.37	5281.81
Saccade R	1	142	4538595323	4538627328	32005	600.45	506.85	590.07	622.93	2.38	159.59	0.50	74.47	7573.96	-7363.37	5281.81
Fixation L	1	141	4538627328	4538787318	159990	587.52	625.75	12	18	-1	12.56	12.56
Fixation R	1	143	4538627328	4538787318	159990	587.52	625.75	12	18	-1	12.65	12.65
Saccade L	1	142	4538787318	4538851322	64004	581.14	633.23	1103.42	700.02	11.77	313.31	0.25	183.87	15363.69	-13003.51	8110.76
Saccade R	1	143	4538787318	4538851322	64004	581.14	633.23	1103.42	700.02	11.77	313.31	0.25	183.87	15363.69	-13003.51	8110.76
Fixation L	1	142	4538851322	4538987327	136005	1125.45	703.62	28	10	-1	12.70	12.70
Fixation R	1	144	4538851322	4538987327	136005	1125.45	703.62	28	10	-1	12.87	12.87
Saccade L	1	143	4538987327	4539015335	28008	1128.75	710.43	1177.78	688.28	1.44	112.22	0.43	51.55	4651.72	-3985.25	2926.02
Saccade R	1	144	4538987327	4539015335	28008	1128.75	710.43	1177.78	688.28	1.44	112.22	0.43	51.55	4651.72	-3985.25	2926.02
Fixation L	1	143	4539015335	4539159352	144017	1199.23	680.06	29	18	-1	12.82	12.82
Fixation R	1	145	4539015335	4539159352	144017	1199.23	680.06	29	18	-1	12.84	12.84
Saccade L	1	144	4539159352	4539183273	23921	1208.43	689.80	1239.50	705.45	0.64	41.20	0.50	26.63	1824.65	-1520.82	1155.24
Saccade R	1	145	4539159352	4539183273	23921	1208.43	689.80	1239.50	705.45	0.64	41.20	0.50	26.63	1824.65	-1520.82	1155.24
Fixation L	1	144	4539183273	4539327376	144103	1229.04	692.48	15	21	-1	12.90	12.90
Fixation R	1	146	4539183273	4539327376	144103	1229.04	692.48	15	21	-1	12.75	12.75
Saccade L	1	145	4539327376	4539359368	31992	1226.95	690.54	1241.93	781.23	1.91	128.43	0.50	59.80	5707.63	-5745.02	4150.17
Saccade R	1	146	4539327376	4539359368	31992	1226.95	690.54	1241.93	781.23	1.91	128.43	0.50	59.80	5707.63	-5745.02	4150.17
Fixation L	1	145	4539359368	4539599281	239913	1248.82	780.32	21	17	-1	12.89	12.89
Fixation R	1	147	4539359368	4539599281	239913	1248.82	780.32	21	17	-1	12.81	12.81
Saccade L	1	146	4539599281	4539635221	35940	1251.72	779.98	1250.56	845.99	1.36	60.42	0.33	37.93	2816.72	-2358.69	1938.72
Saccade R	1	147	4539599281	4539635221	35940	1251.72	779.98	1250.56	845.99	1.36	60.42	0.33	37.93	2816.72	-2358.69	1938.72
Fixation L	1	146	4539635221	4539783220	147999	1252.52	846.26	12	10	-1	12.99	12.99
Fixation R	1	148	4539635221	4539783220	147999	1252.52	846.26	12	10	-1	13.24	13.24
Saccade L	1	147	4539783220	4539815215	31995	1258.53	852.57	1173.23	852.39	1.84	126.67	0.50	57.51	6009.20	-5739.67	4213.31
Saccade R	1	148	4539783220	4539815215	31995	1258.53	852.57	1173.23	852.39	1.84	126.67	0.50	57.51	6009.20	-5739.67	4213.31
Fixation L	1	147	4539815215	4540023230	208015	1170.67	843.01	10	15	-1	13.31	13.31
Fixation R	1	149	4539815215	4540023230	208015	1170.67	843.01	10	15	-1	13.45	13.45
Saccade L	1	148	4540023230	4540087220	63990	1175.26	849.10	579.87	740.85	13.48	397.61	0.31	210.63	19148.56	-16068.14	9313.08
Saccade R	1	149	4540023230	4540087220	63990	1175.26	849.10	579.87	740.85	13.48	397.61	0.31	210.63	19148.56	-16068.14	9313.08
Fixation L	1	148	4540087220	4540323242	236022	548.76	714.96	41	41	-1	12.93	12.93
Fixation R	1	150	4540087220	4540323242	236022	548.76	714.96	41	41	-1	13.24	13.24
Saccade L	1	149	4540323242	4540403262	80020	544.24	698.42	1135.31	699.93	13.01	313.62	0.55	162.57	10711.77	-13816.20	6527.20
Saccade R	1	150	4540323242	4540403262	80020	544.24	698.42	1135.31	699.93	13.01	313.62	0.55	162.57	10711.77	-13816.20	6527.20
Fixation L	1	149	4540403262	4540603242	199980	1139.75	694.60	13	10	-1	13.02	13.02
Fixation R	1	151	4540403262	4540603242	199980	1139.75	694.60	13	10	-1	13.06	13.06
Saccade L	1	150	4540603242	4540639275	36033	1141.85	692.89	1020.46	697.30	3.49	240.61	0.33	96.72	10146.43	-6999.00	5163.50
Saccade R	1	151	4540603242	4540639275	36033	1141.85	692.89	1020.46	697.30	3.49	240.61	0.33	96.72	10146.43	-6999.00	5163.50
Fixation L	1	150	4540639275	4540791253	151978	1071.58	701.97	68	10	-1	12.90	12.90
Fixation R	1	152	4540639275	4540791253	151978	1071.58	701.97	68	10	-1	12.99	12.99
Saccade L	1	151	4540791253	4540815277	24024	1072.94	695.82	1031.40	694.12	0.82	57.08	0.50	34.03	2346.02	-2447.73	1741.39
Saccade R	1	152	4540791253	4540815277	24024	1072.94	695.82	1031.40	694.12	0.82	57.08	0.50	34.03	2346.02	-2447.73	1741.39
Saccade L	1	152	4540855120	4540895174	40054	1024.09	698.24	1099.47	724.48	1.81	108.81	0.40	45.28	5036.34	-4010.59	2774.12
Saccade R	1	153	4540855120	4540895174	40054	1024.09	698.24	1099.47	724.48	1.81	108.81	0.40	45.28	5036.34	-4010.59	2774.12
Fixation L	1	151	4540895174	4541051155	155981	1095.12	743.72	19	31	-1	12.68	12.68
Fixation R	1	153	4540895174	4541051155	155981	1095.12	743.72	19	31	-1	13.30	13.30
Saccade L	1	153	4541051155	4541127127	75972	1086.09	757.12	524.42	677.44	12.88	346.28	0.37	169.50	15648.64	-10752.69	7366.92
Saccade R	1	154	4541051155	4541127127	75972	1086.09	757.12	524.42	677.44	12.88	346.28	0.37	169.50	15648.64	-10752.69	7366.92
Fixation L	1	152	4541127127	4541375137	248010	510.70	673.06	25	19	-1	12.60	12.60
Fixation R	1	154	4541127127	4541375137	248010	510.70	673.06	25	19	-1	13.02	13.02
Saccade L	1	154	4541375137	4541415140	40003	503.09	673.89	483.83	716.28	1.05	42.90	0.50	26.35	1337.29	-1390.88	988.46
Saccade R	1	155	4541375137	4541415140	40003	503.09	673.89	483.83	716.28	1.05	42.90	0.50	26.35	1337.29	-1390.88	988.46
Fixation L	1	153	4541415140	4541607153	192013	490.19	723.96	32	22	-1	12.77	12.77
Fixation R	1	155	4541415140	4541607153	192013	490.19	723.96	32	22	-1	13.17	13.17
Saccade L	1	155	4541607153	4541627135	19982	496.37	712.60	510.11	742.57	0.70	57.23	0.40	34.85	1918.32	-1993.36	1305.20
Saccade R	1	156	4541607153	4541627135	19982	496.37	712.60	510.11	742.57	0.70	57.23	0.40	34.85	1918.32	-1993.36	1305.20
Fixation L	1	154	4541627135	4541807147	180012	517.81	747.86	13	19	-1	12.88	12.88
Fixation R	1	156	4541627135	4541807147	180012	517.81	747.86	13	19	-1	13.21	13.21
Saccade L	1	156	4541807147	4541867155	60008	515.94	755.46	1072.06	731.05	12.16	366.39	0.27	202.69	17941.30	-12131.30	8976.06
Saccade R	1	157	4541807147	4541867155	60008	515.94	755.46	1072.06	731.05	12.16	366.39	0.27	202.69	17941.30	-12131.30	8976.06
Saccade L	1	157	4541911143	4541939158	28015	1081.98	737.60	1025.56	732.75	1.15	86.63	0.43	41.20	3617.13	-3800.48	2684.14
Saccade R	1	158	4541911143	4541939158	28015	1081.98	737.60	1025.56	732.75	1.15	86.63	0.43	41.20	3617.13	-3800.48	2684.14
Fixation L	1	155	4541939158	4542059144	119986	1026.47	733.87	5	12	-1	12.98	12.98
Fixation R	1	157	4541939158	4542059144	119986	1026.47	733.87	5	12	-1	13.09	13.09
Saccade L	1	158	4542059144	4542091152	32008	1029.61	741.43	1097.49	728.69	1.51	95.98	0.50	47.02	4383.61	-4337.60	3135.11
Saccade R	1	159	4542059144	4542091152	32008	1029.61	741.43	1097.49	728.69	1.51	95.98	0.50	47.02	4383.61	-4337.60	3135.11
Fixation L	1	156	4542091152	4542223154	132002	1097.00	718.11	7	18	-1	13.00	13.00
Fixation R	1	158	4542091152	4542223154	132002	1097.00	718.11	7	18	-1	13.17	13.17
Saccade L	1	159	4542223154	4542251179	28025	1096.69	711.08	1091.87	753.51	1.04	67.78	0.43	36.96	3209.29	-2423.80	1976.15
Saccade R	1	160	4542223154	4542251179	28025	1096.69	711.08	1091.87	753.51	1.04	67.78	0.43	36.96	3209.29	-2423.80	1976.15
Fixation L	1	157	4542251179	4542447038	195859	1098.90	761.11	16	12	-1	13.04	13.04
Fixation R	1	159	4542251179	4542447038	195859	1098.90	761.11	16	12	-1	13.01	13.01
Saccade L	1	160	4542447038	4542503044	56006	1104.61	763.33	568.01	733.61	11.65	371.67	0.36	207.96	18063.49	-14871.40	10548.93
Saccade R	1	161	4542447038	4542503044	56006	1104.61	763.33	568.01	733.61	11.65	371.67	0.36	207.96	18063.49	-14871.40	10548.93
Fixation L	1	158	4542503044	4542703108	200064	552.06	730.85	26	13	-1	12.85	12.85
Fixation R	1	160	4542503044	4542703108	200064	552.06	730.85	26	13	-1	13.06	13.06
Saccade L	1	161	4542703108	4542731065	27957	543.48	737.35	514.03	841.18	2.33	203.45	0.57	83.51	8514.68	-6989.81	5557.64
Saccade R	1	162	4542703108	4542731065	27957	543.48	737.35	514.03	841.18	2.33	203.45	0.57	83.51	8514.68	-6989.81	5557.64
Saccade L	1	162	4542731065	4542759049	27984	514.03	841.18	499.88	753.18	1.86	172.09	0.57	66.41	5140.70	-6782.70	4233.73
Saccade R	1	163	4542731065	4542759049	27984	514.03	841.18	499.88	753.18	1.86	172.09	0.57	66.41	5140.70	-6782.70	4233.73
Fixation L	1	159	4542759049	4543031069	272020	500.84	790.72	13	63	-1	13.04	13.04
Fixation R	1	161	4542759049	4543031069	272020	500.84	790.72	13	63	-1	13.20	13.20
Saccade L	1	163	4543031069	4543099066	67997	503.16	812.45	1029.71	747.81	12.57	434.98	0.47	184.87	17357.88	-14549.00	10015.12
Saccade R	1	164	4543031069	4543099066	67997	503.16	812.45	1029.71	747.81	12.57	434.98	0.47	184.87	17357.88	-14549.00	10015.12
Fixation L	1	160	4543099066	4543303070	204004	1021.84	765.23	12	36	-1	13.16	13.16
Fixation R	1	162	4543099066	4543303070	204004	1021.84	765.23	12	36	-1	13.13	13.13
Saccade L	1	164	4543303070	4543335084	32014	1023.63	784.67	1070.56	712.70	2.52	193.00	0.37	78.66	8300.91	-6987.16	5008.08
Saccade R	1	165	4543303070	4543335084	32014	1023.63	784.67	1070.56	712.70	2.52	193.00	0.37	78.66	8300.91	-6987.16	5008.08
Saccade L	1	165	4543383077	4543419045	35968	1074.32	720.41	1158.33	676.88	2.03	117.06	0.67	56.53	4887.18	-5453.25	3642.29
Saccade R	1	166	4543383077	4543419045	35968	1074.32	720.41	1158.33	676.88	2.03	117.06	0.67	56.53	4887.18	-5453.25	3642.29
Fixation L	1	161	4543419045	4543603083	184038	1156.60	679.51	14	16	-1	12.86	12.86
Fixation R	1	163	4543419045	4543603083	184038	1156.60	679.51	14	16	-1	12.90	12.90
Saccade L	1	166	4543603083	4543635050	31967	1156.22	689.92	1234.54	701.70	1.67	116.06	0.50	52.09	5116.27	-4908.29	3640.38
Saccade R	1	167	4543603083	4543635050	31967	1156.22	689.92	1234.54	701.70	1.67	116.06	0.50	52.09	5116.27	-4908.29	3640.38
Fixation L	1	162	4543635050	4543798939	163889	1230.11	703.79	15	25	-1	12.80	12.80
Fixation R	1	164	4543635050	4543798939	163889	1230.11	703.79	15	25	-1	12.83	12.83
Saccade L	1	167	4543798939	4543818950	20011	1226.19	687.01	1204.91	681.39	0.53	42.14	0.60	26.71	1640.18	-1817.92	1226.74
Saccade R	1	168	4543798939	4543818950	20011	1226.19	687.01	1204.91	681.39	0.53	42.14	0.60	26.71	1640.18	-1817.92	1226.74
Fixation L	1	163	4543818950	4543950958	132008	1183.89	687.63	39	15	-1	12.73	12.73
Fixation R	1	165	4543818950	4543950958	132008	1183.89	687.63	39	15	-1	12.82	12.82
Saccade L	1	168	4543950958	4543978932	27974	1167.74	697.96	1169.72	745.58	0.99	59.16	0.43	35.39	2470.14	-2012.42	1673.15
Saccade R	1	169	4543950958	4543978932	27974	1167.74	697.96	1169.72	745.58	0.99	59.16	0.43	35.39	2470.14	-2012.42	1673.15
Fixation L	1	164	4543978932	4544154945	176013	1162.43	762.69	25	21	-1	12.70	12.70
Fixation R	1	166	4543978932	4544154945	176013	1162.43	762.69	25	21	-1	13.03	13.03
Saccade L	1	169	4544154945	4544186934	31989	1151.55	765.44	1102.76	881.37	2.69	218.29	0.37	83.94	9021.26	-8624.41	5970.64
Saccade R	1	170	4544154945	4544186934	31989	1151.55	765.44	1102.76	881.37	2.69	218.29	0.37	83.94	9021.26	-8624.41	5970.64
Fixation L	1	165	4544186934	4544506983	320049	1073.14	877.46	41	41	-1	12.85	12.85
Fixation R	1	167	4544186934	4544506983	320049	1073.14	877.46	41	41	-1	12.94	12.94
Saccade L	1	170	4544506983	4544574987	68004	1080.68	850.62	558.03	661.18	13.01	336.74	0.35	191.32	14525.93	-10745.76	8018.28
Saccade R	1	171	4544506983	4544574987	68004	1080.68	850.62	558.03	661.18	13.01	336.74	0.35	191.32	14525.93	-10745.76	8018.28
Fixation L	1	166	4544574987	4544838972	263985	547.74	653.33	18	13	-1	12.62	12.62
Fixation R	1	168	4544574987	4544838972	263985	547.74	653.33	18	13	-1	12.85	12.85
Saccade L	1	171	4544838972	4544894960	55988	548.32	660.74	973.25	723.25	9.41	315.70	0.29	168.11	15182.56	-9721.43	7357.52
Saccade R	1	172	4544838972	4544894960	55988	548.32	660.74	973.25	723.25	9.41	315.70	0.29	168.11	15182.56	-9721.43	7357.52
Saccade L	1	172	4544938963	4544978979	40016	993.12	750.34	1067.23	775.66	2.62	185.37	0.40	65.59	8071.19	-6401.36	4178.31
Saccade R	1	173	4544938963	4544978979	40016	993.12	750.34	1067.23	775.66	2.62	185.37	0.40	65.59	8071.19	-6401.36	4178.31
Fixation L	1	167	4544978979	4545082829	103850	1067.46	783.44	7	10	-1	12.80	12.80
Fixation R	1	169	4544978979	4545082829	103850	1067.46	783.44	7	10	-1	12.54	12.54
Saccade L	1	173	4545082829	4545122830	40001	1074.18	782.53	1117.72	689.93	2.50	183.06	0.60	62.38	6827.55	-6416.84	3726.93
Saccade R	1	174	4545082829	4545122830	40001	1074.18	782.53	1117.72	689.93	2.50	183.06	0.60	62.38	6827.55	-6416.84	3726.93
Saccade L	1	174	4545122830	4545146863	24033	1117.72	689.93	1045.91	687.03	1.47	132.70	0.50	61.04	3645.83	-5724.30	3146.61
Saccade R	1	175	4545122830	4545146863	24033	1117.72	689.93	1045.91	687.03	1.47	132.70	0.50	61.04	3645.83	-5724.30	3146.61
Saccade L	1	175	4545174832	4545202856	28024	1045.84	687.09	1122.00	692.59	1.53	116.87	0.43	54.64	5335.27	-5045.31	3819.37
Saccade R	1	176	4545174832	4545202856	28024	1045.84	687.09	1122.00	692.59	1.53	116.87	0.43	54.64	5335.27	-5045.31	3819.37
Fixation L	1	168	4545202856	4545266869	64013	1122.67	698.91	3	12	-1	12.52	12.52
Fixation R	1	170	4545202856	4545266869	64013	1122.67	698.91	3	12	-1	12.43	12.43
Saccade L	1	176	4545266869	4545306856	39987	1123.26	705.41	1132.71	757.86	1.16	67.19	0.30	29.12	2662.37	-1660.84	1314.11
Saccade R	1	177	4545266869	4545306856	39987	1123.26	705.41	1132.71	757.86	1.16	67.19	0.30	29.12	2662.37	-1660.84	1314.11
Fixation L	1	169	4545306856	4545978888	672032	1166.52	768.37	46	25	-1	12.72	12.72
Fixation R	1	171	4545306856	4545978888	672032	1166.52	768.37	46	25	-1	12.75	12.75
Saccade L	1	177	4545978888	4546042864	63976	1178.14	774.97	612.67	702.08	13.24	377.76	0.31	206.97	18158.86	-15945.86	9732.01
Saccade R	1	178	4545978888	4546042864	63976	1178.14	774.97	612.67	702.08	13.24	377.76	0.31	206.97	18158.86	-15945.86	9732.01
Saccade L	1	178	4546042864	4546070867	28003	612.67	702.08	582.11	693.87	0.72	48.85	0.57	25.75	1016.41	-1683.71	825.52
Saccade R	1	179	4546042864	4546070867	28003	612.67	702.08	582.11	693.87	0.72	48.85	0.57	25.75	1016.41	-1683.71	825.52
Fixation L	1	170	4546070867	4546186862	115995	547.28	695.09	55	6	-1	12.65	12.65
Fixation R	1	172	4546070867	4546186862	115995	547.28	695.09	55	6	-1	12.97	12.97
Saccade L	1	179	4546186862	4546214878	28016	527.99	693.45	529.25	741.23	0.94	61.35	0.71	33.72	2563.79	-2607.62	1837.79
Saccade R	1	180	4546186862	4546214878	28016	527.99	693.45	529.25	741.23	0.94	61.35	0.71	33.72	2563.79	-2607.62	1837.79
Fixation L	1	171	4546214878	4546366867	151989	527.55	751.91	10	21	-1	12.74	12.74
Fixation R	1	173	4546214878	4546366867	151989	527.55	751.91	10	21	-1	13.13	13.13
Saccade L	1	180	4546366867	4546426862	59995	528.24	751.37	1093.21	868.44	13.23	439.77	0.27	220.44	21024.67	-12941.99	10461.38
Saccade R	1	181	4546366867	4546426862	59995	528.24	751.37	1093.21	868.44	13.23	439.77	0.27	220.44	21024.67	-12941.99	10461.38
Saccade L	1	181	4546466898	4546514766	47868	1105.36	868.57	1174.04	787.13	3.28	139.91	0.58	68.53	4909.94	-5189.90	3308.40
Saccade R	1	182	4546466898	4546514766	47868	1105.36	868.57	1174.04	787.13	3.28	139.91	0.58	68.53	4909.94	-5189.90	3308.40
Fixation L	1	172	4546514766	4546570776	56010	1189.98	782.63	24	7	-1	13.50	13.50
Fixation R	1	174	4546514766	4546570776	56010	1189.98	782.63	24	7	-1	13.55	13.55
Saccade L	1	182	4546570776	4546590869	20093	1194.00	781.24	1250.86	778.47	0.92	79.84	0.60	45.63	3438.12	-3101.41	2287.41
Saccade R	1	183	4546570776	4546590869	20093	1194.00	781.24	1250.86	778.47	0.92	79.84	0.60	45.63	3438.12	-3101.41	2287.41
Fixation L	1	173	4546590869	4546842777	251908	1242.73	778.43	19	22	-1	13.27	13.27
Fixation R	1	175	4546590869	4546842777	251908	1242.73	778.43	19	22	-1	13.52	13.52
Saccade L	1	183	4546842777	4546870748	27971	1238.03	775.53	1183.55	776.06	1.09	72.00	0.57	38.97	3229.16	-3205.63	2406.94
Saccade R	1	184	4546842777	4546870748	27971	1238.03	775.53	1183.55	776.06	1.09	72.00	0.57	38.97	3229.16	-3205.63	2406.94
Fixation L	1	174	4546870748	4546950750	80002	1181.73	777.12	9	9	-1	13.27	13.27
Fixation R	1	176	4546870748	4546950750	80002	1181.73	777.12	9	9	-1	13.19	13.19
Saccade L	1	184	4546950750	4546982777	32027	1181.16	771.07	1138.70	866.66	2.56	214.61	0.37	79.87	9203.28	-7559.65	4921.01
Saccade R	1	185	4546950750	4546982777	32027	1181.16	771.07	1138.70	866.66	2.56	214.61	0.37	79.87	9203.28	-7559.65	4921.01
Fixation L	1	175	4546982777	4547514774	531997	1121.94	850.87	38	29	-1	13.23	13.23
Fixation R	1	177	4546982777	4547514774	531997	1121.94	850.87	38	29	-1	13.32	13.32
Saccade L	1	185	4547558769	4547590761	31992	1104.96	831.98	1045.53	825.24	2.48	133.34	0.63	77.54	3664.98	-4819.71	2681.61
Saccade R	1	186	4547558769	4547590761	31992	1104.96	831.98	1045.53	825.24	2.48	133.34	0.63	77.54	3664.98	-4819.71	2681.61
Saccade L	1	186	4547598771	4547622792	24021	1044.15	820.00	1042.70	908.11	1.87	180.52	0.50	77.89	6659.73	-6877.07	4846.47
Saccade R	1	187	4547598771	4547622792	24021	1044.15	820.00	1042.70	908.11	1.87	180.52	0.50	77.89	6659.73	-6877.07	4846.47
Saccade L	1	187	4547642767	4547702769	60002	1051.88	914.89	621.95	714.00	12.00	350.67	0.40	200.00	13045.62	-15369.05	8695.17
Saccade R	1	188	4547642767	4547702769	60002	1051.88	914.89	621.95	714.00	12.00	350.67	0.40	200.00	13045.62	-15369.05	8695.17
Fixation L	1	176	4547702769	4547886795	184026	611.23	692.43	13	28	-1	13.00	13.00
Fixation R	1	178	4547702769	4547886795	184026	611.23	692.43	13	28	-1	13.00	13.00
Saccade L	1	188	4547886795	4547918807	32012	612.55	693.68	524.36	708.32	1.96	138.35	0.50	61.25	6115.27	-5898.33	4354.61
Saccade R	1	189	4547886795	4547918807	32012	612.55	693.68	524.36	708.32	1.96	138.35	0.50	61.25	6115.27	-5898.33	4354.61
Fixation L	1	177	4547918807	4548010650	91843	525.50	710.69	6	4	-1	12.79	12.79
Fixation R	1	179	4547918807	4548010650	91843	525.50	710.69	6	4	-1	13.07	13.07
Saccade L	1	189	4548010650	4548082677	72027	526.68	710.61	1099.79	849.56	13.40	345.51	0.44	186.03	15037.54	-11795.88	7846.91
Saccade R	1	190	4548010650	4548082677	72027	526.68	710.61	1099.79	849.56	13.40	345.51	0.44	186.03	15037.54	-11795.88	7846.91
Fixation L	1	178	4548082677	4548262685	180008	1113.03	870.73	19	30	-1	13.38	13.38
Fixation R	1	180	4548082677	4548262685	180008	1113.03	870.73	19	30	-1	13.56	13.56
Saccade L	1	190	4548262685	4548286666	23981	1114.74	880.33	1161.16	867.83	0.96	70.99	0.50	40.07	3192.46	-2659.64	2125.14
Saccade R	1	191	4548262685	4548286666	23981	1114.74	880.33	1161.16	867.83	0.96	70.99	0.50	40.07	3192.46	-2659.64	2125.14
Fixation L	1	179	4548286666	4548486667	200001	1159.88	867.92	20	16	-1	13.45	13.45
Fixation R	1	181	4548286666	4548486667	200001	1159.88	867.92	20	16	-1	13.60	13.60
Saccade L	1	191	4548486667	4548510699	24032	1159.56	862.21	1232.66	868.72	1.48	128.15	0.50	61.77	5711.49	-5414.09	4076.10
Saccade R	1	192	4548486667	4548510699	24032	1159.56	862.21	1232.66	868.72	1.48	128.15	0.50	61.77	5711.49	-5414.09	4076.10
Fixation L	1	180	4548510699	4548834698	323999	1230.90	875.21	7	10	-1	13.31	13.31
Fixation R	1	182	4548510699	4548834698	323999	1230.90	875.21	7	10	-1	13.39	13.39
Saccade L	1	192	4548834698	4548902670	67972	1230.81	868.27	524.56	758.09	15.70	454.86	0.29	231.03	20492.50	-16638.75	9922.17
Saccade R	1	193	4548834698	4548902670	67972	1230.81	868.27	524.56	758.09	15.70	454.86	0.29	231.03	20492.50	-16638.75	9922.17
Fixation L	1	181	4548902670	4549250699	348029	506.81	750.53	30	19	-1	12.95	12.95
Fixation R	1	183	4548902670	4549250699	348029	506.81	750.53	30	19	-1	13.34	13.34
Saccade L	1	193	4549250699	4549306582	55883	504.73	751.31	1040.27	852.29	11.79	406.79	0.36	211.03	18759.08	-15011.88	10983.91
Saccade R	1	194	4549250699	4549306582	55883	504.73	751.31	1040.27	852.29	11.79	406.79	0.36	211.03	18759.08	-15011.88	10983.91
Fixation L	1	182	4549306582	4549450581	143999	1060.98	864.02	40	23	-1	13.45	13.45
Fixation R	1	184	4549306582	4549450581	143999	1060.98	864.02	40	23	-1	13.59	13.59
Saccade L	1	194	4549450581	4549470559	19978	1065.49	861.69	1040.20	864.24	0.59	55.12	0.60	29.31	2219.74	-2180.83	1460.22
Saccade R	1	195	4549450581	4549470559	19978	1065.49	861.69	1040.20	864.24	0.59	55.12	0.60	29.31	2219.74	-2180.83	1460.22
Saccade L	1	195	4549498550	4549522554	24004	1031.51	866.40	1126.55	863.93	1.94	160.26	0.50	80.63	7389.26	-7451.93	5405.58
Saccade R	1	196	4549498550	4549522554	24004	1031.51	866.40	1126.55	863.93	1.94	160.26	0.50	80.63	7389.26	-7451.93	5405.58
Fixation L	1	183	4549522554	4549750557	228003	1125.57	857.97	11	28	-1	13.55	13.55
Fixation R	1	185	4549522554	4549750557	228003	1125.57	857.97	11	28	-1	13.69	13.69
