[BeGaze]
Converted from:	D:\Kirillov\Results\ermolova_temp\Yulia-eye_data.idf
Date:	17.04.2019 03:53:17
Version:	BeGaze 3.0.181
Sample Rate:	250
Subject:	Yulia
Description:	Run22

Table Header for Fixations:
Event Type	Trial	Number	Start	End	Duration	Location X	Location Y	Dispersion X	Dispersion Y	Plane	Avg. Pupil Size X	Avg. Pupil Size Y

Table Header for Saccades:
Event Type	Trial	Number	Start	End	Duration	Start Loc.X	Start Loc.Y	End Loc.X	End Loc.Y	Amplitude	Peak Speed	Peak Speed At	Average Speed	Peak Accel.	Peak Decel.	Average Accel.

Table Header for User Events:
Event Type	Trial	Number	Start	Description

UserEvent	1	1	9315282135	# Message: experiment-02.jpg
Fixation L	1	1	9315283033	9315563039	280006	508.68	382.84	16	33	-1	13.92	13.92
Fixation R	1	1	9315283033	9315563039	280006	508.68	382.84	16	33	-1	12.09	12.09
Saccade L	1	1	9315563039	9315631043	68004	506.21	380.69	470.56	531.72	7.80	337.61	0.35	114.73	14308.51	-10251.23	6035.10
Saccade R	1	1	9315563039	9315631043	68004	506.21	380.69	470.56	531.72	7.80	337.61	0.35	114.73	14308.51	-10251.23	6035.10
Saccade L	1	2	9315651040	9315695086	44046	459.65	525.39	466.44	558.17	4.07	193.52	0.73	92.49	7338.73	-7685.57	4174.18
Saccade R	1	2	9315651040	9315695086	44046	459.65	525.39	466.44	558.17	4.07	193.52	0.73	92.49	7338.73	-7685.57	4174.18
Fixation R	1	2	9315791055	9315859038	67983	-0.18	0.00	1	0	-1	6.58	6.58
Fixation L	1	2	9316007051	9316139059	132008	468.33	499.08	18	55	-1	13.95	13.95
Fixation R	1	3	9316007051	9316139059	132008	468.33	499.08	18	55	-1	11.98	11.98
Saccade L	1	3	9316139059	9316195061	56002	466.28	506.79	472.15	616.86	2.45	86.22	0.43	43.72	3101.43	-2121.20	1538.10
Saccade R	1	3	9316139059	9316195061	56002	466.28	506.79	472.15	616.86	2.45	86.22	0.43	43.72	3101.43	-2121.20	1538.10
Saccade L	1	4	9316195061	9316255084	60023	472.15	616.86	396.38	691.68	4.02	182.02	0.67	66.94	5039.11	-7947.03	3142.22
Saccade R	1	4	9316195061	9316255084	60023	472.15	616.86	396.38	691.68	4.02	182.02	0.67	66.94	5039.11	-7947.03	3142.22
Saccade L	1	5	9316271090	9316295071	23981	396.73	694.99	449.23	701.28	1.07	83.84	0.50	44.65	3898.54	-2221.51	2241.89
Saccade R	1	5	9316271090	9316295071	23981	396.73	694.99	449.23	701.28	1.07	83.84	0.50	44.65	3898.54	-2221.51	2241.89
Saccade L	1	6	9316295071	9316359083	64012	449.23	701.28	467.34	526.37	5.69	279.78	0.50	88.93	12724.58	-11474.64	5198.64
Saccade R	1	6	9316295071	9316359083	64012	449.23	701.28	467.34	526.37	5.69	279.78	0.50	88.93	12724.58	-11474.64	5198.64
Saccade L	1	7	9316359083	9316391054	31971	467.34	526.37	471.04	523.89	1.70	115.05	0.25	53.30	2779.18	-2547.78	1314.17
Saccade R	1	7	9316359083	9316391054	31971	467.34	526.37	471.04	523.89	1.70	115.05	0.25	53.30	2779.18	-2547.78	1314.17
Saccade L	1	8	9316391054	9316439078	48024	471.04	523.89	503.27	595.46	2.05	114.37	0.25	42.75	2205.50	-3408.21	1530.72
Saccade R	1	8	9316391054	9316439078	48024	471.04	523.89	503.27	595.46	2.05	114.37	0.25	42.75	2205.50	-3408.21	1530.72
Fixation L	1	3	9316439078	9316615058	175980	510.59	579.33	24	43	-1	14.84	14.84
Fixation R	1	4	9316439078	9316615058	175980	510.59	579.33	24	43	-1	12.47	12.47
Fixation L	1	4	9316730965	9316790948	59983	415.76	619.66	5	52	-1	14.59	14.59
Fixation R	1	5	9316730965	9316790948	59983	415.76	619.66	5	52	-1	12.27	12.27
Saccade L	1	9	9316863025	9316950936	87911	417.89	623.75	1136.72	638.97	18.47	433.34	0.55	210.08	11612.58	-14235.14	7475.40
Saccade R	1	9	9316863025	9316950936	87911	417.89	623.75	1136.72	638.97	18.47	433.34	0.55	210.08	11612.58	-14235.14	7475.40
Fixation L	1	5	9316950936	9317470966	520030	1080.95	637.80	84	45	-1	14.55	14.55
Fixation R	1	6	9316950936	9317470966	520030	1080.95	637.80	84	45	-1	12.12	12.12
Saccade L	1	10	9317470966	9317522965	51999	1072.69	645.91	1105.70	566.13	5.11	234.54	0.46	98.24	9880.72	-9425.22	4978.10
Saccade R	1	10	9317470966	9317522965	51999	1072.69	645.91	1105.70	566.13	5.11	234.54	0.46	98.24	9880.72	-9425.22	4978.10
Saccade L	1	11	9317530962	9317562956	31994	1103.59	561.40	923.33	547.66	5.16	375.95	0.38	161.38	14601.80	-15097.80	10646.67
Saccade R	1	11	9317530962	9317562956	31994	1103.59	561.40	923.33	547.66	5.16	375.95	0.38	161.38	14601.80	-15097.80	10646.67
Saccade L	1	12	9317562956	9317598961	36005	923.33	547.66	1096.73	549.21	3.74	321.79	0.67	103.91	13036.53	-12519.35	8186.75
Saccade R	1	12	9317562956	9317598961	36005	923.33	547.66	1096.73	549.21	3.74	321.79	0.67	103.91	13036.53	-12519.35	8186.75
Fixation L	1	6	9317598961	9317650952	51991	1088.14	551.43	15	7	-1	13.95	13.95
Fixation R	1	7	9317598961	9317650952	51991	1088.14	551.43	15	7	-1	11.56	11.56
Saccade L	1	13	9317650952	9317730971	80019	1103.75	533.68	512.29	500.64	13.28	390.58	0.45	165.90	14886.95	-14569.42	7522.81
Saccade R	1	13	9317650952	9317730971	80019	1103.75	533.68	512.29	500.64	13.28	390.58	0.45	165.90	14886.95	-14569.42	7522.81
Fixation L	1	7	9317730971	9317862965	131994	533.66	502.41	39	30	-1	13.71	13.71
Fixation R	1	8	9317730971	9317862965	131994	533.66	502.41	39	30	-1	11.75	11.75
Saccade L	1	14	9317862965	9317918985	56020	546.25	520.98	430.64	496.85	2.69	91.43	0.36	47.97	3842.52	-2538.65	2223.74
Saccade R	1	14	9317862965	9317918985	56020	546.25	520.98	430.64	496.85	2.69	91.43	0.36	47.97	3842.52	-2538.65	2223.74
Fixation L	1	8	9317918985	9318050968	131983	435.19	492.29	23	12	-1	13.50	13.50
Fixation R	1	9	9317918985	9318050968	131983	435.19	492.29	23	12	-1	11.68	11.68
Saccade L	1	15	9318050968	9318078885	27917	446.16	493.86	446.66	479.72	2.64	131.13	0.71	94.74	6427.68	-5550.06	5025.89
Saccade R	1	15	9318050968	9318078885	27917	446.16	493.86	446.66	479.72	2.64	131.13	0.71	94.74	6427.68	-5550.06	5025.89
Saccade L	1	16	9318078885	9318110860	31975	446.66	479.72	442.10	461.19	0.89	46.37	0.50	27.91	1398.98	-5091.07	2035.57
Saccade R	1	16	9318078885	9318110860	31975	446.66	479.72	442.10	461.19	0.89	46.37	0.50	27.91	1398.98	-5091.07	2035.57
Fixation L	1	9	9318110860	9318298858	187998	453.80	460.39	21	24	-1	13.43	13.43
Fixation R	1	10	9318110860	9318298858	187998	453.80	460.39	21	24	-1	11.87	11.87
Saccade L	1	17	9318298858	9318334853	35995	452.25	463.26	366.57	416.16	2.05	122.61	0.56	57.07	5035.12	-5385.21	3650.10
Saccade R	1	17	9318298858	9318334853	35995	452.25	463.26	366.57	416.16	2.05	122.61	0.56	57.07	5035.12	-5385.21	3650.10
Fixation L	1	10	9318334853	9318418846	83993	353.18	415.02	23	11	-1	13.43	13.43
Fixation R	1	11	9318334853	9318418846	83993	353.18	415.02	23	11	-1	11.75	11.75
Saccade L	1	18	9318418846	9318506875	88029	339.92	397.68	1272.34	473.59	21.42	525.19	0.27	243.27	22786.87	-11630.17	8898.50
Saccade R	1	18	9318418846	9318506875	88029	339.92	397.68	1272.34	473.59	21.42	525.19	0.27	243.27	22786.87	-11630.17	8898.50
Saccade L	1	19	9318506875	9318526855	19980	1272.34	473.59	1247.68	483.61	0.56	41.17	0.40	27.80	490.61	-1354.64	728.34
Saccade R	1	19	9318506875	9318526855	19980	1272.34	473.59	1247.68	483.61	0.56	41.17	0.40	27.80	490.61	-1354.64	728.34
Fixation L	1	11	9318526855	9318662859	136004	1211.26	486.40	54	30	-1	13.47	13.47
Fixation R	1	12	9318526855	9318662859	136004	1211.26	486.40	54	30	-1	11.48	11.48
Saccade L	1	20	9318662859	9318722870	60011	1198.81	503.63	1323.31	509.35	2.97	128.10	0.47	49.50	4691.63	-4806.01	2581.57
Saccade R	1	20	9318662859	9318722870	60011	1198.81	503.63	1323.31	509.35	2.97	128.10	0.47	49.50	4691.63	-4806.01	2581.57
Saccade L	1	21	9318722870	9318750863	27993	1323.31	509.35	1321.20	523.77	1.73	115.02	0.43	61.67	4773.44	-2808.29	2871.00
Saccade R	1	21	9318722870	9318750863	27993	1323.31	509.35	1321.20	523.77	1.73	115.02	0.43	61.67	4773.44	-2808.29	2871.00
Saccade L	1	22	9318750863	9318774858	23995	1321.20	523.77	1303.56	534.03	1.27	111.08	0.33	53.01	1519.07	-4778.13	2139.96
Saccade R	1	22	9318750863	9318774858	23995	1321.20	523.77	1303.56	534.03	1.27	111.08	0.33	53.01	1519.07	-4778.13	2139.96
Fixation L	1	12	9318774858	9318874889	100031	1295.74	527.73	16	12	-1	13.48	13.48
Fixation R	1	13	9318774858	9318874889	100031	1295.74	527.73	16	12	-1	11.71	11.71
Saccade L	1	23	9318874889	9318922863	47974	1291.70	520.85	1322.87	630.46	2.36	97.55	0.50	49.22	3789.32	-3589.73	2503.04
Saccade R	1	23	9318874889	9318922863	47974	1291.70	520.85	1322.87	630.46	2.36	97.55	0.50	49.22	3789.32	-3589.73	2503.04
Fixation L	1	13	9318922863	9319134866	212003	1323.76	631.08	12	17	-1	13.51	13.51
Fixation R	1	14	9318922863	9319134866	212003	1323.76	631.08	12	17	-1	11.69	11.69
Saccade L	1	24	9319134866	9319182886	48020	1323.13	637.09	1308.83	743.83	2.34	89.40	0.25	48.64	4267.82	-2539.68	2154.00
Saccade R	1	24	9319134866	9319182886	48020	1323.13	637.09	1308.83	743.83	2.34	89.40	0.25	48.64	4267.82	-2539.68	2154.00
Fixation L	1	14	9319182886	9319422881	239995	1303.62	727.65	26	37	-1	13.54	13.54
Fixation R	1	15	9319182886	9319422881	239995	1303.62	727.65	26	37	-1	11.51	11.51
Saccade L	1	25	9319422881	9319486883	64002	1309.25	713.33	1093.19	714.79	4.86	203.74	0.44	75.94	8221.13	-7347.51	4333.37
Saccade R	1	25	9319422881	9319486883	64002	1309.25	713.33	1093.19	714.79	4.86	203.74	0.44	75.94	8221.13	-7347.51	4333.37
Fixation L	1	15	9319486883	9319806770	319887	723.94	480.90	1207	941	-1	10.97	10.97
Fixation R	1	16	9319486883	9319670744	183861	1077.48	699.57	30	25	-1	11.24	11.24
Saccade L	1	26	9319962764	9320026760	63996	1227.39	584.68	1255.46	695.09	8.66	290.61	0.38	135.36	10886.52	-6290.95	3684.90
Saccade R	1	26	9319962764	9320026760	63996	1227.39	584.68	1255.46	695.09	8.66	290.61	0.38	135.36	10886.52	-6290.95	3684.90
Saccade L	1	27	9320026760	9320066757	39997	1255.46	695.09	1318.55	540.36	4.01	226.56	0.30	100.17	5643.96	-8390.76	4262.26
Saccade R	1	27	9320026760	9320066757	39997	1255.46	695.09	1318.55	540.36	4.01	226.56	0.30	100.17	5643.96	-8390.76	4262.26
Fixation L	1	16	9320066757	9320242758	176001	1297.86	556.34	36	32	-1	13.72	13.72
Fixation R	1	17	9320066757	9320242758	176001	1297.86	556.34	36	32	-1	11.62	11.62
Saccade L	1	28	9320242758	9320282779	40021	1291.59	563.76	1327.46	440.98	2.73	154.05	0.50	68.30	6920.31	-6540.07	4568.66
Saccade R	1	28	9320242758	9320282779	40021	1291.59	563.76	1327.46	440.98	2.73	154.05	0.50	68.30	6920.31	-6540.07	4568.66
Saccade L	1	29	9320310768	9320354785	44017	1323.98	438.80	1323.93	463.69	3.01	149.03	0.27	68.45	5668.72	-3882.84	2401.05
Saccade R	1	29	9320310768	9320354785	44017	1323.98	438.80	1323.93	463.69	3.01	149.03	0.27	68.45	5668.72	-3882.84	2401.05
Saccade L	1	30	9320394772	9320442777	48005	1326.96	433.32	1187.77	497.76	3.67	176.18	0.42	76.36	7554.22	-7456.77	4323.18
Saccade R	1	30	9320394772	9320442777	48005	1326.96	433.32	1187.77	497.76	3.67	176.18	0.42	76.36	7554.22	-7456.77	4323.18
Fixation L	1	17	9320442777	9320746779	304002	1137.00	519.63	90	74	-1	13.24	13.24
Fixation R	1	18	9320442777	9320746779	304002	1137.00	519.63	90	74	-1	11.32	11.32
Saccade L	1	31	9320746779	9320930673	183894	1106.63	549.90	543.43	575.09	23.11	591.43	0.22	125.66	15770.91	-20187.24	5396.17
Saccade R	1	31	9320746779	9320930673	183894	1106.63	549.90	543.43	575.09	23.11	591.43	0.22	125.66	15770.91	-20187.24	5396.17
Fixation L	1	18	9320930673	9320994676	64003	558.57	582.20	24	35	-1	13.39	13.39
Fixation R	1	19	9320930673	9320994676	64003	558.57	582.20	24	35	-1	11.71	11.71
Saccade L	1	32	9320994676	9321090663	95987	566.19	599.56	484.35	627.55	6.01	195.43	0.38	62.58	4962.23	-7025.27	2439.62
Saccade R	1	32	9320994676	9321090663	95987	566.19	599.56	484.35	627.55	6.01	195.43	0.38	62.58	4962.23	-7025.27	2439.62
Fixation L	1	19	9321090663	9321510699	420036	443.86	627.21	72	21	-1	14.07	14.07
Fixation R	1	20	9321090663	9321510699	420036	443.86	627.21	72	21	-1	12.33	12.33
Saccade L	1	33	9321510699	9321554682	43983	415.32	635.51	478.09	607.84	1.54	70.44	0.27	35.01	3144.09	-2274.21	1591.23
Saccade R	1	33	9321510699	9321554682	43983	415.32	635.51	478.09	607.84	1.54	70.44	0.27	35.01	3144.09	-2274.21	1591.23
Fixation L	1	20	9321554682	9322542556	987874	475.43	634.06	58	80	-1	14.77	14.77
Fixation R	1	21	9321554682	9322542556	987874	475.43	634.06	58	80	-1	12.70	12.70
Fixation L	1	21	9322602633	9322694593	91960	416.69	696.76	30	20	-1	14.73	14.73
Fixation R	1	22	9322602633	9322694593	91960	416.69	696.76	30	20	-1	12.57	12.57
Saccade L	1	34	9322742596	9322778591	35995	353.30	682.26	478.89	681.83	1.97	116.33	0.44	54.62	3039.02	-4703.99	2154.10
Saccade R	1	34	9322742596	9322778591	35995	353.30	682.26	478.89	681.83	1.97	116.33	0.44	54.62	3039.02	-4703.99	2154.10
Saccade L	1	35	9322878578	9322902565	23987	357.67	650.92	409.92	667.35	0.74	52.91	0.33	30.98	1225.42	-1905.00	1096.76
Saccade R	1	35	9322878578	9322902565	23987	357.67	650.92	409.92	667.35	0.74	52.91	0.33	30.98	1225.42	-1905.00	1096.76
Fixation L	1	22	9322902565	9323014572	112007	384.86	667.81	57	29	-1	14.57	14.57
Fixation R	1	23	9322902565	9323014572	112007	384.86	667.81	57	29	-1	12.74	12.74
Saccade L	1	36	9323014572	9323050581	36009	388.34	670.77	430.36	703.63	2.31	122.27	0.67	64.18	4047.64	-4000.32	2951.01
Saccade R	1	36	9323014572	9323050581	36009	388.34	670.77	430.36	703.63	2.31	122.27	0.67	64.18	4047.64	-4000.32	2951.01
Saccade L	1	37	9323050581	9323094577	43996	430.36	703.63	390.15	693.20	1.68	101.06	0.36	38.25	2631.19	-3000.89	1513.83
Saccade R	1	37	9323050581	9323094577	43996	430.36	703.63	390.15	693.20	1.68	101.06	0.36	38.25	2631.19	-3000.89	1513.83
Saccade L	1	38	9323114515	9323134587	20072	393.36	714.70	449.19	727.74	0.60	52.09	0.60	29.74	1832.93	789.96	1403.20
Saccade R	1	38	9323114515	9323134587	20072	393.36	714.70	449.19	727.74	0.60	52.09	0.60	29.74	1832.93	789.96	1403.20
Saccade L	1	39	9323134587	9323158612	24025	449.19	727.74	381.08	744.78	1.06	78.83	0.50	44.10	1832.93	-2950.40	1625.86
Saccade R	1	39	9323134587	9323158612	24025	449.19	727.74	381.08	744.78	1.06	78.83	0.50	44.10	1832.93	-2950.40	1625.86
Saccade L	1	40	9323158612	9323182611	23999	381.08	744.78	383.21	754.20	0.59	50.33	0.67	24.58	893.81	-1560.85	764.62
Saccade R	1	40	9323158612	9323182611	23999	381.08	744.78	383.21	754.20	0.59	50.33	0.67	24.58	893.81	-1560.85	764.62
Saccade L	1	41	9323210481	9323234599	24118	388.37	758.20	407.91	732.32	0.65	40.33	0.66	27.03	1197.47	-826.05	690.21
Saccade R	1	41	9323210481	9323234599	24118	388.37	758.20	407.91	732.32	0.65	40.33	0.66	27.03	1197.47	-826.05	690.21
Fixation L	1	23	9323234599	9323466529	231930	431.83	726.88	52	25	-1	15.74	15.74
Fixation R	1	24	9323234599	9323466529	231930	431.83	726.88	52	25	-1	13.10	13.10
Saccade L	1	42	9323466529	9323566614	100085	451.34	719.04	1289.58	559.24	20.21	433.66	0.44	201.88	15830.74	-16985.18	7825.72
Saccade R	1	42	9323466529	9323566614	100085	451.34	719.04	1289.58	559.24	20.21	433.66	0.44	201.88	15830.74	-16985.18	7825.72
Fixation L	1	24	9323598622	9323794495	195873	1251.39	563.04	48	23	-1	15.90	15.90
Fixation R	1	25	9323598622	9323794495	195873	1251.39	563.04	48	23	-1	12.58	12.58
Saccade L	1	43	9323794495	9323814473	19978	1235.10	564.76	1238.02	522.39	0.60	58.27	0.60	30.03	2298.90	327.76	1353.03
Saccade R	1	43	9323794495	9323814473	19978	1235.10	564.76	1238.02	522.39	0.60	58.27	0.60	30.03	2298.90	327.76	1353.03
Saccade L	1	44	9323814473	9323862480	48007	1238.02	522.39	965.50	588.56	6.07	341.04	0.67	126.54	10573.25	-14581.88	7731.02
Saccade R	1	44	9323814473	9323862480	48007	1238.02	522.39	965.50	588.56	6.07	341.04	0.67	126.54	10573.25	-14581.88	7731.02
Saccade L	1	45	9323882470	9323906470	24000	960.37	582.15	1089.98	585.17	2.63	246.14	0.50	109.40	10220.59	-10082.29	7566.80
Saccade R	1	45	9323882470	9323906470	24000	960.37	582.15	1089.98	585.17	2.63	246.14	0.50	109.40	10220.59	-10082.29	7566.80
Fixation L	1	25	9323906470	9323958481	52011	1097.79	574.06	13	30	-1	15.09	15.09
Fixation R	1	26	9323906470	9323958481	52011	1097.79	574.06	13	30	-1	11.99	11.99
Saccade L	1	46	9323958481	9323982482	24001	1100.65	550.00	1001.02	560.11	2.11	193.51	0.50	87.99	6949.74	-7391.37	5381.99
Saccade R	1	46	9323958481	9323982482	24001	1100.65	550.00	1001.02	560.11	2.11	193.51	0.50	87.99	6949.74	-7391.37	5381.99
Saccade L	1	47	9324014478	9324034479	20001	1010.70	546.70	1145.86	476.54	1.89	203.26	0.60	94.49	9285.37	-2294.70	5160.09
Saccade R	1	47	9324014478	9324034479	20001	1010.70	546.70	1145.86	476.54	1.89	203.26	0.60	94.49	9285.37	-2294.70	5160.09
Saccade L	1	48	9324154518	9324198473	43955	1139.82	439.67	1116.37	555.60	2.52	147.94	0.73	57.30	5557.96	-6209.07	3307.98
Saccade R	1	48	9324154518	9324198473	43955	1139.82	439.67	1116.37	555.60	2.52	147.94	0.73	57.30	5557.96	-6209.07	3307.98
Saccade L	1	49	9324234539	9324290492	55953	1115.72	541.37	1012.29	502.91	2.65	94.15	0.57	47.40	2703.24	-3374.80	1914.98
Saccade R	1	49	9324234539	9324290492	55953	1115.72	541.37	1012.29	502.91	2.65	94.15	0.57	47.40	2703.24	-3374.80	1914.98
Fixation L	1	26	9324290492	9324510487	219995	1007.84	504.45	36	48	-1	14.25	14.25
Fixation R	1	27	9324290492	9324510487	219995	1007.84	504.45	36	48	-1	11.59	11.59
Saccade L	1	50	9324510487	9324542500	32013	995.96	520.62	993.53	566.84	1.10	73.75	0.62	34.37	2352.72	-2922.51	1892.98
Saccade R	1	50	9324510487	9324542500	32013	995.96	520.62	993.53	566.84	1.10	73.75	0.62	34.37	2352.72	-2922.51	1892.98
Saccade L	1	51	9324574492	9324602527	28035	982.25	579.47	832.35	557.98	3.37	311.85	0.43	120.11	12128.18	-12242.38	7746.52
Saccade R	1	51	9324574492	9324602527	28035	982.25	579.47	832.35	557.98	3.37	311.85	0.43	120.11	12128.18	-12242.38	7746.52
Saccade L	1	52	9324602527	9324630481	27954	832.35	557.98	1007.48	555.82	3.66	324.57	0.57	130.95	13020.94	-13184.39	8488.46
Saccade R	1	52	9324602527	9324630481	27954	832.35	557.98	1007.48	555.82	3.66	324.57	0.57	130.95	13020.94	-13184.39	8488.46
Saccade L	1	53	9324638478	9324714504	76026	1010.93	553.37	379.90	668.29	15.24	402.01	0.37	200.45	18325.45	-15595.77	8932.67
Saccade R	1	53	9324638478	9324714504	76026	1010.93	553.37	379.90	668.29	15.24	402.01	0.37	200.45	18325.45	-15595.77	8932.67
Fixation L	1	27	9324714504	9324946516	232012	404.59	660.71	46	57	-1	14.15	14.15
Fixation R	1	28	9324714504	9324946516	232012	404.59	660.71	46	57	-1	11.82	11.82
Saccade L	1	54	9324946516	9324982523	36007	422.56	670.95	426.10	685.77	2.08	118.49	0.66	57.77	3609.74	-4298.01	2422.02
Saccade R	1	54	9324946516	9324982523	36007	422.56	670.95	426.10	685.77	2.08	118.49	0.66	57.77	3609.74	-4298.01	2422.02
Fixation L	1	28	9324982523	9325098525	116002	433.93	690.43	17	32	-1	14.12	14.12
Fixation R	1	29	9324982523	9325098525	116002	433.93	690.43	17	32	-1	11.86	11.86
Saccade L	1	55	9325098525	9325138394	39869	426.41	695.49	433.86	690.27	2.74	126.29	0.30	68.70	5554.95	-4192.42	2874.27
Saccade R	1	55	9325098525	9325138394	39869	426.41	695.49	433.86	690.27	2.74	126.29	0.30	68.70	5554.95	-4192.42	2874.27
Saccade L	1	56	9325182402	9325230387	47985	434.59	705.44	392.28	661.27	7.30	362.38	0.58	152.08	13261.22	-14765.79	7691.11
Saccade R	1	56	9325182402	9325230387	47985	434.59	705.44	392.28	661.27	7.30	362.38	0.58	152.08	13261.22	-14765.79	7691.11
Fixation L	1	29	9325230387	9325594393	364006	409.83	678.85	55	51	-1	14.91	14.91
Fixation R	1	30	9325230387	9325594393	364006	409.83	678.85	55	51	-1	12.27	12.27
Saccade L	1	57	9325594393	9325622385	27992	428.11	681.47	293.86	802.83	3.66	310.35	0.43	130.86	13253.15	-13560.65	9844.62
Saccade R	1	57	9325594393	9325622385	27992	428.11	681.47	293.86	802.83	3.66	310.35	0.43	130.86	13253.15	-13560.65	9844.62
Saccade L	1	58	9325658397	9325682391	23994	291.34	805.13	302.84	696.93	2.31	219.86	0.50	96.34	8837.03	-8065.17	6331.23
Saccade R	1	58	9325658397	9325682391	23994	291.34	805.13	302.84	696.93	2.31	219.86	0.50	96.34	8837.03	-8065.17	6331.23
Fixation L	1	30	9325682391	9325882386	199995	65.57	173.83	350	809	-1	6.64	6.64
Saccade R	1	59	9325702408	9325746400	43992	325.65	688.77	-3.12	0.00	19.66	1160.15	0.54	446.84	41717.86	-47145.67	28318.96
Fixation R	1	31	9325746400	9325882386	135986	-0.43	0.00	3	0	-1	6.80	6.77
Saccade L	1	59	9326150404	9326246410	96006	474.54	642.39	946.21	586.34	13.77	360.35	0.33	143.39	16088.78	-11171.95	6366.27
Saccade R	1	60	9326150404	9326246410	96006	474.54	642.39	946.21	586.34	13.77	360.35	0.33	143.39	16088.78	-11171.95	6366.27
Saccade L	1	60	9326246410	9326266436	20026	946.21	586.34	958.06	474.73	1.38	142.75	0.60	68.67	5563.48	-1406.60	3073.78
Saccade R	1	61	9326246410	9326266436	20026	946.21	586.34	958.06	474.73	1.38	142.75	0.60	68.67	5563.48	-1406.60	3073.78
Saccade L	1	61	9326462405	9326486410	24005	1033.70	562.49	959.74	564.22	1.59	134.02	0.50	66.09	5572.00	-2777.80	2981.61
Saccade R	1	62	9326462405	9326486410	24005	1033.70	562.49	959.74	564.22	1.59	134.02	0.50	66.09	5572.00	-2777.80	2981.61
Saccade L	1	62	9326486410	9326514400	27990	959.74	564.22	1039.16	580.41	1.68	123.11	0.43	59.86	2568.23	-3292.36	1781.91
Saccade R	1	63	9326486410	9326514400	27990	959.74	564.22	1039.16	580.41	1.68	123.11	0.43	59.86	2568.23	-3292.36	1781.91
Saccade L	1	63	9326514400	9326546420	32020	1039.16	580.41	1030.68	519.43	2.30	123.56	0.75	71.76	3304.70	-4084.86	2478.17
Saccade R	1	64	9326514400	9326546420	32020	1039.16	580.41	1030.68	519.43	2.30	123.56	0.75	71.76	3304.70	-4084.86	2478.17
Saccade L	1	64	9326546420	9326582276	35856	1030.68	519.43	1040.68	520.04	1.39	64.57	0.55	38.76	2310.95	-4084.86	2030.68
Saccade R	1	65	9326546420	9326582276	35856	1030.68	519.43	1040.68	520.04	1.39	64.57	0.55	38.76	2310.95	-4084.86	2030.68
Saccade L	1	65	9326598278	9326634280	36002	1039.33	529.65	907.57	542.38	2.80	213.03	0.33	77.84	8386.76	-8041.23	5106.18
Saccade R	1	66	9326598278	9326634280	36002	1039.33	529.65	907.57	542.38	2.80	213.03	0.33	77.84	8386.76	-8041.23	5106.18
Saccade L	1	66	9326634280	9326666291	32011	907.57	542.38	1025.20	537.55	2.76	237.11	0.62	86.28	8892.50	-9742.31	5858.33
Saccade R	1	67	9326634280	9326666291	32011	907.57	542.38	1025.20	537.55	2.76	237.11	0.62	86.28	8892.50	-9742.31	5858.33
Fixation L	1	31	9326666291	9326754322	88031	1019.37	528.74	14	21	-1	13.85	13.85
Fixation R	1	32	9326666291	9326754322	88031	1019.37	528.74	14	21	-1	11.53	11.53
Fixation L	1	32	9326822274	9326930317	108043	1199.46	503.51	29	31	-1	13.45	13.45
Fixation R	1	33	9326822274	9326930317	108043	1199.46	503.51	29	31	-1	11.17	11.17
Saccade L	1	67	9326930317	9326978326	48009	1196.23	509.35	1346.63	482.84	3.57	142.44	0.33	74.31	6181.38	-4579.01	3810.67
Saccade R	1	68	9326930317	9326978326	48009	1196.23	509.35	1346.63	482.84	3.57	142.44	0.33	74.31	6181.38	-4579.01	3810.67
Fixation L	1	33	9326978326	9327138298	159972	1348.56	488.54	12	51	-1	13.26	13.26
Fixation R	1	34	9326978326	9327138298	159972	1348.56	488.54	12	51	-1	11.12	11.12
Saccade L	1	68	9327138298	9327222323	84025	1355.08	519.52	491.32	531.15	20.99	537.53	0.38	249.84	20915.05	-15137.85	9636.90
Saccade R	1	69	9327138298	9327222323	84025	1355.08	519.52	491.32	531.15	20.99	537.53	0.38	249.84	20915.05	-15137.85	9636.90
Fixation L	1	34	9327242298	9327402298	160000	536.91	518.62	53	38	-1	13.31	13.31
Fixation R	1	35	9327242298	9327402298	160000	536.91	518.62	53	38	-1	11.52	11.52
Saccade L	1	69	9327402298	9327446310	44012	561.70	538.29	462.10	567.30	2.33	113.77	0.45	52.83	4448.70	-4466.55	2942.53
Saccade R	1	70	9327402298	9327446310	44012	561.70	538.29	462.10	567.30	2.33	113.77	0.45	52.83	4448.70	-4466.55	2942.53
Fixation L	1	35	9327446310	9327646322	200012	457.17	563.93	34	18	-1	13.21	13.21
Fixation R	1	36	9327446310	9327646322	200012	457.17	563.93	34	18	-1	11.49	11.49
Saccade L	1	70	9327646322	9327698297	51975	440.30	552.45	385.10	411.16	4.60	166.39	0.46	88.50	5909.67	-6475.40	4088.97
Saccade R	1	71	9327646322	9327698297	51975	440.30	552.45	385.10	411.16	4.60	166.39	0.46	88.50	5909.67	-6475.40	4088.97
Fixation L	1	36	9327698297	9328030211	331914	453.10	418.94	430	96	-1	13.57	13.57
Fixation R	1	37	9327698297	9328030211	331914	453.10	418.94	430	96	-1	11.75	11.75
