[BeGaze]
Converted from:	D:\Kirillov\Results\ermolova_temp\Veronika-eye_data.idf
Date:	17.04.2019 03:53:13
Version:	BeGaze 3.0.181
Sample Rate:	250
Subject:	Veronika
Description:	Run21

Table Header for Fixations:
Event Type	Trial	Number	Start	End	Duration	Location X	Location Y	Dispersion X	Dispersion Y	Plane	Avg. Pupil Size X	Avg. Pupil Size Y

Table Header for Saccades:
Event Type	Trial	Number	Start	End	Duration	Start Loc.X	Start Loc.Y	End Loc.X	End Loc.Y	Amplitude	Peak Speed	Peak Speed At	Average Speed	Peak Accel.	Peak Decel.	Average Accel.

Table Header for User Events:
Event Type	Trial	Number	Start	Description

UserEvent	1	1	7825729773	# Message: experiment-11.jpg
Saccade L	1	1	7825730756	7825758674	27918	746.63	271.21	846.69	234.41	2.18	184.00	0.29	78.14	0.00	-7774.10	2820.21
Saccade R	1	1	7825730756	7825758674	27918	746.63	271.21	846.69	234.41	2.18	184.00	0.29	78.14	0.00	-7774.10	2820.21
Fixation L	1	1	7825758674	7826046627	287953	860.02	218.78	20	32	-1	14.60	14.60
Fixation R	1	1	7825758674	7826046627	287953	860.02	218.78	20	32	-1	14.62	14.62
Saccade L	1	2	7826046627	7826098648	52021	867.10	212.21	747.25	747.65	11.97	411.80	0.38	230.01	20478.37	-15000.44	11471.36
Saccade R	1	2	7826046627	7826098648	52021	867.10	212.21	747.25	747.65	11.97	411.80	0.38	230.01	20478.37	-15000.44	11471.36
Fixation L	1	2	7826098648	7826246613	147965	424.14	428.52	824	865	-1	12.42	12.42
Fixation R	1	2	7826098648	7826158620	59972	739.55	747.74	12	15	-1	14.61	14.61
Fixation L	1	3	7826322624	7826402688	80064	684.50	694.47	33	14	-1	13.67	13.67
Fixation R	1	3	7826322624	7826402688	80064	684.50	694.47	33	14	-1	13.12	13.12
Saccade L	1	3	7826402688	7826442627	39939	680.77	700.63	803.93	661.60	2.98	203.16	0.40	74.50	8980.12	-8269.12	5235.37
Saccade R	1	3	7826402688	7826442627	39939	680.77	700.63	803.93	661.60	2.98	203.16	0.40	74.50	8980.12	-8269.12	5235.37
Fixation L	1	4	7826442627	7826658646	216019	826.19	661.35	30	13	-1	13.46	13.46
Fixation R	1	4	7826442627	7826658646	216019	826.19	661.35	30	13	-1	13.18	13.18
Saccade L	1	4	7826658646	7826686635	27989	831.69	660.88	736.94	652.35	1.90	141.46	0.43	67.80	6650.87	-6628.36	4922.18
Saccade R	1	4	7826658646	7826686635	27989	831.69	660.88	736.94	652.35	1.90	141.46	0.43	67.80	6650.87	-6628.36	4922.18
Fixation L	1	5	7826686635	7827038644	352009	746.39	643.45	22	15	-1	13.37	13.37
Fixation R	1	5	7826686635	7827038644	352009	746.39	643.45	22	15	-1	12.92	12.92
Saccade L	1	5	7827038644	7827082631	43987	746.17	635.70	923.24	392.51	6.43	263.79	0.45	146.19	12663.91	-11670.74	8913.57
Saccade R	1	5	7827038644	7827082631	43987	746.17	635.70	923.24	392.51	6.43	263.79	0.45	146.19	12663.91	-11670.74	8913.57
Fixation L	1	6	7827082631	7827334645	252014	932.92	387.15	42	22	-1	13.41	13.41
Fixation R	1	6	7827082631	7827334645	252014	932.92	387.15	42	22	-1	13.16	13.16
Saccade L	1	6	7827334645	7827386513	51868	909.79	388.68	730.91	760.76	8.90	346.88	0.39	171.65	16082.21	-13027.00	9788.30
Saccade R	1	6	7827334645	7827386513	51868	909.79	388.68	730.91	760.76	8.90	346.88	0.39	171.65	16082.21	-13027.00	9788.30
Fixation L	1	7	7827386513	7827902550	516037	726.33	789.67	47	58	-1	14.24	14.24
Fixation R	1	7	7827386513	7827902550	516037	726.33	789.67	47	58	-1	13.48	13.48
Saccade L	1	7	7827902550	7827986541	83991	712.80	804.15	1032.69	360.72	12.40	330.41	0.29	147.59	15662.91	-7940.61	6422.40
Saccade R	1	7	7827902550	7827986541	83991	712.80	804.15	1032.69	360.72	12.40	330.41	0.29	147.59	15662.91	-7940.61	6422.40
Fixation L	1	8	7827986541	7828282534	295993	1032.20	382.72	32	34	-1	13.97	13.97
Fixation R	1	8	7827986541	7828282534	295993	1032.20	382.72	32	34	-1	13.75	13.75
Saccade L	1	8	7828282534	7828342563	60029	1017.16	391.79	836.66	751.38	8.87	255.84	0.67	147.84	12305.92	-11325.62	6054.43
Saccade R	1	8	7828282534	7828342563	60029	1017.16	391.79	836.66	751.38	8.87	255.84	0.67	147.84	12305.92	-11325.62	6054.43
Fixation L	1	9	7828342563	7828530541	187978	838.47	760.62	28	25	-1	14.13	14.13
Fixation R	1	9	7828342563	7828530541	187978	838.47	760.62	28	25	-1	13.88	13.88
Saccade L	1	9	7828530541	7828586564	56023	820.95	769.30	1130.77	397.94	10.43	336.65	0.36	186.14	15784.47	-11298.18	9397.09
Saccade R	1	9	7828530541	7828586564	56023	820.95	769.30	1130.77	397.94	10.43	336.65	0.36	186.14	15784.47	-11298.18	9397.09
Fixation L	1	10	7828586564	7828826430	239866	1138.28	389.83	41	32	-1	13.99	13.99
Fixation R	1	10	7828586564	7828826430	239866	1138.28	389.83	41	32	-1	14.01	14.01
Saccade L	1	10	7828826430	7828894439	68009	1138.88	402.82	851.09	692.64	9.20	232.68	0.59	135.22	8372.96	-9354.77	5494.17
Saccade R	1	10	7828826430	7828894439	68009	1138.88	402.82	851.09	692.64	9.20	232.68	0.59	135.22	8372.96	-9354.77	5494.17
Fixation L	1	11	7828894439	7829030451	136012	848.61	693.41	10	34	-1	13.94	13.94
Fixation R	1	11	7828894439	7829030451	136012	848.61	693.41	10	34	-1	13.67	13.67
Saccade L	1	11	7829030451	7829054440	23989	851.56	706.11	826.00	719.12	0.68	47.88	0.50	28.18	1826.32	-1537.62	1233.71
Saccade R	1	11	7829030451	7829054440	23989	851.56	706.11	826.00	719.12	0.68	47.88	0.50	28.18	1826.32	-1537.62	1233.71
Fixation L	1	12	7829054440	7829282433	227993	794.92	735.79	50	24	-1	14.15	14.15
Fixation R	1	12	7829054440	7829282433	227993	794.92	735.79	50	24	-1	13.72	13.72
Saccade L	1	12	7829282433	7829306446	24013	808.32	739.92	890.06	737.64	1.70	145.92	0.50	70.80	6432.76	-6372.76	4758.41
Saccade R	1	12	7829282433	7829306446	24013	808.32	739.92	890.06	737.64	1.70	145.92	0.50	70.80	6432.76	-6372.76	4758.41
Fixation L	1	13	7829306446	7829450450	144004	894.65	740.35	20	26	-1	14.22	14.22
Fixation R	1	13	7829306446	7829450450	144004	894.65	740.35	20	26	-1	14.02	14.02
Saccade L	1	13	7829622448	7829662447	39999	1194.58	411.15	1119.25	410.58	1.33	53.93	0.30	33.17	736.85	-5087.46	1283.56
Saccade R	1	13	7829622448	7829662447	39999	1194.58	411.15	1119.25	410.58	1.33	53.93	0.30	33.17	736.85	-5087.46	1283.56
Fixation R	1	14	7829706476	7829818437	111961	496.84	188.81	1469	634	-1	9.35	9.35
Fixation L	1	14	7829914461	7830306338	391877	800.30	832.66	39	48	-1	14.26	14.26
Fixation R	1	15	7829914461	7830306338	391877	800.30	832.66	39	48	-1	13.73	13.73
Saccade L	1	14	7830306338	7830338347	32009	796.91	836.59	794.37	683.92	3.06	234.61	0.50	95.64	10124.38	-9992.90	7270.27
Saccade R	1	14	7830306338	7830338347	32009	796.91	836.59	794.37	683.92	3.06	234.61	0.50	95.64	10124.38	-9992.90	7270.27
Fixation L	1	15	7830338347	7830934359	596012	803.93	666.43	22	57	-1	13.52	13.52
Fixation R	1	16	7830338347	7830934359	596012	803.93	666.43	22	57	-1	12.98	12.98
Saccade L	1	15	7830934359	7830970342	35983	806.75	669.81	876.33	657.66	1.47	76.06	0.33	40.78	3527.20	-2685.00	2149.33
Saccade R	1	15	7830934359	7830970342	35983	806.75	669.81	876.33	657.66	1.47	76.06	0.33	40.78	3527.20	-2685.00	2149.33
Fixation L	1	16	7830970342	7831142347	172005	888.07	659.13	18	18	-1	13.96	13.96
Fixation R	1	17	7830970342	7831142347	172005	888.07	659.13	18	18	-1	13.41	13.41
Saccade L	1	16	7831142347	7831190358	48011	883.97	658.26	1136.52	384.29	8.26	336.51	0.42	172.14	16715.23	-11370.22	9605.45
Saccade R	1	16	7831142347	7831190358	48011	883.97	658.26	1136.52	384.29	8.26	336.51	0.42	172.14	16715.23	-11370.22	9605.45
Fixation L	1	17	7831190358	7831554373	364015	1137.11	392.55	27	47	-1	13.98	13.98
Fixation R	1	18	7831190358	7831554373	364015	1137.11	392.55	27	47	-1	13.80	13.80
Saccade L	1	17	7831554373	7831578351	23978	1131.71	414.54	1197.17	401.10	1.34	111.60	0.50	55.83	4971.22	-4256.40	3365.96
Saccade R	1	17	7831554373	7831578351	23978	1131.71	414.54	1197.17	401.10	1.34	111.60	0.50	55.83	4971.22	-4256.40	3365.96
Fixation L	1	18	7831578351	7832522256	943905	1210.12	398.41	43	76	-1	14.21	14.21
Fixation R	1	19	7831578351	7832522256	943905	1210.12	398.41	43	76	-1	13.97	13.97
Saccade L	1	18	7832522256	7832550255	27999	1226.45	380.12	1180.89	369.63	0.96	56.55	0.57	34.26	2570.35	-2478.55	1898.36
Saccade R	1	18	7832522256	7832550255	27999	1226.45	380.12	1180.89	369.63	0.96	56.55	0.57	34.26	2570.35	-2478.55	1898.36
Fixation L	1	19	7832550255	7832710256	160001	1177.57	367.03	12	11	-1	14.39	14.39
Fixation R	1	20	7832550255	7832710256	160001	1177.57	367.03	12	11	-1	14.02	14.02
Saccade L	1	19	7832710256	7832746293	36037	1169.40	369.52	1221.30	324.55	1.51	71.86	0.44	41.94	2965.75	-2613.19	2039.67
Saccade R	1	19	7832710256	7832746293	36037	1169.40	369.52	1221.30	324.55	1.51	71.86	0.44	41.94	2965.75	-2613.19	2039.67
Fixation L	1	20	7832746293	7833006268	259975	1237.08	325.20	37	24	-1	14.02	14.02
Fixation R	1	21	7832746293	7833006268	259975	1237.08	325.20	37	24	-1	13.85	13.85
Saccade L	1	20	7833006268	7833062158	55890	1238.34	335.96	983.44	655.54	9.00	286.94	0.29	160.95	13753.41	-10667.14	7587.40
Saccade R	1	20	7833006268	7833062158	55890	1238.34	335.96	983.44	655.54	9.00	286.94	0.29	160.95	13753.41	-10667.14	7587.40
Fixation L	1	21	7833062158	7833194134	131976	968.93	668.90	19	25	-1	14.14	14.14
Fixation R	1	22	7833062158	7833194134	131976	968.93	668.90	19	25	-1	13.72	13.72
Saccade L	1	21	7833194134	7833230156	36022	963.38	662.02	896.44	697.42	1.83	111.55	0.45	50.94	4803.92	-4266.33	2855.43
Saccade R	1	21	7833194134	7833230156	36022	963.38	662.02	896.44	697.42	1.83	111.55	0.45	50.94	4803.92	-4266.33	2855.43
Fixation L	1	22	7833230156	7833538172	308016	899.15	684.80	43	30	-1	14.20	14.20
Fixation R	1	23	7833230156	7833538172	308016	899.15	684.80	43	30	-1	13.90	13.90
Saccade L	1	22	7833538172	7833562173	24001	915.17	672.50	954.34	653.90	1.00	78.19	0.50	41.49	3474.02	-2738.59	2254.08
Saccade R	1	22	7833538172	7833562173	24001	915.17	672.50	954.34	653.90	1.00	78.19	0.50	41.49	3474.02	-2738.59	2254.08
Fixation L	1	23	7833562173	7833682161	119988	964.87	645.26	14	15	-1	14.12	14.12
Fixation R	1	24	7833562173	7833682161	119988	964.87	645.26	14	15	-1	13.83	13.83
Saccade L	1	23	7833682161	7833746165	64004	967.08	650.28	1189.69	373.78	8.32	289.10	0.31	129.97	13041.42	-8751.48	6801.66
Saccade R	1	23	7833682161	7833746165	64004	967.08	650.28	1189.69	373.78	8.32	289.10	0.31	129.97	13041.42	-8751.48	6801.66
Fixation L	1	24	7833746165	7833962158	215993	1203.95	363.38	21	17	-1	13.45	13.45
Fixation R	1	25	7833746165	7833962158	215993	1203.95	363.38	21	17	-1	13.35	13.35
Saccade L	1	24	7833962158	7833994157	31999	1210.67	366.09	1050.78	370.00	3.36	260.40	0.50	105.03	11637.13	-11252.64	8333.89
Saccade R	1	24	7833962158	7833994157	31999	1210.67	366.09	1050.78	370.00	3.36	260.40	0.50	105.03	11637.13	-11252.64	8333.89
Fixation L	1	25	7833994157	7834214168	220011	1046.03	364.16	17	26	-1	13.45	13.45
Fixation R	1	26	7833994157	7834214168	220011	1046.03	364.16	17	26	-1	13.42	13.42
Saccade L	1	25	7834214168	7834254164	39996	1035.50	380.50	936.39	610.92	5.38	343.64	0.40	134.46	15624.68	-14899.72	9940.73
Saccade R	1	25	7834214168	7834254164	39996	1035.50	380.50	936.39	610.92	5.38	343.64	0.40	134.46	15624.68	-14899.72	9940.73
Fixation L	1	26	7834254164	7834398165	144001	920.19	633.18	33	44	-1	13.86	13.86
Fixation R	1	27	7834254164	7834398165	144001	920.19	633.18	33	44	-1	13.52	13.52
Saccade L	1	26	7834398165	7834438037	39872	908.23	653.25	840.32	681.81	1.72	99.88	0.30	43.01	4613.52	-3206.87	2441.20
Saccade R	1	26	7834398165	7834438037	39872	908.23	653.25	840.32	681.81	1.72	99.88	0.30	43.01	4613.52	-3206.87	2441.20
Fixation L	1	27	7834438037	7834638044	200007	834.56	658.57	13	45	-1	14.02	14.02
Fixation R	1	28	7834438037	7834638044	200007	834.56	658.57	13	45	-1	13.61	13.61
Saccade L	1	27	7834638044	7834702066	64022	837.71	673.30	1072.42	340.89	9.18	297.16	0.44	143.31	13879.81	-12421.16	7568.76
Saccade R	1	27	7834638044	7834702066	64022	837.71	673.30	1072.42	340.89	9.18	297.16	0.44	143.31	13879.81	-12421.16	7568.76
Fixation L	1	28	7834702066	7834966084	264018	1075.77	339.67	18	30	-1	13.47	13.47
Fixation R	1	29	7834702066	7834966084	264018	1075.77	339.67	18	30	-1	13.27	13.27
Saccade L	1	28	7834966084	7834994075	27991	1065.57	354.79	1164.29	339.47	2.00	137.41	0.57	71.45	6743.57	-6199.94	4803.46
Saccade R	1	28	7834966084	7834994075	27991	1065.57	354.79	1164.29	339.47	2.00	137.41	0.57	71.45	6743.57	-6199.94	4803.46
Fixation L	1	29	7834994075	7835286064	291989	1155.69	340.48	24	38	-1	13.74	13.74
Fixation R	1	30	7834994075	7835286064	291989	1155.69	340.48	24	38	-1	13.40	13.40
Saccade L	1	29	7835286064	7835318093	32029	1160.19	356.06	1041.56	352.94	2.41	139.23	0.50	75.14	6451.97	-6256.18	4819.77
Saccade R	1	29	7835286064	7835318093	32029	1160.19	356.06	1041.56	352.94	2.41	139.23	0.50	75.14	6451.97	-6256.18	4819.77
Fixation L	1	30	7835318093	7835594079	275986	1038.40	341.89	21	18	-1	13.80	13.80
Fixation R	1	31	7835318093	7835594079	275986	1038.40	341.89	21	18	-1	13.37	13.37
Saccade L	1	30	7835594079	7835646097	52018	1034.34	343.45	908.94	668.88	7.65	257.67	0.31	146.99	11887.94	-11543.04	7118.94
Saccade R	1	30	7835594079	7835646097	52018	1034.34	343.45	908.94	668.88	7.65	257.67	0.31	146.99	11887.94	-11543.04	7118.94
Fixation L	1	31	7835646097	7835814088	167991	886.60	669.32	39	22	-1	14.30	14.30
Fixation R	1	32	7835646097	7835814088	167991	886.60	669.32	39	22	-1	13.56	13.56
Saccade L	1	31	7835814088	7835842106	28018	880.63	685.22	804.78	712.64	1.65	106.13	0.43	59.06	4976.06	-5184.04	3799.37
Saccade R	1	31	7835814088	7835842106	28018	880.63	685.22	804.78	712.64	1.65	106.13	0.43	59.06	4976.06	-5184.04	3799.37
Fixation L	1	32	7835842106	7836069963	227857	800.61	726.82	9	27	-1	14.24	14.24
Fixation R	1	33	7835842106	7836069963	227857	800.61	726.82	9	27	-1	13.45	13.45
Saccade L	1	32	7836069963	7836097954	27991	802.58	728.14	825.58	839.15	2.30	176.29	0.57	82.11	7912.95	-7583.88	5786.32
Saccade R	1	32	7836069963	7836097954	27991	802.58	728.14	825.58	839.15	2.30	176.29	0.57	82.11	7912.95	-7583.88	5786.32
Fixation L	1	33	7836097954	7836445975	348021	805.80	834.92	40	19	-1	13.95	13.95
Fixation R	1	34	7836097954	7836445975	348021	805.80	834.92	40	19	-1	13.30	13.30
Saccade L	1	33	7836445975	7836482002	36027	822.23	825.85	818.46	685.58	2.89	185.17	0.44	80.11	7735.24	-7893.00	5485.66
Saccade R	1	33	7836445975	7836482002	36027	822.23	825.85	818.46	685.58	2.89	185.17	0.44	80.11	7735.24	-7893.00	5485.66
Fixation L	1	34	7836482002	7836705998	223996	826.33	674.58	13	26	-1	13.75	13.75
Fixation R	1	35	7836482002	7836705998	223996	826.33	674.58	13	26	-1	13.28	13.28
Saccade L	1	34	7836705998	7836741966	35968	822.05	665.53	723.54	655.90	2.24	119.02	0.67	62.19	4523.76	-5436.09	3703.27
Saccade R	1	34	7836705998	7836741966	35968	822.05	665.53	723.54	655.90	2.24	119.02	0.67	62.19	4523.76	-5436.09	3703.27
Fixation L	1	35	7836741966	7836937966	196000	714.81	644.96	16	21	-1	13.56	13.56
Fixation R	1	36	7836741966	7836937966	196000	714.81	644.96	16	21	-1	13.10	13.10
Saccade L	1	35	7836937966	7836989980	52014	720.74	632.66	983.87	350.46	8.42	326.09	0.31	161.89	15897.78	-11660.48	9447.14
Saccade R	1	35	7836937966	7836989980	52014	720.74	632.66	983.87	350.46	8.42	326.09	0.31	161.89	15897.78	-11660.48	9447.14
Fixation L	1	36	7836989980	7837309880	319900	992.23	347.96	17	16	-1	13.44	13.44
Fixation R	1	37	7836989980	7837309880	319900	992.23	347.96	17	16	-1	13.27	13.27
Saccade L	1	36	7837309880	7837337864	27984	994.92	350.06	1096.04	344.62	2.06	158.00	0.43	73.72	7057.21	-6880.69	5081.84
Saccade R	1	36	7837309880	7837337864	27984	994.92	350.06	1096.04	344.62	2.06	158.00	0.43	73.72	7057.21	-6880.69	5081.84
Fixation L	1	37	7837337864	7837569928	232064	1096.37	349.44	14	19	-1	13.78	13.78
Fixation R	1	38	7837337864	7837569928	232064	1096.37	349.44	14	19	-1	13.46	13.46
Saccade L	1	37	7837569928	7837625876	55948	1096.82	362.76	841.34	693.50	9.32	320.81	0.29	166.54	15491.23	-10511.95	8618.86
Saccade R	1	37	7837569928	7837625876	55948	1096.82	362.76	841.34	693.50	9.32	320.81	0.29	166.54	15491.23	-10511.95	8618.86
Fixation L	1	38	7837625876	7837805888	180012	830.79	698.63	18	24	-1	14.14	14.14
Fixation R	1	39	7837625876	7837805888	180012	830.79	698.63	18	24	-1	13.75	13.75
Saccade L	1	38	7837805888	7837829871	23983	825.85	702.27	834.04	663.60	0.67	49.21	0.50	27.85	1598.85	-1832.60	1301.58
Saccade R	1	38	7837805888	7837829871	23983	825.85	702.27	834.04	663.60	0.67	49.21	0.50	27.85	1598.85	-1832.60	1301.58
Fixation L	1	39	7837829871	7838137884	308013	860.45	661.36	56	32	-1	14.03	14.03
Fixation R	1	40	7837829871	7838245813	415942	685.84	530.73	902	880	-1	12.61	12.61
Saccade L	1	39	7838137884	7838173902	36018	889.48	645.90	0.00	0.00	24.90	2136.27	0.67	691.38	84309.72	-90300.52	53928.44
Fixation L	1	40	7838173902	7838357884	183982	519.38	344.33	1299	854	-1	11.48	11.48
Fixation R	1	41	7838345884	7838477786	131902	298.13	193.71	1129	693	-1	9.60	9.60
Saccade L	1	40	7838357884	7838397884	40000	934.65	620.71	0.00	0.00	28.48	2433.69	0.70	712.00	94966.40	-101608.84	55536.31
Fixation L	1	41	7838397884	7838477786	79902	0.00	0.00	0	0	-1	6.27	6.27
Saccade L	1	41	7838477786	7838521882	44096	0.00	0.00	1048.03	638.35	30.42	2559.86	0.27	689.80	105993.15	-97063.23	52006.47
Saccade R	1	39	7838477786	7838521882	44096	0.00	0.00	1048.03	638.35	30.42	2559.86	0.27	689.80	105993.15	-97063.23	52006.47
Saccade L	1	42	7838521882	7838549885	28003	1048.03	638.35	799.42	620.68	4.18	328.47	0.43	149.41	10302.16	-13430.97	8688.42
Saccade R	1	40	7838521882	7838549885	28003	1048.03	638.35	799.42	620.68	4.18	328.47	0.43	149.41	10302.16	-13430.97	8688.42
Fixation L	1	42	7838549885	7838697770	147885	804.83	628.17	38	14	-1	13.99	13.99
Fixation R	1	42	7838549885	7838697770	147885	804.83	628.17	38	14	-1	13.38	13.38
Fixation L	1	43	7838869787	7839093807	224020	496.05	397.83	1403	1035	-1	12.21	12.21
Fixation R	1	43	7838869787	7839093807	224020	496.05	397.83	1403	1035	-1	10.93	10.86
Fixation L	1	44	7839161789	7839321777	159988	831.36	649.30	24	18	-1	13.81	13.81
Fixation R	1	44	7839161789	7839321777	159988	831.36	649.30	24	18	-1	13.22	13.22
Saccade L	1	43	7839321777	7839349786	28009	830.10	644.79	958.32	648.85	2.59	184.97	0.57	92.63	8996.93	-9107.50	6684.60
Saccade R	1	41	7839321777	7839349786	28009	830.10	644.79	958.32	648.85	2.59	184.97	0.57	92.63	8996.93	-9107.50	6684.60
Fixation L	1	45	7839349786	7839541810	192024	955.22	645.00	27	13	-1	13.74	13.74
Fixation R	1	45	7839349786	7839541810	192024	955.22	645.00	27	13	-1	13.05	13.05
Saccade L	1	44	7839541810	7839581782	39972	960.67	644.15	776.57	791.62	4.97	272.96	0.50	124.24	13412.15	-11883.40	8772.80
Saccade R	1	42	7839541810	7839581782	39972	960.67	644.15	776.57	791.62	4.97	272.96	0.50	124.24	13412.15	-11883.40	8772.80
Fixation L	1	46	7839581782	7840077816	496034	785.82	813.25	53	45	-1	13.78	13.78
Fixation R	1	46	7839581782	7840077816	496034	785.82	813.25	53	45	-1	12.90	12.90
Saccade L	1	45	7840077816	7840101680	23864	817.18	832.48	890.28	830.82	1.40	125.26	0.66	58.72	5563.73	-4968.49	3608.37
Saccade R	1	43	7840077816	7840101680	23864	817.18	832.48	890.28	830.82	1.40	125.26	0.66	58.72	5563.73	-4968.49	3608.37
Fixation L	1	47	7840101680	7840277706	176026	889.82	819.60	31	28	-1	14.06	14.06
Fixation R	1	47	7840101680	7840277706	176026	889.82	819.60	31	28	-1	13.47	13.47
Saccade L	1	46	7840277706	7840309689	31983	901.55	801.69	868.74	682.54	2.60	186.70	0.50	81.39	8319.93	-7859.52	5845.20
Saccade R	1	44	7840277706	7840309689	31983	901.55	801.69	868.74	682.54	2.60	186.70	0.50	81.39	8319.93	-7859.52	5845.20
Fixation L	1	48	7840309689	7840709699	400010	877.64	668.91	63	39	-1	14.03	14.03
Fixation R	1	48	7840309689	7840709699	400010	877.64	668.91	63	39	-1	13.39	13.39
Saccade L	1	47	7840709699	7840749680	39981	916.44	674.78	946.55	827.69	3.59	230.14	0.40	89.81	10692.81	-9312.65	6360.76
Saccade R	1	45	7840709699	7840749680	39981	916.44	674.78	946.55	827.69	3.59	230.14	0.40	89.81	10692.81	-9312.65	6360.76
Fixation L	1	49	7840749680	7841085695	336015	942.42	829.20	31	23	-1	14.50	14.50
Fixation R	1	49	7840749680	7841085695	336015	942.42	829.20	31	23	-1	13.97	13.97
Saccade L	1	48	7841085695	7841125693	39998	964.52	846.37	959.96	637.74	4.44	225.61	0.50	111.03	10276.92	-9922.08	7116.78
Saccade R	1	46	7841085695	7841125693	39998	964.52	846.37	959.96	637.74	4.44	225.61	0.50	111.03	10276.92	-9922.08	7116.78
Fixation L	1	50	7841125693	7841381730	256037	969.40	639.38	17	28	-1	14.06	14.06
Fixation R	1	50	7841125693	7841381730	256037	969.40	639.38	17	28	-1	13.70	13.70
Saccade L	1	49	7841381730	7841421705	39975	968.27	647.43	912.06	787.49	3.62	219.81	0.40	90.68	10179.30	-9413.22	6535.58
Saccade R	1	47	7841381730	7841421705	39975	968.27	647.43	912.06	787.49	3.62	219.81	0.40	90.68	10179.30	-9413.22	6535.58
Fixation L	1	51	7841421705	7841909646	487941	920.56	804.18	35	50	-1	14.28	14.28
Fixation R	1	51	7841421705	7841909646	487941	920.56	804.18	35	50	-1	14.16	14.16
Saccade L	1	50	7841909646	7841977604	67958	926.22	808.28	1029.30	449.87	8.67	200.93	0.23	127.59	9725.28	-7144.35	4497.03
Saccade R	1	48	7841909646	7841977604	67958	926.22	808.28	1029.30	449.87	8.67	200.93	0.23	127.59	9725.28	-7144.35	4497.03
Fixation L	1	52	7841977604	7842221594	243990	1058.33	434.72	51	24	-1	14.01	14.01
Fixation R	1	52	7841977604	7842221594	243990	1058.33	434.72	51	24	-1	13.86	13.86
Saccade L	1	51	7842221594	7842261596	40002	1062.73	445.65	1216.22	418.53	3.37	194.71	0.40	84.14	8825.73	-7957.39	5705.29
Saccade R	1	49	7842221594	7842261596	40002	1062.73	445.65	1216.22	418.53	3.37	194.71	0.40	84.14	8825.73	-7957.39	5705.29
Fixation L	1	53	7842261596	7842425606	164010	1220.23	425.87	14	48	-1	14.08	14.08
Fixation R	1	53	7842261596	7842425606	164010	1220.23	425.87	14	48	-1	13.87	13.87
Saccade L	1	52	7842425606	7842477616	52010	1218.37	446.56	942.32	657.70	7.83	343.06	0.38	150.48	15617.40	-11622.32	9192.24
Saccade R	1	50	7842425606	7842477616	52010	1218.37	446.56	942.32	657.70	7.83	343.06	0.38	150.48	15617.40	-11622.32	9192.24
Fixation L	1	54	7842477616	7842641590	163974	939.53	670.67	14	19	-1	14.63	14.63
Fixation R	1	54	7842477616	7842641590	163974	939.53	670.67	14	19	-1	13.98	13.98
Saccade L	1	53	7842641590	7842697595	56005	943.06	664.76	1197.41	381.36	8.37	309.56	0.50	149.39	12128.13	-11432.97	7805.39
Saccade R	1	51	7842641590	7842697595	56005	943.06	664.76	1197.41	381.36	8.37	309.56	0.50	149.39	12128.13	-11432.97	7805.39
Fixation L	1	55	7842697595	7842873615	176020	1213.05	359.29	24	32	-1	14.27	14.27
Fixation R	1	55	7842697595	7842873615	176020	1213.05	359.29	24	32	-1	13.90	13.90
Saccade L	1	54	7842873615	7842897599	23984	1218.86	368.57	1290.32	381.77	1.43	111.37	0.50	59.67	4792.02	-4754.27	3472.50
Saccade R	1	52	7842873615	7842897599	23984	1218.86	368.57	1290.32	381.77	1.43	111.37	0.50	59.67	4792.02	-4754.27	3472.50
Fixation L	1	56	7842897599	7843225498	327899	1273.31	395.90	31	51	-1	14.07	14.07
Fixation R	1	56	7842897599	7843225498	327899	1273.31	395.90	31	51	-1	13.95	13.95
Saccade L	1	55	7843225498	7843281498	56000	1267.33	421.70	956.18	696.74	9.25	250.73	0.36	165.14	11951.94	-10588.85	6859.28
Saccade R	1	53	7843225498	7843281498	56000	1267.33	421.70	956.18	696.74	9.25	250.73	0.36	165.14	11951.94	-10588.85	6859.28
Fixation L	1	57	7843281498	7843461517	180019	956.70	689.84	23	32	-1	14.39	14.39
Fixation R	1	57	7843281498	7843461517	180019	956.70	689.84	23	32	-1	13.70	13.70
Saccade L	1	56	7843461517	7843485497	23980	967.27	669.76	891.92	670.87	1.48	125.43	0.50	61.89	5447.93	-5340.31	3981.24
Saccade R	1	54	7843461517	7843485497	23980	967.27	669.76	891.92	670.87	1.48	125.43	0.50	61.89	5447.93	-5340.31	3981.24
Fixation L	1	58	7843485497	7843713516	228019	894.75	663.14	8	17	-1	14.20	14.20
Fixation R	1	58	7843485497	7843713516	228019	894.75	663.14	8	17	-1	13.61	13.61
Saccade L	1	57	7843713516	7843741492	27976	897.62	655.37	971.27	659.99	1.56	114.93	0.43	55.59	5535.83	-5213.91	3951.01
Saccade R	1	55	7843713516	7843741492	27976	897.62	655.37	971.27	659.99	1.56	114.93	0.43	55.59	5535.83	-5213.91	3951.01
Fixation L	1	59	7843741492	7843909532	168040	979.19	658.72	11	17	-1	14.05	14.05
Fixation R	1	59	7843741492	7843909532	168040	979.19	658.72	11	17	-1	13.41	13.41
Saccade L	1	58	7843909532	7843953514	43982	978.62	645.83	662.47	653.32	6.70	328.88	0.36	152.33	15873.97	-12848.19	9763.73
Saccade R	1	56	7843909532	7843953514	43982	978.62	645.83	662.47	653.32	6.70	328.88	0.36	152.33	15873.97	-12848.19	9763.73
Fixation L	1	60	7843953514	7844133523	180009	658.37	655.97	12	14	-1	13.97	13.97
Fixation R	1	60	7843953514	7844133523	180009	658.37	655.97	12	14	-1	13.21	13.21
Saccade L	1	59	7844133523	7844193498	59975	652.84	644.28	919.16	638.67	5.79	220.56	0.33	96.51	10448.74	-9593.83	5489.08
Saccade R	1	57	7844133523	7844193498	59975	652.84	644.28	919.16	638.67	5.79	220.56	0.33	96.51	10448.74	-9593.83	5489.08
Fixation L	1	61	7844193498	7844389402	195904	921.13	652.94	23	24	-1	14.09	14.09
Fixation R	1	61	7844193498	7844389402	195904	921.13	652.94	23	24	-1	13.43	13.43
Saccade L	1	60	7844389402	7844421427	32025	936.42	659.69	982.23	629.11	1.37	102.23	0.37	42.83	4234.29	-3381.51	2309.15
Saccade R	1	58	7844389402	7844421427	32025	936.42	659.69	982.23	629.11	1.37	102.23	0.37	42.83	4234.29	-3381.51	2309.15
Fixation L	1	62	7844421427	7844513381	91954	997.08	626.58	24	11	-1	14.18	14.18
Fixation R	1	62	7844421427	7844513381	91954	997.08	626.58	24	11	-1	13.65	13.65
Saccade L	1	61	7844513381	7844569389	56008	1001.11	632.48	1234.57	359.05	7.87	279.42	0.36	140.56	13238.24	-8128.62	7173.60
Saccade R	1	59	7844513381	7844569389	56008	1001.11	632.48	1234.57	359.05	7.87	279.42	0.36	140.56	13238.24	-8128.62	7173.60
Fixation L	1	63	7844569389	7844821393	252004	1248.30	365.47	27	34	-1	13.63	13.63
Fixation R	1	63	7844569389	7844821393	252004	1248.30	365.47	27	34	-1	13.23	13.23
Saccade L	1	62	7844821393	7844853447	32054	1252.09	365.36	1301.80	365.60	1.03	58.83	0.37	32.05	1805.16	-1925.16	1311.56
Saccade R	1	60	7844821393	7844853447	32054	1252.09	365.36	1301.80	365.60	1.03	58.83	0.37	32.05	1805.16	-1925.16	1311.56
Fixation L	1	64	7844853447	7845537415	683968	1296.82	344.73	35	46	-1	13.39	13.39
Fixation R	1	64	7844853447	7845537415	683968	1296.82	344.73	35	46	-1	13.07	13.07
Saccade L	1	63	7845537415	7845589321	51906	1284.51	325.26	1079.55	518.35	6.29	234.10	0.39	121.21	11084.72	-7740.92	6299.27
Saccade R	1	61	7845537415	7845589321	51906	1284.51	325.26	1079.55	518.35	6.29	234.10	0.39	121.21	11084.72	-7740.92	6299.27
Fixation L	1	65	7845589321	7845717417	128096	1083.07	521.21	16	23	-1	13.46	13.46
Fixation R	1	65	7845589321	7845717417	128096	1083.07	521.21	16	23	-1	13.40	13.40
Saccade L	1	64	7845717417	7845765332	47915	1084.98	507.55	916.09	631.07	4.64	269.94	0.42	96.88	13054.44	-10911.33	6969.42
Saccade R	1	62	7845717417	7845765332	47915	1084.98	507.55	916.09	631.07	4.64	269.94	0.42	96.88	13054.44	-10911.33	6969.42
Fixation L	1	66	7845765332	7845977294	211962	907.52	663.73	13	47	-1	13.98	13.98
Fixation R	1	66	7845765332	7845977294	211962	907.52	663.73	13	47	-1	13.61	13.61
Saccade L	1	65	7845977294	7846005303	28009	911.94	665.68	899.86	733.59	1.60	122.72	0.57	57.04	5733.18	-5306.94	4001.11
Saccade R	1	63	7845977294	7846005303	28009	911.94	665.68	899.86	733.59	1.60	122.72	0.57	57.04	5733.18	-5306.94	4001.11
Fixation L	1	67	7846005303	7846229357	224054	899.74	727.14	16	21	-1	14.31	14.31
Fixation R	1	67	7846005303	7846229357	224054	899.74	727.14	16	21	-1	14.00	14.00
Saccade L	1	66	7846229357	7846265303	35946	899.36	717.87	730.06	714.51	3.46	200.67	0.33	96.16	9474.59	-8169.89	6298.17
Saccade R	1	64	7846229357	7846265303	35946	899.36	717.87	730.06	714.51	3.46	200.67	0.33	96.16	9474.59	-8169.89	6298.17
Fixation L	1	68	7846265303	7846865309	600006	726.47	720.05	20	15	-1	14.10	14.10
Fixation R	1	68	7846265303	7846865309	600006	726.47	720.05	20	15	-1	13.54	13.54
Saccade L	1	67	7846865309	7846897327	32018	730.06	717.57	721.26	840.74	2.55	182.59	0.50	79.67	8511.43	-8194.20	6121.21
Saccade R	1	65	7846865309	7846897327	32018	730.06	717.57	721.26	840.74	2.55	182.59	0.50	79.67	8511.43	-8194.20	6121.21
Fixation L	1	69	7846897327	7847053317	155990	720.35	847.94	15	25	-1	13.91	13.91
Fixation R	1	69	7846897327	7847053317	155990	720.35	847.94	15	25	-1	13.38	13.38
Saccade L	1	68	7847053317	7847093320	40003	712.25	862.82	896.22	849.01	3.94	237.87	0.40	98.48	11047.80	-10710.31	7257.52
Saccade R	1	66	7847053317	7847093320	40003	712.25	862.82	896.22	849.01	3.94	237.87	0.40	98.48	11047.80	-10710.31	7257.52
Fixation L	1	70	7847093320	7847293195	199875	899.07	846.74	23	22	-1	14.50	14.50
Fixation R	1	70	7847093320	7847293195	199875	899.07	846.74	23	22	-1	13.78	13.78
Saccade L	1	69	7847293195	7847313193	19998	895.11	836.27	919.52	837.26	0.59	42.75	0.60	29.70	1596.88	-1093.03	962.76
Saccade R	1	67	7847293195	7847313193	19998	895.11	836.27	919.52	837.26	0.59	42.75	0.60	29.70	1596.88	-1093.03	962.76
Fixation L	1	71	7847313193	7847473207	160014	942.33	826.94	34	31	-1	14.26	14.26
Fixation R	1	71	7847313193	7847473207	160014	942.33	826.94	34	31	-1	13.92	13.92
Saccade L	1	70	7847473207	7847521208	48001	954.74	809.79	742.65	817.52	4.66	177.10	0.33	97.10	8518.47	-7269.28	5416.96
Saccade R	1	68	7847473207	7847521208	48001	954.74	809.79	742.65	817.52	4.66	177.10	0.33	97.10	8518.47	-7269.28	5416.96
Fixation L	1	72	7847521208	7847721236	200028	744.38	801.94	19	31	-1	14.00	14.00
Fixation R	1	72	7847521208	7847721236	200028	744.38	801.94	19	31	-1	13.16	13.16
Saccade L	1	71	7847721236	7847745216	23980	744.89	786.86	787.14	787.16	0.92	84.03	0.50	38.46	3669.86	-3304.10	2548.43
Saccade R	1	69	7847721236	7847745216	23980	744.89	786.86	787.14	787.16	0.92	84.03	0.50	38.46	3669.86	-3304.10	2548.43
Fixation L	1	73	7847745216	7848097239	352023	800.08	801.98	18	38	-1	13.87	13.87
Fixation R	1	73	7847745216	7848097239	352023	800.08	801.98	18	38	-1	13.34	13.34
Saccade L	1	72	7848097239	7848161220	63981	799.44	815.68	1000.23	438.74	9.36	268.17	0.25	146.30	12861.75	-8811.98	6898.93
Saccade R	1	70	7848097239	7848161220	63981	799.44	815.68	1000.23	438.74	9.36	268.17	0.25	146.30	12861.75	-8811.98	6898.93
Fixation L	1	74	7848161220	7848389224	228004	1005.12	425.72	13	20	-1	13.82	13.82
Fixation R	1	74	7848161220	7848389224	228004	1005.12	425.72	13	20	-1	13.39	13.39
Saccade L	1	73	7848389224	7848445247	56023	1003.79	437.04	783.08	820.46	9.72	354.49	0.29	173.51	16603.76	-11039.91	8789.30
Saccade R	1	71	7848389224	7848445247	56023	1003.79	437.04	783.08	820.46	9.72	354.49	0.29	173.51	16603.76	-11039.91	8789.30
Fixation L	1	75	7848445247	7848645168	199921	772.46	818.59	17	23	-1	14.21	14.21
Fixation R	1	75	7848445247	7848645168	199921	772.46	818.59	17	23	-1	13.42	13.42
Saccade L	1	74	7848645168	7848669103	23935	785.44	805.56	708.15	810.35	1.54	132.31	0.50	64.22	5556.83	-5410.94	4106.42
Saccade R	1	72	7848645168	7848669103	23935	785.44	805.56	708.15	810.35	1.54	132.31	0.50	64.22	5556.83	-5410.94	4106.42
Fixation L	1	76	7848669103	7849057110	388007	698.20	808.82	16	28	-1	14.30	14.30
Fixation R	1	76	7848669103	7849057110	388007	698.20	808.82	16	28	-1	13.53	13.53
Saccade L	1	75	7849057110	7849093141	36031	696.89	802.10	804.87	793.03	2.28	144.54	0.33	63.34	6362.70	-5481.27	3880.96
Saccade R	1	73	7849057110	7849093141	36031	696.89	802.10	804.87	793.03	2.28	144.54	0.33	63.34	6362.70	-5481.27	3880.96
Fixation L	1	77	7849093141	7849477136	383995	815.40	808.33	22	39	-1	14.27	14.27
Fixation R	1	77	7849093141	7849477136	383995	815.40	808.33	22	39	-1	13.53	13.53
Saccade L	1	76	7849477136	7849533116	55980	814.88	831.56	1028.82	387.26	10.77	322.03	0.29	192.45	15696.91	-13617.95	8433.08
Saccade R	1	74	7849477136	7849533116	55980	814.88	831.56	1028.82	387.26	10.77	322.03	0.29	192.45	15696.91	-13617.95	8433.08
Fixation L	1	78	7849533116	7849849147	316031	1022.93	369.30	32	29	-1	13.73	13.73
Fixation R	1	78	7849533116	7849849147	316031	1022.93	369.30	32	29	-1	13.43	13.43
Saccade L	1	77	7849849147	7849877129	27982	1023.74	370.12	1127.30	375.01	2.12	166.47	0.43	75.65	7598.30	-7831.83	5673.25
Saccade R	1	75	7849849147	7849877129	27982	1023.74	370.12	1127.30	375.01	2.12	166.47	0.43	75.65	7598.30	-7831.83	5673.25
Fixation L	1	79	7849877129	7850041016	163887	1127.95	386.26	9	20	-1	13.72	13.72
Fixation R	1	79	7849877129	7850041016	163887	1127.95	386.26	9	20	-1	13.66	13.66
Saccade L	1	78	7850041016	7850121002	79986	1128.40	395.36	819.72	927.77	13.81	294.47	0.45	172.64	11940.40	-9807.95	5898.17
Saccade R	1	76	7850041016	7850121002	79986	1128.40	395.36	819.72	927.77	13.81	294.47	0.45	172.64	11940.40	-9807.95	5898.17
Fixation L	1	80	7850121002	7850205008	84006	815.75	937.94	15	19	-1	14.36	14.36
Fixation R	1	80	7850121002	7850205008	84006	815.75	937.94	15	19	-1	13.67	13.67
Saccade L	1	79	7850205008	7850233023	28015	826.13	931.68	828.70	872.23	1.17	74.43	0.43	41.87	3181.54	-3119.41	2326.95
Saccade R	1	77	7850205008	7850233023	28015	826.13	931.68	828.70	872.23	1.17	74.43	0.43	41.87	3181.54	-3119.41	2326.95
Fixation L	1	81	7850233023	7850385018	151995	844.42	872.53	29	9	-1	14.26	14.26
Fixation R	1	81	7850233023	7850385018	151995	844.42	872.53	29	9	-1	13.77	13.77
Saccade L	1	80	7850385018	7850425010	39992	860.13	871.58	911.73	824.26	1.50	72.03	0.30	37.62	3050.55	-1974.42	1543.96
Saccade R	1	78	7850385018	7850425010	39992	860.13	871.58	911.73	824.26	1.50	72.03	0.30	37.62	3050.55	-1974.42	1543.96
Fixation L	1	82	7850425010	7850569022	144012	894.57	830.25	35	22	-1	13.90	13.90
Fixation R	1	82	7850425010	7850569022	144012	894.57	830.25	35	22	-1	13.63	13.63
Saccade L	1	81	7850569022	7850629044	60022	895.82	837.82	1209.91	394.25	11.85	346.21	0.53	197.39	15660.21	-11351.44	9116.27
Saccade R	1	79	7850569022	7850629044	60022	895.82	837.82	1209.91	394.25	11.85	346.21	0.53	197.39	15660.21	-11351.44	9116.27
Fixation L	1	83	7850629044	7850996958	367914	1196.12	394.59	27	13	-1	13.51	13.51
Fixation R	1	83	7850629044	7850996958	367914	1196.12	394.59	27	13	-1	13.34	13.34
Saccade L	1	82	7850996958	7851077028	80070	1185.16	398.77	822.00	835.53	13.79	364.61	0.25	172.24	18005.25	-10353.17	6654.53
Saccade R	1	80	7850996958	7851077028	80070	1185.16	398.77	822.00	835.53	13.79	364.61	0.25	172.24	18005.25	-10353.17	6654.53
Fixation L	1	84	7851077028	7851213055	136027	816.96	837.73	9	8	-1	13.96	13.96
Fixation R	1	84	7851077028	7851213055	136027	816.96	837.73	9	8	-1	13.61	13.61
Saccade L	1	83	7851213055	7851241026	27971	815.47	842.84	702.31	835.63	2.30	169.00	0.57	82.05	7904.93	-7422.08	5788.77
Saccade R	1	81	7851213055	7851241026	27971	815.47	842.84	702.31	835.63	2.30	169.00	0.57	82.05	7904.93	-7422.08	5788.77
Fixation L	1	85	7851241026	7851393044	152018	695.79	831.67	27	6	-1	14.00	14.00
Fixation R	1	85	7851241026	7851393044	152018	695.79	831.67	27	6	-1	13.74	13.74
Saccade L	1	84	7851393044	7851412960	19916	692.10	829.92	642.00	822.51	0.88	84.07	0.60	44.14	3676.77	-3125.85	2371.38
Saccade R	1	82	7851393044	7851412960	19916	692.10	829.92	642.00	822.51	0.88	84.07	0.60	44.14	3676.77	-3125.85	2371.38
Fixation L	1	86	7851412960	7851620938	207978	638.81	821.51	34	9	-1	14.33	14.33
Fixation R	1	86	7851412960	7852064937	651977	242.47	319.31	657	1084	-1	11.01	11.01
Saccade L	1	85	7851620938	7851672943	52005	628.31	825.19	0.00	0.00	30.25	2390.67	0.77	581.77	86410.77	-99863.77	42656.25
Fixation L	1	87	7851672943	7852064937	391994	0.00	0.00	0	0	-1	8.86	8.86
