[BeGaze]
Converted from:	D:\Kirillov\Results\ermolova_temp\versh-eye_data.idf
Date:	17.04.2019 03:53:47
Version:	BeGaze 3.0.181
Sample Rate:	250
Subject:	versh
Description:	Run31

Table Header for Fixations:
Event Type	Trial	Number	Start	End	Duration	Location X	Location Y	Dispersion X	Dispersion Y	Plane	Avg. Pupil Size X	Avg. Pupil Size Y

Table Header for Saccades:
Event Type	Trial	Number	Start	End	Duration	Start Loc.X	Start Loc.Y	End Loc.X	End Loc.Y	Amplitude	Peak Speed	Peak Speed At	Average Speed	Peak Accel.	Peak Decel.	Average Accel.

Table Header for User Events:
Event Type	Trial	Number	Start	Description

UserEvent	1	1	8126193123	# Message: experiment-04.jpg
Fixation L	1	1	8126194834	8126450711	255877	407.98	654.34	35	25	-1	14.28	14.28
Fixation R	1	1	8126194834	8126450711	255877	407.98	654.34	35	25	-1	14.16	14.16
Saccade L	1	1	8126450711	8126474723	24012	384.39	643.80	389.75	608.78	0.69	46.50	0.50	28.59	1794.88	-1471.83	1285.46
Saccade R	1	1	8126450711	8126474723	24012	384.39	643.80	389.75	608.78	0.69	46.50	0.50	28.59	1794.88	-1471.83	1285.46
Saccade L	1	2	8126494730	8126526709	31979	390.56	617.89	390.00	576.69	0.78	44.36	0.63	24.26	1347.86	-1615.97	976.80
Saccade R	1	2	8126494730	8126526709	31979	390.56	617.89	390.00	576.69	0.78	44.36	0.63	24.26	1347.86	-1615.97	976.80
Saccade L	1	3	8126542716	8126618733	76017	391.27	571.93	1049.22	879.54	16.55	500.61	0.42	217.78	19830.18	-20105.50	11048.17
Saccade R	1	3	8126542716	8126618733	76017	391.27	571.93	1049.22	879.54	16.55	500.61	0.42	217.78	19830.18	-20105.50	11048.17
Fixation L	1	2	8126618733	8126682732	63999	1059.16	888.03	20	13	-1	14.36	14.36
Fixation R	1	2	8126618733	8126682732	63999	1059.16	888.03	20	13	-1	14.61	14.61
Fixation L	1	3	8126934763	8127006739	71976	1089.15	871.01	23	56	-1	12.58	12.58
Fixation R	1	3	8126934763	8127006739	71976	1089.15	871.01	23	56	-1	13.36	13.36
Saccade L	1	4	8127006739	8127038738	31999	1109.95	894.97	1025.14	863.88	1.81	114.90	0.50	56.47	4785.38	-4759.54	3449.08
Saccade R	1	4	8127006739	8127038738	31999	1109.95	894.97	1025.14	863.88	1.81	114.90	0.50	56.47	4785.38	-4759.54	3449.08
Fixation L	1	4	8127038738	8127374724	335986	1031.48	867.98	56	36	-1	12.92	12.92
Fixation R	1	4	8127038738	8127374724	335986	1031.48	867.98	56	36	-1	13.42	13.42
Saccade L	1	5	8127374724	8127406750	32026	1005.71	868.67	1051.47	880.91	1.00	48.75	0.50	31.19	1894.53	-1567.84	1285.29
Saccade R	1	5	8127374724	8127406750	32026	1005.71	868.67	1051.47	880.91	1.00	48.75	0.50	31.19	1894.53	-1567.84	1285.29
Fixation L	1	5	8127406750	8127894630	487880	1085.59	879.42	45	30	-1	12.53	12.53
Fixation R	1	5	8127406750	8127894630	487880	1085.59	879.42	45	30	-1	12.91	12.91
Saccade L	1	6	8127894630	8128014635	120005	1080.32	855.23	415.26	706.13	16.70	282.99	0.60	139.17	10455.30	-11503.64	4187.74
Saccade R	1	6	8127894630	8128014635	120005	1080.32	855.23	415.26	706.13	16.70	282.99	0.60	139.17	10455.30	-11503.64	4187.74
Fixation L	1	6	8128014635	8128150674	136039	397.75	693.29	65	32	-1	12.27	12.27
Fixation R	1	6	8128014635	8128150674	136039	397.75	693.29	65	32	-1	12.22	12.22
Saccade R	1	7	8128150674	8128194629	43955	365.01	676.65	0.00	0.01	17.26	1237.81	0.64	392.62	44866.00	-59277.93	29283.25
Fixation R	1	7	8128194629	8128262623	67994	0.00	0.00	0	0	-1	12.48	12.48
Saccade R	1	8	8128262623	8128298633	36010	0.00	0.00	109.73	584.90	18.16	1259.41	0.33	504.33	57453.77	-49285.35	34169.42
Fixation L	1	7	8128386619	8128630623	244004	376.71	569.39	53	47	-1	12.84	12.84
Fixation R	1	8	8128386619	8128630623	244004	376.71	569.39	53	47	-1	12.65	12.65
Saccade L	1	7	8128630623	8128666632	36009	357.91	534.80	434.27	575.01	2.00	101.30	0.45	55.49	4396.39	-4490.43	3255.43
Saccade R	1	9	8128630623	8128666632	36009	357.91	534.80	434.27	575.01	2.00	101.30	0.45	55.49	4396.39	-4490.43	3255.43
Fixation L	1	8	8128666632	8128814628	147996	436.68	583.17	18	13	-1	13.32	13.32
Fixation R	1	9	8128666632	8128814628	147996	436.68	583.17	18	13	-1	13.15	13.15
Saccade L	1	8	8128814628	8128838628	24000	427.36	583.47	442.26	606.87	0.69	44.53	0.67	28.64	1848.53	-1419.70	1215.34
Saccade R	1	10	8128814628	8128838628	24000	427.36	583.47	442.26	606.87	0.69	44.53	0.67	28.64	1848.53	-1419.70	1215.34
Fixation L	1	9	8128838628	8128898651	60023	442.43	621.18	8	19	-1	13.10	13.10
Fixation R	1	10	8128838628	8128898651	60023	442.43	621.18	8	19	-1	12.99	12.99
Saccade L	1	9	8128898651	8128938621	39970	437.82	614.37	330.18	681.52	2.78	147.98	0.50	69.51	6423.51	-6327.59	4404.26
Saccade R	1	11	8128898651	8128938621	39970	437.82	614.37	330.18	681.52	2.78	147.98	0.50	69.51	6423.51	-6327.59	4404.26
Fixation L	1	10	8128938621	8129318532	379911	319.28	651.37	34	60	-1	12.86	12.86
Fixation R	1	11	8128938621	8129318532	379911	319.28	651.37	34	60	-1	12.78	12.78
Saccade L	1	10	8129318532	8129354505	35973	312.53	654.36	337.44	710.77	1.37	72.78	0.56	38.20	3120.31	-2987.09	2199.63
Saccade R	1	12	8129318532	8129354505	35973	312.53	654.36	337.44	710.77	1.37	72.78	0.56	38.20	3120.31	-2987.09	2199.63
Fixation L	1	11	8129354505	8129526514	172009	342.09	719.22	10	31	-1	12.88	12.88
Fixation R	1	12	8129354505	8129526514	172009	342.09	719.22	10	31	-1	12.82	12.82
Saccade L	1	11	8129526514	8129558521	32007	339.96	739.41	332.79	825.57	1.83	110.05	0.38	57.21	4875.25	-4792.16	3603.35
Saccade R	1	13	8129526514	8129558521	32007	339.96	739.41	332.79	825.57	1.83	110.05	0.38	57.21	4875.25	-4792.16	3603.35
Fixation L	1	12	8129558521	8129922537	364016	333.18	840.23	28	37	-1	13.21	13.21
Fixation R	1	13	8129558521	8129922537	364016	333.18	840.23	28	37	-1	13.03	13.03
Saccade L	1	12	8129922537	8129990512	67975	340.82	851.84	1118.55	922.49	17.17	419.85	0.47	252.54	17144.62	-16838.28	10273.79
Saccade R	1	14	8129922537	8129990512	67975	340.82	851.84	1118.55	922.49	17.17	419.85	0.47	252.54	17144.62	-16838.28	10273.79
Fixation L	1	13	8129990512	8130230536	240024	1112.84	909.64	15	20	-1	12.75	12.75
Fixation R	1	14	8129990512	8130230536	240024	1112.84	909.64	15	20	-1	13.36	13.36
Saccade L	1	13	8130230536	8130270556	40020	1112.60	902.38	1038.92	862.11	1.79	78.39	0.40	44.64	3360.32	-3091.95	2332.21
Saccade R	1	15	8130230536	8130270556	40020	1112.60	902.38	1038.92	862.11	1.79	78.39	0.40	44.64	3360.32	-3091.95	2332.21
Fixation L	1	14	8130270556	8130390539	119983	1039.74	849.46	10	21	-1	12.43	12.43
Fixation R	1	15	8130270556	8130390539	119983	1039.74	849.46	10	21	-1	12.85	12.85
Saccade L	1	14	8130702399	8130758449	56050	760.85	871.67	354.12	861.10	8.95	312.66	0.43	159.71	14545.63	-10836.07	8669.76
Saccade R	1	16	8130702399	8130758449	56050	760.85	871.67	354.12	861.10	8.95	312.66	0.43	159.71	14545.63	-10836.07	8669.76
Fixation L	1	15	8130758449	8131446454	688005	340.70	853.21	30	29	-1	13.32	13.32
Fixation R	1	16	8130758449	8131446454	688005	340.70	853.21	30	29	-1	13.02	13.02
Saccade L	1	15	8131446454	8131502415	55961	336.48	853.83	902.46	941.66	12.41	435.97	0.50	221.71	17624.05	-16878.63	11826.44
Saccade R	1	17	8131446454	8131502415	55961	336.48	853.83	902.46	941.66	12.41	435.97	0.50	221.71	17624.05	-16878.63	11826.44
Fixation L	1	16	8131502415	8131698448	196033	916.37	942.80	26	5	-1	13.21	13.21
Fixation R	1	17	8131502415	8131698448	196033	916.37	942.80	26	5	-1	13.57	13.57
Saccade L	1	16	8131698448	8131734429	35981	907.41	941.71	1020.65	944.73	2.39	144.71	0.44	66.55	6969.89	-6390.42	4572.20
Saccade R	1	18	8131698448	8131734429	35981	907.41	941.71	1020.65	944.73	2.39	144.71	0.44	66.55	6969.89	-6390.42	4572.20
Fixation L	1	17	8131734429	8131962456	228027	1021.63	948.08	17	11	-1	13.20	13.20
Fixation R	1	18	8131734429	8131962456	228027	1021.63	948.08	17	11	-1	13.61	13.61
Saccade L	1	17	8131962456	8132026432	63976	1016.26	949.43	370.40	806.43	14.60	387.13	0.37	228.15	18337.98	-14137.19	10309.24
Saccade R	1	19	8131962456	8132026432	63976	1016.26	949.43	370.40	806.43	14.60	387.13	0.37	228.15	18337.98	-14137.19	10309.24
Fixation L	1	18	8132026432	8132550345	523913	352.42	830.80	50	76	-1	13.27	13.27
Fixation R	1	19	8132026432	8132550345	523913	352.42	830.80	50	76	-1	12.94	12.94
Saccade L	1	18	8132550345	8132618327	67982	339.82	849.76	913.13	963.11	12.80	414.96	0.35	188.27	18517.68	-15432.71	9755.72
Saccade R	1	20	8132550345	8132618327	67982	339.82	849.76	913.13	963.11	12.80	414.96	0.35	188.27	18517.68	-15432.71	9755.72
Fixation L	1	19	8132618327	8132998251	379924	671.55	661.16	1827	1036	-1	10.45	10.45
Fixation R	1	20	8132618327	8132998251	379924	671.55	661.16	1827	1036	-1	12.15	12.15
