[BeGaze]
Converted from:	D:\Kirillov\Results\ermolova_temp\Polina 03-eye_data.idf
Date:	17.04.2019 03:52:44
Version:	BeGaze 3.0.181
Sample Rate:	250
Subject:	Polina 03
Description:	Run13

Table Header for Fixations:
Event Type	Trial	Number	Start	End	Duration	Location X	Location Y	Dispersion X	Dispersion Y	Plane	Avg. Pupil Size X	Avg. Pupil Size Y

Table Header for Saccades:
Event Type	Trial	Number	Start	End	Duration	Start Loc.X	Start Loc.Y	End Loc.X	End Loc.Y	Amplitude	Peak Speed	Peak Speed At	Average Speed	Peak Accel.	Peak Decel.	Average Accel.

Table Header for User Events:
Event Type	Trial	Number	Start	Description

UserEvent	1	1	3142371561	# Message: experiment-05.jpg
Fixation L	1	1	3142416996	3142624993	207997	412.91	236.75	29	26	-1	11.05	11.05
Fixation R	1	1	3142416996	3142624993	207997	412.91	236.75	29	26	-1	10.26	10.26
Saccade L	1	1	3142624993	3142700993	76000	420.05	241.89	460.38	428.65	4.47	230.82	0.42	58.87	10722.22	-10806.16	4014.29
Saccade R	1	1	3142624993	3142700993	76000	420.05	241.89	460.38	428.65	4.47	230.82	0.42	58.87	10722.22	-10806.16	4014.29
Fixation L	1	2	3142700993	3142777085	76092	451.88	440.41	14	15	-1	11.06	11.06
Fixation R	1	2	3142700993	3142777085	76092	451.88	440.41	14	15	-1	10.22	10.22
Fixation L	1	3	3143084874	3143244893	160019	1032.33	629.22	19	18	-1	10.44	10.44
Fixation R	1	3	3143084874	3143244893	160019	1032.33	629.22	19	18	-1	10.08	10.08
Saccade L	1	2	3143244893	3143324881	79988	1041.36	629.37	365.36	538.59	15.21	432.20	0.25	190.20	20984.35	-16024.11	8977.92
Saccade R	1	2	3143244893	3143324881	79988	1041.36	629.37	365.36	538.59	15.21	432.20	0.25	190.20	20984.35	-16024.11	8977.92
Fixation L	1	4	3143324881	3143708885	384004	370.63	531.24	27	20	-1	10.72	10.72
Fixation R	1	4	3143324881	3143708885	384004	370.63	531.24	27	20	-1	10.00	10.00
Fixation L	1	5	3143788880	3143936892	148012	748.08	578.18	16	38	-1	10.63	10.63
Fixation R	1	5	3143788880	3143936892	148012	748.08	578.18	16	38	-1	10.16	10.16
Fixation L	1	6	3144024902	3144156882	131980	1007.57	591.32	29	21	-1	10.44	10.44
Fixation R	1	6	3144024902	3144156882	131980	1007.57	591.32	29	21	-1	10.10	10.10
Saccade L	1	3	3144156882	3144212888	56006	997.79	604.87	1081.22	620.12	1.84	94.16	0.36	32.80	4491.55	-3769.45	2010.96
Saccade R	1	3	3144156882	3144212888	56006	997.79	604.87	1081.22	620.12	1.84	94.16	0.36	32.80	4491.55	-3769.45	2010.96
Fixation L	1	7	3144212888	3144332757	119869	1089.80	617.58	15	4	-1	10.60	10.60
Fixation R	1	7	3144212888	3144332757	119869	1089.80	617.58	15	4	-1	10.10	10.10
Saccade L	1	4	3144332757	3144364760	32003	1092.22	616.86	1075.59	558.05	1.35	96.42	0.50	42.11	4214.93	-3810.05	2878.28
Saccade R	1	4	3144332757	3144364760	32003	1092.22	616.86	1075.59	558.05	1.35	96.42	0.50	42.11	4214.93	-3810.05	2878.28
Fixation L	1	8	3144364760	3144808769	444009	1073.14	522.91	32	61	-1	10.38	10.38
Fixation R	1	8	3144364760	3144808769	444009	1073.14	522.91	32	61	-1	10.00	10.00
Saccade L	1	5	3144808769	3144892766	83997	1059.03	562.80	1143.69	491.48	2.91	117.85	0.48	34.60	4890.31	-4720.35	1780.88
Saccade R	1	5	3144808769	3144892766	83997	1059.03	562.80	1143.69	491.48	2.91	117.85	0.48	34.60	4890.31	-4720.35	1780.88
Fixation L	1	9	3144892766	3145020781	128015	1131.87	492.11	21	35	-1	10.32	10.32
Fixation R	1	9	3144892766	3145020781	128015	1131.87	492.11	21	35	-1	9.91	9.91
Saccade L	1	6	3145020781	3145108766	87985	1135.94	469.01	307.20	485.97	18.54	402.99	0.55	210.72	18332.27	-9653.84	7689.62
Saccade R	1	6	3145020781	3145108766	87985	1135.94	469.01	307.20	485.97	18.54	402.99	0.55	210.72	18332.27	-9653.84	7689.62
Fixation L	1	10	3145108766	3145448780	340014	200.32	333.49	318	707	-1	9.79	9.69
Fixation R	1	10	3145108766	3145296775	188009	301.90	490.84	27	11	-1	9.71	9.71
Fixation L	1	11	3145596768	3145656771	60003	1087.77	587.60	5	22	-1	10.43	10.43
Fixation R	1	11	3145596768	3145656771	60003	1087.77	587.60	5	22	-1	10.21	10.21
Saccade L	1	7	3145656771	3145712646	55875	1089.38	574.08	1120.19	515.44	1.79	77.66	0.36	32.10	3025.11	-2007.68	1338.99
Saccade R	1	7	3145656771	3145712646	55875	1089.38	574.08	1120.19	515.44	1.79	77.66	0.36	32.10	3025.11	-2007.68	1338.99
Fixation L	1	12	3145712646	3145936644	223998	1123.09	528.30	31	31	-1	10.58	10.58
Fixation R	1	12	3145712646	3145936644	223998	1123.09	528.30	31	31	-1	10.66	10.66
Saccade L	1	8	3145936644	3146008651	72007	1109.85	526.72	1076.40	750.16	5.78	276.26	0.33	80.23	12811.74	-11892.24	5631.69
Saccade R	1	8	3145936644	3146008651	72007	1109.85	526.72	1076.40	750.16	5.78	276.26	0.33	80.23	12811.74	-11892.24	5631.69
Fixation L	1	13	3146008651	3146420669	412018	1068.42	736.24	28	51	-1	10.67	10.67
Fixation R	1	13	3146008651	3146420669	412018	1068.42	736.24	28	51	-1	10.33	10.33
Saccade L	1	9	3146420669	3146512669	92000	1070.48	733.82	341.36	548.53	16.78	391.09	0.48	182.44	17731.78	-14287.88	7322.61
Saccade R	1	9	3146420669	3146512669	92000	1070.48	733.82	341.36	548.53	16.78	391.09	0.48	182.44	17731.78	-14287.88	7322.61
Fixation L	1	14	3146512669	3146784672	272003	196.99	315.30	455	752	-1	9.49	9.49
Fixation R	1	14	3146512669	3146632695	120026	340.55	540.25	19	19	-1	9.95	9.95
Saccade L	1	10	3146784672	3146840661	55989	0.00	0.00	457.19	371.78	25.99	1310.78	0.21	464.18	56465.84	-22184.70	19409.37
Fixation L	1	15	3146928672	3147044683	116011	425.19	457.95	24	25	-1	10.67	10.67
Fixation R	1	15	3146928672	3147044683	116011	425.19	457.95	24	25	-1	10.29	10.29
Saccade L	1	11	3147044683	3147180541	135858	437.89	453.75	1072.02	592.63	15.72	428.02	0.38	115.69	20217.42	-11478.62	5397.24
Saccade R	1	10	3147044683	3147180541	135858	437.89	453.75	1072.02	592.63	15.72	428.02	0.38	115.69	20217.42	-11478.62	5397.24
Fixation L	1	16	3147180541	3147384568	204027	1066.02	604.97	17	20	-1	11.16	11.16
Fixation R	1	16	3147180541	3147384568	204027	1066.02	604.97	17	20	-1	10.86	10.86
Saccade L	1	12	3147384568	3147468556	83988	1062.20	602.10	411.97	522.70	14.72	446.73	0.24	175.31	20107.48	-16526.10	8451.90
Saccade R	1	11	3147384568	3147468556	83988	1062.20	602.10	411.97	522.70	14.72	446.73	0.24	175.31	20107.48	-16526.10	8451.90
Fixation L	1	17	3147468556	3147740550	271994	406.54	525.74	15	40	-1	11.01	11.01
Fixation R	1	17	3147468556	3147740550	271994	406.54	525.74	15	40	-1	10.22	10.22
Saccade L	1	13	3147740550	3147776581	36031	405.13	539.90	381.76	435.92	2.24	165.56	0.33	62.18	6953.41	-6509.91	4088.88
Saccade R	1	12	3147740550	3147776581	36031	405.13	539.90	381.76	435.92	2.24	165.56	0.33	62.18	6953.41	-6509.91	4088.88
Fixation L	1	18	3147776581	3147876545	99964	365.62	415.78	21	28	-1	10.86	10.86
Fixation R	1	18	3147776581	3147876545	99964	365.62	415.78	21	28	-1	10.16	10.16
Saccade L	1	14	3147876545	3147948581	72036	370.10	413.13	1008.98	531.11	14.55	440.91	0.33	201.93	19725.16	-16222.69	10026.18
Saccade R	1	13	3147876545	3147948581	72036	370.10	413.13	1008.98	531.11	14.55	440.91	0.33	201.93	19725.16	-16222.69	10026.18
Fixation L	1	19	3147948581	3148100549	151968	1023.41	544.86	21	18	-1	10.66	10.66
Fixation R	1	19	3147948581	3148100549	151968	1023.41	544.86	21	18	-1	10.46	10.46
Saccade L	1	15	3148100549	3148136548	35999	1014.88	547.08	1052.76	592.44	1.37	85.50	0.56	38.15	3777.35	-3045.13	2092.28
Saccade R	1	14	3148100549	3148136548	35999	1014.88	547.08	1052.76	592.44	1.37	85.50	0.56	38.15	3777.35	-3045.13	2092.28
Fixation L	1	20	3148136548	3148252564	116016	1061.05	615.98	13	32	-1	10.74	10.74
Fixation R	1	20	3148136548	3148252564	116016	1061.05	615.98	13	32	-1	10.46	10.46
Saccade L	1	16	3148252564	3148288554	35990	1064.33	612.51	1137.45	612.19	1.91	144.59	0.44	52.94	6385.25	-5983.32	3772.16
Saccade R	1	15	3148252564	3148288554	35990	1064.33	612.51	1137.45	612.19	1.91	144.59	0.44	52.94	6385.25	-5983.32	3772.16
Fixation L	1	21	3148288554	3148524430	235876	1141.67	609.64	33	44	-1	10.59	10.59
Fixation R	1	21	3148288554	3148524430	235876	1141.67	609.64	33	44	-1	10.18	10.18
Saccade L	1	17	3148524430	3148572446	48016	1123.80	591.02	1217.57	570.72	3.02	182.04	0.25	62.93	8206.22	-6350.19	3612.43
Saccade R	1	16	3148524430	3148572446	48016	1123.80	591.02	1217.57	570.72	3.02	182.04	0.25	62.93	8206.22	-6350.19	3612.43
Fixation L	1	22	3148572446	3148672432	99986	1215.93	573.79	6	9	-1	10.36	10.36
Fixation R	1	22	3148572446	3148672432	99986	1215.93	573.79	6	9	-1	9.88	9.88
Saccade L	1	18	3148672432	3148764437	92005	1218.73	579.25	368.97	519.56	19.06	431.67	0.26	207.22	19684.20	-16759.07	8097.96
Saccade R	1	17	3148672432	3148764437	92005	1218.73	579.25	368.97	519.56	19.06	431.67	0.26	207.22	19684.20	-16759.07	8097.96
Saccade L	1	19	3148796425	3148828428	32003	358.69	541.90	361.83	496.28	0.92	52.58	0.38	28.69	2004.13	-2239.92	1507.71
Saccade R	1	18	3148796425	3148828428	32003	358.69	541.90	361.83	496.28	0.92	52.58	0.38	28.69	2004.13	-2239.92	1507.71
Fixation L	1	23	3148828428	3148916451	88023	364.16	525.24	17	51	-1	10.53	10.53
Fixation R	1	23	3148828428	3148916451	88023	364.16	525.24	17	51	-1	9.82	9.82
Saccade L	1	20	3148916451	3148988428	71977	376.12	546.08	410.22	450.14	3.02	168.71	0.22	42.00	7404.27	-6582.02	2635.13
Saccade R	1	19	3148916451	3148988428	71977	376.12	546.08	410.22	450.14	3.02	168.71	0.22	42.00	7404.27	-6582.02	2635.13
Fixation L	1	24	3148988428	3149168444	180016	402.45	452.13	18	16	-1	10.45	10.45
Fixation R	1	24	3148988428	3149168444	180016	402.45	452.13	18	16	-1	9.88	9.88
Saccade L	1	21	3149168444	3149200434	31990	391.97	461.35	402.79	370.97	1.93	132.32	0.37	60.43	6222.89	-6097.56	4396.67
Saccade R	1	20	3149168444	3149200434	31990	391.97	461.35	402.79	370.97	1.93	132.32	0.37	60.43	6222.89	-6097.56	4396.67
Fixation L	1	25	3149200434	3149472449	272015	399.18	329.68	17	56	-1	10.84	10.84
Fixation R	1	25	3149200434	3149472449	272015	399.18	329.68	17	56	-1	10.02	10.02
Saccade L	1	22	3149472449	3149516438	43989	398.38	328.15	334.58	519.54	4.70	312.44	0.36	106.86	14325.01	-13548.12	8352.98
Saccade R	1	21	3149472449	3149516438	43989	398.38	328.15	334.58	519.54	4.70	312.44	0.36	106.86	14325.01	-13548.12	8352.98
Fixation L	1	26	3149516438	3149832470	316032	358.69	527.31	40	31	-1	10.94	10.94
Fixation R	1	26	3149516438	3149832470	316032	358.69	527.31	40	31	-1	10.32	10.32
Fixation L	1	27	3149976341	3150056311	79970	1125.78	598.24	35	13	-1	11.11	11.11
Fixation R	1	27	3149976341	3150056311	79970	1125.78	598.24	35	13	-1	10.86	10.86
Saccade L	1	23	3150056311	3150080312	24001	1112.06	606.81	1064.91	607.71	1.03	88.25	0.50	42.71	3540.92	-3160.67	2415.83
Saccade R	1	22	3150056311	3150080312	24001	1112.06	606.81	1064.91	607.71	1.03	88.25	0.50	42.71	3540.92	-3160.67	2415.83
Fixation L	1	28	3150080312	3150200331	120019	1047.48	595.33	33	17	-1	11.30	11.30
Fixation R	1	28	3150080312	3150200331	120019	1047.48	595.33	33	17	-1	11.15	11.15
Fixation L	1	29	3150224325	3150686185	461860	145.80	81.28	1373	970	-1	6.20	6.20
Fixation R	1	29	3150224325	3150686185	461860	145.80	81.28	1373	970	-1	10.18	10.18
