[BeGaze]
Converted from:	D:\Kirillov\Results\ermolova_temp\Nastya 3kurs-eye_data.idf
Date:	17.04.2019 03:52:19
Version:	BeGaze 3.0.181
Sample Rate:	250
Subject:	Nastya 3kurs
Description:	Run3

Table Header for Fixations:
Event Type	Trial	Number	Start	End	Duration	Location X	Location Y	Dispersion X	Dispersion Y	Plane	Avg. Pupil Size X	Avg. Pupil Size Y

Table Header for Saccades:
Event Type	Trial	Number	Start	End	Duration	Start Loc.X	Start Loc.Y	End Loc.X	End Loc.Y	Amplitude	Peak Speed	Peak Speed At	Average Speed	Peak Accel.	Peak Decel.	Average Accel.

Table Header for User Events:
Event Type	Trial	Number	Start	Description

UserEvent	1	1	5253325316	# Message: Questionnaire14.jpg
Fixation L	1	1	5253325951	5253586544	260593	381.13	575.95	49	40	-1	12.97	12.97
Fixation R	1	1	5253325951	5253586544	260593	381.13	575.95	49	40	-1	11.94	11.94
Saccade L	1	1	5253586544	5253645761	59217	380.20	578.69	365.16	326.89	8.10	387.38	0.47	136.87	18141.24	-16622.32	9900.71
Saccade R	1	1	5253586544	5253645761	59217	380.20	578.69	365.16	326.89	8.10	387.38	0.47	136.87	18141.24	-16622.32	9900.71
Fixation L	1	2	5253645761	5253730178	84417	365.16	334.39	10	37	-1	13.91	13.91
Fixation R	1	2	5253645761	5253730178	84417	365.16	334.39	10	37	-1	12.85	12.85
Saccade L	1	2	5253730178	5253753921	23743	371.24	340.06	354.23	352.48	0.60	40.85	0.50	25.16	1296.52	-1172.99	913.50
Saccade R	1	2	5253730178	5253753921	23743	371.24	340.06	354.23	352.48	0.60	40.85	0.50	25.16	1296.52	-1172.99	913.50
Fixation L	1	3	5253753921	5253857949	104028	366.29	356.33	30	32	-1	14.12	14.12
Fixation R	1	3	5253753921	5253857949	104028	366.29	356.33	30	32	-1	13.10	13.10
Saccade L	1	3	5253857949	5253877919	19970	351.20	348.49	374.40	329.32	0.57	43.60	0.60	28.44	1391.59	-1005.07	894.44
Saccade R	1	3	5253857949	5253877919	19970	351.20	348.49	374.40	329.32	0.57	43.60	0.60	28.44	1391.59	-1005.07	894.44
Fixation L	1	4	5253877919	5254073925	196006	395.35	312.73	37	32	-1	14.13	14.13
Fixation R	1	4	5253877919	5254073925	196006	395.35	312.73	37	32	-1	13.14	13.14
Saccade L	1	4	5254073925	5254105924	31999	413.40	316.86	391.70	348.22	0.88	40.18	0.63	27.46	974.41	-1064.05	739.96
Saccade R	1	4	5254073925	5254105924	31999	413.40	316.86	391.70	348.22	0.88	40.18	0.63	27.46	974.41	-1064.05	739.96
Saccade L	1	5	5254281944	5254301927	19983	395.45	310.95	409.11	289.33	0.55	42.15	0.40	27.33	640.53	-1090.02	562.15
Saccade R	1	5	5254281944	5254301927	19983	395.45	310.95	409.11	289.33	0.55	42.15	0.40	27.33	640.53	-1090.02	562.15
Saccade L	1	6	5254321934	5254345938	24004	395.11	292.45	379.91	330.34	0.81	57.25	0.67	33.94	1248.20	-1383.42	855.50
Saccade R	1	6	5254321934	5254345938	24004	395.11	292.45	379.91	330.34	0.81	57.25	0.67	33.94	1248.20	-1383.42	855.50
Fixation L	1	5	5254345938	5254553928	207990	359.47	343.25	35	55	-1	14.61	14.61
Fixation R	1	5	5254345938	5254553928	207990	359.47	343.25	35	55	-1	13.47	13.47
Fixation L	1	6	5254569938	5254925828	355890	372.83	354.53	48	56	-1	14.83	14.83
Fixation R	1	6	5254569938	5254925828	355890	372.83	354.53	48	56	-1	13.73	13.73
Saccade L	1	7	5254925828	5254945842	20014	366.84	386.40	383.05	361.69	0.54	41.86	0.40	27.11	1551.84	-834.11	796.45
Saccade R	1	7	5254925828	5254945842	20014	366.84	386.40	383.05	361.69	0.54	41.86	0.40	27.11	1551.84	-834.11	796.45
Fixation L	1	7	5254945842	5255061814	115972	395.52	364.59	25	21	-1	14.94	14.94
Fixation R	1	7	5254945842	5255061814	115972	395.52	364.59	25	21	-1	13.84	13.84
Fixation L	1	8	5255077825	5255181816	103991	397.65	362.85	41	33	-1	15.04	15.04
Fixation R	1	8	5255077825	5255181816	103991	397.65	362.85	41	33	-1	13.83	13.83
Fixation L	1	9	5255197832	5255269817	71985	400.47	371.71	25	31	-1	15.01	15.01
Fixation R	1	9	5255197832	5255269817	71985	400.47	371.71	25	31	-1	13.76	13.76
Saccade L	1	8	5255269817	5255289817	20000	392.85	375.57	403.12	355.14	0.55	43.78	0.60	27.56	1538.79	-1508.79	1111.58
Saccade R	1	8	5255269817	5255289817	20000	392.85	375.57	403.12	355.14	0.55	43.78	0.60	27.56	1538.79	-1508.79	1111.58
Fixation L	1	10	5255289817	5255413820	124003	386.08	364.64	28	37	-1	14.87	14.87
Fixation R	1	10	5255289817	5255413820	124003	386.08	364.64	28	37	-1	13.63	13.63
UserEvent	1	2	5255340551	# Message: UE-mouseclick left x=464 y=337
Saccade L	1	9	5255413820	5255437831	24011	385.85	356.95	417.95	373.94	0.93	69.37	0.50	38.53	1569.56	-2623.54	1613.27
Saccade R	1	9	5255413820	5255437831	24011	385.85	356.95	417.95	373.94	0.93	69.37	0.50	38.53	1569.56	-2623.54	1613.27
Fixation L	1	11	5255437831	5255673826	235995	431.11	360.28	43	38	-1	14.58	14.58
Fixation R	1	11	5255437831	5255673826	235995	431.11	360.28	43	38	-1	13.36	13.36
Saccade L	1	10	5255673826	5255717821	43995	413.91	348.64	0.00	0.00	23.86	1831.16	0.73	542.37	52643.94	-79759.36	33883.63
Saccade R	1	10	5255673826	5255717821	43995	413.91	348.64	0.00	0.00	23.86	1831.16	0.73	542.37	52643.94	-79759.36	33883.63
Fixation L	1	12	5255717821	5255825826	108005	121.39	276.02	1344	1007	-1	12.04	12.04
Fixation R	1	12	5255717821	5255825826	108005	121.39	276.02	1344	1007	-1	11.83	11.83
