[BeGaze]
Converted from:	D:\Kirillov\Results\ermolova_temp\Anna-eye_data.idf
Date:	17.04.2019 03:52:54
Version:	BeGaze 3.0.181
Sample Rate:	250
Subject:	Anna
Description:	Run15

Table Header for Fixations:
Event Type	Trial	Number	Start	End	Duration	Location X	Location Y	Dispersion X	Dispersion Y	Plane	Avg. Pupil Size X	Avg. Pupil Size Y

Table Header for Saccades:
Event Type	Trial	Number	Start	End	Duration	Start Loc.X	Start Loc.Y	End Loc.X	End Loc.Y	Amplitude	Peak Speed	Peak Speed At	Average Speed	Peak Accel.	Peak Decel.	Average Accel.

Table Header for User Events:
Event Type	Trial	Number	Start	Description

UserEvent	1	1	3584292411	# Message: experiment-14.jpg
Saccade L	1	1	3584293631	3584329637	36006	528.23	403.11	795.05	340.38	5.42	270.37	0.22	150.62	0.00	-9891.60	4695.61
Saccade R	1	1	3584293631	3584329637	36006	528.23	403.11	795.05	340.38	5.42	270.37	0.22	150.62	0.00	-9891.60	4695.61
Fixation L	1	1	3584329637	3584557662	228025	787.84	325.29	37	23	-1	13.84	13.84
Fixation R	1	1	3584329637	3584557662	228025	787.84	325.29	37	23	-1	14.31	14.31
Saccade L	1	2	3584557662	3584629659	71997	773.70	332.96	551.59	112.12	11.02	321.62	0.67	153.13	6816.04	-14331.47	6381.60
Saccade R	1	2	3584557662	3584629659	71997	773.70	332.96	551.59	112.12	11.02	321.62	0.67	153.13	6816.04	-14331.47	6381.60
Fixation L	1	2	3584629659	3584685510	55851	544.13	109.90	10	8	-1	13.26	13.26
Fixation R	1	2	3584629659	3584769515	139856	303.51	88.97	552	747	-1	12.16	12.16
Fixation L	1	3	3584877532	3584961535	84003	506.92	138.67	24	45	-1	11.51	11.51
Fixation R	1	3	3584877532	3584961535	84003	506.92	138.67	24	45	-1	11.68	11.68
Saccade L	1	3	3584961535	3585009522	47987	497.05	126.36	450.91	203.64	3.43	127.00	0.58	71.52	4743.55	-2059.18	1771.83
Saccade R	1	3	3584961535	3585009522	47987	497.05	126.36	450.91	203.64	3.43	127.00	0.58	71.52	4743.55	-2059.18	1771.83
Saccade L	1	4	3585077530	3585101577	24047	499.44	72.84	498.23	79.80	1.53	108.57	0.33	63.62	2628.50	-2937.30	1668.19
Saccade R	1	4	3585077530	3585101577	24047	499.44	72.84	498.23	79.80	1.53	108.57	0.33	63.62	2628.50	-2937.30	1668.19
Saccade L	1	5	3585125529	3585145533	20004	501.76	76.03	500.78	64.03	1.83	178.07	0.60	91.53	3438.44	-5863.05	2504.23
Saccade R	1	5	3585125529	3585145533	20004	501.76	76.03	500.78	64.03	1.83	178.07	0.60	91.53	3438.44	-5863.05	2504.23
Saccade L	1	6	3585157532	3585233514	75982	476.14	211.53	1135.06	393.65	18.56	478.70	0.53	244.23	12035.43	-20919.02	9424.62
Saccade R	1	6	3585157532	3585233514	75982	476.14	211.53	1135.06	393.65	18.56	478.70	0.53	244.23	12035.43	-20919.02	9424.62
Fixation L	1	4	3585233514	3585613563	380049	923.36	337.52	1184	676	-1	11.18	11.18
Fixation R	1	4	3585233514	3585613563	380049	923.36	337.52	1184	676	-1	11.37	11.37
Saccade L	1	7	3585613563	3585665532	51969	0.00	0.00	416.97	142.15	16.28	925.12	0.23	313.25	44708.03	-22867.51	16220.35
Saccade R	1	7	3585613563	3585665532	51969	0.00	0.00	416.97	142.15	16.28	925.12	0.23	313.25	44708.03	-22867.51	16220.35
Saccade L	1	8	3585713543	3585741543	28000	403.85	144.73	397.89	128.54	1.87	99.42	0.28	66.69	4727.36	-3668.97	2804.65
Saccade R	1	8	3585713543	3585741543	28000	403.85	144.73	397.89	128.54	1.87	99.42	0.28	66.69	4727.36	-3668.97	2804.65
Saccade L	1	9	3585741543	3585781547	40004	397.89	128.54	402.83	121.01	3.82	216.93	0.40	95.48	5884.96	-8065.24	4231.76
Saccade R	1	9	3585741543	3585781547	40004	397.89	128.54	402.83	121.01	3.82	216.93	0.40	95.48	5884.96	-8065.24	4231.76
Saccade L	1	10	3585817566	3585869543	51977	397.01	129.79	414.88	118.46	4.93	228.08	0.23	94.77	9518.95	-5096.59	4008.35
Saccade R	1	10	3585817566	3585869543	51977	397.01	129.79	414.88	118.46	4.93	228.08	0.23	94.77	9518.95	-5096.59	4008.35
Saccade L	1	11	3585893540	3585921560	28020	412.18	121.36	419.32	133.74	1.49	79.06	0.57	53.09	3389.80	-3696.34	2647.46
Saccade R	1	11	3585893540	3585921560	28020	412.18	121.36	419.32	133.74	1.49	79.06	0.57	53.09	3389.80	-3696.34	2647.46
Fixation L	1	5	3585921560	3586197419	275859	429.35	157.73	31	49	-1	11.99	11.99
Fixation R	1	5	3585921560	3586197419	275859	429.35	157.73	31	49	-1	12.15	12.15
Saccade L	1	12	3586197419	3586225412	27993	424.76	165.09	423.09	173.76	1.88	97.56	0.72	67.22	4465.34	-3241.52	2996.60
Saccade R	1	12	3586197419	3586225412	27993	424.76	165.09	423.09	173.76	1.88	97.56	0.72	67.22	4465.34	-3241.52	2996.60
Saccade L	1	13	3586225412	3586257436	32024	423.09	173.76	425.49	180.17	1.98	97.15	0.62	61.72	3960.77	-4279.42	2555.86
Saccade R	1	13	3586225412	3586257436	32024	423.09	173.76	425.49	180.17	1.98	97.15	0.62	61.72	3960.77	-4279.42	2555.86
Saccade L	1	14	3586281473	3586317432	35959	422.90	167.36	449.85	37.18	2.95	177.27	0.33	82.16	8053.15	-4116.12	2982.10
Saccade R	1	14	3586281473	3586317432	35959	422.90	167.36	449.85	37.18	2.95	177.27	0.33	82.16	8053.15	-4116.12	2982.10
Saccade L	1	15	3586317432	3586345478	28046	449.85	37.18	459.34	41.20	1.72	85.82	0.43	61.37	1368.71	-3885.28	1901.97
Saccade R	1	15	3586317432	3586345478	28046	449.85	37.18	459.34	41.20	1.72	85.82	0.43	61.37	1368.71	-3885.28	1901.97
Saccade L	1	16	3586377463	3586401417	23954	462.28	41.72	458.60	136.98	1.99	193.81	0.50	82.96	7611.85	-7385.64	5649.75
Saccade R	1	16	3586377463	3586401417	23954	462.28	41.72	458.60	136.98	1.99	193.81	0.50	82.96	7611.85	-7385.64	5649.75
Saccade L	1	17	3586489478	3586513421	23943	457.88	153.25	454.41	147.79	1.42	83.77	0.50	59.21	4090.70	-1894.80	2149.54
Saccade R	1	17	3586489478	3586513421	23943	457.88	153.25	454.41	147.79	1.42	83.77	0.50	59.21	4090.70	-1894.80	2149.54
Saccade L	1	18	3586533446	3586573434	39988	476.18	31.79	470.83	150.99	2.51	81.39	0.70	62.75	3852.51	-1769.29	1764.77
Saccade R	1	18	3586533446	3586573434	39988	476.18	31.79	470.83	150.99	2.51	81.39	0.70	62.75	3852.51	-1769.29	1764.77
Saccade L	1	19	3586613432	3586677431	63999	469.47	139.07	1099.79	394.53	15.96	482.48	0.62	249.45	17833.56	-20286.85	11057.60
Saccade R	1	19	3586613432	3586677431	63999	469.47	139.07	1099.79	394.53	15.96	482.48	0.62	249.45	17833.56	-20286.85	11057.60
Fixation L	1	6	3586677431	3586801421	123990	1099.50	399.07	33	29	-1	12.55	12.55
Fixation R	1	6	3586677431	3586801421	123990	1099.50	399.07	33	29	-1	13.15	13.15
Saccade L	1	20	3586801421	3586825460	24039	1100.31	389.46	1108.91	440.27	0.99	86.61	0.50	41.18	2176.95	-3368.47	2032.23
Saccade R	1	20	3586801421	3586825460	24039	1100.31	389.46	1108.91	440.27	0.99	86.61	0.50	41.18	2176.95	-3368.47	2032.23
Fixation L	1	7	3586825460	3586921465	96005	1110.13	453.75	5	25	-1	12.51	12.51
Fixation R	1	7	3586825460	3586921465	96005	1110.13	453.75	5	25	-1	13.27	13.27
Saccade L	1	21	3586921465	3586953439	31974	1108.33	463.67	1155.98	548.86	2.05	132.26	0.50	63.97	6544.82	-5852.27	4415.49
Saccade R	1	21	3586921465	3586953439	31974	1108.33	463.67	1155.98	548.86	2.05	132.26	0.50	63.97	6544.82	-5852.27	4415.49
Fixation L	1	8	3586953439	3587109444	156005	1169.77	551.04	23	20	-1	12.46	12.46
Fixation R	1	8	3586953439	3587109444	156005	1169.77	551.04	23	20	-1	13.25	13.25
Saccade L	1	22	3587109444	3587169439	59995	1178.86	566.08	663.35	150.24	15.02	559.80	0.47	250.29	25008.57	-25323.75	15315.26
Saccade R	1	22	3587109444	3587169439	59995	1178.86	566.08	663.35	150.24	15.02	559.80	0.47	250.29	25008.57	-25323.75	15315.26
Fixation L	1	9	3587169439	3587265453	96014	656.56	141.58	20	13	-1	12.89	12.89
Fixation R	1	9	3587169439	3587265453	96014	656.56	141.58	20	13	-1	13.29	13.29
Saccade L	1	23	3587265453	3587317445	51992	641.47	146.48	310.32	110.22	8.07	340.11	0.46	155.30	14530.18	-15317.95	9604.44
Saccade R	1	23	3587265453	3587317445	51992	641.47	146.48	310.32	110.22	8.07	340.11	0.46	155.30	14530.18	-15317.95	9604.44
Fixation L	1	10	3587317445	3587377466	60021	314.40	106.16	9	9	-1	12.64	12.64
Fixation R	1	10	3587317445	3587377466	60021	314.40	106.16	9	9	-1	12.54	12.54
Saccade L	1	24	3587377466	3587405438	27972	310.47	109.10	415.23	132.01	2.17	156.51	0.57	77.47	7247.53	-6578.54	5128.80
Saccade R	1	24	3587377466	3587405438	27972	310.47	109.10	415.23	132.01	2.17	156.51	0.57	77.47	7247.53	-6578.54	5128.80
Fixation L	1	11	3587405438	3587577344	171906	409.87	158.85	21	40	-1	12.62	12.62
Fixation R	1	11	3587405438	3587577344	171906	409.87	158.85	21	40	-1	12.80	12.80
Fixation L	1	12	3587637329	3587841332	204003	514.14	99.12	31	18	-1	13.14	13.14
Fixation R	1	12	3587637329	3587841332	204003	514.14	99.12	31	18	-1	13.34	13.34
Saccade L	1	25	3587841332	3587905334	64002	517.75	100.06	1080.88	522.19	15.57	423.14	0.38	243.21	20399.92	-15892.56	11366.01
Saccade R	1	25	3587841332	3587905334	64002	517.75	100.06	1080.88	522.19	15.57	423.14	0.38	243.21	20399.92	-15892.56	11366.01
Fixation L	1	13	3587905334	3588037359	132025	1085.04	509.35	15	34	-1	13.23	13.23
Fixation R	1	13	3587905334	3588037359	132025	1085.04	509.35	15	34	-1	13.98	13.98
Saccade L	1	26	3588037359	3588061345	23986	1092.80	493.67	1102.74	535.85	0.87	54.03	0.50	36.13	2636.41	-1886.28	1631.69
Saccade R	1	26	3588037359	3588061345	23986	1092.80	493.67	1102.74	535.85	0.87	54.03	0.50	36.13	2636.41	-1886.28	1631.69
Fixation L	1	14	3588061345	3588169335	107990	1103.88	548.25	10	16	-1	13.11	13.11
Fixation R	1	14	3588061345	3588169335	107990	1103.88	548.25	10	16	-1	13.61	13.61
Fixation L	1	15	3588185369	3588561337	375968	1065.06	587.52	39	58	-1	12.64	12.64
Fixation R	1	15	3588185369	3588561337	375968	1065.06	587.52	39	58	-1	13.24	13.24
Saccade L	1	27	3588561337	3588593379	32042	1051.54	609.20	1084.89	491.91	2.53	154.70	0.50	79.03	6927.11	-6812.61	5123.58
Saccade R	1	27	3588561337	3588593379	32042	1051.54	609.20	1084.89	491.91	2.53	154.70	0.50	79.03	6927.11	-6812.61	5123.58
Fixation L	1	16	3588593379	3588765353	171974	1088.37	496.39	22	26	-1	12.38	12.38
Fixation R	1	16	3588593379	3588765353	171974	1088.37	496.39	22	26	-1	12.95	12.95
Saccade L	1	28	3588765353	3588793378	28025	1104.59	513.34	1170.36	413.75	2.41	184.01	0.57	85.97	8411.82	-8773.51	6312.81
Saccade R	1	28	3588765353	3588793378	28025	1104.59	513.34	1170.36	413.75	2.41	184.01	0.57	85.97	8411.82	-8773.51	6312.81
Fixation L	1	17	3588793378	3589053259	259881	1167.23	416.93	10	10	-1	12.12	12.12
Fixation R	1	17	3588793378	3589053259	259881	1167.23	416.93	10	10	-1	12.63	12.63
Saccade L	1	29	3589053259	3589085237	31978	1167.13	416.56	1066.11	512.43	2.99	207.24	0.50	93.41	9539.81	-8894.10	6599.09
Saccade R	1	29	3589053259	3589085237	31978	1167.13	416.56	1066.11	512.43	2.99	207.24	0.50	93.41	9539.81	-8894.10	6599.09
Fixation L	1	18	3589085237	3589189241	104004	1077.52	533.38	23	30	-1	12.00	12.00
Fixation R	1	18	3589085237	3589189241	104004	1077.52	533.38	23	30	-1	12.44	12.44
Saccade L	1	30	3589189241	3589221237	31996	1087.71	542.07	0.00	0.00	27.85	2427.64	0.63	870.27	99745.12	-102841.47	69029.83
Saccade R	1	30	3589189241	3589221237	31996	1087.71	542.07	0.00	0.00	27.85	2427.64	0.63	870.27	99745.12	-102841.47	69029.83
Saccade L	1	31	3589257233	3589353244	96011	0.00	0.00	1037.64	477.88	63.37	2715.20	0.38	660.00	89398.72	-84712.24	27995.94
Saccade R	1	31	3589257233	3589353244	96011	0.00	0.00	1037.64	477.88	63.37	2715.20	0.38	660.00	89398.72	-84712.24	27995.94
Saccade L	1	32	3589381284	3589441237	59953	1025.93	465.61	563.33	105.22	12.79	413.22	0.40	213.29	19385.48	-15276.24	11136.95
Saccade R	1	32	3589381284	3589441237	59953	1025.93	465.61	563.33	105.22	12.79	413.22	0.40	213.29	19385.48	-15276.24	11136.95
Fixation L	1	19	3589441237	3589577276	136039	560.44	111.45	18	20	-1	12.69	12.69
Fixation R	1	19	3589441237	3589577276	136039	560.44	111.45	18	20	-1	12.73	12.73
Saccade L	1	33	3589577276	3589601253	23977	555.49	125.68	469.00	126.41	1.75	157.94	0.50	73.11	6970.47	-6622.38	4999.50
Saccade R	1	33	3589577276	3589601253	23977	555.49	125.68	469.00	126.41	1.75	157.94	0.50	73.11	6970.47	-6622.38	4999.50
Fixation L	1	20	3589601253	3589985269	384016	474.94	103.42	15	54	-1	12.44	12.44
Fixation R	1	20	3589601253	3589985269	384016	474.94	103.42	15	54	-1	12.46	12.46
Saccade L	1	34	3589985269	3590057262	71993	474.81	91.11	1152.09	574.06	18.37	494.38	0.28	255.16	23071.63	-14816.60	11835.94
Saccade R	1	34	3589985269	3590057262	71993	474.81	91.11	1152.09	574.06	18.37	494.38	0.28	255.16	23071.63	-14816.60	11835.94
Fixation L	1	21	3590057262	3590177252	119990	1138.77	558.40	34	24	-1	12.50	12.50
Fixation R	1	21	3590057262	3590177252	119990	1138.77	558.40	34	24	-1	13.23	13.23
Saccade L	1	35	3590177252	3590201262	24010	1121.31	548.33	1090.22	546.20	0.66	46.62	0.50	27.54	1823.67	-1539.96	1260.15
Saccade R	1	35	3590177252	3590201262	24010	1121.31	548.33	1090.22	546.20	0.66	46.62	0.50	27.54	1823.67	-1539.96	1260.15
Fixation L	1	22	3590201262	3590313146	111884	1090.34	536.02	20	26	-1	12.56	12.56
Fixation R	1	22	3590201262	3590313146	111884	1090.34	536.02	20	26	-1	13.00	13.00
Saccade L	1	36	3590313146	3590341149	28003	1100.68	526.04	1050.56	535.45	1.02	71.59	0.43	36.54	3091.49	-2700.13	2126.66
Saccade R	1	36	3590313146	3590341149	28003	1100.68	526.04	1050.56	535.45	1.02	71.59	0.43	36.54	3091.49	-2700.13	2126.66
Fixation L	1	23	3590341149	3590433145	91996	1046.57	528.95	6	11	-1	12.34	12.34
Fixation R	1	23	3590341149	3590433145	91996	1046.57	528.95	6	11	-1	12.82	12.82
Saccade L	1	37	3590433145	3590493175	60030	1047.61	528.82	486.06	119.08	15.47	496.53	0.33	257.70	22485.67	-17814.60	13082.57
Saccade R	1	37	3590433145	3590493175	60030	1047.61	528.82	486.06	119.08	15.47	496.53	0.33	257.70	22485.67	-17814.60	13082.57
Fixation L	1	24	3590493175	3590933174	439999	504.46	134.14	27	88	-1	12.49	12.49
Fixation R	1	24	3590493175	3590933174	439999	504.46	134.14	27	88	-1	12.40	12.40
Saccade L	1	38	3590933174	3590989162	55988	511.10	187.51	1013.52	563.43	13.76	551.33	0.36	245.70	23911.51	-18235.20	13997.14
Saccade R	1	38	3590933174	3590989162	55988	511.10	187.51	1013.52	563.43	13.76	551.33	0.36	245.70	23911.51	-18235.20	13997.14
Fixation L	1	25	3590989162	3591121171	132009	1012.86	566.59	4	17	-1	13.21	13.21
Fixation R	1	25	3590989162	3591121171	132009	1012.86	566.59	4	17	-1	13.67	13.67
Saccade L	1	39	3591121171	3591141178	20007	1011.53	555.44	965.07	555.08	0.84	75.28	0.60	42.00	2952.38	-2981.95	2165.21
Saccade R	1	39	3591121171	3591141178	20007	1011.53	555.44	965.07	555.08	0.84	75.28	0.60	42.00	2952.38	-2981.95	2165.21
Fixation L	1	26	3591141178	3591301167	159989	966.32	558.21	14	25	-1	13.31	13.31
Fixation R	1	26	3591141178	3591301167	159989	966.32	558.21	14	25	-1	13.62	13.62
Saccade L	1	40	3591301167	3591325169	24002	966.00	571.77	1025.77	578.14	1.19	107.30	0.50	49.68	4368.02	-4554.06	3291.07
Saccade R	1	40	3591301167	3591325169	24002	966.00	571.77	1025.77	578.14	1.19	107.30	0.50	49.68	4368.02	-4554.06	3291.07
Fixation L	1	27	3591325169	3591545177	220008	1027.39	562.19	15	50	-1	12.94	12.94
Fixation R	1	27	3591325169	3591545177	220008	1027.39	562.19	15	50	-1	13.49	13.49
Saccade L	1	41	3591545177	3591577171	31994	1032.95	528.02	1022.21	606.34	1.66	108.18	0.37	51.86	4817.73	-4336.55	3254.06
Saccade R	1	41	3591545177	3591577171	31994	1032.95	528.02	1022.21	606.34	1.66	108.18	0.37	51.86	4817.73	-4336.55	3254.06
Fixation L	1	28	3591577171	3591725086	147915	1021.64	626.17	16	31	-1	12.79	12.79
Fixation R	1	28	3591577171	3591725086	147915	1021.64	626.17	16	31	-1	13.10	13.10
Saccade L	1	42	3591725086	3591765060	39974	1020.99	637.59	906.64	578.33	3.23	203.25	0.40	80.86	9409.68	-8586.00	5743.58
Saccade R	1	42	3591725086	3591765060	39974	1020.99	637.59	906.64	578.33	3.23	203.25	0.40	80.86	9409.68	-8586.00	5743.58
Fixation L	1	29	3591765060	3591965087	200027	890.02	574.03	34	13	-1	12.86	12.86
Fixation R	1	29	3591765060	3591965087	200027	890.02	574.03	34	13	-1	13.21	13.21
Saccade L	1	43	3591965087	3592025058	59971	872.82	574.46	458.97	158.01	13.36	548.19	0.33	222.69	26606.26	-18972.42	13718.26
Saccade R	1	43	3591965087	3592025058	59971	872.82	574.46	458.97	158.01	13.36	548.19	0.33	222.69	26606.26	-18972.42	13718.26
Saccade L	1	44	3592025058	3592057062	32004	458.97	158.01	460.64	241.08	1.85	139.03	0.50	57.84	5724.12	-5917.63	3751.77
Saccade R	1	44	3592025058	3592057062	32004	458.97	158.01	460.64	241.08	1.85	139.03	0.50	57.84	5724.12	-5917.63	3751.77
Fixation L	1	30	3592057062	3592125071	68009	481.29	244.17	34	8	-1	12.75	12.75
Fixation R	1	30	3592057062	3592125071	68009	481.29	244.17	34	8	-1	12.68	12.68
