[BeGaze]
Converted from:	D:\Kirillov\Results\ermolova_temp\Natalia-eye_data.idf
Date:	17.04.2019 03:53:08
Version:	BeGaze 3.0.181
Sample Rate:	250
Subject:	Natalia
Description:	Run20

Table Header for Fixations:
Event Type	Trial	Number	Start	End	Duration	Location X	Location Y	Dispersion X	Dispersion Y	Plane	Avg. Pupil Size X	Avg. Pupil Size Y

Table Header for Saccades:
Event Type	Trial	Number	Start	End	Duration	Start Loc.X	Start Loc.Y	End Loc.X	End Loc.Y	Amplitude	Peak Speed	Peak Speed At	Average Speed	Peak Accel.	Peak Decel.	Average Accel.

Table Header for User Events:
Event Type	Trial	Number	Start	Description

UserEvent	1	1	7145992660	# Message: Questionnaire4.jpg
Fixation L	1	1	7145996410	7146128363	131953	999.71	575.38	6	9	-1	13.01	13.01
Fixation R	1	1	7145996410	7146128363	131953	999.71	575.38	6	9	-1	13.86	13.86
Saccade L	1	1	7146128363	7146164365	36002	999.79	578.56	995.18	533.29	1.32	96.06	0.33	36.73	4159.77	-3475.29	2198.94
Saccade R	1	1	7146128363	7146164365	36002	999.79	578.56	995.18	533.29	1.32	96.06	0.33	36.73	4159.77	-3475.29	2198.94
Fixation L	1	2	7146164365	7146288376	124011	996.63	520.61	14	19	-1	12.44	12.44
Fixation R	1	2	7146164365	7146288376	124011	996.63	520.61	14	19	-1	13.08	13.08
Saccade L	1	2	7146288376	7146372373	83997	1002.62	522.53	477.14	315.23	12.61	494.96	0.24	150.16	23463.18	-18381.62	9323.42
Saccade R	1	2	7146288376	7146372373	83997	1002.62	522.53	477.14	315.23	12.61	494.96	0.24	150.16	23463.18	-18381.62	9323.42
Fixation L	1	3	7146372373	7146456380	84007	476.46	318.26	9	10	-1	11.86	11.86
Fixation R	1	3	7146372373	7146456380	84007	476.46	318.26	9	10	-1	12.15	12.15
Saccade L	1	3	7146456380	7146512383	56003	472.25	320.96	405.88	238.50	2.79	171.06	0.29	49.78	7649.47	-7081.30	3499.29
Saccade R	1	3	7146456380	7146512383	56003	472.25	320.96	405.88	238.50	2.79	171.06	0.29	49.78	7649.47	-7081.30	3499.29
Fixation L	1	4	7146512383	7146680382	167999	403.98	238.76	9	11	-1	11.62	11.62
Fixation R	1	4	7146512383	7146680382	167999	403.98	238.76	9	11	-1	11.87	11.87
Saccade L	1	4	7146680382	7146712378	31996	401.85	238.65	522.98	235.55	2.49	179.88	0.38	77.88	8414.11	-8023.78	5865.72
Saccade R	1	4	7146680382	7146712378	31996	401.85	238.65	522.98	235.55	2.49	179.88	0.38	77.88	8414.11	-8023.78	5865.72
Fixation L	1	5	7146712378	7146900399	188021	527.49	236.63	25	17	-1	12.21	12.21
Fixation R	1	5	7146712378	7146900399	188021	527.49	236.63	25	17	-1	12.50	12.50
Saccade L	1	5	7146900399	7146936394	35995	517.87	240.88	663.89	236.40	2.99	216.71	0.33	82.99	9442.20	-8916.12	5906.98
Saccade R	1	5	7146900399	7146936394	35995	517.87	240.88	663.89	236.40	2.99	216.71	0.33	82.99	9442.20	-8916.12	5906.98
Fixation L	1	6	7146936394	7147056394	120000	666.94	246.80	18	19	-1	12.51	12.51
Fixation R	1	6	7146936394	7147056394	120000	666.94	246.80	18	19	-1	12.94	12.94
Saccade L	1	6	7147056394	7147080392	23998	675.87	253.44	756.17	254.73	1.60	138.91	0.50	66.48	6357.02	-5558.55	4242.60
Saccade R	1	6	7147056394	7147080392	23998	675.87	253.44	756.17	254.73	1.60	138.91	0.50	66.48	6357.02	-5558.55	4242.60
Fixation L	1	7	7147080392	7147180426	100034	757.70	262.90	32	13	-1	12.86	12.86
Fixation R	1	7	7147080392	7147180426	100034	757.70	262.90	32	13	-1	13.33	13.33
Saccade L	1	7	7147180426	7147232426	52000	763.31	255.05	413.37	293.80	8.56	410.28	0.38	164.55	19813.40	-17158.28	10531.62
Saccade R	1	7	7147180426	7147232426	52000	763.31	255.05	413.37	293.80	8.56	410.28	0.38	164.55	19813.40	-17158.28	10531.62
Saccade L	1	8	7147232426	7147252409	19983	413.37	293.80	375.12	302.19	0.71	60.47	0.40	35.48	382.75	-2660.32	1246.58
Saccade R	1	8	7147232426	7147252409	19983	413.37	293.80	375.12	302.19	0.71	60.47	0.40	35.48	382.75	-2660.32	1246.58
Fixation L	1	8	7147252409	7147460411	208002	378.60	305.44	13	22	-1	13.00	13.00
Fixation R	1	8	7147252409	7147460411	208002	378.60	305.44	13	22	-1	13.30	13.30
Saccade L	1	9	7147460411	7147492390	31979	380.39	305.50	382.07	339.85	0.76	46.79	0.37	23.65	1774.05	-1694.60	1230.00
Saccade R	1	9	7147460411	7147492390	31979	380.39	305.50	382.07	339.85	0.76	46.79	0.37	23.65	1774.05	-1694.60	1230.00
Fixation L	1	9	7147492390	7147736284	243894	385.77	347.88	12	19	-1	13.00	13.00
Fixation R	1	9	7147492390	7147736284	243894	385.77	347.88	12	19	-1	13.17	13.17
Saccade L	1	10	7147736284	7147756339	20055	391.99	357.22	416.72	358.55	0.47	42.81	0.60	23.62	1886.13	-1706.77	1288.72
Saccade R	1	10	7147736284	7147756339	20055	391.99	357.22	416.72	358.55	0.47	42.81	0.60	23.62	1886.13	-1706.77	1288.72
Fixation L	1	10	7147756339	7147908291	151952	421.05	348.17	15	23	-1	12.59	12.59
Fixation R	1	10	7147756339	7147908291	151952	421.05	348.17	15	23	-1	13.11	13.11
Saccade L	1	11	7147908291	7147944286	35995	417.77	337.88	410.20	307.03	1.55	103.14	0.44	43.15	4711.13	-3483.75	2361.35
Saccade R	1	11	7147908291	7147944286	35995	417.77	337.88	410.20	307.03	1.55	103.14	0.44	43.15	4711.13	-3483.75	2361.35
Fixation L	1	11	7147944286	7148300308	356022	393.49	286.91	25	34	-1	12.72	12.72
Fixation R	1	11	7147944286	7148300308	356022	393.49	286.91	25	34	-1	13.05	13.05
Saccade R	1	12	7148300308	7148352289	51981	387.71	280.23	0.00	0.00	17.25	1373.45	0.77	331.86	42223.39	-20136.84	16069.17
Fixation L	1	12	7148380288	7148768313	388025	0.07	0.00	1	0	-1	7.64	7.64
Saccade L	1	12	7149596577	7149808728	212151	0.00	0.00	321.21	280.43	74.96	823.07	0.94	353.33	34302.13	-34030.44	25793.28
Saccade L	1	13	7149824729	7149880731	56002	322.74	284.58	379.97	322.90	1.87	101.07	0.29	33.44	4411.53	-3816.90	1821.73
Saccade R	1	13	7149824729	7149880731	56002	322.74	284.58	379.97	322.90	1.87	101.07	0.29	33.44	4411.53	-3816.90	1821.73
Fixation L	1	13	7149880731	7149996723	115992	371.28	323.57	15	14	-1	13.94	13.94
Fixation R	1	12	7149880731	7149996723	115992	371.28	323.57	15	14	-1	14.45	14.45
Saccade L	1	14	7149996723	7150052594	55871	381.07	312.74	413.29	437.44	3.43	215.28	0.29	61.31	9980.12	-8821.29	4399.41
Saccade R	1	14	7149996723	7150052594	55871	381.07	312.74	413.29	437.44	3.43	215.28	0.29	61.31	9980.12	-8821.29	4399.41
Fixation L	1	14	7150052594	7150288607	236013	416.13	446.59	17	17	-1	12.86	12.86
Fixation R	1	13	7150052594	7150288607	236013	416.13	446.59	17	17	-1	13.20	13.20
Saccade L	1	15	7150288607	7150344598	55991	420.89	440.58	388.59	369.52	1.89	103.82	0.36	33.70	4309.09	-3811.63	2016.63
Saccade R	1	15	7150288607	7150344598	55991	420.89	440.58	388.59	369.52	1.89	103.82	0.36	33.70	4309.09	-3811.63	2016.63
Fixation L	1	15	7150344598	7150512581	167983	393.70	368.73	11	14	-1	12.15	12.15
Fixation R	1	14	7150344598	7150512581	167983	393.70	368.73	11	14	-1	12.35	12.35
Saccade L	1	16	7150512581	7150544583	32002	393.72	374.54	408.57	417.46	0.90	57.08	0.63	28.18	2621.50	-2647.96	1893.37
Saccade R	1	16	7150512581	7150544583	32002	393.72	374.54	408.57	417.46	0.90	57.08	0.63	28.18	2621.50	-2647.96	1893.37
Fixation L	1	16	7150544583	7150680586	136003	412.29	419.47	11	10	-1	12.17	12.17
Fixation R	1	15	7150544583	7150680586	136003	412.29	419.47	11	10	-1	12.20	12.20
Saccade L	1	17	7150680586	7150756608	76022	410.71	421.40	734.67	180.19	9.04	418.98	0.21	118.96	19785.83	-14907.48	7524.68
Saccade R	1	17	7150680586	7150756608	76022	410.71	421.40	734.67	180.19	9.04	418.98	0.21	118.96	19785.83	-14907.48	7524.68
Fixation L	1	17	7150756608	7150856592	99984	736.96	170.66	11	17	-1	12.01	12.01
Fixation R	1	16	7150756608	7150856592	99984	736.96	170.66	11	17	-1	12.24	12.24
Saccade L	1	18	7150856592	7150880627	24035	740.23	169.71	737.41	133.40	0.78	67.50	0.33	32.55	2955.32	-2763.46	2008.36
Saccade R	1	18	7150856592	7150880627	24035	740.23	169.71	737.41	133.40	0.78	67.50	0.33	32.55	2955.32	-2763.46	2008.36
Fixation L	1	18	7150880627	7150996620	115993	741.40	131.81	12	9	-1	12.01	12.01
Fixation R	1	17	7150880627	7150996620	115993	741.40	131.81	12	9	-1	12.37	12.37
Fixation L	1	19	7151076600	7153144426	2067826	371.10	285.97	63	59	-1	12.76	12.76
Fixation R	1	18	7151076600	7153144426	2067826	371.10	285.97	63	59	-1	13.52	13.52
Saccade L	1	19	7153144426	7153208411	63985	367.77	286.66	400.50	434.86	4.27	247.16	0.25	66.70	11416.62	-9727.39	4606.04
Saccade R	1	19	7153144426	7153208411	63985	367.77	286.66	400.50	434.86	4.27	247.16	0.25	66.70	11416.62	-9727.39	4606.04
Fixation L	1	20	7153208411	7153448406	239995	385.06	419.06	25	35	-1	12.79	12.79
Fixation R	1	19	7153208411	7153448406	239995	385.06	419.06	25	35	-1	13.45	13.45
Saccade L	1	20	7153448406	7153484424	36018	380.28	422.61	428.47	435.81	1.56	111.88	0.44	43.44	4674.63	-3963.16	2652.59
Saccade R	1	20	7153448406	7153484424	36018	380.28	422.61	428.47	435.81	1.56	111.88	0.44	43.44	4674.63	-3963.16	2652.59
Fixation L	1	21	7153484424	7153632401	147977	440.38	422.46	16	26	-1	12.69	12.69
Fixation R	1	20	7153484424	7153632401	147977	440.38	422.46	16	26	-1	13.23	13.23
Saccade L	1	21	7153632401	7153664403	32002	438.18	418.79	417.10	328.01	2.52	160.73	0.38	78.63	7413.56	-6325.59	4740.39
Saccade R	1	21	7153632401	7153664403	32002	438.18	418.79	417.10	328.01	2.52	160.73	0.38	78.63	7413.56	-6325.59	4740.39
Fixation L	1	22	7153664403	7153756401	91998	389.32	331.49	35	12	-1	12.41	12.41
Fixation R	1	21	7153664403	7153756401	91998	389.32	331.49	35	12	-1	12.96	12.96
Saccade L	1	22	7153756401	7153812413	56012	385.89	339.04	365.66	294.80	1.11	44.08	0.79	19.89	974.79	-1689.24	693.91
Saccade R	1	22	7153756401	7153812413	56012	385.89	339.04	365.66	294.80	1.11	44.08	0.79	19.89	974.79	-1689.24	693.91
Fixation L	1	23	7153812413	7154328310	515897	355.72	283.67	18	20	-1	12.27	12.27
Fixation R	1	22	7153812413	7154328310	515897	355.72	283.67	18	20	-1	12.92	12.92
UserEvent	1	2	7153906578	# Message: UE-mouseclick left x=362 y=274
Saccade L	1	23	7154328310	7154372353	44043	355.24	288.60	379.30	394.34	3.59	232.25	0.27	81.44	10545.84	-8098.66	5131.29
Saccade R	1	23	7154328310	7154372353	44043	355.24	288.60	379.30	394.34	3.59	232.25	0.27	81.44	10545.84	-8098.66	5131.29
Fixation L	1	24	7154372353	7154844303	471950	393.99	411.87	41	34	-1	12.72	12.72
Fixation R	1	23	7154372353	7154844303	471950	393.99	411.87	41	34	-1	13.49	13.49
Saccade L	1	24	7154844303	7154876317	32014	395.61	411.93	431.97	405.38	1.14	90.29	0.38	35.70	3824.84	-3442.87	2047.94
Saccade R	1	24	7154844303	7154876317	32014	395.61	411.93	431.97	405.38	1.14	90.29	0.38	35.70	3824.84	-3442.87	2047.94
Fixation L	1	25	7154876317	7155316327	440010	431.92	397.68	16	19	-1	12.42	12.42
Fixation R	1	24	7154876317	7155316327	440010	431.92	397.68	16	19	-1	12.88	12.88
Saccade L	1	25	7155316327	7155352330	36003	440.28	401.53	387.99	394.07	1.76	123.15	0.33	48.79	5881.87	-4858.00	3098.21
Saccade R	1	25	7155316327	7155352330	36003	440.28	401.53	387.99	394.07	1.76	123.15	0.33	48.79	5881.87	-4858.00	3098.21
Fixation L	1	26	7155352330	7155944211	591881	113.05	112.12	926	830	-1	8.93	8.93
Fixation R	1	25	7155352330	7155440354	88024	382.37	388.58	9	13	-1	12.96	12.96
Fixation R	1	26	7155516259	7155944211	427952	0.00	0.00	0	0	-1	7.41	7.41
