[BeGaze]
Converted from:	D:\Kirillov\Results\ermolova_temp\versh-eye_data.idf
Date:	17.04.2019 03:53:51
Version:	BeGaze 3.0.181
Sample Rate:	250
Subject:	versh
Description:	Run31

Table Header for Fixations:
Event Type	Trial	Number	Start	End	Duration	Location X	Location Y	Dispersion X	Dispersion Y	Plane	Avg. Pupil Size X	Avg. Pupil Size Y

Table Header for Saccades:
Event Type	Trial	Number	Start	End	Duration	Start Loc.X	Start Loc.Y	End Loc.X	End Loc.Y	Amplitude	Peak Speed	Peak Speed At	Average Speed	Peak Accel.	Peak Decel.	Average Accel.

Table Header for User Events:
Event Type	Trial	Number	Start	Description

UserEvent	1	1	8238839882	# Message: experiment-17.jpg
Fixation L	1	1	8238842544	8239314584	472040	339.83	640.37	22	37	-1	13.82	13.82
Fixation R	1	1	8238842544	8239314584	472040	339.83	640.37	22	37	-1	13.45	13.45
Saccade L	1	1	8239314584	8239334564	19980	349.79	636.44	286.60	637.13	0.86	88.25	0.60	43.26	5314.75	1414.45	2780.78
Saccade R	1	1	8239314584	8239334564	19980	349.79	636.44	286.60	637.13	0.86	88.25	0.60	43.26	5314.75	1414.45	2780.78
Fixation R	1	2	8239334564	8239450433	115869	64.02	159.71	364	878	-1	7.86	7.86
Saccade L	1	2	8239586431	8239610427	23996	362.40	718.73	357.61	747.06	0.69	45.07	0.50	28.63	913.70	-1749.97	1033.63
Saccade R	1	2	8239586431	8239610427	23996	362.40	718.73	357.61	747.06	0.69	45.07	0.50	28.63	913.70	-1749.97	1033.63
Fixation L	1	2	8239610427	8239754465	144038	357.14	738.49	15	35	-1	12.96	12.96
Fixation R	1	3	8239610427	8239754465	144038	357.14	738.49	15	35	-1	12.83	12.83
Saccade L	1	3	8239754465	8239786471	32006	351.82	722.23	341.83	644.22	1.73	100.46	0.50	53.96	4860.85	-4299.32	3380.90
Saccade R	1	3	8239754465	8239786471	32006	351.82	722.23	341.83	644.22	1.73	100.46	0.50	53.96	4860.85	-4299.32	3380.90
Fixation L	1	3	8239786471	8239982452	195981	351.77	645.58	24	36	-1	13.28	13.28
Fixation R	1	4	8239786471	8239982452	195981	351.77	645.58	24	36	-1	13.07	13.07
Saccade L	1	4	8239982452	8240022465	40013	358.68	667.86	292.14	704.43	1.65	77.23	0.40	41.30	3256.14	-2564.69	1964.13
Saccade R	1	4	8239982452	8240022465	40013	358.68	667.86	292.14	704.43	1.65	77.23	0.40	41.30	3256.14	-2564.69	1964.13
Fixation L	1	4	8240022465	8240678448	655983	277.66	698.81	47	33	-1	12.52	12.52
Fixation R	1	5	8240022465	8240678448	655983	277.66	698.81	47	33	-1	12.41	12.41
Saccade L	1	5	8240678448	8240710479	32031	267.12	682.93	347.27	705.73	1.69	93.69	0.50	52.82	4092.96	-4317.09	3096.20
Saccade R	1	5	8240678448	8240710479	32031	267.12	682.93	347.27	705.73	1.69	93.69	0.50	52.82	4092.96	-4317.09	3096.20
Fixation L	1	5	8240710479	8240922321	211842	348.40	686.86	44	57	-1	12.41	12.41
Fixation R	1	6	8240710479	8241058344	347865	226.01	462.33	363	710	-1	11.28	11.28
Saccade L	1	6	8240922321	8240958342	36021	319.05	661.01	6.28	0.00	17.63	1187.24	0.67	489.53	46931.56	-52151.09	33575.25
Fixation L	1	6	8240958342	8241058344	100002	1.02	0.00	6	0	-1	5.38	5.38
Fixation L	1	7	8241210369	8241402348	191979	393.09	589.03	37	64	-1	12.79	12.79
Fixation R	1	7	8241210369	8241402348	191979	393.09	589.03	37	64	-1	12.62	12.62
Saccade L	1	7	8241402348	8241454348	52000	401.97	545.95	313.58	706.66	4.13	177.82	0.38	79.33	8126.06	-6491.96	4439.73
Saccade R	1	6	8241402348	8241454348	52000	401.97	545.95	313.58	706.66	4.13	177.82	0.38	79.33	8126.06	-6491.96	4439.73
Fixation L	1	8	8241454348	8241886337	431989	286.83	688.44	37	50	-1	12.96	12.96
Fixation R	1	8	8241454348	8241886337	431989	286.83	688.44	37	50	-1	12.74	12.74
Saccade L	1	8	8241886337	8241914366	28029	283.75	680.05	313.36	662.12	0.78	46.96	0.43	27.96	1716.40	-1005.52	881.28
Saccade R	1	7	8241886337	8241914366	28029	283.75	680.05	313.36	662.12	0.78	46.96	0.43	27.96	1716.40	-1005.52	881.28
Fixation L	1	9	8241914366	8242330385	416019	307.63	649.28	37	24	-1	12.51	12.51
Fixation R	1	9	8241914366	8242330385	416019	307.63	649.28	37	24	-1	12.46	12.46
Saccade L	1	9	8242330385	8242362246	31861	298.43	641.75	360.37	705.87	1.84	104.73	0.37	57.61	4838.80	-4200.99	3316.28
Saccade R	1	8	8242330385	8242362246	31861	298.43	641.75	360.37	705.87	1.84	104.73	0.37	57.61	4838.80	-4200.99	3316.28
Fixation L	1	10	8242362246	8243314233	951987	329.30	613.28	521	705	-1	11.81	11.74
Fixation R	1	10	8242362246	8243186246	824000	369.35	676.64	27	54	-1	12.31	12.31
Fixation L	1	11	8243462265	8243610158	147893	286.86	637.22	9	28	-1	12.70	12.70
Fixation R	1	11	8243462265	8243610158	147893	286.86	637.22	9	28	-1	12.43	12.43
Saccade L	1	10	8243610158	8243650125	39967	290.27	636.70	246.53	781.29	3.29	192.29	0.30	82.40	9039.99	-7881.44	5390.84
Saccade R	1	9	8243610158	8243650125	39967	290.27	636.70	246.53	781.29	3.29	192.29	0.30	82.40	9039.99	-7881.44	5390.84
Fixation L	1	12	8243650125	8244014116	363991	218.70	802.34	44	35	-1	13.05	13.05
Fixation R	1	12	8243650125	8244014116	363991	218.70	802.34	44	35	-1	12.66	12.66
Saccade L	1	11	8244014116	8244046150	32034	232.85	809.18	214.52	720.05	1.89	120.33	0.38	59.02	5401.57	-4846.10	3563.47
Saccade R	1	10	8244014116	8244046150	32034	232.85	809.18	214.52	720.05	1.89	120.33	0.38	59.02	5401.57	-4846.10	3563.47
Fixation L	1	13	8244046150	8244410136	363986	206.12	707.63	16	28	-1	12.18	12.18
Fixation R	1	13	8244046150	8244410136	363986	206.12	707.63	16	28	-1	11.87	11.87
Saccade L	1	12	8244410136	8244494124	83988	212.34	695.24	1221.86	942.21	23.38	485.57	0.43	278.41	20288.98	-17839.84	10312.19
Saccade R	1	11	8244410136	8244494124	83988	212.34	695.24	1221.86	942.21	23.38	485.57	0.43	278.41	20288.98	-17839.84	10312.19
Fixation L	1	14	8244494124	8245178084	683960	1166.71	935.79	100	42	-1	11.76	11.76
Fixation R	1	14	8244494124	8245178084	683960	1166.71	935.79	100	42	-1	12.37	12.37
Saccade L	1	13	8245178084	8245218013	39929	1142.07	905.72	1251.63	915.78	2.37	113.66	0.50	59.30	4786.52	-5106.32	3567.24
Saccade R	1	12	8245178084	8245218013	39929	1142.07	905.72	1251.63	915.78	2.37	113.66	0.50	59.30	4786.52	-5106.32	3567.24
Fixation L	1	15	8245218013	8245558019	340006	1248.66	917.86	19	15	-1	11.73	11.73
Fixation R	1	15	8245218013	8245558019	340006	1248.66	917.86	19	15	-1	12.30	12.30
Saccade L	1	14	8245558019	8245586020	28001	1249.83	920.98	1158.85	933.26	1.92	124.90	0.57	68.43	5758.73	-5692.58	4282.84
Saccade R	1	13	8245558019	8245586020	28001	1249.83	920.98	1158.85	933.26	1.92	124.90	0.57	68.43	5758.73	-5692.58	4282.84
Fixation L	1	16	8245586020	8245774037	188017	1149.29	942.22	24	17	-1	11.98	11.98
Fixation R	1	16	8245586020	8245774037	188017	1149.29	942.22	24	17	-1	12.30	12.30
Saccade L	1	15	8245774037	8245802037	28000	1137.44	937.11	1056.68	930.72	1.67	114.82	0.43	59.54	5018.57	-4546.52	3561.17
Saccade R	1	14	8245774037	8245802037	28000	1137.44	937.11	1056.68	930.72	1.67	114.82	0.43	59.54	5018.57	-4546.52	3561.17
Fixation L	1	17	8245802037	8245974027	171990	1029.86	934.09	149	19	-1	12.15	12.15
Fixation R	1	17	8245802037	8245974027	171990	1029.86	934.09	149	19	-1	12.42	12.42
