[BeGaze]
Converted from:	D:\Kirillov\Results\ermolova_temp\Nastya 06-eye_data.idf
Date:	17.04.2019 03:53:04
Version:	BeGaze 3.0.181
Sample Rate:	250
Subject:	Nastya 06
Description:	Run18

Table Header for Fixations:
Event Type	Trial	Number	Start	End	Duration	Location X	Location Y	Dispersion X	Dispersion Y	Plane	Avg. Pupil Size X	Avg. Pupil Size Y

Table Header for Saccades:
Event Type	Trial	Number	Start	End	Duration	Start Loc.X	Start Loc.Y	End Loc.X	End Loc.Y	Amplitude	Peak Speed	Peak Speed At	Average Speed	Peak Accel.	Peak Decel.	Average Accel.

Table Header for User Events:
Event Type	Trial	Number	Start	Description

UserEvent	1	1	6735962027	# Message: RichText1.jpg
Saccade L	1	1	6736009473	6736049488	40015	381.69	338.40	499.77	302.33	3.08	217.34	0.30	76.90	9545.28	-8284.51	5121.25
Saccade R	1	1	6736009473	6736049488	40015	381.69	338.40	499.77	302.33	3.08	217.34	0.30	76.90	9545.28	-8284.51	5121.25
Fixation L	1	1	6736049488	6736217489	168001	506.12	293.32	11	13	-1	14.00	14.00
Fixation R	1	1	6736049488	6736217489	168001	506.12	293.32	11	13	-1	14.64	14.64
Saccade L	1	2	6736217489	6736261494	44005	508.30	294.02	642.81	381.83	6.28	285.41	0.36	142.79	13709.92	-6965.74	6506.48
Saccade R	1	2	6736217489	6736261494	44005	508.30	294.02	642.81	381.83	6.28	285.41	0.36	142.79	13709.92	-6965.74	6506.48
Saccade L	1	3	6736261494	6736281474	19980	642.81	381.83	735.99	365.84	1.73	176.01	0.40	86.42	435.04	-7177.91	3515.57
Saccade R	1	3	6736261494	6736281474	19980	642.81	381.83	735.99	365.84	1.73	176.01	0.40	86.42	435.04	-7177.91	3515.57
Saccade L	1	4	6736305474	6736337490	32016	736.35	357.65	706.59	391.10	0.93	47.58	0.38	29.06	2138.65	-1265.07	1170.28
Saccade R	1	4	6736305474	6736337490	32016	736.35	357.65	706.59	391.10	0.93	47.58	0.38	29.06	2138.65	-1265.07	1170.28
Fixation L	1	2	6736337490	6736425511	88021	702.28	405.68	7	25	-1	14.37	14.37
Fixation R	1	2	6736337490	6736425511	88021	702.28	405.68	7	25	-1	14.83	14.83
Saccade L	1	5	6736425511	6736461500	35989	707.20	417.49	888.10	392.33	3.91	241.90	0.44	108.67	11406.59	-10606.50	7849.41
Saccade R	1	5	6736425511	6736461500	35989	707.20	417.49	888.10	392.33	3.91	241.90	0.44	108.67	11406.59	-10606.50	7849.41
Fixation L	1	3	6736461500	6736533508	72008	884.54	380.06	6	17	-1	14.46	14.46
Fixation R	1	3	6736461500	6736533508	72008	884.54	380.06	6	17	-1	14.91	14.91
Saccade L	1	6	6736533508	6736673414	139906	882.20	374.86	943.11	439.05	62.01	2114.01	0.29	443.19	69399.48	-77061.35	20255.66
Saccade R	1	6	6736533508	6736673414	139906	882.20	374.86	943.11	439.05	62.01	2114.01	0.29	443.19	69399.48	-77061.35	20255.66
Saccade L	1	7	6736701505	6736737523	36018	935.14	435.51	845.86	522.32	2.64	171.33	0.55	73.31	6994.36	-7187.16	4908.99
Saccade R	1	7	6736701505	6736737523	36018	935.14	435.51	845.86	522.32	2.64	171.33	0.55	73.31	6994.36	-7187.16	4908.99
Fixation L	1	4	6736737523	6736909492	171969	857.72	509.55	20	18	-1	13.92	13.92
Fixation R	1	4	6736737523	6736909492	171969	857.72	509.55	20	18	-1	14.56	14.56
Saccade L	1	8	6736909492	6736941377	31885	862.11	503.92	761.55	536.65	2.29	154.68	0.50	71.98	7226.55	-6640.37	4980.23
Saccade R	1	8	6736909492	6736941377	31885	862.11	503.92	761.55	536.65	2.29	154.68	0.50	71.98	7226.55	-6640.37	4980.23
Fixation L	1	5	6736941377	6737065388	124011	755.39	544.77	15	28	-1	13.69	13.69
Fixation R	1	5	6736941377	6737125366	183989	802.08	540.55	1723	814	-1	13.44	13.44
Saccade L	1	9	6737125366	6737165385	40019	0.00	0.00	-1.14	0.00	24.25	1044.75	0.30	605.93	10956.74	-94770.07	28846.63
Saccade R	1	9	6737125366	6737165385	40019	0.00	0.00	-1.14	0.00	24.25	1044.75	0.30	605.93	10956.74	-94770.07	28846.63
Fixation L	1	6	6737165385	6737553412	388027	-0.06	0.00	1	0	-1	3.58	3.58
Fixation R	1	6	6737165385	6737553412	388027	-0.06	0.00	1	0	-1	9.01	9.01
