[BeGaze]
Converted from:	D:\Kirillov\Results\ermolova_temp\Nikol-eye_data.idf
Date:	17.04.2019 03:54:25
Version:	BeGaze 3.0.181
Sample Rate:	250
Subject:	Nikol
Description:	Run39

Table Header for Fixations:
Event Type	Trial	Number	Start	End	Duration	Location X	Location Y	Dispersion X	Dispersion Y	Plane	Avg. Pupil Size X	Avg. Pupil Size Y

Table Header for Saccades:
Event Type	Trial	Number	Start	End	Duration	Start Loc.X	Start Loc.Y	End Loc.X	End Loc.Y	Amplitude	Peak Speed	Peak Speed At	Average Speed	Peak Accel.	Peak Decel.	Average Accel.

Table Header for User Events:
Event Type	Trial	Number	Start	Description

UserEvent	1	1	8365648701	# Message: experiment-02.jpg
Fixation L	1	1	8365649709	8365981710	332001	685.30	451.29	15	30	-1	13.26	13.26
Fixation R	1	1	8365649709	8365981710	332001	685.30	451.29	15	30	-1	14.94	14.94
Saccade L	1	1	8365981710	8366045714	64004	688.19	447.73	1010.86	409.74	7.80	275.58	0.50	121.93	12185.24	-11192.92	6950.10
Saccade R	1	1	8365981710	8366045714	64004	688.19	447.73	1010.86	409.74	7.80	275.58	0.50	121.93	12185.24	-11192.92	6950.10
Fixation L	1	2	8366045714	8366521596	475882	1006.82	412.33	30	32	-1	12.08	12.08
Fixation R	1	2	8366045714	8366521596	475882	1006.82	412.33	30	32	-1	13.51	13.51
Saccade L	1	2	8366521596	8366585617	64021	1007.23	428.29	307.39	400.81	15.34	425.98	0.31	239.54	20727.54	-15583.41	10456.93
Saccade R	1	2	8366521596	8366585617	64021	1007.23	428.29	307.39	400.81	15.34	425.98	0.31	239.54	20727.54	-15583.41	10456.93
Fixation L	1	3	8366585617	8366757602	171985	289.27	407.90	30	15	-1	11.52	11.52
Fixation R	1	3	8366585617	8366757602	171985	289.27	407.90	30	15	-1	12.89	12.89
Saccade L	1	3	8366757602	8366817609	60007	301.24	409.56	1140.04	433.38	17.99	458.54	0.73	299.75	20821.98	-19801.46	11717.34
Saccade R	1	3	8366757602	8366817609	60007	301.24	409.56	1140.04	433.38	17.99	458.54	0.73	299.75	20821.98	-19801.46	11717.34
Fixation L	1	4	8366849626	8367013624	163998	1090.22	435.83	20	15	-1	11.55	11.55
Fixation R	1	4	8366849626	8367013624	163998	1090.22	435.83	20	15	-1	12.57	12.57
Saccade L	1	4	8367013624	8367049628	36004	1088.00	435.62	1042.47	421.71	1.33	90.77	0.44	36.89	4049.59	-3409.75	2408.85
Saccade R	1	4	8367013624	8367049628	36004	1088.00	435.62	1042.47	421.71	1.33	90.77	0.44	36.89	4049.59	-3409.75	2408.85
Fixation L	1	5	8367049628	8367697627	647999	1021.94	409.96	33	31	-1	11.49	11.49
Fixation R	1	5	8367049628	8367697627	647999	1021.94	409.96	33	31	-1	12.78	12.78
Saccade L	1	5	8367697627	8367765494	67867	1014.79	399.25	455.95	342.10	12.36	359.85	0.29	182.13	17150.30	-9078.34	8503.29
Saccade R	1	5	8367697627	8367765494	67867	1014.79	399.25	455.95	342.10	12.36	359.85	0.29	182.13	17150.30	-9078.34	8503.29
Fixation L	1	6	8367765494	8368021536	256042	450.21	350.19	16	21	-1	11.47	11.47
Fixation R	1	6	8367765494	8368021536	256042	450.21	350.19	16	21	-1	12.82	12.82
Saccade L	1	6	8368021536	8368061503	39967	448.47	348.50	400.80	478.35	3.23	190.78	0.50	80.84	8194.60	-8278.87	5481.91
Saccade R	1	6	8368021536	8368061503	39967	448.47	348.50	400.80	478.35	3.23	190.78	0.50	80.84	8194.60	-8278.87	5481.91
Fixation L	1	7	8368061503	8368241507	180004	252.93	327.90	400	648	-1	10.21	10.21
Fixation R	1	7	8368061503	8368161543	100040	385.59	489.50	20	33	-1	13.13	13.13
Saccade R	1	7	8368161543	8368189526	27983	387.66	503.92	0.00	0.00	13.71	1292.90	0.57	490.08	52379.14	-54589.60	38045.89
Fixation R	1	8	8368189526	8368241507	51981	0.00	0.00	0	0	-1	11.22	11.22
Fixation L	1	8	8368305522	8368465514	159992	1038.61	560.38	19	27	-1	12.09	12.09
Fixation R	1	9	8368305522	8368465514	159992	1038.61	560.38	19	27	-1	13.69	13.69
Saccade L	1	7	8368465514	8368489517	24003	1046.94	545.00	1014.47	529.37	0.87	74.35	0.50	36.41	2952.40	-2883.01	2133.64
Saccade R	1	8	8368465514	8368489517	24003	1046.94	545.00	1014.47	529.37	0.87	74.35	0.50	36.41	2952.40	-2883.01	2133.64
Fixation L	1	9	8368489517	8368993536	504019	1004.92	515.53	33	33	-1	12.31	12.31
Fixation R	1	10	8368489517	8368993536	504019	1004.92	515.53	33	33	-1	13.82	13.82
Saccade L	1	8	8368993536	8369057524	63988	1025.70	533.30	376.21	459.23	14.26	435.67	0.25	222.79	21467.74	-12169.15	9864.65
Saccade R	1	9	8368993536	8369057524	63988	1025.70	533.30	376.21	459.23	14.26	435.67	0.25	222.79	21467.74	-12169.15	9864.65
Fixation L	1	10	8369057524	8369421446	363922	369.33	466.00	25	29	-1	11.94	11.94
Fixation R	1	11	8369057524	8369421446	363922	369.33	466.00	25	29	-1	13.50	13.50
Saccade L	1	9	8369421446	8369465410	43964	378.47	470.66	297.46	438.20	2.44	159.37	0.36	55.42	6936.06	-5823.76	3674.60
Saccade R	1	10	8369421446	8369465410	43964	378.47	470.66	297.46	438.20	2.44	159.37	0.36	55.42	6936.06	-5823.76	3674.60
Fixation L	1	11	8369465410	8369573433	108023	291.07	437.68	12	8	-1	11.99	11.99
Fixation R	1	12	8369465410	8369573433	108023	291.07	437.68	12	8	-1	13.67	13.67
Saccade R	1	11	8369573433	8369613424	39991	296.39	436.70	0.16	0.00	15.33	1189.15	0.70	383.39	43720.48	-49646.00	27825.33
Fixation R	1	13	8369613424	8370061425	448001	795.57	353.92	1012	1133	-1	13.10	13.10
Fixation L	1	12	8369769373	8370061425	292052	992.21	418.86	42	44	-1	12.02	12.02
Saccade L	1	10	8370061425	8370089444	28019	1000.49	434.09	1106.81	430.07	2.16	167.82	0.57	77.08	7754.00	-7395.74	5558.36
Saccade R	1	12	8370061425	8370089444	28019	1000.49	434.09	1106.81	430.07	2.16	167.82	0.57	77.08	7754.00	-7395.74	5558.36
Fixation L	1	13	8370089444	8370317447	228003	1100.43	413.03	11	21	-1	12.03	12.03
Fixation R	1	14	8370089444	8370317447	228003	1100.43	413.03	11	21	-1	13.82	13.82
Saccade L	1	11	8370317447	8370353429	35982	1109.49	416.96	925.89	413.97	3.76	250.83	0.44	104.37	11411.08	-10951.80	7828.94
Saccade R	1	13	8370317447	8370353429	35982	1109.49	416.96	925.89	413.97	3.76	250.83	0.44	104.37	11411.08	-10951.80	7828.94
Fixation L	1	14	8370353429	8370541455	188026	928.65	421.30	9	20	-1	11.98	11.98
Fixation R	1	15	8370353429	8370541455	188026	928.65	421.30	9	20	-1	13.51	13.51
Saccade L	1	12	8370541455	8370585319	43864	933.65	409.36	1176.24	401.96	5.12	287.56	0.27	116.63	13896.76	-10246.11	7403.81
Saccade R	1	14	8370541455	8370585319	43864	933.65	409.36	1176.24	401.96	5.12	287.56	0.27	116.63	13896.76	-10246.11	7403.81
Fixation L	1	15	8370585319	8370857320	272001	1174.32	403.56	14	19	-1	11.77	11.77
Fixation R	1	16	8370585319	8370857320	272001	1174.32	403.56	14	19	-1	13.46	13.46
Saccade L	1	13	8370857320	8370885339	28019	1177.23	398.97	1245.75	409.47	1.41	102.22	0.43	50.32	4827.81	-4679.17	3489.49
Saccade R	1	15	8370857320	8370885339	28019	1177.23	398.97	1245.75	409.47	1.41	102.22	0.43	50.32	4827.81	-4679.17	3489.49
Fixation L	1	16	8370885339	8370977327	91988	1251.21	414.56	16	10	-1	11.95	11.95
Fixation R	1	17	8370885339	8370977327	91988	1251.21	414.56	16	10	-1	13.52	13.52
Saccade L	1	14	8370977327	8371053355	76028	1255.71	421.39	423.71	352.77	18.42	432.58	0.26	242.22	21273.57	-16051.40	9033.60
Saccade R	1	16	8370977327	8371053355	76028	1255.71	421.39	423.71	352.77	18.42	432.58	0.26	242.22	21273.57	-16051.40	9033.60
Fixation L	1	17	8371053355	8371473360	420005	389.72	372.27	54	52	-1	11.92	11.92
Fixation R	1	18	8371053355	8371473360	420005	389.72	372.27	54	52	-1	13.48	13.48
Saccade L	1	15	8371473360	8371541345	67985	368.05	390.15	1190.35	444.90	17.93	424.13	0.53	263.80	16469.32	-16415.93	9591.25
Saccade R	1	17	8371473360	8371541345	67985	368.05	390.15	1190.35	444.90	17.93	424.13	0.53	263.80	16469.32	-16415.93	9591.25
Saccade L	1	16	8371541345	8371573330	31985	1190.35	444.90	1168.94	456.78	1.50	106.89	0.25	46.93	104.59	-8566.34	2718.12
Saccade R	1	18	8371541345	8371573330	31985	1190.35	444.90	1168.94	456.78	1.50	106.89	0.25	46.93	104.59	-8566.34	2718.12
Fixation L	1	18	8371573330	8371733333	160003	1159.81	447.61	12	18	-1	12.01	12.01
Fixation R	1	19	8371573330	8371733333	160003	1159.81	447.61	12	18	-1	13.27	13.27
Saccade L	1	17	8371733333	8371781334	48001	1156.75	455.76	977.79	426.13	4.24	182.93	0.42	88.23	8574.38	-8026.03	5383.18
Saccade R	1	19	8371733333	8371781334	48001	1156.75	455.76	977.79	426.13	4.24	182.93	0.42	88.23	8574.38	-8026.03	5383.18
Fixation L	1	19	8371781334	8371893368	112034	961.49	419.15	22	10	-1	11.87	11.87
Fixation R	1	20	8371781334	8371893368	112034	961.49	419.15	22	10	-1	13.31	13.31
Saccade L	1	18	8371893368	8371937241	43873	961.71	419.79	1135.90	429.02	4.45	307.73	0.36	101.54	13877.61	-12793.89	7683.08
Saccade R	1	20	8371893368	8371937241	43873	961.71	419.79	1135.90	429.02	4.45	307.73	0.36	101.54	13877.61	-12793.89	7683.08
Fixation L	1	20	8371937241	8372261226	323985	1148.76	423.97	23	46	-1	11.74	11.74
Fixation R	1	21	8371937241	8372261226	323985	1148.76	423.97	23	46	-1	13.29	13.29
Saccade L	1	19	8372261226	8372337224	75998	1144.81	400.51	1048.14	572.64	8.46	313.22	0.21	111.32	14147.63	-9427.35	5416.14
Saccade R	1	21	8372261226	8372337224	75998	1144.81	400.51	1048.14	572.64	8.46	313.22	0.21	111.32	14147.63	-9427.35	5416.14
Fixation L	1	21	8372337224	8372501225	164001	1033.27	585.20	24	32	-1	11.79	11.79
Fixation R	1	22	8372337224	8372501225	164001	1033.27	585.20	24	32	-1	13.30	13.30
Saccade L	1	20	8372501225	8372525245	24020	1045.66	576.10	1020.67	611.95	0.87	59.59	0.50	36.03	2491.21	-2044.20	1664.82
Saccade R	1	22	8372501225	8372525245	24020	1045.66	576.10	1020.67	611.95	0.87	59.59	0.50	36.03	2491.21	-2044.20	1664.82
Fixation L	1	22	8372525245	8372753251	228006	995.88	619.54	34	14	-1	11.66	11.66
Fixation R	1	23	8372525245	8372753251	228006	995.88	619.54	34	14	-1	13.33	13.33
Saccade L	1	21	8372753251	8372789232	35981	996.65	628.51	996.54	381.70	4.96	286.68	0.44	137.92	13337.77	-12085.44	9158.82
Saccade R	1	23	8372753251	8372789232	35981	996.65	628.51	996.54	381.70	4.96	286.68	0.44	137.92	13337.77	-12085.44	9158.82
Saccade L	1	22	8372789232	8372809240	20008	996.54	381.70	996.98	415.24	0.53	53.35	0.40	26.61	-719.88	-5158.44	2223.77
Saccade R	1	24	8372789232	8372809240	20008	996.54	381.70	996.98	415.24	0.53	53.35	0.40	26.61	-719.88	-5158.44	2223.77
Fixation L	1	23	8372809240	8372977231	167991	1006.46	404.87	18	17	-1	11.85	11.85
Fixation R	1	24	8372809240	8372977231	167991	1006.46	404.87	18	17	-1	13.33	13.33
Saccade L	1	23	8372977231	8373021237	44006	1016.73	402.39	913.82	412.22	2.99	198.91	0.27	67.90	9534.79	-8580.39	4959.04
Saccade R	1	25	8372977231	8373021237	44006	1016.73	402.39	913.82	412.22	2.99	198.91	0.27	67.90	9534.79	-8580.39	4959.04
Fixation L	1	24	8373021237	8373137260	116023	916.29	419.94	10	13	-1	11.84	11.84
Fixation R	1	25	8373021237	8373137260	116023	916.29	419.94	10	13	-1	13.27	13.27
Fixation L	1	25	8373201251	8374073146	871895	0.00	0.00	0	0	-1	11.21	11.21
Fixation R	1	26	8373201251	8374073146	871895	0.00	0.00	0	0	-1	13.65	13.65
Fixation L	1	26	8374153145	8374293154	140009	849.99	746.67	29	33	-1	12.85	12.85
Fixation R	1	27	8374153145	8374293154	140009	849.99	746.67	29	33	-1	15.13	15.13
Saccade L	1	24	8374293154	8374333162	40008	836.23	755.52	964.07	535.45	5.30	356.79	0.40	132.52	17072.98	-16438.78	10156.59
Saccade R	1	26	8374293154	8374333162	40008	836.23	755.52	964.07	535.45	5.30	356.79	0.40	132.52	17072.98	-16438.78	10156.59
Fixation L	1	27	8374333162	8374497169	164007	982.47	538.07	31	20	-1	12.66	12.66
Fixation R	1	28	8374333162	8374497169	164007	982.47	538.07	31	20	-1	14.92	14.92
Saccade L	1	25	8374497169	8374529142	31973	987.11	544.31	946.47	428.02	2.51	172.92	0.50	78.64	8258.33	-8276.32	5886.75
Saccade R	1	27	8374497169	8374529142	31973	987.11	544.31	946.47	428.02	2.51	172.92	0.50	78.64	8258.33	-8276.32	5886.75
Fixation L	1	28	8374529142	8375161069	631927	934.94	415.68	31	39	-1	12.31	12.31
Fixation R	1	29	8374529142	8375161069	631927	934.94	415.68	31	39	-1	14.14	14.14
UserEvent	1	2	8374652881	# Message: UE-keypress D1
Fixation L	1	29	8375317040	8375837047	520007	933.17	449.64	54	28	-1	12.17	12.17
Fixation R	1	30	8375317040	8375837047	520007	933.17	449.64	54	28	-1	13.87	13.87
Saccade L	1	26	8375837047	8375885072	48025	923.07	436.24	0.00	0.00	39.32	2853.69	0.75	818.64	85067.36	-120537.08	53859.33
Saccade R	1	28	8375837047	8375885072	48025	923.07	436.24	0.00	0.00	39.32	2853.69	0.75	818.64	85067.36	-120537.08	53859.33
Fixation L	1	30	8375885072	8376452955	567883	0.00	0.00	0	0	-1	11.03	11.03
Fixation R	1	31	8375885072	8376452955	567883	0.00	0.00	0	0	-1	12.48	12.48
Saccade L	1	27	8376452955	8376500954	47999	0.00	0.00	721.72	437.82	25.50	1665.91	0.25	531.19	72367.07	-60468.46	35228.38
Saccade R	1	29	8376452955	8376500954	47999	0.00	0.00	721.72	437.82	25.50	1665.91	0.25	531.19	72367.07	-60468.46	35228.38
Saccade L	1	28	8376500954	8376528941	27987	721.72	437.82	585.54	445.80	3.09	204.16	0.57	110.48	6505.30	-9573.75	5579.67
Saccade R	1	30	8376500954	8376528941	27987	721.72	437.82	585.54	445.80	3.09	204.16	0.57	110.48	6505.30	-9573.75	5579.67
Fixation L	1	31	8376528941	8376688962	160021	562.78	443.35	32	17	-1	12.97	12.97
Fixation R	1	32	8376528941	8376688962	160021	562.78	443.35	32	17	-1	14.62	14.62
Saccade L	1	29	8376688962	8376736951	47989	556.23	436.37	343.80	453.19	5.53	323.05	0.33	115.20	15572.42	-14326.02	8119.14
Saccade R	1	31	8376688962	8376736951	47989	556.23	436.37	343.80	453.19	5.53	323.05	0.33	115.20	15572.42	-14326.02	8119.14
Fixation L	1	32	8376736951	8378348859	1611908	35.98	52.00	421	810	-1	13.04	13.04
Fixation R	1	33	8376736951	8378348859	1611908	35.98	52.00	421	810	-1	14.82	14.82
Fixation L	1	33	8378456898	8378592889	135991	1070.53	615.20	50	29	-1	14.33	14.33
Fixation R	1	34	8378456898	8378592889	135991	1070.53	615.20	50	29	-1	16.10	16.10
Saccade L	1	30	8378592889	8378616888	23999	1068.11	613.05	927.54	609.71	2.91	266.57	0.50	121.13	11400.55	-9641.06	7855.67
Saccade R	1	32	8378592889	8378616888	23999	1068.11	613.05	927.54	609.71	2.91	266.57	0.50	121.13	11400.55	-9641.06	7855.67
Fixation L	1	34	8378616888	8378824868	207980	974.15	592.22	70	50	-1	14.01	14.01
Fixation R	1	35	8378616888	8378824868	207980	974.15	592.22	70	50	-1	15.87	15.87
Saccade L	1	31	8378824868	8378876870	52002	999.49	589.17	953.74	433.53	3.77	204.85	0.31	72.58	9362.40	-8414.89	4610.16
Saccade R	1	33	8378824868	8378876870	52002	999.49	589.17	953.74	433.53	3.77	204.85	0.31	72.58	9362.40	-8414.89	4610.16
Fixation L	1	35	8378876870	8379088743	211873	942.53	429.30	16	27	-1	12.85	12.85
Fixation R	1	36	8378876870	8379088743	211873	942.53	429.30	16	27	-1	14.43	14.43
Saccade R	1	34	8379088743	8379120777	32034	935.09	414.30	0.00	0.00	22.54	1924.57	0.62	703.51	79207.69	-80781.99	55162.59
Fixation R	1	37	8379120777	8379200757	79980	0.00	0.00	0	0	-1	9.30	9.30
Fixation L	1	36	8379268762	8380380802	1112040	930.84	419.81	38	63	-1	12.16	12.16
Fixation R	1	38	8379268762	8380443119	1174357	900.79	409.57	945	1079	-1	13.51	13.51
Fixation R	1	39	8380472657	8380728654	255997	781.08	457.61	901	1030	-1	12.48	12.48
Fixation L	1	37	8380544651	8380728654	184003	871.23	486.66	29	40	-1	11.85	11.85
Saccade L	1	32	8380728654	8380776652	47998	860.16	478.55	0.00	0.00	35.55	2521.92	0.75	740.64	75429.26	-106473.77	48323.84
Saccade R	1	35	8380728654	8380776652	47998	860.16	478.55	0.00	0.00	35.55	2521.92	0.75	740.64	75429.26	-106473.77	48323.84
Fixation L	1	38	8380776652	8381836559	1059907	0.00	0.00	0	0	-1	12.28	12.28
Fixation R	1	40	8380776652	8381836559	1059907	0.00	0.00	0	0	-1	14.08	14.08
Fixation L	1	39	8381936555	8382308563	372008	832.31	347.44	1374	624	-1	12.05	12.05
Fixation R	1	41	8381936555	8382208574	272019	1032.46	428.74	82	36	-1	15.78	15.78
Saccade L	1	33	8382308563	8382380574	72011	0.00	0.00	913.06	451.07	26.05	1151.30	0.39	361.75	48580.59	-51199.37	15863.15
Fixation L	1	40	8382380574	8382532565	151991	898.60	436.74	34	25	-1	12.80	12.80
Fixation R	1	42	8382380574	8382532565	151991	898.60	436.74	34	25	-1	15.00	15.00
Saccade L	1	34	8382532565	8382552582	20017	882.03	429.05	930.17	428.69	0.94	85.83	0.60	47.01	3596.16	-3627.40	2538.95
Saccade R	1	36	8382532565	8382552582	20017	882.03	429.05	930.17	428.69	0.94	85.83	0.60	47.01	3596.16	-3627.40	2538.95
Fixation L	1	41	8382552582	8383028580	475998	919.55	433.73	39	35	-1	12.62	12.62
Fixation R	1	43	8382552582	8383028580	475998	919.55	433.73	39	35	-1	14.73	14.73
Saccade L	1	35	8383044594	8383068587	23993	922.17	434.99	939.11	425.19	0.88	69.41	0.50	36.77	80807.47	220.62	21278.48
Saccade R	1	37	8383044594	8383068587	23993	922.17	434.99	939.11	425.19	0.88	69.41	0.50	36.77	80807.47	220.62	21278.48
Saccade L	1	36	8383068587	8383093061	24474	939.11	425.19	0.00	0.00	21.20	2009.07	0.49	866.04	81382.69	-84965.16	62537.08
Saccade R	1	38	8383068587	8383093061	24474	939.11	425.19	0.00	0.00	21.20	2009.07	0.49	866.04	81382.69	-84965.16	62537.08
Saccade L	1	37	8383141939	8383192610	50671	0.00	0.00	940.73	378.37	23.30	1905.55	0.31	459.84	79425.59	-76857.59	37073.90
Saccade R	1	39	8383141939	8383192610	50671	0.00	0.00	940.73	378.37	23.30	1905.55	0.31	459.84	79425.59	-76857.59	37073.90
Saccade L	1	38	8383220591	8383246482	25891	942.65	364.85	0.00	0.00	21.55	1937.02	0.46	832.52	79789.32	-80814.38	60666.27
Saccade R	1	40	8383220591	8383246482	25891	942.65	364.85	0.00	0.00	21.55	1937.02	0.46	832.52	79789.32	-80814.38	60666.27
Fixation L	1	42	8383246482	8383426253	179771	0.00	0.00	0	0	-1	9.46	9.46
Fixation R	1	44	8383246482	8383426253	179771	0.00	0.00	0	0	-1	10.97	10.97
Saccade L	1	39	8383426253	8383476483	50230	0.00	0.00	959.47	605.34	42.67	2937.69	0.30	849.47	123703.51	-100948.66	54012.29
Saccade R	1	41	8383426253	8383476483	50230	0.00	0.00	959.47	605.34	42.67	2937.69	0.30	849.47	123703.51	-100948.66	54012.29
Fixation L	1	43	8383536473	8383624485	88012	996.47	558.84	34	34	-1	12.07	12.07
Fixation R	1	45	8383536473	8383624485	88012	996.47	558.84	34	34	-1	13.66	13.66
Saccade L	1	40	8383680482	8383716468	35986	1023.80	494.44	1016.18	494.91	1.80	108.04	0.33	50.08	3285.47	-2582.63	1823.16
Saccade R	1	42	8383680482	8383716468	35986	1023.80	494.44	1016.18	494.91	1.80	108.04	0.33	50.08	3285.47	-2582.63	1823.16
Fixation L	1	44	8383716468	8384208496	492028	1016.73	498.75	29	28	-1	12.50	12.50
Fixation R	1	46	8383716468	8384208496	492028	1016.73	498.75	29	28	-1	13.95	13.95
Saccade L	1	41	8384208496	8384244481	35985	1017.89	493.81	960.30	415.44	2.35	149.09	0.56	65.24	6531.18	-6610.11	4470.38
Saccade R	1	43	8384208496	8384244481	35985	1017.89	493.81	960.30	415.44	2.35	149.09	0.56	65.24	6531.18	-6610.11	4470.38
Fixation L	1	45	8384244481	8384388501	144020	955.28	419.38	16	10	-1	12.50	12.50
Fixation R	1	47	8384244481	8384388501	144020	955.28	419.38	16	10	-1	14.13	14.13
Saccade L	1	42	8384388501	8384420486	31985	940.67	427.83	0.00	0.00	21.59	1900.22	0.63	674.89	82309.68	-83363.74	56331.51
Fixation L	1	46	8384420486	8385096384	675898	821.66	375.09	1260	804	-1	12.17	12.17
Fixation R	1	48	8384568516	8385096384	527868	923.18	416.41	25	21	-1	14.42	14.42
Saccade L	1	43	8385096384	8385140375	43991	924.84	419.09	958.17	520.90	3.02	178.71	0.36	68.76	8288.48	-7316.98	4722.99
Saccade R	1	44	8385096384	8385140375	43991	924.84	419.09	958.17	520.90	3.02	178.71	0.36	68.76	8288.48	-7316.98	4722.99
Fixation L	1	47	8385140375	8385560396	420021	933.75	536.52	51	29	-1	12.51	12.51
Fixation R	1	49	8385140375	8385560396	420021	933.75	536.52	51	29	-1	13.94	13.94
Fixation L	1	48	8385736386	8385880392	144006	989.97	430.35	21	9	-1	12.22	12.22
Fixation R	1	50	8385736386	8385880392	144006	989.97	430.35	21	9	-1	13.40	13.40
Fixation L	1	49	8385896406	8386412293	515887	1012.63	423.77	40	28	-1	12.09	12.09
Fixation R	1	51	8385896406	8386412293	515887	1012.63	423.77	40	28	-1	13.45	13.45
Saccade L	1	44	8386412293	8386440291	27998	998.62	414.37	933.24	413.25	1.31	99.96	0.43	46.68	4436.09	-4538.07	3314.69
Saccade R	1	45	8386412293	8386440291	27998	998.62	414.37	933.24	413.25	1.31	99.96	0.43	46.68	4436.09	-4538.07	3314.69
Fixation L	1	50	8386440291	8386580280	139989	932.10	417.36	10	12	-1	12.12	12.12
Fixation R	1	52	8386440291	8386580280	139989	932.10	417.36	10	12	-1	13.54	13.54
Saccade R	1	46	8386580280	8386612297	32017	926.41	411.84	0.00	0.00	23.93	2089.36	0.62	747.31	84142.94	-89225.69	58411.79
Fixation R	1	53	8386612297	8386667707	55410	0.00	0.00	0	0	-1	11.42	11.42
Fixation L	1	51	8386732287	8387296302	564015	1261.54	677.46	55	26	-1	12.49	12.49
Fixation R	1	54	8386732287	8387408329	676042	1105.95	595.47	1453	886	-1	12.91	12.91
Fixation L	1	52	8387492302	8387772195	279893	1476.55	626.73	20	30	-1	12.67	12.67
Fixation R	1	55	8387492302	8387772195	279893	1476.55	626.73	20	30	-1	14.37	14.37
Saccade L	1	45	8387772195	8387848195	76000	1476.81	612.05	1812.17	721.03	33.82	1281.86	0.53	444.96	43442.29	-65067.10	29432.08
Saccade R	1	47	8387772195	8387848195	76000	1476.81	612.05	1812.17	721.03	33.82	1281.86	0.53	444.96	43442.29	-65067.10	29432.08
Fixation L	1	53	8387848195	8387928190	79995	1818.24	722.10	12	34	-1	12.59	12.59
Fixation R	1	56	8387848195	8387928190	79995	1818.24	722.10	12	34	-1	14.38	14.38
Saccade L	1	46	8388008188	8388072204	64016	1826.06	727.11	1107.64	470.99	16.73	554.19	0.31	261.26	25855.54	-17091.57	13592.29
Saccade R	1	48	8388008188	8388072204	64016	1826.06	727.11	1107.64	470.99	16.73	554.19	0.31	261.26	25855.54	-17091.57	13592.29
Fixation L	1	54	8388072204	8388272214	200010	1086.38	459.39	35	24	-1	12.87	12.87
Fixation R	1	57	8388072204	8388272214	200010	1086.38	459.39	35	24	-1	14.24	14.24
Saccade L	1	47	8388272214	8388312230	40016	1072.96	460.75	979.60	451.19	2.43	158.79	0.40	60.67	7433.91	-6668.79	4281.59
Saccade R	1	49	8388272214	8388312230	40016	1072.96	460.75	979.60	451.19	2.43	158.79	0.40	60.67	7433.91	-6668.79	4281.59
Fixation L	1	55	8388312230	8388828216	515986	989.89	433.27	46	36	-1	12.56	12.56
Fixation R	1	58	8388312230	8388828216	515986	989.89	433.27	46	36	-1	14.16	14.16
Saccade R	1	50	8388828216	8388868211	39995	1003.34	425.14	0.00	0.00	26.33	2158.37	0.70	658.33	88250.55	-89297.58	52228.69
Fixation R	1	59	8388868211	8388972110	103899	303.45	182.10	1124	1138	-1	10.03	10.03
Saccade L	1	48	8388972110	8389024082	51972	848.64	394.56	970.95	400.06	2.62	119.50	0.31	50.40	4966.88	-4632.81	2766.44
Saccade R	1	51	8388972110	8389024082	51972	848.64	394.56	970.95	400.06	2.62	119.50	0.31	50.40	4966.88	-4632.81	2766.44
Fixation L	1	56	8389024082	8389124101	100019	979.03	406.95	13	13	-1	12.97	12.97
Fixation R	1	60	8389024082	8389124101	100019	979.03	406.95	13	13	-1	14.55	14.55
Saccade L	1	49	8389124101	8389144109	20008	973.55	408.91	969.82	454.23	0.63	54.65	0.60	31.60	2463.67	810.83	1560.88
Saccade R	1	52	8389124101	8389144109	20008	973.55	408.91	969.82	454.23	0.63	54.65	0.60	31.60	2463.67	810.83	1560.88
Saccade L	1	50	8389144109	8389168090	23981	969.82	454.23	1007.83	418.72	0.91	76.13	0.33	37.77	810.83	-2947.09	1352.25
Saccade R	1	53	8389144109	8389168090	23981	969.82	454.23	1007.83	418.72	0.91	76.13	0.33	37.77	810.83	-2947.09	1352.25
Fixation L	1	57	8389168090	8389484105	316015	1008.35	421.93	20	29	-1	12.98	12.98
Fixation R	1	61	8389168090	8389484105	316015	1008.35	421.93	20	29	-1	14.71	14.71
Saccade L	1	51	8389484105	8389548100	63995	1003.94	418.69	360.01	413.05	14.24	401.37	0.25	222.52	19187.03	-12058.38	9506.38
Saccade R	1	54	8389484105	8389548100	63995	1003.94	418.69	360.01	413.05	14.24	401.37	0.25	222.52	19187.03	-12058.38	9506.38
Fixation L	1	58	8389548100	8389760106	212006	352.49	422.47	17	22	-1	12.40	12.40
Fixation R	1	62	8389548100	8389760106	212006	352.49	422.47	17	22	-1	14.03	14.03
Saccade L	1	52	8389760106	8389820108	60002	356.06	428.11	1005.46	444.08	14.26	472.63	0.33	237.64	22767.71	-15488.84	12089.46
Saccade R	1	55	8389760106	8389820108	60002	356.06	428.11	1005.46	444.08	14.26	472.63	0.33	237.64	22767.71	-15488.84	12089.46
Fixation L	1	59	8389820108	8390200124	380016	824.98	360.85	1035	515	-1	11.11	11.11
Fixation R	1	63	8389820108	8390100120	280012	1013.19	440.81	49	36	-1	13.71	13.71
Saccade R	1	56	8390100120	8390136131	36011	991.66	420.60	0.00	0.00	23.46	2027.50	0.67	651.47	86726.79	-88121.80	54017.82
Fixation R	1	64	8390136131	8391012015	875884	928.38	384.00	1299	816	-1	13.56	13.56
Fixation L	1	60	8390300111	8391012015	711904	1015.46	416.89	51	46	-1	12.47	12.47
Saccade R	1	57	8391012015	8391044004	31989	1030.44	421.70	0.00	0.00	23.42	2016.93	0.63	732.02	85930.05	-86143.16	59278.50
Fixation R	1	65	8391044004	8391656020	612016	890.50	367.23	1193	1128	-1	13.25	13.25
Fixation L	1	61	8391200015	8391656020	456005	1035.32	416.50	40	33	-1	12.45	12.45
Saccade L	1	53	8391656020	8391684015	27995	1019.50	420.16	1002.96	562.55	2.84	208.15	0.57	101.42	9507.02	-9106.99	6972.38
Saccade R	1	58	8391656020	8391684015	27995	1019.50	420.16	1002.96	562.55	2.84	208.15	0.57	101.42	9507.02	-9106.99	6972.38
Fixation L	1	62	8391684015	8391979907	295892	986.97	555.26	23	13	-1	12.59	12.59
Fixation R	1	66	8391684015	8391979907	295892	986.97	555.26	23	13	-1	14.45	14.45
Saccade L	1	54	8391979907	8392019918	40011	993.31	562.53	937.73	525.31	1.67	98.48	0.30	41.71	4369.19	-3232.93	2218.62
Saccade R	1	59	8391979907	8392019918	40011	993.31	562.53	937.73	525.31	1.67	98.48	0.30	41.71	4369.19	-3232.93	2218.62
Fixation L	1	63	8392019918	8392151941	132023	929.08	517.87	13	10	-1	12.35	12.35
Fixation R	1	67	8392019918	8392151941	132023	929.08	517.87	13	10	-1	13.92	13.92
Saccade L	1	55	8392151941	8392175902	23961	927.57	522.07	939.54	585.83	1.40	119.89	0.50	58.34	5449.95	-4953.55	3686.36
Saccade R	1	60	8392151941	8392175902	23961	927.57	522.07	939.54	585.83	1.40	119.89	0.50	58.34	5449.95	-4953.55	3686.36
Fixation L	1	64	8392175902	8392327923	152021	944.97	605.11	11	42	-1	12.35	12.35
Fixation R	1	68	8392175902	8392327923	152021	944.97	605.11	11	42	-1	13.89	13.89
Saccade L	1	56	8392327923	8392359911	31988	946.96	622.08	1033.36	630.28	2.21	178.01	0.37	69.22	7614.81	-6968.69	4807.99
Saccade R	1	61	8392327923	8392359911	31988	946.96	622.08	1033.36	630.28	2.21	178.01	0.37	69.22	7614.81	-6968.69	4807.99
Fixation L	1	65	8392359911	8392647937	288026	1029.06	618.99	21	37	-1	12.18	12.18
Fixation R	1	69	8392359911	8392751925	392014	827.51	502.25	1271	1087	-1	12.39	12.37
Fixation L	1	66	8392819826	8392931861	112035	1170.46	626.82	26	14	-1	11.76	11.76
Fixation R	1	70	8392819826	8392931861	112035	1170.46	626.82	26	14	-1	13.01	13.01
Saccade L	1	57	8392931861	8392999937	68076	1170.94	636.16	309.45	497.40	19.14	468.35	0.29	281.20	22300.99	-15353.88	10833.51
Saccade R	1	62	8392931861	8392999937	68076	1170.94	636.16	309.45	497.40	19.14	468.35	0.29	281.20	22300.99	-15353.88	10833.51
Fixation L	1	67	8392999937	8393183796	183859	301.37	501.69	35	21	-1	11.71	11.71
Fixation R	1	71	8392999937	8393183796	183859	301.37	501.69	35	21	-1	12.99	12.99
Saccade L	1	58	8393183796	8393223829	40033	295.73	508.72	410.90	473.63	2.84	192.96	0.40	70.93	8682.35	-8108.61	5262.01
Saccade R	1	63	8393183796	8393223829	40033	295.73	508.72	410.90	473.63	2.84	192.96	0.40	70.93	8682.35	-8108.61	5262.01
Fixation L	1	68	8393223829	8393523813	299984	419.46	466.83	13	11	-1	11.43	11.43
Fixation R	1	72	8393223829	8393523813	299984	419.46	466.83	13	11	-1	12.96	12.96
Saccade L	1	59	8393523813	8393587829	64016	416.93	474.82	1078.11	545.22	14.93	400.61	0.31	233.17	19480.41	-17576.62	10478.19
Saccade R	1	64	8393523813	8393587829	64016	416.93	474.82	1078.11	545.22	14.93	400.61	0.31	233.17	19480.41	-17576.62	10478.19
Saccade L	1	60	8393587829	8393615809	27980	1078.11	545.22	1108.81	565.52	0.80	52.33	0.43	28.67	972.14	-2828.36	1331.99
Saccade R	1	65	8393587829	8393615809	27980	1078.11	545.22	1108.81	565.52	0.80	52.33	0.43	28.67	972.14	-2828.36	1331.99
Fixation L	1	69	8393615809	8393755813	140004	1112.25	556.65	15	23	-1	11.20	11.20
Fixation R	1	73	8393615809	8393755813	140004	1112.25	556.65	15	23	-1	12.89	12.89
Saccade L	1	61	8393755813	8393783833	28020	1110.90	543.44	1028.14	520.70	1.89	144.37	0.57	67.54	6291.86	-6029.91	4536.46
Saccade R	1	66	8393755813	8393783833	28020	1110.90	543.44	1028.14	520.70	1.89	144.37	0.57	67.54	6291.86	-6029.91	4536.46
Fixation L	1	70	8393783833	8394063829	279996	1033.72	495.65	19	36	-1	11.20	11.20
Fixation R	1	74	8393783833	8394063829	279996	1033.72	495.65	19	36	-1	12.75	12.75
Saccade L	1	62	8394063829	8394095838	32009	1041.88	485.90	1025.07	385.55	2.07	142.83	0.50	64.68	6723.62	-5980.32	4550.36
Saccade R	1	67	8394063829	8394095838	32009	1041.88	485.90	1025.07	385.55	2.07	142.83	0.50	64.68	6723.62	-5980.32	4550.36
Fixation L	1	71	8394095838	8394283850	188012	1014.72	382.96	15	8	-1	11.19	11.19
Fixation R	1	75	8394095838	8394283850	188012	1014.72	382.96	15	8	-1	12.55	12.55
Fixation L	1	72	8394467840	8394987746	519906	1011.69	412.54	45	35	-1	11.58	11.58
Fixation R	1	76	8394467840	8394987746	519906	1011.69	412.54	45	35	-1	12.86	12.86
Saccade L	1	63	8394987746	8395023714	35968	1013.92	402.11	1003.27	575.28	3.63	204.20	0.33	100.82	9860.73	-9370.44	6821.35
Saccade R	1	68	8394987746	8395023714	35968	1013.92	402.11	1003.27	575.28	3.63	204.20	0.33	100.82	9860.73	-9370.44	6821.35
Fixation L	1	73	8395023714	8395292021	268307	745.67	438.46	1003	1125	-1	9.97	9.97
Fixation R	1	77	8395023714	8395199749	176035	995.75	570.49	14	22	-1	12.85	12.85
Saccade R	1	69	8395199749	8395231746	31997	1003.00	561.27	0.00	0.00	26.37	2237.04	0.62	824.03	89849.17	-95162.32	62997.65
Fixation R	1	78	8395231746	8395292021	60275	0.00	0.00	0	0	-1	11.64	11.64
Saccade L	1	64	8395292021	8395383761	91740	0.00	0.00	884.42	544.49	40.82	2352.73	0.30	444.93	47253.45	-73891.42	19593.48
Saccade R	1	70	8395292021	8395383761	91740	0.00	0.00	884.42	544.49	40.82	2352.73	0.30	444.93	47253.45	-73891.42	19593.48
Fixation L	1	74	8395383761	8395507739	123978	909.00	549.76	38	17	-1	11.59	11.59
Fixation R	1	79	8395383761	8395507739	123978	909.00	549.76	38	17	-1	13.00	13.00
Saccade L	1	65	8395507739	8395551729	43990	923.53	538.50	960.99	515.29	1.12	44.83	0.55	25.49	1499.63	-1597.77	1073.91
Saccade R	1	71	8395507739	8395551729	43990	923.53	538.50	960.99	515.29	1.12	44.83	0.55	25.49	1499.63	-1597.77	1073.91
Fixation L	1	75	8395551729	8395711731	160002	961.24	489.11	8	44	-1	11.63	11.63
Fixation R	1	80	8395551729	8395711731	160002	961.24	489.11	8	44	-1	12.99	12.99
Saccade L	1	66	8395711731	8395743739	32008	957.07	470.11	1014.71	391.02	2.08	163.04	0.38	64.84	7082.37	-6416.69	4417.67
Saccade R	1	72	8395711731	8395743739	32008	957.07	470.11	1014.71	391.02	2.08	163.04	0.38	64.84	7082.37	-6416.69	4417.67
Fixation L	1	76	8395743739	8395903743	160004	1027.61	386.19	24	10	-1	11.38	11.38
Fixation R	1	81	8395743739	8395903743	160004	1027.61	386.19	24	10	-1	12.75	12.75
Saccade R	1	73	8395903743	8395939751	36008	1027.94	385.73	0.00	0.00	25.63	2087.18	0.67	711.69	85392.98	-88618.42	55618.20
Fixation R	1	82	8395939751	8396024754	85003	0.00	0.00	0	0	-1	10.67	10.67
Saccade R	1	74	8396024754	8396067621	42867	0.00	0.00	945.95	400.77	40.26	3055.37	0.25	939.16	130303.07	-86861.98	58545.32
Saccade L	1	67	8396067621	8396111626	44005	945.95	400.77	1121.21	425.22	3.74	181.02	0.64	84.96	5709.54	-24557.15	6617.03
Saccade R	1	75	8396067621	8396111626	44005	945.95	400.77	1121.21	425.22	3.74	181.02	0.64	84.96	5709.54	-24557.15	6617.03
Fixation L	1	77	8396111626	8396323625	211999	1110.62	446.03	16	32	-1	11.41	11.41
Fixation R	1	83	8396111626	8396323625	211999	1110.62	446.03	16	32	-1	12.88	12.88
Saccade L	1	68	8396323625	8396367627	44002	1110.19	449.99	1012.98	440.46	2.62	173.84	0.36	59.59	7694.77	-6777.80	4122.61
Saccade R	1	76	8396323625	8396367627	44002	1110.19	449.99	1012.98	440.46	2.62	173.84	0.36	59.59	7694.77	-6777.80	4122.61
Fixation L	1	78	8396367627	8396675631	308004	995.09	431.70	28	40	-1	11.66	11.66
Fixation R	1	84	8396367627	8396675631	308004	995.09	431.70	28	40	-1	13.10	13.10
Fixation L	1	79	8396735634	8398191529	1455895	0.00	0.00	0	0	-1	11.71	11.71
Fixation R	1	85	8396735634	8398191529	1455895	0.00	0.00	0	0	-1	13.84	13.84
Fixation L	1	80	8398311558	8398475549	163991	997.40	424.82	27	32	-1	14.08	14.08
Fixation R	1	86	8398311558	8398475549	163991	997.40	424.82	27	32	-1	15.70	15.70
Saccade L	1	69	8398475549	8398499544	23995	1005.13	418.55	959.55	459.26	1.24	109.09	0.67	51.62	4902.11	-4570.54	3341.78
Saccade R	1	77	8398475549	8398499544	23995	1005.13	418.55	959.55	459.26	1.24	109.09	0.67	51.62	4902.11	-4570.54	3341.78
Fixation L	1	81	8398499544	8399739450	1239906	932.45	426.06	54	55	-1	12.40	12.40
Fixation R	1	87	8398499544	8399739450	1239906	932.45	426.06	54	55	-1	13.82	13.82
Saccade L	1	70	8399739450	8399791455	52005	923.06	416.34	0.00	0.00	39.87	2717.34	0.77	766.72	80603.47	-115034.99	47398.58
Saccade R	1	78	8399739450	8399791455	52005	923.06	416.34	0.00	0.00	39.87	2717.34	0.77	766.72	80603.47	-115034.99	47398.58
Fixation L	1	82	8399791455	8402187241	2395786	120.83	57.08	1165	1026	-1	13.44	13.44
Fixation R	1	88	8399791455	8401891240	2099785	0.00	0.00	0	0	-1	14.46	14.45
Fixation R	1	89	8401959238	8402187241	228003	1041.67	478.75	22	22	-1	16.50	16.50
Saccade L	1	71	8402187241	8402227249	40008	1035.24	479.19	997.40	430.65	2.27	137.97	0.40	56.69	5894.99	-4320.03	3086.07
Saccade R	1	79	8402187241	8402227249	40008	1035.24	479.19	997.40	430.65	2.27	137.97	0.40	56.69	5894.99	-4320.03	3086.07
Fixation L	1	83	8402227249	8402815260	588011	1004.64	430.68	43	40	-1	12.99	12.99
Fixation R	1	90	8402227249	8402815260	588011	1004.64	430.68	43	40	-1	14.38	14.38
