[BeGaze]
Converted from:	D:\Kirillov\Results\fatcat\P06-eye_data.idf
Date:	29.05.2019 04:55:18
Version:	BeGaze 3.0.181
Sample Rate:	250
Subject:	P06
Description:	Run6

Table Header for Fixations:
Event Type	Trial	Number	Start	End	Duration	Location X	Location Y	Dispersion X	Dispersion Y	Plane	Avg. Pupil Size X	Avg. Pupil Size Y

Table Header for Saccades:
Event Type	Trial	Number	Start	End	Duration	Start Loc.X	Start Loc.Y	End Loc.X	End Loc.Y	Amplitude	Peak Speed	Peak Speed At	Average Speed	Peak Accel.	Peak Decel.	Average Accel.

Table Header for User Events:
Event Type	Trial	Number	Start	Description

UserEvent	1	1	4194705020	# Message: 3-2.jpg
Fixation L	1	1	4194715631	4195039622	323991	672.34	353.16	19	18	-1	14.33	14.33
Saccade L	1	1	4195039622	4195087622	48000	670.42	359.04	1064.62	465.70	8.79	377.91	0.42	183.10	18141.36	-15266.10	11636.33
Fixation L	1	2	4195087622	4195247624	160002	1047.74	468.57	25	19	-1	14.83	14.83
Saccade L	1	2	4195247624	4195303653	56029	1038.31	471.51	1043.67	410.95	1.53	44.85	0.64	27.31	1486.54	-1592.17	1006.25
Fixation L	1	3	4195303653	4195619515	315862	1035.55	412.10	21	31	-1	15.37	15.37
Saccade L	1	3	4195619515	4195659519	40004	1028.94	413.89	1108.57	411.99	1.55	88.06	0.50	38.82	3969.90	-3553.99	2547.72
Fixation L	1	4	4195659519	4195771520	112001	1106.14	399.81	8	26	-1	15.42	15.42
Saccade L	1	4	4195771520	4195835527	64007	1104.41	403.02	1204.40	423.55	2.42	106.71	0.62	37.84	4321.39	-4226.42	2098.09
Fixation L	1	5	4195835527	4195967510	131983	1199.27	424.67	30	20	-1	15.54	15.54
Saccade L	1	5	4195967510	4196031514	64004	1186.45	415.43	866.33	457.46	7.29	378.94	0.56	113.87	17400.62	-16551.41	8288.02
Fixation L	1	6	4196031514	4196151515	120001	865.46	452.71	9	13	-1	15.61	15.61
Saccade L	1	6	4196151515	4196199535	48020	871.34	443.77	1100.11	446.25	4.94	254.09	0.50	102.90	12177.65	-11277.46	7468.51
Fixation L	1	7	4196199535	4196359526	159991	1089.77	436.10	24	21	-1	15.50	15.50
Saccade L	1	7	4196359526	4196415541	56015	1088.32	439.70	713.16	907.85	13.54	562.31	0.43	241.66	27428.28	-21261.02	15524.26
Fixation L	1	8	4196415541	4196687523	271982	736.69	876.87	46	57	-1	15.86	15.86
Saccade L	1	8	4196687523	4196727553	40030	749.67	864.66	639.63	874.23	2.55	151.12	0.40	63.61	7127.80	-6735.97	4565.76
Fixation L	1	9	4196727553	4197071543	343990	650.03	870.53	26	24	-1	15.48	15.48
Saccade L	1	9	4197071543	4197163422	91879	645.10	880.36	1111.95	395.34	16.28	611.09	0.43	177.20	28332.97	-19502.35	10446.29
Fixation L	1	10	4197163422	4197351412	187990	1093.75	412.83	47	35	-1	14.75	14.75
Saccade L	1	10	4197351412	4197395414	44002	1087.42	427.70	1014.15	426.22	1.52	74.60	0.36	34.63	3404.38	-2942.48	2076.31
Fixation L	1	11	4197395414	4197467402	71988	1013.45	430.09	4	7	-1	14.58	14.58
Saccade L	1	11	4197467402	4197511425	44023	1014.20	433.74	0.00	0.00	37.39	2868.12	0.73	849.24	91823.97	-120888.33	58242.05
Saccade L	1	12	4197547442	4197599403	51961	0.00	0.00	1225.25	508.94	34.89	1679.65	0.54	671.39	55118.59	-74002.61	31827.45
Saccade L	1	13	4197599403	4197631416	32013	1225.25	508.94	1125.59	496.68	5.25	376.22	0.50	164.08	11546.19	-11605.19	7308.73
Saccade L	1	14	4197631416	4197679429	48013	1125.59	496.68	1016.22	473.04	2.93	99.94	0.33	61.11	1943.47	-6452.93	1937.61
Saccade L	1	15	4197679429	4197711401	31972	1016.22	473.04	1087.58	499.37	1.55	110.09	0.25	48.50	1972.94	-4206.50	2036.53
Fixation L	1	12	4197987407	4198083444	96037	1025.04	502.63	21	24	-1	15.32	15.32
Saccade L	1	16	4198083444	4198151427	67983	1030.24	498.17	1085.33	434.43	1.94	79.10	0.41	28.49	3149.55	-3103.46	1493.51
Fixation L	1	13	4198151427	4198599309	447882	1071.09	423.77	30	30	-1	15.04	15.04
Saccade L	1	17	4198599309	4198691301	91992	1081.56	418.19	594.74	613.65	12.51	410.57	0.43	135.94	19514.61	-16253.48	7760.71
Fixation L	1	14	4198691301	4198847327	156026	613.83	607.17	29	17	-1	14.89	14.89
Saccade L	1	18	4198847327	4198899316	51989	621.86	599.51	666.60	860.84	5.85	305.80	0.46	112.56	12827.29	-12900.84	7850.41
Fixation L	1	15	4198899316	4199327302	427986	655.16	853.81	27	31	-1	15.38	15.38
Saccade L	1	19	4199327302	4199399307	72005	644.21	857.36	639.15	539.82	7.40	270.57	0.39	102.75	11030.62	-10864.06	5871.82
Fixation L	1	16	4199399307	4199503320	104013	646.42	569.56	10	52	-1	14.88	14.88
Saccade L	1	20	4199503320	4199551312	47992	641.39	594.15	644.55	509.54	1.76	69.32	0.42	36.70	3039.81	-2634.95	1899.27
Fixation L	1	17	4199551312	4200131182	579870	635.23	532.41	31	45	-1	14.85	14.85
Saccade L	1	21	4200131182	4200183215	52033	642.50	550.42	1032.24	559.10	8.44	382.95	0.38	162.21	18507.22	-15804.20	10941.70
Fixation L	1	18	4200183215	4200579215	396000	1010.70	557.55	48	28	-1	15.46	15.46
Saccade L	1	22	4200579215	4200635113	55898	1023.47	568.46	1032.11	620.65	1.20	42.44	0.29	21.39	1985.31	-1371.96	927.10
Fixation L	1	19	4200635113	4200911191	276078	1026.69	632.53	29	63	-1	15.55	15.55
Saccade L	1	23	4200911191	4200959192	48001	1037.60	665.97	709.42	491.28	7.91	394.23	0.33	164.76	19254.15	-15162.10	11120.79
Fixation L	1	20	4200959192	4201099115	139923	718.65	496.65	17	20	-1	15.64	15.64
Saccade L	1	24	4201099115	4201139079	39964	724.99	499.51	650.95	516.02	1.61	101.94	0.40	40.29	4703.49	-4244.72	2937.47
Fixation L	1	21	4201139079	4201527090	388011	655.20	521.15	28	36	-1	15.38	15.38
