[BeGaze]
Converted from:	D:\Kirillov\Results\fatcat\P04-eye_data.idf
Date:	29.05.2019 04:55:18
Version:	BeGaze 3.0.181
Sample Rate:	250
Subject:	P04
Description:	Run4

Table Header for Fixations:
Event Type	Trial	Number	Start	End	Duration	Location X	Location Y	Dispersion X	Dispersion Y	Plane	Avg. Pupil Size X	Avg. Pupil Size Y

Table Header for Saccades:
Event Type	Trial	Number	Start	End	Duration	Start Loc.X	Start Loc.Y	End Loc.X	End Loc.Y	Amplitude	Peak Speed	Peak Speed At	Average Speed	Peak Accel.	Peak Decel.	Average Accel.

Table Header for User Events:
Event Type	Trial	Number	Start	Description

UserEvent	1	1	3678776656	# Message: 1.jpg
Saccade L	1	1	3678827525	3678911516	83991	674.12	644.12	507.93	924.61	13.26	648.62	0.48	157.90	20137.45	-23582.63	9033.98
Fixation L	1	1	3678911516	3678971512	59996	494.95	934.92	21	17	-1	9.21	9.21
Saccade L	1	2	3678971512	3678991536	20024	486.21	938.29	421.58	944.99	0.93	109.63	0.60	46.28	4424.60	276.79	2670.51
Saccade L	1	3	3679011551	3679087612	76061	505.80	925.84	574.32	858.10	3.59	107.37	0.68	47.18	3240.66	-4097.06	1493.66
Saccade L	1	4	3679131514	3679215510	83996	557.97	881.02	407.31	896.30	3.13	58.83	0.52	37.24	1180.83	-1677.18	726.85
Saccade L	1	5	3679215510	3679287535	72025	407.31	896.30	595.99	871.44	4.52	129.80	0.39	62.79	6719.13	-3840.51	2562.73
Saccade L	1	6	3679935390	3679955463	20073	1558.36	275.81	1558.01	275.97	13.60	1016.24	0.40	677.33	9070.42	-18101.65	10569.24
Saccade L	1	7	3680035400	3680111421	76021	0.00	0.00	776.32	615.32	59.60	1825.05	0.42	783.99	24175.51	-40942.97	12624.96
Saccade L	1	8	3680111421	3680155420	43999	776.32	615.32	773.07	616.43	23.76	1078.05	0.73	540.02	28768.39	-43303.99	20186.64
Saccade L	1	9	3680363387	3680387408	24021	0.00	0.00	838.91	541.32	19.79	1920.84	0.50	823.83	34701.68	-80058.45	42310.10
Saccade L	1	10	3680635410	3680671406	35996	0.00	0.00	0.00	0.00	46.59	2725.09	0.78	1294.39	117685.74	-69077.82	58321.67
Saccade L	1	11	3680711306	3680747360	36054	1536.58	279.77	1537.89	280.19	19.56	1003.81	0.22	542.50	22338.63	-28856.12	17558.39
Saccade L	1	12	3680791397	3680859445	68048	1538.83	280.84	867.07	443.90	19.34	827.61	0.47	284.19	33856.64	-35669.95	14029.42
Saccade L	1	13	3680859445	3680895399	35954	867.07	443.90	1237.68	220.33	9.01	793.30	0.44	250.61	30653.61	-32936.03	21048.65
Saccade L	1	14	3681203418	3681307289	103871	1250.20	121.61	1511.64	570.19	25.21	441.10	0.50	242.73	13608.50	-21010.37	6705.14
Saccade L	1	15	3681319273	3681343278	24005	1511.72	572.25	1169.06	712.15	8.26	793.36	0.50	344.17	33124.31	-21338.39	21063.87
Saccade L	1	16	3681343278	3681503287	160009	1169.06	712.15	1183.59	498.52	30.15	568.00	0.30	188.44	14509.07	-19946.79	6206.27
Saccade L	1	17	3681503287	3681539279	35992	1183.59	498.52	1507.11	578.35	5.26	447.69	0.22	146.09	3820.71	-19042.83	8225.50
Saccade L	1	18	3681539279	3681611376	72097	1507.11	578.35	1454.08	547.66	8.97	216.42	0.33	124.46	10269.27	-5727.10	4313.60
Saccade L	1	19	3681611376	3681707288	95912	1454.08	547.66	878.32	514.47	27.44	1321.65	0.29	286.10	52709.95	-27414.96	13714.92
Saccade L	1	20	3681707288	3681727297	20009	878.32	514.47	832.57	516.45	0.76	64.08	0.60	37.88	1345.59	-190.52	729.82
Saccade L	1	21	3682027322	3682083293	55971	941.31	560.75	999.95	516.05	1.57	46.49	0.43	28.09	1844.40	-1161.62	968.53
Saccade L	1	22	3684756192	3684788192	32000	1265.71	662.93	1412.72	458.35	4.65	407.15	0.37	145.28	13790.66	-17126.80	10374.91
Saccade L	1	23	3684788192	3684832196	44004	1412.72	458.35	1280.83	637.88	4.81	405.35	0.55	109.23	15968.20	-15294.43	8820.11
Saccade L	1	24	3684832196	3684904200	72004	1280.83	637.88	1275.10	498.62	7.71	257.04	0.22	107.13	11080.82	-4506.26	3456.10
Saccade L	1	25	3684904200	3684924209	20009	1275.10	498.62	1264.34	455.52	0.80	87.99	0.40	40.09	1664.98	-1333.18	788.99
Saccade L	1	26	3684924209	3684952186	27977	1264.34	455.52	1235.65	471.68	1.07	89.48	0.29	38.07	3750.79	-1333.18	1446.60
Saccade L	1	27	3684952186	3685068106	115920	1235.65	471.68	1279.54	689.81	8.79	194.27	0.59	75.82	6547.33	-6604.67	2547.87
Saccade L	1	28	3685096099	3685140061	43962	1267.53	690.30	1270.77	648.37	4.53	211.75	0.36	103.06	7714.04	-9424.67	5936.05
Saccade L	1	29	3685160072	3685192069	31997	1261.84	657.12	1265.18	696.91	0.99	63.97	0.50	31.04	2194.88	-875.08	979.73
Saccade L	1	30	3685212062	3685288054	75992	1280.68	696.85	1228.30	473.02	6.00	199.83	0.32	78.96	8119.48	-6138.52	3138.52
Saccade L	1	31	3685288054	3685336053	47999	1228.30	473.02	1389.24	423.60	5.97	316.81	0.67	124.34	6793.73	-9892.31	4790.58
Saccade L	1	32	3685496068	3685544086	48018	1310.39	444.14	1310.25	421.41	4.45	209.88	0.58	92.58	8977.62	-10329.21	6623.22
Fixation L	1	2	3685544086	3685628067	83981	1316.34	422.31	24	19	-1	8.47	8.47
Saccade L	1	33	3685628067	3685656075	28008	1325.38	416.59	1335.30	415.05	4.07	197.17	0.29	145.33	9654.05	-9747.83	8145.32
Fixation L	1	3	3685656075	3685840060	183985	1342.38	414.87	25	30	-1	8.40	8.40
Saccade L	1	34	3685840060	3685884060	44000	1335.63	418.75	990.59	487.80	9.09	744.11	0.27	206.61	30274.72	-27751.27	15298.32
Saccade L	1	35	3685884060	3685916060	32000	990.59	487.80	1324.61	374.62	7.90	724.60	0.63	246.76	29004.43	-19493.87	15917.12
Saccade L	1	36	3685916060	3685960110	44050	1324.61	374.62	1340.65	362.32	7.90	438.43	0.55	179.39	10408.03	-16749.88	7699.04
Saccade L	1	37	3685960110	3686000069	39959	1340.65	362.32	1358.07	385.23	4.44	266.38	0.70	111.12	9656.18	-4046.87	3379.76
Saccade L	1	38	3686000069	3686048071	48002	1358.07	385.23	1149.10	542.48	7.20	409.39	0.25	149.98	10824.25	-12004.86	4936.19
Saccade L	1	39	3686048071	3686080091	32020	1149.10	542.48	1153.01	517.05	3.08	168.26	0.38	96.25	2346.08	-7054.72	3602.76
Saccade L	1	40	3686092076	3686148094	56018	1152.21	554.74	1345.71	428.48	5.74	311.03	0.57	102.46	11402.15	-6977.23	3504.62
Saccade L	1	41	3686164066	3686208071	44005	1133.16	542.40	1156.93	535.54	3.60	175.02	0.45	81.75	6576.07	-7542.27	4311.32
Saccade L	1	42	3686208071	3686228102	20031	1156.93	535.54	1160.19	512.06	1.61	163.20	0.60	80.18	7314.20	-920.73	2511.41
Saccade L	1	43	3686228102	3686312066	83964	1160.19	512.06	1273.50	470.26	16.24	597.21	0.71	193.45	15697.75	-17464.04	6552.93
Saccade L	1	44	3686312066	3686399967	87901	1273.50	470.26	1409.72	336.11	11.62	416.39	0.27	132.18	14818.67	-16460.04	4708.36
Saccade L	1	45	3686399967	3686439986	40019	1409.72	336.11	1269.67	407.71	3.15	161.66	0.30	78.82	1552.45	-2717.64	1074.28
Saccade L	1	46	3686519981	3686559977	39996	1272.38	269.36	1408.22	140.21	3.60	246.84	0.30	90.13	2969.73	-9999.89	3688.77
Saccade L	1	47	3686559977	3686595992	36015	1408.22	140.21	1404.83	141.97	1.61	76.36	0.44	44.59	2572.20	-1496.03	1193.04
Saccade L	1	48	3686595992	3686663970	67978	1404.83	141.97	1444.42	134.57	5.08	208.52	0.65	74.68	6223.84	-6010.68	2401.83
Saccade L	1	49	3686676030	3686744013	67983	1446.63	216.38	1449.98	345.42	7.61	288.42	0.47	111.89	11595.05	-8991.68	4718.08
Saccade L	1	50	3686744013	3686771946	27933	1449.98	345.42	1440.32	208.71	1.67	153.48	0.28	59.90	3384.91	-4992.38	2291.71
Saccade L	1	51	3686787952	3686883957	96005	1440.08	187.60	1261.93	407.56	23.65	921.57	0.21	246.29	38694.89	-30428.17	12334.97
Saccade L	1	52	3686899954	3686939993	40039	1267.74	412.18	1288.66	409.63	4.92	214.65	0.60	122.95	10256.79	-9585.01	7855.31
Saccade L	1	53	3686939993	3686975966	35973	1288.66	409.63	1263.15	428.50	5.17	254.38	0.44	143.70	11711.42	-10173.65	7305.02
Saccade L	1	54	3687023970	3687087972	64002	1242.56	448.52	1161.95	584.51	10.58	343.08	0.50	165.26	9077.37	-10158.32	4708.24
Fixation L	1	4	3687323978	3687415967	91989	897.06	330.98	1609	1125	-1	9.13	9.13
Saccade L	1	55	3687543993	3687575979	31986	1299.48	457.02	1269.95	482.12	3.18	222.92	0.37	99.35	24466.67	-5822.04	8231.33
Saccade L	1	56	3687715968	3687760000	44032	1239.37	496.15	925.43	578.39	7.35	650.87	0.27	166.99	27127.31	-25514.43	13001.48
Saccade L	1	57	3687875844	3687899844	24000	1247.80	448.52	997.42	590.76	4.74	591.43	0.33	197.65	18367.74	-23575.97	13640.46
Saccade L	1	58	3687911845	3687943853	32008	983.52	602.09	970.64	610.98	3.61	255.30	0.75	112.90	11257.73	128.66	6704.13
Saccade L	1	59	3687991889	3688027844	35955	1105.66	496.00	1039.21	514.53	1.60	106.00	0.33	44.38	172.55	-3252.50	1261.22
Fixation L	1	5	3688027844	3688083862	56018	1069.63	496.08	43	30	-1	8.21	8.21
Saccade L	1	60	3688083862	3688131847	47985	1082.59	480.95	1138.99	456.36	1.95	120.36	0.50	40.55	4250.08	-4539.94	2386.35
Saccade L	1	61	3688147858	3688179845	31987	1135.85	449.90	740.77	577.70	8.38	780.47	0.50	261.94	32521.24	-31404.30	22087.46
Saccade L	1	62	3688275870	3688303841	27971	1117.11	396.97	1145.11	388.85	0.69	51.48	0.28	24.77	646.37	-1498.43	588.04
Saccade L	1	63	3688347859	3688395838	47979	1132.95	389.02	1081.15	489.40	2.81	141.93	0.50	58.48	4818.48	-5769.99	3077.26
Saccade L	1	64	3688395838	3688427857	32019	1081.15	489.40	1102.14	488.39	1.14	83.99	0.63	35.55	2701.99	-2859.14	1587.01
Saccade L	1	65	3688463854	3688483841	19987	1094.31	488.38	1140.16	481.09	0.69	65.07	0.60	34.29	1514.54	-2755.66	1343.95
Saccade L	1	66	3688495850	3688539858	44008	1130.30	482.60	1116.89	478.16	0.92	49.37	0.55	20.85	1563.88	-1619.32	940.38
Saccade L	1	67	3688575855	3688627855	52000	1139.86	468.07	763.47	607.12	8.96	767.49	0.38	172.23	31053.31	-30915.00	15354.01
Saccade L	1	68	3688627855	3688719867	92012	763.47	607.12	1270.84	495.94	26.36	727.63	0.61	286.47	29847.99	-24938.16	10280.26
Saccade L	1	69	3688835880	3688871860	35980	985.97	724.20	1264.41	467.09	7.19	462.37	0.33	199.97	21661.45	-16786.77	10206.27
Saccade L	1	70	3688915887	3688955850	39963	998.18	588.96	990.65	577.31	4.66	219.14	0.40	116.53	10102.05	-10578.31	7774.98
Saccade L	1	71	3688955850	3688987858	32008	990.65	577.31	1254.12	429.37	5.33	420.63	0.63	166.59	16066.79	-9689.59	10081.25
Saccade L	1	72	3688987858	3689039880	52022	1254.12	429.37	967.66	540.79	10.31	591.72	0.62	198.24	14018.20	-23969.28	10587.32
Saccade L	1	73	3689063876	3689111869	47993	938.81	602.32	1280.32	369.33	11.40	803.80	0.50	237.47	32768.59	-29356.61	15619.04
Fixation L	1	6	3689299889	3689391725	91836	1298.20	422.08	27	33	-1	12.10	12.10
Saccade L	1	74	3689391725	3689419765	28040	1309.48	427.86	1268.29	432.30	0.91	56.60	0.57	32.38	25023.39	107.52	6268.54
Saccade L	1	75	3689419765	3689463734	43969	1268.29	432.30	1087.44	593.61	9.46	649.60	0.27	215.05	25023.39	-19027.83	11394.53
Saccade L	1	76	3689463734	3689491770	28036	1087.44	593.61	1088.76	597.80	0.99	55.66	0.29	35.22	644.04	-6460.36	2004.41
Saccade L	1	77	3689491770	3689515728	23958	1088.76	597.80	1088.17	630.30	0.71	59.89	0.50	29.84	568.73	-1250.72	460.59
Saccade L	1	78	3689611738	3689639740	28002	1088.71	528.52	1139.61	513.64	1.15	82.42	0.43	40.93	2846.95	-2653.05	1729.85
Saccade L	1	79	3689639740	3689699764	60024	1139.61	513.64	1104.68	601.80	2.46	92.06	0.40	41.02	2708.25	-2517.63	1066.82
Saccade L	1	80	3689699764	3689735741	35977	1104.68	601.80	1079.59	559.21	0.86	50.96	0.33	23.84	999.45	-1366.27	486.38
Saccade L	1	81	3689755752	3689791755	36003	1096.43	563.75	1095.06	532.12	1.07	59.56	0.67	29.84	1750.47	-1720.68	1025.29
Saccade L	1	82	3689791755	3689827748	35993	1095.06	532.12	1060.02	531.74	0.93	41.81	0.56	25.92	3336.28	-986.25	791.42
Saccade L	1	83	3689827748	3689871752	44004	1060.02	531.74	995.63	540.78	6.36	333.54	0.45	144.56	14128.10	-9428.22	6821.93
Fixation L	1	7	3689871752	3690055745	183993	956.40	560.88	61	46	-1	11.39	11.39
Saccade L	1	84	3690055745	3690111780	56035	940.62	579.12	976.01	570.22	2.22	66.88	0.36	39.60	2130.63	-1175.96	885.83
Saccade L	1	85	3690111780	3690147742	35962	976.01	570.22	906.96	605.38	1.39	78.34	0.33	38.56	1559.17	-2955.14	1515.34
Fixation L	1	8	3690147742	3690199766	52024	901.79	613.90	33	35	-1	11.44	11.44
Saccade L	1	86	3690219747	3690343744	123997	905.52	626.12	1098.09	637.68	27.34	695.00	0.32	220.45	19035.15	-16577.31	6306.26
Saccade L	1	87	3690343744	3690379740	35996	1098.09	637.68	1133.43	614.34	1.06	52.31	0.33	29.40	676.42	-1860.76	864.58
Saccade L	1	88	3690423769	3690455759	31990	1139.73	616.89	1142.06	636.75	0.63	42.97	0.62	19.59	1726.19	-1686.75	1020.03
Fixation L	1	9	3690455759	3690535745	79986	1130.51	630.95	29	63	-1	8.53	8.53
Fixation L	1	10	3690575742	3690679623	103881	1135.13	602.48	27	49	-1	10.70	10.70
Saccade L	1	89	3690679623	3690727626	48003	1154.47	580.96	1186.56	608.91	1.99	76.99	0.58	41.53	2428.47	-1770.04	1048.67
Saccade L	1	90	3690727626	3690751618	23992	1186.56	608.91	1196.48	628.42	0.70	67.01	0.33	29.11	-189.42	-2110.88	1026.17
Saccade L	1	91	3690759657	3690783626	23969	1187.25	623.17	1191.36	610.10	0.56	43.57	0.67	23.27	1177.39	-211.71	755.88
Saccade L	1	92	3690799647	3690891618	91971	1191.88	636.24	1303.28	562.92	8.19	277.92	0.30	89.08	10746.22	-6014.63	3342.81
Fixation L	1	11	3690891618	3690979706	88088	1294.45	549.94	19	41	-1	10.00	10.00
Saccade L	1	93	3691027635	3691083644	56009	1302.69	537.88	1273.45	453.93	7.13	273.84	0.64	127.30	23254.04	-7055.92	5791.88
Saccade L	1	94	3691083644	3691123632	39988	1273.45	453.93	904.52	570.14	8.57	747.13	0.30	214.23	27001.90	-31109.02	15791.50
Saccade L	1	95	3691123632	3691159634	36002	904.52	570.14	1283.03	432.04	8.37	745.76	0.67	232.57	30887.59	-30000.23	18612.72
Fixation L	1	12	3691159634	3691271636	112002	1273.06	428.97	17	19	-1	11.31	11.31
Saccade L	1	96	3691399656	3691439627	39971	1164.14	618.75	1170.15	633.14	0.95	43.29	0.60	23.66	876.71	-1534.47	774.82
Fixation L	1	13	3691439627	3691503627	64000	1172.71	627.62	22	28	-1	11.02	11.02
Saccade L	1	97	3691503627	3691539661	36034	1169.08	639.25	1151.63	614.28	1.42	75.32	0.44	39.53	2496.33	-928.10	952.85
Saccade L	1	98	3691555551	3691587647	32096	1158.78	595.98	1191.01	622.40	0.92	67.99	0.38	28.78	988.99	-1698.02	758.94
Fixation L	1	14	3691587647	3691639638	51991	1173.06	631.01	26	31	-1	9.56	9.56
Saccade L	1	99	3691639638	3691739668	100030	1163.09	640.87	873.68	722.45	11.92	751.86	0.52	119.20	28380.54	-25918.72	8045.29
Fixation L	1	15	3691739668	3691807669	68001	856.05	724.86	32	18	-1	11.13	11.13
Saccade L	1	100	3692143511	3692187521	44010	211.58	1091.99	936.98	690.68	16.11	1133.92	0.73	365.95	42182.60	-33801.50	22714.32
Fixation L	1	16	3692231526	3692499515	267989	447.47	640.97	1547	1138	-1	7.45	7.45
Fixation L	1	17	3692955521	3693351554	396033	0.00	0.00	0	0	-1	0.00	0.00
Saccade L	1	101	3694045803	3694085836	40033	0.00	0.00	1260.97	517.87	31.98	2359.99	0.30	798.78	99757.22	-91987.43	59111.76
Fixation L	1	18	3694085836	3694169836	84000	1266.35	514.23	16	8	-1	12.03	12.03
Saccade L	1	102	3694169836	3694197839	28003	1276.56	512.58	931.03	647.62	7.55	703.65	0.43	269.46	29193.63	-29321.42	21400.51
Saccade L	1	103	3694217802	3694241849	24047	926.32	645.11	1274.21	509.33	7.48	722.85	0.50	310.88	29844.55	-29921.51	22514.03
Saccade L	1	104	3694625825	3694645812	19987	1267.77	512.40	1266.35	510.95	2.54	242.88	0.40	127.10	13899.02	178.09	6579.71
Saccade L	1	105	3694645812	3694701826	56014	1266.35	510.95	951.66	624.98	10.28	647.95	0.21	183.59	15652.35	-22105.56	8922.27
Saccade L	1	106	3694709834	3694745834	36000	947.39	624.05	1288.03	497.42	8.08	730.76	0.33	224.58	29677.65	-29552.79	17960.68
Saccade L	1	107	3694773774	3694837823	64049	1295.56	500.63	1069.03	768.89	9.55	431.78	0.56	149.13	16176.82	-14844.61	6729.32
Saccade L	1	108	3694981807	3695029817	48010	1329.30	520.63	1036.19	736.49	8.08	466.64	0.67	168.22	17509.98	-19807.89	11258.38
Saccade L	1	109	3695073778	3695125849	52071	1060.04	748.10	1300.24	510.86	7.60	637.11	0.46	146.04	25803.37	-25614.32	12604.58
Saccade L	1	110	3695137730	3695185827	48097	1305.18	512.88	967.70	643.75	10.02	683.97	0.25	208.23	27920.21	-24200.51	12261.65
Saccade L	1	111	3695193779	3695245837	52058	967.46	645.56	1289.30	497.36	9.55	713.10	0.23	183.36	27868.00	-26801.29	11629.66
Fixation L	1	19	3695261838	3695349844	88006	1281.40	477.42	15	36	-1	13.09	13.09
Fixation L	1	20	3696189712	3696573712	384000	0.00	0.00	0	0	-1	0.00	0.00
Saccade L	1	112	3697801985	3697894346	92361	0.00	0.00	1300.18	513.45	95.01	2591.41	0.83	1028.69	112421.30	-112350.53	82505.26
Fixation L	1	21	3697894346	3698002339	107993	1305.18	515.75	12	14	-1	12.44	12.44
Saccade L	1	113	3698002339	3698030354	28015	1309.72	511.86	958.75	640.85	7.68	724.99	0.43	274.26	29784.20	-29884.44	21762.27
Saccade L	1	114	3698054354	3698078366	24012	959.52	633.89	1307.12	502.31	7.43	724.10	0.50	309.48	29906.30	-29939.69	22523.58
Fixation L	1	22	3698078366	3698222332	143966	1305.71	508.87	10	17	-1	12.99	12.99
Saccade L	1	115	3698222332	3698250351	28019	1300.95	513.03	1274.18	506.05	0.69	60.17	0.43	24.65	2314.48	-2164.16	1398.25
Fixation L	1	23	3698250351	3698434346	183995	1270.43	494.42	19	21	-1	13.25	13.25
Saccade L	1	116	3698434346	3698478336	43990	1268.00	495.14	936.22	596.45	8.22	705.00	0.27	186.83	28926.79	-27791.37	14827.32
Saccade L	1	117	3698478336	3698510347	32011	936.22	596.45	1288.52	468.45	7.91	716.74	0.63	247.06	29231.77	-29552.40	19748.65
Fixation L	1	24	3698510347	3698722300	211953	1272.88	482.78	41	35	-1	13.33	13.33
Saccade L	1	118	3698722300	3698746357	24057	1260.12	499.30	1303.21	500.47	0.87	67.00	0.66	36.03	2894.41	-2443.45	2007.99
Fixation L	1	25	3698746357	3698866304	119947	1315.99	502.37	24	6	-1	11.83	11.83
Saccade L	1	119	3698866304	3698894351	28047	1318.12	504.46	970.44	626.36	7.49	694.04	0.43	267.13	29104.62	-28808.09	21202.01
Saccade L	1	120	3698918342	3698946262	27920	966.85	627.54	1305.59	505.85	7.43	696.16	0.43	266.04	29140.14	-29010.13	21177.84
Fixation L	1	26	3698946262	3699142354	196092	1299.66	506.80	18	15	-1	12.06	12.06
Saccade L	1	121	3699142354	3699170380	28026	1296.11	497.18	1305.30	494.94	4.15	204.97	0.57	148.14	10266.39	-10450.17	8547.95
Saccade L	1	122	3699202227	3699238225	35998	1304.08	487.95	1289.89	483.64	4.76	221.39	0.22	132.11	11499.92	-11048.49	8823.26
Fixation L	1	27	3699238225	3699294237	56012	1286.30	472.81	6	20	-1	11.49	11.49
