[BeGaze]
Converted from:	D:\Kirillov\Results\fatcat\P04-eye_data.idf
Date:	29.05.2019 04:55:18
Version:	BeGaze 3.0.181
Sample Rate:	250
Subject:	P04
Description:	Run4

Table Header for Fixations:
Event Type	Trial	Number	Start	End	Duration	Location X	Location Y	Dispersion X	Dispersion Y	Plane	Avg. Pupil Size X	Avg. Pupil Size Y

Table Header for Saccades:
Event Type	Trial	Number	Start	End	Duration	Start Loc.X	Start Loc.Y	End Loc.X	End Loc.Y	Amplitude	Peak Speed	Peak Speed At	Average Speed	Peak Accel.	Peak Decel.	Average Accel.

Table Header for User Events:
Event Type	Trial	Number	Start	Description

UserEvent	1	1	3834616145	# Message: 3.jpg
Saccade L	1	1	3835567743	3835615763	48020	-1.89	0.00	0.00	-0.89	11.97	324.64	0.58	249.24	18471.11	-7003.75	5634.76
Saccade L	1	2	3835615763	3835647757	31994	0.00	-0.89	555.59	-65.71	10.42	887.63	0.25	325.55	33206.36	-32110.77	16967.90
Saccade L	1	3	3835935765	3835959718	23953	1031.79	213.74	994.25	183.70	0.75	65.07	0.33	31.40	1050.66	-1243.14	583.26
Saccade L	1	4	3836327645	3836383649	56004	1007.58	216.24	1104.75	238.28	5.15	279.45	0.57	91.90	8322.14	-9836.71	4774.68
Saccade L	1	5	3836427680	3836459643	31963	1176.87	218.52	1156.87	238.84	1.24	101.40	0.25	38.74	6484.18	-3058.56	1593.14
Saccade L	1	6	3836459643	3836503680	44037	1156.87	238.84	1224.98	198.68	4.18	184.56	0.27	95.03	6484.18	-2930.83	2150.84
Saccade L	1	7	3836695633	3836747661	52028	1326.59	276.34	1319.09	349.49	1.90	91.01	0.23	36.53	2918.14	-2382.76	1480.26
Saccade L	1	8	3836747661	3836811638	63977	1319.09	349.49	935.74	401.79	11.59	627.56	0.37	181.23	29480.31	-23454.94	12037.76
Fixation L	1	1	3836811638	3836879629	67991	923.38	414.58	58	37	-1	12.46	12.46
Saccade L	1	9	3836879629	3836959633	80004	907.94	422.94	910.66	416.79	2.87	85.07	0.50	35.92	1487.07	-1722.87	857.60
Saccade L	1	10	3836979642	3837079648	100006	904.55	404.29	1016.17	351.56	5.79	194.89	0.56	57.87	6228.00	-4336.52	1882.26
Saccade L	1	11	3837079648	3837127664	48016	1016.17	351.56	1006.74	363.54	2.44	87.05	0.33	50.88	1637.33	-2258.28	1279.10
Saccade L	1	12	3837127664	3837271596	143932	1006.74	363.54	946.21	616.97	17.49	630.39	0.44	121.51	27943.73	-23612.35	5961.21
Saccade L	1	13	3837271596	3837299655	28059	946.21	616.97	916.58	629.47	1.29	84.32	0.72	45.91	2286.89	-499.72	1407.69
Saccade L	1	14	3837299655	3837323654	23999	916.58	629.47	806.48	648.05	1.45	116.65	0.50	60.28	2224.19	-3833.42	1973.50
Saccade L	1	15	3837323654	3837455676	132022	806.48	648.05	768.07	599.97	24.32	865.50	0.39	184.19	18965.88	-37126.16	8354.41
Saccade L	1	16	3837455676	3837483658	27982	768.07	599.97	834.49	582.33	1.50	103.81	0.28	53.52	2280.07	-4506.72	2387.66
Saccade L	1	17	3837483658	3837543664	60006	834.49	582.33	908.37	512.48	2.10	73.39	0.67	35.00	4619.78	-2173.72	1315.16
Saccade L	1	18	3837543664	3837587670	44006	908.37	512.48	790.85	559.99	3.02	177.91	0.27	68.56	6750.07	-7146.97	3691.38
Saccade L	1	19	3837587670	3837619657	31987	790.85	559.99	797.31	505.28	1.50	88.95	0.50	46.93	3351.58	-3185.32	2026.18
Saccade L	1	20	3837619657	3837639572	19915	797.31	505.28	807.77	456.10	0.77	77.85	0.60	38.85	1345.92	-1830.88	924.80
Saccade L	1	21	3837639572	3837675541	35969	807.77	456.10	851.17	445.45	0.95	56.35	0.45	26.31	901.88	-1830.88	896.86
Saccade L	1	22	3837683524	3837807537	124013	851.40	446.93	174.61	868.89	22.69	832.70	0.39	182.93	37338.31	-26644.33	9627.69
Saccade L	1	23	3837807537	3837835521	27984	174.61	868.89	209.70	830.29	1.21	94.48	0.71	43.38	4170.09	-3107.82	2350.99
Saccade L	1	24	3837835521	3837867515	31994	209.70	830.29	223.61	789.13	0.97	57.69	0.63	30.22	1709.66	-3107.82	1488.41
Fixation L	1	2	3837867515	3837931525	64010	227.40	780.77	30	30	-1	11.61	11.61
Saccade L	1	25	3837931525	3837963532	32007	239.00	772.78	189.79	798.58	0.90	48.20	0.50	28.00	1757.12	-1143.13	942.61
Saccade L	1	26	3837979528	3838139537	160009	217.62	785.84	383.76	726.30	18.90	486.17	0.45	118.10	16605.19	-14821.24	4040.46
Saccade L	1	27	3838139537	3838175522	35985	383.76	726.30	186.55	809.42	3.01	225.74	0.78	83.76	21302.17	370.67	6437.75
Saccade L	1	28	3838311530	3838331519	19989	806.20	664.56	729.23	652.60	0.91	79.16	0.60	45.37	30297.99	-77.25	9790.15
Saccade L	1	29	3838331519	3838363541	32022	729.23	652.60	1144.06	465.72	9.01	782.21	0.38	281.27	30300.71	-33151.86	19697.97
Saccade L	1	30	3838363541	3838383522	19981	1144.06	465.72	1150.42	459.97	2.60	263.46	0.40	130.30	6560.29	-6073.55	4098.60
Saccade L	1	31	3838383522	3838415540	32018	1150.42	459.97	1168.69	466.93	3.14	272.35	0.25	98.22	6876.83	-13386.42	5713.22
Saccade L	1	32	3838415540	3838475567	60027	1168.69	466.93	1236.75	451.86	5.52	453.93	0.47	91.90	12536.90	-11298.11	5066.05
Saccade L	1	33	3838475567	3838523535	47968	1236.75	451.86	1232.41	456.16	15.74	861.42	0.67	328.18	31464.54	-37520.92	21039.10
Saccade L	1	34	3838559568	3838651490	91922	1238.91	451.97	1388.95	429.04	11.14	363.90	0.22	121.21	13855.99	-7805.75	4160.36
Saccade L	1	35	3838651490	3838707541	56051	1388.95	429.04	1421.86	487.04	1.59	57.55	0.50	28.39	7214.96	-1408.64	1414.34
Saccade L	1	36	3838707541	3838759546	52005	1421.86	487.04	992.13	633.91	9.83	797.81	0.38	189.08	33260.42	-32732.48	15990.30
Saccade L	1	37	3838759546	3838887542	127996	992.13	633.91	1274.86	450.00	28.32	791.31	0.62	221.26	24580.27	-26780.71	9258.37
Saccade L	1	38	3839847447	3839891427	43980	1161.50	561.42	1139.96	505.24	1.87	91.17	0.27	42.54	3043.85	-2533.95	1737.35
Saccade L	1	39	3839919414	3839951426	32012	1127.77	510.27	1150.60	515.65	1.09	52.25	0.38	33.95	2312.49	-1648.80	1183.62
Saccade L	1	40	3839951426	3839979416	27990	1150.60	515.65	1137.82	496.15	0.95	55.06	0.29	34.02	1271.64	-573.58	506.49
Saccade L	1	41	3839979416	3840003453	24037	1137.82	496.15	1176.33	522.58	0.84	64.07	0.33	34.85	2638.15	-775.20	889.24
Saccade L	1	42	3840319433	3840383442	64009	1154.36	353.26	1055.94	436.99	4.77	175.90	0.38	74.59	6694.93	-4981.85	2716.63
Fixation L	1	3	3840495311	3840575311	80000	1154.67	506.98	28	46	-1	10.89	10.89
Saccade L	1	43	3840575311	3840663317	88006	1166.92	525.69	1262.76	445.97	5.73	188.25	0.77	65.07	6967.86	-6021.15	2410.64
Saccade L	1	44	3840663317	3840683310	19993	1262.76	445.97	1312.22	407.98	0.85	79.04	0.40	42.44	371.78	-2283.81	995.89
Saccade L	1	45	3840875312	3840927312	52000	1353.96	368.16	1320.90	416.62	1.93	64.01	0.38	37.21	1447.05	-1422.87	847.71
Saccade L	1	46	3840927312	3840959337	32025	1320.90	416.62	1334.73	390.39	1.01	59.27	0.62	31.49	2082.02	-2006.78	1276.42
Saccade L	1	47	3840959337	3840983331	23994	1334.73	390.39	1318.26	378.85	0.57	40.67	0.67	23.70	1728.86	-1543.59	848.65
Saccade L	1	48	3840983331	3841023312	39981	1318.26	378.85	1101.82	447.88	5.15	342.21	0.70	128.78	12888.50	-14579.93	8211.03
Saccade L	1	49	3841031306	3841067325	36019	1108.74	442.28	1074.51	459.24	0.88	41.70	0.56	24.42	1307.59	-2168.55	973.00
Fixation L	1	4	3841067325	3841131323	63998	1083.42	452.82	15	30	-1	11.31	11.31
Saccade L	1	50	3841131323	3841163311	31988	1084.57	438.32	1094.04	525.35	1.65	133.87	0.62	51.71	5851.18	-3879.02	3028.17
Saccade L	1	51	3841163311	3841183308	19997	1094.04	525.35	1112.48	496.23	0.59	49.53	0.60	29.68	-482.48	-3528.35	1674.16
Fixation L	1	5	3841183308	3841259319	76011	1124.93	479.14	24	30	-1	11.29	11.29
Saccade L	1	52	3841259319	3841295322	36003	1122.16	469.10	1181.60	502.57	2.43	169.72	0.44	67.45	6901.60	-5144.64	3439.56
Saccade L	1	53	3841295322	3841327323	32001	1181.60	502.57	1209.66	490.54	1.08	78.07	0.25	33.66	734.98	-2517.98	1286.76
Saccade L	1	54	3841415336	3841483317	67981	1218.59	411.55	1322.62	345.60	3.95	160.32	0.35	58.04	7504.64	-5102.90	2694.64
Saccade L	1	55	3841499312	3841535315	36003	1313.78	353.38	1296.44	352.23	1.16	63.08	0.56	32.17	1865.90	-1501.48	1022.86
Saccade L	1	56	3841535315	3841587347	52032	1296.44	352.23	1290.25	460.66	1.96	86.36	0.23	37.68	3638.78	-3193.35	1877.74
Saccade L	1	57	3841587347	3841679344	91997	1290.25	460.66	953.39	483.37	9.54	546.29	0.22	103.68	25499.91	-24461.21	7564.40
Saccade L	1	58	3841699345	3841727321	27976	966.74	484.16	963.76	473.47	0.67	48.38	0.28	23.95	325.15	-1767.42	740.22
Saccade L	1	59	3841771322	3841803332	32010	965.13	498.16	952.54	531.38	0.77	55.47	0.62	23.95	1710.41	-1540.93	1062.01
Fixation L	1	6	3841803332	3841855196	51864	938.67	537.48	25	19	-1	10.94	10.94
Saccade L	1	60	3841855196	3841939250	84054	927.09	548.73	1323.00	389.17	10.97	433.72	0.24	130.56	21590.12	-13956.68	6980.42
Saccade L	1	61	3841995195	3842055193	59998	1289.99	412.78	1307.01	399.83	3.57	121.12	0.47	59.54	2696.75	-3194.23	2001.90
Saccade L	1	62	3842231215	3842283227	52012	1097.61	481.91	1065.84	485.77	1.80	87.47	0.62	34.66	3267.83	-2107.62	1324.53
Saccade L	1	63	3842351202	3842371201	19999	1030.69	507.50	1018.40	493.70	0.61	52.97	0.60	30.47	622.13	-1574.31	706.77
Saccade L	1	64	3842371201	3842479243	108042	1018.40	493.70	-20.85	517.05	26.80	622.66	0.59	248.09	27565.04	-24686.31	10322.04
Fixation L	1	7	3842795206	3843059307	264101	0.01	0.00	0	0	-1	12.03	12.03
Saccade L	1	65	3843059307	3843087210	27903	0.00	0.00	0.00	0.00	7.28	348.08	0.43	261.06	18647.06	-18647.06	15539.21
Saccade L	1	66	3843099205	3843127211	28006	0.00	0.00	0.00	0.00	6.14	292.28	0.43	219.21	15658.03	-15658.03	13048.36
Saccade L	1	67	3843143218	3843171147	27929	0.00	0.00	0.00	0.00	5.71	272.44	0.57	204.33	14594.86	-14594.86	11380.24
Saccade L	1	68	3843179214	3843207219	28005	0.00	0.00	-0.14	0.00	4.91	233.64	0.43	175.20	12513.56	-12512.87	9515.50
Saccade L	1	69	3843387089	3843431131	44042	-122.00	422.89	0.00	0.00	12.83	592.68	0.45	291.36	21629.57	-15791.92	9901.63
Saccade L	1	70	3843531114	3843623083	91969	139.76	401.51	117.64	395.10	5.32	148.60	0.35	57.86	4784.21	-10888.50	2132.06
Saccade L	1	71	3843651104	3843879109	228005	136.88	408.77	883.27	221.57	41.66	824.75	0.49	182.71	15228.75	-27432.97	4791.05
Saccade L	1	72	3843999123	3844083090	83967	965.53	317.70	937.11	354.44	6.15	214.01	0.48	73.24	6058.30	-6619.14	2675.58
Saccade L	1	73	3844091104	3844119116	28012	941.74	356.97	1003.99	356.20	1.39	96.77	0.71	49.50	3925.98	-3555.88	2394.75
Saccade L	1	74	3844131127	3844183113	51986	983.70	368.38	948.55	330.16	1.70	69.89	0.38	32.79	2408.65	-2398.89	1113.98
Saccade L	1	75	3844211112	3844235094	23982	968.98	314.22	977.11	282.64	0.75	69.12	0.67	31.12	2457.08	-1053.55	1195.90
Saccade L	1	76	3844243113	3844283101	39988	973.81	330.72	937.83	386.29	1.84	91.22	0.60	45.89	4732.23	-2934.42	2144.80
Saccade L	1	77	3844283101	3844339112	56011	937.83	386.29	808.63	574.54	7.24	499.53	0.36	129.23	22936.59	-20562.92	9373.32
Saccade L	1	78	3844339112	3844363110	23998	808.63	574.54	828.09	556.74	0.65	49.33	0.50	26.97	1106.22	-642.29	644.82
Saccade L	1	79	3844363110	3844423112	60002	828.09	556.74	753.71	572.67	3.23	139.92	0.60	53.82	4315.82	-5568.50	2392.56
Saccade L	1	80	3844447144	3844471095	23951	763.69	590.86	755.84	607.63	0.51	51.27	0.67	21.31	1523.35	-408.74	561.31
Saccade L	1	81	3844471095	3844571096	100001	755.84	607.63	785.21	501.14	13.29	324.43	0.40	132.88	12412.28	-8067.05	4672.60
Saccade L	1	82	3844619101	3844647115	28014	839.69	436.77	785.73	493.50	1.12	75.96	0.43	39.91	2501.14	-3147.61	2127.25
Saccade L	1	83	3844915004	3844994986	79982	980.21	366.63	947.67	409.43	3.14	122.49	0.60	39.31	3477.84	-2876.00	1295.85
Saccade L	1	84	3845130990	3845171015	40025	304.46	772.86	298.35	819.32	1.95	125.54	0.30	48.81	2636.21	-2899.28	1622.83
Saccade L	1	85	3845171015	3845258992	87977	298.35	819.32	343.66	1003.26	11.87	382.59	0.55	134.88	9584.25	-10425.88	4976.74
Saccade L	1	86	3845258992	3845279011	20019	343.66	1003.26	292.04	1001.51	1.03	102.61	0.60	51.43	8320.52	106.38	2646.13
Saccade L	1	87	3845382989	3845486997	104008	359.94	1019.95	318.06	926.57	36.10	1323.12	0.27	347.12	54859.53	-36915.90	16323.19
Saccade L	1	88	3845486997	3845506990	19993	318.06	926.57	317.31	951.33	0.56	52.84	0.60	27.84	1252.85	-245.22	702.79
Saccade L	1	89	3845506990	3845574989	67999	317.31	951.33	-2.50	0.00	53.43	2133.61	0.65	785.75	78470.69	-51133.76	30836.89
Fixation L	1	8	3845630994	3849534674	3903680	-0.01	0.00	2	0	-1	11.49	11.49
Saccade L	1	90	3849566653	3849602666	36013	-0.03	0.00	0.00	0.00	22.59	1141.53	0.67	627.26	25711.11	-45588.46	19852.91
Saccade L	1	91	3849610655	3849642654	31999	0.00	0.00	0.00	0.00	19.06	1194.11	0.38	595.71	48102.03	-42791.38	24968.79
Saccade L	1	92	3849642654	3849674665	32011	0.00	0.00	-0.09	0.00	19.15	1195.76	0.75	598.26	42819.78	-58688.31	26852.48
Fixation L	1	9	3849674665	3850170675	496010	0.00	0.00	0	0	-1	11.79	11.79
Saccade L	1	93	3850238668	3850290540	51872	648.80	692.14	769.88	608.00	3.46	243.46	0.23	66.80	10088.53	-10343.74	4436.01
Fixation L	1	10	3850290540	3850382539	91999	777.08	624.60	15	44	-1	11.58	11.58
Saccade L	1	94	3850382539	3850446571	64032	775.78	636.33	830.94	589.62	2.51	98.38	0.31	39.17	4554.18	-2735.45	1758.12
Saccade L	1	95	3850462550	3850482563	20013	831.11	579.34	814.96	592.38	0.49	46.16	0.60	24.51	1590.08	-686.62	887.65
Saccade L	1	96	3850490577	3850534595	44018	823.23	577.08	766.31	645.94	2.14	137.44	0.27	48.68	5362.40	-4809.05	2689.23
Saccade L	1	97	3850562559	3850594543	31984	789.51	636.26	798.86	625.50	0.76	46.99	0.50	23.90	774.68	-1334.15	539.45
Saccade L	1	98	3850594543	3850618546	24003	798.86	625.50	817.29	613.95	0.51	40.83	0.67	21.33	1365.81	-860.59	693.25
Fixation L	1	11	3850618546	3850762548	144002	828.29	620.90	47	30	-1	11.68	11.68
Saccade L	1	99	3850762548	3850806586	44038	836.05	630.22	857.02	647.83	0.98	43.59	0.54	22.17	1198.67	-1454.05	797.46
Saccade L	1	100	3850822585	3850886552	63967	859.81	652.37	785.54	686.45	2.12	61.56	0.75	33.13	2286.95	-1974.96	1116.96
Saccade L	1	101	3850922564	3850966581	44017	759.44	694.15	831.82	659.37	2.37	158.21	0.27	53.83	6674.11	-6378.28	3583.45
Fixation L	1	12	3850966581	3851062573	95992	823.24	666.41	20	31	-1	12.24	12.24
Saccade L	1	102	3851090566	3851142588	52022	823.35	669.11	808.03	648.14	4.98	252.71	0.61	95.68	8225.72	-9476.56	5056.68
Fixation L	1	13	3851142588	3851210554	67966	817.02	648.40	24	25	-1	11.69	11.69
Saccade L	1	103	3851210554	3851274576	64022	810.01	663.66	840.62	656.94	1.59	61.94	0.50	24.83	2043.40	-1562.24	787.06
Saccade L	1	104	3851294571	3851334563	39992	845.36	662.04	779.97	630.71	1.45	85.49	0.50	36.14	6386.51	-3461.17	2400.85
Fixation L	1	14	3851598566	3851802452	203886	12.26	21.51	625	1096	-1	0.00	0.00
