[BeGaze]
Converted from:	D:\Kirillov\Results\fatcat\P01-eye_data.idf
Date:	29.05.2019 04:55:17
Version:	BeGaze 3.0.181
Sample Rate:	250
Subject:	P01
Description:	Run1

Table Header for Fixations:
Event Type	Trial	Number	Start	End	Duration	Location X	Location Y	Dispersion X	Dispersion Y	Plane	Avg. Pupil Size X	Avg. Pupil Size Y

Table Header for Saccades:
Event Type	Trial	Number	Start	End	Duration	Start Loc.X	Start Loc.Y	End Loc.X	End Loc.Y	Amplitude	Peak Speed	Peak Speed At	Average Speed	Peak Accel.	Peak Decel.	Average Accel.

Table Header for User Events:
Event Type	Trial	Number	Start	Description

UserEvent	1	1	3144174421	# Message: 2.jpg
Fixation L	1	1	3144174783	3144286757	111974	422.39	436.85	14	20	-1	12.50	12.50
Saccade L	1	1	3144286757	3144338746	51989	428.92	444.60	723.97	543.86	6.98	265.15	0.39	134.18	12419.20	-10600.59	7806.12
Fixation L	1	2	3144338746	3144574750	236004	724.70	542.40	21	19	-1	12.71	12.71
Saccade L	1	2	3144574750	3144626790	52040	734.12	538.64	474.45	619.52	5.86	283.38	0.31	112.55	13703.91	-11731.58	7545.91
Fixation L	1	3	3144626790	3144762752	135962	483.08	636.07	15	22	-1	12.94	12.94
Saccade L	1	3	3144762752	3144834793	72041	472.95	638.13	1074.55	629.36	13.62	443.07	0.28	189.12	21642.27	-15234.86	9590.49
Fixation L	1	4	3144834793	3145006786	171993	1057.17	627.35	33	10	-1	12.93	12.93
Saccade L	1	4	3145006786	3145042755	35969	1062.58	625.72	1108.54	502.78	2.80	181.16	0.44	77.82	8279.07	-7840.50	5683.51
Fixation L	1	5	3145042755	3145354759	312004	1111.66	481.70	34	38	-1	12.93	12.93
Saccade L	1	5	3145354759	3145382749	27990	1104.11	469.58	1183.25	458.25	1.62	125.37	0.43	58.05	5891.37	-5370.08	4118.12
Fixation L	1	6	3145382749	3145554764	172015	1203.09	454.32	27	16	-1	12.52	12.52
Saccade L	1	6	3145554764	3145586679	31915	1209.73	450.17	1290.57	441.85	1.70	112.26	0.50	53.38	5083.22	-4882.08	3540.24
Fixation L	1	7	3145586679	3145814631	227952	1294.48	434.43	8	18	-1	12.49	12.49
Saccade L	1	7	3145814631	3145838655	24024	1296.47	445.87	1362.22	443.67	1.39	120.47	0.67	57.81	5802.98	-5500.84	3998.68
Fixation L	1	8	3145838655	3146010669	172014	1369.79	444.88	15	10	-1	12.42	12.42
Saccade L	1	8	3146010669	3146066644	55975	1373.74	451.34	1092.70	485.56	6.13	293.69	0.29	109.51	14244.80	-13248.37	7371.41
Fixation L	1	9	3146066644	3146318648	252004	1086.64	488.83	32	20	-1	12.69	12.69
Saccade L	1	9	3146318648	3146346655	28007	1084.91	480.28	1168.06	493.00	1.73	133.05	0.57	61.90	5827.29	-5774.44	4254.06
Fixation L	1	10	3146346655	3146630641	283986	1172.45	498.35	20	15	-1	12.84	12.84
Saccade L	1	10	3146630641	3146658682	28041	1177.37	496.63	1105.95	491.99	1.55	130.60	0.57	55.36	5677.83	-5094.71	3907.34
Fixation L	1	11	3146658682	3146814681	155999	1094.05	487.54	21	22	-1	12.50	12.50
Saccade L	1	11	3146814681	3146854649	39968	1089.84	496.92	843.12	576.89	5.41	280.36	0.40	135.29	13651.00	-11818.38	8909.24
Fixation L	1	12	3146854649	3147018541	163892	851.16	588.75	12	18	-1	12.82	12.82
Saccade L	1	12	3147018541	3147054520	35979	854.39	594.71	833.58	509.44	1.81	101.98	0.45	50.34	4651.12	-4218.33	3202.45
Saccade L	1	13	3147090577	3147138543	47966	822.57	516.83	1104.31	486.83	6.13	290.20	0.42	127.83	13551.81	-12571.84	8795.65
Fixation L	1	13	3147138543	3147466539	327996	1106.23	496.79	24	20	-1	12.74	12.74
Saccade L	1	14	3147466539	3147510536	43997	1112.34	493.49	1072.70	663.41	3.85	181.97	0.36	87.46	8481.45	-6549.55	5246.96
Fixation L	1	14	3147510536	3147642546	132010	1070.44	663.56	8	8	-1	12.73	12.73
Fixation L	1	15	3147702553	3147802544	99991	761.29	879.13	15	17	-1	12.96	12.96
Saccade L	1	15	3147802544	3147838571	36027	762.19	888.34	775.32	840.04	1.00	54.01	0.33	27.79	2337.22	-1877.80	1428.17
Fixation L	1	16	3147838571	3148042569	203998	780.98	842.78	25	10	-1	12.91	12.91
Saccade L	1	16	3148042569	3148098578	56009	767.49	844.04	818.09	514.81	7.28	289.05	0.21	129.92	13605.70	-8661.33	6944.13
Fixation L	1	17	3148098578	3148246539	147961	810.63	530.01	20	26	-1	12.39	12.39
Saccade L	1	17	3148246539	3148278556	32017	805.97	540.13	806.41	487.88	1.07	59.48	0.38	33.50	2917.55	-2462.77	1969.16
Fixation L	1	18	3148278556	3148454431	175875	805.55	496.72	8	23	-1	12.41	12.41
Saccade L	1	18	3148454431	3148506446	52015	806.36	488.29	1122.61	527.04	7.06	290.58	0.46	135.63	13433.59	-13087.68	8500.69
Fixation L	1	19	3148506446	3148782435	275989	1110.43	522.00	22	40	-1	12.58	12.58
Saccade L	1	19	3148782435	3148818498	36063	1106.99	501.29	1056.65	593.68	2.30	143.50	0.33	63.81	6192.84	-5908.16	4093.20
Fixation L	1	20	3148818498	3149066429	247931	1068.31	606.26	24	19	-1	12.70	12.70
Saccade L	1	20	3149066429	3149098448	32019	1079.93	606.98	1093.83	673.02	1.43	90.84	0.38	44.62	4298.84	-3717.43	2806.84
Fixation L	1	21	3149098448	3149710432	611984	1089.22	707.06	59	66	-1	12.75	12.75
Saccade L	1	21	3149710432	3149738463	28031	1102.06	736.30	1093.54	625.47	2.33	184.25	0.57	82.96	8337.56	-7970.86	5980.24
Fixation L	1	22	3149738463	3150134327	395864	1085.32	605.83	23	41	-1	12.57	12.57
Saccade L	1	22	3150134327	3150182319	47992	1098.61	592.48	870.11	507.89	5.33	252.44	0.42	110.99	12560.59	-10206.66	7286.54
Fixation L	1	23	3150182319	3150318332	136013	871.60	495.99	16	18	-1	12.84	12.84
Saccade L	1	23	3150318332	3150346346	28014	882.35	500.04	802.40	497.07	1.69	132.76	0.57	60.26	5904.07	-5588.45	4222.39
Saccade L	1	24	3150394330	3150482333	88003	795.30	472.11	354.98	261.82	11.10	275.55	0.23	126.16	13361.93	-7369.52	5131.33
Fixation L	1	24	3150482333	3150578320	95987	362.26	263.13	17	9	-1	12.72	12.72
Saccade L	1	25	3150578320	3150614324	36004	366.38	262.27	243.73	240.65	2.62	175.97	0.56	72.85	7977.08	-7692.42	5391.56
Fixation L	1	25	3150614324	3150790354	176030	238.59	245.68	16	19	-1	12.80	12.80
Saccade L	1	26	3150790354	3150830336	39982	231.32	253.70	338.02	253.29	2.30	127.79	0.50	57.46	5475.91	-5310.89	3684.37
Fixation L	1	26	3150830336	3150998345	168009	348.56	243.73	15	18	-1	12.79	12.79
Saccade L	1	27	3150998345	3151034320	35975	355.89	234.25	493.49	240.93	2.91	194.43	0.44	81.00	8777.67	-8732.51	6104.86
Fixation L	1	27	3151034320	3151170333	136013	494.03	249.04	10	14	-1	12.77	12.77
Saccade L	1	28	3151170333	3151198211	27878	489.94	253.85	541.32	251.42	1.12	75.40	0.43	40.01	3584.23	-3042.92	2441.88
Fixation L	1	28	3151198211	3151330242	132031	554.83	251.86	17	8	-1	12.90	12.90
Saccade L	1	29	3151330242	3151358225	27983	552.45	247.97	623.17	247.50	1.51	125.78	0.57	54.14	5686.34	-5414.02	3967.46
Fixation L	1	29	3151358225	3151542216	183991	633.74	247.30	19	12	-1	12.83	12.83
Saccade L	1	30	3151542216	3151590218	48002	634.71	246.45	285.72	273.46	7.81	326.54	0.42	162.60	15557.02	-13402.65	9850.96
Fixation L	1	30	3151590218	3151826224	236006	290.84	275.30	47	12	-1	12.87	12.87
Saccade L	1	31	3151826224	3151870215	43991	300.40	265.46	515.96	300.42	4.68	269.41	0.36	106.41	12194.69	-10026.64	7221.12
Fixation L	1	31	3151870215	3152050234	180019	528.39	311.16	15	14	-1	13.12	13.12
Saccade L	1	32	3152050234	3152126219	75985	526.76	309.55	203.86	595.33	9.72	289.19	0.26	127.96	13915.34	-6589.46	5539.45
Fixation L	1	32	3152126219	3152226234	100015	206.25	586.33	27	15	-1	13.05	13.05
Saccade L	1	33	3152226234	3152254217	27983	186.94	580.66	169.52	520.92	1.34	102.70	0.57	47.73	4117.66	-4315.93	3100.81
Fixation L	1	33	3152254217	3152518231	264014	169.59	513.94	7	26	-1	13.03	13.03
Saccade L	1	34	3152518231	3152570247	52016	163.87	523.78	317.28	786.34	6.56	264.07	0.31	126.18	12533.94	-9803.93	7386.75
Fixation L	1	34	3152570247	3152686103	115856	328.43	803.96	18	24	-1	13.19	13.19
Saccade L	1	35	3152686103	3152710097	23994	335.37	812.40	292.64	862.31	1.37	120.78	0.50	57.23	5036.86	-4716.92	3611.75
Fixation L	1	35	3152710097	3152994137	284040	277.82	882.74	31	26	-1	13.06	13.06
Saccade L	1	36	3152994137	3153046131	51994	279.72	879.08	809.56	838.06	11.36	381.35	0.46	218.58	18087.45	-16983.78	11627.06
Fixation L	1	36	3153046131	3153286144	240013	813.56	826.36	32	24	-1	12.91	12.91
Saccade L	1	37	3153286144	3153346119	59975	797.65	816.42	1093.17	477.96	10.10	347.73	0.47	168.41	15991.56	-13936.74	9506.89
Fixation L	1	37	3153346119	3153674117	327998	1099.69	498.61	12	27	-1	12.84	12.84
Saccade L	1	38	3153674117	3153718106	43989	1102.27	502.89	1326.88	461.95	4.97	230.19	0.36	113.09	10832.74	-8405.67	6856.65
Fixation L	1	38	3153718106	3153906110	188004	1335.97	454.20	28	31	-1	12.56	12.56
Saccade L	1	39	3153906110	3153942121	36011	1322.45	457.51	1148.80	474.33	3.74	248.46	0.44	103.91	11640.29	-11557.09	7955.31
Fixation L	1	39	3153942121	3154150008	207887	1135.05	470.11	18	15	-1	12.90	12.90
Saccade L	1	40	3154150008	3154189992	39984	1137.30	465.40	1200.10	473.17	1.30	77.48	0.30	32.58	3583.23	-2257.92	1535.16
Fixation L	1	40	3154189992	3154317991	127999	1198.72	468.79	7	10	-1	12.73	12.73
Saccade L	1	41	3154317991	3154370028	52037	1194.35	475.47	1341.02	452.91	3.22	156.43	0.31	61.93	7295.70	-6550.85	3862.71
Fixation L	1	41	3154370028	3154538015	167987	1334.76	454.72	15	36	-1	12.53	12.53
Saccade L	1	42	3154538015	3154562025	24010	1329.69	434.30	1378.37	444.78	1.10	95.84	0.50	45.62	3992.16	-3859.19	2897.01
Fixation L	1	42	3154562025	3154717995	155970	1397.39	448.24	27	22	-1	12.55	12.55
Saccade L	1	43	3154717995	3154766008	48013	1396.75	457.37	1048.41	602.74	8.22	372.37	0.42	171.20	17077.63	-16295.90	11323.97
Fixation L	1	43	3154766008	3154974017	208009	1036.18	629.59	24	48	-1	13.06	13.06
Saccade L	1	44	3154974017	3155014001	39984	1023.99	636.15	1105.80	714.68	2.37	153.68	0.30	59.21	7068.87	-6336.30	3941.07
Fixation L	1	44	3155014001	3155322007	308006	1109.00	717.76	27	23	-1	13.15	13.15
Saccade L	1	45	3155322007	3155366024	44017	1091.21	733.90	827.03	827.52	6.09	290.52	0.36	138.34	13885.89	-12823.29	9222.95
Fixation L	1	45	3155366024	3155657902	291878	805.61	840.42	33	30	-1	13.28	13.28
Saccade L	1	46	3155657902	3155701887	43985	799.92	836.18	783.30	493.14	7.35	359.34	0.36	167.10	17404.61	-12787.06	10346.36
Fixation L	1	46	3155701887	3155905883	203996	785.98	499.54	44	26	-1	12.95	12.95
Saccade L	1	47	3155905883	3155945898	40015	806.75	497.19	697.71	538.11	2.58	139.36	0.40	64.47	6717.62	-5917.84	4163.39
Fixation L	1	47	3155945898	3156085889	139991	697.86	539.19	6	16	-1	12.92	12.92
Saccade L	1	48	3156085889	3156117903	32014	701.19	524.66	812.70	499.20	2.42	173.13	0.50	75.71	7892.21	-7709.01	5514.14
Fixation L	1	48	3156117903	3156385927	268024	800.04	494.89	44	8	-1	13.05	13.05
Saccade L	1	49	3156385927	3156449908	63981	793.65	499.00	1049.73	682.91	7.21	302.14	0.31	112.73	14573.55	-11320.95	6961.96
Fixation L	1	49	3156449908	3156781800	331892	1082.39	686.66	44	23	-1	13.28	13.28
Saccade L	1	50	3156781800	3156801825	20025	1083.39	694.74	1096.61	720.02	0.57	49.96	0.60	28.35	2117.63	-1718.07	1455.62
Fixation L	1	50	3156801825	3157029792	227967	1111.45	727.39	21	17	-1	13.25	13.25
Saccade L	1	51	3157029792	3157061776	31984	1116.61	740.31	1093.11	647.52	2.02	132.48	0.50	63.17	5945.36	-5832.49	4276.02
Fixation L	1	51	3157061776	3157389771	327995	1086.83	620.49	20	36	-1	12.93	12.93
Saccade L	1	52	3157389771	3157421779	32008	1093.33	613.41	1094.46	690.58	1.62	118.70	0.50	50.66	5108.49	-4708.20	3585.35
Fixation L	1	52	3157421779	3157677780	256001	1088.97	693.20	15	13	-1	12.89	12.89
Saccade L	1	53	3157677780	3157697780	20000	1090.84	688.88	1089.42	641.57	0.89	88.69	0.60	44.67	3835.45	-3133.33	2444.43
Fixation L	1	53	3157697780	3157997788	300008	1089.76	637.31	23	27	-1	12.91	12.91
Saccade L	1	54	3157997788	3158025814	28026	1097.54	643.62	1091.09	597.01	0.94	62.58	0.57	33.45	2863.69	-2581.17	2043.16
Fixation L	1	54	3158025814	3158097808	71994	1086.28	587.93	6	18	-1	13.04	13.04
Saccade L	1	55	3158097808	3158169814	72006	1085.68	578.99	794.38	521.13	6.71	290.05	0.28	93.23	13134.78	-11494.73	5840.76
Fixation L	1	55	3158169814	3158277656	107842	792.17	518.91	8	8	-1	13.01	13.01
Saccade L	1	56	3158277656	3158309689	32033	793.67	515.29	697.46	520.80	1.97	138.10	0.38	61.64	6276.24	-6277.04	4455.70
Fixation L	1	56	3158309689	3158541674	231985	695.42	529.99	17	19	-1	13.15	13.15
Saccade L	1	57	3158541674	3158569661	27987	687.38	532.66	803.34	517.31	2.35	179.41	0.43	83.82	8331.03	-7980.72	6024.55
Fixation L	1	57	3158569661	3158841687	272026	808.27	491.47	16	39	-1	12.95	12.95
Saccade L	1	58	3158841687	3158897670	55983	806.43	479.10	1101.51	696.51	7.94	327.51	0.36	141.82	16010.87	-8337.48	7776.84
Fixation L	1	58	3158897670	3159009691	112021	1098.18	700.40	9	12	-1	13.16	13.16
Saccade L	1	59	3159009691	3159033676	23985	1097.53	707.69	1097.79	736.50	0.72	61.13	0.50	30.03	2436.02	-1758.19	1550.43
Fixation L	1	59	3159033676	3159313674	279998	1098.35	746.95	17	41	-1	13.25	13.25
Saccade L	1	60	3159313674	3159341704	28030	1096.43	718.94	1080.56	666.81	1.16	76.62	0.43	41.42	3424.45	-3144.61	2436.46
Fixation L	1	60	3159341704	3159693549	351845	1075.39	657.43	26	37	-1	13.37	13.37
Saccade L	1	61	3159693549	3159749586	56037	1083.56	647.38	841.27	513.26	6.10	280.10	0.29	108.92	13590.76	-10222.39	6821.62
Fixation L	1	61	3159749586	3160129608	380022	829.34	484.62	26	52	-1	13.19	13.19
Saccade L	1	62	3160129608	3160193578	63970	834.71	468.87	1064.67	599.08	5.92	306.64	0.37	92.49	14324.30	-13241.44	6442.41
Fixation L	1	62	3160193578	3160473597	280019	1082.87	612.46	25	19	-1	13.50	13.50
Saccade L	1	63	3160473597	3160509567	35970	1084.02	618.64	1103.56	748.20	2.78	169.20	0.44	77.36	7399.14	-7354.64	5325.90
Fixation L	1	63	3160509567	3160921566	411999	1115.96	752.34	22	20	-1	13.53	13.53
Saccade L	1	64	3160921566	3160953563	31997	1112.33	747.23	1116.00	661.68	1.75	114.64	0.50	54.60	5077.65	-5125.14	3796.59
Fixation L	1	64	3160953563	3161173449	219886	1115.19	670.11	17	12	-1	13.49	13.49
Saccade L	1	65	3161173449	3161197471	24022	1105.75	669.42	1111.18	727.66	1.24	99.30	0.50	51.80	4303.51	-3865.35	3076.90
Fixation L	1	65	3161197471	3161321455	123984	1110.67	736.46	13	12	-1	13.45	13.45
Saccade L	1	66	3161321455	3161381443	59988	1108.81	736.17	692.83	634.23	9.41	314.32	0.40	156.81	14738.88	-12010.70	8480.80
Fixation L	1	66	3161381443	3161529462	148019	679.02	613.16	22	31	-1	13.34	13.34
Saccade L	1	67	3161529462	3161573445	43983	677.95	602.59	657.30	555.32	1.29	45.15	0.45	29.39	1938.69	-1413.46	1178.95
Fixation L	1	67	3161573445	3161713464	140019	653.14	553.50	8	6	-1	13.17	13.17
Saccade L	1	68	3161713464	3161745488	32024	650.62	552.31	687.34	543.29	0.79	42.03	0.38	24.73	1893.87	-1343.33	1046.77
Fixation L	1	68	3161745488	3162173472	427984	681.57	548.90	34	29	-1	13.20	13.20
Saccade L	1	69	3162173472	3162217462	43990	673.64	553.23	662.86	790.83	5.15	218.18	0.45	117.09	10128.59	-9232.63	6995.26
Fixation L	1	69	3162217462	3162333466	116004	673.10	794.22	18	10	-1	13.38	13.38
Saccade L	1	70	3162333466	3162357470	24004	676.82	792.31	674.18	821.69	0.59	41.78	0.50	24.61	1822.72	-1398.99	1183.40
Fixation L	1	70	3162357470	3162445355	87885	664.32	835.53	18	19	-1	13.35	13.35
Saccade L	1	71	3162445355	3162501342	55987	654.63	841.21	1111.06	720.98	10.25	384.07	0.36	183.14	18245.71	-14203.55	10874.89
Fixation L	1	71	3162501342	3162621352	120010	1122.32	714.02	22	13	-1	13.31	13.31
Saccade L	1	72	3162621352	3162649360	28008	1132.10	717.73	1100.79	720.75	0.71	44.65	0.57	25.35	1894.36	-1298.93	1181.16
Fixation L	1	72	3162649360	3162757336	107976	1088.75	730.15	16	16	-1	13.26	13.26
Saccade L	1	73	3162757336	3162797349	40013	1084.13	727.83	1123.79	737.39	0.86	42.83	0.30	21.53	1709.91	-965.88	847.55
Fixation L	1	73	3162797349	3162909346	111997	1121.19	739.47	13	3	-1	13.10	13.10
Saccade L	1	74	3162909346	3162969357	60011	1121.61	737.84	740.58	539.02	9.56	358.19	0.27	159.29	17621.38	-12432.21	9341.15
Fixation L	1	74	3162969357	3163089361	120004	740.48	548.29	11	20	-1	13.17	13.17
Saccade L	1	75	3163089361	3163117351	27990	738.01	546.65	692.30	555.29	0.94	61.79	0.43	33.64	2616.33	-2684.24	1987.52
Fixation L	1	75	3163117351	3163277362	160011	688.43	543.63	8	20	-1	13.32	13.32
Saccade L	1	76	3163277362	3163317372	40010	688.93	544.04	536.52	573.50	3.32	206.99	0.40	83.10	10078.14	-9527.54	6361.45
Fixation L	1	76	3163317372	3163709369	391997	534.14	577.84	12	11	-1	13.19	13.19
Saccade L	1	77	3163709369	3163769344	59975	540.70	575.32	1051.49	620.11	11.37	382.58	0.40	189.55	18037.79	-14869.30	10537.23
Fixation L	1	77	3163769344	3163925242	155898	1048.16	602.94	17	27	-1	13.01	13.01
Fixation L	1	78	3163969243	3164253235	283992	1091.86	592.86	12	10	-1	12.98	12.98
Saccade L	1	78	3164253235	3164317238	64003	1092.14	592.46	535.11	595.72	12.23	378.92	0.50	191.06	16236.38	-13982.18	9855.53
Fixation L	1	79	3164317238	3164469260	152022	520.67	592.28	20	15	-1	13.03	13.03
Saccade L	1	79	3164469260	3164497235	27975	517.50	591.73	441.47	597.69	1.54	116.73	0.57	55.01	5140.80	-5171.32	3784.00
Fixation L	1	80	3164497235	3164681241	184006	437.64	598.33	11	7	-1	13.05	13.05
Saccade L	1	80	3164681241	3164733232	51991	437.08	595.90	296.03	662.49	3.35	223.93	0.31	64.38	9541.96	-8784.19	4632.89
Fixation L	1	81	3164733232	3164905257	172025	305.52	661.99	35	8	-1	13.48	13.48
Saccade L	1	81	3164905257	3164945251	39994	321.11	664.88	432.22	602.07	2.90	169.31	0.40	72.44	8028.57	-6762.65	4793.18
Fixation L	1	82	3164945251	3165109238	163987	441.50	593.96	15	12	-1	13.25	13.25
Saccade L	1	82	3165109238	3165285117	175879	434.86	591.24	1049.67	607.28	34.05	643.98	0.43	193.60	13549.60	-23594.28	5177.06
Fixation L	1	83	3165285117	3165385115	99998	1039.05	618.05	15	21	-1	13.26	13.26
Saccade L	1	83	3165385115	3165417152	32037	1043.42	628.99	1083.99	615.60	0.93	54.73	0.50	29.12	2130.58	-2017.62	1503.78
Fixation L	1	84	3165417152	3165529128	111976	1085.03	613.63	4	7	-1	13.39	13.39
Saccade L	1	84	3165529128	3165569164	40036	1085.76	609.21	878.15	491.47	5.19	277.38	0.40	129.57	13162.57	-12289.83	8819.87
Fixation L	1	85	3165569164	3166337152	767988	826.13	484.48	66	51	-1	13.01	13.01
