[BeGaze]
Converted from:	D:\Kirillov\Results\fatcat\P03-eye_data.idf
Date:	29.05.2019 04:55:18
Version:	BeGaze 3.0.181
Sample Rate:	250
Subject:	P03
Description:	Run3

Table Header for Fixations:
Event Type	Trial	Number	Start	End	Duration	Location X	Location Y	Dispersion X	Dispersion Y	Plane	Avg. Pupil Size X	Avg. Pupil Size Y

Table Header for Saccades:
Event Type	Trial	Number	Start	End	Duration	Start Loc.X	Start Loc.Y	End Loc.X	End Loc.Y	Amplitude	Peak Speed	Peak Speed At	Average Speed	Peak Accel.	Peak Decel.	Average Accel.

Table Header for User Events:
Event Type	Trial	Number	Start	Description

UserEvent	1	1	3534384284	# Message: 2.jpg
Fixation L	1	1	3534385791	3534529817	144026	424.05	403.41	36	29	-1	12.64	12.64
Saccade L	1	1	3534529817	3534553884	24067	420.41	413.28	423.07	379.58	0.76	46.05	0.67	31.54	4291.01	445.23	1574.37
Saccade L	1	2	3534553884	3534597905	44021	423.07	379.58	542.82	338.97	2.89	157.95	0.27	65.63	5357.73	-5745.71	3429.05
Fixation L	1	2	3534597905	3534709797	111892	539.82	328.58	15	21	-1	12.77	12.77
Saccade L	1	3	3534709797	3534753826	44029	527.58	329.22	268.52	266.68	6.16	275.61	0.36	139.84	12351.17	-10989.63	8012.42
Saccade L	1	4	3534753826	3534777792	23966	268.52	266.68	271.67	192.74	1.28	108.06	0.50	53.56	2270.07	-3821.89	2299.95
Fixation L	1	3	3534777792	3534869793	92001	251.99	210.39	41	41	-1	12.78	12.78
Saccade L	1	5	3534869793	3534901772	31979	228.45	234.54	295.44	231.03	1.30	75.98	0.25	40.54	2162.12	-1627.83	1211.62
Fixation L	1	4	3534901772	3534965814	64042	284.90	220.05	20	19	-1	13.02	13.02
Saccade L	1	6	3534965814	3535021770	55956	273.30	211.55	347.00	254.17	2.70	118.72	0.21	48.32	4902.36	-3527.30	2168.32
Fixation L	1	5	3535021770	3535201786	180016	355.86	277.05	21	37	-1	12.68	12.68
Saccade L	1	7	3535201786	3535225783	23997	362.20	272.61	277.33	274.94	1.66	134.82	0.50	68.98	5920.83	-5344.62	4134.66
Fixation L	1	6	3535225783	3535405773	179990	260.37	285.41	29	34	-1	12.51	12.51
Saccade L	1	8	3535405773	3535441784	36011	266.14	310.26	416.71	310.11	3.10	202.63	0.44	86.04	8887.84	-9127.94	6220.07
Fixation L	1	7	3535441784	3535589794	148010	405.34	293.33	33	38	-1	12.45	12.45
Saccade L	1	9	3535589794	3535625778	35984	397.95	300.66	512.06	295.58	2.39	154.67	0.56	66.37	5799.33	-6995.45	4347.38
Fixation L	1	8	3535625778	3535821779	196001	503.63	293.70	27	21	-1	12.65	12.65
Saccade L	1	10	3535821779	3535849791	28012	486.12	279.65	623.21	270.90	2.71	226.41	0.43	96.69	9696.68	-9275.02	6981.66
Fixation L	1	9	3535849791	3536381653	531862	614.75	290.70	59	51	-1	13.00	13.00
Saccade L	1	11	3536381653	3536421678	40025	585.90	313.48	669.75	291.75	2.32	128.94	0.40	57.93	6097.15	-4847.54	3264.96
Fixation L	1	10	3536421678	3536745679	324001	671.01	283.30	23	21	-1	13.42	13.42
Saccade L	1	12	3536745679	3536801589	55910	669.91	287.66	1224.48	420.28	12.30	370.38	0.36	219.97	17544.99	-16270.77	10150.54
Fixation L	1	11	3536801589	3537013668	212079	1197.64	412.96	36	39	-1	13.92	13.92
Saccade L	1	13	3537013668	3537045698	32030	1192.17	392.00	1344.12	395.94	3.21	221.39	0.50	100.22	10286.61	-10084.86	7388.73
Fixation L	1	12	3537045698	3537269702	224004	1326.91	410.28	30	27	-1	13.87	13.87
Saccade L	1	14	3537269702	3537301688	31986	1315.38	426.35	1380.18	441.96	1.64	116.19	0.50	51.42	4970.95	-4728.07	3507.97
Fixation L	1	13	3537301688	3537409628	107940	1381.72	425.37	8	32	-1	13.45	13.45
Saccade L	1	15	3537409628	3537453565	43937	1381.40	411.88	1094.33	480.84	6.80	404.02	0.46	154.83	19347.18	-19110.75	11988.74
Fixation L	1	14	3537453565	3537613544	159979	1090.76	484.94	18	10	-1	13.58	13.58
Saccade L	1	16	3537613544	3537669566	56022	1080.83	485.01	567.06	304.06	12.20	386.70	0.57	217.74	12675.45	-16873.24	10202.20
Fixation L	1	15	3537669566	3538001577	332011	586.80	295.59	39	11	-1	13.25	13.25
Saccade L	1	17	3538001577	3538037555	35978	572.93	297.14	342.40	300.53	4.79	324.35	0.44	133.07	14572.48	-14410.57	10140.38
Fixation L	1	16	3538037555	3538217559	180004	345.16	300.36	20	8	-1	12.93	12.93
Saccade L	1	18	3538217559	3538245553	27994	340.62	303.73	288.63	296.85	1.00	63.36	0.43	35.71	2818.76	-2573.11	2043.19
Fixation L	1	17	3538245553	3538437557	192004	284.21	289.03	12	11	-1	13.01	13.01
Saccade L	1	19	3538437557	3538477578	40021	281.27	290.48	543.58	302.40	5.59	235.50	0.30	139.60	11438.57	-10198.51	8148.88
Fixation L	1	18	3538477578	3538693591	216013	541.98	299.54	13	35	-1	13.22	13.22
Saccade L	1	20	3538693591	3538721478	27887	538.51	312.82	497.94	297.18	0.90	52.22	0.43	32.43	2132.91	-2002.57	1531.76
Fixation L	1	19	3538721478	3538929445	207967	491.47	292.58	9	10	-1	13.32	13.32
Saccade L	1	21	3538929445	3538973447	44002	488.17	296.03	702.52	329.97	4.69	252.35	0.55	106.66	11297.19	-10965.33	7531.41
Fixation L	1	20	3538973447	3539549472	576025	673.10	313.25	74	38	-1	13.87	13.87
Saccade L	1	22	3539549472	3539605450	55978	663.25	325.48	1059.73	501.14	9.91	346.11	0.36	176.97	16428.41	-11735.97	9243.02
Fixation L	1	21	3539605450	3539821458	216008	1079.99	500.01	33	14	-1	13.87	13.87
Saccade L	1	23	3539821458	3539845474	24016	1090.87	497.73	1092.34	468.22	0.65	50.13	0.50	27.11	1931.80	-1898.01	1493.05
Fixation L	1	22	3539845474	3540129470	283996	1106.54	454.07	43	34	-1	13.60	13.60
Saccade L	1	24	3540129470	3540177477	48007	1134.09	435.46	1042.16	568.75	3.48	170.35	0.33	72.49	7882.31	-6112.04	4322.09
Saccade L	1	25	3540265362	3540305388	40026	1054.77	576.90	1067.09	519.74	1.38	65.07	0.50	34.50	2340.20	-2034.96	1470.76
Fixation L	1	23	3540305388	3540377334	71946	1058.69	519.18	39	11	-1	13.42	13.42
Saccade L	1	26	3540377334	3540405338	28004	1035.34	525.02	1079.50	543.76	0.90	48.33	0.57	32.18	1150.35	-1417.24	943.38
Saccade L	1	27	3540421335	3540469350	48015	1096.35	548.77	647.66	540.19	9.55	440.56	0.33	198.92	20205.37	-10810.34	10808.26
Fixation L	1	24	3540469350	3540605331	135981	642.54	517.13	24	35	-1	13.16	13.16
Saccade L	1	28	3540605331	3540665340	60009	651.40	519.95	662.51	470.45	3.59	123.35	0.27	59.90	5381.34	-3961.83	2373.05
Fixation L	1	25	3540665340	3540881354	216014	670.69	481.64	26	19	-1	12.98	12.98
Saccade L	1	29	3540881354	3540933353	51999	685.58	487.01	612.40	941.16	9.83	348.25	0.62	189.04	14404.73	-16371.17	10076.72
Fixation L	1	26	3540933353	3541081363	148010	625.94	941.67	27	29	-1	13.60	13.60
Fixation L	1	27	3541097373	3541345301	247928	644.29	876.46	47	55	-1	12.97	12.97
Saccade L	1	30	3541345301	3541417365	72064	662.27	876.70	694.10	550.98	7.26	273.03	0.33	100.77	11828.75	-8632.84	4760.90
Fixation L	1	28	3541417365	3541645256	227891	692.45	551.19	22	42	-1	12.44	12.44
Saccade L	1	31	3541645256	3541677223	31967	681.06	527.81	642.51	503.88	0.99	46.67	0.37	31.10	2140.45	-1303.50	1225.22
Fixation L	1	29	3541677223	3541757240	80017	641.27	483.20	8	37	-1	12.38	12.38
Saccade L	1	32	3541757240	3541821228	63988	646.24	462.40	1098.81	510.49	9.96	377.67	0.25	155.69	17988.27	-15593.04	9073.12
Fixation L	1	30	3541821228	3542073242	252014	1084.24	528.28	35	29	-1	12.76	12.76
Saccade L	1	33	3542073242	3542109230	35988	1090.68	536.69	1067.21	650.79	2.45	152.83	0.44	68.07	6714.56	-6499.59	4645.28
Fixation L	1	31	3542109230	3542633238	524008	1073.03	696.63	48	88	-1	13.36	13.36
Saccade L	1	34	3542633238	3542681240	48002	1108.58	736.77	1061.86	480.95	5.58	234.70	0.33	116.18	10502.79	-7323.22	6129.75
Fixation L	1	32	3542681240	3542821252	140012	1075.64	489.30	23	36	-1	12.98	12.98
Saccade L	1	35	3542821252	3542885253	64001	1081.43	509.07	788.96	663.64	8.95	393.97	0.31	139.88	18563.44	-15721.23	8645.42
Fixation L	1	33	3542885253	3542957246	71993	766.85	651.09	34	23	-1	12.72	12.72
Saccade L	1	36	3543053139	3543085123	31984	652.81	474.34	660.68	415.83	1.25	88.73	0.37	39.16	3481.78	-3116.60	2343.68
Fixation L	1	34	3543085123	3543225123	140000	663.46	407.78	6	11	-1	12.83	12.83
Saccade L	1	37	3543225123	3543257113	31990	667.23	410.68	676.20	484.74	1.58	102.72	0.63	49.29	3825.08	-3722.98	2745.67
Fixation L	1	35	3543257113	3543361121	104008	701.26	485.15	51	18	-1	12.87	12.87
Saccade L	1	38	3543361121	3543413113	51992	728.87	472.33	1129.24	702.01	10.58	387.04	0.31	203.56	18388.66	-14253.10	11365.06
Fixation L	1	36	3543413113	3543505158	92045	1125.87	715.31	14	37	-1	13.41	13.41
Saccade L	1	39	3543505158	3543537160	32002	1125.25	728.55	1172.51	730.07	1.05	50.24	0.50	32.88	1530.93	-1392.04	1097.95
Saccade L	1	40	3543581118	3543605122	24004	1183.46	711.94	1053.63	724.15	2.61	227.17	0.50	108.55	9645.42	-9507.52	7151.56
Saccade L	1	41	3543617121	3543653132	36011	1056.10	727.39	1148.26	661.08	2.89	201.46	0.33	80.31	8712.18	-6351.62	4825.43
Saccade L	1	42	3543653132	3543673121	19989	1148.26	661.08	1034.77	707.70	1.87	221.83	0.40	93.61	5308.40	-8782.67	4497.47
Saccade L	1	43	3543717126	3543741132	24006	1053.76	701.09	1173.91	625.10	2.91	267.45	0.50	121.32	10607.86	-6566.67	6069.40
Saccade L	1	44	3543741132	3543809150	68018	1173.91	625.10	740.89	504.82	10.98	356.92	0.59	161.50	11483.74	-16363.94	7421.26
Fixation L	1	37	3543809150	3543961143	151993	744.35	483.18	28	48	-1	13.74	13.74
Saccade L	1	45	3543961143	3543997133	35990	760.48	460.70	672.79	531.96	3.01	161.24	0.33	83.55	7288.99	-6122.62	4936.50
Fixation L	1	38	3543997133	3544069135	72002	670.58	531.76	4	4	-1	13.79	13.79
Saccade L	1	46	3544069135	3544109129	39994	676.94	532.04	637.35	849.80	6.72	341.27	0.40	167.92	15908.55	-15060.18	11178.26
Fixation L	1	39	3544109129	3544269130	160001	668.49	848.69	42	14	-1	13.90	13.90
Fixation L	1	40	3544357149	3544453022	95873	1224.51	503.02	57	15	-1	13.67	13.67
Saccade L	1	47	3544453022	3544473013	19991	1220.11	505.39	1212.95	453.10	0.91	103.40	0.60	45.67	3852.13	-3110.45	2463.92
Fixation L	1	41	3544473013	3544649063	176050	1207.37	471.48	21	42	-1	13.48	13.48
Saccade L	1	48	3544649063	3544677020	27957	1211.98	493.39	1103.48	475.94	2.28	164.92	0.43	81.58	7641.33	-7367.12	5585.44
Fixation L	1	42	3544677020	3544885014	207994	1098.71	466.69	11	15	-1	13.46	13.46
Saccade L	1	49	3544885014	3544925023	40009	1094.70	466.88	1084.70	730.89	5.47	304.05	0.30	136.64	14832.76	-12297.13	9130.37
Fixation L	1	43	3544925023	3545269014	343991	1084.41	723.91	51	17	-1	13.65	13.65
Saccade L	1	50	3545269014	3545305011	35997	1105.67	721.13	799.86	796.64	6.45	436.02	0.56	179.20	19392.81	-19521.94	13636.10
Fixation L	1	44	3545305011	3545520975	215964	800.88	801.84	20	21	-1	13.66	13.66
Saccade L	1	51	3545520975	3545552991	32016	816.90	797.63	673.64	821.85	3.01	172.41	0.50	94.10	6991.85	-7683.13	5416.56
Saccade L	1	52	3545561038	3545593025	31987	674.82	815.13	664.80	863.42	0.91	44.49	0.25	28.54	1109.19	-1281.99	850.09
Fixation L	1	45	3545593025	3545785032	192007	650.87	879.34	29	48	-1	13.64	13.64
Saccade L	1	53	3545785032	3545840948	55916	671.15	887.22	0.00	0.00	26.67	2286.20	0.79	476.89	88647.69	-96706.15	36834.86
Fixation L	1	46	3545840948	3546332913	491965	0.00	0.00	0	0	-1	13.25	13.25
Saccade L	1	54	3546332913	3546553048	220135	0.00	0.00	836.08	574.76	162.46	1958.88	0.93	737.99	81693.27	-81055.87	59513.47
Fixation L	1	47	3546553048	3546613052	60004	830.27	580.00	9	31	-1	14.30	14.30
Saccade L	1	55	3546613052	3546649030	35978	831.11	608.58	867.92	619.89	1.02	45.12	0.67	28.22	923.29	-1914.24	867.69
Saccade L	1	56	3546665033	3546705047	40014	870.09	616.16	735.22	790.83	4.72	305.58	0.50	117.98	13292.01	-13830.14	8888.80
Fixation L	1	48	3546705047	3547037049	332002	676.98	840.07	103	102	-1	14.62	14.62
Saccade L	1	57	3547037049	3547097047	59998	656.90	858.07	696.75	446.90	9.33	329.97	0.27	155.58	15857.43	-9091.45	7720.75
Fixation L	1	49	3547097047	3547369036	271989	696.58	459.88	38	44	-1	13.40	13.40
Saccade L	1	58	3547369036	3547397081	28045	675.69	452.19	636.91	431.58	1.24	106.43	0.43	44.28	4170.42	-3921.92	2654.58
Fixation L	1	50	3547397081	3547544956	147875	635.96	434.62	21	36	-1	13.22	13.22
Saccade L	1	59	3547544956	3547576914	31958	648.11	461.60	700.07	460.11	1.13	67.60	0.63	35.43	2564.43	-2858.50	1952.27
Saccade L	1	60	3547592947	3547640924	47977	701.22	464.54	1088.09	647.82	9.51	415.13	0.42	198.28	18502.13	-18108.59	12518.67
Fixation L	1	51	3547640924	3547980920	339996	1096.92	669.03	26	35	-1	13.86	13.86
