[BeGaze]
Converted from:	D:\Kirillov\Results\fatcat\P01-eye_data.idf
Date:	29.05.2019 04:55:17
Version:	BeGaze 3.0.181
Sample Rate:	250
Subject:	P01
Description:	Run1

Table Header for Fixations:
Event Type	Trial	Number	Start	End	Duration	Location X	Location Y	Dispersion X	Dispersion Y	Plane	Avg. Pupil Size X	Avg. Pupil Size Y

Table Header for Saccades:
Event Type	Trial	Number	Start	End	Duration	Start Loc.X	Start Loc.Y	End Loc.X	End Loc.Y	Amplitude	Peak Speed	Peak Speed At	Average Speed	Peak Accel.	Peak Decel.	Average Accel.

Table Header for User Events:
Event Type	Trial	Number	Start	Description

UserEvent	1	1	3171293787	# Message: 2-2.jpg
Fixation L	1	1	3171296698	3171396708	100010	410.97	444.35	5	5	-1	12.50	12.50
Saccade L	1	1	3171396708	3171516691	119983	411.00	442.89	766.53	615.41	9.23	197.17	0.27	76.94	9253.17	-5434.36	2649.65
Fixation L	1	2	3171516691	3171668703	152012	775.41	616.24	19	21	-1	12.34	12.34
Saccade L	1	2	3171668703	3171728707	60004	785.25	619.88	945.03	581.42	3.71	169.30	0.33	61.91	8179.05	-6857.98	4026.50
Fixation L	1	3	3171728707	3171848693	119986	952.34	581.99	16	5	-1	12.38	12.38
Fixation L	1	4	3171916731	3172000711	83980	1077.51	519.96	23	37	-1	12.49	12.49
Saccade L	1	3	3172000711	3172052732	52021	1064.64	539.52	1090.96	496.65	1.12	43.86	0.31	21.63	2045.58	-1554.59	921.02
Fixation L	1	5	3172052732	3172140802	88070	1096.91	500.81	8	7	-1	12.78	12.78
Saccade L	1	4	3172140802	3172172698	31896	1100.68	497.25	1084.03	461.31	0.86	46.07	0.50	26.91	1911.43	-1748.56	1360.98
Fixation L	1	6	3172172698	3172272607	99909	1076.52	453.64	9	13	-1	12.81	12.81
Saccade L	1	5	3172272607	3172312575	39968	1074.19	449.64	1165.97	455.31	1.94	122.86	0.40	48.55	5528.88	-5060.47	3450.78
Fixation L	1	7	3172312575	3172452660	140085	1164.48	459.65	13	10	-1	12.76	12.76
Saccade L	1	6	3172452660	3172484581	31921	1157.84	458.16	1267.54	453.42	2.28	158.10	0.50	71.55	7638.09	-7411.33	5429.77
Fixation L	1	8	3172484581	3172672589	188008	1269.36	456.40	6	22	-1	12.89	12.89
Saccade L	1	7	3172672589	3172704581	31992	1267.68	462.18	1333.12	449.65	1.35	96.35	0.50	42.18	4428.98	-4175.52	3080.62
Fixation L	1	9	3172704581	3172840596	136015	1336.47	447.03	9	8	-1	12.60	12.60
Saccade L	1	8	3172840596	3172892605	52009	1330.92	440.66	1101.21	492.01	5.18	297.30	0.31	99.60	13853.53	-13409.53	7360.72
Fixation L	1	10	3172892605	3173120606	228001	1093.67	489.80	15	11	-1	12.82	12.82
Saccade L	1	9	3173120606	3173184585	63979	1090.29	491.39	1033.25	652.46	4.08	220.07	0.37	63.80	9591.57	-7967.30	4165.24
Fixation L	1	11	3173184585	3173316619	132034	1026.48	650.51	15	14	-1	13.14	13.14
Saccade L	1	10	3173316619	3173368600	51981	1029.73	643.52	1015.61	573.77	1.66	89.84	0.31	31.86	4086.23	-3504.32	1746.94
Fixation L	1	12	3173368600	3173512618	144018	1025.06	569.90	16	7	-1	12.73	12.73
Saccade L	1	11	3173512618	3173564604	51986	1022.53	571.55	1113.49	492.29	2.74	147.50	0.31	52.76	6933.52	-6406.18	3603.83
Fixation L	1	13	3173564604	3173828470	263866	1096.11	496.89	25	18	-1	12.82	12.82
Saccade L	1	12	3173828470	3173884466	55996	1086.46	504.27	782.29	517.03	6.62	288.88	0.43	118.28	13482.57	-11580.11	7797.56
Fixation L	1	14	3173884466	3174024500	140034	782.43	508.28	12	13	-1	12.86	12.86
Saccade L	1	13	3174024500	3174060473	35973	780.31	507.17	788.83	472.11	0.73	41.56	0.33	20.27	1900.75	-1390.18	974.17
Fixation L	1	15	3174060473	3174148515	88042	797.63	487.76	12	23	-1	12.68	12.68
Saccade L	1	14	3174148515	3174188506	39991	801.47	489.27	652.69	535.82	3.49	208.54	0.50	87.19	9835.27	-9506.50	6543.78
Fixation L	1	16	3174188506	3174264470	75964	650.38	537.46	3	7	-1	12.77	12.77
Saccade L	1	15	3174264470	3174348499	84029	650.98	537.84	676.54	844.90	6.97	225.99	0.43	82.90	10323.30	-7665.71	4319.05
Fixation L	1	17	3174348499	3174456471	107972	678.59	846.29	11	11	-1	12.84	12.84
Saccade L	1	16	3174456471	3174480490	24019	675.31	837.98	650.87	841.78	0.61	50.40	0.50	25.38	2040.79	-1438.14	1241.36
Fixation L	1	18	3174480490	3174668476	187986	624.31	840.72	30	9	-1	12.72	12.72
Saccade L	1	17	3174668476	3174700479	32003	635.72	840.41	529.05	848.55	2.02	142.85	0.37	63.27	6358.88	-5701.19	3937.90
Fixation L	1	19	3174700479	3174880497	180018	529.33	845.28	6	12	-1	13.02	13.02
Saccade L	1	18	3174880497	3174936501	56004	530.73	841.47	342.68	870.67	4.19	215.90	0.21	74.78	9414.82	-6112.63	4257.16
Fixation L	1	20	3174936501	3175104364	167863	331.93	873.41	19	5	-1	12.93	12.93
Saccade L	1	19	3175104364	3175160369	56005	331.23	869.38	410.25	606.37	6.21	311.74	0.43	110.82	14161.25	-13791.20	7968.46
Fixation L	1	21	3175160369	3175396406	236037	394.54	602.06	36	21	-1	12.80	12.80
Saccade L	1	20	3175396406	3175460399	63993	375.37	604.50	1012.64	604.64	13.93	399.31	0.31	217.70	19306.27	-16346.01	10671.71
Fixation L	1	22	3175460399	3175804376	343977	1029.96	609.24	43	15	-1	13.03	13.03
Saccade L	1	21	3175804376	3175856371	51995	1040.59	603.43	1056.49	702.09	2.35	108.87	0.62	45.27	4904.32	-4944.77	2898.36
Fixation L	1	23	3175856371	3176240380	384009	1062.82	693.57	13	27	-1	13.38	13.38
Saccade L	1	22	3176240380	3176280387	40007	1066.21	692.44	1013.01	684.05	1.11	68.25	0.30	27.68	2690.36	-2120.71	1492.97
Fixation L	1	24	3176280387	3176400385	119998	1009.13	679.23	5	8	-1	13.03	13.03
Saccade L	1	23	3176400385	3176472250	71865	1010.17	678.23	435.94	640.71	12.78	373.01	0.44	177.88	15748.08	-11725.99	8635.88
Fixation L	1	25	3176472250	3176584257	112007	455.52	641.77	34	5	-1	13.13	13.13
Saccade L	1	24	3176584257	3176612267	28010	470.91	645.26	400.65	643.64	1.45	116.50	0.57	51.82	4966.49	-4880.30	3641.41
Fixation L	1	26	3176612267	3176808268	196001	395.10	636.16	13	11	-1	13.14	13.14
Fixation L	1	27	3176900268	3177192253	291985	376.33	866.15	23	16	-1	13.46	13.46
Saccade L	1	25	3177192253	3177352257	160004	385.70	857.70	1054.21	710.39	52.89	1853.93	0.60	330.55	36564.04	-36547.60	10118.07
Fixation L	1	28	3177352257	3177720272	368015	1049.63	703.80	40	56	-1	13.14	13.14
Saccade L	1	26	3177720272	3177752281	32009	1067.96	698.32	1004.26	702.70	1.29	90.76	0.50	40.21	3848.02	-3852.46	2793.32
Fixation L	1	29	3177752281	3177928155	175874	1005.12	700.09	11	6	-1	12.88	12.88
Saccade L	1	27	3177928155	3177956164	28009	1004.26	695.55	1069.98	692.89	1.28	99.91	0.43	45.63	4233.41	-4283.67	3147.39
Fixation L	1	30	3177956164	3178424154	467990	1066.79	691.34	31	26	-1	12.87	12.87
