[BeGaze]
Converted from:	D:\Kirillov\Results\fatcat\P02-eye_data.idf
Date:	29.05.2019 04:55:17
Version:	BeGaze 3.0.181
Sample Rate:	250
Subject:	P02
Description:	Run2

Table Header for Fixations:
Event Type	Trial	Number	Start	End	Duration	Location X	Location Y	Dispersion X	Dispersion Y	Plane	Avg. Pupil Size X	Avg. Pupil Size Y

Table Header for Saccades:
Event Type	Trial	Number	Start	End	Duration	Start Loc.X	Start Loc.Y	End Loc.X	End Loc.Y	Amplitude	Peak Speed	Peak Speed At	Average Speed	Peak Accel.	Peak Decel.	Average Accel.

Table Header for User Events:
Event Type	Trial	Number	Start	Description

UserEvent	1	1	3293423681	# Message: 1.jpg
Fixation L	1	1	3293436034	3293783923	347889	837.53	538.07	29	17	-1	15.68	15.68
Saccade L	1	1	3293783923	3293879910	95987	829.03	536.77	436.22	240.48	11.12	389.07	0.21	115.86	19028.96	-10996.30	6306.01
Fixation L	1	2	3293879910	3293935907	55997	433.75	243.77	10	5	-1	15.11	15.11
Saccade L	1	2	3293935907	3293979899	43992	440.53	244.97	292.76	190.19	3.44	208.71	0.36	78.14	9618.84	-8585.68	5391.16
Fixation L	1	3	3293979899	3294035941	56042	282.40	183.37	18	15	-1	15.22	15.22
Saccade L	1	3	3294035941	3294075913	39972	274.71	174.09	225.87	152.50	1.25	68.02	0.40	31.39	2926.60	-2543.52	1657.32
Fixation L	1	4	3294075913	3294403864	327951	207.95	157.20	40	49	-1	15.38	15.38
Saccade L	1	4	3294403864	3294435845	31981	207.14	181.75	288.32	180.28	1.64	114.36	0.38	51.24	5031.42	-5137.47	3602.85
Fixation L	1	5	3294435845	3294583935	148090	302.94	176.22	29	19	-1	16.34	16.34
Saccade L	1	5	3294583935	3294659827	75892	294.43	183.05	470.25	208.45	4.06	199.14	0.47	53.48	8874.78	-8182.33	3490.64
Fixation L	1	6	3294659827	3294927913	268086	469.26	218.59	11	16	-1	16.74	16.74
Saccade L	1	6	3294927913	3294975926	48013	470.10	211.61	519.33	213.73	1.05	44.92	0.33	21.91	2068.07	-1052.85	938.83
Fixation L	1	7	3294975926	3295027924	51998	516.12	209.52	11	11	-1	17.07	17.07
Saccade L	1	7	3295027924	3295103786	75862	509.98	203.52	330.22	235.31	4.07	201.31	0.21	53.64	9568.60	-8057.25	3427.86
Saccade L	1	8	3295147799	3295187792	39993	331.59	232.28	256.60	233.28	2.17	164.77	0.40	54.14	7017.59	-6469.61	4041.24
Fixation L	1	8	3295187792	3295495802	308010	246.63	223.99	19	22	-1	17.55	17.55
Saccade L	1	9	3295495802	3295535815	40013	238.94	224.80	349.43	230.82	2.38	140.34	0.40	59.52	6394.31	-6330.21	4296.33
Fixation L	1	9	3295535815	3295815826	280011	370.07	246.75	32	37	-1	17.52	17.52
Saccade L	1	10	3295815826	3295843809	27983	377.19	266.89	348.12	254.28	0.63	46.00	0.57	22.52	1831.77	-1626.17	1304.10
Fixation L	1	10	3295843809	3296031819	188010	353.99	259.05	15	12	-1	17.71	17.71
Saccade L	1	11	3296031819	3296063798	31979	354.09	260.79	474.42	259.23	2.46	180.79	0.50	76.98	7878.27	-8090.12	5795.06
Fixation L	1	11	3296063798	3296263799	200001	475.93	263.63	15	20	-1	17.96	17.96
Saccade L	1	12	3296263799	3296311810	48011	476.39	275.76	539.99	277.37	1.36	81.16	0.25	28.39	3257.52	-2861.52	1517.20
Fixation L	1	12	3296311810	3296439804	127994	539.70	273.40	9	14	-1	18.01	18.01
Saccade L	1	13	3296439804	3296471840	32036	535.77	265.71	581.84	265.11	0.95	59.00	0.37	29.63	2585.88	-2346.79	1729.84
Saccade L	1	14	3296495806	3296527683	31877	587.71	260.17	592.78	263.61	9.99	425.57	0.62	313.38	21969.50	-22440.48	18335.77
Fixation L	1	13	3296527683	3296687729	160046	594.13	255.15	12	15	-1	17.95	17.95
Saccade L	1	15	3296687729	3296751703	63974	591.60	246.75	1147.24	382.71	12.60	388.48	0.37	196.97	18667.08	-11746.04	9371.17
Fixation L	1	14	3296751703	3296879729	128026	1154.11	386.21	21	20	-1	18.59	18.59
Saccade L	1	16	3296879729	3296915709	35980	1159.99	385.39	1106.05	411.66	1.73	112.20	0.44	48.18	5159.21	-4053.03	2684.18
Fixation L	1	15	3296915709	3297107710	192001	1081.63	416.56	30	10	-1	18.67	18.67
Saccade L	1	17	3297107710	3297143724	36014	1074.57	413.20	1189.31	416.82	3.11	216.88	0.33	86.35	10002.99	-9169.38	5957.90
Fixation L	1	16	3297143724	3297295683	151959	1229.91	418.46	51	16	-1	18.88	18.88
Saccade L	1	18	3297295683	3297339702	44019	1225.78	424.48	1346.93	433.35	2.63	140.84	0.45	59.86	6413.96	-5692.56	3938.36
Fixation L	1	17	3297339702	3298027586	687884	1386.38	423.07	66	30	-1	18.18	18.18
Saccade L	1	19	3298027586	3298079589	52003	1393.70	437.96	1459.84	435.86	1.51	77.24	0.23	29.00	3202.39	-2503.24	1324.45
Fixation L	1	18	3298079589	3298343600	264011	1448.98	418.00	26	34	-1	18.42	18.42
Saccade L	1	20	3298343600	3298375576	31976	1453.09	419.32	1261.50	492.66	4.40	281.29	0.37	137.60	13619.33	-12974.29	9651.25
Fixation L	1	19	3298375576	3298483595	108019	1261.01	497.04	11	26	-1	18.97	18.97
Saccade L	1	21	3298483595	3298535576	51981	1266.18	497.71	1171.99	467.81	2.29	129.22	0.31	44.14	6040.23	-5100.23	2893.95
Fixation L	1	20	3298535576	3298847583	312007	1138.29	474.89	58	16	-1	18.76	18.76
Saccade L	1	22	3298847583	3298887614	40031	1114.37	470.31	1271.72	460.53	3.78	268.85	0.40	94.44	12194.04	-11028.13	7115.56
Fixation L	1	21	3298887614	3299411466	523852	1289.70	459.29	39	29	-1	18.13	18.13
Saccade L	1	23	3299411466	3299479474	68008	1291.14	474.17	1043.10	533.48	5.76	270.40	0.24	84.68	12086.52	-9094.00	5000.97
Fixation L	1	22	3299479474	3299551486	72012	1044.68	530.47	19	7	-1	17.91	17.91
Saccade L	1	24	3299551486	3299627491	76005	1057.20	529.94	819.65	856.38	9.99	409.43	0.26	131.38	20064.55	-16097.31	8172.50
Fixation L	1	23	3299627491	3299811474	183983	818.76	852.54	21	9	-1	18.20	18.20
Saccade L	1	25	3299811474	3299879481	68007	820.32	852.40	821.94	725.14	2.97	117.86	0.24	43.65	5211.33	-4267.99	2166.56
Fixation L	1	24	3299879481	3299939470	59989	808.99	729.38	21	10	-1	18.04	18.04
Fixation L	1	25	3300019482	3300135484	116002	1171.55	479.30	12	17	-1	17.26	17.26
Saccade L	1	26	3300135484	3300187429	51945	1169.54	480.90	1287.46	453.39	2.93	204.62	0.31	56.47	8775.67	-8270.45	4231.22
Fixation L	1	26	3300187429	3300595477	408048	1293.64	462.52	27	34	-1	17.15	17.15
Saccade L	1	27	3300595477	3300659476	63999	1303.97	448.94	972.05	606.90	8.40	335.41	0.25	131.20	16609.08	-14140.01	8187.13
Saccade L	1	28	3300659476	3300707389	47913	972.05	606.90	765.74	634.79	4.83	288.20	0.50	100.90	13327.60	-13180.28	7625.12
Fixation L	1	27	3300707389	3300827369	119980	757.26	650.17	14	23	-1	17.40	17.40
Saccade L	1	29	3300827369	3300891376	64007	754.41	652.62	759.49	795.62	3.93	228.32	0.44	61.38	10730.08	-9767.79	4306.90
Fixation L	1	28	3300891376	3300991364	99988	758.93	809.77	12	24	-1	17.88	17.88
Saccade L	1	30	3300991364	3301043391	52027	761.39	807.87	798.23	832.86	0.98	41.68	0.23	18.90	1524.54	-1277.79	770.85
Fixation L	1	29	3301043391	3301187359	143968	801.49	837.07	14	12	-1	17.89	17.89
Saccade L	1	31	3301187359	3301211364	24005	800.53	839.23	679.21	839.66	2.35	212.99	0.50	98.06	9373.56	-8665.17	6649.29
Fixation L	1	30	3301211364	3301459365	248001	677.09	844.07	27	13	-1	17.30	17.30
Saccade L	1	32	3301459365	3301519372	60007	681.79	837.45	549.70	822.75	3.34	196.51	0.27	55.73	9019.99	-8403.46	3890.96
Fixation L	1	31	3301519372	3301755336	235964	545.69	828.30	31	26	-1	17.16	17.16
Saccade L	1	33	3301755336	3301811406	56070	551.99	848.06	586.02	699.12	3.57	218.66	0.50	63.74	8892.73	-9098.17	4186.72
Fixation L	1	32	3301811406	3301991369	179963	596.23	684.89	22	19	-1	17.21	17.21
Saccade L	1	34	3301991369	3302023398	32029	609.58	688.03	603.33	588.96	2.01	133.87	0.50	62.70	6159.31	-6076.30	4488.61
Fixation L	1	33	3302023398	3302515271	491873	599.40	599.93	12	36	-1	16.64	16.64
Saccade L	1	35	3302515271	3302551263	35992	597.93	600.59	605.28	654.46	1.16	67.63	0.56	32.23	2901.21	-3106.09	2085.21
Fixation L	1	34	3302551263	3302795263	244000	589.25	677.85	26	41	-1	16.89	16.89
Saccade L	1	36	3302795263	3302883282	88019	589.40	680.41	1149.73	626.06	12.60	399.42	0.23	143.16	19611.02	-11586.13	7674.58
Fixation L	1	35	3302883282	3303463296	580014	1118.72	636.68	81	33	-1	17.46	17.46
Saccade L	1	37	3303463296	3303499198	35902	1111.55	643.64	1107.95	587.92	1.18	69.21	0.45	32.82	3246.05	-2760.42	2035.93
Fixation L	1	36	3303499198	3303731172	231974	1111.51	596.60	17	23	-1	17.61	17.61
Saccade L	1	38	3303731172	3303791138	59966	1117.55	602.35	1078.17	763.92	4.56	283.18	0.27	75.98	12673.23	-10638.60	5302.47
Fixation L	1	37	3303791138	3303859166	68028	1072.90	762.79	12	9	-1	17.55	17.55
Saccade L	1	39	3303859166	3303911155	51989	1066.78	755.93	1111.35	717.90	1.26	42.19	0.46	24.33	1417.97	-1107.80	763.37
Fixation L	1	38	3303911155	3304055145	143990	1100.35	708.69	21	18	-1	17.72	17.72
Saccade L	1	40	3304055145	3304083181	28036	1090.90	714.76	1099.03	671.39	0.94	63.67	0.43	33.44	3012.07	-2587.84	2084.36
Fixation L	1	39	3304083181	3304355177	271996	1102.37	657.83	28	19	-1	17.65	17.65
Saccade L	1	41	3304355177	3304395061	39884	1104.09	659.31	1155.03	657.64	1.81	119.56	0.30	45.30	5429.16	-4171.31	2703.32
Fixation L	1	40	3304395061	3304723160	328099	1171.48	667.02	27	23	-1	17.82	17.82
Saccade L	1	42	3304723160	3304763171	40011	1164.26	670.65	1029.84	646.38	3.23	256.55	0.30	80.65	11044.41	-10383.61	5867.66
UserEvent	1	2	3304749166	# Message: UE-mouseclick left x=880 y=484
Fixation L	1	41	3304763171	3304875070	111899	1010.55	638.78	31	17	-1	18.49	18.49
Saccade L	1	43	3304875070	3304931046	55976	998.64	634.52	807.22	568.10	4.55	239.92	0.29	81.30	11629.98	-10714.90	5521.80
Fixation L	1	42	3304931046	3305770955	839909	810.98	557.27	27	29	-1	18.25	18.25
Saccade L	1	44	3305770955	3305815048	44093	812.27	550.20	878.68	568.86	1.54	86.57	0.27	34.93	3461.96	-2894.62	1768.54
Fixation L	1	43	3305815048	3306115040	299992	889.73	582.42	18	26	-1	19.65	19.65
UserEvent	1	3	3305909185	# Message: UE-mouseclick left x=1138 y=531
Saccade L	1	45	3306115040	3306179075	64035	879.34	586.41	1012.76	553.81	3.25	190.93	0.50	50.80	7984.68	-7986.34	3476.63
Fixation L	1	44	3306179075	3306562930	383855	1008.47	554.33	20	32	-1	19.32	19.32
Fixation L	1	45	3306642947	3307554963	912016	0.00	0.00	0	0	-1	19.40	19.40
Fixation L	1	46	3307638890	3308190837	551947	882.10	566.06	21	43	-1	20.74	20.74
UserEvent	1	4	3307646450	# Message: UE-keypress Return
Saccade L	1	46	3308190837	3308230817	39980	878.19	549.52	1015.86	632.13	3.49	206.42	0.50	87.35	9823.52	-9743.38	6573.33
Fixation L	1	47	3308230817	3308554823	324006	1020.59	634.31	20	29	-1	19.02	19.02
Saccade L	1	47	3308554823	3308606837	52014	1025.27	645.45	929.10	649.86	2.31	134.71	0.38	44.39	5884.39	-5034.88	2937.33
Fixation L	1	48	3308606837	3309074831	467994	924.98	648.86	16	39	-1	19.88	19.88
Saccade L	1	48	3309074831	3309126851	52020	926.85	661.56	1010.87	639.07	2.49	149.23	0.31	47.78	6708.93	-6128.95	2923.56
Fixation L	1	49	3309126851	3309386743	259892	1016.01	629.73	34	42	-1	20.01	20.01
