[BeGaze]
Converted from:	D:\Kirillov\Results\fatcat\P04-eye_data.idf
Date:	29.05.2019 04:55:18
Version:	BeGaze 3.0.181
Sample Rate:	250
Subject:	P04
Description:	Run4

Table Header for Fixations:
Event Type	Trial	Number	Start	End	Duration	Location X	Location Y	Dispersion X	Dispersion Y	Plane	Avg. Pupil Size X	Avg. Pupil Size Y

Table Header for Saccades:
Event Type	Trial	Number	Start	End	Duration	Start Loc.X	Start Loc.Y	End Loc.X	End Loc.Y	Amplitude	Peak Speed	Peak Speed At	Average Speed	Peak Accel.	Peak Decel.	Average Accel.

Table Header for User Events:
Event Type	Trial	Number	Start	Description

UserEvent	1	1	3804061276	# Message: 2-2.jpg
Saccade L	1	1	3805215111	3805283111	68000	0.00	0.00	955.82	330.43	25.04	1293.38	0.29	368.16	51773.54	-50114.29	22806.53
Saccade L	1	2	3805283111	3805311031	27920	955.82	330.43	890.66	469.81	2.34	192.76	0.43	83.68	24131.16	-7649.46	7398.25
Saccade L	1	3	3805311031	3805359042	48011	890.66	469.81	917.98	286.74	15.45	642.70	0.25	321.70	32445.16	-31075.92	21322.75
Saccade L	1	4	3805359042	3805495021	135979	917.98	286.74	1376.66	293.21	19.48	521.16	0.32	143.23	19035.33	-19594.59	6637.74
Saccade L	1	5	3805511006	3805559007	48001	1375.64	252.28	1348.44	310.80	1.79	87.27	0.42	37.24	2672.83	-2312.56	1360.50
Fixation L	1	1	3805559007	3805615013	56006	1337.43	321.38	19	21	-1	13.43	13.43
Saccade L	1	6	3805615013	3805662997	47984	1351.17	322.44	1000.56	471.88	8.81	750.32	0.50	183.55	30196.33	-30915.96	16062.20
Saccade L	1	7	3805662997	3805711016	48019	1000.56	471.88	1408.51	307.42	9.93	757.44	0.67	206.77	27927.72	-31718.44	16099.69
Fixation L	1	2	3805711016	3805762996	51980	1405.07	310.01	8	22	-1	13.16	13.16
Fixation L	1	3	3805779014	3805838998	59984	1402.84	306.15	17	57	-1	12.75	12.75
Saccade L	1	8	3805838998	3805915001	76003	1412.79	327.71	1262.50	347.03	5.52	257.40	0.21	72.68	11645.96	-8489.60	3888.24
Fixation L	1	4	3805915001	3806035013	120012	1261.58	353.62	22	16	-1	13.27	13.27
Saccade L	1	9	3806035013	3806114931	79918	1264.29	349.63	939.05	477.63	9.39	698.84	0.45	117.50	29768.27	-28414.53	11782.68
Saccade L	1	10	3806114931	3806375014	260083	939.05	477.63	1070.56	358.30	96.86	1007.64	0.57	372.42	29768.27	-27313.11	10508.99
Saccade L	1	11	3806375014	3806650999	275985	1070.56	358.30	517.38	206.66	98.74	1325.45	0.43	357.79	35246.71	-31552.68	10764.24
Saccade L	1	12	3806650999	3806934890	283891	517.38	206.66	1007.49	541.16	79.95	1148.37	0.73	281.61	38173.32	-41132.57	11627.65
Fixation L	1	5	3807486903	3807650897	163994	158.74	373.30	561	996	-1	5.84	5.84
Saccade L	1	13	3807650897	3807786887	135990	2.08	0.00	-0.06	0.00	76.31	1914.64	0.68	561.16	65976.40	-54859.22	23154.01
Saccade L	1	14	3807834904	3807854894	19990	0.00	0.00	0.00	0.00	9.05	1352.60	0.40	452.56	-220.40	-54245.95	18356.61
Fixation L	1	6	3807854894	3808390785	535891	0.00	0.00	0	0	-1	9.85	9.85
Fixation L	1	7	3808654778	3808714788	60010	1228.49	467.77	50	23	-1	9.44	9.44
Saccade L	1	15	3808786794	3808870787	83993	1238.54	443.32	0.00	0.00	43.19	1552.43	0.43	514.25	71849.31	-31686.01	23023.93
Saccade L	1	16	3808954716	3808982775	28059	-0.66	0.00	0.00	0.00	11.92	566.55	0.57	424.96	15153.17	-38172.24	21745.76
Fixation L	1	8	3808982775	3809418709	435934	0.00	0.00	0	0	-1	11.65	11.65
Saccade L	1	17	3809874735	3809930692	55957	-5.15	0.00	-7.73	0.00	32.63	1472.99	0.79	583.05	37760.96	-61078.40	25289.24
Saccade L	1	18	3809942673	3809970686	28013	-5.32	0.00	0.00	0.00	11.68	555.71	0.57	416.87	29488.07	-24737.71	20052.29
Saccade L	1	19	3810070684	3810178708	108024	-144.08	769.59	1.48	0.00	65.61	1585.58	0.37	607.33	24563.59	-34076.96	13373.10
Fixation L	1	9	3810178708	3810350701	171993	0.03	0.00	1	0	-1	10.91	10.91
Saccade L	1	20	3810350701	3810382691	31990	0.00	0.00	-91.12	492.73	11.28	1041.03	0.37	352.66	43801.70	-42222.12	28202.24
Saccade L	1	21	3810382691	3810402705	20014	-91.12	492.73	-82.87	504.26	0.51	58.74	0.60	25.45	7172.64	-7187.34	2994.21
Saccade L	1	22	3810402705	3810450694	47989	-82.87	504.26	-89.59	530.42	8.13	361.68	0.42	169.41	31722.19	-16427.94	13475.39
Saccade L	1	23	3810450694	3810478683	27989	-89.59	530.42	-92.44	531.31	9.79	699.34	0.72	349.93	31722.19	-15234.82	15123.24
Saccade L	1	24	3810478683	3810502721	24038	-92.44	531.31	-0.32	0.00	8.45	710.69	0.50	351.63	15076.95	-27073.53	11857.16
Fixation L	1	10	3810626601	3810718675	92074	0.03	0.00	0	0	-1	9.78	9.78
Saccade L	1	25	3810718675	3810802688	84013	0.00	0.00	236.78	297.77	28.17	837.39	0.33	335.32	35425.30	-29429.62	11247.18
Saccade L	1	26	3810802688	3810850679	47991	236.78	297.77	153.50	359.40	2.47	90.56	0.58	51.50	11564.12	-2448.93	2370.18
Saccade L	1	27	3810850679	3810886696	36017	153.50	359.40	0.00	0.00	11.15	753.91	0.67	309.56	25868.37	-32523.74	18685.77
Fixation L	1	11	3810886696	3811414599	527903	0.00	0.00	0	0	-1	12.11	12.11
Saccade L	1	28	3811414599	3811470567	55968	0.00	0.00	-0.05	0.00	11.56	561.23	0.57	206.58	16785.14	-23290.40	9452.81
Saccade L	1	29	3811506591	3811918561	411970	0.00	0.00	-1.48	-2.61	101.46	1012.97	0.41	246.28	24700.84	-34399.24	7176.37
Saccade L	1	30	3811954578	3811990573	35995	0.00	0.00	133.39	417.96	9.20	797.26	0.33	255.61	33798.55	-32447.71	19362.62
Saccade L	1	31	3812002578	3812066584	64006	198.98	271.42	5.38	0.00	12.51	854.39	0.75	195.48	31973.43	-36356.35	13370.98
Fixation L	1	12	3812066584	3812518455	451871	0.18	0.00	5	0	-1	12.37	12.37
Saccade L	1	32	3812518455	3812546449	27994	0.00	0.00	0.00	0.00	5.97	284.44	0.43	213.33	15238.09	-15238.09	12698.41
Fixation L	1	13	3812546449	3812674447	127998	0.00	0.00	0	0	-1	12.13	12.13
Saccade L	1	33	3812674447	3812702465	28018	0.00	0.00	-0.04	0.00	6.90	328.27	0.43	246.19	17585.66	-17585.00	14654.24
Saccade L	1	34	3813274376	3813342475	68099	1232.22	301.82	1203.03	295.54	1.74	51.33	0.30	25.52	2171.04	-1013.47	741.34
Saccade L	1	35	3813366466	3813430475	64009	1207.76	321.73	1258.32	299.58	3.19	154.87	0.62	49.80	4769.90	-5653.11	2207.58
Saccade L	1	36	3813430475	3813518483	88008	1258.32	299.58	1417.99	329.35	11.32	438.86	0.27	128.64	18151.49	-15256.38	6804.49
Saccade L	1	37	3813594466	3813634475	40009	1381.47	300.84	1280.97	361.49	2.45	143.90	0.40	61.30	4640.17	-5516.28	3180.24
Saccade L	1	38	3813666472	3813758490	92018	1270.50	345.28	1490.90	313.18	8.56	405.86	0.39	93.04	16606.00	-15159.01	5056.27
Fixation L	1	14	3813774357	3813866344	91987	1481.81	337.33	29	38	-1	11.84	11.84
Saccade L	1	39	3813866344	3813890335	23991	1486.35	338.63	1503.01	328.59	0.82	71.22	0.50	34.30	1992.28	-2200.19	1469.84
Saccade L	1	40	3813898383	3813934362	35979	1520.49	292.14	1486.85	370.21	2.81	139.83	0.56	78.01	5309.30	-4839.65	3402.47
Saccade L	1	41	3813934362	3814022351	87989	1486.85	370.21	770.38	365.66	29.81	1265.88	0.27	338.85	52696.06	-26571.89	15688.18
Saccade L	1	42	3814022351	3814214360	192009	770.38	365.66	787.48	433.27	13.10	150.88	0.48	68.20	5056.10	-3543.65	1403.31
Saccade L	1	43	3814230356	3814358355	127999	724.19	431.04	1484.27	363.27	24.09	1060.81	0.25	188.21	50510.30	-46076.47	11547.62
Saccade L	1	44	3814358355	3814394359	36004	1484.27	363.27	1508.62	349.00	1.38	66.25	0.56	38.37	1617.71	-1455.56	1023.40
Saccade L	1	45	3814394359	3814418372	24013	1508.62	349.00	1485.67	351.44	0.81	61.86	0.67	33.59	1547.32	-1924.23	1049.54
Saccade L	1	46	3814418372	3814490345	71973	1485.67	351.44	799.25	350.55	21.13	1227.24	0.39	293.61	56314.72	-49186.70	19915.32
Saccade L	1	47	3814490345	3814530350	40005	799.25	350.55	898.53	366.72	2.28	108.44	0.40	57.09	3165.64	-3358.05	1719.57
Saccade L	1	48	3814862251	3815018353	156102	1011.29	407.45	-2.53	0.00	54.96	1207.38	0.69	352.06	46315.80	-32144.59	11586.36
Fixation L	1	15	3815018353	3815086355	68002	-0.48	0.00	2	0	-1	11.22	11.22
Saccade L	1	49	3815086355	3815134371	48016	0.00	0.00	2.15	890.20	21.83	1838.20	0.25	454.55	77515.49	-71269.79	36482.23
Saccade L	1	50	3815134371	3815166364	31993	2.15	890.20	-2.43	0.00	19.70	1779.96	0.62	615.74	71698.80	-74435.80	49015.99
Fixation L	1	16	3815166364	3815330237	163873	-0.26	0.00	2	0	-1	11.09	11.09
Saccade L	1	51	3815330237	3815358255	28018	0.00	0.00	0.00	0.00	12.14	577.50	0.43	433.13	30937.58	-30937.58	25781.32
Fixation L	1	17	3815358255	3818634048	3275793	0.00	0.00	0	0	-1	11.66	11.66
Saccade L	1	52	3818754024	3818810031	56007	663.56	494.36	801.52	482.99	4.85	232.62	0.21	86.56	4209.64	-5645.69	2347.72
Saccade L	1	53	3818810031	3818982063	172032	801.52	482.99	754.83	396.11	22.82	349.49	0.58	132.65	7291.57	-8780.64	3102.80
Saccade L	1	54	3818982063	3819010039	27976	754.83	396.11	739.70	358.52	1.06	85.14	0.43	38.04	2384.46	-1521.41	823.08
Saccade L	1	55	3819010039	3819238048	228009	739.70	358.52	1042.46	467.99	20.64	337.05	0.26	90.54	12339.39	-10805.39	2844.04
Saccade L	1	56	3819238048	3819322044	83996	1042.46	467.99	854.38	427.92	7.60	208.92	0.48	90.45	5085.73	-7566.88	2827.81
Saccade L	1	57	3819553906	3819689987	136081	-56.70	908.48	-0.44	0.00	65.70	1196.49	0.29	482.81	31594.93	-57986.64	16116.99
Fixation L	1	18	3819689987	3820861818	1171831	-0.01	0.00	0	0	-1	11.80	11.80
Fixation L	1	19	3821017773	3821449835	432062	0.00	0.00	0	0	-1	12.21	12.21
Saccade L	1	58	3821449835	3821477811	27976	0.00	0.00	-0.01	0.00	12.19	581.00	0.43	435.75	31124.82	-15562.41	18803.82
Saccade L	1	59	3821493834	3821513750	19916	-0.01	0.00	-0.02	0.00	7.85	1175.45	0.40	394.22	-18.72	-47202.15	15904.93
Fixation L	1	20	3821513750	3821949817	436067	0.00	0.00	0	0	-1	12.21	12.21
Saccade L	1	60	3821949817	3821977819	28002	0.00	0.00	0.00	0.00	13.08	622.76	0.43	467.07	33361.99	-33361.99	27801.66
Saccade L	1	61	3821993851	3822021817	27966	0.00	0.00	0.00	0.00	12.05	574.55	0.57	430.92	30779.66	-30779.66	25649.71
Saccade L	1	62	3822045824	3822073846	28022	0.00	0.00	0.00	0.00	12.05	573.18	0.43	429.89	30706.14	-15353.07	16652.35
Saccade L	1	63	3822285692	3822317688	31996	843.68	603.25	929.68	595.03	1.42	76.08	0.38	44.51	6124.55	-1066.24	1791.78
Saccade L	1	64	3822521701	3822561687	39986	1015.30	629.94	1012.11	635.01	2.39	202.67	0.60	59.69	7038.91	-3997.86	2619.87
Saccade L	1	65	3822573709	3822705699	131990	940.70	636.02	805.08	496.11	19.42	525.54	0.30	147.12	15972.11	-14440.95	4279.60
Saccade L	1	66	3822705699	3822769715	64016	805.08	496.11	925.40	538.87	8.73	352.37	0.62	136.40	5689.34	-7824.62	3003.72
Saccade L	1	67	3822921704	3822993717	72013	692.06	474.84	992.13	562.22	10.85	483.99	0.22	150.68	19814.16	-13828.02	7177.08
Saccade L	1	68	3822993717	3823053726	60009	992.13	562.22	941.97	557.11	5.40	231.96	0.27	90.03	8115.13	-6817.61	3946.89
Saccade L	1	69	3823053726	3823085712	31986	941.97	557.11	1006.76	577.31	0.99	87.90	0.75	30.97	2719.87	-47.57	1397.06
Saccade L	1	70	3823121695	3823193715	72020	930.42	555.86	833.08	608.98	5.09	138.54	0.22	70.62	3396.09	-1694.18	1358.35
Saccade L	1	71	3823225632	3823317717	92085	900.04	608.25	954.06	539.59	7.19	292.40	0.39	78.10	7017.76	-7548.34	2789.05
Fixation L	1	21	3823429717	3823889582	459865	0.00	0.00	0	0	-1	11.92	11.92
Saccade L	1	72	3824093604	3824125608	32004	1047.25	460.67	993.88	436.05	0.84	61.09	0.25	26.34	2738.30	-1215.39	889.68
Saccade L	1	73	3824125608	3824197584	71976	993.88	436.05	913.16	517.12	5.31	174.54	0.56	73.84	3218.02	-5257.40	1906.21
Saccade L	1	74	3824285623	3824377614	91991	965.76	523.01	975.05	576.09	7.58	171.07	0.65	82.43	4093.53	-5115.75	1800.25
Saccade L	1	75	3824513590	3824549617	36027	935.18	605.43	886.60	589.61	1.79	118.76	0.44	49.71	2514.31	-3449.17	2018.81
Saccade L	1	76	3824549617	3824593589	43972	886.60	589.61	922.35	620.54	2.24	90.75	0.36	51.05	2687.82	-1917.77	1440.85
Saccade L	1	77	3824609596	3824721598	112002	890.39	624.21	864.72	564.87	10.45	201.23	0.39	93.27	4855.93	-6351.67	2337.59
Saccade L	1	78	3824937636	3825137507	199871	1129.76	390.90	1440.10	576.08	66.97	1453.53	0.60	335.07	54726.51	-39763.94	14028.24
Saccade L	1	79	3825137507	3825177484	39977	1440.10	576.08	1156.53	752.47	7.53	668.51	0.30	188.47	25492.27	-27430.60	14562.59
Fixation L	1	22	3825309478	3825825879	516401	279.20	130.06	1536	1003	-1	2.79	2.79
