[BeGaze]
Converted from:	D:\Kirillov\Results\fatcat\P06-eye_data.idf
Date:	29.05.2019 04:55:18
Version:	BeGaze 3.0.181
Sample Rate:	250
Subject:	P06
Description:	Run6

Table Header for Fixations:
Event Type	Trial	Number	Start	End	Duration	Location X	Location Y	Dispersion X	Dispersion Y	Plane	Avg. Pupil Size X	Avg. Pupil Size Y

Table Header for Saccades:
Event Type	Trial	Number	Start	End	Duration	Start Loc.X	Start Loc.Y	End Loc.X	End Loc.Y	Amplitude	Peak Speed	Peak Speed At	Average Speed	Peak Accel.	Peak Decel.	Average Accel.

Table Header for User Events:
Event Type	Trial	Number	Start	Description

UserEvent	1	1	4091623931	# Message: Validation.jpg
Saccade L	1	1	4091627279	4091651300	24021	496.06	381.74	659.84	268.31	3.59	303.44	0.33	149.46	0.00	-13977.44	5132.78
Fixation L	1	1	4091651300	4091839200	187900	634.19	268.05	41	27	-1	14.03	14.03
Saccade L	1	2	4091839200	4091887284	48084	617.65	254.42	791.00	372.00	5.12	239.98	0.42	106.43	10965.85	-10074.78	6759.34
Saccade L	1	3	4091935349	4091987340	51991	784.54	372.24	331.95	159.51	11.07	417.02	0.38	212.87	19391.77	-16962.09	12176.63
Fixation L	1	2	4091987340	4092099167	111827	348.78	145.92	30	18	-1	13.69	13.69
Saccade L	1	4	4092099167	4092143189	44022	362.40	147.69	429.54	313.43	3.85	185.18	0.45	87.36	8791.34	-7958.25	5758.78
Fixation L	1	3	4092143189	4092391206	248017	408.49	302.79	35	30	-1	13.78	13.78
Saccade L	1	5	4092391206	4092419177	27971	402.75	302.10	450.38	318.11	1.01	55.19	0.57	35.94	2421.80	-2171.61	1710.05
Fixation L	1	4	4092419177	4092887176	467999	462.51	315.48	27	43	-1	14.23	14.23
Saccade L	1	6	4092887176	4092915179	28003	464.70	334.93	463.25	296.16	0.79	40.34	0.57	28.20	1410.88	-1542.17	1118.78
Fixation L	1	5	4092915179	4093647045	731866	423.75	290.89	64	59	-1	13.92	13.92
Saccade L	1	7	4093647045	4093719050	72005	396.99	316.04	1168.06	711.19	19.42	475.60	0.28	269.68	22435.63	-18377.30	11154.90
Fixation L	1	6	4093719050	4094067051	348001	1182.41	745.02	38	63	-1	14.28	14.28
Saccade L	1	8	4094067051	4094103062	36011	1190.80	776.79	1299.13	803.37	2.30	117.84	0.56	63.99	5257.97	-5248.20	3823.66
Fixation L	1	7	4094103062	4094195070	92008	1290.69	815.12	14	17	-1	13.89	13.89
Saccade L	1	9	4094195070	4094223072	28002	1292.93	811.34	1238.38	799.63	1.11	62.51	0.43	39.47	2575.32	-2299.27	1825.31
Fixation L	1	8	4094223072	4095050937	827865	1250.13	789.25	46	48	-1	13.22	13.22
Saccade L	1	10	4095050937	4095098957	48020	1258.87	760.06	1240.45	229.94	11.28	416.74	0.50	234.86	18515.75	-17458.41	12623.08
Saccade L	1	11	4095098957	4095122951	23994	1240.45	229.94	1239.97	267.30	0.69	45.85	0.50	28.70	-688.82	-10376.09	3289.48
Fixation L	1	9	4095122951	4095482949	359998	1231.17	299.94	35	53	-1	13.13	13.13
Saccade L	1	12	4095482949	4095506946	23997	1227.12	281.30	1240.58	251.62	0.71	42.32	0.50	29.59	1110.32	-1279.63	855.30
Fixation L	1	10	4095506946	4096430831	923885	1236.42	249.42	67	70	-1	13.59	13.59
Saccade L	1	13	4096430831	4096522873	92042	1206.04	282.03	317.01	857.02	24.87	579.07	0.44	270.24	19989.74	-16170.31	10527.94
Fixation L	1	11	4096522873	4096750857	227984	337.78	846.45	36	28	-1	14.16	14.16
Saccade L	1	14	4096750857	4096798828	47971	335.49	852.66	459.96	786.16	3.48	118.08	0.42	72.60	5271.61	-5225.54	3632.41
Fixation L	1	12	4096798828	4096910846	112018	449.37	802.78	32	34	-1	13.80	13.80
Saccade L	1	15	4096910846	4096946839	35993	433.18	818.34	377.32	807.87	1.14	51.48	0.33	31.71	2037.07	-1408.31	1300.98
Fixation L	1	13	4096946839	4097106864	160025	385.94	811.65	37	21	-1	13.11	13.11
Saccade L	1	16	4097106864	4097134857	27993	383.92	825.53	428.77	817.06	0.94	47.88	0.43	33.75	2053.78	-1813.91	1476.29
Fixation L	1	14	4097134857	4097450861	316004	427.34	814.51	23	20	-1	13.16	13.16
