[BeGaze]
Converted from:	D:\Kirillov\Results\fatcat\P05-eye_data.idf
Date:	29.05.2019 04:55:18
Version:	BeGaze 3.0.181
Sample Rate:	250
Subject:	P05
Description:	Run5

Table Header for Fixations:
Event Type	Trial	Number	Start	End	Duration	Location X	Location Y	Dispersion X	Dispersion Y	Plane	Avg. Pupil Size X	Avg. Pupil Size Y

Table Header for Saccades:
Event Type	Trial	Number	Start	End	Duration	Start Loc.X	Start Loc.Y	End Loc.X	End Loc.Y	Amplitude	Peak Speed	Peak Speed At	Average Speed	Peak Accel.	Peak Decel.	Average Accel.

Table Header for User Events:
Event Type	Trial	Number	Start	Description

UserEvent	1	1	3977577658	# Message: 1-2.jpg
Saccade L	1	1	3977590578	3977610549	19971	278.38	402.49	264.56	381.86	1.54	146.80	0.60	77.36	5022.84	-2357.96	2052.18
Saccade L	1	2	3977610549	3977662588	52039	264.56	381.86	464.52	472.65	5.99	343.26	0.54	115.10	13365.20	-14421.28	7207.10
Saccade L	1	3	3977686587	3977770571	83984	470.13	475.76	347.68	412.46	16.74	477.61	0.43	199.34	18869.23	-13199.20	5375.73
Saccade L	1	4	3977770571	3977862579	92008	347.68	412.46	986.22	731.19	17.39	679.18	0.65	189.02	30548.28	-22951.94	11511.84
Fixation L	1	1	3977862579	3978074472	211893	996.91	724.29	38	15	-1	18.27	18.27
Saccade L	1	5	3978074472	3978202572	128100	991.05	719.71	1086.80	539.67	71.43	2243.06	0.28	557.60	79232.51	-74551.75	22565.86
Fixation L	1	2	3978202572	3978490574	288002	1093.81	541.56	15	46	-1	18.22	18.22
Saccade L	1	6	3978490574	3978530569	39995	1096.80	521.01	1177.03	530.02	1.81	93.61	0.30	45.15	4458.56	-3170.77	2378.21
Fixation L	1	3	3978530569	3978794443	263874	1186.51	515.55	34	47	-1	18.18	18.18
Saccade L	1	7	3978794443	3978822460	28017	1177.06	490.54	1061.16	516.66	2.39	176.04	0.57	85.15	7662.64	-7477.10	5626.56
Fixation L	1	4	3978822460	3978970455	147995	1095.94	523.46	51	25	-1	17.59	17.59
Saccade L	1	8	3978970455	3978998447	27992	1095.68	515.04	1178.33	508.81	1.67	119.35	0.43	59.58	5569.81	-3781.91	3177.88
Saccade L	1	9	3978998447	3979022464	24017	1178.33	508.81	1179.14	458.90	1.05	90.31	0.50	43.59	1093.10	-3512.29	1741.92
Fixation L	1	5	3979022464	3979130459	107995	1174.86	467.26	15	30	-1	17.52	17.52
Saccade L	1	10	3979130459	3979170452	39993	1167.19	468.65	1062.37	495.13	2.79	199.23	0.70	69.78	8008.16	-8770.32	4942.02
Fixation L	1	6	3979170452	3979494365	323913	1078.72	494.15	37	62	-1	17.29	17.29
Saccade L	1	11	3979494365	3979534462	40097	1087.88	525.84	1154.04	470.35	1.89	115.01	0.30	47.04	4964.27	-3938.91	2749.55
Saccade L	1	12	3979546465	3979574426	27961	1149.43	473.20	1173.79	526.88	1.29	93.28	0.57	46.12	7824.23	-2765.83	3052.79
Saccade L	1	13	3979574426	3979650453	76027	1173.79	526.88	61.34	-19.66	28.08	787.27	0.42	369.29	29922.94	-26275.39	15828.58
Saccade L	1	14	3979650453	3979686414	35961	61.34	-19.66	146.25	82.85	2.88	149.41	0.33	80.17	2995.74	-9821.82	4395.15
Saccade L	1	15	3979786479	3979878411	91932	194.59	75.73	176.97	70.88	7.68	254.90	0.22	83.50	10111.79	-6426.59	2931.94
Saccade L	1	16	3979938459	3979966486	28027	194.12	55.06	171.18	69.54	1.10	78.07	0.57	39.38	2414.48	-2476.81	1787.23
Fixation L	1	7	3979966486	3980046332	79846	150.73	60.61	38	43	-1	15.39	15.39
Saccade L	1	17	3980046332	3980090344	44012	162.39	82.68	336.33	184.79	4.40	300.20	0.36	99.91	13304.59	-12446.24	7206.79
Fixation L	1	8	3980090344	3980178365	88021	328.14	170.33	20	31	-1	15.44	15.44
Saccade L	1	18	3980178365	3980198345	19980	321.69	185.28	301.72	153.43	0.52	45.78	0.60	25.85	1212.65	-920.35	809.27
Fixation L	1	9	3980198345	3980266343	67998	287.27	144.07	48	44	-1	15.56	15.56
Saccade L	1	19	3980266343	3980290366	24023	266.83	114.38	333.51	129.05	1.36	102.03	0.50	56.66	3559.85	-4004.81	2916.98
Fixation L	1	10	3980290366	3980402352	111986	356.39	133.06	50	37	-1	15.95	15.95
Saccade L	1	20	3980422351	3980454363	32012	343.58	160.87	452.93	215.87	2.44	156.74	0.37	76.11	4853.15	-7338.76	4481.84
Fixation L	1	11	3980454363	3980506364	52001	450.54	208.07	9	15	-1	16.25	16.25
Saccade L	1	21	3980506364	3980534365	28001	454.31	198.41	173.32	94.94	6.12	558.73	0.43	218.51	22921.87	-21940.98	14401.95
Saccade L	1	22	3980534365	3980566358	31993	173.32	94.94	459.92	190.73	6.71	609.08	0.50	209.77	24110.07	-24555.01	14561.27
Saccade L	1	23	3980590342	3980614378	24036	451.70	184.59	166.87	196.85	3.93	378.14	0.33	163.57	7310.09	-17289.28	8704.93
Fixation L	1	12	3980614378	3980694448	80070	184.32	205.63	48	11	-1	16.37	16.37
Saccade L	1	24	3980694448	3980726358	31910	207.69	206.74	453.30	298.99	5.36	376.91	0.37	168.07	17278.85	-16010.79	11692.54
Fixation L	1	13	3980726358	3980794375	68017	431.73	290.45	43	19	-1	16.38	16.38
Saccade L	1	25	3980794375	3980966344	171969	442.38	301.94	183.40	177.71	16.85	365.23	0.49	97.99	13278.49	-13897.01	3636.61
Fixation L	1	14	3981014303	3981182377	168074	203.28	185.66	29	26	-1	15.61	15.61
Saccade L	1	26	3981182377	3981214330	31953	222.69	190.85	278.75	163.37	1.25	75.13	0.38	39.07	2813.11	-2858.17	2055.38
Fixation L	1	15	3981214330	3981286287	71957	282.94	167.98	8	16	-1	15.88	15.88
Saccade L	1	27	3981286287	3981310351	24064	285.73	168.12	100.12	171.96	3.03	247.64	0.50	126.12	12014.16	-9406.09	6362.69
Saccade L	1	28	3981334291	3981374377	40086	309.03	161.39	305.55	159.66	5.43	258.49	0.30	135.51	2514.04	-10947.30	3448.73
Saccade L	1	29	3981406239	3981446244	40005	290.84	144.14	357.25	150.30	4.83	247.09	0.60	120.84	8209.81	-8854.15	5934.56
Saccade L	1	30	3981446244	3981470225	23981	357.25	150.30	366.71	163.87	1.43	143.69	0.67	59.45	3357.43	-4422.96	2407.11
Saccade L	1	31	3981498236	3981538251	40015	352.02	160.69	359.87	194.63	6.64	364.38	0.30	165.90	14709.87	-6055.37	5699.68
Fixation L	1	16	3981562224	3981638235	76011	360.62	181.27	19	12	-1	16.02	16.02
Saccade L	1	32	3981738262	3981762229	23967	433.29	175.38	419.68	131.41	3.35	204.71	0.50	139.70	7496.30	-2003.39	3098.96
Saccade L	1	33	3981914229	3981938250	24021	424.83	217.30	381.54	204.25	0.73	58.57	0.50	30.38	1869.94	-1814.81	1461.59
Saccade L	1	34	3981946244	3982066284	120040	395.83	209.06	846.79	508.19	37.43	736.66	0.57	311.81	24699.38	-21496.01	9271.42
Saccade L	1	35	3982066284	3982090233	23949	846.79	508.19	957.19	481.52	1.89	194.18	0.33	78.90	-296.76	-7212.98	3673.84
Fixation L	1	17	3982090233	3982150273	60040	955.53	458.38	18	47	-1	16.51	16.51
Saccade L	1	36	3982150273	3982190267	39994	945.95	432.94	976.81	517.21	2.11	94.06	0.30	52.64	3941.89	-3508.53	2512.32
Fixation L	1	18	3982190267	3982270264	79997	1005.29	526.67	37	19	-1	16.61	16.61
Saccade L	1	37	3982270264	3982306260	35996	1013.33	537.70	1056.33	513.38	1.26	78.99	0.33	35.09	3373.46	-2569.48	1857.22
Fixation L	1	19	3982306260	3982462263	156003	1055.03	489.43	31	59	-1	16.78	16.78
Saccade L	1	38	3982462263	3982482249	19986	1066.44	452.69	1099.01	457.97	0.71	55.45	0.60	35.40	2109.34	-840.91	1148.24
Saccade L	1	39	3982482249	3982510248	27999	1099.01	457.97	1138.64	463.49	0.76	43.66	0.43	27.32	317.74	-1889.35	879.90
Fixation L	1	20	3982510248	3982710367	200119	1155.58	467.53	45	23	-1	16.64	16.64
Saccade L	1	40	3982710367	3982738248	27881	1172.39	484.22	1284.01	489.92	2.19	167.93	0.43	78.57	7575.36	-7562.72	5557.54
Fixation L	1	21	3982738248	3982914149	175901	1279.41	465.91	37	39	-1	16.50	16.50
Saccade L	1	41	3982914149	3982942121	27972	1270.70	477.82	1255.34	439.41	0.86	45.78	0.57	30.91	893.83	-1203.14	637.10
Fixation L	1	22	3982942121	3983142144	200023	1290.02	443.12	45	22	-1	16.06	16.06
Saccade L	1	42	3983142144	3983174143	31999	1285.49	445.87	1379.42	431.37	1.91	113.58	0.37	59.69	5162.79	-5037.14	3672.71
Fixation L	1	23	3983174143	3983350148	176005	1390.27	428.00	31	28	-1	15.80	15.80
Saccade L	1	43	3983350148	3983374129	23981	1399.36	444.11	1514.02	446.81	2.25	197.88	0.50	93.83	8668.09	-8619.53	6413.90
Fixation L	1	24	3983374129	3983494141	120012	1507.81	457.07	13	26	-1	15.88	15.88
Saccade L	1	44	3983494141	3983602143	108002	1508.23	457.53	994.94	554.00	20.50	621.21	0.30	189.83	22565.33	-23481.56	7655.61
Fixation L	1	25	3983602143	3983814143	212000	1023.24	552.25	50	13	-1	15.56	15.56
Saccade L	1	45	3983814143	3983854129	39986	1045.19	551.98	1126.94	530.33	1.78	96.34	0.40	44.55	4393.25	-3326.78	2397.09
Fixation L	1	26	3983854129	3984050140	196011	1169.02	522.85	74	27	-1	15.91	15.91
Saccade L	1	46	3984050140	3984082145	32005	1203.49	530.67	1287.42	531.64	1.77	106.04	0.38	55.33	4508.94	-4658.23	3331.08
Fixation L	1	27	3984082145	3984166148	84003	1291.98	547.48	10	22	-1	16.20	16.20
Fixation L	1	28	3984322262	3984422039	99777	1299.83	521.36	33	39	-1	16.01	16.01
Saccade L	1	47	3984422039	3984446016	23977	1313.59	532.26	1330.28	497.81	0.74	44.01	0.50	30.85	1840.55	-1503.13	1260.29
Fixation L	1	29	3984446016	3984754030	308014	1363.93	494.32	62	31	-1	16.28	16.28
Saccade L	1	48	3984754030	3984790022	35992	1393.52	501.18	1123.23	692.38	6.88	344.49	0.56	191.25	16518.52	-16090.69	12564.33
Fixation L	1	30	3984790022	3985214041	424019	1138.83	703.94	38	59	-1	16.80	16.80
Saccade L	1	49	3985214041	3985238040	23999	1136.08	673.55	1101.53	653.39	0.75	47.19	0.50	31.11	811.30	-1962.20	991.61
Fixation L	1	31	3985238040	3985778037	539997	1133.01	626.87	72	40	-1	16.93	16.93
Saccade L	1	50	3985778037	3985801918	23881	1170.06	625.52	1090.78	622.43	1.70	138.96	0.50	71.29	6223.69	-5389.16	4279.72
Fixation L	1	32	3985801918	3985933925	132007	1097.51	620.76	21	19	-1	16.91	16.91
Saccade L	1	51	3985933925	3985981920	47995	1101.94	629.56	797.70	575.95	6.92	348.41	0.42	144.08	16149.57	-13931.38	9561.33
Fixation L	1	33	3985981920	3986277912	295992	845.02	555.89	81	48	-1	16.79	16.79
Saccade L	1	52	3986277912	3986317924	40012	882.34	554.62	764.00	769.05	5.87	335.54	0.50	146.79	16119.64	-15180.97	10503.18
Fixation L	1	34	3986317924	3986473924	156000	775.91	794.02	42	34	-1	16.89	16.89
Saccade L	1	53	3986473924	3986513929	40005	775.16	802.50	839.67	834.42	1.72	71.66	0.30	43.09	3131.78	-1641.56	1603.29
Fixation L	1	35	3986513929	3986745947	232018	883.44	837.31	70	27	-1	16.95	16.95
Saccade L	1	54	3986745947	3986781917	35970	905.32	849.14	835.09	846.84	1.48	71.26	0.44	41.09	3441.55	-2787.70	2301.54
Saccade L	1	55	3986809912	3986857937	48025	831.70	852.50	248.62	772.96	13.18	517.76	0.58	274.43	23874.07	-24237.21	16751.43
Fixation L	1	36	3986857937	3987009857	151920	270.02	781.12	101	22	-1	16.50	16.50
Saccade L	1	56	3987009857	3987045800	35943	320.67	784.77	548.72	797.42	4.75	277.31	0.33	132.14	12923.50	-11912.13	8717.33
Fixation L	1	37	3987045800	3987305830	260030	571.70	808.89	39	44	-1	16.65	16.65
Saccade L	1	57	3987305830	3987329824	23994	585.78	834.01	508.56	825.59	1.39	106.87	0.50	57.90	5257.75	-4605.39	3472.85
Fixation L	1	38	3987329824	3987417796	87972	540.25	818.51	56	10	-1	16.59	16.59
Saccade L	1	58	3987417796	3987453827	36031	548.64	818.44	714.68	827.60	3.70	259.09	0.44	102.62	12116.51	-11410.39	7875.99
Fixation L	1	39	3987453827	3987605810	151983	743.85	823.07	64	26	-1	16.97	16.97
Saccade L	1	59	3987605810	3987653817	48007	771.99	807.12	681.75	836.84	2.19	72.82	0.25	45.70	3023.52	-2405.49	1620.22
Fixation L	1	40	3987653817	3987741808	87991	677.10	844.45	13	12	-1	17.09	17.09
Saccade L	1	60	3987741808	3987817812	76004	686.16	847.02	310.04	810.36	13.74	604.32	0.32	180.74	28126.77	-20936.74	11300.36
Fixation L	1	41	3987817812	3987909819	92007	317.67	825.00	13	36	-1	16.55	16.55
Saccade L	1	61	3987909819	3987937794	27975	322.38	846.71	335.14	853.70	3.40	172.78	0.71	121.50	8019.72	-8153.37	6232.21
Saccade L	1	62	3987985819	3988005840	20021	320.33	859.53	82.28	768.55	4.37	486.77	0.40	218.23	4734.43	-20200.07	10574.22
Fixation L	1	42	3988005840	3988065767	59927	99.52	771.87	33	6	-1	16.58	16.58
Saccade L	1	63	3988065767	3988093840	28073	115.41	775.03	167.82	778.92	1.16	76.73	0.43	41.40	3258.16	-2522.45	2039.27
Fixation L	1	43	3988093840	3988261836	167996	207.41	774.49	60	10	-1	16.60	16.60
Saccade L	1	64	3988261836	3988285806	23970	204.08	768.78	74.77	759.41	1.16	125.11	0.67	48.35	4751.16	-1113.53	1927.57
Saccade L	1	65	3988285806	3988313815	28009	74.77	759.41	135.74	746.20	1.37	99.55	0.29	49.05	1325.53	-3343.61	1848.45
Fixation L	1	44	3988313815	3988473681	159866	149.02	746.89	41	9	-1	16.54	16.54
Saccade L	1	66	3988473681	3988513722	40041	165.29	749.13	357.01	756.35	4.84	302.57	0.70	120.76	11204.72	-11169.74	7585.30
Fixation L	1	45	3988513722	3988625686	111964	369.73	774.26	19	35	-1	16.37	16.37
Saccade L	1	67	3988625686	3988657688	32002	373.03	756.85	131.41	669.98	5.71	514.80	0.38	178.33	21225.12	-20393.80	13923.65
Fixation L	1	46	3988709714	3989029699	319985	174.17	650.02	214	130	-1	16.03	16.03
Saccade L	1	68	3989029699	3989065700	36001	219.16	645.48	330.80	690.46	3.77	326.54	0.56	104.65	12821.51	-14072.89	7881.02
Saccade L	1	69	3989101720	3989145693	43973	347.83	697.38	425.89	698.67	1.62	75.67	0.46	36.82	2723.14	-1989.84	1512.14
Fixation L	1	47	3989145693	3989237700	92007	409.84	689.35	39	14	-1	15.81	15.81
Saccade L	1	70	3989237700	3989297603	59903	390.20	689.29	1153.40	665.22	19.42	853.57	0.40	324.18	34468.18	-33279.76	20636.49
Fixation L	1	48	3989297603	3989457701	160098	1162.07	668.29	26	17	-1	17.06	17.06
Saccade L	1	71	3989457701	3989481696	23995	1179.07	664.66	1034.59	681.44	2.89	257.04	0.50	120.60	11728.19	-10391.87	7915.27
Fixation L	1	49	3989481696	3989669703	188007	1077.47	709.39	65	52	-1	17.37	17.37
Saccade L	1	72	3989669703	3989725698	55995	1103.51	703.62	0.00	0.00	33.83	2637.54	0.79	604.22	97952.49	-111011.91	45130.25
Saccade L	1	73	3989829715	3989861595	31880	1064.19	727.20	1103.34	707.53	0.94	51.27	0.37	29.63	1028.86	-1650.73	883.39
Fixation L	1	50	3989861595	3990225598	364003	1127.88	723.36	60	54	-1	18.00	18.00
Saccade L	1	74	3990225598	3990249596	23998	1155.68	747.30	1120.36	756.25	0.79	49.26	0.33	32.86	1740.83	-1869.89	1370.77
Fixation L	1	51	3990249596	3990413605	164009	1125.72	767.93	45	29	-1	18.35	18.35
Saccade L	1	75	3990413605	3990441622	28017	1154.21	760.29	1099.34	737.51	1.19	77.31	0.43	42.44	2483.48	-3051.22	2075.86
Fixation L	1	52	3990441622	3990625600	183978	1101.06	737.28	34	28	-1	18.30	18.30
Saccade L	1	76	3990625600	3990653619	28019	1085.73	755.64	1111.95	714.36	0.98	52.44	0.43	35.05	2203.84	-2050.18	1635.56
Fixation L	1	53	3990653619	3990937587	283968	1109.06	730.36	26	35	-1	18.13	18.13
Saccade L	1	77	3990937587	3990973546	35959	1116.00	723.25	1108.58	672.52	1.18	45.22	0.55	32.83	1424.95	-1237.24	1047.43
Fixation L	1	54	3990973546	3991045599	72053	1107.33	664.97	20	11	-1	17.83	17.83
Saccade L	1	78	3991045599	3991069698	24099	1114.18	669.08	1065.39	674.55	1.00	76.19	0.50	41.46	3055.31	-2763.83	2142.14
Fixation L	1	55	3991069698	3991133705	64007	1093.13	679.63	62	6	-1	18.03	18.03
Saccade L	1	79	3991133705	3991157624	23919	1121.48	678.28	1088.75	678.62	0.70	47.77	0.33	29.13	1426.65	-1841.32	1192.82
Fixation L	1	56	3991157624	3991217593	59969	1094.00	685.05	17	9	-1	17.90	17.90
Saccade L	1	80	3991217593	3991249480	31887	1105.64	685.13	1048.51	653.25	1.39	71.82	0.38	43.57	3276.83	-2896.79	2271.71
Fixation L	1	57	3991249480	3991545480	296000	1073.80	646.51	49	37	-1	17.73	17.73
Saccade L	1	81	3991545480	3991581481	36001	1085.37	635.85	1068.79	779.91	3.06	211.06	0.33	84.93	9785.21	-9290.28	6209.26
Fixation L	1	58	3991581481	3991849474	267993	1087.01	769.31	39	29	-1	18.09	18.09
Saccade L	1	82	3991849474	3991873483	24009	1094.27	758.77	1158.58	742.77	1.39	115.14	0.50	57.93	4861.83	-4736.65	3597.87
Fixation L	1	59	3991873483	3992161486	288003	1187.03	772.40	50	59	-1	18.12	18.12
Saccade L	1	83	3992161486	3992193481	31995	1206.99	801.43	1177.95	739.83	1.58	93.97	0.37	49.48	4398.23	-3701.12	2845.81
Fixation L	1	60	3992193481	3992729371	535890	1170.11	740.78	36	35	-1	17.96	17.96
Saccade L	1	84	3992729371	3992757376	28005	1177.62	722.66	1147.13	755.23	0.91	51.74	0.57	32.34	1991.24	-1968.02	1497.81
Fixation L	1	61	3992757376	3992969403	212027	1159.74	766.51	33	23	-1	18.09	18.09
Saccade L	1	85	3992969403	3993017364	47961	1168.19	776.59	1138.20	672.63	2.30	88.40	0.58	47.87	3100.65	-3566.28	1831.36
Fixation L	1	62	3993017364	3993245474	228110	1143.18	665.30	38	20	-1	18.22	18.22
Saccade L	1	86	3993245474	3993281373	35899	1170.38	657.84	1039.90	740.68	3.92	283.16	0.44	109.26	12837.46	-11964.50	7977.53
Saccade L	1	87	3993329381	3993365380	35999	1022.78	725.35	1079.08	729.03	1.19	50.28	0.33	32.98	2134.03	-1985.97	1575.03
Fixation L	1	63	3993365380	3993633402	268022	1087.22	722.93	23	14	-1	18.01	18.01
Saccade L	1	88	3993633402	3993677362	43960	1088.77	732.86	1039.33	687.71	1.57	62.57	0.36	35.76	2161.56	-1736.99	1454.73
Fixation L	1	64	3993677362	3993729384	52022	1043.23	688.64	12	12	-1	17.99	17.99
Saccade L	1	89	3993729384	3993777395	48011	1050.55	693.48	493.23	800.97	16.00	533.92	0.50	333.33	25214.76	-23819.63	16847.89
Saccade L	1	90	3993789286	3993837480	48194	529.51	808.78	293.53	788.67	3.99	96.26	0.58	82.81	9138.06	-6595.88	3385.53
Fixation L	1	65	3993837480	3993917296	79816	311.45	799.64	67	17	-1	17.30	17.30
Saccade L	1	91	3993917296	3993965380	48084	343.43	804.74	400.00	794.42	4.52	168.04	0.33	94.06	5821.83	-3353.04	2963.49
Saccade L	1	92	3994009379	3994029330	19951	128.53	768.52	391.55	825.97	2.40	347.55	0.40	120.13	5825.28	-5954.43	3288.63
Saccade L	1	93	3994029330	3994049251	19921	391.55	825.97	393.41	835.31	1.85	177.89	0.60	92.73	1746.98	-9034.44	3602.97
Saccade L	1	94	3994061259	3994113247	51988	392.65	840.63	176.98	774.55	6.78	525.58	0.23	130.38	21396.06	-19849.14	8987.97
Saccade L	1	95	3994133266	3994161269	28003	185.86	778.67	233.56	774.81	1.08	68.98	0.57	38.54	2483.15	-2495.27	1859.30
Fixation L	1	66	3994161269	3994317262	155993	293.19	784.91	104	35	-1	16.96	16.96
Saccade L	1	96	3994317262	3994377284	60022	336.08	807.27	1113.85	754.08	17.20	694.16	0.33	286.49	31842.09	-24401.38	17530.81
Fixation L	1	67	3994377284	3994441284	64000	1109.67	751.12	13	6	-1	17.65	17.65
Saccade L	1	97	3994441284	3994465279	23995	1103.40	753.45	1143.20	746.73	0.79	49.49	0.50	33.09	2100.27	-1543.35	1346.72
Fixation L	1	68	3994465279	3994973370	508091	1165.43	756.83	62	61	-1	17.76	17.76
Saccade L	1	98	3994973370	3995013269	39899	1181.69	781.16	1152.19	685.26	2.36	140.66	0.30	59.23	6164.82	-3864.81	2815.43
Fixation L	1	69	3995013269	3995277218	263949	1147.90	655.71	31	44	-1	17.60	17.60
Saccade L	1	99	3995277218	3995345284	68066	1137.03	673.03	389.21	850.50	21.41	646.90	0.41	314.54	26339.46	-22913.99	14803.65
Saccade L	1	100	3995345284	3995369296	24012	389.21	850.50	359.13	855.36	0.69	56.91	0.67	28.81	349.50	-8857.02	2963.46
Fixation L	1	70	3995369296	3995429289	59993	372.89	865.21	25	14	-1	17.03	17.03
Saccade L	1	101	3995429289	3995477167	47878	382.84	865.92	150.53	818.84	6.44	345.67	0.42	134.50	13758.58	-11852.54	7553.66
Saccade L	1	102	3995489151	3995549301	60150	146.54	815.82	141.54	780.09	4.93	173.68	0.27	81.96	7571.33	-7174.39	4323.50
Fixation L	1	71	3995549301	3995633155	83854	172.98	781.08	54	8	-1	16.80	16.80
Saccade L	1	103	3995633155	3995701167	68012	201.84	783.82	311.85	800.22	2.58	55.50	0.53	37.93	1033.15	-1621.03	751.95
Fixation L	1	72	3995701167	3995853161	151994	327.32	799.34	58	19	-1	16.89	16.89
Saccade L	1	104	3995853161	3995877147	23986	349.32	803.86	312.17	802.44	0.82	60.18	0.50	34.21	2347.88	-2264.45	1797.95
Fixation L	1	73	3995877147	3995993178	116031	331.45	794.55	49	24	-1	16.98	16.98
Saccade L	1	105	3995993178	3996033171	39993	355.89	782.04	211.32	698.18	3.60	248.17	0.60	90.06	10713.07	-11194.59	6760.55
Saccade L	1	106	3996109165	3996157170	48005	219.25	693.12	295.88	694.14	1.78	68.15	0.42	37.04	2635.66	-2306.24	1408.28
Fixation L	1	74	3996157170	3996329177	172007	324.65	700.96	52	16	-1	17.20	17.20
Saccade L	1	107	3996329177	3996389173	59996	345.27	709.91	0.03	0.00	29.44	1046.53	0.60	490.62	46516.84	-51255.17	21611.97
Fixation L	1	75	3996509168	3996753174	244006	284.18	766.37	100	22	-1	16.98	16.98
Saccade L	1	108	3996753174	3996793180	40006	313.90	779.40	270.69	684.45	2.73	135.43	0.50	68.19	5827.92	-5676.46	3900.19
Fixation L	1	76	3996793180	3996849038	55858	292.53	677.14	33	11	-1	16.87	16.87
Fixation L	1	77	3996865053	3996929059	64006	276.67	669.44	30	23	-1	17.14	17.14
Saccade L	1	109	3996929059	3996957115	28056	277.23	665.09	317.42	689.60	1.00	49.99	0.71	35.70	1986.31	-1895.05	1486.17
Saccade L	1	110	3996965047	3997025066	60019	304.20	687.94	210.76	732.50	3.58	136.67	0.33	59.73	5983.10	-3402.02	2550.26
Fixation L	1	78	3997025066	3997237055	211989	229.73	753.95	77	29	-1	17.01	17.01
Saccade L	1	111	3997381051	3997433055	52004	349.13	494.69	522.03	357.80	8.56	410.66	0.31	164.61	17875.80	-10370.31	8569.75
Saccade L	1	112	3997473049	3997537074	64025	517.07	374.89	1115.82	539.12	14.04	659.18	0.50	219.29	27055.92	-29475.87	14729.59
Fixation L	1	79	3997537074	3997681087	144013	1128.73	541.12	26	16	-1	17.59	17.59
Saccade L	1	113	3997681087	3997709052	27965	1124.92	539.59	1242.85	529.53	2.61	204.45	0.57	93.32	9810.20	-9298.85	6909.88
Fixation L	1	80	3997709052	3997829076	120024	1267.76	519.95	36	27	-1	17.98	17.98
Saccade L	1	114	3997829076	3997865055	35979	1280.68	502.10	1152.23	524.51	2.79	164.52	0.44	77.54	7297.21	-7346.17	5170.49
Fixation L	1	81	3997865055	3998005047	139992	1174.23	527.56	39	13	-1	17.83	17.83
Saccade L	1	115	3998005047	3998069060	64013	1190.85	528.36	338.88	750.04	19.34	670.23	0.56	302.05	29645.72	-31411.51	17387.90
Fixation L	1	82	3998085069	3998241077	156008	373.95	769.71	29	46	-1	16.75	16.75
Saccade L	1	116	3998241077	3998288924	47847	379.39	796.87	336.53	802.41	2.39	103.31	0.25	50.02	4769.58	-2589.61	2236.60
Saccade L	1	117	3998300924	3998332938	32014	336.37	811.58	278.63	820.15	1.13	58.99	0.75	35.16	1563.26	-2494.45	1242.29
Fixation L	1	83	3998332938	3998428975	96037	292.68	806.34	30	23	-1	16.92	16.92
Saccade L	1	118	3998428975	3998456943	27968	319.74	812.38	330.57	794.91	3.30	293.58	0.43	117.97	11034.24	-6452.29	5821.47
Saccade L	1	119	3998484955	3998504972	20017	105.92	731.38	320.14	811.77	2.06	280.91	0.60	102.76	10298.87	-967.91	3894.99
Saccade L	1	120	3998504972	3998528945	23973	320.14	811.77	110.43	758.09	2.11	124.38	0.50	88.20	-967.91	-9757.91	4200.84
Fixation L	1	84	3998528945	3998620953	92008	130.94	743.24	37	27	-1	16.58	16.58
Saccade L	1	121	3998620953	3998644933	23980	137.15	731.19	315.15	745.22	3.68	370.15	0.50	153.35	15465.90	-12549.17	10290.66
Saccade L	1	122	3998644933	3998664940	20007	315.15	745.22	350.55	772.35	0.80	66.21	0.40	40.16	-441.70	-11248.20	3639.58
Fixation L	1	85	3998664940	3998732955	68015	352.22	780.79	18	12	-1	16.46	16.46
Saccade L	1	123	3998852973	3998900963	47990	171.62	677.14	351.75	754.48	5.17	299.24	0.75	107.81	11457.63	-7797.08	5425.58
Saccade L	1	124	3998900963	3998936934	35971	351.75	754.48	97.71	630.13	4.48	209.86	0.67	124.60	5590.33	-5451.01	3023.17
Saccade L	1	125	3998988902	3999028955	40053	128.36	643.40	398.78	692.88	5.96	325.46	0.30	148.71	14762.96	-8988.31	6928.81
Fixation L	1	86	3999028955	3999112937	83982	392.81	675.19	29	28	-1	15.92	15.92
Saccade L	1	126	3999112937	3999164895	51958	401.73	688.37	155.17	595.17	6.79	382.12	0.23	130.63	14720.62	-14311.52	7945.81
Saccade L	1	127	3999188936	3999236946	48010	150.86	597.59	288.80	600.18	7.31	460.70	0.25	152.34	18770.22	-11946.38	8692.02
Saccade L	1	128	3999296951	3999352950	55999	380.05	621.63	138.78	642.99	8.67	443.05	0.57	154.75	10516.81	-17230.05	7288.30
Saccade L	1	129	3999372977	3999396941	23964	146.86	642.14	359.93	772.29	5.06	485.88	0.50	211.34	20088.32	-20165.10	15064.75
Saccade L	1	130	3999408960	3999448950	39990	360.89	772.53	120.86	653.99	5.99	375.19	0.70	149.90	9131.76	-15802.36	7430.22
Fixation L	1	87	3999448950	3999540943	91993	151.86	650.06	83	12	-1	16.18	16.18
Saccade L	1	131	3999540943	3999576943	36000	186.71	640.39	210.03	682.96	4.12	268.93	0.33	114.55	10673.22	-7001.69	5649.61
Fixation L	1	88	3999576943	3999904854	327911	216.96	669.48	39	35	-1	16.03	16.03
Saccade L	1	132	3999904854	3999968850	63996	200.76	667.85	322.20	626.56	8.53	414.98	0.37	133.30	13627.35	-15146.85	6476.25
Fixation L	1	89	3999968850	4000204845	235995	309.70	591.24	48	54	-1	16.34	16.34
Saccade L	1	133	4000204845	4000236840	31995	291.38	575.08	481.30	617.57	4.08	292.13	0.50	127.46	13760.45	-13437.58	9627.89
Fixation L	1	90	4000236840	4000332848	96008	476.32	624.17	23	10	-1	16.53	16.53
Saccade L	1	134	4000332848	4000388837	55989	456.61	620.70	1113.47	702.97	14.30	527.06	0.29	255.48	24658.29	-17064.81	13336.68
Fixation L	1	91	4000388837	4000528843	140006	1127.61	699.10	22	8	-1	17.22	17.22
Saccade L	1	135	4000528843	4000556943	28100	1133.28	702.05	1077.69	709.82	1.16	85.80	0.57	41.28	3680.38	-3512.22	2702.57
Fixation L	1	92	4000556943	4001136723	579780	1104.37	733.87	68	86	-1	17.24	17.24
Saccade L	1	136	4001136723	4001168720	31997	1145.59	780.74	1123.28	744.84	0.92	41.96	0.50	28.70	1771.79	-1284.51	1057.71
Fixation L	1	93	4001168720	4001428717	259997	1130.69	755.04	53	37	-1	17.24	17.24
Saccade L	1	137	4001428717	4001468732	40015	1159.95	776.54	0.00	0.00	33.80	2755.33	0.70	844.65	107000.11	-115568.53	64791.20
Saccade L	1	138	4001612740	4001728756	116016	1156.28	798.70	395.55	726.81	23.53	725.43	0.31	202.80	27491.07	-34249.13	10393.63
Saccade L	1	139	4001728756	4001768724	39968	395.55	726.81	344.07	696.76	1.52	69.50	0.30	38.05	924.59	-1846.49	836.84
Fixation L	1	94	4001768724	4001972723	203999	378.22	701.36	51	69	-1	16.58	16.58
Saccade L	1	140	4001972723	4002032733	60010	390.30	669.39	72.96	672.91	10.77	375.95	0.67	179.52	9147.55	-14295.97	7091.55
Saccade L	1	141	4002044728	4002092719	47991	83.85	683.19	90.87	678.76	9.62	490.96	0.25	200.52	19757.18	-11246.37	7699.20
Saccade L	1	142	4002124725	4002148757	24032	96.86	680.23	107.34	677.76	2.24	170.19	0.33	93.36	3709.10	-7219.56	3582.12
Fixation L	1	95	4002148757	4002504759	356002	212.67	673.48	161	35	-1	16.88	16.88
Saccade L	1	143	4002504759	4002552624	47865	267.06	696.81	167.68	657.28	3.50	185.59	0.33	73.05	9035.03	-6813.45	4568.88
Fixation L	1	96	4002552624	4002612631	60007	169.83	665.33	37	22	-1	17.24	17.24
Saccade L	1	144	4002620614	4002708610	87996	185.34	670.96	1109.89	798.89	22.70	866.79	0.36	257.92	39825.48	-28856.11	15432.42
Saccade L	1	145	4002716634	4002744624	27990	1108.62	802.12	1118.97	793.91	0.71	40.99	0.71	25.28	1278.10	-1314.87	816.84
Fixation L	1	97	4002744624	4003188620	443996	1159.20	801.48	82	48	-1	18.06	18.06
Saccade L	1	146	4003188620	4003224600	35980	1174.46	828.39	1180.34	719.71	2.20	120.76	0.44	61.28	4917.34	-5109.08	3701.92
Fixation L	1	98	4003224600	4003368575	143975	1196.62	718.87	29	13	-1	18.35	18.35
Saccade L	1	147	4003368575	4003400637	32062	1204.36	717.34	1173.25	762.69	1.25	61.93	0.63	38.96	2560.49	-2442.85	1858.83
Fixation L	1	99	4003400637	4003728673	328036	1179.53	782.56	46	37	-1	18.41	18.41
Saccade L	1	148	4003728673	4003748618	19945	1203.63	798.44	1148.38	800.29	1.01	94.22	0.60	50.68	3627.72	-3754.50	2619.36
Fixation L	1	100	4003748618	4003980509	231891	1157.22	785.66	47	26	-1	18.53	18.53
Saccade L	1	149	4003980509	4004008641	28132	1181.92	772.69	1175.07	732.45	0.80	40.44	0.71	28.52	1419.96	-1526.94	1118.22
Fixation L	1	101	4004008641	4004288494	279853	1178.70	744.12	12	29	-1	18.55	18.55
Saccade L	1	150	4004288494	4004328506	40012	1182.60	738.91	1083.97	705.36	2.58	161.04	0.30	64.46	7050.51	-5645.51	3788.45
Fixation L	1	102	4004328506	4004492497	163991	1091.04	705.64	15	21	-1	18.54	18.54
Saccade L	1	151	4004492497	4004544530	52033	1079.00	718.40	247.13	688.10	18.38	697.21	0.62	353.31	29379.62	-32334.37	20380.39
Saccade L	1	152	4004544530	4004564499	19969	247.13	688.10	311.92	684.56	0.96	99.30	0.60	48.17	1325.74	-6275.90	2304.48
Fixation L	1	103	4004564499	4004628513	64014	320.12	681.73	14	29	-1	16.37	16.37
Saccade L	1	153	4004628513	4004652528	24015	326.42	683.83	93.11	630.68	3.17	302.93	0.50	132.03	11225.56	-7090.83	6492.93
Saccade L	1	154	4004652528	4004676523	23995	93.11	630.68	95.84	619.72	1.97	181.09	0.33	82.00	1700.33	-8448.07	3757.86
Saccade L	1	155	4004696549	4004740513	43964	97.97	625.22	172.21	633.31	1.59	64.48	0.45	36.24	2018.89	-2512.58	1583.57
Fixation L	1	104	4004740513	4004916510	175997	180.41	645.65	52	18	-1	16.89	16.89
Saccade L	1	156	4004916510	4004956504	39994	207.13	648.69	174.05	588.62	2.68	158.23	0.70	67.12	5962.18	-7027.07	3936.14
Saccade L	1	157	4004956504	4005060505	104001	174.05	588.62	218.70	625.70	11.43	346.92	0.58	109.90	7728.34	-7851.93	3514.63
Saccade L	1	158	4005060505	4005080512	20007	218.70	625.70	225.78	619.52	0.56	52.39	0.40	28.24	607.33	-5346.43	1909.52
Fixation L	1	105	4005080512	4005132529	52017	224.79	603.71	41	25	-1	16.94	16.94
Fixation L	1	106	4005196528	4005356383	159855	280.24	625.62	39	27	-1	17.01	17.01
Fixation L	1	107	4005396393	4005464412	68019	218.73	630.39	44	18	-1	16.82	16.82
Fixation L	1	108	4005492387	4005560413	68026	229.95	617.24	38	14	-1	16.89	16.89
Saccade L	1	159	4005584405	4005608393	23988	262.29	633.55	248.62	637.81	1.43	101.10	0.50	59.50	3756.11	-1015.29	1691.01
Saccade L	1	160	4005924417	4005944429	20012	229.94	649.46	245.80	664.59	0.61	50.78	0.60	30.44	1821.50	-1376.62	1150.73
Fixation L	1	109	4005944429	4006072365	127936	285.97	681.36	85	25	-1	17.48	17.48
Fixation L	1	110	4006088413	4006216363	127950	321.45	686.68	28	13	-1	17.52	17.52
Saccade L	1	161	4006216363	4006264357	47994	321.44	691.70	228.20	676.02	4.58	263.51	0.33	95.38	11346.73	-9196.54	5648.68
Saccade L	1	162	4006448428	4006480405	31977	238.94	682.22	224.81	591.52	2.11	130.14	0.50	66.11	5479.80	-5386.20	3825.03
Fixation L	1	111	4006480405	4006708281	227876	218.99	612.43	41	43	-1	17.29	17.29
Saccade L	1	163	4006708281	4006748306	40025	230.80	630.94	197.61	655.89	2.03	105.28	0.30	50.65	4467.61	-2818.26	2439.40
Fixation L	1	112	4006748306	4006920288	171982	211.35	665.59	41	31	-1	17.84	17.84
Saccade L	1	164	4006920288	4006944305	24017	213.89	661.68	175.53	631.91	0.65	46.79	0.50	27.02	1428.86	-190.39	792.39
Saccade L	1	165	4006944305	4006980286	35981	175.53	631.91	267.72	678.69	2.16	125.89	0.56	59.96	4582.34	-5260.96	3329.01
Fixation L	1	113	4006980286	4007080327	100041	266.28	680.34	44	40	-1	17.84	17.84
Saccade L	1	166	4007080327	4007136304	55977	245.24	669.69	230.60	631.68	3.80	164.97	0.50	67.80	6275.18	-5071.87	2942.40
