[BeGaze]
Converted from:	D:\Kirillov\Results\ermolova_temp_reversed\Sofia-eye_data.idf
Date:	17.04.2019 03:56:30
Version:	BeGaze 3.0.181
Sample Rate:	250
Subject:	Sofia
Description:	Run5

Table Header for Fixations:
Event Type	Trial	Number	Start	End	Duration	Location X	Location Y	Dispersion X	Dispersion Y	Plane	Avg. Pupil Size X	Avg. Pupil Size Y

Table Header for Saccades:
Event Type	Trial	Number	Start	End	Duration	Start Loc.X	Start Loc.Y	End Loc.X	End Loc.Y	Amplitude	Peak Speed	Peak Speed At	Average Speed	Peak Accel.	Peak Decel.	Average Accel.

Table Header for User Events:
Event Type	Trial	Number	Start	Description

UserEvent	1	1	3544529481	# Message: Questionnaire19.jpg
Fixation L	1	1	3544530595	3544601714	71119	358.39	451.17	640	1079	-1	14.21	14.21
Saccade L	1	1	3544601714	3544625780	24066	409.79	372.50	303.68	361.98	1.33	129.33	0.67	55.44	4325.14	-2564.95	2796.11
Saccade R	1	1	3544605789	3544625780	19991	415.20	372.29	303.68	361.98	1.17	129.33	0.60	58.68	4325.14	1152.47	2834.64
Saccade L	1	2	3544625780	3544653781	28001	303.68	361.98	437.96	378.17	1.65	154.96	0.29	58.88	1683.63	-6636.52	2976.94
Saccade R	1	2	3544625780	3544653781	28001	303.68	361.98	437.96	378.17	1.65	154.96	0.29	58.88	1683.63	-6636.52	2976.94
Saccade L	1	3	3544701802	3544757705	55903	464.33	384.54	387.92	352.58	2.04	99.54	0.21	36.55	4216.00	-3334.84	1815.62
Saccade R	1	3	3544701802	3544757705	55903	464.33	384.54	387.92	352.58	2.04	99.54	0.21	36.55	4216.00	-3334.84	1815.62
Saccade L	1	4	3544765788	3544829791	64003	387.54	351.69	523.66	333.67	5.13	309.46	0.50	80.11	11538.25	-10564.24	4969.22
Saccade R	1	4	3544765788	3544829791	64003	387.54	351.69	523.66	333.67	5.13	309.46	0.50	80.11	11538.25	-10564.24	4969.22
Fixation L	1	2	3544829791	3544885829	56038	519.49	331.25	7	7	-1	14.34	14.34
Fixation R	1	1	3544829791	3544885829	56038	519.49	331.25	7	7	-1	15.22	15.22
Saccade L	1	5	3544885829	3544921668	35839	516.97	334.59	444.34	314.73	1.96	103.70	0.33	54.77	4837.84	-4153.04	3310.30
Saccade R	1	5	3544885829	3544921668	35839	516.97	334.59	444.34	314.73	1.96	103.70	0.33	54.77	4837.84	-4153.04	3310.30
Fixation L	1	3	3544921668	3545285675	364007	459.13	311.28	40	17	-1	14.50	14.50
Fixation R	1	2	3544921668	3545285675	364007	459.13	311.28	40	17	-1	15.29	15.29
Saccade L	1	6	3545285675	3545337669	51994	430.88	319.01	423.34	146.50	3.84	240.96	0.23	73.91	10574.29	-9198.70	4816.96
Saccade R	1	6	3545285675	3545337669	51994	430.88	319.01	423.34	146.50	3.84	240.96	0.23	73.91	10574.29	-9198.70	4816.96
Saccade L	1	7	3545381681	3545429692	48011	414.48	137.71	425.17	195.80	1.35	82.84	0.25	28.14	3486.24	-2760.25	1528.90
Saccade R	1	7	3545381681	3545429692	48011	414.48	137.71	425.17	195.80	1.35	82.84	0.25	28.14	3486.24	-2760.25	1528.90
Fixation L	1	4	3545429692	3545505675	75983	429.53	194.09	8	5	-1	13.88	13.88
Fixation R	1	3	3545429692	3545505675	75983	429.53	194.09	8	5	-1	14.81	14.81
Saccade L	1	8	3545505675	3545537678	32003	435.11	197.21	407.62	277.26	1.85	149.74	0.50	57.69	6372.96	-6061.22	4362.78
Saccade R	1	8	3545505675	3545537678	32003	435.11	197.21	407.62	277.26	1.85	149.74	0.50	57.69	6372.96	-6061.22	4362.78
Fixation L	1	5	3545537678	3545605685	68007	398.11	286.26	12	14	-1	13.78	13.78
Fixation R	1	4	3545537678	3545605685	68007	398.11	286.26	12	14	-1	14.77	14.77
Saccade L	1	9	3545605685	3545629706	24021	396.50	290.75	472.07	290.14	1.52	142.30	0.50	63.41	6049.27	-5900.66	4479.98
Saccade R	1	9	3545605685	3545629706	24021	396.50	290.75	472.07	290.14	1.52	142.30	0.50	63.41	6049.27	-5900.66	4479.98
Fixation L	1	6	3545629706	3545749693	119987	474.48	298.20	3	17	-1	13.79	13.79
Fixation R	1	5	3545629706	3545749693	119987	474.48	298.20	3	17	-1	14.83	14.83
Saccade L	1	10	3545749693	3545781700	32007	474.74	307.31	405.64	307.66	1.37	101.86	0.37	42.76	4427.07	-4281.95	2787.52
Saccade R	1	10	3545749693	3545781700	32007	474.74	307.31	405.64	307.66	1.37	101.86	0.37	42.76	4427.07	-4281.95	2787.52
Saccade L	1	11	3545781700	3545801695	19995	405.64	307.66	432.05	310.29	0.46	47.73	0.60	23.02	1170.94	-1226.46	614.17
Saccade R	1	11	3545781700	3545801695	19995	405.64	307.66	432.05	310.29	0.46	47.73	0.60	23.02	1170.94	-1226.46	614.17
Fixation L	1	7	3545801695	3545853694	51999	429.63	303.40	18	10	-1	13.92	13.92
Fixation R	1	6	3545801695	3545853694	51999	429.63	303.40	18	10	-1	14.97	14.97
Saccade L	1	12	3545853694	3545893722	40028	431.88	304.31	497.93	307.83	2.26	149.26	0.40	56.58	6335.92	-5209.97	3578.58
Saccade R	1	12	3545853694	3545893722	40028	431.88	304.31	497.93	307.83	2.26	149.26	0.40	56.58	6335.92	-5209.97	3578.58
Fixation L	1	8	3545893722	3545989624	95902	497.50	299.52	5	17	-1	13.97	13.97
Fixation R	1	7	3545893722	3545989624	95902	497.50	299.52	5	17	-1	15.05	15.05
Saccade L	1	13	3545989624	3546041699	52075	497.69	291.38	551.75	323.81	1.52	76.92	0.23	29.10	3445.02	-2788.76	1636.40
Saccade R	1	13	3545989624	3546041699	52075	497.69	291.38	551.75	323.81	1.52	76.92	0.23	29.10	3445.02	-2788.76	1636.40
Fixation L	1	9	3546041699	3546149626	107927	546.50	320.73	8	12	-1	14.20	14.20
Fixation R	1	8	3546041699	3546149626	107927	546.50	320.73	8	12	-1	15.17	15.17
Saccade L	1	14	3546149626	3546201692	52066	544.84	313.29	503.70	286.34	1.32	70.11	0.61	25.42	2752.22	-2820.88	1421.43
Saccade R	1	14	3546149626	3546201692	52066	544.84	313.29	503.70	286.34	1.32	70.11	0.61	25.42	2752.22	-2820.88	1421.43
Fixation L	1	10	3546201692	3546465569	263877	504.53	281.47	31	41	-1	14.20	14.20
Fixation R	1	9	3546201692	3546465569	263877	504.53	281.47	31	41	-1	15.10	15.10
Saccade L	1	15	3546465569	3546509587	44018	483.30	251.18	528.02	283.67	1.25	60.83	0.36	28.30	2789.50	-1925.41	1495.46
Saccade R	1	15	3546465569	3546509587	44018	483.30	251.18	528.02	283.67	1.25	60.83	0.36	28.30	2789.50	-1925.41	1495.46
Saccade L	1	16	3546537573	3546581646	44073	501.67	267.06	483.60	244.40	1.02	56.17	0.36	23.12	1445.70	-2134.09	957.40
Saccade R	1	16	3546537573	3546581646	44073	501.67	267.06	483.60	244.40	1.02	56.17	0.36	23.12	1445.70	-2134.09	957.40
Fixation L	1	11	3546581646	3546929580	347934	470.00	238.56	38	26	-1	13.99	13.99
Fixation R	1	10	3546581646	3546929580	347934	470.00	238.56	38	26	-1	14.91	14.91
Saccade L	1	17	3546929580	3546949580	20000	460.32	234.94	457.43	139.92	1.60	175.90	0.60	79.86	7213.58	-279.37	3590.25
Saccade R	1	17	3546929580	3546949580	20000	460.32	234.94	457.43	139.92	1.60	175.90	0.60	79.86	7213.58	-279.37	3590.25
Saccade L	1	18	3546949580	3546977592	28012	457.43	139.92	448.37	219.59	1.76	172.10	0.29	62.90	3162.39	-6184.84	2855.05
Saccade R	1	18	3546949580	3546977592	28012	457.43	139.92	448.37	219.59	1.76	172.10	0.29	62.90	3162.39	-6184.84	2855.05
Saccade L	1	19	3546977592	3547021582	43990	448.37	219.59	431.28	144.44	1.76	113.87	0.27	39.98	4176.65	-4432.08	2256.12
Saccade R	1	19	3546977592	3547021582	43990	448.37	219.59	431.28	144.44	1.76	113.87	0.27	39.98	4176.65	-4432.08	2256.12
Fixation L	1	12	3547021582	3547129634	108052	429.45	135.72	7	13	-1	13.93	13.93
Fixation R	1	11	3547021582	3547129634	108052	429.45	135.72	7	13	-1	14.83	14.83
Saccade L	1	20	3547129634	3547149592	19958	424.78	130.40	432.60	190.25	0.98	120.15	0.60	49.23	4609.73	-3363.09	2549.19
Saccade R	1	20	3547129634	3547149592	19958	424.78	130.40	432.60	190.25	0.98	120.15	0.60	49.23	4609.73	-3363.09	2549.19
Saccade L	1	21	3547185620	3547213588	27968	436.78	196.26	433.72	127.82	0.76	50.10	0.57	27.22	1829.74	-1677.29	1078.12
Saccade R	1	21	3547185620	3547213588	27968	436.78	196.26	433.72	127.82	0.76	50.10	0.57	27.22	1829.74	-1677.29	1078.12
Saccade L	1	22	3547221588	3547245589	24001	431.89	123.65	418.28	115.40	1.31	109.60	0.50	54.53	4408.43	-3479.52	2770.45
Saccade R	1	22	3547221588	3547245589	24001	431.89	123.65	418.28	115.40	1.31	109.60	0.50	54.53	4408.43	-3479.52	2770.45
Saccade L	1	23	3547245589	3547285603	40014	418.28	115.40	370.74	92.95	0.97	42.18	0.30	24.19	1105.00	-3479.52	980.06
Saccade R	1	23	3547245589	3547285603	40014	418.28	115.40	370.74	92.95	0.97	42.18	0.30	24.19	1105.00	-3479.52	980.06
Saccade L	1	24	3547285603	3547333616	48013	370.74	92.95	308.81	109.98	1.49	81.37	0.33	31.07	2878.91	-2637.14	1622.60
Saccade R	1	24	3547285603	3547333616	48013	370.74	92.95	308.81	109.98	1.49	81.37	0.33	31.07	2878.91	-2637.14	1622.60
Saccade L	1	25	3547349605	3547397597	47992	307.53	109.44	376.63	186.71	2.47	156.23	0.25	51.44	6146.75	-3291.68	2333.04
Saccade R	1	25	3547349605	3547397597	47992	307.53	109.44	376.63	186.71	2.47	156.23	0.25	51.44	6146.75	-3291.68	2333.04
UserEvent	1	2	3547354944	# Message: UE-mouseclick left x=416 y=277
Fixation L	1	13	3547397597	3547633604	236007	391.41	206.78	34	34	-1	14.15	14.15
Fixation R	1	12	3547397597	3547633604	236007	391.41	206.78	34	34	-1	14.89	14.89
Saccade L	1	26	3547633604	3547741479	107875	408.30	197.44	433.96	325.81	6.75	195.87	0.45	62.59	6281.16	-6078.99	2709.17
Saccade R	1	26	3547633604	3547741479	107875	408.30	197.44	433.96	325.81	6.75	195.87	0.45	62.59	6281.16	-6078.99	2709.17
Fixation L	1	14	3547741479	3547793487	52008	435.42	346.15	7	40	-1	14.36	14.36
Fixation R	1	13	3547741479	3547793487	52008	435.42	346.15	7	40	-1	15.07	15.07
Saccade L	1	27	3547793487	3547833523	40036	433.04	367.07	422.36	330.22	3.59	215.87	0.30	89.60	8446.37	-5618.17	4401.68
Saccade R	1	27	3547793487	3547833523	40036	433.04	367.07	422.36	330.22	3.59	215.87	0.30	89.60	8446.37	-5618.17	4401.68
Fixation L	1	15	3547833523	3548041503	207980	430.74	327.46	12	13	-1	14.31	14.31
Fixation R	1	14	3547833523	3548041503	207980	430.74	327.46	12	13	-1	14.85	14.85
Saccade L	1	28	3548041503	3548089488	47985	436.41	335.87	0.00	0.00	16.38	1118.78	0.75	341.27	40111.00	-47317.33	23605.33
Saccade R	1	28	3548041503	3548089488	47985	436.41	335.87	0.00	0.00	16.38	1118.78	0.75	341.27	40111.00	-47317.33	23605.33
UserEvent	1	3	3548058965	# Message: UE-mouseclick left x=419 y=394
Fixation L	1	16	3548089488	3548177483	87995	118.49	111.13	773	1132	-1	5.66	5.66
Fixation R	1	15	3548089488	3548177483	87995	118.49	111.13	773	1132	-1	12.51	12.51
