[BeGaze]
Converted from:	D:\Kirillov\Results\ermolova_temp_reversed\Dima-eye_data.idf
Date:	17.04.2019 03:56:25
Version:	BeGaze 3.0.181
Sample Rate:	250
Subject:	Dima
Description:	Run3

Table Header for Fixations:
Event Type	Trial	Number	Start	End	Duration	Location X	Location Y	Dispersion X	Dispersion Y	Plane	Avg. Pupil Size X	Avg. Pupil Size Y

Table Header for Saccades:
Event Type	Trial	Number	Start	End	Duration	Start Loc.X	Start Loc.Y	End Loc.X	End Loc.Y	Amplitude	Peak Speed	Peak Speed At	Average Speed	Peak Accel.	Peak Decel.	Average Accel.

Table Header for User Events:
Event Type	Trial	Number	Start	Description

UserEvent	1	1	1360827494	# Message: Questionnaire22.jpg
Fixation L	1	1	1360829956	1361057922	227966	300.08	404.27	18	17	-1	12.73	12.73
Fixation R	1	1	1360829956	1361057922	227966	300.08	404.27	18	17	-1	12.54	12.54
Saccade L	1	1	1361057922	1361101951	44029	287.55	412.01	452.16	433.93	3.64	221.71	0.45	82.73	9763.74	-9449.88	6081.46
Saccade R	1	1	1361057922	1361101951	44029	287.55	412.01	452.16	433.93	3.64	221.71	0.45	82.73	9763.74	-9449.88	6081.46
Fixation L	1	2	1361101951	1361161945	59994	457.26	435.86	10	7	-1	12.82	12.82
Fixation R	1	2	1361101951	1361161945	59994	457.26	435.86	10	7	-1	12.89	12.89
Fixation L	1	3	1361229931	1361501940	272009	412.60	372.28	23	53	-1	12.89	12.89
Fixation R	1	3	1361229931	1361501940	272009	412.60	372.28	23	53	-1	12.75	12.75
Saccade L	1	2	1361501940	1361549938	47998	415.34	383.89	445.16	344.04	1.09	45.26	0.33	22.78	1687.35	-1116.96	886.70
Saccade R	1	2	1361501940	1361549938	47998	415.34	383.89	445.16	344.04	1.09	45.26	0.33	22.78	1687.35	-1116.96	886.70
Fixation L	1	4	1361549938	1361633837	83899	435.81	350.46	18	11	-1	12.86	12.86
Fixation R	1	4	1361549938	1361633837	83899	435.81	350.46	18	11	-1	12.89	12.89
Saccade L	1	3	1361633837	1361677835	43998	428.92	357.14	412.93	316.57	1.02	43.05	0.45	23.08	1721.71	-1107.26	907.85
Saccade R	1	3	1361633837	1361677835	43998	428.92	357.14	412.93	316.57	1.02	43.05	0.45	23.08	1721.71	-1107.26	907.85
Fixation L	1	5	1361677835	1364777631	3099796	417.16	335.22	108	81	-1	13.17	13.17
Fixation R	1	5	1361677835	1364777631	3099796	417.16	335.22	108	81	-1	13.16	13.16
Saccade L	1	4	1364777631	1364805660	28029	457.27	319.71	450.81	362.39	0.89	65.78	0.43	31.71	2899.80	-2448.58	1986.65
Saccade R	1	4	1364777631	1364805660	28029	457.27	319.71	450.81	362.39	0.89	65.78	0.43	31.71	2899.80	-2448.58	1986.65
Fixation L	1	6	1364805660	1366649552	1843892	402.46	339.45	94	72	-1	13.55	13.55
Fixation R	1	6	1364805660	1366649552	1843892	402.46	339.45	94	72	-1	13.49	13.49
UserEvent	1	2	1366419650	# Message: UE-mouseclick left x=411 y=332
Saccade L	1	5	1366649552	1366685554	36002	391.46	336.50	313.16	348.14	1.69	124.96	0.33	46.95	5213.22	-4942.29	3122.97
Saccade R	1	5	1366649552	1366685554	36002	391.46	336.50	313.16	348.14	1.69	124.96	0.33	46.95	5213.22	-4942.29	3122.97
Fixation L	1	7	1366685554	1367261454	575900	349.74	359.78	70	41	-1	13.88	13.88
Fixation R	1	7	1366685554	1367261454	575900	349.74	359.78	70	41	-1	13.81	13.81
Saccade L	1	6	1367261454	1367305463	44009	369.93	343.86	425.64	346.41	1.26	70.42	0.36	28.71	2713.20	-2050.16	1424.13
Saccade R	1	6	1367261454	1367305463	44009	369.93	343.86	425.64	346.41	1.26	70.42	0.36	28.71	2713.20	-2050.16	1424.13
Fixation L	1	8	1367305463	1367505481	200018	432.45	346.89	11	12	-1	13.98	13.98
Fixation R	1	8	1367305463	1367505481	200018	432.45	346.89	11	12	-1	13.85	13.85
Saccade L	1	7	1367505481	1367557468	51987	433.55	353.68	329.51	417.69	2.59	119.82	0.38	49.86	5613.72	-4660.32	3056.83
Saccade R	1	7	1367505481	1367557468	51987	433.55	353.68	329.51	417.69	2.59	119.82	0.38	49.86	5613.72	-4660.32	3056.83
Fixation L	1	9	1367557468	1367701447	143979	337.18	414.16	20	14	-1	14.25	14.25
Fixation R	1	9	1367557468	1367701447	143979	337.18	414.16	20	14	-1	14.10	14.10
Saccade L	1	8	1367701447	1367729464	28017	330.00	403.77	386.30	412.32	1.09	80.52	0.43	38.89	3581.51	-3365.59	2374.39
Saccade R	1	8	1367701447	1367729464	28017	330.00	403.77	386.30	412.32	1.09	80.52	0.43	38.89	3581.51	-3365.59	2374.39
Fixation L	1	10	1367729464	1367881453	151989	391.74	414.12	34	19	-1	14.24	14.24
Fixation R	1	10	1367729464	1367881453	151989	391.74	414.12	34	19	-1	14.08	14.08
UserEvent	1	3	1367835684	# Message: UE-mouseclick left x=420 y=389
Saccade L	1	9	1367881453	1367913457	32004	402.02	426.80	384.80	385.34	0.99	51.56	0.63	30.91	1989.16	-1557.57	1121.38
Saccade R	1	9	1367881453	1367913457	32004	402.02	426.80	384.80	385.34	0.99	51.56	0.63	30.91	1989.16	-1557.57	1121.38
