[BeGaze]
Converted from:	D:\Kirillov\Results\ermolova_temp_reversed\Sofia-eye_data.idf
Date:	17.04.2019 03:56:31
Version:	BeGaze 3.0.181
Sample Rate:	250
Subject:	Sofia
Description:	Run5

Table Header for Fixations:
Event Type	Trial	Number	Start	End	Duration	Location X	Location Y	Dispersion X	Dispersion Y	Plane	Avg. Pupil Size X	Avg. Pupil Size Y

Table Header for Saccades:
Event Type	Trial	Number	Start	End	Duration	Start Loc.X	Start Loc.Y	End Loc.X	End Loc.Y	Amplitude	Peak Speed	Peak Speed At	Average Speed	Peak Accel.	Peak Decel.	Average Accel.

Table Header for User Events:
Event Type	Trial	Number	Start	Description

UserEvent	1	1	3589983396	# Message: Questionnaire20.jpg
Saccade L	1	1	3590018886	3590106897	88011	1217.39	628.67	562.69	383.53	15.63	378.24	0.45	177.56	17789.73	-16382.12	7106.67
Saccade R	1	1	3590018886	3590106897	88011	1217.39	628.67	562.69	383.53	15.63	378.24	0.45	177.56	17789.73	-16382.12	7106.67
Fixation L	1	1	3590106897	3590210800	103903	564.23	389.89	9	16	-1	13.42	13.42
Fixation R	1	1	3590106897	3590210800	103903	564.23	389.89	9	16	-1	14.07	14.07
Saccade L	1	2	3590210800	3590270825	60025	568.97	396.39	513.87	249.82	4.45	206.99	0.20	74.11	9625.49	-7441.77	4076.25
Saccade R	1	2	3590210800	3590270825	60025	568.97	396.39	513.87	249.82	4.45	206.99	0.20	74.11	9625.49	-7441.77	4076.25
Fixation L	1	2	3590324520	3590406786	82266	509.27	219.77	8	26	-1	13.43	13.43
Fixation R	1	2	3590324520	3590406786	82266	509.27	219.77	8	26	-1	13.99	13.99
Saccade L	1	3	3590406786	3590434806	28020	511.28	219.24	485.99	254.34	0.99	66.21	0.57	35.23	2642.93	-2266.89	1799.38
Saccade R	1	3	3590406786	3590434806	28020	511.28	219.24	485.99	254.34	0.99	66.21	0.57	35.23	2642.93	-2266.89	1799.38
Fixation L	1	3	3590434806	3590534794	99988	463.47	254.37	45	30	-1	13.58	13.58
Fixation R	1	3	3590434806	3590534794	99988	463.47	254.37	45	30	-1	14.33	14.33
Saccade L	1	4	3590534794	3590558798	24004	452.24	257.93	425.43	210.21	0.82	58.82	0.33	33.96	1728.83	-2049.97	1273.03
Saccade R	1	4	3590534794	3590558798	24004	452.24	257.93	425.43	210.21	0.82	58.82	0.33	33.96	1728.83	-2049.97	1273.03
Saccade L	1	5	3590558798	3590582789	23991	425.43	210.21	426.67	252.37	0.91	79.07	0.50	37.87	2282.34	-2589.26	1669.42
Saccade R	1	5	3590558798	3590582789	23991	425.43	210.21	426.67	252.37	0.91	79.07	0.50	37.87	2282.34	-2589.26	1669.42
Fixation L	1	4	3590582789	3590982726	399937	436.17	287.81	41	64	-1	14.02	14.02
Fixation R	1	4	3590582789	3590982726	399937	436.17	287.81	41	64	-1	14.87	14.87
Saccade L	1	6	3590982726	3591022801	40075	436.89	311.12	482.10	287.65	1.48	70.65	0.70	36.90	2183.02	-3239.91	1714.42
Saccade R	1	6	3590982726	3591022801	40075	436.89	311.12	482.10	287.65	1.48	70.65	0.70	36.90	2183.02	-3239.91	1714.42
Fixation L	1	5	3591022801	3591410791	387990	478.04	294.23	42	21	-1	13.99	13.99
Fixation R	1	5	3591022801	3591410791	387990	478.04	294.23	42	21	-1	14.95	14.95
UserEvent	1	2	3591315970	# Message: UE-mouseclick left x=421 y=341
Saccade L	1	7	3591410791	3591434827	24036	461.62	280.44	418.61	295.86	0.96	70.57	0.50	39.92	3054.75	-2819.09	2150.92
Saccade R	1	7	3591410791	3591434827	24036	461.62	280.44	418.61	295.86	0.96	70.57	0.50	39.92	3054.75	-2819.09	2150.92
Fixation L	1	6	3591434827	3592026702	591875	414.96	298.09	41	41	-1	13.94	13.94
Fixation R	1	6	3591434827	3592026702	591875	414.96	298.09	41	41	-1	14.74	14.74
UserEvent	1	3	3591907908	# Message: UE-mouseclick left x=420 y=385
