[BeGaze]
Converted from:	D:\Kirillov\Results\ermolova_temp_reversed\Boris-eye_data.idf
Date:	17.04.2019 03:56:27
Version:	BeGaze 3.0.181
Sample Rate:	250
Subject:	Boris
Description:	Run4

Table Header for Fixations:
Event Type	Trial	Number	Start	End	Duration	Location X	Location Y	Dispersion X	Dispersion Y	Plane	Avg. Pupil Size X	Avg. Pupil Size Y

Table Header for Saccades:
Event Type	Trial	Number	Start	End	Duration	Start Loc.X	Start Loc.Y	End Loc.X	End Loc.Y	Amplitude	Peak Speed	Peak Speed At	Average Speed	Peak Accel.	Peak Decel.	Average Accel.

Table Header for User Events:
Event Type	Trial	Number	Start	Description

UserEvent	1	1	2168443140	# Message: rc-experiment-10.jpg
Fixation L	1	1	2168445442	2168665449	220007	425.16	414.52	11	42	-1	13.28	13.28
Fixation R	1	1	2168445442	2168665449	220007	425.16	414.52	11	42	-1	13.31	13.31
Saccade L	1	1	2168665449	2168725443	59994	424.23	387.08	797.94	562.34	9.59	369.59	0.27	159.91	18233.81	-10867.70	8670.03
Saccade R	1	1	2168665449	2168725443	59994	424.23	387.08	797.94	562.34	9.59	369.59	0.27	159.91	18233.81	-10867.70	8670.03
Fixation L	1	2	2168725443	2168841377	115934	806.16	579.52	15	25	-1	13.30	13.30
Fixation R	1	2	2168725443	2168841377	115934	806.16	579.52	15	25	-1	13.49	13.49
Fixation L	1	3	2168937366	2169013326	75960	1179.25	391.21	14	5	-1	12.55	12.55
Fixation R	1	3	2168937366	2169013326	75960	1179.25	391.21	14	5	-1	13.02	13.02
Fixation L	1	4	2169205329	2169333340	128011	797.90	640.36	12	31	-1	12.38	12.38
Fixation R	1	4	2169205329	2169477343	272014	427.29	338.96	1120	655	-1	9.95	9.95
Saccade L	1	2	2169545344	2169565364	20020	816.71	631.26	787.82	637.12	0.53	46.94	0.60	26.38	-550.38	-7260.35	2934.46
Saccade R	1	2	2169545344	2169565364	20020	816.71	631.26	787.82	637.12	0.53	46.94	0.60	26.38	-550.38	-7260.35	2934.46
Fixation L	1	5	2169565364	2169713373	148009	773.88	654.66	26	29	-1	12.79	12.79
Fixation R	1	5	2169565364	2169713373	148009	773.88	654.66	26	29	-1	13.14	13.14
Saccade L	1	3	2169713373	2169809338	95965	763.98	656.34	1254.34	433.18	13.46	337.40	0.29	140.26	15676.88	-9910.88	6843.16
Saccade R	1	3	2169713373	2169809338	95965	763.98	656.34	1254.34	433.18	13.46	337.40	0.29	140.26	15676.88	-9910.88	6843.16
Saccade L	1	4	2169809338	2169829343	20005	1254.34	433.18	1210.03	437.34	0.77	77.38	0.60	38.65	2105.32	-2100.27	1290.40
Saccade R	1	4	2169809338	2169829343	20005	1254.34	433.18	1210.03	437.34	0.77	77.38	0.60	38.65	2105.32	-2100.27	1290.40
Saccade L	1	5	2169837371	2169857347	19976	1232.26	436.58	1170.69	429.40	0.97	86.52	0.40	48.47	3243.68	-3796.10	2278.16
Saccade R	1	5	2169837371	2169857347	19976	1232.26	436.58	1170.69	429.40	0.97	86.52	0.40	48.47	3243.68	-3796.10	2278.16
Fixation R	1	6	2169949344	2170073344	124000	0.00	0.00	0	0	-1	5.94	5.94
Saccade R	1	6	2170073344	2170117344	44000	0.00	0.00	1163.39	388.13	33.15	2425.81	0.27	753.51	111352.39	-95898.32	54855.25
Saccade L	1	6	2170117344	2170153354	36010	1163.39	388.13	1050.69	400.09	4.73	385.99	0.33	131.45	8143.04	-12827.69	6437.87
Saccade R	1	7	2170117344	2170153354	36010	1163.39	388.13	1050.69	400.09	4.73	385.99	0.33	131.45	8143.04	-12827.69	6437.87
Fixation L	1	6	2170153354	2170281236	127882	1037.88	412.83	19	20	-1	12.72	12.72
Fixation R	1	7	2170153354	2170441223	287869	549.92	219.31	1299	453	-1	8.65	8.65
Fixation L	1	7	2170541231	2170657230	115999	798.43	688.01	23	7	-1	12.54	12.54
Fixation R	1	8	2170541231	2170657230	115999	798.43	688.01	23	7	-1	12.73	12.73
Saccade L	1	7	2170657230	2170685255	28025	785.96	688.89	758.79	651.16	0.99	72.13	0.57	35.43	2939.75	-2789.52	2091.72
Saccade R	1	8	2170657230	2170685255	28025	785.96	688.89	758.79	651.16	0.99	72.13	0.57	35.43	2939.75	-2789.52	2091.72
Fixation L	1	8	2170685255	2171033266	348011	754.54	662.90	28	35	-1	12.78	12.78
Fixation R	1	9	2170685255	2171033266	348011	754.54	662.90	28	35	-1	12.73	12.73
Saccade L	1	8	2171033266	2171113260	79994	757.67	644.29	747.17	749.15	2.49	110.67	0.55	31.16	4507.71	-4522.45	1712.50
Saccade R	1	9	2171033266	2171113260	79994	757.67	644.29	747.17	749.15	2.49	110.67	0.55	31.16	4507.71	-4522.45	1712.50
Fixation L	1	9	2171113260	2171205262	92002	752.56	740.25	13	16	-1	12.33	12.33
Fixation R	1	10	2171113260	2171205262	92002	752.56	740.25	13	16	-1	12.47	12.47
Saccade L	1	9	2171205262	2171265254	59992	750.69	742.06	1105.81	346.86	11.92	410.40	0.27	198.66	20306.41	-10826.20	10142.99
Saccade R	1	10	2171205262	2171265254	59992	750.69	742.06	1105.81	346.86	11.92	410.40	0.27	198.66	20306.41	-10826.20	10142.99
Fixation L	1	10	2171265254	2171465293	200039	1121.79	344.55	22	31	-1	12.21	12.21
Fixation R	1	11	2171265254	2171465293	200039	1121.79	344.55	22	31	-1	12.43	12.43
Saccade L	1	10	2171465293	2171513176	47883	1126.02	361.27	1200.20	319.11	2.44	154.73	0.33	50.86	6707.53	-6253.41	3519.09
Saccade R	1	11	2171465293	2171513176	47883	1126.02	361.27	1200.20	319.11	2.44	154.73	0.33	50.86	6707.53	-6253.41	3519.09
Fixation L	1	11	2171513176	2171953134	439958	1227.31	304.00	65	36	-1	12.13	12.13
Fixation R	1	12	2171513176	2171953134	439958	1227.31	304.00	65	36	-1	12.14	12.14
Saccade L	1	11	2171953134	2172005146	52012	1245.66	292.64	1201.14	270.29	1.12	46.80	0.31	21.61	2146.69	-1159.30	928.85
Saccade R	1	12	2171953134	2172005146	52012	1245.66	292.64	1201.14	270.29	1.12	46.80	0.31	21.61	2146.69	-1159.30	928.85
Fixation L	1	12	2172005146	2172621178	616032	1228.51	289.56	53	37	-1	12.10	12.10
Fixation R	1	13	2172005146	2172621178	616032	1228.51	289.56	53	37	-1	12.12	12.12
Saccade L	1	12	2172621178	2172653155	31977	1244.13	282.25	1212.75	291.53	0.69	42.57	0.50	21.58	1904.25	-1542.42	1165.75
Saccade R	1	13	2172621178	2172653155	31977	1244.13	282.25	1212.75	291.53	0.69	42.57	0.50	21.58	1904.25	-1542.42	1165.75
Fixation L	1	13	2172653155	2172853162	200007	1196.68	293.14	25	7	-1	12.48	12.48
Fixation R	1	14	2172653155	2172853162	200007	1196.68	293.14	25	7	-1	12.39	12.39
Saccade L	1	13	2172853162	2172901161	47999	1203.36	290.20	1254.33	268.70	1.23	53.72	0.33	25.65	2248.46	-1633.23	1305.02
Saccade R	1	14	2172853162	2172901161	47999	1203.36	290.20	1254.33	268.70	1.23	53.72	0.33	25.65	2248.46	-1633.23	1305.02
Fixation L	1	14	2172901161	2173153049	251888	1251.41	286.36	17	32	-1	12.54	12.54
Fixation R	1	15	2172901161	2173153049	251888	1251.41	286.36	17	32	-1	12.58	12.58
Saccade R	1	15	2173153049	2173193051	40002	1252.82	298.82	0.00	0.00	27.65	2320.58	0.70	691.30	94866.29	-99802.08	55341.28
Fixation R	1	16	2173193051	2173247636	54585	0.00	0.00	0	0	-1	6.21	6.05
Saccade R	1	16	2173247636	2173349057	101421	0.00	0.00	787.30	715.96	39.81	1667.15	0.33	392.54	64776.47	-66793.92	21597.11
Fixation L	1	15	2173349057	2173577023	227966	779.52	729.56	25	34	-1	12.37	12.37
Fixation R	1	17	2173349057	2173577023	227966	779.52	729.56	25	34	-1	12.54	12.54
Saccade L	1	14	2173577023	2173685050	108027	783.82	726.76	1271.35	369.61	14.40	454.17	0.22	133.27	22353.03	-12801.95	6523.89
Saccade R	1	17	2173577023	2173685050	108027	783.82	726.76	1271.35	369.61	14.40	454.17	0.22	133.27	22353.03	-12801.95	6523.89
Fixation L	1	16	2173685050	2173953078	268028	1256.81	363.83	24	12	-1	12.60	12.60
Fixation R	1	18	2173685050	2173953078	268028	1256.81	363.83	24	12	-1	13.03	13.03
Saccade L	1	15	2173953078	2173989055	35977	1247.73	361.73	1172.72	313.15	2.34	162.67	0.44	64.92	7141.62	-6646.19	4743.68
Saccade R	1	18	2173953078	2173989055	35977	1247.73	361.73	1172.72	313.15	2.34	162.67	0.44	64.92	7141.62	-6646.19	4743.68
Fixation L	1	17	2173989055	2174065063	76008	1167.17	307.96	12	16	-1	12.87	12.87
Fixation R	1	19	2173989055	2174065063	76008	1167.17	307.96	12	16	-1	13.06	13.06
Fixation L	1	18	2174261075	2174412972	151897	751.49	750.82	14	17	-1	12.80	12.80
Fixation R	1	20	2174261075	2174412972	151897	751.49	750.82	14	17	-1	12.80	12.80
Saccade L	1	16	2174412972	2174456946	43974	759.86	750.63	815.69	767.91	1.39	89.76	0.27	31.56	4069.27	-3223.11	1948.77
Saccade R	1	19	2174412972	2174456946	43974	759.86	750.63	815.69	767.91	1.39	89.76	0.27	31.56	4069.27	-3223.11	1948.77
Fixation L	1	19	2174456946	2174776945	319999	823.32	750.00	30	30	-1	12.83	12.83
Fixation R	1	21	2174456946	2174776945	319999	823.32	750.00	30	30	-1	13.01	13.01
Saccade L	1	17	2174776945	2174812950	36005	840.44	743.03	765.30	738.46	1.99	148.80	0.44	55.23	6483.38	-5877.22	3953.16
Saccade R	1	20	2174776945	2174812950	36005	840.44	743.03	765.30	738.46	1.99	148.80	0.44	55.23	6483.38	-5877.22	3953.16
Fixation L	1	20	2174812950	2174908960	96010	761.62	737.86	9	7	-1	12.86	12.86
Fixation R	1	22	2174812950	2174908960	96010	761.62	737.86	9	7	-1	12.85	12.85
Fixation L	1	21	2174996977	2175148972	151995	1139.93	329.06	6	20	-1	12.70	12.70
Fixation R	1	23	2174996977	2175148972	151995	1139.93	329.06	6	20	-1	12.82	12.82
Saccade L	1	18	2175148972	2175180959	31987	1135.42	326.69	1220.65	313.68	1.82	128.28	0.50	56.82	5795.31	-5744.57	4225.46
Saccade R	1	21	2175148972	2175180959	31987	1135.42	326.69	1220.65	313.68	1.82	128.28	0.50	56.82	5795.31	-5744.57	4225.46
Fixation L	1	22	2175180959	2175340981	160022	1219.90	308.39	11	16	-1	12.72	12.72
Fixation R	1	24	2175180959	2175532957	351998	708.66	187.59	1629	714	-1	9.15	9.15
Fixation L	1	23	2175640976	2175768980	128004	798.62	783.88	10	11	-1	12.56	12.56
Fixation R	1	25	2175640976	2175768980	128004	798.62	783.88	10	11	-1	12.94	12.94
Saccade L	1	19	2175768980	2175812883	43903	804.45	789.72	753.54	709.18	2.74	179.25	0.36	62.36	8408.52	-7114.30	4488.56
Saccade R	1	22	2175768980	2175812883	43903	804.45	789.72	753.54	709.18	2.74	179.25	0.36	62.36	8408.52	-7114.30	4488.56
Fixation L	1	24	2175812883	2175928848	115965	755.14	707.81	6	6	-1	13.27	13.27
Fixation R	1	26	2175812883	2175928848	115965	755.14	707.81	6	6	-1	13.56	13.56
Saccade L	1	20	2175928848	2175980846	51998	755.28	710.43	782.50	662.60	1.30	70.21	0.31	25.09	3278.30	-2567.23	1320.58
Saccade R	1	23	2175928848	2175980846	51998	755.28	710.43	782.50	662.60	1.30	70.21	0.31	25.09	3278.30	-2567.23	1320.58
Fixation L	1	25	2175980846	2176144873	164027	770.59	667.72	17	12	-1	13.16	13.16
Fixation R	1	27	2175980846	2176144873	164027	770.59	667.72	17	12	-1	13.26	13.26
Saccade L	1	21	2176144873	2176196886	52013	775.60	668.15	855.45	719.40	2.27	126.65	0.31	43.57	5966.09	-5608.56	2848.09
Saccade R	1	24	2176144873	2176196886	52013	775.60	668.15	855.45	719.40	2.27	126.65	0.31	43.57	5966.09	-5608.56	2848.09
Fixation L	1	26	2176196886	2176308858	111972	849.04	726.29	11	12	-1	12.83	12.83
Fixation R	1	28	2176196886	2176308858	111972	849.04	726.29	11	12	-1	13.07	13.07
Saccade L	1	22	2176308858	2176348883	40025	853.26	732.24	862.73	661.88	1.71	118.05	0.40	42.82	5245.51	-4881.95	3218.24
Saccade R	1	25	2176308858	2176348883	40025	853.26	732.24	862.73	661.88	1.71	118.05	0.40	42.82	5245.51	-4881.95	3218.24
Fixation L	1	27	2176348883	2176620882	271999	872.17	672.71	30	18	-1	12.78	12.78
Fixation R	1	29	2176348883	2176620882	271999	872.17	672.71	30	18	-1	12.96	12.96
Saccade L	1	23	2176620882	2176660869	39987	882.27	666.77	909.11	756.16	2.00	141.71	0.40	50.11	6446.52	-5976.83	3932.96
Saccade R	1	26	2176620882	2176660869	39987	882.27	666.77	909.11	756.16	2.00	141.71	0.40	50.11	6446.52	-5976.83	3932.96
Fixation L	1	28	2176660869	2176908867	247998	912.90	757.59	17	21	-1	12.80	12.80
Fixation R	1	30	2176660869	2176908867	247998	912.90	757.59	17	21	-1	13.08	13.08
Saccade L	1	24	2176908867	2176940888	32021	907.87	758.04	917.76	822.21	1.42	98.41	0.62	44.47	3957.85	-4085.54	2876.38
Saccade R	1	27	2176908867	2176940888	32021	907.87	758.04	917.76	822.21	1.42	98.41	0.62	44.47	3957.85	-4085.54	2876.38
Fixation L	1	29	2176940888	2177068878	127990	927.77	827.59	14	15	-1	12.87	12.87
Fixation R	1	31	2176940888	2177068878	127990	927.77	827.59	14	15	-1	13.32	13.32
Saccade L	1	25	2177068878	2177088889	20011	934.03	824.95	898.09	829.50	0.69	64.61	0.60	34.36	2747.71	-2396.17	1770.24
Saccade R	1	28	2177068878	2177088889	20011	934.03	824.95	898.09	829.50	0.69	64.61	0.60	34.36	2747.71	-2396.17	1770.24
Fixation L	1	30	2177088889	2177192901	104012	883.12	837.50	21	15	-1	12.85	12.85
Fixation R	1	32	2177088889	2177192901	104012	883.12	837.50	21	15	-1	13.49	13.49
Saccade L	1	26	2177192901	2177220888	27987	882.14	844.66	838.94	844.37	0.88	71.70	0.57	31.40	3297.96	-3077.46	2284.93
Saccade R	1	29	2177192901	2177220888	27987	882.14	844.66	838.94	844.37	0.88	71.70	0.57	31.40	3297.96	-3077.46	2284.93
Fixation L	1	31	2177220888	2177396757	175869	835.71	835.44	9	16	-1	13.00	13.00
Fixation R	1	33	2177220888	2177396757	175869	835.71	835.44	9	16	-1	13.40	13.40
Saccade L	1	27	2177396757	2177420754	23997	830.81	831.12	828.98	761.46	1.21	100.78	0.67	50.26	4716.56	-3262.96	2846.64
Saccade R	1	30	2177396757	2177420754	23997	830.81	831.12	828.98	761.46	1.21	100.78	0.67	50.26	4716.56	-3262.96	2846.64
Fixation L	1	32	2177436776	2177532755	95979	839.36	784.00	20	13	-1	13.00	13.00
Fixation R	1	34	2177436776	2177532755	95979	839.36	784.00	20	13	-1	13.40	13.40
Saccade L	1	28	2177532755	2177624771	92016	854.22	776.34	1183.20	348.44	12.95	386.13	0.43	140.75	17973.67	-9744.44	6540.05
Saccade R	1	31	2177532755	2177624771	92016	854.22	776.34	1183.20	348.44	12.95	386.13	0.43	140.75	17973.67	-9744.44	6540.05
Fixation L	1	33	2177624771	2177824765	199994	1182.37	352.76	19	19	-1	13.00	13.00
Fixation R	1	35	2177624771	2177824765	199994	1182.37	352.76	19	19	-1	13.65	13.65
Saccade L	1	29	2177824765	2177864764	39999	1177.56	342.96	1246.76	323.62	1.63	113.57	0.30	40.67	5153.16	-4609.98	2808.89
Saccade R	1	32	2177824765	2177864764	39999	1177.56	342.96	1246.76	323.62	1.63	113.57	0.30	40.67	5153.16	-4609.98	2808.89
Fixation L	1	34	2177864764	2178076779	212015	1236.35	321.13	19	17	-1	13.20	13.20
Fixation R	1	36	2177864764	2178176769	312005	960.03	253.90	1768	640	-1	11.78	11.78
Fixation L	1	35	2178268801	2178340773	71972	1224.27	301.03	20	15	-1	12.79	12.79
Fixation R	1	37	2178268801	2178340773	71972	1224.27	301.03	20	15	-1	13.22	13.22
Fixation L	1	36	2178560806	2178968661	407855	1242.72	316.24	46	32	-1	13.57	13.57
Fixation R	1	38	2178560806	2178968661	407855	1242.72	316.24	46	32	-1	13.98	13.98
Saccade L	1	30	2178968661	2179048694	80033	1260.14	317.08	865.04	869.29	16.43	539.65	0.25	205.26	25879.00	-17936.76	10928.32
Saccade R	1	33	2178968661	2179048694	80033	1260.14	317.08	865.04	869.29	16.43	539.65	0.25	205.26	25879.00	-17936.76	10928.32
Fixation L	1	37	2179048694	2179160700	112006	851.12	866.90	28	15	-1	13.54	13.54
Fixation R	1	39	2179048694	2179160700	112006	851.12	866.90	28	15	-1	13.77	13.77
Saccade L	1	31	2179160700	2179188669	27969	837.76	868.10	902.21	859.17	1.34	106.66	0.57	47.96	4609.55	-4473.44	3324.42
Saccade R	1	34	2179160700	2179188669	27969	837.76	868.10	902.21	859.17	1.34	106.66	0.57	47.96	4609.55	-4473.44	3324.42
Fixation L	1	38	2179188669	2179304683	116014	903.84	858.10	12	15	-1	13.49	13.49
Fixation R	1	40	2179188669	2179304683	116014	903.84	858.10	12	15	-1	13.83	13.83
Saccade L	1	32	2179304683	2179336672	31989	912.54	863.50	833.39	858.47	1.69	120.82	0.50	52.94	5398.73	-5139.74	3843.57
Saccade R	1	35	2179304683	2179336672	31989	912.54	863.50	833.39	858.47	1.69	120.82	0.50	52.94	5398.73	-5139.74	3843.57
Fixation L	1	39	2179336672	2179716696	380024	832.74	853.40	11	33	-1	13.25	13.25
Fixation R	1	41	2179336672	2179716696	380024	832.74	853.40	11	33	-1	13.69	13.69
Saccade L	1	33	2179716696	2179748674	31978	828.71	841.79	908.91	775.49	2.22	153.27	0.50	69.43	6628.10	-6412.64	4881.83
Saccade R	1	36	2179716696	2179748674	31978	828.71	841.79	908.91	775.49	2.22	153.27	0.50	69.43	6628.10	-6412.64	4881.83
Fixation L	1	40	2179748674	2179896690	148016	909.33	780.72	11	10	-1	13.52	13.52
Fixation R	1	42	2179748674	2179992711	244037	640.35	546.71	1169	821	-1	12.86	12.86
Saccade R	1	37	2179992711	2180036576	43865	0.00	0.00	980.49	796.27	28.45	1770.55	0.55	648.55	46630.46	-77762.79	38548.36
Saccade L	1	34	2180036576	2180108587	72011	980.49	796.27	930.34	759.54	5.19	220.09	0.22	72.02	6518.37	-19582.75	4220.94
Saccade R	1	38	2180036576	2180108587	72011	980.49	796.27	930.34	759.54	5.19	220.09	0.22	72.02	6518.37	-19582.75	4220.94
Saccade L	1	35	2180144572	2180176594	32022	932.27	773.90	804.81	770.97	2.73	200.22	0.50	85.16	9256.18	-9193.71	6449.86
Saccade R	1	39	2180144572	2180176594	32022	932.27	773.90	804.81	770.97	2.73	200.22	0.50	85.16	9256.18	-9193.71	6449.86
Fixation L	1	41	2180176594	2180316570	139976	801.82	759.67	9	24	-1	13.81	13.81
Fixation R	1	43	2180176594	2180316570	139976	801.82	759.67	9	24	-1	14.35	14.35
Saccade L	1	36	2180316570	2180352596	36026	800.10	775.05	738.09	769.11	1.44	102.16	0.33	40.07	4450.55	-3879.44	2510.49
Saccade R	1	40	2180316570	2180352596	36026	800.10	775.05	738.09	769.11	1.44	102.16	0.33	40.07	4450.55	-3879.44	2510.49
Fixation L	1	42	2180352596	2180460574	107978	730.61	760.56	11	15	-1	14.13	14.13
Fixation R	1	44	2180352596	2180460574	107978	730.61	760.56	11	15	-1	14.59	14.59
Saccade L	1	37	2180460574	2180492576	32002	727.26	769.41	891.19	775.97	3.53	233.83	0.50	110.25	11236.32	-11271.62	8213.40
Saccade R	1	41	2180460574	2180492576	32002	727.26	769.41	891.19	775.97	3.53	233.83	0.50	110.25	11236.32	-11271.62	8213.40
Fixation L	1	43	2180492576	2180800597	308021	891.67	771.13	31	27	-1	13.61	13.61
Fixation R	1	45	2180492576	2180800597	308021	891.67	771.13	31	27	-1	14.20	14.20
Saccade L	1	38	2180800597	2180824579	23982	892.33	784.54	842.69	778.42	1.15	96.82	0.50	47.76	4237.76	-4034.47	3079.06
Saccade R	1	42	2180800597	2180824579	23982	892.33	784.54	842.69	778.42	1.15	96.82	0.50	47.76	4237.76	-4034.47	3079.06
Fixation L	1	44	2180824579	2181048605	224026	836.68	757.48	10	35	-1	13.51	13.51
Fixation R	1	46	2180824579	2181048605	224026	836.68	757.48	10	35	-1	13.87	13.87
Saccade L	1	39	2181048605	2181096611	48006	844.34	743.51	742.75	760.57	2.56	187.91	0.33	53.24	7929.98	-7758.73	4102.94
Saccade R	1	43	2181048605	2181096611	48006	844.34	743.51	742.75	760.57	2.56	187.91	0.33	53.24	7929.98	-7758.73	4102.94
Fixation L	1	45	2181096611	2181248587	151976	746.36	758.66	15	24	-1	13.71	13.71
Fixation R	1	47	2181096611	2181248587	151976	746.36	758.66	15	24	-1	13.99	13.99
Saccade L	1	40	2181248587	2181276595	28008	754.05	777.48	679.29	786.03	1.56	116.36	0.57	55.71	5168.83	-5609.00	3963.84
Saccade R	1	44	2181248587	2181276595	28008	754.05	777.48	679.29	786.03	1.56	116.36	0.57	55.71	5168.83	-5609.00	3963.84
Fixation L	1	46	2181276595	2181352594	75999	673.42	780.08	12	11	-1	13.85	13.85
Fixation R	1	48	2181276595	2181352594	75999	673.42	780.08	12	11	-1	13.99	13.99
Fixation L	1	47	2181440587	2181576482	135895	1186.11	398.12	17	7	-1	13.59	13.59
Fixation R	1	49	2181440587	2181576482	135895	1186.11	398.12	17	7	-1	14.06	14.06
