[BeGaze]
Converted from:	D:\Kirillov\Results\ermolova_temp_reversed\versh-eye_data.idf
Date:	17.04.2019 03:56:22
Version:	BeGaze 3.0.181
Sample Rate:	250
Subject:	versh
Description:	Run2

Table Header for Fixations:
Event Type	Trial	Number	Start	End	Duration	Location X	Location Y	Dispersion X	Dispersion Y	Plane	Avg. Pupil Size X	Avg. Pupil Size Y

Table Header for Saccades:
Event Type	Trial	Number	Start	End	Duration	Start Loc.X	Start Loc.Y	End Loc.X	End Loc.Y	Amplitude	Peak Speed	Peak Speed At	Average Speed	Peak Accel.	Peak Decel.	Average Accel.

Table Header for User Events:
Event Type	Trial	Number	Start	Description

UserEvent	1	1	7972656206	# Message: rc-experiment-17.jpg
Fixation L	1	1	7972656515	7973028443	371928	436.88	367.66	18	38	-1	14.19	14.19
Fixation R	1	1	7972656515	7973164393	507878	353.56	297.67	1550	982	-1	12.66	12.66
Fixation L	1	2	7973288390	7973560423	272033	371.93	283.94	17	27	-1	12.89	12.89
Fixation R	1	2	7973288390	7973560423	272033	371.93	283.94	17	27	-1	12.58	12.58
Saccade L	1	1	7973560423	7973604433	44010	381.95	289.60	473.31	395.94	3.08	166.96	0.36	70.09	8064.82	-6565.63	4410.28
Saccade R	1	1	7973560423	7973604433	44010	381.95	289.60	473.31	395.94	3.08	166.96	0.36	70.09	8064.82	-6565.63	4410.28
Fixation L	1	3	7973604433	7973884407	279974	473.97	398.27	21	28	-1	12.76	12.76
Fixation R	1	3	7973604433	7973884407	279974	473.97	398.27	21	28	-1	12.45	12.45
Saccade L	1	2	7973884407	7973952425	68018	476.72	418.70	1081.22	524.43	13.42	379.14	0.35	197.35	16924.12	-15615.23	9318.11
Saccade R	1	2	7973884407	7973952425	68018	476.72	418.70	1081.22	524.43	13.42	379.14	0.35	197.35	16924.12	-15615.23	9318.11
Fixation L	1	4	7973952425	7974588294	635869	1086.41	541.80	30	35	-1	12.03	12.03
Fixation R	1	4	7973952425	7974588294	635869	1086.41	541.80	30	35	-1	12.31	12.31
Saccade L	1	3	7974588294	7974616295	28001	1086.51	546.34	1081.31	609.07	1.30	88.59	0.43	46.59	4214.89	-3788.95	2947.91
Saccade R	1	3	7974588294	7974616295	28001	1086.51	546.34	1081.31	609.07	1.30	88.59	0.43	46.59	4214.89	-3788.95	2947.91
Saccade L	1	4	7974628332	7974680298	51966	1080.91	614.75	1038.76	637.90	1.34	41.55	0.62	25.76	904.07	-1356.28	760.58
Saccade R	1	4	7974628332	7974680298	51966	1080.91	614.75	1038.76	637.90	1.34	41.55	0.62	25.76	904.07	-1356.28	760.58
Fixation L	1	5	7974680298	7974964339	284041	1045.13	628.76	25	28	-1	12.01	12.01
Fixation R	1	5	7974680298	7974964339	284041	1045.13	628.76	25	28	-1	12.35	12.35
Fixation L	1	6	7975168293	7975880183	711890	395.63	343.56	50	43	-1	12.44	12.44
Fixation R	1	6	7975168293	7975880183	711890	395.63	343.56	50	43	-1	12.09	12.09
Saccade L	1	5	7975880183	7975908194	28011	400.72	350.16	432.58	334.33	0.88	62.72	0.43	31.34	2737.35	-1993.09	1514.08
Saccade R	1	5	7975880183	7975908194	28011	400.72	350.16	432.58	334.33	0.88	62.72	0.43	31.34	2737.35	-1993.09	1514.08
Fixation L	1	7	7975908194	7976048194	140000	445.61	315.21	19	37	-1	12.14	12.14
Fixation R	1	7	7975908194	7976048194	140000	445.61	315.21	19	37	-1	12.09	12.09
Saccade L	1	6	7976048194	7976120190	71996	449.63	295.65	1133.63	565.34	16.39	464.19	0.44	227.70	17665.94	-16025.00	10709.52
Saccade R	1	6	7976048194	7976120190	71996	449.63	295.65	1133.63	565.34	16.39	464.19	0.44	227.70	17665.94	-16025.00	10709.52
Fixation L	1	8	7976120190	7976344195	224005	1116.11	562.15	28	14	-1	12.33	12.33
Fixation R	1	8	7976120190	7976344195	224005	1116.11	562.15	28	14	-1	12.64	12.64
Saccade L	1	7	7976344195	7976384203	40008	1104.83	566.32	1059.49	520.81	1.49	56.92	0.60	37.13	1941.94	-2129.35	1493.50
Saccade R	1	7	7976344195	7976384203	40008	1104.83	566.32	1059.49	520.81	1.49	56.92	0.60	37.13	1941.94	-2129.35	1493.50
Fixation L	1	9	7976384203	7976560196	175993	1058.10	513.75	28	19	-1	12.13	12.13
Fixation R	1	9	7976384203	7976560196	175993	1058.10	513.75	28	19	-1	12.49	12.49
Saccade L	1	8	7976560196	7976632204	72008	1078.18	502.82	508.85	337.20	13.32	326.26	0.56	184.96	12653.42	-12342.21	7713.23
Saccade R	1	8	7976560196	7976632204	72008	1078.18	502.82	508.85	337.20	13.32	326.26	0.56	184.96	12653.42	-12342.21	7713.23
Fixation L	1	10	7976632204	7976760187	127983	508.10	336.93	11	19	-1	12.00	12.00
Fixation R	1	10	7976632204	7976868189	235985	363.33	249.42	1048	1020	-1	9.98	9.98
Fixation L	1	11	7976972193	7977504111	531918	402.71	285.98	39	38	-1	12.66	12.66
Fixation R	1	11	7976972193	7977504111	531918	402.71	285.98	39	38	-1	12.40	12.40
Saccade L	1	9	7977504111	7977552093	47982	414.75	296.79	422.52	367.40	1.52	54.65	0.42	31.75	1835.35	-1692.67	1314.13
Saccade R	1	9	7977504111	7977552093	47982	414.75	296.79	422.52	367.40	1.52	54.65	0.42	31.75	1835.35	-1692.67	1314.13
Fixation L	1	12	7977552093	7977780088	227995	418.24	369.01	31	23	-1	12.79	12.79
Fixation R	1	12	7977552093	7977780088	227995	418.24	369.01	31	23	-1	12.38	12.38
Saccade L	1	10	7977780088	7977832114	52026	429.52	377.08	342.69	455.47	2.60	121.63	0.31	49.91	5555.74	-5214.12	2867.15
Saccade R	1	10	7977780088	7977832114	52026	429.52	377.08	342.69	455.47	2.60	121.63	0.31	49.91	5555.74	-5214.12	2867.15
Fixation L	1	13	7977832114	7978164095	331981	328.99	477.28	38	32	-1	12.80	12.80
Fixation R	1	13	7977832114	7978164095	331981	328.99	477.28	38	32	-1	12.43	12.43
Saccade L	1	11	7978164095	7978208122	44027	332.58	470.21	420.42	311.09	3.92	170.98	0.45	88.95	7845.37	-7370.32	5201.89
Saccade R	1	11	7978164095	7978208122	44027	332.58	470.21	420.42	311.09	3.92	170.98	0.45	88.95	7845.37	-7370.32	5201.89
Fixation L	1	14	7978208122	7978887973	679851	330.15	256.66	474	985	-1	11.46	11.46
Fixation R	1	14	7978208122	7978743986	535864	404.22	302.01	38	23	-1	12.43	12.43
Saccade R	1	12	7978743986	7978787980	43994	385.04	304.02	-2.71	0.00	17.80	1072.18	0.73	404.61	27570.04	-49484.70	23543.84
Fixation R	1	15	7978787980	7978887973	99993	-0.46	0.00	2	0	-1	7.47	7.47
Saccade L	1	12	7978887973	7978923973	36000	0.00	0.00	281.76	232.15	13.54	981.14	0.33	376.10	43832.92	-30357.59	22553.39
Saccade R	1	13	7978887973	7978923973	36000	0.00	0.00	281.76	232.15	13.54	981.14	0.33	376.10	43832.92	-30357.59	22553.39
Fixation L	1	15	7978996000	7979231989	235989	419.97	280.44	27	33	-1	12.62	12.62
Fixation R	1	16	7978996000	7979231989	235989	419.97	280.44	27	33	-1	12.51	12.51
Saccade L	1	13	7979231989	7979287989	56000	402.62	272.43	521.21	341.15	3.05	129.57	0.36	54.44	5535.54	-4696.10	2940.63
Saccade R	1	14	7979231989	7979287989	56000	402.62	272.43	521.21	341.15	3.05	129.57	0.36	54.44	5535.54	-4696.10	2940.63
Fixation L	1	16	7979287989	7979528012	240023	538.32	358.47	25	32	-1	13.24	13.24
Fixation R	1	17	7979287989	7979528012	240023	538.32	358.47	25	32	-1	12.97	12.97
Saccade L	1	14	7979528012	7979591987	63975	528.56	372.24	1061.13	561.02	12.53	370.71	0.44	195.83	15092.33	-13582.66	9377.64
Saccade R	1	15	7979528012	7979591987	63975	528.56	372.24	1061.13	561.02	12.53	370.71	0.44	195.83	15092.33	-13582.66	9377.64
Fixation L	1	17	7979591987	7979776002	184015	1054.61	549.26	18	18	-1	12.60	12.60
Fixation R	1	18	7979591987	7979776002	184015	1054.61	549.26	18	18	-1	12.86	12.86
Saccade L	1	15	7979776002	7979844002	68000	1049.19	551.92	442.22	309.23	14.71	433.36	0.47	216.35	17740.73	-14826.21	10402.25
Saccade R	1	16	7979776002	7979844002	68000	1049.19	551.92	442.22	309.23	14.71	433.36	0.47	216.35	17740.73	-14826.21	10402.25
Fixation L	1	18	7979844002	7980095923	251921	421.48	292.71	31	26	-1	12.37	12.37
Fixation R	1	19	7979844002	7980095923	251921	421.48	292.71	31	26	-1	12.28	12.28
Saccade L	1	16	7980095923	7980127940	32017	417.80	293.58	432.03	383.87	1.92	125.28	0.37	59.84	6053.27	-5676.27	4190.37
Saccade R	1	17	7980095923	7980127940	32017	417.80	293.58	432.03	383.87	1.92	125.28	0.37	59.84	6053.27	-5676.27	4190.37
Fixation L	1	19	7980127940	7980563891	435951	418.75	378.10	27	40	-1	12.52	12.52
Fixation R	1	20	7980127940	7980563891	435951	418.75	378.10	27	40	-1	12.36	12.36
Fixation L	1	20	7980787885	7981003898	216013	446.74	311.48	15	54	-1	12.92	12.92
Fixation R	1	21	7980787885	7981003898	216013	446.74	311.48	15	54	-1	12.74	12.74
Saccade L	1	17	7981003898	7981195895	191997	446.55	332.82	405.20	326.90	26.61	669.51	0.52	138.57	15562.12	-21900.07	5866.89
Saccade R	1	18	7981003898	7981195895	191997	446.55	332.82	405.20	326.90	26.61	669.51	0.52	138.57	15562.12	-21900.07	5866.89
Fixation L	1	21	7981195895	7981251832	55937	408.54	324.20	5	11	-1	13.13	13.13
Fixation R	1	22	7981195895	7981251832	55937	408.54	324.20	5	11	-1	12.71	12.71
Fixation L	1	22	7981335889	7981407894	72005	390.17	274.40	26	21	-1	13.21	13.21
Fixation R	1	23	7981335889	7981407894	72005	390.17	274.40	26	21	-1	12.84	12.84
Saccade L	1	18	7981575785	7981635787	60002	230.09	195.70	385.53	236.79	4.25	194.41	0.27	70.88	9663.93	-8591.47	3742.77
Saccade R	1	19	7981575785	7981635787	60002	230.09	195.70	385.53	236.79	4.25	194.41	0.27	70.88	9663.93	-8591.47	3742.77
Fixation L	1	23	7981635787	7981843774	207987	375.53	237.24	30	25	-1	12.72	12.72
Fixation R	1	24	7981635787	7981843774	207987	375.53	237.24	30	25	-1	12.49	12.49
Saccade L	1	19	7981843774	7981943787	100013	365.52	226.73	1273.70	612.55	22.43	498.15	0.52	224.27	15841.28	-15608.96	8522.27
Saccade R	1	20	7981843774	7981943787	100013	365.52	226.73	1273.70	612.55	22.43	498.15	0.52	224.27	15841.28	-15608.96	8522.27
Fixation L	1	24	7981943787	7982211800	268013	1254.13	593.25	34	50	-1	12.59	12.59
Fixation R	1	25	7981943787	7982211800	268013	1254.13	593.25	34	50	-1	13.05	13.05
Saccade L	1	20	7982211800	7982291807	80007	1253.92	571.95	369.79	298.19	21.01	515.14	0.40	262.54	19432.19	-13715.62	10654.40
Saccade R	1	21	7982211800	7982291807	80007	1253.92	571.95	369.79	298.19	21.01	515.14	0.40	262.54	19432.19	-13715.62	10654.40
Fixation L	1	25	7982291807	7982635794	343987	390.91	297.07	38	31	-1	11.99	11.99
Fixation R	1	26	7982291807	7982635794	343987	390.91	297.07	38	31	-1	11.90	11.90
Saccade L	1	21	7982635794	7982691809	56015	381.24	279.56	334.26	375.21	2.37	122.47	0.29	42.39	5375.61	-4799.95	2479.38
Saccade R	1	22	7982635794	7982691809	56015	381.24	279.56	334.26	375.21	2.37	122.47	0.29	42.39	5375.61	-4799.95	2479.38
Fixation L	1	26	7982691809	7982891789	199980	312.96	373.03	38	15	-1	12.45	12.45
Fixation R	1	27	7982691809	7982891789	199980	312.96	373.03	38	15	-1	12.22	12.22
Saccade L	1	22	7982891789	7982967732	75943	293.16	360.06	1195.91	635.85	20.73	507.37	0.47	272.98	16488.86	-19035.71	11470.90
Saccade R	1	23	7982891789	7982967732	75943	293.16	360.06	1195.91	635.85	20.73	507.37	0.47	272.98	16488.86	-19035.71	11470.90
Fixation L	1	27	7982967732	7983135695	167963	1189.35	641.24	21	14	-1	12.52	12.52
Fixation R	1	28	7982967732	7983135695	167963	1189.35	641.24	21	14	-1	13.21	13.21
Saccade L	1	23	7983135695	7983191678	55983	1195.02	644.25	1164.82	581.24	1.52	42.32	0.29	27.21	1961.03	-812.96	856.30
Saccade R	1	24	7983135695	7983191678	55983	1195.02	644.25	1164.82	581.24	1.52	42.32	0.29	27.21	1961.03	-812.96	856.30
Fixation L	1	28	7983191678	7983411682	220004	1164.47	562.13	33	39	-1	12.37	12.37
Fixation R	1	29	7983191678	7983411682	220004	1164.47	562.13	33	39	-1	12.90	12.90
Saccade L	1	24	7983411682	7983439686	28004	1185.52	545.59	1195.38	641.80	2.01	145.28	0.57	71.63	6592.88	-6566.18	4845.15
Saccade R	1	25	7983411682	7983439686	28004	1185.52	545.59	1195.38	641.80	2.01	145.28	0.57	71.63	6592.88	-6566.18	4845.15
Fixation L	1	29	7983439686	7983595695	156009	1207.38	658.34	24	32	-1	12.19	12.19
Fixation R	1	30	7983439686	7983595695	156009	1207.38	658.34	24	32	-1	12.68	12.68
Saccade L	1	25	7983595695	7983627670	31975	1205.13	668.83	1189.83	598.57	1.50	82.45	0.50	46.92	3762.03	-3554.20	2736.09
Saccade R	1	26	7983595695	7983627670	31975	1205.13	668.83	1189.83	598.57	1.50	82.45	0.50	46.92	3762.03	-3554.20	2736.09
Fixation L	1	30	7983627670	7983731679	104009	1175.26	600.05	26	24	-1	12.31	12.31
Fixation R	1	31	7983627670	7983731679	104009	1175.26	600.05	26	24	-1	12.56	12.56
Saccade L	1	26	7983731679	7983771683	40004	1168.16	610.21	1216.24	586.50	1.20	49.98	0.50	30.11	1939.67	-1496.07	1252.34
Saccade R	1	27	7983731679	7983771683	40004	1168.16	610.21	1216.24	586.50	1.20	49.98	0.50	30.11	1939.67	-1496.07	1252.34
Fixation L	1	31	7983771683	7984159686	388003	1247.19	596.09	43	22	-1	12.39	12.39
Fixation R	1	32	7983771683	7984159686	388003	1247.19	596.09	43	22	-1	12.75	12.75
Saccade L	1	27	7984159686	7984191717	32031	1251.50	604.29	1175.67	592.16	1.66	113.40	0.50	51.75	4803.96	-4486.60	3333.58
Saccade R	1	28	7984159686	7984191717	32031	1251.50	604.29	1175.67	592.16	1.66	113.40	0.50	51.75	4803.96	-4486.60	3333.58
Fixation L	1	32	7984191717	7984403601	211884	1158.74	579.14	23	24	-1	12.60	12.60
Fixation R	1	33	7984191717	7984403601	211884	1158.74	579.14	23	24	-1	13.02	13.02
Saccade L	1	28	7984403601	7984491597	87996	1151.70	580.93	431.11	380.83	16.77	383.59	0.45	190.63	17149.99	-13056.63	7755.04
Saccade R	1	29	7984403601	7984491597	87996	1151.70	580.93	431.11	380.83	16.77	383.59	0.45	190.63	17149.99	-13056.63	7755.04
Fixation L	1	33	7984491597	7984699575	207978	443.61	374.20	21	12	-1	12.81	12.81
Fixation R	1	34	7984491597	7984699575	207978	443.61	374.20	21	12	-1	12.80	12.80
Saccade L	1	29	7984699575	7984747580	48005	452.51	374.47	349.97	330.24	2.57	142.66	0.25	53.48	6541.62	-4865.17	3015.70
Saccade R	1	30	7984699575	7984747580	48005	452.51	374.47	349.97	330.24	2.57	142.66	0.25	53.48	6541.62	-4865.17	3015.70
Saccade L	1	30	7984771569	7984859574	88005	340.65	317.71	1105.62	475.97	17.52	452.07	0.45	199.13	12151.43	-16818.07	8714.92
Saccade R	1	31	7984771569	7984859574	88005	340.65	317.71	1105.62	475.97	17.52	452.07	0.45	199.13	12151.43	-16818.07	8714.92
Fixation L	1	34	7984859574	7985011578	152004	1112.71	481.93	10	9	-1	12.94	12.94
Fixation R	1	35	7984859574	7985011578	152004	1112.71	481.93	10	9	-1	13.51	13.51
Saccade L	1	31	7985011578	7985043564	31986	1112.21	482.37	1224.14	491.62	2.35	149.31	0.37	73.51	7103.61	-6698.94	4996.47
Saccade R	1	32	7985011578	7985043564	31986	1112.21	482.37	1224.14	491.62	2.35	149.31	0.37	73.51	7103.61	-6698.94	4996.47
Fixation L	1	35	7985043564	7985451589	408025	1231.63	482.74	26	34	-1	12.94	12.94
Fixation R	1	36	7985043564	7985451589	408025	1231.63	482.74	26	34	-1	13.27	13.27
Saccade L	1	32	7985451589	7985487578	35989	1234.74	494.32	1163.90	495.83	1.49	77.34	0.56	41.29	2978.47	-3381.45	2326.75
Saccade R	1	33	7985451589	7985487578	35989	1234.74	494.32	1163.90	495.83	1.49	77.34	0.56	41.29	2978.47	-3381.45	2326.75
Fixation L	1	36	7985487578	7985623598	136020	1158.31	500.12	12	8	-1	12.63	12.63
Fixation R	1	37	7985487578	7985623598	136020	1158.31	500.12	12	8	-1	12.99	12.99
Saccade L	1	33	7985623598	7985699578	75980	1154.91	497.90	352.52	381.18	17.98	397.87	0.47	236.67	17738.06	-11850.78	9153.81
Saccade R	1	34	7985623598	7985699578	75980	1154.91	497.90	352.52	381.18	17.98	397.87	0.47	236.67	17738.06	-11850.78	9153.81
Fixation L	1	37	7985699578	7985975526	275948	347.15	361.52	24	34	-1	12.57	12.57
Fixation R	1	38	7985699578	7985975526	275948	347.15	361.52	24	34	-1	12.54	12.54
Saccade L	1	34	7985975526	7986047478	71952	340.38	355.17	1187.26	472.72	18.73	486.49	0.44	260.32	20181.75	-19012.74	11596.76
Saccade R	1	35	7985975526	7986047478	71952	340.38	355.17	1187.26	472.72	18.73	486.49	0.44	260.32	20181.75	-19012.74	11596.76
Fixation L	1	38	7986047478	7986107481	60003	1175.03	454.75	22	29	-1	12.65	12.65
Fixation R	1	39	7986047478	7986215489	168011	656.20	275.22	1187	891	-1	11.96	11.96
Saccade R	1	36	7986215489	7986319484	103995	0.00	0.00	1033.73	445.18	44.32	2320.95	0.31	426.13	58223.63	-86327.77	22964.03
Fixation L	1	39	7986319484	7986419485	100001	1035.88	458.58	23	17	-1	12.65	12.65
Fixation R	1	40	7986319484	7986419485	100001	1035.88	458.58	23	17	-1	13.12	13.12
