[BeGaze]
Converted from:	D:\Kirillov\Results\ermolova_temp_reversed\versh-eye_data.idf
Date:	17.04.2019 03:56:20
Version:	BeGaze 3.0.181
Sample Rate:	250
Subject:	versh
Description:	Run2

Table Header for Fixations:
Event Type	Trial	Number	Start	End	Duration	Location X	Location Y	Dispersion X	Dispersion Y	Plane	Avg. Pupil Size X	Avg. Pupil Size Y

Table Header for Saccades:
Event Type	Trial	Number	Start	End	Duration	Start Loc.X	Start Loc.Y	End Loc.X	End Loc.Y	Amplitude	Peak Speed	Peak Speed At	Average Speed	Peak Accel.	Peak Decel.	Average Accel.

Table Header for User Events:
Event Type	Trial	Number	Start	Description

UserEvent	1	1	7752231294	# Message: Questionnaire7.jpg
Fixation L	1	1	7752233419	7752617316	383897	459.19	352.08	25	26	-1	13.46	13.46
Fixation R	1	1	7752233419	7752617316	383897	459.19	352.08	25	26	-1	13.43	13.43
Saccade L	1	1	7752617316	7752665323	48007	444.51	352.99	458.41	189.31	3.62	169.09	0.42	75.48	7801.43	-7151.44	4872.57
Saccade R	1	1	7752617316	7752665323	48007	444.51	352.99	458.41	189.31	3.62	169.09	0.42	75.48	7801.43	-7151.44	4872.57
Fixation L	1	2	7752665323	7752809327	144004	470.40	187.05	34	11	-1	13.75	13.75
Fixation R	1	2	7752665323	7752809327	144004	470.40	187.05	34	11	-1	13.49	13.49
Saccade L	1	2	7752809327	7752869321	59994	485.82	180.69	390.85	211.01	2.26	101.95	0.33	37.72	4567.52	-4031.33	2035.89
Saccade R	1	2	7752809327	7752869321	59994	485.82	180.69	390.85	211.01	2.26	101.95	0.33	37.72	4567.52	-4031.33	2035.89
Fixation L	1	3	7752869321	7753569337	700016	386.61	206.56	39	33	-1	14.33	14.33
Fixation R	1	3	7752869321	7753569337	700016	386.61	206.56	39	33	-1	14.08	14.08
Saccade L	1	3	7753569337	7753601349	32012	367.57	189.54	448.14	210.43	1.75	109.41	0.62	54.74	5142.52	-5093.88	3703.12
Saccade R	1	3	7753569337	7753601349	32012	367.57	189.54	448.14	210.43	1.75	109.41	0.62	54.74	5142.52	-5093.88	3703.12
Fixation L	1	4	7753601349	7753717329	115980	445.81	214.02	12	10	-1	14.58	14.58
Fixation R	1	4	7753601349	7753821339	219990	308.28	173.08	474	1058	-1	12.24	12.24
Saccade L	1	4	7753717329	7753769351	52022	440.24	220.50	0.00	0.00	18.84	1267.77	0.77	362.20	43296.48	-57323.60	24221.71
Fixation L	1	5	7753769351	7753821339	51988	0.00	0.00	0	0	-1	6.92	6.92
UserEvent	1	2	7753808633	# Message: UE-mouseclick left x=362 y=306
Fixation L	1	6	7753905340	7754273239	367899	451.79	234.79	53	58	-1	14.51	14.51
Fixation R	1	5	7753905340	7754273239	367899	451.79	234.79	53	58	-1	14.32	14.32
Saccade L	1	5	7754273239	7754305231	31992	423.28	243.67	481.58	242.30	1.20	73.13	0.38	37.40	3222.52	-3109.10	2291.41
Saccade R	1	4	7754273239	7754305231	31992	423.28	243.67	481.58	242.30	1.20	73.13	0.38	37.40	3222.52	-3109.10	2291.41
Fixation L	1	7	7754305231	7754597249	292018	481.07	212.34	21	53	-1	13.81	13.81
Fixation R	1	6	7754305231	7754597249	292018	481.07	212.34	21	53	-1	13.72	13.72
Saccade L	1	6	7754597249	7754641231	43982	478.34	198.71	414.09	225.72	1.54	90.48	0.36	34.94	3908.91	-3215.48	2163.97
Saccade R	1	5	7754597249	7754641231	43982	478.34	198.71	414.09	225.72	1.54	90.48	0.36	34.94	3908.91	-3215.48	2163.97
Fixation L	1	8	7754641231	7754845242	204011	420.27	226.73	30	23	-1	13.21	13.21
Fixation R	1	7	7754641231	7754845242	204011	420.27	226.73	30	23	-1	13.19	13.19
Saccade L	1	7	7754845242	7754893220	47978	422.80	234.55	411.92	305.13	1.57	76.29	0.33	32.77	3274.55	-2674.87	1797.03
Saccade R	1	6	7754845242	7754893220	47978	422.80	234.55	411.92	305.13	1.57	76.29	0.33	32.77	3274.55	-2674.87	1797.03
Fixation L	1	9	7754893220	7755217126	323906	414.16	309.33	16	19	-1	13.70	13.70
Fixation R	1	8	7754893220	7755217126	323906	414.16	309.33	16	19	-1	13.55	13.55
UserEvent	1	3	7755080625	# Message: UE-mouseclick left x=394 y=390
