[BeGaze]
Converted from:	D:\Kirillov\Results\ermolova_temp_reversed\Dima-eye_data.idf
Date:	17.04.2019 03:56:24
Version:	BeGaze 3.0.181
Sample Rate:	250
Subject:	Dima
Description:	Run3

Table Header for Fixations:
Event Type	Trial	Number	Start	End	Duration	Location X	Location Y	Dispersion X	Dispersion Y	Plane	Avg. Pupil Size X	Avg. Pupil Size Y

Table Header for Saccades:
Event Type	Trial	Number	Start	End	Duration	Start Loc.X	Start Loc.Y	End Loc.X	End Loc.Y	Amplitude	Peak Speed	Peak Speed At	Average Speed	Peak Accel.	Peak Decel.	Average Accel.

Table Header for User Events:
Event Type	Trial	Number	Start	Description

UserEvent	1	1	1235839281	# Message: rc-experiment-16.jpg
Fixation L	1	1	1235842223	1235942225	100002	392.15	404.47	16	19	-1	14.15	14.15
Fixation R	1	1	1235842223	1235942225	100002	392.15	404.47	16	19	-1	14.18	14.18
Saccade L	1	1	1235942225	1235994258	52033	391.58	408.05	708.12	458.03	6.94	272.69	0.38	133.47	12573.88	-11351.28	8016.05
Saccade R	1	1	1235942225	1235994258	52033	391.58	408.05	708.12	458.03	6.94	272.69	0.38	133.47	12573.88	-11351.28	8016.05
Fixation L	1	2	1235994258	1236078258	84000	711.11	443.64	25	42	-1	14.18	14.18
Fixation R	1	2	1235994258	1236078258	84000	711.11	443.64	25	42	-1	14.27	14.27
Saccade L	1	2	1236078258	1236130220	51962	695.72	415.68	947.28	480.33	5.63	237.22	0.31	108.35	11342.15	-8985.37	6677.68
Saccade R	1	2	1236078258	1236130220	51962	695.72	415.68	947.28	480.33	5.63	237.22	0.31	108.35	11342.15	-8985.37	6677.68
Fixation L	1	3	1236130220	1236270228	140008	945.19	463.04	10	28	-1	14.03	14.03
Fixation R	1	3	1236130220	1236270228	140008	945.19	463.04	10	28	-1	14.44	14.44
Saccade L	1	3	1236270228	1236374226	103998	948.13	453.96	495.86	165.06	18.43	474.10	0.23	177.20	19838.15	-16852.59	7926.89
Saccade R	1	3	1236270228	1236374226	103998	948.13	453.96	495.86	165.06	18.43	474.10	0.23	177.20	19838.15	-16852.59	7926.89
Fixation L	1	4	1236374226	1236638260	264034	477.96	188.11	29	41	-1	13.16	13.16
Fixation R	1	4	1236374226	1236638260	264034	477.96	188.11	29	41	-1	13.47	13.47
Saccade L	1	4	1236638260	1236678232	39972	471.80	182.42	447.04	235.01	1.24	43.71	0.50	31.12	1525.84	-1141.31	982.72
Saccade R	1	4	1236638260	1236678232	39972	471.80	182.42	447.04	235.01	1.24	43.71	0.50	31.12	1525.84	-1141.31	982.72
Fixation L	1	5	1236678232	1236898116	219884	450.85	238.05	42	13	-1	13.15	13.15
Fixation R	1	5	1236678232	1236898116	219884	450.85	238.05	42	13	-1	13.36	13.36
Saccade L	1	5	1236898116	1236942117	44001	441.03	233.32	435.55	117.31	2.50	115.08	0.36	56.81	4642.16	-4282.12	2754.63
Saccade R	1	5	1236898116	1236942117	44001	441.03	233.32	435.55	117.31	2.50	115.08	0.36	56.81	4642.16	-4282.12	2754.63
Fixation L	1	6	1236942117	1237454127	512010	449.20	125.57	47	47	-1	12.84	12.84
Fixation R	1	6	1236942117	1237454127	512010	449.20	125.57	47	47	-1	12.94	12.94
Saccade L	1	6	1237454127	1237626140	172013	464.06	122.40	1102.77	519.45	38.96	617.81	0.33	226.48	24063.46	-17311.92	7289.76
Saccade R	1	6	1237454127	1237626140	172013	464.06	122.40	1102.77	519.45	38.96	617.81	0.33	226.48	24063.46	-17311.92	7289.76
Fixation L	1	7	1237626140	1238026148	400008	1121.47	523.80	79	32	-1	13.23	13.23
Fixation R	1	7	1237626140	1238026148	400008	1121.47	523.80	79	32	-1	13.50	13.50
Saccade L	1	7	1238026148	1238058145	31997	1149.42	525.87	1102.65	616.78	1.99	126.12	0.37	62.21	5297.63	-5047.43	3735.38
Saccade R	1	7	1238026148	1238058145	31997	1149.42	525.87	1102.65	616.78	1.99	126.12	0.37	62.21	5297.63	-5047.43	3735.38
Fixation L	1	8	1238058145	1238602029	543884	1091.29	615.78	56	38	-1	12.92	12.92
Fixation R	1	8	1238058145	1238602029	543884	1091.29	615.78	56	38	-1	13.12	13.12
Saccade L	1	8	1238602029	1238634034	32005	1074.62	614.71	959.79	609.80	2.30	147.29	0.38	72.00	6973.36	-6670.74	4902.07
Saccade R	1	8	1238602029	1238634034	32005	1074.62	614.71	959.79	609.80	2.30	147.29	0.38	72.00	6973.36	-6670.74	4902.07
Saccade L	1	9	1238674035	1238766035	92000	957.28	595.02	445.72	273.17	15.55	502.61	0.26	169.04	23128.35	-18185.83	8876.07
Saccade R	1	9	1238674035	1238766035	92000	957.28	595.02	445.72	273.17	15.55	502.61	0.26	169.04	23128.35	-18185.83	8876.07
Fixation L	1	9	1238766035	1238938046	172011	452.91	277.23	21	15	-1	12.80	12.80
Fixation R	1	9	1238766035	1238938046	172011	452.91	277.23	21	15	-1	12.81	12.81
Saccade L	1	10	1238938046	1238994034	55988	447.62	268.48	265.19	94.46	6.89	361.06	0.21	123.06	15345.09	-7329.09	6066.08
Saccade R	1	10	1238938046	1238994034	55988	447.62	268.48	265.19	94.46	6.89	361.06	0.21	123.06	15345.09	-7329.09	6066.08
Fixation L	1	10	1238994034	1239338044	344010	227.10	72.24	58	33	-1	12.78	12.78
Fixation R	1	10	1238994034	1239338044	344010	227.10	72.24	58	33	-1	12.51	12.51
Saccade L	1	11	1239338044	1239414059	76015	225.90	73.38	1229.87	614.84	25.65	657.08	0.47	337.39	18379.19	-15849.96	13359.45
Saccade R	1	11	1239338044	1239414059	76015	225.90	73.38	1229.87	614.84	25.65	657.08	0.47	337.39	18379.19	-15849.96	13359.45
Fixation L	1	11	1239414059	1239581946	167887	1187.38	574.26	75	54	-1	12.97	12.97
Fixation R	1	11	1239414059	1239581946	167887	1187.38	574.26	75	54	-1	13.20	13.20
Saccade L	1	12	1239581946	1239621929	39983	1157.39	561.14	1209.92	598.10	1.35	52.59	0.40	33.87	2380.51	-1438.53	1371.02
Saccade R	1	12	1239581946	1239621929	39983	1157.39	561.14	1209.92	598.10	1.35	52.59	0.40	33.87	2380.51	-1438.53	1371.02
Fixation L	1	12	1239621929	1239713922	91993	1188.36	591.30	40	30	-1	12.99	12.99
Fixation R	1	12	1239621929	1239713922	91993	1188.36	591.30	40	30	-1	13.32	13.32
Saccade L	1	13	1239713922	1239753945	40023	1174.48	575.27	1229.58	591.52	1.29	48.75	0.60	32.35	1388.98	-1674.82	1065.39
Saccade R	1	13	1239713922	1239753945	40023	1174.48	575.27	1229.58	591.52	1.29	48.75	0.60	32.35	1388.98	-1674.82	1065.39
Saccade L	1	14	1239801951	1239889929	87978	1234.30	588.42	479.98	126.46	23.70	677.21	0.36	269.40	24068.58	-23245.76	12367.09
Saccade R	1	14	1239801951	1239889929	87978	1234.30	588.42	479.98	126.46	23.70	677.21	0.36	269.40	24068.58	-23245.76	12367.09
Fixation L	1	13	1239889929	1239985956	96027	497.13	149.17	23	60	-1	13.15	13.15
Fixation R	1	13	1239889929	1239985956	96027	497.13	149.17	23	60	-1	13.05	13.05
Saccade L	1	15	1239985956	1240049948	63992	493.48	179.85	550.39	43.21	3.63	175.19	0.25	56.65	8021.38	-6816.40	3189.60
Saccade R	1	15	1239985956	1240049948	63992	493.48	179.85	550.39	43.21	3.63	175.19	0.25	56.65	8021.38	-6816.40	3189.60
Fixation L	1	14	1240049948	1240381938	331990	534.28	62.88	34	30	-1	12.91	12.91
Fixation R	1	14	1240049948	1240381938	331990	534.28	62.88	34	30	-1	12.89	12.89
Saccade L	1	16	1240381938	1240461978	80040	524.14	69.17	953.78	574.54	15.89	455.12	0.40	198.52	15105.34	-10589.69	8733.87
Saccade R	1	16	1240381938	1240461978	80040	524.14	69.17	953.78	574.54	15.89	455.12	0.40	198.52	15105.34	-10589.69	8733.87
Fixation L	1	15	1240461978	1240641953	179975	943.72	548.91	20	46	-1	13.61	13.61
Fixation R	1	15	1240461978	1240641953	179975	943.72	548.91	20	46	-1	13.45	13.45
Saccade L	1	17	1240641953	1240681983	40030	936.21	521.35	939.68	655.60	2.75	184.61	0.30	68.76	7863.65	-7195.54	4252.90
Saccade R	1	17	1240641953	1240681983	40030	936.21	521.35	939.68	655.60	2.75	184.61	0.30	68.76	7863.65	-7195.54	4252.90
Fixation L	1	16	1240681983	1240813951	131968	948.56	634.78	22	50	-1	13.37	13.37
Fixation R	1	16	1240681983	1240813951	131968	948.56	634.78	22	50	-1	13.53	13.53
Saccade L	1	18	1240813951	1240857980	44029	960.05	610.64	1055.89	462.46	3.78	178.82	0.27	85.96	8824.93	-6514.45	4868.16
Saccade R	1	18	1240813951	1240857980	44029	960.05	610.64	1055.89	462.46	3.78	178.82	0.27	85.96	8824.93	-6514.45	4868.16
Fixation L	1	17	1240857980	1241081849	223869	1061.71	445.63	29	35	-1	13.25	13.25
Fixation R	1	17	1240857980	1241081849	223869	1061.71	445.63	29	35	-1	13.36	13.36
Saccade L	1	19	1241081849	1241113844	31995	1072.75	447.72	1165.13	434.76	1.98	133.45	0.50	61.87	5929.06	-5294.19	3961.68
Saccade R	1	19	1241081849	1241113844	31995	1072.75	447.72	1165.13	434.76	1.98	133.45	0.50	61.87	5929.06	-5294.19	3961.68
Fixation L	1	18	1241113844	1241357838	243994	1177.60	409.72	29	44	-1	12.92	12.92
Fixation R	1	18	1241113844	1241357838	243994	1177.60	409.72	29	44	-1	13.10	13.10
Saccade L	1	20	1241357838	1241385840	28002	1160.25	416.47	1124.41	402.83	0.98	63.52	0.57	34.83	2792.80	-2340.60	1900.08
Saccade R	1	20	1241357838	1241385840	28002	1160.25	416.47	1124.41	402.83	0.98	63.52	0.57	34.83	2792.80	-2340.60	1900.08
Fixation L	1	19	1241385840	1241529860	144020	1120.53	406.09	20	19	-1	12.88	12.88
Fixation R	1	19	1241385840	1241529860	144020	1120.53	406.09	20	19	-1	13.02	13.02
Saccade L	1	21	1241529860	1241565866	36006	1134.72	399.34	1192.73	387.45	1.22	51.72	0.44	33.77	1915.86	-2028.22	1433.68
Saccade R	1	21	1241529860	1241565866	36006	1134.72	399.34	1192.73	387.45	1.22	51.72	0.44	33.77	1915.86	-2028.22	1433.68
Fixation L	1	20	1241565866	1241965880	400014	1171.44	404.96	32	31	-1	12.43	12.43
Fixation R	1	20	1241565866	1241965880	400014	1171.44	404.96	32	31	-1	12.80	12.80
Saccade L	1	22	1241965880	1242009854	43974	1159.37	419.80	1253.54	398.06	2.08	106.31	0.27	47.41	4710.23	-2541.46	1922.39
Saccade R	1	22	1241965880	1242009854	43974	1159.37	419.80	1253.54	398.06	2.08	106.31	0.27	47.41	4710.23	-2541.46	1922.39
Fixation L	1	21	1242009854	1242313869	304015	1273.68	367.00	34	64	-1	12.33	12.33
Fixation R	1	21	1242009854	1242313869	304015	1273.68	367.00	34	64	-1	12.75	12.75
Saccade L	1	23	1242313869	1242385731	71862	1287.99	336.06	421.87	71.99	20.59	611.00	0.50	286.52	18881.57	-19684.67	13417.05
Saccade R	1	23	1242313869	1242385731	71862	1287.99	336.06	421.87	71.99	20.59	611.00	0.50	286.52	18881.57	-19684.67	13417.05
Saccade L	1	24	1242385731	1242425879	40148	421.87	71.99	469.83	72.81	1.13	48.84	0.60	28.07	1401.69	-3257.61	1123.49
Saccade R	1	24	1242385731	1242425879	40148	421.87	71.99	469.83	72.81	1.13	48.84	0.60	28.07	1401.69	-3257.61	1123.49
Fixation L	1	22	1242425879	1242709749	283870	500.88	104.19	54	60	-1	12.43	12.43
Fixation R	1	22	1242425879	1242709749	283870	500.88	104.19	54	60	-1	12.42	12.42
Saccade L	1	25	1242709749	1242773764	64015	516.83	129.99	1054.53	621.24	16.65	603.74	0.44	260.08	26336.31	-22759.35	15068.50
Saccade R	1	25	1242709749	1242773764	64015	516.83	129.99	1054.53	621.24	16.65	603.74	0.44	260.08	26336.31	-22759.35	15068.50
Fixation L	1	23	1242773764	1242897746	123982	1062.82	582.41	13	55	-1	13.01	13.01
Fixation R	1	23	1242773764	1242897746	123982	1062.82	582.41	13	55	-1	12.97	12.97
Saccade L	1	26	1242897746	1242937747	40001	1051.15	563.12	1056.35	613.63	1.09	40.11	0.30	27.24	1444.42	-988.93	782.04
Saccade R	1	26	1242897746	1242937747	40001	1051.15	563.12	1056.35	613.63	1.09	40.11	0.30	27.24	1444.42	-988.93	782.04
Fixation L	1	24	1242937747	1243049758	112011	1052.35	622.56	17	13	-1	13.03	13.03
Fixation R	1	24	1242937747	1243049758	112011	1052.35	622.56	17	13	-1	13.10	13.10
Saccade L	1	27	1243049758	1243097773	48015	1045.22	613.76	1096.86	535.48	2.03	58.91	0.42	42.35	2285.70	-2085.44	1336.00
Saccade R	1	27	1243049758	1243097773	48015	1045.22	613.76	1096.86	535.48	2.03	58.91	0.42	42.35	2285.70	-2085.44	1336.00
Fixation L	1	25	1243097773	1243205751	107978	1101.79	543.61	10	30	-1	12.98	12.98
Fixation R	1	25	1243097773	1243205751	107978	1101.79	543.61	10	30	-1	13.19	13.19
Saccade L	1	28	1243205751	1243253750	47999	1102.70	555.96	1178.27	528.23	1.76	65.76	0.33	36.65	2960.31	-1854.59	1476.03
Saccade R	1	28	1243205751	1243253750	47999	1102.70	555.96	1178.27	528.23	1.76	65.76	0.33	36.65	2960.31	-1854.59	1476.03
Fixation L	1	26	1243253750	1243457758	204008	1187.41	511.84	24	26	-1	12.97	12.97
Fixation R	1	26	1243253750	1243457758	204008	1187.41	511.84	24	26	-1	13.14	13.14
Saccade L	1	29	1243457758	1243493760	36002	1172.89	505.66	1068.64	496.94	2.24	116.19	0.56	62.33	4729.11	-4807.25	3444.71
Saccade R	1	29	1243457758	1243493760	36002	1172.89	505.66	1068.64	496.94	2.24	116.19	0.56	62.33	4729.11	-4807.25	3444.71
Fixation L	1	27	1243493760	1243861638	367878	1059.82	509.03	44	25	-1	13.08	13.08
Fixation R	1	27	1243493760	1243861638	367878	1059.82	509.03	44	25	-1	13.20	13.20
Saccade L	1	30	1243861638	1243893650	32012	1071.70	517.87	1148.82	511.93	1.54	100.38	0.50	48.03	4516.62	-4247.46	3207.06
Saccade R	1	30	1243861638	1243893650	32012	1071.70	517.87	1148.82	511.93	1.54	100.38	0.50	48.03	4516.62	-4247.46	3207.06
Fixation L	1	28	1243893650	1244001655	108005	1154.35	518.17	10	24	-1	12.82	12.82
Fixation R	1	28	1243893650	1244001655	108005	1154.35	518.17	10	24	-1	13.07	13.07
Saccade L	1	31	1244001655	1244053660	52005	1153.00	528.99	974.12	535.85	3.82	203.05	0.23	73.54	8495.19	-6630.60	4084.75
Saccade R	1	31	1244001655	1244053660	52005	1153.00	528.99	974.12	535.85	3.82	203.05	0.23	73.54	8495.19	-6630.60	4084.75
Fixation L	1	29	1244053660	1244241647	187987	992.35	531.40	29	24	-1	12.86	12.86
Fixation R	1	29	1244053660	1244241647	187987	992.35	531.40	29	24	-1	13.03	13.03
Saccade L	1	32	1244241647	1244285658	44011	999.00	521.10	908.31	531.12	1.99	96.66	0.27	45.26	4406.52	-2151.81	2174.50
Saccade R	1	32	1244241647	1244285658	44011	999.00	521.10	908.31	531.12	1.99	96.66	0.27	45.26	4406.52	-2151.81	2174.50
Fixation L	1	30	1244285658	1244377676	92018	905.15	534.71	15	16	-1	12.94	12.94
Fixation R	1	30	1244285658	1244377676	92018	905.15	534.71	15	16	-1	13.02	13.02
Saccade L	1	33	1244377676	1244441678	64002	908.77	541.29	355.74	82.30	15.88	559.18	0.44	248.14	23571.82	-21234.74	13856.23
Saccade R	1	33	1244377676	1244441678	64002	908.77	541.29	355.74	82.30	15.88	559.18	0.44	248.14	23571.82	-21234.74	13856.23
Fixation L	1	31	1244441678	1244609669	167991	359.27	73.49	17	23	-1	12.65	12.65
Fixation R	1	31	1244441678	1244609669	167991	359.27	73.49	17	23	-1	12.52	12.52
Fixation L	1	32	1244681673	1244833658	151985	427.96	270.33	33	18	-1	12.69	12.69
Fixation R	1	32	1244681673	1244833658	151985	427.96	270.33	33	18	-1	12.79	12.79
Saccade L	1	34	1244833658	1244909672	76014	445.03	258.48	1105.86	591.83	17.64	586.70	0.32	232.10	25995.63	-20352.76	12484.17
Saccade R	1	34	1244833658	1244909672	76014	445.03	258.48	1105.86	591.83	17.64	586.70	0.32	232.10	25995.63	-20352.76	12484.17
Fixation L	1	33	1244909672	1245073661	163989	1081.19	586.18	37	23	-1	12.89	12.89
Fixation R	1	33	1244909672	1245073661	163989	1081.19	586.18	37	23	-1	13.34	13.34
Saccade L	1	35	1245073661	1245101667	28006	1071.32	597.18	972.09	623.74	2.09	174.40	0.43	74.65	7348.48	-6771.02	5034.08
Saccade R	1	35	1245073661	1245101667	28006	1071.32	597.18	972.09	623.74	2.09	174.40	0.43	74.65	7348.48	-6771.02	5034.08
Fixation L	1	34	1245101667	1245361561	259894	994.80	615.78	82	29	-1	13.10	13.10
Fixation R	1	34	1245101667	1245361561	259894	994.80	615.78	82	29	-1	13.36	13.36
Saccade L	1	36	1245361561	1245417572	56011	1031.09	614.91	971.65	503.92	3.00	133.60	0.57	53.55	4956.23	-5476.17	2904.98
Saccade R	1	36	1245361561	1245417572	56011	1031.09	614.91	971.65	503.92	3.00	133.60	0.57	53.55	4956.23	-5476.17	2904.98
Fixation L	1	35	1245417572	1245493548	75976	972.04	504.28	9	15	-1	12.94	12.94
Fixation R	1	35	1245417572	1245493548	75976	972.04	504.28	9	15	-1	13.25	13.25
Saccade L	1	37	1245493548	1245553550	60002	980.88	513.90	385.27	409.42	13.36	444.02	0.33	222.67	20942.20	-19409.81	12636.24
Saccade R	1	37	1245493548	1245553550	60002	980.88	513.90	385.27	409.42	13.36	444.02	0.33	222.67	20942.20	-19409.81	12636.24
Fixation L	1	36	1245553550	1245785579	232029	430.99	407.96	59	16	-1	12.96	12.96
Fixation R	1	36	1245553550	1245785579	232029	430.99	407.96	59	16	-1	12.87	12.87
Saccade L	1	38	1245785579	1245845558	59979	440.22	411.64	1116.65	608.69	15.38	599.74	0.40	256.38	27837.78	-21084.13	15431.63
Saccade R	1	38	1245785579	1245845558	59979	440.22	411.64	1116.65	608.69	15.38	599.74	0.40	256.38	27837.78	-21084.13	15431.63
Fixation L	1	37	1245845558	1246057594	212036	1077.58	610.26	62	32	-1	13.10	13.10
Fixation R	1	37	1245845558	1246057594	212036	1077.58	610.26	62	32	-1	13.16	13.16
Saccade L	1	39	1246057594	1246097561	39967	1064.12	623.33	925.34	652.90	2.98	129.74	0.30	74.44	5623.03	-4365.65	3754.46
Saccade R	1	39	1246057594	1246097561	39967	1064.12	623.33	925.34	652.90	2.98	129.74	0.30	74.44	5623.03	-4365.65	3754.46
Fixation L	1	38	1246097561	1246293590	196029	919.29	638.06	172	44	-1	13.38	13.38
Fixation R	1	38	1246097561	1246293590	196029	919.29	638.06	172	44	-1	13.34	13.34
