[BeGaze]
Converted from:	D:\Kirillov\Results\ermolova_temp_reversed\Sofia-eye_data.idf
Date:	17.04.2019 03:56:30
Version:	BeGaze 3.0.181
Sample Rate:	250
Subject:	Sofia
Description:	Run5

Table Header for Fixations:
Event Type	Trial	Number	Start	End	Duration	Location X	Location Y	Dispersion X	Dispersion Y	Plane	Avg. Pupil Size X	Avg. Pupil Size Y

Table Header for Saccades:
Event Type	Trial	Number	Start	End	Duration	Start Loc.X	Start Loc.Y	End Loc.X	End Loc.Y	Amplitude	Peak Speed	Peak Speed At	Average Speed	Peak Accel.	Peak Decel.	Average Accel.

Table Header for User Events:
Event Type	Trial	Number	Start	Description

UserEvent	1	1	3509828150	# Message: rc-experiment-14.jpg
Fixation L	1	1	3509832028	3510120058	288030	436.74	247.04	34	22	-1	13.79	13.79
Fixation R	1	1	3509832028	3510120058	288030	436.74	247.04	34	22	-1	14.58	14.58
Saccade L	1	1	3510120058	3510152037	31979	447.83	244.38	445.74	185.68	1.20	65.10	0.37	37.51	2652.32	-2245.20	1821.39
Saccade R	1	1	3510120058	3510152037	31979	447.83	244.38	445.74	185.68	1.20	65.10	0.37	37.51	2652.32	-2245.20	1821.39
Fixation L	1	2	3510152037	3510240076	88039	441.62	179.79	6	9	-1	13.66	13.66
Fixation R	1	2	3510152037	3510240076	88039	441.62	179.79	6	9	-1	14.48	14.48
Saccade L	1	2	3510240076	3510268031	27955	441.79	180.13	435.38	83.44	1.92	157.99	0.43	68.74	6925.75	-6443.16	4935.16
Saccade R	1	2	3510240076	3510268031	27955	441.79	180.13	435.38	83.44	1.92	157.99	0.43	68.74	6925.75	-6443.16	4935.16
Fixation L	1	3	3510268031	3510440044	172013	423.44	72.87	21	32	-1	13.03	13.03
Fixation R	1	3	3510268031	3510440044	172013	423.44	72.87	21	32	-1	13.89	13.89
Saccade R	1	3	3510440044	3510472042	31998	415.86	69.06	0.00	2.36	9.02	817.71	0.50	282.01	33217.48	-34085.51	23771.20
Fixation R	1	4	3510472042	3510530761	58719	0.00	0.40	0	2	-1	10.86	10.86
Fixation L	1	4	3510600053	3510671561	71508	424.17	79.18	16	22	-1	12.65	12.65
Fixation R	1	5	3510600053	3510671561	71508	424.17	79.18	16	22	-1	13.61	13.61
Saccade L	1	3	3510671561	3510700081	28520	430.67	84.60	487.95	76.86	1.48	102.66	0.59	51.77	4336.26	-2234.86	2458.74
Saccade R	1	4	3510671561	3510700081	28520	430.67	84.60	487.95	76.86	1.48	102.66	0.59	51.77	4336.26	-2234.86	2458.74
Saccade L	1	4	3510700081	3510730811	30730	487.95	76.86	441.53	78.21	1.25	85.73	0.39	40.57	1115.87	-3166.59	1595.19
Saccade R	1	5	3510700081	3510730811	30730	487.95	76.86	441.53	78.21	1.25	85.73	0.39	40.57	1115.87	-3166.59	1595.19
Saccade L	1	5	3510747333	3510772078	24745	436.07	85.48	483.58	82.90	0.99	65.44	0.59	40.05	2469.34	-2564.55	1847.40
Saccade R	1	6	3510747333	3510772078	24745	436.07	85.48	483.58	82.90	0.99	65.44	0.59	40.05	2469.34	-2564.55	1847.40
Fixation L	1	5	3510772078	3510824048	51970	492.30	80.31	15	6	-1	12.90	12.90
Fixation R	1	6	3510772078	3510824048	51970	492.30	80.31	15	6	-1	13.75	13.75
Saccade L	1	6	3510824048	3510859986	35938	491.64	80.24	433.01	80.69	1.30	53.13	0.56	36.29	2162.45	-2354.68	1588.68
Saccade R	1	7	3510824048	3510859986	35938	491.64	80.24	433.01	80.69	1.30	53.13	0.56	36.29	2162.45	-2354.68	1588.68
Saccade L	1	7	3510859986	3510892051	32065	433.01	80.69	447.85	188.03	2.44	190.91	0.50	76.04	8250.70	-8216.35	5488.34
Saccade R	1	8	3510859986	3510892051	32065	433.01	80.69	447.85	188.03	2.44	190.91	0.50	76.04	8250.70	-8216.35	5488.34
Fixation L	1	6	3510892051	3511635946	743895	462.34	189.97	56	35	-1	13.53	13.53
Fixation R	1	7	3510892051	3511635946	743895	462.34	189.97	56	35	-1	14.23	14.23
Saccade L	1	8	3511635946	3511671955	36009	490.27	206.99	460.92	356.26	3.13	184.25	0.33	87.04	7713.94	-6054.34	4525.85
Saccade R	1	9	3511635946	3511671955	36009	490.27	206.99	460.92	356.26	3.13	184.25	0.33	87.04	7713.94	-6054.34	4525.85
Fixation L	1	7	3511671955	3511851983	180028	458.71	342.71	15	27	-1	13.40	13.40
Fixation R	1	8	3511671955	3511851983	180028	458.71	342.71	15	27	-1	14.29	14.29
Saccade L	1	9	3511851983	3511887955	35972	460.75	330.59	0.00	0.00	15.01	1171.27	0.67	417.27	46054.49	-49330.51	30913.23
Saccade R	1	10	3511851983	3511887955	35972	460.75	330.59	0.00	0.00	15.01	1171.27	0.67	417.27	46054.49	-49330.51	30913.23
Fixation L	1	8	3511887955	3511987862	99907	0.00	0.00	0	0	-1	4.44	4.44
Fixation R	1	9	3511887955	3511987862	99907	0.00	0.00	0	0	-1	12.32	12.32
Saccade L	1	10	3512091953	3512127963	36010	464.38	274.56	437.42	158.33	3.03	200.61	0.44	84.16	9669.47	-8437.64	6099.45
Saccade R	1	11	3512091953	3512127963	36010	464.38	274.56	437.42	158.33	3.03	200.61	0.44	84.16	9669.47	-8437.64	6099.45
Saccade L	1	11	3512171971	3512203963	31992	438.07	114.58	429.28	83.94	1.73	108.59	0.50	54.09	2934.80	-4725.28	2522.54
Saccade R	1	12	3512171971	3512203963	31992	438.07	114.58	429.28	83.94	1.73	108.59	0.50	54.09	2934.80	-4725.28	2522.54
Fixation L	1	9	3512203963	3512603278	399315	416.67	82.23	51	23	-1	13.05	13.05
Fixation R	1	10	3512203963	3512603278	399315	416.67	82.23	51	23	-1	13.88	13.88
Saccade L	1	12	3512603278	3512643844	40566	454.80	74.63	450.39	131.83	1.81	94.62	0.42	44.59	3615.25	-2524.72	1821.30
Saccade R	1	13	3512603278	3512643844	40566	454.80	74.63	450.39	131.83	1.81	94.62	0.42	44.59	3615.25	-2524.72	1821.30
Saccade L	1	13	3512643844	3512667846	24002	450.39	131.83	444.37	133.46	0.67	47.70	0.50	27.86	1100.78	-828.43	558.42
Saccade R	1	14	3512643844	3512667846	24002	450.39	131.83	444.37	133.46	0.67	47.70	0.50	27.86	1100.78	-828.43	558.42
Saccade L	1	14	3512667846	3512691862	24016	444.37	133.46	445.09	137.23	1.07	98.81	0.50	44.55	2674.04	-4391.29	2389.17
Saccade R	1	15	3512667846	3512691862	24016	444.37	133.46	445.09	137.23	1.07	98.81	0.50	44.55	2674.04	-4391.29	2389.17
Saccade L	1	15	3512731839	3512807851	76012	453.37	135.57	1161.77	300.40	16.73	451.03	0.58	220.05	15817.96	-18489.70	9993.16
Saccade R	1	16	3512731839	3512807851	76012	453.37	135.57	1161.77	300.40	16.73	451.03	0.58	220.05	15817.96	-18489.70	9993.16
Fixation L	1	10	3512807851	3512939848	131997	1153.37	315.72	31	21	-1	13.28	13.28
Fixation R	1	11	3512807851	3512939848	131997	1153.37	315.72	31	21	-1	14.83	14.83
Saccade L	1	16	3512939848	3512959847	19999	1145.23	313.14	1173.13	404.27	1.75	172.40	0.60	87.36	7314.59	-5921.43	4442.36
Saccade R	1	17	3512939848	3512959847	19999	1145.23	313.14	1173.13	404.27	1.75	172.40	0.60	87.36	7314.59	-5921.43	4442.36
Fixation L	1	11	3512959847	3513099849	140002	1191.73	394.31	40	46	-1	13.67	13.67
Fixation R	1	12	3512959847	3513099849	140002	1191.73	394.31	40	46	-1	15.00	15.00
Saccade L	1	17	3513099849	3513175861	76012	1206.86	410.24	443.35	150.34	18.21	417.49	0.21	239.63	20096.16	-12708.62	8780.99
Saccade R	1	18	3513099849	3513175861	76012	1206.86	410.24	443.35	150.34	18.21	417.49	0.21	239.63	20096.16	-12708.62	8780.99
Fixation L	1	12	3513175861	3513339861	164000	451.95	149.42	26	10	-1	13.64	13.64
Fixation R	1	13	3513175861	3513339861	164000	451.95	149.42	26	10	-1	14.62	14.62
Saccade L	1	18	3513339861	3513367795	27934	441.74	155.79	446.89	73.77	1.61	112.45	0.43	57.72	5232.67	-4956.06	3808.62
Saccade R	1	19	3513339861	3513367795	27934	441.74	155.79	446.89	73.77	1.61	112.45	0.43	57.72	5232.67	-4956.06	3808.62
Fixation L	1	13	3513367795	3513431796	64001	455.66	73.62	20	3	-1	13.37	13.37
Fixation R	1	14	3513367795	3513431796	64001	455.66	73.62	20	3	-1	14.14	14.14
Saccade L	1	19	3513431796	3513455872	24076	465.60	72.96	535.97	79.52	1.44	128.47	0.50	59.92	5253.94	-4813.55	3767.22
Saccade R	1	20	3513431796	3513455872	24076	465.60	72.96	535.97	79.52	1.44	128.47	0.50	59.92	5253.94	-4813.55	3767.22
Fixation L	1	14	3513455872	3513575799	119927	549.70	78.78	20	4	-1	13.42	13.42
Fixation R	1	15	3513455872	3513575799	119927	549.70	78.78	20	4	-1	14.23	14.23
Saccade L	1	20	3513575799	3513611911	36112	554.65	75.25	484.58	147.13	2.08	149.94	0.33	57.66	6017.79	-5224.39	3613.79
Saccade R	1	21	3513575799	3513611911	36112	554.65	75.25	484.58	147.13	2.08	149.94	0.33	57.66	6017.79	-5224.39	3613.79
Fixation L	1	15	3513647884	3513831817	183933	473.72	101.58	59	35	-1	13.58	13.58
Fixation R	1	16	3513647884	3513831817	183933	473.72	101.58	59	35	-1	14.48	14.48
Saccade L	1	21	3513831817	3513851870	20053	467.23	93.28	427.42	96.96	0.63	56.58	0.60	31.25	2317.68	-2085.46	1421.76
Saccade R	1	22	3513831817	3513851870	20053	467.23	93.28	427.42	96.96	0.63	56.58	0.60	31.25	2317.68	-2085.46	1421.76
Fixation L	1	16	3513851870	3513967767	115897	432.58	97.38	50	9	-1	13.73	13.73
Fixation R	1	17	3513851870	3513967767	115897	432.58	97.38	50	9	-1	14.53	14.53
Saccade L	1	22	3513967767	3513987775	20008	427.82	101.21	447.48	121.43	0.66	53.79	0.40	33.02	2531.69	-1252.03	1318.73
Saccade R	1	23	3513967767	3513987775	20008	427.82	101.21	447.48	121.43	0.66	53.79	0.40	33.02	2531.69	-1252.03	1318.73
Fixation L	1	17	3513987775	3514091745	103970	457.91	146.41	18	35	-1	13.65	13.65
Fixation R	1	18	3513987775	3514091745	103970	457.91	146.41	18	35	-1	14.65	14.65
Saccade L	1	23	3514091745	3514163755	72010	461.78	156.19	1153.51	532.25	17.66	507.76	0.44	245.30	18939.81	-16451.46	11385.68
Saccade R	1	24	3514091745	3514163755	72010	461.78	156.19	1153.51	532.25	17.66	507.76	0.44	245.30	18939.81	-16451.46	11385.68
Fixation L	1	18	3514163755	3514375762	212007	1163.36	529.39	15	29	-1	13.43	13.43
Fixation R	1	19	3514163755	3514375762	212007	1163.36	529.39	15	29	-1	14.83	14.83
Saccade L	1	24	3514375762	3514403761	27999	1162.66	517.14	1193.57	489.82	0.86	50.88	0.43	30.60	2342.08	-1568.71	1462.91
Saccade R	1	25	3514375762	3514403761	27999	1162.66	517.14	1193.57	489.82	0.86	50.88	0.43	30.60	2342.08	-1568.71	1462.91
Fixation L	1	19	3514403761	3514691793	288032	1189.93	485.78	43	32	-1	13.55	13.55
Fixation R	1	20	3514403761	3514691793	288032	1189.93	485.78	43	32	-1	14.68	14.68
Saccade L	1	25	3514691793	3514711761	19968	1163.32	506.78	1161.25	565.26	1.22	117.31	0.60	61.08	5437.21	-4120.66	3184.37
Saccade R	1	26	3514691793	3514711761	19968	1163.32	506.78	1161.25	565.26	1.22	117.31	0.60	61.08	5437.21	-4120.66	3184.37
Fixation L	1	20	3514723791	3514867779	143988	1164.25	572.73	12	38	-1	13.26	13.26
Fixation R	1	21	3514723791	3514867779	143988	1164.25	572.73	12	38	-1	14.78	14.78
Saccade L	1	26	3514907788	3514935800	28012	1163.55	585.39	1160.99	682.54	2.01	188.90	0.57	71.93	6039.05	-7568.23	4344.80
Saccade R	1	27	3514907788	3514935800	28012	1163.55	585.39	1160.99	682.54	2.01	188.90	0.57	71.93	6039.05	-7568.23	4344.80
Saccade L	1	27	3514943775	3514967807	24032	1158.57	682.22	1152.16	543.67	2.82	262.61	0.50	117.27	10949.66	-10262.13	7816.69
Saccade R	1	28	3514943775	3514967807	24032	1158.57	682.22	1152.16	543.67	2.82	262.61	0.50	117.27	10949.66	-10262.13	7816.69
Saccade L	1	28	3514975776	3515011766	35990	1150.09	541.60	1157.11	480.51	1.77	112.56	0.56	49.22	4196.45	-4770.72	2914.04
Saccade R	1	29	3514975776	3515011766	35990	1150.09	541.60	1157.11	480.51	1.77	112.56	0.56	49.22	4196.45	-4770.72	2914.04
Fixation L	1	21	3515011766	3515247769	236003	1153.69	490.76	14	21	-1	13.39	13.39
Fixation R	1	22	3515011766	3515247769	236003	1153.69	490.76	14	21	-1	14.85	14.85
Saccade L	1	29	3515247769	3515271775	24006	1150.33	492.54	1209.87	489.62	1.17	81.67	0.50	48.81	3770.82	-3632.59	2742.00
Saccade R	1	30	3515247769	3515271775	24006	1150.33	492.54	1209.87	489.62	1.17	81.67	0.50	48.81	3770.82	-3632.59	2742.00
Fixation L	1	22	3515271775	3515375648	103873	1217.15	491.06	13	9	-1	13.31	13.31
Fixation R	1	23	3515271775	3515375648	103873	1217.15	491.06	13	9	-1	14.56	14.56
Saccade L	1	30	3515375648	3515407663	32015	1214.40	490.83	1085.45	486.89	2.68	171.96	0.50	83.64	7978.83	-8219.01	5793.08
Saccade R	1	31	3515375648	3515407663	32015	1214.40	490.83	1085.45	486.89	2.68	171.96	0.50	83.64	7978.83	-8219.01	5793.08
Fixation L	1	23	3515407663	3515531652	123989	1085.53	486.81	5	5	-1	13.22	13.22
Fixation R	1	24	3515407663	3515531652	123989	1085.53	486.81	5	5	-1	14.66	14.66
Saccade L	1	31	3515531652	3515603683	72031	1084.99	489.07	441.99	251.29	15.31	373.73	0.28	212.61	17775.71	-11870.19	7719.96
Saccade R	1	32	3515531652	3515603683	72031	1084.99	489.07	441.99	251.29	15.31	373.73	0.28	212.61	17775.71	-11870.19	7719.96
Fixation L	1	24	3515603683	3515935665	331982	421.48	206.18	33	59	-1	13.54	13.54
Fixation R	1	25	3515603683	3515935665	331982	421.48	206.18	33	59	-1	14.37	14.37
Saccade L	1	32	3515935665	3515995695	60030	415.80	208.98	1065.65	401.28	15.01	452.30	0.33	250.02	21462.99	-17215.93	12355.28
Saccade R	1	33	3515935665	3515995695	60030	415.80	208.98	1065.65	401.28	15.01	452.30	0.33	250.02	21462.99	-17215.93	12355.28
Fixation L	1	25	3515995695	3516087632	91937	1079.20	423.44	22	45	-1	13.66	13.66
Fixation R	1	26	3515995695	3516087632	91937	1079.20	423.44	22	45	-1	15.02	15.02
Saccade L	1	33	3516087632	3516163665	76033	1088.13	449.20	467.72	192.77	15.09	383.41	0.21	198.43	18186.40	-11592.54	7498.16
Saccade R	1	34	3516087632	3516163665	76033	1088.13	449.20	467.72	192.77	15.09	383.41	0.21	198.43	18186.40	-11592.54	7498.16
Fixation L	1	26	3516163665	3516387691	224026	474.66	198.09	23	28	-1	13.97	13.97
Fixation R	1	27	3516163665	3516387691	224026	474.66	198.09	23	28	-1	14.66	14.66
Saccade L	1	34	3516387691	3516455592	67901	465.20	181.71	1167.31	493.02	18.48	768.98	0.47	272.15	29339.40	-26077.33	15114.43
Saccade R	1	35	3516387691	3516455592	67901	465.20	181.71	1167.31	493.02	18.48	768.98	0.47	272.15	29339.40	-26077.33	15114.43
Fixation L	1	27	3516455592	3516743555	287963	1198.72	517.31	54	38	-1	13.87	13.87
Fixation R	1	28	3516455592	3516743555	287963	1198.72	517.31	54	38	-1	15.06	15.06
Saccade L	1	35	3516743555	3516771584	28029	1192.98	516.69	1057.96	515.59	2.69	206.68	0.57	95.84	9295.14	-8769.44	6822.49
Saccade R	1	36	3516743555	3516771584	28029	1192.98	516.69	1057.96	515.59	2.69	206.68	0.57	95.84	9295.14	-8769.44	6822.49
Fixation L	1	28	3516771584	3517103565	331981	1065.09	503.70	13	27	-1	13.46	13.46
Fixation R	1	29	3516771584	3517103565	331981	1065.09	503.70	13	27	-1	14.71	14.71
Saccade L	1	36	3517103565	3517131581	28016	1059.22	489.92	990.87	487.62	1.46	100.06	0.43	51.96	4711.51	-4287.21	3343.68
Saccade R	1	37	3517103565	3517131581	28016	1059.22	489.92	990.87	487.62	1.46	100.06	0.43	51.96	4711.51	-4287.21	3343.68
Fixation L	1	29	3517131581	3517219575	87994	987.07	480.36	11	14	-1	13.21	13.21
Fixation R	1	30	3517131581	3517219575	87994	987.07	480.36	11	14	-1	14.32	14.32
Saccade L	1	37	3517219575	3517251586	32011	998.08	478.88	0.00	0.00	26.10	2484.03	0.62	815.42	97673.29	-106822.22	63141.09
Saccade R	1	38	3517219575	3517251586	32011	998.08	478.88	0.00	0.00	26.10	2484.03	0.62	815.42	97673.29	-106822.22	63141.09
Fixation L	1	30	3517371601	3517543584	171983	995.95	533.94	24	28	-1	13.13	13.13
Fixation R	1	31	3517371601	3517543584	171983	995.95	533.94	24	28	-1	14.00	14.00
Saccade L	1	38	3517543584	3517579578	35994	998.34	555.14	972.13	437.75	2.73	188.59	0.45	75.71	8459.83	-8137.35	5429.29
Saccade R	1	39	3517543584	3517579578	35994	998.34	555.14	972.13	437.75	2.73	188.59	0.45	75.71	8459.83	-8137.35	5429.29
Fixation L	1	31	3517579578	3517799613	220035	963.36	428.05	22	34	-1	13.21	13.21
Fixation R	1	32	3517579578	3517799613	220035	963.36	428.05	22	34	-1	14.21	14.21
Saccade L	1	39	3517799613	3517863583	63970	957.42	412.85	417.37	248.65	12.42	373.72	0.25	194.09	18428.38	-12558.98	9379.90
Saccade R	1	40	3517799613	3517863583	63970	957.42	412.85	417.37	248.65	12.42	373.72	0.25	194.09	18428.38	-12558.98	9379.90
Fixation L	1	32	3517863583	3518055493	191910	397.28	235.79	29	29	-1	13.47	13.47
Fixation R	1	33	3517863583	3518055493	191910	397.28	235.79	29	29	-1	13.86	13.86
