[BeGaze]
Converted from:	D:\Kirillov\Results\ermolova_temp_reversed\Sofia-eye_data.idf
Date:	17.04.2019 03:56:29
Version:	BeGaze 3.0.181
Sample Rate:	250
Subject:	Sofia
Description:	Run5

Table Header for Fixations:
Event Type	Trial	Number	Start	End	Duration	Location X	Location Y	Dispersion X	Dispersion Y	Plane	Avg. Pupil Size X	Avg. Pupil Size Y

Table Header for Saccades:
Event Type	Trial	Number	Start	End	Duration	Start Loc.X	Start Loc.Y	End Loc.X	End Loc.Y	Amplitude	Peak Speed	Peak Speed At	Average Speed	Peak Accel.	Peak Decel.	Average Accel.

Table Header for User Events:
Event Type	Trial	Number	Start	Description

UserEvent	1	1	3351546744	# Message: rc-experiment-02.jpg
Fixation L	1	1	3351550719	3351830816	280097	589.02	338.77	21	29	-1	14.14	14.14
Fixation R	1	1	3351550719	3351830816	280097	589.02	338.77	21	29	-1	15.05	15.05
Saccade L	1	1	3351830816	3351870629	39813	597.25	346.91	433.29	372.41	3.40	170.37	0.40	85.48	8015.12	-6603.44	5272.15
Saccade R	1	1	3351830816	3351870629	39813	597.25	346.91	433.29	372.41	3.40	170.37	0.40	85.48	8015.12	-6603.44	5272.15
Fixation L	1	2	3351870629	3351994614	123985	433.04	379.98	16	14	-1	14.17	14.17
Fixation R	1	2	3351870629	3351994614	123985	433.04	379.98	16	14	-1	14.84	14.84
Saccade L	1	2	3351994614	3352054623	60009	436.05	374.25	1110.29	449.92	14.63	388.49	0.60	243.87	18909.23	-17220.40	10095.83
Saccade R	1	2	3351994614	3352054623	60009	436.05	374.25	1110.29	449.92	14.63	388.49	0.60	243.87	18909.23	-17220.40	10095.83
Fixation L	1	3	3352054623	3352190624	136001	1110.88	469.62	13	38	-1	13.20	13.20
Fixation R	1	3	3352054623	3352190624	136001	1110.88	469.62	13	38	-1	14.23	14.23
Saccade L	1	3	3352190624	3352218614	27990	1109.75	485.12	1042.16	483.10	1.36	100.37	0.57	48.63	4231.34	-4121.61	3111.06
Saccade R	1	3	3352190624	3352218614	27990	1109.75	485.12	1042.16	483.10	1.36	100.37	0.57	48.63	4231.34	-4121.61	3111.06
Fixation L	1	4	3352218614	3352362610	143996	1040.18	472.79	12	15	-1	13.12	13.12
Fixation R	1	4	3352218614	3352362610	143996	1040.18	472.79	12	15	-1	14.11	14.11
Saccade L	1	4	3352362610	3352402620	40010	1036.16	467.55	0.00	0.00	26.54	2051.23	0.50	663.38	76780.30	-87077.32	51849.46
Saccade R	1	4	3352362610	3352402620	40010	1036.16	467.55	0.00	0.00	26.54	2051.23	0.50	663.38	76780.30	-87077.32	51849.46
Fixation L	1	5	3352402620	3352476161	73541	0.00	0.00	0	0	-1	2.08	2.08
Fixation R	1	5	3352402620	3352476161	73541	0.00	0.00	0	0	-1	13.31	13.31
Saccade L	1	5	3352476161	3352526625	50464	0.00	0.00	378.69	596.82	22.37	1669.82	0.21	443.27	71433.61	-61342.31	29346.30
Saccade R	1	5	3352476161	3352526625	50464	0.00	0.00	378.69	596.82	22.37	1669.82	0.21	443.27	71433.61	-61342.31	29346.30
Fixation L	1	6	3352542625	3352798658	256033	412.77	582.98	45	29	-1	13.50	13.50
Fixation R	1	6	3352542625	3352798658	256033	412.77	582.98	45	29	-1	13.91	13.91
Saccade L	1	6	3352798658	3352826660	28002	402.44	582.89	390.66	540.53	0.98	66.14	0.57	34.85	2753.22	-2526.65	1964.76
Saccade R	1	6	3352798658	3352826660	28002	402.44	582.89	390.66	540.53	0.98	66.14	0.57	34.85	2753.22	-2526.65	1964.76
Fixation L	1	7	3352826660	3353034634	207974	384.09	539.11	16	27	-1	13.88	13.88
Fixation R	1	7	3352826660	3353034634	207974	384.09	539.11	16	27	-1	14.49	14.49
Saccade L	1	7	3353034634	3353066642	32008	382.20	542.12	394.45	470.59	1.40	68.32	0.38	43.87	3157.03	-2678.07	2265.79
Saccade R	1	7	3353034634	3353066642	32008	382.20	542.12	394.45	470.59	1.40	68.32	0.38	43.87	3157.03	-2678.07	2265.79
Fixation L	1	8	3353066642	3353930546	863904	414.51	451.90	43	78	-1	13.62	13.62
Fixation R	1	8	3353066642	3353930546	863904	414.51	451.90	43	78	-1	14.38	14.38
Saccade L	1	8	3353930546	3354006532	75986	435.68	437.79	1022.70	498.00	13.32	334.48	0.63	175.34	9931.48	-14252.28	7198.94
Saccade R	1	8	3353930546	3354006532	75986	435.68	437.79	1022.70	498.00	13.32	334.48	0.63	175.34	9931.48	-14252.28	7198.94
Fixation L	1	9	3354006532	3354178529	171997	1032.12	512.18	17	26	-1	13.36	13.36
Fixation R	1	9	3354006532	3354178529	171997	1032.12	512.18	17	26	-1	14.41	14.41
Saccade L	1	9	3354178529	3354214565	36036	1027.39	519.62	1046.32	469.67	1.10	47.59	0.44	30.47	2043.18	-1526.03	1336.55
Saccade R	1	9	3354178529	3354214565	36036	1027.39	519.62	1046.32	469.67	1.10	47.59	0.44	30.47	2043.18	-1526.03	1336.55
Fixation L	1	10	3354214565	3354310561	95996	1044.48	470.05	12	22	-1	13.19	13.19
Fixation R	1	10	3354214565	3354310561	95996	1044.48	470.05	12	22	-1	14.50	14.50
Saccade R	1	10	3354310561	3354350532	39971	1037.64	486.98	0.00	0.00	35.72	2510.05	0.70	893.70	108543.39	-121430.49	68283.34
Fixation R	1	11	3354350532	3354410642	60110	0.00	0.00	0	0	-1	12.52	12.52
Fixation L	1	11	3354474473	3354614538	140065	349.34	565.22	12	7	-1	13.29	13.29
Fixation R	1	12	3354474473	3354614538	140065	349.34	565.22	12	7	-1	14.04	14.04
Saccade L	1	10	3354614538	3354642542	28004	344.10	569.69	401.52	586.42	1.26	89.74	0.57	44.85	3860.98	-3822.17	2801.96
Saccade R	1	11	3354614538	3354642542	28004	344.10	569.69	401.52	586.42	1.26	89.74	0.57	44.85	3860.98	-3822.17	2801.96
Fixation L	1	12	3354642542	3355050424	407882	400.15	605.38	18	38	-1	14.00	14.00
Fixation R	1	13	3354642542	3355050424	407882	400.15	605.38	18	38	-1	14.70	14.70
Saccade L	1	11	3355050424	3355086425	36001	406.66	613.72	357.12	562.32	1.50	65.15	0.33	41.73	2970.17	-2127.74	1882.76
Saccade R	1	12	3355050424	3355086425	36001	406.66	613.72	357.12	562.32	1.50	65.15	0.33	41.73	2970.17	-2127.74	1882.76
Fixation L	1	13	3355086425	3355286424	199999	345.60	547.83	19	39	-1	14.14	14.14
Fixation R	1	14	3355086425	3355286424	199999	345.60	547.83	19	39	-1	14.86	14.86
Saccade L	1	12	3355286424	3355346431	60007	345.29	546.07	1049.08	585.96	15.28	411.83	0.47	254.59	17205.64	-15944.11	10835.51
Saccade R	1	13	3355286424	3355346431	60007	345.29	546.07	1049.08	585.96	15.28	411.83	0.47	254.59	17205.64	-15944.11	10835.51
Fixation L	1	14	3355346431	3355758443	412012	1042.46	581.25	23	31	-1	13.89	13.89
Fixation R	1	15	3355346431	3355758443	412012	1042.46	581.25	23	31	-1	15.01	15.01
Saccade L	1	13	3355758443	3355826435	67992	1044.18	581.40	346.13	562.12	15.32	385.40	0.35	225.25	17831.47	-15773.23	9517.68
Saccade R	1	14	3355758443	3355826435	67992	1044.18	581.40	346.13	562.12	15.32	385.40	0.35	225.25	17831.47	-15773.23	9517.68
Fixation L	1	15	3355826435	3356322344	495909	338.28	540.72	21	37	-1	13.78	13.78
Fixation R	1	16	3355826435	3356322344	495909	338.28	540.72	21	37	-1	14.44	14.44
Saccade L	1	14	3356322344	3356346356	24012	331.11	552.45	339.66	612.65	1.21	102.53	0.50	50.52	4137.55	-4444.82	3196.20
Saccade R	1	15	3356322344	3356346356	24012	331.11	552.45	339.66	612.65	1.21	102.53	0.50	50.52	4137.55	-4444.82	3196.20
Fixation L	1	16	3356346356	3356554370	208014	340.20	621.81	12	24	-1	13.98	13.98
Fixation R	1	17	3356346356	3356554370	208014	340.20	621.81	12	24	-1	14.62	14.62
Saccade L	1	15	3356554370	3356586352	31982	348.08	639.12	367.69	713.35	1.60	102.73	0.37	50.06	4334.99	-4058.36	2958.43
Saccade R	1	16	3356554370	3356586352	31982	348.08	639.12	367.69	713.35	1.60	102.73	0.37	50.06	4334.99	-4058.36	2958.43
Fixation L	1	17	3356586352	3357158339	571987	366.52	712.97	25	27	-1	14.11	14.11
Fixation R	1	18	3356586352	3357158339	571987	366.52	712.97	25	27	-1	14.77	14.77
Saccade L	1	16	3357158339	3357202370	44031	365.10	712.23	447.93	675.32	2.45	140.02	0.36	55.67	6254.96	-4351.07	3237.77
Saccade R	1	17	3357158339	3357202370	44031	365.10	712.23	447.93	675.32	2.45	140.02	0.36	55.67	6254.96	-4351.07	3237.77
Fixation L	1	18	3357202370	3357298343	95973	448.79	656.96	6	25	-1	13.94	13.94
Fixation R	1	19	3357202370	3357298343	95973	448.79	656.96	6	25	-1	14.54	14.54
Saccade L	1	17	3357298343	3357330367	32024	451.34	649.64	402.68	541.90	2.38	184.86	0.50	74.37	8006.34	-7937.63	5713.02
Saccade R	1	18	3357298343	3357330367	32024	451.34	649.64	402.68	541.90	2.38	184.86	0.50	74.37	8006.34	-7937.63	5713.02
Saccade L	1	18	3357378362	3357402287	23925	393.66	539.77	402.40	564.84	0.62	43.25	0.50	25.82	1582.40	-1620.17	1162.49
Saccade R	1	19	3357378362	3357402287	23925	393.66	539.77	402.40	564.84	0.62	43.25	0.50	25.82	1582.40	-1620.17	1162.49
Fixation L	1	19	3357402287	3357474362	72075	409.70	564.38	11	7	-1	13.69	13.69
Fixation R	1	20	3357402287	3357474362	72075	409.70	564.38	11	7	-1	14.35	14.35
Saccade L	1	19	3357474362	3357506364	32002	411.78	561.54	316.22	554.83	1.99	130.19	0.50	62.25	6240.29	-6072.72	4440.85
Saccade R	1	20	3357474362	3357506364	32002	411.78	561.54	316.22	554.83	1.99	130.19	0.50	62.25	6240.29	-6072.72	4440.85
Fixation L	1	20	3357506364	3357746236	239872	302.70	551.06	25	25	-1	13.87	13.87
Fixation R	1	21	3357506364	3357746236	239872	302.70	551.06	25	25	-1	14.30	14.30
Saccade L	1	20	3357746236	3357778265	32029	291.39	550.62	359.82	436.39	2.76	178.34	0.62	86.14	8641.91	-8061.09	6090.78
Saccade R	1	21	3357746236	3357778265	32029	291.39	550.62	359.82	436.39	2.76	178.34	0.62	86.14	8641.91	-8061.09	6090.78
Fixation L	1	21	3357778265	3357930239	151974	371.30	441.26	17	12	-1	13.91	13.91
Fixation R	1	22	3357778265	3357930239	151974	371.30	441.26	17	12	-1	14.52	14.52
Saccade L	1	21	3357930239	3358002245	72006	375.82	448.44	1045.87	658.88	16.05	400.02	0.44	222.87	19248.05	-16385.25	9763.52
Saccade R	1	22	3357930239	3358002245	72006	375.82	448.44	1045.87	658.88	16.05	400.02	0.44	222.87	19248.05	-16385.25	9763.52
Fixation L	1	22	3358002245	3358434264	432019	1059.40	637.74	24	53	-1	13.90	13.90
Fixation R	1	23	3358002245	3358434264	432019	1059.40	637.74	24	53	-1	14.89	14.89
Saccade L	1	22	3358434264	3358462245	27981	1063.24	628.56	1092.87	582.35	1.11	64.78	0.43	39.49	3005.12	-2458.98	2040.22
Saccade R	1	23	3358434264	3358462245	27981	1063.24	628.56	1092.87	582.35	1.11	64.78	0.43	39.49	3005.12	-2458.98	2040.22
Fixation L	1	23	3358462245	3358550279	88034	1106.15	580.02	16	7	-1	13.35	13.35
Fixation R	1	24	3358462245	3358550279	88034	1106.15	580.02	16	7	-1	14.49	14.49
Saccade L	1	23	3358550279	3358590248	39969	1105.45	583.69	1041.95	548.29	1.56	83.87	0.30	38.92	3756.87	-2899.44	2086.83
Saccade R	1	24	3358550279	3358590248	39969	1105.45	583.69	1041.95	548.29	1.56	83.87	0.30	38.92	3756.87	-2899.44	2086.83
Saccade L	1	24	3358630246	3358650256	20010	1039.40	546.71	1050.50	498.27	1.06	93.39	0.60	52.78	4455.70	-3807.18	2840.83
Saccade R	1	25	3358630246	3358650256	20010	1039.40	546.71	1050.50	498.27	1.06	93.39	0.60	52.78	4455.70	-3807.18	2840.83
Fixation L	1	24	3358650256	3358774271	124015	1057.54	492.31	9	10	-1	13.35	13.35
Fixation R	1	25	3358650256	3358774271	124015	1057.54	492.31	9	10	-1	14.28	14.28
Saccade L	1	25	3358774271	3358806253	31982	1058.68	490.52	1122.27	479.93	1.29	74.70	0.50	40.49	3212.91	-3394.52	2449.85
Saccade R	1	26	3358774271	3358806253	31982	1058.68	490.52	1122.27	479.93	1.29	74.70	0.50	40.49	3212.91	-3394.52	2449.85
Fixation L	1	25	3358806253	3358906150	99897	1127.41	467.80	19	30	-1	13.25	13.25
Fixation R	1	26	3358806253	3358906150	99897	1127.41	467.80	19	30	-1	14.43	14.43
Saccade R	1	27	3358906150	3358942163	36013	1136.19	457.09	0.00	0.00	31.91	2916.88	0.67	886.07	112452.46	-125675.85	67631.53
Fixation R	1	27	3358942163	3359008471	66308	0.00	0.00	0	0	-1	12.45	12.45
Fixation L	1	26	3359078167	3359282175	204008	348.05	534.71	20	25	-1	13.51	13.51
Fixation R	1	28	3359078167	3359282175	204008	348.05	534.71	20	25	-1	14.03	14.03
Saccade L	1	26	3359282175	3359354137	71962	338.70	533.80	1151.13	552.71	17.96	387.15	0.61	249.52	17750.71	-15943.33	9016.63
Saccade R	1	28	3359282175	3359354137	71962	338.70	533.80	1151.13	552.71	17.96	387.15	0.61	249.52	17750.71	-15943.33	9016.63
Fixation L	1	27	3359354137	3359486148	132011	1146.91	546.71	10	13	-1	13.64	13.64
Fixation R	1	29	3359354137	3359486148	132011	1146.91	546.71	10	13	-1	14.74	14.74
Saccade L	1	27	3359486148	3359526181	40033	1146.62	555.89	1104.35	479.28	2.01	137.24	0.30	50.11	5420.09	-4847.71	3168.25
Saccade R	1	29	3359486148	3359526181	40033	1146.62	555.89	1104.35	479.28	2.01	137.24	0.30	50.11	5420.09	-4847.71	3168.25
Fixation L	1	28	3359526181	3359642154	115973	1108.39	483.78	8	10	-1	13.67	13.67
Fixation R	1	30	3359526181	3359642154	115973	1108.39	483.78	8	10	-1	14.71	14.71
Saccade L	1	28	3359642154	3359666149	23995	1111.41	483.68	1077.43	478.89	0.86	70.51	0.50	35.77	3013.62	-2695.87	2046.66
Saccade R	1	30	3359642154	3359666149	23995	1111.41	483.68	1077.43	478.89	0.86	70.51	0.50	35.77	3013.62	-2695.87	2046.66
Fixation L	1	29	3359666149	3360198163	532014	1058.43	494.10	34	63	-1	13.69	13.69
Fixation R	1	31	3359666149	3360198163	532014	1058.43	494.10	34	63	-1	14.62	14.62
Saccade L	1	29	3360198163	3360274177	76014	1056.96	491.81	521.50	554.02	12.12	297.64	0.26	159.39	13839.40	-9752.46	5771.61
Saccade R	1	31	3360198163	3360274177	76014	1056.96	491.81	521.50	554.02	12.12	297.64	0.26	159.39	13839.40	-9752.46	5771.61
Fixation L	1	30	3360274177	3360422049	147872	514.69	550.06	11	34	-1	13.80	13.80
Fixation R	1	32	3360274177	3360422049	147872	514.69	550.06	11	34	-1	14.50	14.50
Saccade L	1	30	3360422049	3360454042	31993	517.86	529.33	450.49	545.80	1.58	104.83	0.50	49.49	4306.59	-4293.09	3130.84
Saccade R	1	32	3360422049	3360454042	31993	517.86	529.33	450.49	545.80	1.58	104.83	0.50	49.49	4306.59	-4293.09	3130.84
Fixation L	1	31	3360454042	3360806065	352023	441.13	552.54	25	25	-1	14.04	14.04
Fixation R	1	33	3360454042	3360806065	352023	441.13	552.54	25	25	-1	14.65	14.65
Saccade L	1	31	3360806065	3360826048	19983	437.19	564.92	460.74	561.95	0.55	50.14	0.60	27.46	2166.83	-1576.63	1269.00
Saccade R	1	33	3360806065	3360826048	19983	437.19	564.92	460.74	561.95	0.55	50.14	0.60	27.46	2166.83	-1576.63	1269.00
Fixation L	1	32	3360826048	3361110062	284014	476.64	548.23	24	20	-1	14.34	14.34
Fixation R	1	34	3360826048	3361110062	284014	476.64	548.23	24	20	-1	14.82	14.82
Saccade L	1	32	3361110062	3361138066	28004	476.05	544.74	439.84	556.44	0.78	48.29	0.29	28.03	2081.39	-1483.16	1158.23
Saccade R	1	34	3361110062	3361138066	28004	476.05	544.74	439.84	556.44	0.78	48.29	0.29	28.03	2081.39	-1483.16	1158.23
Fixation L	1	33	3361138066	3361605970	467904	441.13	582.83	19	45	-1	14.18	14.18
Fixation R	1	35	3361138066	3361605970	467904	441.13	582.83	19	45	-1	14.69	14.69
Saccade L	1	33	3361605970	3361682065	76095	446.57	597.34	1019.25	470.87	13.07	316.13	0.47	171.72	11176.34	-8275.67	6613.39
Saccade R	1	35	3361605970	3361682065	76095	446.57	597.34	1019.25	470.87	13.07	316.13	0.47	171.72	11176.34	-8275.67	6613.39
Fixation L	1	34	3361682065	3361885956	203891	1022.76	465.73	18	15	-1	13.66	13.66
Fixation R	1	36	3361682065	3361885956	203891	1022.76	465.73	18	15	-1	14.77	14.77
Saccade L	1	34	3361885956	3361913961	28005	1024.57	470.03	1138.06	466.91	2.32	178.77	0.43	82.92	8152.46	-8224.36	6049.62
Saccade R	1	36	3361885956	3361913961	28005	1024.57	470.03	1138.06	466.91	2.32	178.77	0.43	82.92	8152.46	-8224.36	6049.62
Fixation L	1	35	3361913961	3362017982	104021	1141.45	463.18	14	13	-1	13.64	13.64
Fixation R	1	37	3361913961	3362017982	104021	1141.45	463.18	14	13	-1	14.70	14.70
Saccade R	1	37	3362017982	3362049976	31994	1135.52	459.10	0.00	0.00	27.35	2597.59	0.63	855.00	103619.53	-110926.50	67874.54
Fixation R	1	38	3362049976	3362127204	77228	0.00	0.00	0	0	-1	11.03	11.03
Saccade L	1	35	3362225957	3362261949	35992	1015.23	435.61	1146.18	451.63	2.97	214.13	0.44	82.43	9214.67	-9104.43	6203.40
Saccade R	1	38	3362225957	3362261949	35992	1015.23	435.61	1146.18	451.63	2.97	214.13	0.44	82.43	9214.67	-9104.43	6203.40
Fixation L	1	36	3362261949	3362349967	88018	1151.87	446.18	17	11	-1	13.12	13.12
Fixation R	1	39	3362261949	3362349967	88018	1151.87	446.18	17	11	-1	14.12	14.12
Saccade L	1	36	3362349967	3362417954	67987	1145.08	448.70	361.04	479.22	17.15	458.93	0.29	252.24	21247.52	-14852.45	10147.28
Saccade R	1	39	3362349967	3362417954	67987	1145.08	448.70	361.04	479.22	17.15	458.93	0.29	252.24	21247.52	-14852.45	10147.28
Fixation L	1	37	3362417954	3362601956	184002	356.74	493.23	16	25	-1	13.82	13.82
Fixation R	1	40	3362417954	3362601956	184002	356.74	493.23	16	25	-1	14.14	14.14
Saccade L	1	37	3362601956	3362637900	35944	354.10	505.01	355.34	400.12	2.16	134.94	0.33	60.07	6609.91	-5806.70	4154.13
Saccade R	1	40	3362601956	3362637900	35944	354.10	505.01	355.34	400.12	2.16	134.94	0.33	60.07	6609.91	-5806.70	4154.13
Fixation L	1	38	3362637900	3362857982	220082	357.89	415.05	27	57	-1	13.66	13.66
Fixation R	1	41	3362637900	3362857982	220082	357.89	415.05	27	57	-1	14.23	14.23
Saccade L	1	38	3362857982	3362881969	23987	368.17	454.55	443.65	433.00	1.51	131.13	0.50	63.15	5677.84	-4881.40	3933.55
Saccade R	1	41	3362857982	3362881969	23987	368.17	454.55	443.65	433.00	1.51	131.13	0.50	63.15	5677.84	-4881.40	3933.55
Fixation L	1	39	3362881969	3363177860	295891	436.08	406.15	19	40	-1	13.80	13.80
Fixation R	1	42	3362881969	3363177860	295891	436.08	406.15	19	40	-1	14.48	14.48
Saccade L	1	39	3363177860	3363257849	79989	424.90	408.35	1254.92	487.81	18.74	441.96	0.25	234.25	19902.74	-14921.61	9607.91
Saccade R	1	42	3363177860	3363257849	79989	424.90	408.35	1254.92	487.81	18.74	441.96	0.25	234.25	19902.74	-14921.61	9607.91
Fixation L	1	40	3363257849	3363417862	160013	1243.53	493.32	20	14	-1	13.85	13.85
Fixation R	1	43	3363257849	3363417862	160013	1243.53	493.32	20	14	-1	14.92	14.92
Saccade L	1	40	3363417862	3363437861	19999	1233.86	498.05	1177.19	513.23	1.12	118.09	0.60	56.08	4890.07	-4361.20	3091.28
Saccade R	1	43	3363417862	3363437861	19999	1233.86	498.05	1177.19	513.23	1.12	118.09	0.60	56.08	4890.07	-4361.20	3091.28
Fixation L	1	41	3363437861	3364025872	588011	1141.72	515.15	99	42	-1	13.54	13.54
Fixation R	1	44	3363437861	3364025872	588011	1141.72	515.15	99	42	-1	14.63	14.63
Saccade L	1	41	3364025872	3364093882	68010	1106.05	511.54	399.66	480.66	15.64	395.37	0.29	229.99	18693.13	-16688.82	9533.66
Saccade R	1	44	3364025872	3364093882	68010	1106.05	511.54	399.66	480.66	15.64	395.37	0.29	229.99	18693.13	-16688.82	9533.66
Fixation L	1	42	3364093882	3364393876	299994	393.62	470.69	15	28	-1	13.76	13.76
Fixation R	1	45	3364093882	3364393876	299994	393.62	470.69	15	28	-1	14.27	14.27
Saccade L	1	42	3364393876	3364429884	36008	397.19	484.08	391.81	423.51	1.24	76.39	0.33	34.39	3146.36	-2723.02	1935.38
Saccade R	1	45	3364393876	3364429884	36008	397.19	484.08	391.81	423.51	1.24	76.39	0.33	34.39	3146.36	-2723.02	1935.38
Fixation L	1	43	3364429884	3364825774	395890	374.90	424.07	31	45	-1	14.01	14.01
Fixation R	1	46	3364429884	3364825774	395890	374.90	424.07	31	45	-1	14.65	14.65
Saccade L	1	43	3364825774	3364857787	32013	375.76	426.30	338.84	454.00	1.25	84.11	0.37	39.14	3873.87	-3627.58	2457.43
Saccade R	1	46	3364825774	3364857787	32013	375.76	426.30	338.84	454.00	1.25	84.11	0.37	39.14	3873.87	-3627.58	2457.43
Fixation L	1	44	3364857787	3364957793	100006	326.33	452.24	16	32	-1	14.05	14.05
Fixation R	1	47	3364857787	3364957793	100006	326.33	452.24	16	32	-1	14.74	14.74
Saccade L	1	44	3364957793	3365029790	71997	322.25	428.38	1172.27	440.98	18.71	432.90	0.44	259.93	17712.08	-17192.77	10344.79
Saccade R	1	47	3364957793	3365029790	71997	322.25	428.38	1172.27	440.98	18.71	432.90	0.44	259.93	17712.08	-17192.77	10344.79
Fixation L	1	45	3365029790	3365157804	128014	1165.02	442.26	19	10	-1	13.88	13.88
Fixation R	1	48	3365029790	3365157804	128014	1165.02	442.26	19	10	-1	14.91	14.91
Saccade L	1	45	3365157804	3365181775	23971	1161.71	442.11	1231.36	434.93	1.54	132.90	0.50	64.30	5737.40	-5495.63	3993.93
Saccade R	1	48	3365157804	3365181775	23971	1161.71	442.11	1231.36	434.93	1.54	132.90	0.50	64.30	5737.40	-5495.63	3993.93
Fixation L	1	46	3365181775	3365341810	160035	1228.91	436.07	8	40	-1	13.89	13.89
Fixation R	1	49	3365181775	3365341810	160035	1228.91	436.07	8	40	-1	15.12	15.12
Saccade L	1	46	3365341810	3365385770	43960	1223.70	458.73	979.32	445.56	5.24	257.26	0.36	119.11	11996.81	-9409.63	7410.35
Saccade R	1	49	3365341810	3365385770	43960	1223.70	458.73	979.32	445.56	5.24	257.26	0.36	119.11	11996.81	-9409.63	7410.35
Fixation L	1	47	3365385770	3365533711	147941	971.88	439.40	28	13	-1	14.05	14.05
Fixation R	1	50	3365385770	3365533711	147941	971.88	439.40	28	13	-1	14.78	14.78
Saccade L	1	47	3365533711	3365557796	24085	978.46	442.29	1049.19	448.88	1.43	128.58	0.50	59.22	5228.01	-5017.54	3808.11
Saccade R	1	50	3365533711	3365557796	24085	978.46	442.29	1049.19	448.88	1.43	128.58	0.50	59.22	5228.01	-5017.54	3808.11
Fixation L	1	48	3365557796	3365665777	107981	1042.68	449.97	13	7	-1	13.98	13.98
Fixation R	1	51	3365557796	3365665777	107981	1042.68	449.97	13	7	-1	14.59	14.59
Saccade L	1	48	3365665777	3365733811	68034	1038.90	449.21	335.68	411.55	15.71	431.56	0.29	230.93	20746.70	-14617.04	10192.74
Saccade R	1	51	3365665777	3365733811	68034	1038.90	449.21	335.68	411.55	15.71	431.56	0.29	230.93	20746.70	-14617.04	10192.74
Fixation L	1	49	3365733811	3366137694	403883	330.54	392.54	15	42	-1	14.04	14.04
Fixation R	1	52	3365733811	3366137694	403883	330.54	392.54	15	42	-1	14.51	14.51
