[BeGaze]
Converted from:	D:\Kirillov\Results\ermolova_temp_reversed\Boris-eye_data.idf
Date:	17.04.2019 03:56:28
Version:	BeGaze 3.0.181
Sample Rate:	250
Subject:	Boris
Description:	Run4

Table Header for Fixations:
Event Type	Trial	Number	Start	End	Duration	Location X	Location Y	Dispersion X	Dispersion Y	Plane	Avg. Pupil Size X	Avg. Pupil Size Y

Table Header for Saccades:
Event Type	Trial	Number	Start	End	Duration	Start Loc.X	Start Loc.Y	End Loc.X	End Loc.Y	Amplitude	Peak Speed	Peak Speed At	Average Speed	Peak Accel.	Peak Decel.	Average Accel.

Table Header for User Events:
Event Type	Trial	Number	Start	Description

UserEvent	1	1	2343280595	# Message: rc-experiment-21.jpg
Saccade L	1	1	2343313630	2343377609	63979	445.81	426.17	818.22	502.36	10.73	332.80	0.72	167.65	14728.97	-15013.68	10025.78
Saccade R	1	1	2343313630	2343377609	63979	445.81	426.17	818.22	502.36	10.73	332.80	0.72	167.65	14728.97	-15013.68	10025.78
Fixation L	1	1	2343377609	2343645621	268012	825.61	488.96	16	26	-1	13.66	13.66
Fixation R	1	1	2343377609	2343645621	268012	825.61	488.96	16	26	-1	13.95	13.95
Saccade L	1	2	2343645621	2343681628	36007	822.81	477.46	1014.82	494.92	4.05	247.30	0.44	112.37	11784.99	-11089.96	7959.34
Saccade R	1	2	2343645621	2343681628	36007	822.81	477.46	1014.82	494.92	4.05	247.30	0.44	112.37	11784.99	-11089.96	7959.34
Fixation L	1	2	2343681628	2343845629	164001	630.23	311.16	1265	582	-1	11.03	11.03
Fixation R	1	2	2343681628	2343761610	79982	1023.34	504.31	24	18	-1	14.03	14.03
Saccade L	1	3	2343845629	2343901628	55999	0.00	0.00	403.85	392.58	15.34	1065.00	0.29	273.86	48636.18	-42471.46	19859.21
Fixation L	1	3	2343901628	2344041614	139986	423.22	405.90	27	27	-1	12.75	12.75
Fixation R	1	3	2343901628	2344041614	139986	423.22	405.90	27	27	-1	12.81	12.81
Saccade L	1	4	2344041614	2344081635	40021	428.41	416.68	303.35	628.65	5.30	298.48	0.30	132.52	14358.25	-12910.59	9057.52
Saccade R	1	3	2344041614	2344081635	40021	428.41	416.68	303.35	628.65	5.30	298.48	0.30	132.52	14358.25	-12910.59	9057.52
Fixation L	1	4	2344081635	2344217619	135984	313.33	634.66	16	13	-1	12.95	12.95
Fixation R	1	4	2344081635	2344337617	255982	192.35	397.91	378	725	-1	9.57	9.57
Fixation L	1	5	2344425552	2344545648	120096	1058.16	553.25	27	25	-1	12.53	12.53
Fixation R	1	5	2344425552	2344545648	120096	1058.16	553.25	27	25	-1	12.99	12.99
Saccade L	1	5	2344545648	2344605513	59865	1070.44	546.45	402.77	413.16	14.83	501.33	0.33	247.70	24161.40	-14912.85	12400.68
Saccade R	1	4	2344545648	2344605513	59865	1070.44	546.45	402.77	413.16	14.83	501.33	0.33	247.70	24161.40	-14912.85	12400.68
Fixation L	1	6	2344605513	2344793514	188001	407.76	413.21	21	25	-1	13.09	13.09
Fixation R	1	6	2344605513	2344793514	188001	407.76	413.21	21	25	-1	13.05	13.05
Saccade L	1	6	2344793514	2344829532	36018	421.49	411.90	299.43	429.80	2.95	195.93	0.33	82.01	9081.45	-8446.72	5681.66
Saccade R	1	5	2344793514	2344829532	36018	421.49	411.90	299.43	429.80	2.95	195.93	0.33	82.01	9081.45	-8446.72	5681.66
Fixation L	1	7	2344829532	2345121534	292002	308.87	421.58	17	29	-1	12.90	12.90
Fixation R	1	7	2344829532	2345121534	292002	308.87	421.58	17	29	-1	12.96	12.96
Saccade L	1	7	2345121534	2345157521	35987	309.30	421.99	410.98	394.62	2.24	142.60	0.33	62.38	6233.44	-5416.06	3916.26
Saccade R	1	6	2345121534	2345157521	35987	309.30	421.99	410.98	394.62	2.24	142.60	0.33	62.38	6233.44	-5416.06	3916.26
Fixation L	1	8	2345157521	2345341550	184029	408.39	391.02	25	20	-1	13.15	13.15
Fixation R	1	8	2345157521	2345341550	184029	408.39	391.02	25	20	-1	13.33	13.33
Saccade L	1	8	2345341550	2345369564	28014	414.35	401.00	280.75	471.82	3.22	265.69	0.57	114.85	11870.68	-10884.39	8383.71
Saccade R	1	7	2345341550	2345369564	28014	414.35	401.00	280.75	471.82	3.22	265.69	0.57	114.85	11870.68	-10884.39	8383.71
Fixation L	1	9	2345369564	2345605541	235977	272.47	498.05	20	34	-1	13.15	13.15
Fixation R	1	9	2345369564	2345605541	235977	272.47	498.05	20	34	-1	13.35	13.35
Saccade L	1	9	2345605541	2345649552	44011	265.07	491.86	305.98	543.89	1.42	63.01	0.27	32.27	2886.87	-1941.00	1416.12
Saccade R	1	8	2345605541	2345649552	44011	265.07	491.86	305.98	543.89	1.42	63.01	0.27	32.27	2886.87	-1941.00	1416.12
Fixation L	1	10	2345649552	2345733532	83980	318.95	550.60	22	10	-1	13.32	13.32
Fixation R	1	10	2345649552	2345733532	83980	318.95	550.60	22	10	-1	13.79	13.79
Saccade L	1	10	2345733532	2345777531	43999	328.82	549.18	499.40	429.07	4.40	261.09	0.27	99.97	11419.32	-9192.34	6082.66
Saccade R	1	9	2345733532	2345777531	43999	328.82	549.18	499.40	429.07	4.40	261.09	0.27	99.97	11419.32	-9192.34	6082.66
Fixation L	1	11	2345777531	2346017405	239874	331.11	275.56	735	712	-1	11.08	11.08
Fixation R	1	11	2345777531	2345917538	140007	503.48	416.28	14	19	-1	14.02	14.02
Fixation L	1	12	2346089423	2346333418	243995	251.41	207.18	504	405	-1	9.82	9.82
Fixation R	1	12	2346089423	2346333418	243995	251.41	207.18	504	405	-1	9.94	9.94
Fixation L	1	13	2346393427	2346513425	119998	447.54	491.99	20	42	-1	13.81	13.81
Fixation R	1	13	2346393427	2346513425	119998	447.54	491.99	20	42	-1	14.30	14.30
Saccade L	1	11	2346513425	2346545435	32010	456.28	511.85	445.84	770.12	5.06	304.30	0.50	158.22	14514.21	-13004.03	10408.74
Saccade R	1	10	2346513425	2346545435	32010	456.28	511.85	445.84	770.12	5.06	304.30	0.50	158.22	14514.21	-13004.03	10408.74
Fixation L	1	14	2346545435	2346769456	224021	434.91	742.35	20	47	-1	14.17	14.17
Fixation R	1	14	2346545435	2346769456	224021	434.91	742.35	20	47	-1	14.65	14.65
Saccade L	1	12	2346769456	2346833441	63985	428.94	753.90	1064.39	635.08	14.27	407.18	0.31	223.04	18812.58	-13798.11	9820.85
Saccade R	1	11	2346769456	2346833441	63985	428.94	753.90	1064.39	635.08	14.27	407.18	0.31	223.04	18812.58	-13798.11	9820.85
Fixation L	1	15	2346833441	2347173464	340023	1053.29	632.26	46	17	-1	13.51	13.51
Fixation R	1	15	2346833441	2347173464	340023	1053.29	632.26	46	17	-1	13.97	13.97
Saccade L	1	13	2347173464	2347205439	31975	1042.08	640.45	1045.78	544.71	1.99	133.46	0.50	62.15	5841.71	-6133.30	4362.71
Saccade R	1	12	2347173464	2347205439	31975	1042.08	640.45	1045.78	544.71	1.99	133.46	0.50	62.15	5841.71	-6133.30	4362.71
Fixation L	1	16	2347205439	2347353451	148012	1038.29	546.24	15	8	-1	13.00	13.00
Fixation R	1	16	2347205439	2347353451	148012	1038.29	546.24	15	8	-1	13.40	13.40
Saccade L	1	14	2347353451	2347377320	23869	1034.08	549.96	1049.29	489.00	1.25	94.16	0.50	52.50	4131.63	-3666.59	2921.44
Saccade R	1	13	2347353451	2347377320	23869	1034.08	549.96	1049.29	489.00	1.25	94.16	0.50	52.50	4131.63	-3666.59	2921.44
Fixation L	1	17	2347377320	2347505346	128026	1053.21	482.05	12	18	-1	12.83	12.83
Fixation R	1	17	2347377320	2347505346	128026	1053.21	482.05	12	18	-1	13.22	13.22
Saccade L	1	15	2347505346	2347565346	60000	1053.96	474.74	415.83	622.51	14.24	483.59	0.33	237.28	22743.49	-14616.15	11620.26
Saccade R	1	14	2347505346	2347565346	60000	1053.96	474.74	415.83	622.51	14.24	483.59	0.33	237.28	22743.49	-14616.15	11620.26
Fixation L	1	18	2347565346	2347765325	199979	410.41	646.71	13	47	-1	12.89	12.89
Fixation R	1	18	2347565346	2347765325	199979	410.41	646.71	13	47	-1	12.95	12.95
Saccade L	1	16	2347765325	2347825332	60007	415.20	657.87	1016.77	660.41	13.03	419.22	0.33	217.19	19535.44	-14144.12	10965.82
Saccade R	1	15	2347765325	2347825332	60007	415.20	657.87	1016.77	660.41	13.03	419.22	0.33	217.19	19535.44	-14144.12	10965.82
Fixation L	1	19	2347825332	2348185327	359995	1030.19	666.15	41	20	-1	13.11	13.11
Fixation R	1	19	2347825332	2348185327	359995	1030.19	666.15	41	20	-1	13.46	13.46
Saccade L	1	17	2348185327	2348217356	32029	1044.14	674.85	1116.07	633.24	1.93	138.99	0.50	60.32	6553.16	-5919.71	4283.21
Saccade R	1	16	2348185327	2348217356	32029	1044.14	674.85	1116.07	633.24	1.93	138.99	0.50	60.32	6553.16	-5919.71	4283.21
Fixation L	1	20	2348217356	2348565360	348004	1150.43	636.91	54	23	-1	13.07	13.07
Fixation R	1	20	2348217356	2348565360	348004	1150.43	636.91	54	23	-1	13.29	13.29
Saccade L	1	18	2348565360	2348633346	67986	1172.08	634.88	358.11	431.08	18.51	488.16	0.41	272.32	22879.40	-14338.26	12078.47
Saccade R	1	17	2348565360	2348633346	67986	1172.08	634.88	358.11	431.08	18.51	488.16	0.41	272.32	22879.40	-14338.26	12078.47
Fixation L	1	21	2348633346	2348721357	88011	371.06	417.76	20	18	-1	13.08	13.08
Fixation R	1	21	2348633346	2348721357	88011	371.06	417.76	20	18	-1	13.01	13.01
Saccade L	1	19	2348721357	2348757349	35992	378.40	417.67	0.00	0.00	13.44	1125.98	0.67	373.50	42532.52	-48350.65	27897.15
Saccade L	1	20	2348797458	2348853225	55767	0.00	0.00	294.73	484.54	16.77	1170.58	0.21	300.76	51563.74	-42168.03	20192.33
Fixation L	1	22	2348853225	2349101248	248023	314.82	503.59	27	29	-1	13.23	13.23
Fixation R	1	22	2348853225	2349101248	248023	314.82	503.59	27	29	-1	13.09	13.09
Saccade L	1	21	2349101248	2349141241	39993	314.65	515.08	406.45	401.51	3.81	223.12	0.40	95.16	11018.96	-9509.39	6454.88
Saccade R	1	18	2349101248	2349141241	39993	314.65	515.08	406.45	401.51	3.81	223.12	0.40	95.16	11018.96	-9509.39	6454.88
Fixation L	1	23	2349141241	2349273255	132014	403.53	399.14	11	25	-1	13.88	13.88
Fixation R	1	23	2349141241	2349273255	132014	403.53	399.14	11	25	-1	14.05	14.05
Saccade L	1	22	2349273255	2349353241	79986	398.91	386.74	1184.90	662.60	19.25	441.83	0.25	240.66	21854.29	-13268.75	9065.79
Saccade R	1	19	2349273255	2349353241	79986	398.91	386.74	1184.90	662.60	19.25	441.83	0.25	240.66	21854.29	-13268.75	9065.79
Fixation L	1	24	2349353241	2349705239	351998	1220.90	668.74	54	24	-1	13.33	13.33
Fixation R	1	24	2349353241	2349705239	351998	1220.90	668.74	54	24	-1	13.91	13.91
Saccade L	1	23	2349705239	2349737273	32034	1237.64	672.76	1219.47	531.34	3.02	204.24	0.50	94.24	9432.30	-9072.59	6715.94
Saccade R	1	20	2349705239	2349737273	32034	1237.64	672.76	1219.47	531.34	3.02	204.24	0.50	94.24	9432.30	-9072.59	6715.94
Fixation L	1	25	2349737273	2349921273	184000	1221.91	535.72	16	22	-1	13.06	13.06
Fixation R	1	25	2349737273	2349921273	184000	1221.91	535.72	16	22	-1	13.33	13.33
Saccade L	1	24	2349921273	2349941251	19978	1210.12	551.42	1171.90	555.85	0.96	91.59	0.60	48.12	3581.06	-3786.87	2644.66
Saccade R	1	21	2349921273	2349941251	19978	1210.12	551.42	1171.90	555.85	0.96	91.59	0.60	48.12	3581.06	-3786.87	2644.66
Fixation L	1	26	2349941251	2350057266	116015	1150.90	556.02	29	13	-1	12.94	12.94
Fixation R	1	26	2349941251	2350057266	116015	1150.90	556.02	29	13	-1	13.42	13.42
Saccade L	1	25	2350057266	2350085252	27986	1147.42	567.17	1063.03	564.67	1.70	120.96	0.43	60.88	5494.28	-5645.14	4163.16
Saccade R	1	22	2350057266	2350085252	27986	1147.42	567.17	1063.03	564.67	1.70	120.96	0.43	60.88	5494.28	-5645.14	4163.16
Fixation L	1	27	2350085252	2350277123	191871	1059.45	566.63	19	11	-1	13.04	13.04
Fixation R	1	27	2350085252	2350277123	191871	1059.45	566.63	19	11	-1	13.44	13.44
Saccade L	1	26	2350277123	2350301138	24015	1048.32	559.65	1121.51	563.48	1.57	132.65	0.50	65.21	5660.76	-5552.60	4147.95
Saccade R	1	23	2350277123	2350301138	24015	1048.32	559.65	1121.51	563.48	1.57	132.65	0.50	65.21	5660.76	-5552.60	4147.95
Fixation L	1	28	2350301138	2350413170	112032	1123.76	563.33	8	20	-1	13.05	13.05
Fixation R	1	28	2350301138	2350413170	112032	1123.76	563.33	8	20	-1	13.52	13.52
Saccade L	1	27	2350413170	2350481162	67992	1125.83	561.78	355.96	492.22	17.10	480.01	0.35	251.47	22989.15	-14102.76	11338.04
Saccade R	1	24	2350413170	2350481162	67992	1125.83	561.78	355.96	492.22	17.10	480.01	0.35	251.47	22989.15	-14102.76	11338.04
Fixation L	1	29	2350481162	2350545137	63975	350.72	481.14	13	13	-1	13.40	13.40
Fixation R	1	29	2350481162	2350545137	63975	350.72	481.14	13	13	-1	13.58	13.58
Saccade L	1	28	2350545137	2350581137	36000	346.64	479.61	0.60	0.00	15.76	1220.08	0.67	437.72	48583.63	-51691.93	32106.47
Fixation L	1	30	2350581137	2350633143	52006	0.21	0.00	0	0	-1	6.69	6.69
Saccade L	1	29	2350725138	2350789138	64000	300.05	506.14	1057.21	665.98	16.91	477.93	0.38	264.27	22372.79	-13748.89	12421.55
Saccade R	1	25	2350725138	2350789138	64000	300.05	506.14	1057.21	665.98	16.91	477.93	0.38	264.27	22372.79	-13748.89	12421.55
Fixation L	1	31	2350789138	2351037150	248012	1070.49	663.46	30	21	-1	13.62	13.62
Fixation R	1	30	2350789138	2351037150	248012	1070.49	663.46	30	21	-1	14.30	14.30
Saccade L	1	30	2351037150	2351065177	28027	1077.41	676.00	968.24	672.61	2.42	190.85	0.43	86.29	8704.32	-8018.40	6132.55
Saccade R	1	26	2351037150	2351065177	28027	1077.41	676.00	968.24	672.61	2.42	190.85	0.43	86.29	8704.32	-8018.40	6132.55
Fixation L	1	32	2351065177	2351165147	99970	972.45	664.05	8	13	-1	13.68	13.68
Fixation R	1	31	2351065177	2351165147	99970	972.45	664.05	8	13	-1	14.28	14.28
