[BeGaze]
Converted from:	D:\Kirillov\Results\ermolova_temp_reversed\Sofia-eye_data.idf
Date:	17.04.2019 03:56:30
Version:	BeGaze 3.0.181
Sample Rate:	250
Subject:	Sofia
Description:	Run5

Table Header for Fixations:
Event Type	Trial	Number	Start	End	Duration	Location X	Location Y	Dispersion X	Dispersion Y	Plane	Avg. Pupil Size X	Avg. Pupil Size Y

Table Header for Saccades:
Event Type	Trial	Number	Start	End	Duration	Start Loc.X	Start Loc.Y	End Loc.X	End Loc.Y	Amplitude	Peak Speed	Peak Speed At	Average Speed	Peak Accel.	Peak Decel.	Average Accel.

Table Header for User Events:
Event Type	Trial	Number	Start	Description

UserEvent	1	1	3527750576	# Message: rc-experiment-17.jpg
Fixation L	1	1	3527750972	3528038807	287835	510.31	251.52	16	26	-1	14.01	14.01
Fixation R	1	1	3527750972	3528038807	287835	510.31	251.52	16	26	-1	14.65	14.65
Saccade L	1	1	3528038807	3528102814	64007	511.42	244.81	428.42	320.08	2.52	106.29	0.31	39.38	4853.48	-4209.38	2201.69
Saccade R	1	1	3528038807	3528102814	64007	511.42	244.81	428.42	320.08	2.52	106.29	0.31	39.38	4853.48	-4209.38	2201.69
Saccade L	1	2	3528110801	3528146807	36006	425.07	319.83	378.15	329.89	0.94	45.85	0.44	26.12	1810.69	-1539.48	1068.97
Saccade R	1	2	3528110801	3528146807	36006	425.07	319.83	378.15	329.89	0.94	45.85	0.44	26.12	1810.69	-1539.48	1068.97
Saccade R	1	3	3528146807	3528214806	67999	378.15	329.89	0.00	0.00	29.34	1111.80	0.59	431.41	41742.64	-50120.94	16153.42
Saccade L	1	3	3528326839	3528394816	67977	412.84	410.24	465.79	337.85	5.00	257.65	0.23	73.52	8976.23	-5961.83	3401.01
Saccade R	1	4	3528326839	3528394816	67977	412.84	410.24	465.79	337.85	5.00	257.65	0.23	73.52	8976.23	-5961.83	3401.01
Fixation L	1	2	3528394816	3528522817	128001	460.82	337.78	7	8	-1	13.22	13.22
Fixation R	1	2	3528394816	3528522817	128001	460.82	337.78	7	8	-1	14.18	14.18
Saccade L	1	4	3528522817	3528590845	68028	461.31	338.59	372.65	566.30	5.66	235.32	0.24	83.27	10187.52	-8951.33	4872.83
Saccade R	1	5	3528522817	3528590845	68028	461.31	338.59	372.65	566.30	5.66	235.32	0.24	83.27	10187.52	-8951.33	4872.83
Saccade L	1	5	3528630810	3528662822	32012	368.08	572.05	367.72	519.43	1.14	68.95	0.38	35.67	3244.82	-1854.82	1681.78
Saccade R	1	6	3528630810	3528662822	32012	368.08	572.05	367.72	519.43	1.14	68.95	0.38	35.67	3244.82	-1854.82	1681.78
Saccade L	1	6	3528738820	3528834833	96013	375.76	581.44	1104.52	482.43	17.95	428.45	0.42	186.98	14898.92	-13573.82	7324.99
Saccade R	1	7	3528738820	3528834833	96013	375.76	581.44	1104.52	482.43	17.95	428.45	0.42	186.98	14898.92	-13573.82	7324.99
Fixation L	1	3	3528834833	3528922855	88022	1094.13	479.90	19	4	-1	13.39	13.39
Fixation R	1	3	3528834833	3528922855	88022	1094.13	479.90	19	4	-1	14.37	14.37
Saccade L	1	7	3528922855	3528958854	35999	1090.73	478.36	1024.79	570.51	4.36	258.02	0.33	121.15	11112.26	-9243.47	7677.09
Saccade R	1	8	3528922855	3528958854	35999	1090.73	478.36	1024.79	570.51	4.36	258.02	0.33	121.15	11112.26	-9243.47	7677.09
Fixation L	1	4	3528958854	3529042826	83972	1019.30	563.85	8	9	-1	13.26	13.26
Fixation R	1	4	3528958854	3529042826	83972	1019.30	563.85	8	9	-1	14.41	14.41
Saccade L	1	8	3529042826	3529078829	36003	1016.68	562.19	1010.97	502.61	1.22	81.87	0.33	33.98	3932.83	-3162.33	2277.16
Saccade R	1	9	3529042826	3529078829	36003	1016.68	562.19	1010.97	502.61	1.22	81.87	0.33	33.98	3932.83	-3162.33	2277.16
Saccade R	1	10	3529078829	3529131231	52402	1010.97	502.61	0.00	0.00	33.48	1585.50	0.76	638.90	53548.22	-77773.68	33862.94
Fixation R	1	5	3529131231	3529216919	85688	0.00	0.00	0	0	-1	10.61	10.61
Saccade L	1	9	3529328195	3529378717	50522	343.67	352.97	407.05	405.78	1.89	89.11	0.39	37.41	4210.46	-3580.93	2333.66
Saccade R	1	11	3529328195	3529378717	50522	343.67	352.97	407.05	405.78	1.89	89.11	0.39	37.41	4210.46	-3580.93	2333.66
Fixation L	1	5	3529378717	3529790731	412014	317.78	333.72	918	1139	-1	11.49	11.36
Fixation R	1	6	3529378717	3529658744	280027	407.54	413.40	13	19	-1	14.06	14.06
Saccade R	1	12	3529658744	3529702707	43963	413.42	422.20	0.01	0.00	19.79	1358.69	0.73	450.11	31056.26	-61567.67	25578.61
Fixation R	1	7	3529702707	3529790731	88024	0.00	0.00	0	0	-1	13.93	13.93
Fixation L	1	6	3529850708	3530470727	620019	399.34	336.50	85	67	-1	13.49	13.49
Fixation R	1	8	3529850708	3530470727	620019	399.34	336.50	85	67	-1	14.05	14.05
Saccade L	1	10	3530470727	3530530756	60029	380.23	351.87	328.50	476.18	3.19	136.72	0.40	53.18	5541.33	-6219.46	3001.61
Saccade R	1	13	3530470727	3530530756	60029	380.23	351.87	328.50	476.18	3.19	136.72	0.40	53.18	5541.33	-6219.46	3001.61
Fixation L	1	7	3530530756	3530682745	151989	322.28	469.85	9	16	-1	13.47	13.47
Fixation R	1	9	3530530756	3530682745	151989	322.28	469.85	9	16	-1	13.98	13.98
Saccade L	1	11	3530682745	3530734755	52010	321.20	475.69	265.16	505.44	1.56	95.48	0.23	30.02	3836.19	-3354.78	1665.68
Saccade R	1	14	3530682745	3530734755	52010	321.20	475.69	265.16	505.44	1.56	95.48	0.23	30.02	3836.19	-3354.78	1665.68
Fixation L	1	8	3530734755	3531990633	1255878	282.86	512.85	39	49	-1	13.33	13.33
Fixation R	1	10	3530734755	3531990633	1255878	282.86	512.85	39	49	-1	13.92	13.92
Saccade L	1	12	3531990633	3532030665	40032	275.27	490.85	321.06	639.59	3.43	186.95	0.30	85.78	8110.06	-4929.67	4614.72
Saccade R	1	15	3531990633	3532030665	40032	275.27	490.85	321.06	639.59	3.43	186.95	0.30	85.78	8110.06	-4929.67	4614.72
Fixation L	1	9	3532030665	3532122657	91992	331.82	650.37	15	20	-1	13.21	13.21
Fixation R	1	11	3532030665	3532122657	91992	331.82	650.37	15	20	-1	14.00	14.00
Saccade L	1	13	3532122657	3532162666	40009	329.16	658.07	521.22	634.25	4.16	264.88	0.40	103.89	12029.97	-11560.67	7779.92
Saccade R	1	16	3532122657	3532162666	40009	329.16	658.07	521.22	634.25	4.16	264.88	0.40	103.89	12029.97	-11560.67	7779.92
Fixation L	1	10	3532162666	3532334519	171853	525.00	614.33	10	27	-1	13.30	13.30
Fixation R	1	12	3532162666	3532334519	171853	525.00	614.33	10	27	-1	14.37	14.37
Saccade L	1	14	3532334519	3532382527	48008	532.88	605.58	694.50	548.86	4.48	224.26	0.50	93.42	10384.32	-9299.10	6270.72
Saccade R	1	17	3532334519	3532382527	48008	532.88	605.58	694.50	548.86	4.48	224.26	0.50	93.42	10384.32	-9299.10	6270.72
Fixation L	1	11	3532382527	3532510519	127992	695.65	541.10	4	12	-1	13.23	13.23
Fixation R	1	13	3532382527	3532510519	127992	695.65	541.10	4	12	-1	14.31	14.31
Saccade L	1	15	3532510519	3532562539	52020	694.49	539.39	948.24	576.11	5.67	268.86	0.46	109.00	12950.19	-10965.30	7333.74
Saccade R	1	18	3532510519	3532562539	52020	694.49	539.39	948.24	576.11	5.67	268.86	0.46	109.00	12950.19	-10965.30	7333.74
Fixation L	1	12	3532562539	3532702544	140005	960.20	573.53	21	8	-1	12.96	12.96
Fixation R	1	14	3532562539	3532702544	140005	960.20	573.53	21	8	-1	14.11	14.11
Saccade L	1	16	3532702544	3532746534	43990	957.54	572.68	1059.49	647.01	2.87	192.45	0.36	65.29	9173.21	-8358.32	5093.79
Saccade R	1	19	3532702544	3532746534	43990	957.54	572.68	1059.49	647.01	2.87	192.45	0.36	65.29	9173.21	-8358.32	5093.79
Fixation L	1	13	3532746534	3532910562	164028	1059.70	643.45	17	42	-1	12.92	12.92
Fixation R	1	15	3532746534	3532910562	164028	1059.70	643.45	17	42	-1	13.95	13.95
Saccade L	1	17	3532910562	3532950542	39980	1053.79	614.83	1046.15	556.74	1.25	84.05	0.30	31.18	3618.88	-3062.49	2003.75
Saccade R	1	20	3532910562	3532950542	39980	1053.79	614.83	1046.15	556.74	1.25	84.05	0.30	31.18	3618.88	-3062.49	2003.75
Fixation L	1	14	3532950542	3533002540	51998	1047.00	554.19	3	6	-1	12.92	12.92
Fixation R	1	16	3532950542	3533002540	51998	1047.00	554.19	3	6	-1	14.05	14.05
Saccade L	1	18	3533002540	3533058543	56003	1047.69	549.18	1062.12	612.22	1.44	66.49	0.36	25.76	2618.43	-2548.45	1380.73
Saccade R	1	21	3533002540	3533058543	56003	1047.69	549.18	1062.12	612.22	1.44	66.49	0.36	25.76	2618.43	-2548.45	1380.73
Saccade L	1	19	3533106534	3533166542	60008	1046.80	612.28	1019.67	549.10	1.63	66.06	0.40	27.23	2546.72	-2392.41	1091.86
Saccade R	1	22	3533106534	3533166542	60008	1046.80	612.28	1019.67	549.10	1.63	66.06	0.40	27.23	2546.72	-2392.41	1091.86
Saccade L	1	20	3533166542	3533238534	71992	1019.67	549.10	608.31	544.57	9.56	259.85	0.33	132.83	12110.20	-7285.52	5506.30
Saccade R	1	23	3533166542	3533238534	71992	1019.67	549.10	608.31	544.57	9.56	259.85	0.33	132.83	12110.20	-7285.52	5506.30
Saccade L	1	21	3533282563	3533302537	19974	595.75	538.76	597.27	539.65	0.44	49.41	0.40	22.15	888.89	-1860.96	947.70
Saccade R	1	24	3533282563	3533302537	19974	595.75	538.76	597.27	539.65	0.44	49.41	0.40	22.15	888.89	-1860.96	947.70
Saccade L	1	22	3533342539	3533386477	43938	591.58	534.27	0.00	0.00	23.24	1873.18	0.73	528.83	67641.82	-78197.50	38530.51
Saccade R	1	25	3533342539	3533386477	43938	591.58	534.27	0.00	0.00	23.24	1873.18	0.73	528.83	67641.82	-78197.50	38530.51
Fixation L	1	15	3533386477	3533513622	127145	0.00	0.00	0	0	-1	5.42	5.42
Fixation R	1	17	3533386477	3533513622	127145	0.00	0.00	0	0	-1	9.28	9.28
Fixation L	1	16	3533590546	3533758465	167919	1125.73	628.46	21	24	-1	12.96	12.96
Fixation R	1	18	3533590546	3533758465	167919	1125.73	628.46	21	24	-1	14.16	14.16
Saccade L	1	23	3533758465	3533814445	55980	1123.25	630.00	1002.45	559.80	3.73	183.05	0.57	66.67	4315.12	-7437.50	3375.78
Saccade R	1	26	3533758465	3533814445	55980	1123.25	630.00	1002.45	559.80	3.73	183.05	0.57	66.67	4315.12	-7437.50	3375.78
Fixation L	1	17	3533814445	3533910433	95988	995.78	554.84	9	9	-1	13.52	13.52
Fixation R	1	19	3533814445	3533910433	95988	995.78	554.84	9	9	-1	14.64	14.64
Fixation R	1	20	3533974430	3534077281	102851	0.00	0.00	0	0	-1	11.23	11.23
Fixation L	1	18	3534154465	3534470433	315968	462.35	541.02	27	26	-1	13.73	13.73
Fixation R	1	21	3534154465	3534470433	315968	462.35	541.02	27	26	-1	14.39	14.39
Saccade L	1	24	3534470433	3534510446	40013	461.50	549.09	354.65	647.60	3.22	218.43	0.50	80.42	8876.08	-9452.41	5990.25
Saccade R	1	27	3534470433	3534510446	40013	461.50	549.09	354.65	647.60	3.22	218.43	0.50	80.42	8876.08	-9452.41	5990.25
Fixation L	1	19	3534510446	3534722471	212025	343.74	628.05	19	46	-1	13.62	13.62
Fixation R	1	22	3534510446	3534722471	212025	343.74	628.05	19	46	-1	14.34	14.34
Saccade L	1	25	3534722471	3534810456	87985	345.33	614.94	992.32	603.37	15.41	313.10	0.36	175.16	12666.14	-11519.52	5788.70
Saccade R	1	28	3534722471	3534810456	87985	345.33	614.94	992.32	603.37	15.41	313.10	0.36	175.16	12666.14	-11519.52	5788.70
Saccade L	1	26	3534810456	3534830459	20003	992.32	603.37	999.43	547.69	1.02	98.68	0.40	50.80	1425.74	-4262.20	2077.63
Saccade R	1	29	3534810456	3534830459	20003	992.32	603.37	999.43	547.69	1.02	98.68	0.40	50.80	1425.74	-4262.20	2077.63
Fixation L	1	20	3534830459	3534902452	71993	1004.01	544.92	10	8	-1	13.23	13.23
Fixation R	1	23	3534830459	3534902452	71993	1004.01	544.92	10	8	-1	14.39	14.39
Saccade L	1	27	3534902452	3534954450	51998	1009.32	542.86	1071.11	458.44	3.56	184.63	0.46	68.39	6466.44	-6526.05	4025.01
Saccade R	1	30	3534902452	3534954450	51998	1009.32	542.86	1071.11	458.44	3.56	184.63	0.46	68.39	6466.44	-6526.05	4025.01
Saccade L	1	28	3534978455	3535030341	51886	1073.19	459.56	1046.01	502.88	1.25	46.97	0.54	24.14	1673.44	-1876.76	1174.36
Saccade R	1	31	3534978455	3535030341	51886	1073.19	459.56	1046.01	502.88	1.25	46.97	0.54	24.14	1673.44	-1876.76	1174.36
Fixation L	1	21	3535030341	3535110344	80003	1048.68	510.00	10	10	-1	13.09	13.09
Fixation R	1	24	3535030341	3535110344	80003	1048.68	510.00	10	10	-1	14.14	14.14
Saccade L	1	29	3535110344	3535162331	51987	1056.08	513.90	1107.88	507.55	2.28	91.02	0.38	43.86	3849.42	-3220.79	2172.10
Saccade R	1	32	3535110344	3535162331	51987	1056.08	513.90	1107.88	507.55	2.28	91.02	0.38	43.86	3849.42	-3220.79	2172.10
Fixation L	1	22	3535162331	3535290335	128004	1087.44	508.04	44	24	-1	13.16	13.16
Fixation R	1	25	3535162331	3535290335	128004	1087.44	508.04	44	24	-1	14.28	14.28
Saccade L	1	30	3535290335	3535322351	32016	1078.90	507.25	1047.95	469.94	0.88	61.68	0.25	27.46	2133.56	-2325.06	1320.13
Saccade R	1	33	3535290335	3535322351	32016	1078.90	507.25	1047.95	469.94	0.88	61.68	0.25	27.46	2133.56	-2325.06	1320.13
Fixation L	1	23	3535322351	3535522351	200000	1065.00	478.45	38	26	-1	13.06	13.06
Fixation R	1	26	3535322351	3535522351	200000	1065.00	478.45	38	26	-1	14.32	14.32
Saccade L	1	31	3535522351	3535562356	40005	1047.33	463.27	1126.13	465.43	1.69	105.23	0.40	42.27	4557.20	-4125.64	2904.91
Saccade R	1	34	3535522351	3535562356	40005	1047.33	463.27	1126.13	465.43	1.69	105.23	0.40	42.27	4557.20	-4125.64	2904.91
Fixation L	1	24	3535562356	3535690373	128017	1130.71	468.74	9	11	-1	13.23	13.23
Fixation R	1	27	3535562356	3535690373	128017	1130.71	468.74	9	11	-1	14.40	14.40
Saccade L	1	32	3535690373	3535726368	35995	1126.85	461.79	1237.39	475.37	2.25	168.65	0.44	62.48	7267.77	-6943.62	4799.58
Saccade R	1	35	3535690373	3535726368	35995	1126.85	461.79	1237.39	475.37	2.25	168.65	0.44	62.48	7267.77	-6943.62	4799.58
Fixation L	1	25	3535726368	3535846349	119981	1226.01	469.07	15	17	-1	13.02	13.02
Fixation R	1	28	3535726368	3535846349	119981	1226.01	469.07	15	17	-1	14.40	14.40
Saccade L	1	33	3535846349	3535890344	43995	1227.93	459.42	1263.78	478.31	0.95	52.07	0.36	21.62	2048.25	-1797.05	1126.90
Saccade R	1	36	3535846349	3535890344	43995	1227.93	459.42	1263.78	478.31	0.95	52.07	0.36	21.62	2048.25	-1797.05	1126.90
Saccade L	1	34	3535902341	3535978282	75941	1271.37	481.39	445.16	466.99	18.19	440.76	0.26	239.57	21419.09	-16326.49	9387.46
Saccade R	1	37	3535902341	3535978282	75941	1271.37	481.39	445.16	466.99	18.19	440.76	0.26	239.57	21419.09	-16326.49	9387.46
Saccade L	1	35	3536018351	3536094362	76011	441.33	471.79	329.89	470.21	6.88	411.65	0.32	90.57	12993.73	-16139.02	5488.88
Saccade R	1	38	3536018351	3536094362	76011	441.33	471.79	329.89	470.21	6.88	411.65	0.32	90.57	12993.73	-16139.02	5488.88
Fixation L	1	26	3536094362	3536150362	56000	321.77	467.98	13	4	-1	13.50	13.50
Fixation R	1	29	3536094362	3536150362	56000	321.77	467.98	13	4	-1	14.06	14.06
Saccade L	1	36	3536150362	3536206384	56022	319.05	470.18	353.96	363.28	4.13	282.77	0.43	73.66	11381.04	-10351.71	5219.04
Saccade R	1	39	3536150362	3536206384	56022	319.05	470.18	353.96	363.28	4.13	282.77	0.43	73.66	11381.04	-10351.71	5219.04
Fixation L	1	27	3536206384	3536334351	127967	353.86	368.31	7	15	-1	13.33	13.33
Fixation R	1	30	3536206384	3536334351	127967	353.86	368.31	7	15	-1	14.28	14.28
Saccade L	1	37	3536334351	3536370363	36012	352.69	363.54	501.94	396.42	3.41	236.14	0.56	94.82	11114.85	-9164.89	6390.03
Saccade R	1	40	3536334351	3536370363	36012	352.69	363.54	501.94	396.42	3.41	236.14	0.56	94.82	11114.85	-9164.89	6390.03
Saccade L	1	38	3536370363	3536394278	23915	501.94	396.42	432.01	380.97	1.47	137.42	0.50	61.61	2999.57	-4849.69	2742.53
Saccade R	1	41	3536370363	3536394278	23915	501.94	396.42	432.01	380.97	1.47	137.42	0.50	61.61	2999.57	-4849.69	2742.53
Saccade L	1	39	3536402354	3536478234	75880	428.19	370.88	502.47	384.96	2.15	85.08	0.42	28.28	3183.66	-3238.85	1305.73
Saccade R	1	42	3536402354	3536478234	75880	428.19	370.88	502.47	384.96	2.15	85.08	0.42	28.28	3183.66	-3238.85	1305.73
Fixation L	1	28	3536478234	3536534250	56016	502.81	385.20	4	7	-1	13.87	13.87
Fixation R	1	31	3536478234	3536534250	56016	502.81	385.20	4	7	-1	14.84	14.84
Saccade L	1	40	3536534250	3536618236	83986	501.36	379.12	1259.86	515.61	19.32	556.98	0.52	230.03	16616.66	-18325.76	10591.35
Saccade R	1	43	3536534250	3536618236	83986	501.36	379.12	1259.86	515.61	19.32	556.98	0.52	230.03	16616.66	-18325.76	10591.35
Fixation L	1	29	3536618236	3536762255	144019	1245.05	534.11	28	34	-1	13.98	13.98
Fixation R	1	32	3536618236	3536762255	144019	1245.05	534.11	28	34	-1	15.30	15.30
Saccade L	1	41	3536762255	3536806270	44015	1242.04	549.96	1209.28	473.25	1.87	106.04	0.27	42.50	4554.06	-3292.83	2289.52
Saccade R	1	44	3536762255	3536806270	44015	1242.04	549.96	1209.28	473.25	1.87	106.04	0.27	42.50	4554.06	-3292.83	2289.52
Saccade L	1	42	3536814264	3536838243	23979	1206.16	471.96	1299.62	551.56	2.45	231.26	0.50	102.02	9154.72	-8791.79	6777.70
Saccade R	1	45	3536814264	3536838243	23979	1206.16	471.96	1299.62	551.56	2.45	231.26	0.50	102.02	9154.72	-8791.79	6777.70
Fixation L	1	30	3536838243	3536906255	68012	1288.52	563.76	18	19	-1	14.16	14.16
Fixation R	1	33	3536838243	3536906255	68012	1288.52	563.76	18	19	-1	15.27	15.27
Saccade R	1	46	3536906255	3536942637	36382	1282.75	564.88	0.00	0.00	35.22	3216.97	0.66	968.11	126096.24	-138354.66	75389.76
Fixation R	1	34	3536942637	3537054280	111643	0.00	0.00	0	0	-1	10.32	10.32
Saccade L	1	43	3537142276	3537186245	43969	472.11	356.30	381.26	340.64	2.40	176.39	0.45	54.55	7069.75	-6975.06	3860.68
Saccade R	1	47	3537142276	3537186245	43969	472.11	356.30	381.26	340.64	2.40	176.39	0.45	54.55	7069.75	-6975.06	3860.68
Fixation L	1	31	3537186245	3538298156	1111911	386.39	348.89	44	48	-1	13.84	13.84
Fixation R	1	35	3537186245	3538298156	1111911	386.39	348.89	44	48	-1	14.64	14.64
Saccade L	1	44	3538298156	3538334166	36010	384.52	336.32	325.78	420.60	2.14	131.44	0.56	59.47	6189.19	-5619.39	4255.01
Saccade R	1	48	3538298156	3538334166	36010	384.52	336.32	325.78	420.60	2.14	131.44	0.56	59.47	6189.19	-5619.39	4255.01
Fixation L	1	32	3538334166	3538658155	323989	308.34	410.00	28	27	-1	13.70	13.70
Fixation R	1	36	3538334166	3538658155	323989	308.34	410.00	28	27	-1	14.41	14.41
Saccade L	1	45	3538658155	3538694161	36006	307.29	405.76	387.84	340.15	2.27	136.29	0.44	63.05	6582.33	-5951.39	4257.63
Saccade R	1	49	3538658155	3538694161	36006	307.29	405.76	387.84	340.15	2.27	136.29	0.44	63.05	6582.33	-5951.39	4257.63
Fixation L	1	33	3538694161	3539442042	747881	396.10	349.59	36	30	-1	14.20	14.20
Fixation R	1	37	3538694161	3539442042	747881	396.10	349.59	36	30	-1	15.10	15.10
Saccade L	1	46	3539442042	3539522074	80032	394.75	359.69	1226.61	584.96	19.47	454.51	0.45	243.33	19735.96	-17153.36	10091.74
Saccade R	1	50	3539442042	3539522074	80032	394.75	359.69	1226.61	584.96	19.47	454.51	0.45	243.33	19735.96	-17153.36	10091.74
Fixation L	1	34	3539522074	3539670049	147975	1228.88	586.07	12	9	-1	13.61	13.61
Fixation R	1	38	3539522074	3539670049	147975	1228.88	586.07	12	9	-1	15.04	15.04
Saccade L	1	47	3539670049	3539726077	56028	1234.04	592.25	1275.14	622.71	2.38	129.70	0.29	42.49	5390.72	-3435.81	2276.38
Saccade R	1	51	3539670049	3539726077	56028	1234.04	592.25	1275.14	622.71	2.38	129.70	0.29	42.49	5390.72	-3435.81	2276.38
Fixation L	1	35	3539726077	3539822085	96008	1261.74	613.66	23	16	-1	13.63	13.63
Fixation R	1	39	3539726077	3539822085	96008	1261.74	613.66	23	16	-1	14.74	14.74
Saccade L	1	48	3539822085	3539858076	35991	1263.58	605.55	1226.44	586.65	1.01	62.68	0.33	28.15	2420.33	-2449.52	1670.07
Saccade R	1	52	3539822085	3539858076	35991	1263.58	605.55	1226.44	586.65	1.01	62.68	0.33	28.15	2420.33	-2449.52	1670.07
Fixation L	1	36	3539858076	3539950118	92042	1232.13	581.76	11	9	-1	13.14	13.14
Fixation R	1	40	3539858076	3539950118	92042	1232.13	581.76	11	9	-1	14.78	14.78
Saccade L	1	49	3539950118	3539982062	31944	1233.30	580.56	1320.16	572.26	1.80	144.89	0.37	56.36	6320.97	-6183.68	4298.02
Saccade R	1	53	3539950118	3539982062	31944	1233.30	580.56	1320.16	572.26	1.80	144.89	0.37	56.36	6320.97	-6183.68	4298.02
Saccade L	1	50	3540014060	3540070078	56018	1324.52	568.36	1253.01	505.20	2.42	132.57	0.36	43.24	6047.00	-5267.83	2875.19
Saccade R	1	54	3540014060	3540070078	56018	1324.52	568.36	1253.01	505.20	2.42	132.57	0.36	43.24	6047.00	-5267.83	2875.19
Fixation L	1	37	3540070078	3540162075	91997	1252.15	516.84	17	20	-1	13.19	13.19
Fixation R	1	41	3540070078	3540162075	91997	1252.15	516.84	17	20	-1	14.48	14.48
Saccade L	1	51	3540162075	3540190089	28014	1262.03	523.98	1255.76	645.40	2.49	204.44	0.57	88.77	8998.37	-8183.42	6310.07
Saccade R	1	55	3540162075	3540190089	28014	1262.03	523.98	1255.76	645.40	2.49	204.44	0.57	88.77	8998.37	-8183.42	6310.07
Fixation L	1	38	3540190089	3540306086	115997	1286.48	654.15	61	46	-1	13.37	13.37
Fixation R	1	42	3540190089	3540306086	115997	1286.48	654.15	61	46	-1	14.47	14.47
Saccade L	1	52	3540306086	3540362091	56005	1318.03	671.46	1263.63	540.87	4.06	285.38	0.36	72.51	12378.01	-11317.03	5521.96
Saccade R	1	56	3540306086	3540362091	56005	1318.03	671.46	1263.63	540.87	4.06	285.38	0.36	72.51	12378.01	-11317.03	5521.96
Fixation L	1	39	3540362091	3540470085	107994	1261.35	547.25	6	16	-1	13.28	13.28
Fixation R	1	43	3540362091	3540470085	107994	1261.35	547.25	6	16	-1	14.60	14.60
Saccade L	1	53	3540470085	3540518087	48002	1255.62	556.49	1306.53	543.99	1.13	44.87	0.25	23.64	1767.31	-1021.08	862.70
Saccade R	1	57	3540470085	3540518087	48002	1255.62	556.49	1306.53	543.99	1.13	44.87	0.25	23.64	1767.31	-1021.08	862.70
Saccade L	1	54	3540526105	3540562079	35974	1309.09	541.77	1298.45	469.18	1.60	112.11	0.33	44.49	4351.09	-4163.39	2570.79
Saccade R	1	58	3540526105	3540562079	35974	1309.09	541.77	1298.45	469.18	1.60	112.11	0.33	44.49	4351.09	-4163.39	2570.79
Fixation L	1	40	3540562079	3540897957	335878	1272.51	493.61	40	45	-1	13.25	13.25
Fixation R	1	44	3540562079	3540897957	335878	1272.51	493.61	40	45	-1	14.64	14.64
Saccade L	1	55	3540897957	3540990015	92058	1266.72	476.91	412.30	402.91	20.04	401.45	0.22	217.73	18328.37	-13530.45	7158.08
Saccade R	1	59	3540897957	3540990015	92058	1266.72	476.91	412.30	402.91	20.04	401.45	0.22	217.73	18328.37	-13530.45	7158.08
Fixation L	1	41	3540990015	3541085970	95955	407.28	407.71	8	13	-1	13.81	13.81
Fixation R	1	45	3540990015	3541085970	95955	407.28	407.71	8	13	-1	14.50	14.50
Saccade L	1	56	3541085970	3541133991	48021	402.78	411.16	393.29	313.66	2.14	161.76	0.58	44.53	6286.54	-6401.48	3224.99
Saccade R	1	60	3541085970	3541133991	48021	402.78	411.16	393.29	313.66	2.14	161.76	0.58	44.53	6286.54	-6401.48	3224.99
Saccade L	1	57	3541133991	3541177955	43964	393.29	313.66	280.55	325.08	3.54	185.63	0.64	80.50	5360.92	-8702.80	4483.37
Saccade R	1	61	3541133991	3541177955	43964	393.29	313.66	280.55	325.08	3.54	185.63	0.64	80.50	5360.92	-8702.80	4483.37
Fixation L	1	42	3541177955	3541277996	100041	296.69	324.72	29	5	-1	13.59	13.59
Fixation R	1	46	3541177955	3541277996	100041	296.69	324.72	29	5	-1	14.33	14.33
Saccade L	1	58	3541277996	3541305985	27989	308.37	324.24	313.22	382.07	1.26	101.25	0.43	44.86	4697.46	-4414.52	3294.83
Saccade R	1	62	3541277996	3541305985	27989	308.37	324.24	313.22	382.07	1.26	101.25	0.43	44.86	4697.46	-4414.52	3294.83
Fixation L	1	43	3541305985	3541413990	108005	316.77	388.78	5	9	-1	13.65	13.65
Fixation R	1	47	3541305985	3541413990	108005	316.77	388.78	5	9	-1	14.47	14.47
Saccade L	1	59	3541413990	3541449966	35976	320.63	387.01	400.39	430.61	2.07	129.54	0.33	57.40	5993.15	-5349.65	3794.62
Saccade R	1	63	3541413990	3541449966	35976	320.63	387.01	400.39	430.61	2.07	129.54	0.33	57.40	5993.15	-5349.65	3794.62
Saccade L	1	60	3541461975	3541489967	27992	398.28	434.56	322.98	435.90	1.64	134.70	0.43	58.55	5976.67	-6115.78	4387.69
Saccade R	1	64	3541461975	3541489967	27992	398.28	434.56	322.98	435.90	1.64	134.70	0.43	58.55	5976.67	-6115.78	4387.69
Fixation L	1	44	3541489967	3541557965	67998	325.28	427.00	13	38	-1	14.00	14.00
Fixation R	1	48	3541489967	3541557965	67998	325.28	427.00	13	38	-1	14.74	14.74
Saccade L	1	61	3541557965	3541625969	68004	331.60	396.84	1194.08	467.22	18.92	436.12	0.53	278.20	19598.51	-20025.48	10959.56
Saccade R	1	65	3541557965	3541625969	68004	331.60	396.84	1194.08	467.22	18.92	436.12	0.53	278.20	19598.51	-20025.48	10959.56
Fixation L	1	45	3541625969	3541677997	52028	1188.91	463.26	13	10	-1	13.87	13.87
Fixation R	1	49	3541625969	3541677997	52028	1188.91	463.26	13	10	-1	15.11	15.11
Saccade L	1	62	3541677997	3541709993	31996	1182.19	456.19	1166.53	394.66	1.38	81.65	0.50	43.14	3498.61	-2233.56	1888.35
Saccade R	1	66	3541677997	3541709993	31996	1182.19	456.19	1166.53	394.66	1.38	81.65	0.50	43.14	3498.61	-2233.56	1888.35
Saccade L	1	63	3541806012	3541837978	31966	1196.85	443.75	1159.13	456.76	0.85	52.52	0.37	26.52	2264.72	-2086.34	1531.23
Saccade R	1	67	3541806012	3541837978	31966	1196.85	443.75	1159.13	456.76	0.85	52.52	0.37	26.52	2264.72	-2086.34	1531.23
Saccade L	1	64	3541874006	3541902009	28003	1147.57	459.14	1093.66	390.77	1.34	136.98	0.71	47.68	5150.85	-1921.42	2503.46
Saccade R	1	68	3541874006	3541902009	28003	1147.57	459.14	1093.66	390.77	1.34	136.98	0.71	47.68	5150.85	-1921.42	2503.46
Fixation L	1	46	3541902009	3541973987	71978	1134.83	450.39	46	79	-1	13.72	13.72
Fixation R	1	50	3541902009	3541973987	71978	1134.83	450.39	46	79	-1	15.12	15.12
Saccade L	1	65	3542073994	3542105853	31859	317.09	466.74	335.86	424.19	0.93	51.88	0.50	29.31	2238.59	-1957.60	1549.28
Saccade R	1	69	3542073994	3542105853	31859	317.09	466.74	335.86	424.19	0.93	51.88	0.50	29.31	2238.59	-1957.60	1549.28
Fixation L	1	47	3542105853	3542261877	156024	337.60	435.53	13	22	-1	13.81	13.81
Fixation R	1	51	3542105853	3542261877	156024	337.60	435.53	13	22	-1	14.64	14.64
Saccade L	1	66	3542261877	3542297889	36012	342.19	446.30	335.29	395.06	1.63	105.30	0.33	45.25	4452.68	-4076.53	2740.24
Saccade R	1	70	3542261877	3542297889	36012	342.19	446.30	335.29	395.06	1.63	105.30	0.33	45.25	4452.68	-4076.53	2740.24
Fixation L	1	48	3542297889	3542633869	335980	336.90	382.56	15	24	-1	13.75	13.75
Fixation R	1	52	3542297889	3542633869	335980	336.90	382.56	15	24	-1	14.61	14.61
Saccade L	1	67	3542633869	3542721879	88010	330.97	390.37	1210.96	490.80	20.11	461.20	0.50	228.55	16476.53	-16637.01	8260.45
Saccade R	1	71	3542633869	3542721879	88010	330.97	390.37	1210.96	490.80	20.11	461.20	0.50	228.55	16476.53	-16637.01	8260.45
Fixation L	1	49	3542721879	3542829900	108021	1211.34	503.32	8	21	-1	13.46	13.46
Fixation R	1	53	3542721879	3542829900	108021	1211.34	503.32	8	21	-1	15.05	15.05
Saccade L	1	68	3542829900	3542881891	51991	1208.75	511.55	1133.69	545.86	2.41	164.65	0.31	46.31	7446.98	-6283.72	3125.48
Saccade R	1	72	3542829900	3542881891	51991	1208.75	511.55	1133.69	545.86	2.41	164.65	0.31	46.31	7446.98	-6283.72	3125.48
Fixation L	1	50	3542985885	3543169874	183989	391.70	388.45	10	13	-1	13.85	13.85
Fixation R	1	54	3542985885	3543169874	183989	391.70	388.45	10	13	-1	14.56	14.56
Saccade L	1	69	3543169874	3543213786	43912	390.22	383.85	339.01	361.02	1.28	68.80	0.36	29.05	2983.12	-2629.59	1721.50
Saccade R	1	73	3543169874	3543213786	43912	390.22	383.85	339.01	361.02	1.28	68.80	0.36	29.05	2983.12	-2629.59	1721.50
Fixation L	1	51	3543213786	3543385876	172090	335.43	357.82	27	17	-1	13.78	13.78
Fixation R	1	55	3543213786	3543385876	172090	335.43	357.82	27	17	-1	14.39	14.39
Saccade L	1	70	3543385876	3543485887	100011	318.03	363.27	1099.50	414.88	18.39	366.87	0.24	183.92	17118.32	-15690.85	6591.07
Saccade R	1	74	3543385876	3543485887	100011	318.03	363.27	1099.50	414.88	18.39	366.87	0.24	183.92	17118.32	-15690.85	6591.07
Fixation L	1	52	3543485887	3543773802	287915	1068.05	427.38	56	41	-1	13.79	13.79
Fixation R	1	56	3543485887	3543773802	287915	1068.05	427.38	56	41	-1	14.90	14.90
Saccade R	1	75	3543773802	3543809781	35979	1051.24	454.21	0.00	0.00	27.31	2584.92	0.67	759.03	97736.45	-110911.67	59019.31
Fixation L	1	53	3543961782	3544097800	136018	1141.36	459.00	9	15	-1	13.56	13.56
Fixation R	1	57	3543961782	3544097800	136018	1141.36	459.00	9	15	-1	14.61	14.61
Saccade L	1	71	3544097800	3544149856	52056	1146.19	450.29	0.00	0.00	39.74	2681.40	0.77	763.45	83556.78	-112572.85	49771.15
Saccade R	1	76	3544097800	3544149856	52056	1146.19	450.29	0.00	0.00	39.74	2681.40	0.77	763.45	83556.78	-112572.85	49771.15
Fixation L	1	54	3544149856	3544460717	310861	0.00	0.00	0	0	-1	12.78	12.78
Fixation R	1	58	3544149856	3544460717	310861	0.00	0.00	0	0	-1	14.21	13.95
