[BeGaze]
Converted from:	D:\Kirillov\Results\ermolova_temp_reversed\versh-eye_data.idf
Date:	17.04.2019 03:56:20
Version:	BeGaze 3.0.181
Sample Rate:	250
Subject:	versh
Description:	Run2

Table Header for Fixations:
Event Type	Trial	Number	Start	End	Duration	Location X	Location Y	Dispersion X	Dispersion Y	Plane	Avg. Pupil Size X	Avg. Pupil Size Y

Table Header for Saccades:
Event Type	Trial	Number	Start	End	Duration	Start Loc.X	Start Loc.Y	End Loc.X	End Loc.Y	Amplitude	Peak Speed	Peak Speed At	Average Speed	Peak Accel.	Peak Decel.	Average Accel.

Table Header for User Events:
Event Type	Trial	Number	Start	Description

UserEvent	1	1	7809573401	# Message: Questionnaire12.jpg
Fixation L	1	1	7809577156	7809889168	312012	703.40	740.87	27	43	-1	13.33	13.33
Fixation R	1	1	7809577156	7809889168	312012	703.40	740.87	27	43	-1	13.26	13.26
Saccade L	1	1	7809889168	7809989207	100039	709.59	758.48	522.64	319.67	10.95	328.53	0.76	109.42	14659.17	-15442.14	5739.78
Saccade R	1	1	7809889168	7809989207	100039	709.59	758.48	522.64	319.67	10.95	328.53	0.76	109.42	14659.17	-15442.14	5739.78
Fixation L	1	2	7809989207	7810129169	139962	504.50	316.64	28	21	-1	13.44	13.44
Fixation R	1	2	7809989207	7810129169	139962	504.50	316.64	28	21	-1	13.29	13.29
Saccade L	1	2	7810129169	7810173179	44010	498.20	305.38	417.94	267.93	1.92	90.95	0.45	43.62	4058.33	-3536.39	2444.73
Saccade R	1	2	7810129169	7810173179	44010	498.20	305.38	417.94	267.93	1.92	90.95	0.45	43.62	4058.33	-3536.39	2444.73
Fixation L	1	3	7810173179	7810397204	224025	407.11	259.63	21	18	-1	13.31	13.31
Fixation R	1	3	7810173179	7810397204	224025	407.11	259.63	21	18	-1	13.28	13.28
Saccade L	1	3	7810397204	7810425178	27974	406.00	258.76	379.78	243.10	0.65	42.75	0.42	23.32	1445.51	-1337.54	968.18
Saccade R	1	3	7810397204	7810425178	27974	406.00	258.76	379.78	243.10	0.65	42.75	0.42	23.32	1445.51	-1337.54	968.18
Fixation L	1	4	7810425178	7810965107	539929	377.55	227.88	82	37	-1	13.35	13.35
Fixation R	1	4	7810425178	7810965107	539929	377.55	227.88	82	37	-1	13.32	13.32
Saccade L	1	4	7810965107	7811021089	55982	429.26	242.54	476.47	341.46	3.97	183.20	0.21	70.86	8701.48	-3683.05	2738.82
Saccade R	1	4	7810965107	7811021089	55982	429.26	242.54	476.47	341.46	3.97	183.20	0.21	70.86	8701.48	-3683.05	2738.82
Saccade L	1	5	7811037086	7811081088	44002	452.06	339.33	486.74	436.38	2.55	110.22	0.27	58.05	3775.60	-3957.29	2316.42
Saccade R	1	5	7811037086	7811081088	44002	452.06	339.33	486.74	436.38	2.55	110.22	0.27	58.05	3775.60	-3957.29	2316.42
Saccade L	1	6	7811081088	7811101086	19998	486.74	436.38	446.40	423.96	0.75	67.31	0.40	37.72	630.59	-2592.71	1027.44
Saccade R	1	6	7811081088	7811101086	19998	486.74	436.38	446.40	423.96	0.75	67.31	0.40	37.72	630.59	-2592.71	1027.44
Fixation L	1	5	7811101086	7811189077	87991	445.08	415.54	25	44	-1	13.57	13.57
Fixation R	1	5	7811101086	7811189077	87991	445.08	415.54	25	44	-1	13.59	13.59
Saccade L	1	7	7811189077	7811237088	48011	446.90	419.17	439.11	324.37	1.84	75.27	0.50	38.26	2939.42	-1973.93	1476.76
Saccade R	1	7	7811189077	7811237088	48011	446.90	419.17	439.11	324.37	1.84	75.27	0.50	38.26	2939.42	-1973.93	1476.76
Saccade L	1	8	7811237088	7811297089	60001	439.11	324.37	360.47	230.30	2.88	124.78	0.27	47.92	4672.18	-4128.10	2232.37
Saccade R	1	8	7811237088	7811297089	60001	439.11	324.37	360.47	230.30	2.88	124.78	0.27	47.92	4672.18	-4128.10	2232.37
Fixation L	1	6	7811297089	7811988990	691901	367.88	238.08	40	45	-1	13.46	13.46
Fixation R	1	6	7811297089	7811988990	691901	367.88	238.08	40	45	-1	13.48	13.48
UserEvent	1	2	7811377433	# Message: UE-mouseclick left x=337 y=294
Saccade L	1	9	7811988990	7812060980	71990	392.58	237.96	479.79	315.45	3.74	148.79	0.39	51.89	6260.50	-5417.63	2654.62
Saccade R	1	9	7811988990	7812060980	71990	392.58	237.96	479.79	315.45	3.74	148.79	0.39	51.89	6260.50	-5417.63	2654.62
Saccade L	1	10	7812060980	7812152977	91997	479.79	315.45	438.37	183.46	9.04	352.74	0.39	98.25	11637.20	-7792.58	3813.56
Saccade R	1	10	7812060980	7812152977	91997	479.79	315.45	438.37	183.46	9.04	352.74	0.39	98.25	11637.20	-7792.58	3813.56
Saccade L	1	11	7812152977	7812176968	23991	438.37	183.46	425.40	203.21	0.62	48.18	0.50	25.92	965.30	-2603.18	1004.78
Saccade R	1	11	7812152977	7812176968	23991	438.37	183.46	425.40	203.21	0.62	48.18	0.50	25.92	965.30	-2603.18	1004.78
Fixation L	1	7	7812176968	7812564981	388013	443.55	223.00	37	42	-1	13.36	13.36
Fixation R	1	7	7812176968	7812564981	388013	443.55	223.00	37	42	-1	13.31	13.31
UserEvent	1	3	7812241424	# Message: UE-mouseclick left x=369 y=299
Saccade L	1	12	7812564981	7812600975	35994	444.11	218.20	380.51	214.51	1.39	63.14	0.33	38.52	2830.92	-2304.71	1847.71
Saccade R	1	12	7812564981	7812600975	35994	444.11	218.20	380.51	214.51	1.39	63.14	0.33	38.52	2830.92	-2304.71	1847.71
Fixation L	1	8	7812600975	7812765008	164033	372.75	242.56	23	54	-1	13.45	13.45
Fixation R	1	8	7812600975	7812765008	164033	372.75	242.56	23	54	-1	13.40	13.40
Saccade L	1	13	7812765008	7812808979	43971	370.78	266.22	414.36	334.94	1.75	103.49	0.36	39.90	4453.34	-3957.14	2486.38
Saccade R	1	13	7812765008	7812808979	43971	370.78	266.22	414.36	334.94	1.75	103.49	0.36	39.90	4453.34	-3957.14	2486.38
Fixation L	1	9	7812808979	7813153002	344023	303.99	249.85	669	784	-1	12.44	12.44
Fixation R	1	9	7812808979	7813153002	344023	303.99	249.85	669	784	-1	12.07	12.07
UserEvent	1	4	7813025440	# Message: UE-mouseclick left x=436 y=392
