[BeGaze]
Converted from:	D:\Kirillov\Results\ermolova_temp_reversed\Dima-eye_data.idf
Date:	17.04.2019 03:56:24
Version:	BeGaze 3.0.181
Sample Rate:	250
Subject:	Dima
Description:	Run3

Table Header for Fixations:
Event Type	Trial	Number	Start	End	Duration	Location X	Location Y	Dispersion X	Dispersion Y	Plane	Avg. Pupil Size X	Avg. Pupil Size Y

Table Header for Saccades:
Event Type	Trial	Number	Start	End	Duration	Start Loc.X	Start Loc.Y	End Loc.X	End Loc.Y	Amplitude	Peak Speed	Peak Speed At	Average Speed	Peak Accel.	Peak Decel.	Average Accel.

Table Header for User Events:
Event Type	Trial	Number	Start	Description

UserEvent	1	1	1267251333	# Message: rc-experiment-18.jpg
Fixation L	1	1	1267252147	1267532154	280007	468.22	348.59	44	33	-1	13.51	13.51
Fixation R	1	1	1267252147	1267532154	280007	468.22	348.59	44	33	-1	13.50	13.50
Saccade L	1	1	1267532154	1267580035	47881	467.29	344.45	427.58	431.90	3.72	135.89	0.50	77.67	4893.39	-4526.89	3183.34
Saccade R	1	1	1267532154	1267580035	47881	467.29	344.45	427.58	431.90	3.72	135.89	0.50	77.67	4893.39	-4526.89	3183.34
Fixation L	1	2	1267580035	1267688036	108001	429.34	435.68	21	21	-1	13.46	13.46
Fixation R	1	2	1267580035	1267688036	108001	429.34	435.68	21	21	-1	13.47	13.47
Saccade L	1	2	1267688036	1267712069	24033	433.21	426.18	282.78	337.66	3.49	320.63	0.50	145.24	12658.88	-11270.27	8714.91
Saccade R	1	2	1267688036	1267712069	24033	433.21	426.18	282.78	337.66	3.49	320.63	0.50	145.24	12658.88	-11270.27	8714.91
Saccade L	1	3	1267712069	1267760037	47968	282.78	337.66	319.91	432.18	4.26	238.83	0.33	88.75	6383.60	-7532.87	4296.21
Saccade R	1	3	1267712069	1267760037	47968	282.78	337.66	319.91	432.18	4.26	238.83	0.33	88.75	6383.60	-7532.87	4296.21
Fixation L	1	3	1267760037	1268182529	422492	162.21	219.47	339	455	-1	11.04	11.02
Fixation R	1	3	1267760037	1268182529	422492	162.21	219.47	339	455	-1	10.79	10.79
Fixation L	1	4	1268284082	1268456059	171977	1068.65	508.05	19	23	-1	13.03	13.03
Fixation R	1	4	1268284082	1268456059	171977	1068.65	508.05	19	23	-1	13.31	13.31
Saccade L	1	4	1268456059	1268484051	27992	1065.31	507.15	1062.40	511.59	2.41	116.07	0.29	86.09	5688.77	-5261.87	4409.28
Saccade R	1	4	1268456059	1268484051	27992	1065.31	507.15	1062.40	511.59	2.41	116.07	0.29	86.09	5688.77	-5261.87	4409.28
Saccade L	1	5	1268520075	1268580046	59971	1077.34	511.09	253.73	398.33	18.05	536.65	0.33	300.91	24740.48	-20009.91	14182.10
Saccade R	1	5	1268520075	1268580046	59971	1077.34	511.09	253.73	398.33	18.05	536.65	0.33	300.91	24740.48	-20009.91	14182.10
Saccade L	1	6	1268580046	1268600049	20003	253.73	398.33	298.41	385.40	0.87	83.41	0.60	43.72	-1001.48	-6317.99	2580.25
Saccade R	1	6	1268580046	1268600049	20003	253.73	398.33	298.41	385.40	0.87	83.41	0.60	43.72	-1001.48	-6317.99	2580.25
Saccade L	1	7	1268600049	1268632059	32010	298.41	385.40	330.34	374.13	0.80	44.32	0.38	24.95	1032.28	-2124.54	1110.98
Saccade R	1	7	1268600049	1268632059	32010	298.41	385.40	330.34	374.13	0.80	44.32	0.38	24.95	1032.28	-2124.54	1110.98
Fixation L	1	5	1268632059	1268800056	167997	334.50	389.45	37	37	-1	12.94	12.94
Fixation R	1	5	1268632059	1268800056	167997	334.50	389.45	37	37	-1	12.96	12.96
Saccade L	1	8	1268800056	1268868064	68008	337.09	412.14	232.26	505.79	3.50	93.67	0.41	51.46	3153.44	-2551.03	1831.86
Saccade R	1	8	1268800056	1268868064	68008	337.09	412.14	232.26	505.79	3.50	93.67	0.41	51.46	3153.44	-2551.03	1831.86
Saccade L	1	9	1268868064	1268904089	36025	232.26	505.79	236.69	452.30	1.16	56.22	0.56	32.22	1997.48	-1992.80	1445.34
Saccade R	1	9	1268868064	1268904089	36025	232.26	505.79	236.69	452.30	1.16	56.22	0.56	32.22	1997.48	-1992.80	1445.34
Fixation L	1	6	1268904089	1269143968	239879	109.59	204.34	503	522	-1	10.22	10.22
Fixation R	1	6	1268904089	1268979962	75873	238.26	447.26	10	11	-1	12.54	12.54
Saccade R	1	10	1268979962	1269015938	35976	248.22	447.93	3.80	0.00	11.97	998.72	0.67	332.84	37833.15	-42837.11	24444.64
Fixation R	1	7	1269015938	1269143968	128030	0.56	0.00	3	0	-1	13.49	13.49
Fixation L	1	7	1269239940	1269451956	212016	397.56	384.35	35	56	-1	12.81	12.81
Fixation R	1	8	1269239940	1269451956	212016	397.56	384.35	35	56	-1	12.75	12.75
Saccade L	1	10	1269451956	1269543963	92007	391.67	398.07	215.66	462.53	7.49	149.38	0.48	81.37	4738.19	-3691.38	2092.18
Saccade R	1	11	1269451956	1269543963	92007	391.67	398.07	215.66	462.53	7.49	149.38	0.48	81.37	4738.19	-3691.38	2092.18
Fixation L	1	8	1269543963	1269771974	228011	246.79	464.71	61	41	-1	13.05	13.05
Fixation R	1	9	1269543963	1269771974	228011	246.79	464.71	61	41	-1	13.00	13.00
Saccade L	1	11	1269771974	1269815958	43984	237.68	466.70	374.85	406.86	3.19	146.71	0.64	72.62	5055.35	-6337.15	3948.32
Saccade R	1	12	1269771974	1269815958	43984	237.68	466.70	374.85	406.86	3.19	146.71	0.64	72.62	5055.35	-6337.15	3948.32
Fixation L	1	9	1269815958	1270163885	347927	367.62	381.65	35	39	-1	12.80	12.80
Fixation R	1	10	1269815958	1270163885	347927	367.62	381.65	35	39	-1	12.85	12.85
Saccade L	1	12	1270163885	1270215972	52087	381.48	390.61	268.27	470.44	3.19	129.30	0.39	61.24	5684.11	-4028.60	3122.16
Saccade R	1	13	1270163885	1270215972	52087	381.48	390.61	268.27	470.44	3.19	129.30	0.39	61.24	5684.11	-4028.60	3122.16
Fixation L	1	10	1270215972	1270371860	155888	271.54	481.80	28	29	-1	13.07	13.07
Fixation R	1	11	1270215972	1270371860	155888	271.54	481.80	28	29	-1	13.01	13.01
Saccade L	1	13	1270371860	1270459862	88002	253.75	470.57	1130.09	542.35	21.27	646.37	0.32	241.71	27643.21	-19097.62	11931.45
Saccade R	1	14	1270371860	1270459862	88002	253.75	470.57	1130.09	542.35	21.27	646.37	0.32	241.71	27643.21	-19097.62	11931.45
Saccade L	1	14	1270475874	1270499864	23990	1126.92	538.27	1096.06	543.38	0.68	41.82	0.50	28.43	1581.51	-1472.03	1109.59
Saccade R	1	15	1270475874	1270499864	23990	1126.92	538.27	1096.06	543.38	0.68	41.82	0.50	28.43	1581.51	-1472.03	1109.59
Fixation L	1	11	1270499864	1270607843	107979	1099.84	553.16	27	16	-1	13.05	13.05
Fixation R	1	12	1270499864	1270607843	107979	1099.84	553.16	27	16	-1	13.46	13.46
Saccade L	1	15	1270607843	1270643851	36008	1095.57	559.42	1057.02	602.94	1.44	70.17	0.33	40.03	2618.71	-2112.24	1754.32
Saccade R	1	16	1270607843	1270643851	36008	1095.57	559.42	1057.02	602.94	1.44	70.17	0.33	40.03	2618.71	-2112.24	1754.32
Fixation L	1	12	1270643851	1271315857	672006	784.06	428.99	1480	670	-1	11.13	10.88
Fixation R	1	13	1270643851	1271315857	672006	784.06	428.99	1480	670	-1	12.95	12.95
Fixation L	1	13	1271467882	1271831748	363866	1085.54	564.17	43	50	-1	12.81	12.81
Fixation R	1	14	1271467882	1271831748	363866	1085.54	564.17	43	50	-1	13.55	13.55
Saccade L	1	16	1271831748	1271863744	31996	1081.55	546.49	1062.63	628.73	1.60	71.60	0.50	50.11	3275.98	-3403.96	2532.36
Saccade R	1	17	1271831748	1271863744	31996	1081.55	546.49	1062.63	628.73	1.60	71.60	0.50	50.11	3275.98	-3403.96	2532.36
Fixation L	1	14	1271863744	1272115750	252006	1071.36	655.74	24	41	-1	12.32	12.32
Fixation R	1	15	1271863744	1272115750	252006	1071.36	655.74	24	41	-1	13.02	13.02
Saccade L	1	17	1272115750	1272179754	64004	1081.09	660.54	319.54	501.19	17.04	508.64	0.50	266.24	20974.61	-16970.96	12546.67
Saccade R	1	18	1272115750	1272179754	64004	1081.09	660.54	319.54	501.19	17.04	508.64	0.50	266.24	20974.61	-16970.96	12546.67
Fixation L	1	15	1272179754	1272351773	172019	378.77	516.92	81	50	-1	12.32	12.32
Fixation R	1	16	1272179754	1272351773	172019	378.77	516.92	81	50	-1	12.49	12.49
Saccade L	1	18	1272351773	1272399783	48010	395.28	527.75	254.29	528.34	2.97	136.53	0.33	61.79	6240.54	-4784.95	3396.98
Saccade R	1	19	1272351773	1272399783	48010	395.28	527.75	254.29	528.34	2.97	136.53	0.33	61.79	6240.54	-4784.95	3396.98
Fixation L	1	16	1272399783	1272503768	103985	260.78	542.93	26	22	-1	12.20	12.20
Fixation R	1	17	1272399783	1272503768	103985	260.78	542.93	26	22	-1	12.30	12.30
Saccade L	1	19	1272567769	1272607703	39934	472.54	248.21	484.49	373.40	2.82	193.10	0.40	70.70	7642.64	-7619.54	4400.55
Saccade R	1	20	1272567769	1272607703	39934	472.54	248.21	484.49	373.40	2.82	193.10	0.40	70.70	7642.64	-7619.54	4400.55
Fixation L	1	17	1272607703	1272795764	188061	480.45	366.73	33	17	-1	12.24	12.24
Fixation R	1	18	1272607703	1272795764	188061	480.45	366.73	33	17	-1	12.26	12.26
Saccade L	1	20	1272795764	1272855765	60001	463.85	358.48	1165.97	604.02	16.69	526.80	0.40	278.20	24085.39	-18047.24	14056.07
Saccade R	1	21	1272795764	1272855765	60001	463.85	358.48	1165.97	604.02	16.69	526.80	0.40	278.20	24085.39	-18047.24	14056.07
Fixation L	1	18	1272855765	1273083771	228006	1108.61	577.35	109	42	-1	12.26	12.26
Fixation R	1	19	1272855765	1273083771	228006	1108.61	577.35	109	42	-1	12.74	12.74
Saccade L	1	21	1273083771	1273131771	48000	1060.37	572.60	1014.04	411.74	3.88	223.00	0.42	80.84	10317.71	-9723.57	5659.28
Saccade R	1	22	1273083771	1273131771	48000	1060.37	572.60	1014.04	411.74	3.88	223.00	0.42	80.84	10317.71	-9723.57	5659.28
Fixation L	1	19	1273131771	1273303648	171877	1010.82	405.50	12	16	-1	12.36	12.36
Fixation R	1	20	1273131771	1273303648	171877	1010.82	405.50	12	16	-1	12.82	12.82
Saccade L	1	22	1273303648	1273363663	60015	1017.89	394.59	1080.72	602.96	4.79	223.45	0.27	79.78	10157.66	-8476.22	4574.69
Saccade R	1	23	1273303648	1273363663	60015	1017.89	394.59	1080.72	602.96	4.79	223.45	0.27	79.78	10157.66	-8476.22	4574.69
Fixation L	1	20	1273363663	1273515661	151998	1072.38	584.20	40	31	-1	12.34	12.34
Fixation R	1	21	1273363663	1273515661	151998	1072.38	584.20	40	31	-1	12.72	12.72
Saccade L	1	23	1273515661	1273563663	48002	1088.74	584.43	1054.62	649.54	1.87	96.49	0.33	38.99	4456.60	-3588.24	2089.96
Saccade R	1	24	1273515661	1273563663	48002	1088.74	584.43	1054.62	649.54	1.87	96.49	0.33	38.99	4456.60	-3588.24	2089.96
Fixation L	1	21	1273563663	1273751665	188002	1077.14	642.46	50	28	-1	12.52	12.52
Fixation R	1	22	1273563663	1273751665	188002	1077.14	642.46	50	28	-1	12.91	12.91
Saccade L	1	24	1273751665	1273795665	44000	1086.93	642.83	1186.28	683.13	3.55	203.62	0.45	80.59	8070.03	-8977.11	5152.50
Saccade R	1	25	1273751665	1273795665	44000	1086.93	642.83	1186.28	683.13	3.55	203.62	0.45	80.59	8070.03	-8977.11	5152.50
Fixation L	1	22	1273795665	1274259684	464019	1212.91	671.43	67	32	-1	12.61	12.61
Fixation R	1	23	1273795665	1274259684	464019	1212.91	671.43	67	32	-1	13.15	13.15
Saccade L	1	25	1274259684	1274291735	32051	1233.62	673.53	1295.81	671.70	1.25	65.48	0.37	38.87	2659.06	-2359.16	1825.91
Saccade R	1	26	1274259684	1274291735	32051	1233.62	673.53	1295.81	671.70	1.25	65.48	0.37	38.87	2659.06	-2359.16	1825.91
Fixation L	1	23	1274291735	1274379677	87942	1292.59	680.11	19	18	-1	12.62	12.62
Fixation R	1	24	1274291735	1274379677	87942	1292.59	680.11	19	18	-1	13.21	13.21
Saccade L	1	26	1274379677	1274447713	68036	1281.17	686.56	326.51	475.38	22.36	565.69	0.53	328.70	22201.66	-22427.47	13935.06
Saccade R	1	27	1274379677	1274447713	68036	1281.17	686.56	326.51	475.38	22.36	565.69	0.53	328.70	22201.66	-22427.47	13935.06
Saccade L	1	27	1274447713	1274467692	19979	326.51	475.38	354.41	465.19	0.66	55.74	0.40	32.80	-961.22	-8650.02	3503.62
Saccade R	1	28	1274447713	1274467692	19979	326.51	475.38	354.41	465.19	0.66	55.74	0.40	32.80	-961.22	-8650.02	3503.62
Saccade L	1	28	1274515704	1274583554	67850	250.36	433.90	405.59	452.14	6.14	247.33	0.35	90.50	4084.71	-4660.75	2384.83
Saccade R	1	29	1274515704	1274583554	67850	250.36	433.90	405.59	452.14	6.14	247.33	0.35	90.50	4084.71	-4660.75	2384.83
Saccade L	1	29	1274627558	1274647567	20009	425.52	446.15	343.58	421.80	1.68	193.18	0.60	84.16	7353.67	-4509.74	4097.86
Saccade R	1	30	1274627558	1274647567	20009	425.52	446.15	343.58	421.80	1.68	193.18	0.60	84.16	7353.67	-4509.74	4097.86
Saccade L	1	30	1274647567	1274675585	28018	343.58	421.80	367.42	387.01	1.37	60.43	0.57	49.03	274.42	-4509.74	2283.49
Saccade R	1	31	1274647567	1274675585	28018	343.58	421.80	367.42	387.01	1.37	60.43	0.57	49.03	274.42	-4509.74	2283.49
Saccade L	1	31	1274683553	1274715559	32006	361.18	388.33	298.76	343.12	1.83	140.10	0.50	57.31	5664.80	-5777.44	3725.18
Saccade R	1	32	1274683553	1274715559	32006	361.18	388.33	298.76	343.12	1.83	140.10	0.50	57.31	5664.80	-5777.44	3725.18
Fixation L	1	24	1274715559	1274799580	84021	303.80	321.42	20	44	-1	12.72	12.72
Fixation R	1	25	1274715559	1274799580	84021	303.80	321.42	20	44	-1	12.76	12.76
Saccade L	1	32	1274799580	1274851582	52002	313.91	298.56	285.31	390.60	3.06	137.59	0.31	58.82	6074.35	-4466.97	2589.06
Saccade R	1	33	1274799580	1274851582	52002	313.91	298.56	285.31	390.60	3.06	137.59	0.31	58.82	6074.35	-4466.97	2589.06
Saccade L	1	33	1274851582	1274879570	27988	285.31	390.60	209.53	388.42	1.69	140.48	0.57	60.22	4773.47	-5372.17	3338.85
Saccade R	1	34	1274851582	1274879570	27988	285.31	390.60	209.53	388.42	1.69	140.48	0.57	60.22	4773.47	-5372.17	3338.85
Fixation L	1	25	1274879570	1275043565	163995	220.98	354.86	30	53	-1	12.68	12.68
Fixation R	1	26	1274879570	1275043565	163995	220.98	354.86	30	53	-1	12.69	12.69
Saccade L	1	34	1275043565	1275071567	28002	219.63	347.44	284.24	360.63	1.32	77.49	0.43	47.20	3088.97	-2910.50	2270.39
Saccade R	1	35	1275043565	1275071567	28002	219.63	347.44	284.24	360.63	1.32	77.49	0.43	47.20	3088.97	-2910.50	2270.39
Saccade L	1	35	1275095573	1275127569	31996	285.49	372.94	228.29	407.93	1.34	63.18	0.38	41.96	2456.69	-2211.35	1794.86
Saccade R	1	36	1275095573	1275127569	31996	285.49	372.94	228.29	407.93	1.34	63.18	0.38	41.96	2456.69	-2211.35	1794.86
Fixation L	1	26	1275127569	1275275572	148003	229.22	436.23	42	45	-1	12.82	12.82
Fixation R	1	27	1275127569	1275275572	148003	229.22	436.23	42	45	-1	12.98	12.98
Saccade L	1	36	1275275572	1275371571	95999	258.97	443.17	1168.42	613.47	22.33	637.23	0.33	232.59	26716.78	-19380.14	11078.73
Saccade R	1	37	1275275572	1275371571	95999	258.97	443.17	1168.42	613.47	22.33	637.23	0.33	232.59	26716.78	-19380.14	11078.73
Fixation L	1	27	1275371571	1275515574	144003	1136.20	607.47	46	29	-1	12.71	12.71
Fixation R	1	28	1275371571	1275515574	144003	1136.20	607.47	46	29	-1	13.21	13.21
Saccade L	1	37	1275515574	1275559587	44013	1119.96	626.21	1082.73	583.23	1.33	46.78	0.36	30.11	1694.04	-1200.97	938.28
Saccade R	1	38	1275515574	1275559587	44013	1119.96	626.21	1082.73	583.23	1.33	46.78	0.36	30.11	1694.04	-1200.97	938.28
Fixation L	1	28	1275559587	1275771576	211989	1073.69	584.31	19	37	-1	12.61	12.61
Fixation R	1	29	1275559587	1275771576	211989	1073.69	584.31	19	37	-1	13.21	13.21
Saccade L	1	38	1275771576	1275819580	48004	1065.70	584.05	1177.86	542.49	2.63	117.80	0.33	54.89	5117.58	-2554.13	2541.94
Saccade R	1	39	1275771576	1275819580	48004	1065.70	584.05	1177.86	542.49	2.63	117.80	0.33	54.89	5117.58	-2554.13	2541.94
Fixation L	1	29	1275819580	1276067466	247886	1194.45	567.34	25	44	-1	12.42	12.42
Fixation R	1	30	1275819580	1276067466	247886	1194.45	567.34	25	44	-1	12.96	12.96
Saccade L	1	39	1276067466	1276131475	64009	1205.42	569.91	233.58	387.95	21.67	628.99	0.50	338.58	27436.65	-19287.98	15556.02
Saccade R	1	40	1276067466	1276131475	64009	1205.42	569.91	233.58	387.95	21.67	628.99	0.50	338.58	27436.65	-19287.98	15556.02
Saccade L	1	40	1276131475	1276151497	20022	233.58	387.95	274.22	379.14	0.83	72.23	0.40	41.49	-770.43	-7858.18	2973.04
Saccade R	1	41	1276131475	1276151497	20022	233.58	387.95	274.22	379.14	0.83	72.23	0.40	41.49	-770.43	-7858.18	2973.04
Saccade L	1	41	1276151497	1276191504	40007	274.22	379.14	331.48	373.06	1.21	48.72	0.50	30.30	1482.88	-1843.95	1101.29
Saccade R	1	42	1276151497	1276191504	40007	274.22	379.14	331.48	373.06	1.21	48.72	0.50	30.30	1482.88	-1843.95	1101.29
Saccade L	1	42	1276191504	1276223476	31972	331.48	373.06	163.54	351.86	3.83	336.71	0.62	119.82	13046.95	-8476.89	7135.29
Saccade R	1	43	1276191504	1276223476	31972	331.48	373.06	163.54	351.86	3.83	336.71	0.62	119.82	13046.95	-8476.89	7135.29
Saccade L	1	43	1276239468	1276283468	44000	175.52	468.35	167.21	482.66	4.52	238.81	0.55	102.78	5163.11	-9217.37	3619.18
Saccade R	1	44	1276239468	1276283468	44000	175.52	468.35	167.21	482.66	4.52	238.81	0.55	102.78	5163.11	-9217.37	3619.18
Saccade L	1	44	1276283468	1276351472	68004	167.21	482.66	59.10	424.68	8.83	385.24	0.41	129.87	14549.33	-10592.54	5718.89
Saccade R	1	45	1276283468	1276351472	68004	167.21	482.66	59.10	424.68	8.83	385.24	0.41	129.87	14549.33	-10592.54	5718.89
Saccade L	1	45	1276391505	1276423486	31981	54.29	442.05	243.14	389.11	4.23	364.15	0.37	132.32	14753.52	-14465.79	9884.26
Saccade R	1	46	1276391505	1276423486	31981	54.29	442.05	243.14	389.11	4.23	364.15	0.37	132.32	14753.52	-14465.79	9884.26
Fixation L	1	30	1276423486	1276763481	339995	258.45	431.26	40	74	-1	12.81	12.81
Fixation R	1	31	1276423486	1276763481	339995	258.45	431.26	40	74	-1	12.86	12.86
Saccade L	1	46	1276763481	1276795480	31999	254.72	457.86	306.61	437.54	1.13	52.57	0.63	35.38	2207.46	-2024.50	1602.07
Saccade R	1	47	1276763481	1276795480	31999	254.72	457.86	306.61	437.54	1.13	52.57	0.63	35.38	2207.46	-2024.50	1602.07
Fixation L	1	31	1276795480	1277063487	268007	311.61	413.70	30	47	-1	13.00	13.00
Fixation R	1	32	1276795480	1277063487	268007	311.61	413.70	30	47	-1	12.95	12.95
Saccade L	1	47	1277063487	1277095488	32001	315.23	417.38	266.08	480.08	1.61	82.11	0.38	50.19	3809.88	-3258.69	2420.24
Saccade R	1	48	1277063487	1277095488	32001	315.23	417.38	266.08	480.08	1.61	82.11	0.38	50.19	3809.88	-3258.69	2420.24
Fixation L	1	32	1277095488	1277199501	104013	300.16	464.62	51	22	-1	12.89	12.89
Fixation R	1	33	1277095488	1277199501	104013	300.16	464.62	51	22	-1	13.00	13.00
Saccade L	1	48	1277199501	1277275505	76004	292.43	466.58	1128.13	571.75	18.95	605.16	0.37	249.36	24296.97	-20947.78	12702.42
Saccade R	1	49	1277199501	1277275505	76004	292.43	466.58	1128.13	571.75	18.95	605.16	0.37	249.36	24296.97	-20947.78	12702.42
Saccade L	1	49	1277275505	1277303507	28002	1128.13	571.75	1095.25	557.85	0.76	40.24	0.43	26.98	461.63	-1035.72	482.70
Saccade R	1	50	1277275505	1277303507	28002	1128.13	571.75	1095.25	557.85	0.76	40.24	0.43	26.98	461.63	-1035.72	482.70
Saccade L	1	50	1277331489	1277363392	31903	1076.60	551.75	1064.52	557.30	4.28	205.72	0.25	134.21	9523.85	-9607.59	7939.82
Saccade R	1	51	1277331489	1277363392	31903	1076.60	551.75	1064.52	557.30	4.28	205.72	0.25	134.21	9523.85	-9607.59	7939.82
Fixation L	1	33	1277363392	1277447365	83973	1066.54	559.14	23	13	-1	12.77	12.77
Fixation R	1	34	1277363392	1277447365	83973	1066.54	559.14	23	13	-1	13.42	13.42
Saccade L	1	51	1277447365	1277487404	40039	1058.26	565.19	1140.10	516.50	1.58	68.85	0.30	39.48	2829.50	-2200.19	1217.07
Saccade R	1	52	1277447365	1277487404	40039	1058.26	565.19	1140.10	516.50	1.58	68.85	0.30	39.48	2829.50	-2200.19	1217.07
Fixation L	1	34	1277487404	1277663426	176022	1129.84	507.63	37	31	-1	12.73	12.73
Fixation R	1	35	1277487404	1277663426	176022	1129.84	507.63	37	31	-1	13.37	13.37
Saccade L	1	52	1277663426	1277699375	35949	1131.33	502.21	1168.26	511.32	1.06	49.89	0.55	29.55	1673.34	-714.26	798.10
Saccade R	1	53	1277663426	1277699375	35949	1131.33	502.21	1168.26	511.32	1.06	49.89	0.55	29.55	1673.34	-714.26	798.10
Fixation L	1	35	1277715374	1278059402	344028	1185.11	480.62	46	56	-1	12.42	12.42
Fixation R	1	36	1277715374	1278059402	344028	1185.11	480.62	46	56	-1	13.07	13.07
Saccade L	1	53	1278059402	1278079388	19986	1212.91	482.40	1215.66	460.57	0.52	42.95	0.40	26.13	1355.11	-897.48	779.15
Saccade R	1	54	1278059402	1278079388	19986	1212.91	482.40	1215.66	460.57	0.52	42.95	0.40	26.13	1355.11	-897.48	779.15
Saccade L	1	54	1278079388	1278135383	55995	1215.66	460.57	1090.82	491.96	3.17	179.33	0.36	56.57	7022.96	-6311.22	3251.51
Saccade R	1	55	1278079388	1278135383	55995	1215.66	460.57	1090.82	491.96	3.17	179.33	0.36	56.57	7022.96	-6311.22	3251.51
Saccade L	1	55	1278183385	1278247392	64007	1094.52	457.17	152.50	505.95	20.60	543.41	0.50	321.79	22952.31	-20252.74	13640.42
Saccade R	1	56	1278183385	1278247392	64007	1094.52	457.17	152.50	505.95	20.60	543.41	0.50	321.79	22952.31	-20252.74	13640.42
Saccade L	1	56	1278247392	1278275383	27991	152.50	505.95	216.37	461.91	1.40	89.36	0.57	49.99	1912.34	-7381.28	2579.04
Saccade R	1	57	1278247392	1278275383	27991	152.50	505.95	216.37	461.91	1.40	89.36	0.57	49.99	1912.34	-7381.28	2579.04
Saccade L	1	57	1278275383	1278315386	40003	216.37	461.91	236.54	480.62	1.23	50.99	0.60	30.76	1108.79	-1817.99	901.18
Saccade R	1	58	1278275383	1278315386	40003	216.37	461.91	236.54	480.62	1.23	50.99	0.60	30.76	1108.79	-1817.99	901.18
Fixation L	1	36	1278315386	1278575406	260020	251.54	489.46	26	41	-1	12.86	12.86
Fixation R	1	37	1278315386	1278575406	260020	251.54	489.46	26	41	-1	12.69	12.69
Saccade L	1	58	1278575406	1278611405	35999	255.00	491.52	315.85	450.82	1.43	70.51	0.67	39.69	1769.02	-2619.73	1550.12
Saccade R	1	59	1278575406	1278611405	35999	255.00	491.52	315.85	450.82	1.43	70.51	0.67	39.69	1769.02	-2619.73	1550.12
Fixation L	1	37	1278611405	1278815275	203870	325.67	447.35	37	27	-1	13.15	13.15
Fixation R	1	38	1278611405	1278815275	203870	325.67	447.35	37	27	-1	12.95	12.95
Saccade L	1	59	1278815275	1278883272	67997	341.62	440.69	254.24	492.72	3.52	87.48	0.65	51.76	2021.05	-2515.46	1091.59
Saccade R	1	60	1278815275	1278883272	67997	341.62	440.69	254.24	492.72	3.52	87.48	0.65	51.76	2021.05	-2515.46	1091.59
Fixation L	1	38	1278883272	1279027276	144004	254.93	509.54	26	30	-1	13.28	13.28
Fixation R	1	39	1278883272	1279027276	144004	254.93	509.54	26	30	-1	13.07	13.07
Saccade L	1	60	1279027276	1279047273	19997	259.36	516.22	255.50	491.19	0.55	43.15	0.60	27.59	1900.32	-1879.74	1315.96
Saccade R	1	61	1279027276	1279047273	19997	259.36	516.22	255.50	491.19	0.55	43.15	0.60	27.59	1900.32	-1879.74	1315.96
Saccade L	1	61	1279067280	1279087304	20024	254.29	494.13	254.34	519.13	0.67	52.35	0.60	33.69	2284.45	-1898.32	1520.76
Saccade R	1	62	1279067280	1279087304	20024	254.29	494.13	254.34	519.13	0.67	52.35	0.60	33.69	2284.45	-1898.32	1520.76
Saccade L	1	62	1279107276	1279135286	28010	252.85	514.80	268.02	472.46	0.94	48.95	0.43	33.47	1565.94	-2117.15	1406.52
Saccade R	1	63	1279107276	1279135286	28010	252.85	514.80	268.02	472.46	0.94	48.95	0.43	33.47	1565.94	-2117.15	1406.52
Saccade L	1	63	1279183283	1279207312	24029	267.22	482.83	305.21	475.57	0.86	72.19	0.50	35.90	2684.60	-1139.70	1326.43
Saccade R	1	64	1279183283	1279207312	24029	267.22	482.83	305.21	475.57	0.86	72.19	0.50	35.90	2684.60	-1139.70	1326.43
Saccade L	1	64	1279207312	1279231293	23981	305.21	475.57	324.01	442.51	0.71	45.68	0.33	29.77	363.18	-1504.63	760.75
Saccade R	1	65	1279207312	1279231293	23981	305.21	475.57	324.01	442.51	0.71	45.68	0.33	29.77	363.18	-1504.63	760.75
Fixation L	1	39	1279231293	1279479312	248019	329.35	416.82	17	57	-1	13.24	13.24
Fixation R	1	40	1279231293	1279479312	248019	329.35	416.82	17	57	-1	12.96	12.96
Saccade L	1	65	1279479312	1279499286	19974	322.09	409.24	329.78	427.94	0.56	46.80	0.40	28.22	733.90	-1208.48	653.60
Saccade R	1	66	1279479312	1279499286	19974	322.09	409.24	329.78	427.94	0.56	46.80	0.40	28.22	733.90	-1208.48	653.60
Saccade L	1	66	1279511286	1279543291	32005	321.68	442.88	326.32	402.66	3.18	170.05	0.75	99.43	6700.52	-6730.47	4662.64
Saccade R	1	67	1279511286	1279543291	32005	321.68	442.88	326.32	402.66	3.18	170.05	0.75	99.43	6700.52	-6730.47	4662.64
Saccade L	1	67	1279591322	1279619304	27982	345.20	397.20	326.48	447.18	0.97	51.44	0.71	34.76	2125.05	-1301.36	1324.84
Saccade R	1	68	1279591322	1279619304	27982	345.20	397.20	326.48	447.18	0.97	51.44	0.71	34.76	2125.05	-1301.36	1324.84
Saccade L	1	68	1279635289	1279695380	60091	326.39	424.64	233.69	480.02	3.22	118.91	0.40	53.52	4061.09	-3290.18	2180.77
Saccade R	1	69	1279635289	1279695380	60091	326.39	424.64	233.69	480.02	3.22	118.91	0.40	53.52	4061.09	-3290.18	2180.77
Fixation L	1	40	1279695380	1279783304	87924	240.37	483.76	15	23	-1	13.16	13.16
Fixation R	1	41	1279695380	1279783304	87924	240.37	483.76	15	23	-1	12.83	12.83
Saccade L	1	69	1279783304	1279887300	103996	246.40	468.54	1192.81	526.40	23.03	563.11	0.27	221.49	24579.33	-17376.17	9147.12
Saccade R	1	70	1279783304	1279887300	103996	246.40	468.54	1192.81	526.40	23.03	563.11	0.27	221.49	24579.33	-17376.17	9147.12
Fixation L	1	41	1279887300	1280007324	120024	1164.54	507.68	51	29	-1	12.77	12.77
Fixation R	1	42	1279887300	1280007324	120024	1164.54	507.68	51	29	-1	13.12	13.12
Saccade L	1	70	1280007324	1280055307	47983	1140.68	506.53	1167.78	608.67	2.17	95.12	0.25	45.27	4440.66	-2747.81	2081.01
Saccade R	1	71	1280007324	1280055307	47983	1140.68	506.53	1167.78	608.67	2.17	95.12	0.25	45.27	4440.66	-2747.81	2081.01
Saccade L	1	71	1280075304	1280095306	20002	1178.64	605.82	1179.32	576.75	0.86	94.36	0.60	42.91	3582.02	-1914.86	1852.53
Saccade R	1	72	1280075304	1280095306	20002	1178.64	605.82	1179.32	576.75	0.86	94.36	0.60	42.91	3582.02	-1914.86	1852.53
Saccade L	1	72	1280095306	1280123299	27993	1179.32	576.75	1147.77	562.68	0.74	42.21	0.57	26.28	828.95	-1736.72	1151.98
Saccade R	1	73	1280095306	1280123299	27993	1179.32	576.75	1147.77	562.68	0.74	42.21	0.57	26.28	828.95	-1736.72	1151.98
Fixation L	1	42	1280123299	1280427182	303883	1192.45	579.10	73	72	-1	12.71	12.71
Fixation R	1	43	1280123299	1280427182	303883	1192.45	579.10	73	72	-1	13.05	13.05
Saccade L	1	73	1280427182	1280463192	36010	1219.20	609.06	1204.41	659.52	1.00	42.30	0.33	27.76	716.32	-862.25	578.75
Saccade R	1	74	1280427182	1280463192	36010	1219.20	609.06	1204.41	659.52	1.00	42.30	0.33	27.76	716.32	-862.25	578.75
Saccade L	1	74	1280495190	1280527208	32018	1201.97	671.01	1215.77	656.28	1.93	84.16	0.63	60.26	3680.47	-3821.72	3044.12
Saccade R	1	75	1280495190	1280527208	32018	1201.97	671.01	1215.77	656.28	1.93	84.16	0.63	60.26	3680.47	-3821.72	3044.12
Fixation L	1	43	1280527208	1280599198	71990	1213.80	650.69	8	12	-1	12.75	12.75
Fixation R	1	44	1280527208	1280599198	71990	1213.80	650.69	8	12	-1	12.78	12.78
Saccade L	1	75	1280599198	1280623197	23999	1208.15	654.92	1121.07	570.61	2.43	226.38	0.50	101.25	9092.97	-9117.93	6755.84
Saccade R	1	76	1280599198	1280623197	23999	1208.15	654.92	1121.07	570.61	2.43	226.38	0.50	101.25	9092.97	-9117.93	6755.84
Saccade L	1	76	1280655200	1280679195	23995	1131.26	574.30	1187.27	680.91	1.68	150.24	0.67	70.16	6814.59	-3046.89	3443.36
Saccade R	1	77	1280655200	1280679195	23995	1131.26	574.30	1187.27	680.91	1.68	150.24	0.67	70.16	6814.59	-3046.89	3443.36
Fixation L	1	44	1280679195	1280767187	87992	1148.19	621.82	55	75	-1	12.65	12.65
Fixation R	1	45	1280679195	1280767187	87992	1148.19	621.82	55	75	-1	12.78	12.78
Saccade L	1	77	1280767187	1280803194	36007	1131.36	621.16	1218.22	810.12	4.45	235.91	0.33	123.46	10665.77	-9342.78	6583.09
Saccade R	1	78	1280767187	1280803194	36007	1131.36	621.16	1218.22	810.12	4.45	235.91	0.33	123.46	10665.77	-9342.78	6583.09
Saccade L	1	78	1280803194	1280835722	32528	1218.22	810.12	1236.91	642.59	3.51	276.92	0.37	107.84	7451.65	-10612.38	5963.58
Fixation R	1	46	1280803194	1280939193	135999	1228.79	684.87	20	171	-1	11.35	11.35
Fixation L	1	45	1280835722	1280939193	103471	1230.17	676.03	12	44	-1	12.72	12.72
Saccade L	1	79	1280939193	1281011197	72004	1236.88	671.59	229.29	539.23	22.63	657.14	0.56	314.27	19227.05	-19058.54	13487.78
Saccade R	1	79	1280939193	1281011197	72004	1236.88	671.59	229.29	539.23	22.63	657.14	0.56	314.27	19227.05	-19058.54	13487.78
Saccade L	1	80	1281027211	1281099196	71985	246.75	528.29	368.19	473.60	3.10	117.61	0.56	43.05	3634.60	-4133.52	1677.85
Saccade R	1	80	1281027211	1281099196	71985	246.75	528.29	368.19	473.60	3.10	117.61	0.56	43.05	3634.60	-4133.52	1677.85
Saccade L	1	81	1281123217	1281151198	27981	373.16	476.33	280.22	440.14	2.25	183.00	0.43	80.34	7628.03	-5541.99	4434.03
Saccade R	1	81	1281123217	1281151198	27981	373.16	476.33	280.22	440.14	2.25	183.00	0.43	80.34	7628.03	-5541.99	4434.03
Saccade L	1	82	1281151198	1281187207	36009	280.22	440.14	319.89	461.78	2.51	147.04	0.33	69.69	3046.88	-3334.23	1870.39
Saccade R	1	82	1281151198	1281187207	36009	280.22	440.14	319.89	461.78	2.51	147.04	0.33	69.69	3046.88	-3334.23	1870.39
Saccade L	1	83	1281187207	1281223197	35990	319.89	461.78	348.55	361.70	1.89	122.25	0.22	52.64	2201.84	-4395.88	2073.15
Saccade R	1	83	1281187207	1281223197	35990	319.89	461.78	348.55	361.70	1.89	122.25	0.22	52.64	2201.84	-4395.88	2073.15
Fixation L	1	46	1281223197	1281447203	224006	341.84	386.14	37	57	-1	12.87	12.87
Fixation R	1	47	1281223197	1281447203	224006	341.84	386.14	37	57	-1	12.44	12.44
Saccade L	1	84	1281447203	1281503206	56003	325.57	392.11	403.63	342.71	2.09	88.81	0.29	37.37	4088.53	-2857.93	1652.87
Saccade R	1	84	1281447203	1281503206	56003	325.57	392.11	403.63	342.71	2.09	88.81	0.29	37.37	4088.53	-2857.93	1652.87
Fixation L	1	47	1281503206	1281599084	95878	400.77	332.58	26	13	-1	12.79	12.79
Fixation R	1	48	1281503206	1281599084	95878	400.77	332.58	26	13	-1	12.39	12.39
Fixation L	1	48	1281659084	1281823096	164012	318.29	568.32	36	33	-1	13.22	13.22
Fixation R	1	49	1281659084	1281823096	164012	318.29	568.32	36	33	-1	12.78	12.78
Saccade L	1	85	1281823096	1281939129	116033	325.60	565.70	1156.99	650.73	26.02	594.19	0.38	224.28	26195.91	-27299.48	9145.69
Saccade R	1	85	1281823096	1281939129	116033	325.60	565.70	1156.99	650.73	26.02	594.19	0.38	224.28	26195.91	-27299.48	9145.69
Fixation L	1	49	1281939129	1282027108	87979	1161.72	655.23	13	16	-1	13.36	13.36
Fixation R	1	50	1281939129	1282027108	87979	1161.72	655.23	13	16	-1	13.49	13.49
Saccade L	1	86	1282027108	1282071091	43983	1166.07	651.36	1107.22	650.18	1.20	47.04	0.27	27.34	1689.76	-979.87	876.72
Saccade R	1	86	1282027108	1282071091	43983	1166.07	651.36	1107.22	650.18	1.20	47.04	0.27	27.34	1689.76	-979.87	876.72
Saccade L	1	87	1282091111	1282111096	19985	1102.43	646.37	1137.42	664.36	0.56	48.72	0.60	27.97	1683.77	-762.46	747.86
Saccade R	1	87	1282091111	1282111096	19985	1102.43	646.37	1137.42	664.36	0.56	48.72	0.60	27.97	1683.77	-762.46	747.86
Saccade L	1	88	1282123126	1282155099	31973	1106.55	664.69	1112.72	663.91	0.88	55.26	0.25	27.49	911.96	-1410.49	607.36
Saccade R	1	88	1282123126	1282155099	31973	1106.55	664.69	1112.72	663.91	0.88	55.26	0.25	27.49	911.96	-1410.49	607.36
Saccade L	1	89	1282307133	1282331104	23971	987.57	400.87	1057.59	667.56	5.53	527.75	0.50	230.65	21323.61	-20918.84	15886.16
Saccade R	1	89	1282307133	1282331104	23971	987.57	400.87	1057.59	667.56	5.53	527.75	0.50	230.65	21323.61	-20918.84	15886.16
Saccade L	1	90	1282363109	1282399098	35989	1050.15	682.66	1046.19	608.01	1.70	102.85	0.44	47.12	4244.70	-3593.15	2611.26
Saccade R	1	90	1282363109	1282399098	35989	1050.15	682.66	1046.19	608.01	1.70	102.85	0.44	47.12	4244.70	-3593.15	2611.26
Fixation L	1	50	1282399098	1282471122	72024	1053.89	596.51	16	22	-1	13.57	13.57
Fixation R	1	51	1282399098	1282471122	72024	1053.89	596.51	16	22	-1	13.89	13.89
