[BeGaze]
Converted from:	D:\Kirillov\Results\ermolova_temp_reversed\Dima-eye_data.idf
Date:	17.04.2019 03:56:24
Version:	BeGaze 3.0.181
Sample Rate:	250
Subject:	Dima
Description:	Run3

Table Header for Fixations:
Event Type	Trial	Number	Start	End	Duration	Location X	Location Y	Dispersion X	Dispersion Y	Plane	Avg. Pupil Size X	Avg. Pupil Size Y

Table Header for Saccades:
Event Type	Trial	Number	Start	End	Duration	Start Loc.X	Start Loc.Y	End Loc.X	End Loc.Y	Amplitude	Peak Speed	Peak Speed At	Average Speed	Peak Accel.	Peak Decel.	Average Accel.

Table Header for User Events:
Event Type	Trial	Number	Start	Description

UserEvent	1	1	1183700980	# Message: rc-experiment-10.jpg
Fixation L	1	1	1183701715	1183845737	144022	401.80	445.30	16	14	-1	13.28	13.28
Fixation R	1	1	1183701715	1183845737	144022	401.80	445.30	16	14	-1	13.49	13.49
Saccade L	1	1	1183845737	1183913737	68000	392.32	455.08	670.84	472.23	6.41	273.83	0.29	94.19	13056.20	-9811.92	5527.17
Saccade R	1	1	1183845737	1183913737	68000	392.32	455.08	670.84	472.23	6.41	273.83	0.29	94.19	13056.20	-9811.92	5527.17
Fixation L	1	2	1183913737	1184045717	131980	656.45	437.00	23	57	-1	13.06	13.06
Fixation R	1	2	1183913737	1184045717	131980	656.45	437.00	23	57	-1	13.53	13.53
Fixation L	1	3	1184109736	1184159743	50007	0.00	0.00	0	0	-1	16.20	16.20
Saccade L	1	2	1184261724	1184301722	39998	1242.87	291.91	1228.66	334.28	1.02	53.79	0.40	25.58	1389.83	-4399.37	1335.23
Saccade R	1	2	1184261724	1184301722	39998	1242.87	291.91	1228.66	334.28	1.02	53.79	0.40	25.58	1389.83	-4399.37	1335.23
Fixation L	1	4	1184301722	1185581623	1279901	1277.88	309.73	98	80	-1	12.24	12.24
Fixation R	1	3	1184301722	1185581623	1279901	1277.88	309.73	98	80	-1	12.84	12.84
Saccade L	1	3	1185581623	1185645623	64000	1290.34	307.59	816.27	850.74	15.96	546.47	0.44	249.41	23593.43	-19919.77	13724.33
Saccade R	1	3	1185581623	1185645623	64000	1290.34	307.59	816.27	850.74	15.96	546.47	0.44	249.41	23593.43	-19919.77	13724.33
Fixation L	1	5	1185645623	1185897676	252053	842.40	820.30	48	45	-1	12.91	12.91
Fixation R	1	4	1185645623	1185897676	252053	842.40	820.30	48	45	-1	13.25	13.25
Fixation L	1	6	1185965651	1186153653	188002	904.84	882.70	23	23	-1	12.91	12.91
Fixation R	1	5	1185965651	1186153653	188002	904.84	882.70	23	23	-1	13.34	13.34
Saccade L	1	4	1186153653	1186193641	39988	896.69	873.94	916.72	827.76	1.08	46.50	0.40	27.13	1949.83	-671.12	773.27
Saccade R	1	4	1186153653	1186193641	39988	896.69	873.94	916.72	827.76	1.08	46.50	0.40	27.13	1949.83	-671.12	773.27
Fixation L	1	7	1186193641	1186469530	275889	924.19	804.53	18	48	-1	12.86	12.86
Fixation R	1	6	1186193641	1186469530	275889	924.19	804.53	18	48	-1	13.38	13.38
Saccade L	1	5	1186469530	1186521516	51986	924.39	794.39	760.01	805.65	3.57	180.75	0.31	68.77	8482.23	-7106.54	4270.93
Saccade R	1	5	1186469530	1186521516	51986	924.39	794.39	760.01	805.65	3.57	180.75	0.31	68.77	8482.23	-7106.54	4270.93
Fixation L	1	8	1186521516	1186625536	104020	761.91	777.96	11	39	-1	13.01	13.01
Fixation R	1	7	1186521516	1186625536	104020	761.91	777.96	11	39	-1	13.05	13.05
Saccade L	1	6	1186625536	1186689571	64035	766.09	771.84	734.93	898.18	2.97	113.20	0.25	46.39	5123.27	-4103.74	2246.86
Saccade R	1	6	1186625536	1186689571	64035	766.09	771.84	734.93	898.18	2.97	113.20	0.25	46.39	5123.27	-4103.74	2246.86
Fixation L	1	9	1186689571	1186801545	111974	738.88	887.54	9	30	-1	12.99	12.99
Fixation R	1	8	1186689571	1186801545	111974	738.88	887.54	9	30	-1	13.09	13.09
Fixation L	1	10	1186901531	1187005534	104003	862.55	356.46	10	11	-1	13.06	13.06
Fixation R	1	9	1186901531	1187005534	104003	862.55	356.46	10	11	-1	13.04	13.04
Saccade L	1	7	1187005534	1187065532	59998	855.41	359.51	1202.60	358.57	7.97	310.12	0.33	132.80	14376.05	-12531.17	7957.41
Saccade R	1	7	1187005534	1187065532	59998	855.41	359.51	1202.60	358.57	7.97	310.12	0.33	132.80	14376.05	-12531.17	7957.41
Fixation L	1	11	1187065532	1187261541	196009	1163.00	349.03	55	14	-1	13.21	13.21
Fixation R	1	10	1187065532	1187261541	196009	1163.00	349.03	55	14	-1	13.27	13.27
Saccade L	1	8	1187261541	1187321538	59997	1148.73	349.98	1221.49	345.82	1.63	42.03	0.27	27.13	1802.13	-1126.29	957.41
Saccade R	1	8	1187261541	1187321538	59997	1148.73	349.98	1221.49	345.82	1.63	42.03	0.27	27.13	1802.13	-1126.29	957.41
Fixation L	1	12	1187321538	1187421539	100001	1215.97	345.98	17	3	-1	13.29	13.29
Fixation R	1	11	1187321538	1187421539	100001	1215.97	345.98	17	3	-1	13.30	13.30
Saccade L	1	9	1187421539	1187501552	80013	1214.07	346.29	795.12	873.41	15.20	555.12	0.30	189.98	24948.00	-18896.07	10812.00
Saccade R	1	9	1187421539	1187501552	80013	1214.07	346.29	795.12	873.41	15.20	555.12	0.30	189.98	24948.00	-18896.07	10812.00
Fixation L	1	13	1187501552	1187637578	136026	802.93	848.78	26	39	-1	13.37	13.37
Fixation R	1	12	1187501552	1187637578	136026	802.93	848.78	26	39	-1	13.54	13.54
Saccade L	1	10	1187637578	1187681549	43971	807.65	853.02	736.54	835.26	1.64	83.44	0.36	37.35	3694.43	-3102.06	2186.10
Saccade R	1	10	1187637578	1187681549	43971	807.65	853.02	736.54	835.26	1.64	83.44	0.36	37.35	3694.43	-3102.06	2186.10
Fixation L	1	14	1187681549	1187821546	139997	741.58	812.93	17	31	-1	13.38	13.38
Fixation R	1	13	1187681549	1187821546	139997	741.58	812.93	17	31	-1	13.43	13.43
Saccade L	1	11	1187821546	1187861422	39876	750.12	809.10	736.60	696.93	2.40	140.85	0.40	60.24	6165.40	-5736.55	4095.34
Saccade R	1	11	1187821546	1187861422	39876	750.12	809.10	736.60	696.93	2.40	140.85	0.40	60.24	6165.40	-5736.55	4095.34
Fixation L	1	15	1187861422	1188141430	280008	744.12	696.08	23	24	-1	13.50	13.50
Fixation R	1	14	1187861422	1188141430	280008	744.12	696.08	23	24	-1	13.50	13.50
Saccade L	1	12	1188141430	1188177440	36010	740.84	703.94	886.64	701.94	3.04	198.31	0.44	84.54	9241.61	-8909.24	6388.39
Saccade R	1	12	1188141430	1188177440	36010	740.84	703.94	886.64	701.94	3.04	198.31	0.44	84.54	9241.61	-8909.24	6388.39
Fixation L	1	16	1188177440	1188761465	584025	893.83	681.85	49	34	-1	13.17	13.17
Fixation R	1	15	1188177440	1188761465	584025	893.83	681.85	49	34	-1	13.35	13.35
Saccade L	1	13	1188761465	1188813445	51980	910.55	678.64	908.40	801.96	2.69	147.06	0.39	51.80	6505.81	-5121.74	3274.07
Saccade R	1	13	1188761465	1188813445	51980	910.55	678.64	908.40	801.96	2.69	147.06	0.39	51.80	6505.81	-5121.74	3274.07
Fixation L	1	17	1188813445	1188989446	176001	899.05	807.69	19	12	-1	12.92	12.92
Fixation R	1	16	1188813445	1188989446	176001	899.05	807.69	19	12	-1	13.36	13.36
Fixation L	1	18	1189069450	1189333330	263880	759.05	797.80	37	55	-1	12.94	12.94
Fixation R	1	17	1189069450	1189333330	263880	759.05	797.80	37	55	-1	13.16	13.16
Saccade L	1	14	1189333330	1189401348	68018	752.20	819.89	822.84	798.01	1.71	52.10	0.29	25.15	2136.00	-1702.69	961.04
Saccade R	1	14	1189333330	1189401348	68018	752.20	819.89	822.84	798.01	1.71	52.10	0.29	25.15	2136.00	-1702.69	961.04
Fixation L	1	19	1189401348	1189577337	175989	824.56	777.77	7	31	-1	12.89	12.89
Fixation R	1	18	1189401348	1189577337	175989	824.56	777.77	7	31	-1	13.19	13.19
Saccade L	1	15	1189577337	1189649376	72039	822.55	775.13	1133.36	338.85	12.64	411.40	0.22	175.44	19670.76	-13757.22	8649.77
Saccade R	1	15	1189577337	1189649376	72039	822.55	775.13	1133.36	338.85	12.64	411.40	0.22	175.44	19670.76	-13757.22	8649.77
Saccade L	1	16	1189649376	1189721340	71964	1133.36	338.85	1081.60	399.24	1.87	53.84	0.22	26.00	1836.99	-1030.20	735.85
Saccade R	1	16	1189649376	1189721340	71964	1133.36	338.85	1081.60	399.24	1.87	53.84	0.22	26.00	1836.99	-1030.20	735.85
Fixation L	1	20	1189853355	1190117347	263992	1196.75	340.38	25	23	-1	12.73	12.73
Fixation R	1	19	1189853355	1190117347	263992	1196.75	340.38	25	23	-1	12.91	12.91
Saccade L	1	17	1190117347	1190161357	44010	1194.14	328.40	1247.91	339.86	1.16	44.61	0.36	26.38	1857.86	-1399.42	1169.62
Saccade R	1	17	1190117347	1190161357	44010	1194.14	328.40	1247.91	339.86	1.16	44.61	0.36	26.38	1857.86	-1399.42	1169.62
Fixation L	1	21	1190161357	1190233350	71993	1246.96	340.37	12	12	-1	12.44	12.44
Fixation R	1	20	1190161357	1190233350	71993	1246.96	340.37	12	12	-1	12.83	12.83
Saccade L	1	18	1190233350	1190301351	68001	1238.76	349.72	816.01	832.07	14.96	470.75	0.47	219.94	21307.45	-15929.64	11607.31
Saccade R	1	18	1190233350	1190301351	68001	1238.76	349.72	816.01	832.07	14.96	470.75	0.47	219.94	21307.45	-15929.64	11607.31
Fixation L	1	22	1190301351	1190433377	132026	846.15	828.49	46	26	-1	12.81	12.81
Fixation R	1	21	1190301351	1190433377	132026	846.15	828.49	46	26	-1	13.19	13.19
Saccade L	1	19	1190433377	1190485394	52017	861.57	830.04	832.51	768.49	1.59	68.30	0.23	30.64	3237.10	-2119.98	1416.21
Saccade R	1	19	1190433377	1190485394	52017	861.57	830.04	832.51	768.49	1.59	68.30	0.23	30.64	3237.10	-2119.98	1416.21
Fixation L	1	23	1190485394	1190577377	91983	842.32	783.01	15	29	-1	12.89	12.89
Fixation R	1	22	1190485394	1190577377	91983	842.32	783.01	15	29	-1	13.19	13.19
Saccade L	1	20	1190577377	1190633266	55889	838.06	799.58	906.07	779.52	1.51	56.90	0.21	27.08	2251.74	-1926.88	1185.35
Saccade R	1	20	1190577377	1190633266	55889	838.06	799.58	906.07	779.52	1.51	56.90	0.21	27.08	2251.74	-1926.88	1185.35
Fixation L	1	24	1190633266	1190833262	199996	905.00	776.75	23	15	-1	12.92	12.92
Fixation R	1	23	1190633266	1190833262	199996	905.00	776.75	23	15	-1	13.23	13.23
Saccade L	1	21	1190833262	1190881258	47996	910.67	773.44	700.99	805.82	4.48	228.49	0.25	93.30	10114.94	-7195.38	5505.20
Saccade R	1	21	1190833262	1190881258	47996	910.67	773.44	700.99	805.82	4.48	228.49	0.25	93.30	10114.94	-7195.38	5505.20
Fixation L	1	25	1190881258	1191001253	119995	700.75	792.72	17	19	-1	13.16	13.16
Fixation R	1	24	1190881258	1191001253	119995	700.75	792.72	17	19	-1	13.21	13.21
Saccade L	1	22	1191001253	1191089251	87998	712.45	790.14	631.56	790.40	2.10	49.81	0.41	23.91	1256.13	-911.72	689.54
Saccade R	1	22	1191001253	1191089251	87998	712.45	790.14	631.56	790.40	2.10	49.81	0.41	23.91	1256.13	-911.72	689.54
Fixation L	1	26	1191089251	1191189246	99995	628.79	749.07	18	334	-1	13.11	13.11
Fixation R	1	25	1191089251	1191189246	99995	628.79	749.07	18	334	-1	13.08	13.08
