[BeGaze]
Converted from:	D:\Kirillov\Results\ermolova_temp_reversed\versh-eye_data.idf
Date:	17.04.2019 03:56:22
Version:	BeGaze 3.0.181
Sample Rate:	250
Subject:	versh
Description:	Run2

Table Header for Fixations:
Event Type	Trial	Number	Start	End	Duration	Location X	Location Y	Dispersion X	Dispersion Y	Plane	Avg. Pupil Size X	Avg. Pupil Size Y

Table Header for Saccades:
Event Type	Trial	Number	Start	End	Duration	Start Loc.X	Start Loc.Y	End Loc.X	End Loc.Y	Amplitude	Peak Speed	Peak Speed At	Average Speed	Peak Accel.	Peak Decel.	Average Accel.

Table Header for User Events:
Event Type	Trial	Number	Start	Description

UserEvent	1	1	7907065947	# Message: rc-experiment-19.jpg
Fixation L	1	1	7907069265	7907433286	364021	411.39	298.26	31	24	-1	14.07	14.07
Fixation R	1	1	7907069265	7907581313	512048	323.40	242.20	446	676	-1	13.25	13.25
Saccade L	1	1	7907433286	7907489292	56006	395.19	285.76	0.00	0.00	15.15	1057.62	0.79	270.54	41221.12	-44826.69	19436.99
Fixation L	1	2	7907489292	7907581313	92021	0.00	0.00	0	0	-1	8.17	8.17
Fixation L	1	3	7907701273	7907977285	276012	1207.07	547.84	17	18	-1	13.16	13.16
Fixation R	1	2	7907701273	7907977285	276012	1207.07	547.84	17	18	-1	13.88	13.88
Saccade L	1	2	7907977285	7908017297	40012	1212.45	556.27	1058.80	520.91	3.29	176.73	0.50	82.18	7753.43	-7965.76	5489.71
Saccade R	1	1	7907977285	7908017297	40012	1212.45	556.27	1058.80	520.91	3.29	176.73	0.50	82.18	7753.43	-7965.76	5489.71
Fixation L	1	4	7908017297	7908261156	243859	1059.62	525.80	12	49	-1	13.02	13.02
Fixation R	1	3	7908017297	7908261156	243859	1059.62	525.80	12	49	-1	13.75	13.75
Saccade L	1	3	7908261156	7908337162	76006	1064.85	521.78	443.29	424.43	14.32	343.16	0.42	188.35	14879.89	-11897.65	7524.76
Saccade R	1	2	7908261156	7908337162	76006	1064.85	521.78	443.29	424.43	14.32	343.16	0.42	188.35	14879.89	-11897.65	7524.76
Fixation L	1	5	7908337162	7908545162	208000	448.02	406.80	36	47	-1	12.65	12.65
Fixation R	1	4	7908337162	7908677175	340013	306.81	289.94	535	1027	-1	11.53	11.53
Saccade L	1	4	7908545162	7908585172	40010	426.78	378.81	0.03	0.00	20.23	1410.33	0.70	505.58	53800.29	-63064.95	35912.12
Fixation L	1	6	7908585172	7908677175	92003	0.00	0.00	0	0	-1	6.20	6.20
Saccade L	1	5	7908777160	7908809196	32036	367.40	361.83	386.27	397.72	0.84	40.17	0.38	26.30	430.95	-857.66	391.75
Saccade R	1	3	7908777160	7908809196	32036	367.40	361.83	386.27	397.72	0.84	40.17	0.38	26.30	430.95	-857.66	391.75
Fixation L	1	7	7908809196	7908901168	91972	393.68	416.67	15	26	-1	12.78	12.78
Fixation R	1	5	7908809196	7908901168	91972	393.68	416.67	15	26	-1	12.79	12.79
Saccade L	1	6	7908901168	7908977178	76010	386.03	417.15	1064.75	653.00	15.94	435.44	0.47	209.76	18852.81	-16008.57	9912.98
Saccade R	1	4	7908901168	7908977178	76010	386.03	417.15	1064.75	653.00	15.94	435.44	0.47	209.76	18852.81	-16008.57	9912.98
Fixation L	1	8	7908977178	7909709052	731874	1059.85	677.22	25	59	-1	13.15	13.15
Fixation R	1	6	7908977178	7909709052	731874	1059.85	677.22	25	59	-1	13.81	13.81
Fixation L	1	9	7909889057	7910337078	448021	687.07	439.10	1016	1137	-1	10.50	10.50
Fixation R	1	7	7909889057	7910337078	448021	687.07	439.10	1016	1137	-1	10.88	10.88
Saccade L	1	7	7910337078	7910417072	79994	0.00	0.00	943.93	504.47	46.64	2388.14	0.40	583.04	56666.70	-86098.86	28442.30
Saccade R	1	5	7910337078	7910417072	79994	0.00	0.00	943.93	504.47	46.64	2388.14	0.40	583.04	56666.70	-86098.86	28442.30
Fixation L	1	10	7910417072	7910709078	292006	987.90	541.71	54	60	-1	13.40	13.40
Fixation R	1	8	7910417072	7910833068	415996	761.96	431.47	1020	1025	-1	12.36	12.36
Fixation L	1	11	7910960979	7911300960	339981	840.87	787.10	23	29	-1	13.98	13.98
Fixation R	1	9	7910960979	7911300960	339981	840.87	787.10	23	29	-1	14.15	14.15
Saccade L	1	8	7911300960	7911396975	96015	837.70	790.41	458.38	446.14	12.57	368.40	0.21	130.91	17228.11	-12984.48	6086.25
Saccade R	1	6	7911300960	7911396975	96015	837.70	790.41	458.38	446.14	12.57	368.40	0.21	130.91	17228.11	-12984.48	6086.25
Fixation L	1	12	7911396975	7911604959	207984	444.60	435.42	31	25	-1	13.81	13.81
Fixation R	1	10	7911396975	7911604959	207984	444.60	435.42	31	25	-1	13.70	13.70
Saccade L	1	9	7911604959	7911648974	44015	427.52	423.52	445.61	433.67	0.94	42.10	0.27	21.37	1599.21	-949.58	634.12
Saccade R	1	7	7911604959	7911648974	44015	427.52	423.52	445.61	433.67	0.94	42.10	0.27	21.37	1599.21	-949.58	634.12
Fixation L	1	13	7911648974	7911833000	184026	439.90	438.18	21	27	-1	13.70	13.70
Fixation R	1	11	7911648974	7911833000	184026	439.90	438.18	21	27	-1	13.66	13.66
Saccade L	1	10	7911833000	7911880933	47933	444.16	443.65	0.00	0.00	16.43	1320.64	0.75	342.84	45855.78	-55939.66	23645.46
Saccade R	1	8	7911833000	7911880933	47933	444.16	443.65	0.00	0.00	16.43	1320.64	0.75	342.84	45855.78	-55939.66	23645.46
Fixation L	1	14	7911880933	7911968966	88033	0.00	0.00	0	0	-1	8.08	8.08
Fixation R	1	12	7911880933	7911968966	88033	0.00	0.00	0	0	-1	15.22	15.22
Fixation L	1	15	7912120970	7912692854	571884	487.96	519.34	821	1124	-1	12.79	12.79
Fixation R	1	13	7912120970	7912692854	571884	487.96	519.34	821	1124	-1	12.95	12.95
Fixation L	1	16	7912796853	7913024879	228026	892.27	578.68	30	38	-1	13.99	13.99
Fixation R	1	14	7912796853	7913228868	432015	518.55	350.63	905	1129	-1	10.79	10.79
Saccade L	1	11	7913300897	7913336890	35993	1149.05	712.02	1079.21	728.77	1.06	58.85	0.22	29.37	835.49	-1724.98	684.88
Saccade R	1	9	7913300897	7913336890	35993	1149.05	712.02	1079.21	728.77	1.06	58.85	0.22	29.37	835.49	-1724.98	684.88
Fixation L	1	17	7913336890	7913856737	519847	1066.03	781.62	28	70	-1	14.06	14.06
Fixation R	1	15	7913336890	7913856737	519847	1066.03	781.62	28	70	-1	14.67	14.67
Saccade L	1	12	7913856737	7913920767	64030	1067.40	787.18	1724.29	1084.26	16.11	472.29	0.44	251.61	21981.04	-18665.20	12697.57
Saccade R	1	10	7913856737	7913920767	64030	1067.40	787.18	1724.29	1084.26	16.11	472.29	0.44	251.61	21981.04	-18665.20	12697.57
Fixation L	1	18	7913920767	7914144744	223977	1701.66	1080.89	43	28	-1	13.56	13.56
Fixation R	1	16	7913920767	7914312766	391999	1127.92	714.16	1728	1094	-1	11.68	11.68
Fixation L	1	19	7914404758	7914660759	256001	1093.76	534.14	17	26	-1	14.13	14.13
Fixation R	1	17	7914404758	7914660759	256001	1093.76	534.14	17	26	-1	14.74	14.74
Saccade L	1	13	7914660759	7914756771	96012	1097.62	540.87	456.41	426.86	15.44	402.75	0.42	160.81	16643.56	-16815.75	7000.91
Saccade R	1	11	7914660759	7914756771	96012	1097.62	540.87	456.41	426.86	15.44	402.75	0.42	160.81	16643.56	-16815.75	7000.91
Fixation L	1	20	7914756771	7915304631	547860	462.80	430.11	26	31	-1	14.46	14.46
Fixation R	1	18	7914756771	7915304631	547860	462.80	430.11	26	31	-1	14.50	14.50
Saccade L	1	14	7915304631	7915376639	72008	464.16	417.76	1123.30	606.91	15.68	417.19	0.39	217.82	17235.39	-14314.91	9355.49
Saccade R	1	12	7915304631	7915376639	72008	464.16	417.76	1123.30	606.91	15.68	417.19	0.39	217.82	17235.39	-14314.91	9355.49
Fixation L	1	21	7915376639	7915592650	216011	1117.22	609.62	27	19	-1	14.39	14.39
Fixation R	1	19	7915376639	7915756642	380003	709.79	384.57	1452	648	-1	11.48	11.48
Saccade R	1	13	7915756642	7915812642	56000	0.00	0.00	997.15	491.39	43.00	2275.72	0.29	767.90	114097.81	-95463.75	54223.86
Fixation L	1	22	7915880664	7915936649	55985	1098.61	552.28	21	15	-1	13.75	13.75
Fixation R	1	20	7915880664	7915936649	55985	1098.61	552.28	21	15	-1	14.36	14.36
Saccade L	1	15	7915936649	7915976651	40002	1106.04	559.80	1060.06	529.64	1.35	59.47	0.40	33.82	2591.22	-2162.27	1629.84
Saccade R	1	14	7915936649	7915976651	40002	1106.04	559.80	1060.06	529.64	1.35	59.47	0.40	33.82	2591.22	-2162.27	1629.84
Fixation L	1	23	7915976651	7916540669	564018	1056.56	511.94	25	36	-1	14.01	14.01
Fixation R	1	21	7915976651	7916540669	564018	1056.56	511.94	25	36	-1	14.52	14.52
Fixation L	1	24	7916756571	7917236536	479965	458.71	359.26	37	29	-1	14.02	14.02
Fixation R	1	22	7916756571	7917236536	479965	458.71	359.26	37	29	-1	13.90	13.90
Saccade L	1	16	7917236536	7917264547	28011	468.69	354.48	441.73	358.00	1.28	67.55	0.43	45.86	3105.44	-2285.03	1949.19
Saccade R	1	15	7917236536	7917264547	28011	468.69	354.48	441.73	358.00	1.28	67.55	0.43	45.86	3105.44	-2285.03	1949.19
Saccade L	1	17	7917280580	7917312548	31968	422.62	358.01	469.12	354.68	0.99	86.31	0.25	30.95	1042.46	-2722.18	1312.97
Saccade R	1	16	7917280580	7917312548	31968	422.62	358.01	469.12	354.68	0.99	86.31	0.25	30.95	1042.46	-2722.18	1312.97
Fixation L	1	25	7917312548	7917432559	120011	467.50	355.22	20	12	-1	13.82	13.82
Fixation R	1	23	7917312548	7917432559	120011	467.50	355.22	20	12	-1	13.89	13.89
Saccade L	1	18	7917432559	7917484559	52000	465.27	355.31	409.63	265.01	3.48	146.32	0.23	66.99	6467.39	-2836.60	1979.84
Saccade R	1	17	7917432559	7917484559	52000	465.27	355.31	409.63	265.01	3.48	146.32	0.23	66.99	6467.39	-2836.60	1979.84
Saccade L	1	19	7917500557	7917592559	92002	416.13	303.38	1118.62	394.44	16.39	427.48	0.65	178.13	17491.13	-19005.65	6971.74
Saccade R	1	18	7917500557	7917592559	92002	416.13	303.38	1118.62	394.44	16.39	427.48	0.65	178.13	17491.13	-19005.65	6971.74
Saccade L	1	20	7917608580	7917640544	31964	1125.35	403.26	1038.85	381.37	2.08	170.01	0.37	64.96	7117.55	-6548.57	4353.91
Saccade R	1	19	7917608580	7917640544	31964	1125.35	403.26	1038.85	381.37	2.08	170.01	0.37	64.96	7117.55	-6548.57	4353.91
Fixation R	1	24	7917640544	7917828578	188034	447.00	190.52	1199	1060	-1	8.68	8.68
Fixation L	1	26	7917968425	7918188443	220018	1134.50	486.87	19	24	-1	13.97	13.97
Fixation R	1	25	7917968425	7918188443	220018	1134.50	486.87	19	24	-1	14.65	14.65
Saccade L	1	21	7918188443	7918220474	32031	1139.74	484.12	1081.15	470.97	1.25	79.63	0.50	38.94	3696.87	-3114.03	2361.24
Saccade R	1	20	7918188443	7918220474	32031	1139.74	484.12	1081.15	470.97	1.25	79.63	0.50	38.94	3696.87	-3114.03	2361.24
Saccade L	1	22	7918240430	7918264429	23999	1070.50	480.41	1082.29	735.57	5.51	526.08	0.50	229.78	21766.69	-17474.85	14329.20
Saccade R	1	21	7918240430	7918264429	23999	1070.50	480.41	1082.29	735.57	5.51	526.08	0.50	229.78	21766.69	-17474.85	14329.20
Saccade L	1	23	7918264429	7918292433	28004	1082.29	735.57	1063.12	511.78	5.39	529.73	0.57	192.35	15466.34	-21404.55	12506.58
Saccade R	1	22	7918264429	7918292433	28004	1082.29	735.57	1063.12	511.78	5.39	529.73	0.57	192.35	15466.34	-21404.55	12506.58
Saccade L	1	24	7918308460	7918396437	87977	1049.26	510.68	1078.14	484.83	14.87	597.05	0.68	169.01	22219.98	-23457.70	10456.50
Saccade R	1	23	7918308460	7918396437	87977	1049.26	510.68	1078.14	484.83	14.87	597.05	0.68	169.01	22219.98	-23457.70	10456.50
Fixation L	1	27	7918396437	7918524476	128039	1065.08	460.73	27	32	-1	13.55	13.55
Fixation R	1	26	7918396437	7918524476	128039	1065.08	460.73	27	32	-1	14.20	14.20
Fixation L	1	28	7918592442	7918740364	147922	376.50	188.85	1093	1015	-1	8.12	8.12
Fixation R	1	27	7918592442	7918740364	147922	376.50	188.85	1093	1015	-1	9.55	9.55
Saccade L	1	25	7918740364	7918836445	96081	0.00	0.00	941.25	478.23	51.81	2555.30	0.37	539.25	70327.13	-97365.43	27434.30
Saccade R	1	24	7918740364	7918836445	96081	0.00	0.00	941.25	478.23	51.81	2555.30	0.37	539.25	70327.13	-97365.43	27434.30
Saccade L	1	26	7918836445	7918880451	44006	941.25	478.23	915.37	524.22	1.33	65.03	0.36	30.18	1871.75	-3054.26	1048.15
Saccade R	1	25	7918836445	7918880451	44006	941.25	478.23	915.37	524.22	1.33	65.03	0.36	30.18	1871.75	-3054.26	1048.15
Fixation L	1	29	7918880451	7919288378	407927	688.20	396.55	1031	1031	-1	11.31	11.31
Fixation R	1	28	7918880451	7919152440	271989	950.31	533.84	49	20	-1	14.00	14.00
Fixation L	1	30	7919424352	7919652366	228014	268.02	332.59	765	971	-1	11.41	11.41
Fixation R	1	29	7919424352	7919516345	91993	439.61	546.02	26	26	-1	13.48	13.48
Saccade R	1	26	7919516345	7919572325	55980	432.53	550.97	0.00	0.00	21.66	1757.59	0.79	386.84	54940.64	-75247.38	26154.55
Fixation R	1	30	7919572325	7919652366	80041	0.00	0.00	0	0	-1	7.05	7.05
Fixation L	1	31	7919812343	7919936327	123984	543.22	916.44	11	41	-1	14.67	14.67
Fixation R	1	31	7919812343	7919936327	123984	543.22	916.44	11	41	-1	14.51	14.51
Saccade L	1	27	7919936327	7920000363	64036	541.22	930.97	1281.79	1033.14	16.56	534.55	0.56	258.57	16755.43	-23489.61	13494.88
Saccade R	1	27	7919936327	7920000363	64036	541.22	930.97	1281.79	1033.14	16.56	534.55	0.56	258.57	16755.43	-23489.61	13494.88
Saccade L	1	28	7920000363	7920060338	59975	1281.79	1033.14	1267.30	1061.01	1.53	55.00	0.33	25.45	1605.22	-6390.78	956.89
Saccade R	1	28	7920000363	7920060338	59975	1281.79	1033.14	1267.30	1061.01	1.53	55.00	0.33	25.45	1605.22	-6390.78	956.89
Fixation L	1	32	7920100365	7920232346	131981	1255.78	1060.84	28	44	-1	14.52	14.52
Fixation R	1	32	7920100365	7920232346	131981	1255.78	1060.84	28	44	-1	15.57	15.57
Saccade L	1	29	7920244276	7920280341	36065	1249.55	1071.73	1264.51	1062.77	1.06	62.71	0.22	29.51	1216.03	-1727.84	964.50
Saccade R	1	29	7920244276	7920280341	36065	1249.55	1071.73	1264.51	1062.77	1.06	62.71	0.22	29.51	1216.03	-1727.84	964.50
Saccade L	1	30	7920288351	7920388349	99998	1263.11	1064.27	825.30	489.22	16.51	527.83	0.52	165.15	20990.19	-17145.97	8588.12
Saccade R	1	30	7920288351	7920388349	99998	1263.11	1064.27	825.30	489.22	16.51	527.83	0.52	165.15	20990.19	-17145.97	8588.12
Fixation L	1	33	7920388349	7920752355	364006	822.36	500.93	19	36	-1	13.78	13.78
Fixation R	1	33	7920388349	7920984241	595892	655.66	404.50	1050	1080	-1	12.75	12.75
Saccade R	1	31	7920984241	7921032225	47984	0.00	0.00	964.12	471.43	32.86	2431.02	0.25	684.75	101307.29	-89248.51	47764.91
Saccade L	1	31	7921032225	7921068279	36054	964.12	471.43	1073.23	497.73	2.47	191.79	0.22	68.58	3121.81	-8283.16	3241.77
Saccade R	1	32	7921032225	7921068279	36054	964.12	471.43	1073.23	497.73	2.47	191.79	0.22	68.58	3121.81	-8283.16	3241.77
Fixation L	1	34	7921068279	7921288236	219957	1084.58	540.20	23	69	-1	14.04	14.04
Fixation R	1	34	7921068279	7921288236	219957	1084.58	540.20	23	69	-1	14.69	14.69
Saccade L	1	32	7921288236	7921324274	36038	1093.34	569.04	1085.73	552.97	1.34	60.51	0.78	37.20	2462.25	-2595.77	2003.27
Saccade R	1	33	7921288236	7921324274	36038	1093.34	569.04	1085.73	552.97	1.34	60.51	0.78	37.20	2462.25	-2595.77	2003.27
Fixation L	1	35	7921324274	7921668245	343971	1103.56	547.26	48	23	-1	14.38	14.38
Fixation R	1	35	7921324274	7921668245	343971	1103.56	547.26	48	23	-1	15.03	15.03
Saccade L	1	33	7921700241	7921892238	191997	1115.99	521.69	1449.29	578.21	56.83	1416.30	0.31	295.98	40732.20	-59033.56	11331.97
Saccade R	1	34	7921700241	7921892238	191997	1115.99	521.69	1449.29	578.21	56.83	1416.30	0.31	295.98	40732.20	-59033.56	11331.97
Fixation L	1	36	7921892238	7922068241	176003	1443.15	591.63	32	20	-1	13.70	13.70
Fixation R	1	36	7921892238	7922068241	176003	1443.15	591.63	32	20	-1	14.53	14.53
Saccade R	1	35	7922068241	7922104245	36004	1417.58	594.38	0.00	0.00	32.24	2537.24	0.67	895.49	104850.63	-109625.86	68893.72
Fixation R	1	37	7922104245	7922196120	91875	0.00	0.00	0	0	-1	8.55	8.55
Fixation L	1	37	7922304133	7922512143	208010	1467.28	656.32	27	38	-1	13.81	13.81
Fixation R	1	38	7922304133	7922512143	208010	1467.28	656.32	27	38	-1	14.67	14.67
