[BeGaze]
Converted from:	D:\Kirillov\Results\ermolova_temp_reversed\versh-eye_data.idf
Date:	17.04.2019 03:56:20
Version:	BeGaze 3.0.181
Sample Rate:	250
Subject:	versh
Description:	Run2

Table Header for Fixations:
Event Type	Trial	Number	Start	End	Duration	Location X	Location Y	Dispersion X	Dispersion Y	Plane	Avg. Pupil Size X	Avg. Pupil Size Y

Table Header for Saccades:
Event Type	Trial	Number	Start	End	Duration	Start Loc.X	Start Loc.Y	End Loc.X	End Loc.Y	Amplitude	Peak Speed	Peak Speed At	Average Speed	Peak Accel.	Peak Decel.	Average Accel.

Table Header for User Events:
Event Type	Trial	Number	Start	Description

UserEvent	1	1	7755311316	# Message: rc-experiment-02.jpg
Fixation L	1	1	7755313126	7755529122	215996	418.96	318.96	18	23	-1	14.19	14.19
Fixation R	1	1	7755313126	7755529122	215996	418.96	318.96	18	23	-1	14.03	14.03
Saccade L	1	1	7755529122	7755569121	39999	427.06	323.60	429.52	224.98	2.09	96.41	0.60	52.32	3637.12	-3936.43	2768.29
Saccade R	1	1	7755529122	7755569121	39999	427.06	323.60	429.52	224.98	2.09	96.41	0.60	52.32	3637.12	-3936.43	2768.29
Fixation L	1	2	7755569121	7755701128	132007	426.22	221.40	13	15	-1	14.25	14.25
Fixation R	1	2	7755569121	7755821119	251998	256.35	144.45	432	591	-1	11.24	11.24
Saccade L	1	2	7755701128	7755737115	35987	426.22	231.86	0.01	0.00	12.99	886.81	0.67	360.99	38269.09	-38584.21	26854.77
Fixation L	1	3	7755737115	7755821119	84004	0.00	0.00	0	0	-1	6.32	6.32
Fixation L	1	4	7755905142	7756261155	356013	1105.37	540.39	21	55	-1	13.32	13.32
Fixation R	1	3	7755905142	7756261155	356013	1105.37	540.39	21	55	-1	13.79	13.79
Saccade L	1	3	7756261155	7756341135	79980	1115.49	546.79	406.51	405.97	16.15	387.40	0.40	201.95	13966.75	-10948.48	7901.15
Saccade R	1	2	7756261155	7756341135	79980	1115.49	546.79	406.51	405.97	16.15	387.40	0.40	201.95	13966.75	-10948.48	7901.15
Fixation L	1	5	7756341135	7756561132	219997	411.90	375.48	14	54	-1	13.13	13.13
Fixation R	1	4	7756341135	7756561132	219997	411.90	375.48	14	54	-1	13.13	13.13
Saccade L	1	4	7756561132	7756609136	48004	413.09	358.12	417.14	524.49	3.62	231.18	0.33	75.43	9759.26	-9059.82	4921.33
Saccade R	1	3	7756561132	7756609136	48004	413.09	358.12	417.14	524.49	3.62	231.18	0.33	75.43	9759.26	-9059.82	4921.33
Fixation L	1	6	7756609136	7756709140	100004	404.88	541.26	29	34	-1	13.13	13.13
Fixation R	1	5	7756609136	7756709140	100004	404.88	541.26	29	34	-1	13.09	13.09
Saccade L	1	5	7756709140	7756745121	35981	399.14	552.22	0.00	0.00	19.38	1649.37	0.67	538.53	55706.63	-72503.50	36881.45
Fixation L	1	7	7756745121	7756805003	59882	0.00	0.00	0	0	-1	7.36	7.36
Fixation L	1	8	7756909024	7756997028	88004	514.04	533.75	15	35	-1	13.19	13.19
Fixation R	1	6	7756909024	7756997028	88004	514.04	533.75	15	35	-1	13.16	13.16
Saccade L	1	6	7756997028	7757061019	63991	510.46	552.48	1070.15	526.78	12.23	391.17	0.37	191.14	17490.32	-12492.12	9503.36
Saccade R	1	4	7756997028	7757061019	63991	510.46	552.48	1070.15	526.78	12.23	391.17	0.37	191.14	17490.32	-12492.12	9503.36
Fixation L	1	9	7757061019	7757269041	208022	1055.31	518.17	24	22	-1	13.37	13.37
Fixation R	1	7	7757061019	7757269041	208022	1055.31	518.17	24	22	-1	13.99	13.99
Saccade L	1	7	7757269041	7757329021	59980	1053.83	530.54	512.66	498.35	11.89	337.55	0.53	198.25	15360.43	-15332.76	9426.73
Saccade R	1	5	7757269041	7757329021	59980	1053.83	530.54	512.66	498.35	11.89	337.55	0.53	198.25	15360.43	-15332.76	9426.73
Fixation L	1	10	7757329021	7757525030	196009	523.50	492.00	30	19	-1	13.47	13.47
Fixation R	1	8	7757329021	7757525030	196009	523.50	492.00	30	19	-1	13.32	13.32
Saccade L	1	8	7757525030	7757577054	52024	529.71	504.69	421.51	389.00	3.67	140.85	0.31	70.48	6523.60	-4771.58	3592.52
Saccade R	1	6	7757525030	7757577054	52024	529.71	504.69	421.51	389.00	3.67	140.85	0.31	70.48	6523.60	-4771.58	3592.52
Fixation L	1	11	7757577054	7758300913	723859	416.84	308.83	45	137	-1	13.24	13.24
Fixation R	1	9	7757577054	7758300913	723859	416.84	308.83	45	137	-1	13.19	13.19
Saccade L	1	9	7758300913	7758372896	71983	417.58	253.02	1205.67	480.09	18.17	493.27	0.44	252.46	19765.94	-17936.64	11652.16
Saccade R	1	7	7758300913	7758372896	71983	417.58	253.02	1205.67	480.09	18.17	493.27	0.44	252.46	19765.94	-17936.64	11652.16
Fixation L	1	12	7758372896	7758556914	184018	1183.38	476.53	34	25	-1	13.40	13.40
Fixation R	1	10	7758372896	7758556914	184018	1183.38	476.53	34	25	-1	14.00	14.00
Saccade L	1	10	7758556914	7758592905	35991	1173.07	486.23	1278.08	610.99	3.43	177.57	0.44	95.24	8760.82	-8137.70	6305.25
Saccade R	1	8	7758556914	7758592905	35991	1173.07	486.23	1278.08	610.99	3.43	177.57	0.44	95.24	8760.82	-8137.70	6305.25
Fixation L	1	13	7758592905	7758792915	200010	1269.06	609.75	31	38	-1	13.35	13.35
Fixation R	1	11	7758592905	7758792915	200010	1269.06	609.75	31	38	-1	14.04	14.04
Saccade L	1	11	7758792915	7758864917	72002	1251.24	589.06	415.46	385.56	19.09	496.82	0.44	265.09	18447.06	-13373.14	11068.47
Saccade R	1	9	7758792915	7758864917	72002	1251.24	589.06	415.46	385.56	19.09	496.82	0.44	265.09	18447.06	-13373.14	11068.47
Fixation L	1	14	7758864917	7759204916	339999	427.48	355.54	23	47	-1	13.58	13.58
Fixation R	1	12	7758864917	7759204916	339999	427.48	355.54	23	47	-1	13.55	13.55
Saccade L	1	12	7759204916	7759240835	35919	420.20	352.28	365.35	452.41	2.38	116.70	0.67	66.34	5289.08	-4844.41	3886.73
Saccade R	1	10	7759204916	7759240835	35919	420.20	352.28	365.35	452.41	2.38	116.70	0.67	66.34	5289.08	-4844.41	3886.73
Fixation L	1	15	7759240835	7759376913	136078	361.59	449.90	17	33	-1	13.83	13.83
Fixation R	1	13	7759240835	7759376913	136078	361.59	449.90	17	33	-1	13.80	13.80
Saccade L	1	13	7759376913	7759428931	52018	351.54	462.23	0.01	0.00	17.93	1295.16	0.77	344.71	40495.51	-53675.09	22135.94
Fixation L	1	16	7759552895	7759972801	419906	1144.77	519.58	38	60	-1	13.71	13.71
Fixation R	1	14	7759552895	7759972801	419906	1144.77	519.58	38	60	-1	14.25	14.25
Saccade L	1	14	7759972801	7760052826	80025	1117.25	483.24	393.86	471.63	17.46	399.21	0.25	218.13	18828.62	-13599.27	8329.78
Saccade R	1	11	7759972801	7760052826	80025	1117.25	483.24	393.86	471.63	17.46	399.21	0.25	218.13	18828.62	-13599.27	8329.78
Fixation L	1	17	7760068814	7760304809	235995	380.28	386.74	19	26	-1	12.88	12.88
Fixation R	1	15	7760068814	7760304809	235995	380.28	386.74	19	26	-1	12.94	12.94
Saccade L	1	15	7760304809	7760352836	48027	386.83	374.28	352.44	461.54	1.92	92.84	0.33	39.97	3805.57	-3450.45	1975.40
Saccade R	1	12	7760304809	7760352836	48027	386.83	374.28	352.44	461.54	1.92	92.84	0.33	39.97	3805.57	-3450.45	1975.40
Fixation L	1	18	7760352836	7760484813	131977	350.74	474.17	15	24	-1	13.01	13.01
Fixation R	1	16	7760352836	7760484813	131977	350.74	474.17	15	24	-1	13.08	13.08
Saccade L	1	16	7760484813	7760524817	40004	342.93	459.79	417.38	496.92	1.82	65.41	0.70	45.58	2799.41	-2443.07	1883.85
Saccade R	1	13	7760484813	7760524817	40004	342.93	459.79	417.38	496.92	1.82	65.41	0.70	45.58	2799.41	-2443.07	1883.85
Fixation L	1	19	7760524817	7760784782	259965	437.24	509.29	33	26	-1	13.32	13.32
Fixation R	1	17	7760524817	7760784782	259965	437.24	509.29	33	26	-1	13.41	13.41
Saccade L	1	17	7760784782	7760824825	40043	444.32	508.47	339.84	529.96	2.34	114.42	0.50	58.33	4798.90	-5121.26	3570.87
Saccade R	1	14	7760784782	7760824825	40043	444.32	508.47	339.84	529.96	2.34	114.42	0.50	58.33	4798.90	-5121.26	3570.87
Fixation L	1	20	7760824825	7761200710	375885	332.78	505.95	29	50	-1	13.24	13.24
Fixation R	1	18	7760824825	7761200710	375885	332.78	505.95	29	50	-1	13.35	13.35
Saccade L	1	18	7761200710	7761260700	59990	327.18	497.31	575.51	494.57	5.46	213.90	0.40	90.96	9431.58	-8574.10	5049.65
Saccade R	1	15	7761200710	7761260700	59990	327.18	497.31	575.51	494.57	5.46	213.90	0.40	90.96	9431.58	-8574.10	5049.65
Fixation L	1	21	7761260700	7761488706	228006	588.88	496.71	37	49	-1	13.35	13.35
Fixation R	1	19	7761260700	7761488706	228006	588.88	496.71	37	49	-1	13.37	13.37
Saccade L	1	19	7761488706	7761552737	64031	603.96	528.51	1192.51	529.01	12.90	391.62	0.50	201.41	16431.16	-14473.45	10001.99
Saccade R	1	16	7761488706	7761552737	64031	603.96	528.51	1192.51	529.01	12.90	391.62	0.50	201.41	16431.16	-14473.45	10001.99
Fixation L	1	22	7761552737	7761860716	307979	1192.68	518.35	21	22	-1	12.77	12.77
Fixation R	1	20	7761552737	7761860716	307979	1192.68	518.35	21	22	-1	13.53	13.53
Saccade L	1	20	7761860716	7761888739	28023	1198.12	517.64	1234.65	509.17	0.77	40.58	0.43	27.30	1635.91	-1311.65	1075.00
Saccade R	1	17	7761860716	7761888739	28023	1198.12	517.64	1234.65	509.17	0.77	40.58	0.43	27.30	1635.91	-1311.65	1075.00
Fixation L	1	23	7761888739	7762336723	447984	1231.27	504.99	30	27	-1	12.42	12.42
Fixation R	1	21	7761888739	7762336723	447984	1231.27	504.99	30	27	-1	13.09	13.09
Saccade L	1	21	7762336723	7762424613	87890	1221.70	493.36	292.68	514.47	20.71	452.04	0.36	235.64	19573.64	-14436.88	8954.12
Saccade R	1	18	7762336723	7762424613	87890	1221.70	493.36	292.68	514.47	20.71	452.04	0.36	235.64	19573.64	-14436.88	8954.12
Fixation L	1	24	7762424613	7762656598	231985	298.20	494.26	31	62	-1	12.52	12.52
Fixation R	1	22	7762424613	7762656598	231985	298.20	494.26	31	62	-1	12.45	12.45
Saccade L	1	22	7762656598	7762700616	44018	272.78	453.59	422.76	510.20	3.49	162.27	0.27	79.30	6943.55	-5653.54	4333.19
Saccade R	1	19	7762656598	7762700616	44018	272.78	453.59	422.76	510.20	3.49	162.27	0.27	79.30	6943.55	-5653.54	4333.19
Fixation L	1	25	7762700616	7763016598	315982	431.76	530.22	17	31	-1	12.62	12.62
Fixation R	1	23	7762700616	7763016598	315982	431.76	530.22	17	31	-1	12.66	12.66
Saccade L	1	23	7763016598	7763048597	31999	443.32	539.83	0.00	0.00	14.82	1240.28	0.63	463.03	51681.00	-51966.72	35998.67
Fixation L	1	26	7763048597	7763148568	99971	0.00	0.00	0	0	-1	8.79	8.79
Fixation L	1	27	7763260617	7763536602	275985	373.61	461.21	40	43	-1	12.53	12.53
Fixation R	1	24	7763260617	7763536602	275985	373.61	461.21	40	43	-1	12.51	12.51
Saccade L	1	24	7763536602	7763568622	32020	357.33	456.13	336.35	498.41	0.97	45.78	0.63	30.14	1814.51	-1667.52	1324.12
Saccade R	1	20	7763536602	7763568622	32020	357.33	456.13	336.35	498.41	0.97	45.78	0.63	30.14	1814.51	-1667.52	1324.12
Fixation L	1	28	7763568622	7763788623	220001	328.54	490.77	18	28	-1	13.13	13.13
Fixation R	1	25	7763568622	7763788623	220001	328.54	490.77	18	28	-1	12.93	12.93
Saccade L	1	25	7763788623	7763868527	79904	331.56	502.97	1241.08	495.02	20.08	457.28	0.40	251.26	17525.57	-13702.87	9706.33
Saccade R	1	21	7763788623	7763868527	79904	331.56	502.97	1241.08	495.02	20.08	457.28	0.40	251.26	17525.57	-13702.87	9706.33
Fixation L	1	29	7763868527	7764188529	320002	1244.54	486.95	38	21	-1	12.61	12.61
Fixation R	1	26	7763868527	7764188529	320002	1244.54	486.95	38	21	-1	13.21	13.21
Saccade L	1	26	7764188529	7764272501	83972	1223.36	491.27	338.40	569.68	19.86	424.14	0.43	236.55	18114.80	-12663.02	8589.73
Saccade R	1	22	7764188529	7764272501	83972	1223.36	491.27	338.40	569.68	19.86	424.14	0.43	236.55	18114.80	-12663.02	8589.73
Fixation L	1	30	7764272501	7764912513	640012	349.20	558.47	29	46	-1	12.76	12.76
Fixation R	1	27	7764272501	7764912513	640012	349.20	558.47	29	46	-1	12.53	12.53
Saccade L	1	27	7764912513	7764932525	20012	354.59	530.99	329.13	522.16	0.56	41.83	0.60	27.81	1729.60	-1665.53	1246.37
Saccade R	1	23	7764912513	7764932525	20012	354.59	530.99	329.13	522.16	0.56	41.83	0.60	27.81	1729.60	-1665.53	1246.37
Fixation L	1	31	7764932525	7765088524	155999	79.85	151.02	407	670	-1	8.34	8.34
Fixation L	1	32	7765204424	7765360409	155985	401.59	506.72	31	24	-1	12.32	12.32
Fixation R	1	28	7765204424	7765360409	155985	401.59	506.72	31	24	-1	12.45	12.45
Saccade L	1	28	7765360409	7765396429	36020	392.04	496.35	354.57	388.20	2.31	133.57	0.44	64.05	6008.39	-5450.33	4024.48
Saccade R	1	24	7765360409	7765396429	36020	392.04	496.35	354.57	388.20	2.31	133.57	0.44	64.05	6008.39	-5450.33	4024.48
Fixation L	1	33	7765396429	7765592389	195960	347.82	386.37	13	15	-1	13.16	13.16
Fixation R	1	29	7765396429	7765592389	195960	347.82	386.37	13	15	-1	12.96	12.96
Saccade L	1	29	7765592389	7765660394	68005	354.03	395.12	1079.06	560.22	16.29	475.78	0.47	239.49	19099.27	-17587.10	11679.90
Saccade R	1	25	7765592389	7765660394	68005	354.03	395.12	1079.06	560.22	16.29	475.78	0.47	239.49	19099.27	-17587.10	11679.90
Fixation L	1	34	7765660394	7766056414	396020	1055.33	552.46	33	20	-1	12.47	12.47
Fixation R	1	30	7765660394	7766056414	396020	1055.33	552.46	33	20	-1	13.20	13.20
Saccade L	1	30	7766056414	7766100430	44016	1052.10	555.00	1118.65	531.27	1.50	60.24	0.36	34.11	2767.83	-1604.54	1393.06
Saccade R	1	26	7766056414	7766100430	44016	1052.10	555.00	1118.65	531.27	1.50	60.24	0.36	34.11	2767.83	-1604.54	1393.06
Fixation L	1	35	7766100430	7766256405	155975	1126.05	525.16	11	11	-1	12.05	12.05
Fixation R	1	31	7766100430	7766256405	155975	1126.05	525.16	11	11	-1	12.70	12.70
Saccade L	1	31	7766256405	7766288406	32001	1123.51	530.24	1130.34	445.15	1.71	96.33	0.37	53.39	4611.78	-4431.81	3317.31
Saccade R	1	27	7766256405	7766288406	32001	1123.51	530.24	1130.34	445.15	1.71	96.33	0.37	53.39	4611.78	-4431.81	3317.31
Fixation L	1	36	7766288406	7766428416	140010	1136.61	448.68	10	13	-1	11.99	11.99
Fixation R	1	32	7766288406	7766428416	140010	1136.61	448.68	10	13	-1	12.58	12.58
Saccade L	1	32	7766428416	7766460421	32005	1140.81	453.74	1162.89	582.32	2.71	173.83	0.50	84.61	7770.16	-7658.56	5746.99
Saccade R	1	28	7766428416	7766460421	32005	1140.81	453.74	1162.89	582.32	2.71	173.83	0.50	84.61	7770.16	-7658.56	5746.99
Fixation L	1	37	7766460421	7766668289	207868	1173.97	591.76	20	17	-1	12.37	12.37
Fixation R	1	33	7766460421	7766668289	207868	1173.97	591.76	20	17	-1	12.87	12.87
Saccade L	1	33	7766668289	7766748306	80017	1183.47	593.76	321.03	513.94	19.16	414.94	0.35	239.50	16977.22	-10839.38	8485.62
Saccade R	1	29	7766668289	7766748306	80017	1183.47	593.76	321.03	513.94	19.16	414.94	0.35	239.50	16977.22	-10839.38	8485.62
Fixation L	1	38	7766748306	7766980286	231980	360.36	501.70	51	19	-1	12.81	12.81
Fixation R	1	34	7766748306	7766980286	231980	360.36	501.70	51	19	-1	12.72	12.72
Saccade L	1	34	7766980286	7767020264	39978	362.13	515.15	357.26	366.01	3.13	159.69	0.40	78.39	7185.01	-5853.87	4741.88
Saccade R	1	30	7766980286	7767020264	39978	362.13	515.15	357.26	366.01	3.13	159.69	0.40	78.39	7185.01	-5853.87	4741.88
Fixation L	1	39	7767020264	7767152290	132026	346.87	363.79	36	10	-1	13.02	13.02
Fixation R	1	35	7767020264	7767152290	132026	346.87	363.79	36	10	-1	12.83	12.83
Saccade L	1	35	7767152290	7767188279	35989	317.34	373.95	0.84	0.00	12.29	884.63	0.67	341.39	34026.04	-37953.37	23905.89
Fixation L	1	40	7767188279	7767248287	60008	0.24	0.00	0	0	-1	7.41	7.41
Saccade L	1	36	7767412295	7767468286	55991	360.21	352.14	315.78	469.61	2.88	112.17	0.21	51.41	4777.77	-3412.35	2192.34
Saccade R	1	31	7767412295	7767468286	55991	360.21	352.14	315.78	469.61	2.88	112.17	0.21	51.41	4777.77	-3412.35	2192.34
Fixation L	1	41	7767468286	7768244190	775904	336.57	459.91	59	41	-1	13.48	13.48
Fixation R	1	36	7767468286	7768244190	775904	336.57	459.91	59	41	-1	13.15	13.15
Saccade L	1	37	7768244190	7768328178	83988	353.34	453.31	1247.66	553.37	19.93	421.30	0.48	237.24	12702.87	-17709.14	8570.29
Saccade R	1	32	7768244190	7768328178	83988	353.34	453.31	1247.66	553.37	19.93	421.30	0.48	237.24	12702.87	-17709.14	8570.29
Fixation L	1	42	7768328178	7768524190	196012	1230.05	530.64	38	31	-1	12.86	12.86
Fixation R	1	37	7768328178	7768524190	196012	1230.05	530.64	38	31	-1	13.56	13.56
Saccade L	1	38	7768712222	7768752208	39986	1038.80	446.20	1133.35	506.78	2.56	142.56	0.50	64.05	5862.35	-5804.65	3842.17
Saccade R	1	33	7768712222	7768752208	39986	1038.80	446.20	1133.35	506.78	2.56	142.56	0.50	64.05	5862.35	-5804.65	3842.17
Fixation L	1	43	7768752208	7768936192	183984	1131.23	508.56	23	19	-1	13.12	13.12
Fixation R	1	38	7768752208	7768936192	183984	1131.23	508.56	23	19	-1	13.28	13.28
Saccade L	1	39	7768936192	7768968203	32011	1123.59	515.66	1173.91	505.65	1.12	56.10	0.50	34.99	2224.13	-2203.51	1660.26
Saccade R	1	34	7768936192	7768968203	32011	1123.59	515.66	1173.91	505.65	1.12	56.10	0.50	34.99	2224.13	-2203.51	1660.26
Fixation L	1	44	7768968203	7769160198	191995	1179.60	500.82	12	13	-1	13.34	13.34
Fixation R	1	39	7768968203	7769160198	191995	1179.60	500.82	12	13	-1	13.61	13.61
Saccade L	1	40	7769160198	7769184205	24007	1172.25	501.42	1232.11	496.26	1.25	99.28	0.50	52.15	4310.54	-3887.75	3021.20
Saccade R	1	35	7769160198	7769184205	24007	1172.25	501.42	1232.11	496.26	1.25	99.28	0.50	52.15	4310.54	-3887.75	3021.20
Saccade L	1	41	7769212198	7769244211	32013	1238.41	489.64	1122.04	485.63	2.34	144.88	0.50	73.00	6983.92	-6853.77	4959.56
Saccade R	1	36	7769212198	7769244211	32013	1238.41	489.64	1122.04	485.63	2.34	144.88	0.50	73.00	6983.92	-6853.77	4959.56
Fixation L	1	45	7769244211	7769376213	132002	1131.35	484.93	18	8	-1	12.96	12.96
Fixation R	1	40	7769244211	7769376213	132002	1131.35	484.93	18	8	-1	13.19	13.19
Saccade L	1	42	7769376213	7769404201	27988	1144.29	484.29	1196.47	509.17	1.33	80.51	0.43	47.66	3667.64	-3090.79	2514.46
Saccade R	1	37	7769376213	7769404201	27988	1144.29	484.29	1196.47	509.17	1.33	80.51	0.43	47.66	3667.64	-3090.79	2514.46
Fixation L	1	46	7769404201	7770212065	807864	1215.13	502.25	36	51	-1	12.46	12.46
Fixation R	1	41	7769404201	7770212065	807864	1215.13	502.25	36	51	-1	12.86	12.86
Saccade L	1	43	7770212065	7770244080	32015	1216.14	469.98	1163.35	464.15	1.12	60.28	0.50	34.97	2653.42	-2138.58	1741.86
Saccade R	1	38	7770212065	7770244080	32015	1216.14	469.98	1163.35	464.15	1.12	60.28	0.50	34.97	2653.42	-2138.58	1741.86
Fixation L	1	47	7770244080	7770648129	404049	1136.90	488.67	35	38	-1	12.22	12.22
Fixation R	1	42	7770244080	7770648129	404049	1136.90	488.67	35	38	-1	12.65	12.65
Saccade L	1	44	7770648129	7770676092	27963	1133.22	502.94	1070.82	491.11	1.33	83.98	0.57	47.72	4005.53	-3182.59	2674.45
Saccade R	1	39	7770648129	7770676092	27963	1133.22	502.94	1070.82	491.11	1.33	83.98	0.57	47.72	4005.53	-3182.59	2674.45
Fixation L	1	48	7770676092	7770784103	108011	1055.70	485.05	19	9	-1	12.53	12.53
Fixation R	1	43	7770676092	7770784103	108011	1055.70	485.05	19	9	-1	12.97	12.97
Fixation L	1	49	7770991980	7771063970	71990	1050.30	445.98	8	12	-1	12.44	12.44
Fixation R	1	44	7770991980	7771063970	71990	1050.30	445.98	8	12	-1	13.07	13.07
Saccade L	1	45	7771063970	7771139971	76001	1052.52	452.17	399.97	458.60	14.44	374.73	0.42	190.05	14813.29	-11938.48	8075.52
Saccade R	1	40	7771063970	7771139971	76001	1052.52	452.17	399.97	458.60	14.44	374.73	0.42	190.05	14813.29	-11938.48	8075.52
Fixation L	1	50	7771139971	7771363991	224020	391.14	435.05	32	41	-1	13.34	13.34
Fixation R	1	45	7771139971	7771363991	224020	391.14	435.05	32	41	-1	13.24	13.24
Saccade L	1	46	7771363991	7771427976	63985	377.67	416.28	1031.50	460.10	14.33	426.36	0.44	223.97	16560.37	-18212.40	11010.41
Saccade R	1	41	7771363991	7771427976	63985	377.67	416.28	1031.50	460.10	14.33	426.36	0.44	223.97	16560.37	-18212.40	11010.41
Fixation L	1	51	7771427976	7771799997	372021	1036.58	468.94	44	32	-1	13.40	13.40
Fixation R	1	46	7771427976	7771799997	372021	1036.58	468.94	44	32	-1	13.85	13.85
Saccade L	1	47	7771799997	7771835988	35991	1051.83	466.97	1205.72	482.36	3.17	184.97	0.56	88.16	7920.40	-8048.95	5650.53
Saccade R	1	42	7771799997	7771835988	35991	1051.83	466.97	1205.72	482.36	3.17	184.97	0.56	88.16	7920.40	-8048.95	5650.53
Fixation L	1	52	7771835988	7772223994	388006	1204.85	473.89	21	28	-1	12.77	12.77
Fixation R	1	47	7771835988	7772223994	388006	1204.85	473.89	21	28	-1	13.34	13.34
