[BeGaze]
Converted from:	D:\Kirillov\Results\ermolova_temp_reversed\Sofia-eye_data.idf
Date:	17.04.2019 03:56:29
Version:	BeGaze 3.0.181
Sample Rate:	250
Subject:	Sofia
Description:	Run5

Table Header for Fixations:
Event Type	Trial	Number	Start	End	Duration	Location X	Location Y	Dispersion X	Dispersion Y	Plane	Avg. Pupil Size X	Avg. Pupil Size Y

Table Header for Saccades:
Event Type	Trial	Number	Start	End	Duration	Start Loc.X	Start Loc.Y	End Loc.X	End Loc.Y	Amplitude	Peak Speed	Peak Speed At	Average Speed	Peak Accel.	Peak Decel.	Average Accel.

Table Header for User Events:
Event Type	Trial	Number	Start	Description

UserEvent	1	1	3378037360	# Message: rc-experiment-05.jpg
Fixation L	1	1	3378040921	3378181011	140090	397.24	364.48	11	21	-1	14.30	14.30
Fixation R	1	1	3378040921	3378181011	140090	397.24	364.48	11	21	-1	15.34	15.34
Saccade L	1	1	3378181011	3378212965	31954	393.06	376.13	438.66	361.41	1.07	63.89	0.50	33.45	3002.36	-2966.32	2194.52
Saccade R	1	1	3378181011	3378212965	31954	393.06	376.13	438.66	361.41	1.07	63.89	0.50	33.45	3002.36	-2966.32	2194.52
Fixation L	1	2	3378212965	3378384961	171996	450.69	365.53	21	21	-1	14.44	14.44
Fixation R	1	2	3378212965	3378384961	171996	450.69	365.53	21	21	-1	15.44	15.44
Saccade L	1	2	3378384961	3378408941	23980	448.74	360.44	420.24	411.33	1.25	96.16	0.50	52.09	4731.42	-3488.13	2914.29
Saccade R	1	2	3378384961	3378408941	23980	448.74	360.44	420.24	411.33	1.25	96.16	0.50	52.09	4731.42	-3488.13	2914.29
Fixation L	1	3	3378408941	3378584964	176023	411.70	402.42	18	30	-1	14.03	14.03
Fixation R	1	3	3378408941	3378584964	176023	411.70	402.42	18	30	-1	15.08	15.08
Saccade L	1	3	3378584964	3378640823	55859	418.69	423.43	354.81	469.15	1.75	72.45	0.29	31.38	2762.78	-2719.20	1409.02
Saccade R	1	3	3378584964	3378640823	55859	418.69	423.43	354.81	469.15	1.75	72.45	0.29	31.38	2762.78	-2719.20	1409.02
Fixation L	1	4	3378640823	3378900835	260012	355.04	464.98	8	38	-1	13.69	13.69
Fixation R	1	4	3378640823	3378900835	260012	355.04	464.98	8	38	-1	14.73	14.73
Saccade L	1	4	3378900835	3378936813	35978	355.94	487.49	423.55	432.68	1.79	106.00	0.33	49.84	4916.19	-4322.24	3114.16
Saccade R	1	4	3378900835	3378936813	35978	355.94	487.49	423.55	432.68	1.79	106.00	0.33	49.84	4916.19	-4322.24	3114.16
Fixation L	1	5	3378936813	3379176777	239964	426.74	433.45	30	34	-1	13.84	13.84
Fixation R	1	5	3378936813	3379176777	239964	426.74	433.45	30	34	-1	14.83	14.83
Saccade R	1	5	3379176777	3379212822	36045	444.04	448.06	0.01	0.00	17.48	1369.82	0.67	484.95	54879.73	-57901.36	36616.33
Fixation R	1	6	3379212822	3379300831	88009	0.00	0.00	0	0	-1	11.45	11.45
Fixation L	1	6	3379376836	3379588774	211938	346.83	441.45	26	28	-1	13.79	13.79
Fixation R	1	7	3379376836	3379588774	211938	346.83	441.45	26	28	-1	14.50	14.50
Saccade L	1	5	3379588774	3379648849	60075	352.83	446.84	1024.34	590.41	15.20	448.63	0.33	253.07	21663.65	-18853.57	12673.82
Saccade R	1	6	3379588774	3379648849	60075	352.83	446.84	1024.34	590.41	15.20	448.63	0.33	253.07	21663.65	-18853.57	12673.82
Fixation L	1	7	3379648849	3379952834	303985	1037.75	615.05	36	47	-1	13.67	13.67
Fixation R	1	8	3379648849	3379952834	303985	1037.75	615.05	36	47	-1	14.74	14.74
Saccade R	1	7	3379952834	3379988856	36022	1057.93	634.27	0.00	0.00	28.17	2636.49	0.67	782.06	104568.91	-113071.21	62520.97
Fixation R	1	9	3379988856	3380053990	65134	0.00	0.00	0	0	-1	10.84	10.84
Fixation L	1	8	3380120742	3380776731	655989	1039.74	443.61	42	54	-1	12.89	12.89
Fixation R	1	10	3380120742	3380776731	655989	1039.74	443.61	42	54	-1	13.88	13.88
Saccade L	1	6	3380776731	3380848751	72020	1028.59	449.30	382.12	484.63	14.31	314.60	0.67	198.76	12270.07	-13457.13	6888.73
Saccade R	1	8	3380776731	3380848751	72020	1028.59	449.30	382.12	484.63	14.31	314.60	0.67	198.76	12270.07	-13457.13	6888.73
Fixation L	1	9	3380848751	3381692657	843906	364.23	496.54	42	49	-1	13.78	13.78
Fixation R	1	11	3380848751	3381692657	843906	364.23	496.54	42	49	-1	14.37	14.37
Saccade L	1	7	3381692657	3381752638	59981	362.50	508.17	1036.07	584.01	14.79	433.56	0.47	246.64	19648.42	-17938.39	12090.81
Saccade R	1	9	3381692657	3381752638	59981	362.50	508.17	1036.07	584.01	14.79	433.56	0.47	246.64	19648.42	-17938.39	12090.81
Fixation L	1	10	3381752638	3382172664	420026	1039.91	590.92	47	24	-1	14.23	14.23
Fixation R	1	12	3381752638	3382172664	420026	1039.91	590.92	47	24	-1	15.44	15.44
Saccade L	1	8	3382172664	3382204658	31994	1064.06	575.40	1050.09	651.05	2.18	163.65	0.37	68.24	7317.29	-6500.84	4450.34
Saccade R	1	10	3382172664	3382204658	31994	1064.06	575.40	1050.09	651.05	2.18	163.65	0.37	68.24	7317.29	-6500.84	4450.34
Fixation L	1	11	3382204658	3382492662	288004	1046.89	657.90	14	28	-1	14.00	14.00
Fixation R	1	13	3382204658	3382492662	288004	1046.89	657.90	14	28	-1	15.02	15.02
Saccade L	1	9	3382492662	3382564649	71987	1053.82	639.75	367.49	616.99	15.12	352.37	0.44	210.03	14119.42	-11381.07	7972.37
Saccade R	1	11	3382492662	3382564649	71987	1053.82	639.75	367.49	616.99	15.12	352.37	0.44	210.03	14119.42	-11381.07	7972.37
Fixation L	1	12	3382564649	3383056526	491877	368.75	594.37	23	37	-1	14.01	14.01
Fixation R	1	14	3382564649	3383056526	491877	368.75	594.37	23	37	-1	14.76	14.76
Saccade L	1	10	3383056526	3383112552	56026	358.33	590.14	684.78	546.81	7.79	318.49	0.36	139.03	14416.25	-13279.16	8668.30
Saccade R	1	12	3383056526	3383112552	56026	358.33	590.14	684.78	546.81	7.79	318.49	0.36	139.03	14416.25	-13279.16	8668.30
Saccade L	1	11	3383132559	3383172539	39980	690.22	545.58	436.76	495.17	5.78	290.35	0.30	144.48	14049.85	-12749.89	9644.48
Saccade R	1	13	3383132559	3383172539	39980	690.22	545.58	436.76	495.17	5.78	290.35	0.30	144.48	14049.85	-12749.89	9644.48
Fixation L	1	13	3383172539	3383312551	140012	424.30	485.49	19	19	-1	14.32	14.32
Fixation R	1	15	3383172539	3383312551	140012	424.30	485.49	19	19	-1	14.89	14.89
Saccade L	1	12	3383312551	3383372534	59983	423.91	480.33	1062.05	579.70	14.10	428.11	0.33	235.04	20029.83	-18733.89	11967.61
Saccade R	1	14	3383312551	3383372534	59983	423.91	480.33	1062.05	579.70	14.10	428.11	0.33	235.04	20029.83	-18733.89	11967.61
Fixation L	1	14	3383372534	3383652478	279944	1069.26	597.96	27	44	-1	14.65	14.65
Fixation R	1	16	3383372534	3383652478	279944	1069.26	597.96	27	44	-1	15.41	15.41
Saccade L	1	13	3383652478	3383680560	28082	1064.66	588.65	1129.98	586.88	1.45	116.90	0.58	51.47	5030.23	-5020.96	3644.19
Saccade R	1	15	3383652478	3383680560	28082	1064.66	588.65	1129.98	586.88	1.45	116.90	0.58	51.47	5030.23	-5020.96	3644.19
Fixation L	1	15	3383680560	3383812584	132024	1142.42	561.05	17	39	-1	14.41	14.41
Fixation R	1	17	3383680560	3383812584	132024	1142.42	561.05	17	39	-1	15.36	15.36
Saccade L	1	14	3383812584	3383860490	47906	1148.23	555.88	1197.43	579.29	1.23	52.68	0.33	25.64	2196.05	-1566.67	1079.88
Saccade R	1	16	3383812584	3383860490	47906	1148.23	555.88	1197.43	579.29	1.23	52.68	0.33	25.64	2196.05	-1566.67	1079.88
Fixation L	1	16	3383860490	3383996560	136070	1192.77	583.16	8	7	-1	13.98	13.98
Fixation R	1	18	3383860490	3383996560	136070	1192.77	583.16	8	7	-1	14.88	14.88
Saccade L	1	15	3383996560	3384072561	76001	1188.08	580.06	400.60	457.57	17.63	363.31	0.32	231.93	17795.99	-12245.10	8037.62
Saccade R	1	17	3383996560	3384072561	76001	1188.08	580.06	400.60	457.57	17.63	363.31	0.32	231.93	17795.99	-12245.10	8037.62
Fixation L	1	17	3384072561	3384660452	587891	388.09	409.27	50	81	-1	13.88	13.88
Fixation R	1	19	3384072561	3384660452	587891	388.09	409.27	50	81	-1	14.28	14.28
Saccade L	1	16	3384660452	3384732478	72026	371.44	390.87	1255.06	595.32	20.17	458.21	0.39	280.09	19857.12	-18959.20	10995.35
Saccade R	1	18	3384660452	3384732478	72026	371.44	390.87	1255.06	595.32	20.17	458.21	0.39	280.09	19857.12	-18959.20	10995.35
Fixation L	1	18	3384732478	3384792444	59966	1252.01	599.48	8	6	-1	13.68	13.68
Fixation R	1	20	3384732478	3384792444	59966	1252.01	599.48	8	6	-1	14.99	14.99
Saccade L	1	17	3384792444	3384820468	28024	1252.01	603.04	1239.35	561.82	0.94	83.74	0.43	33.50	3499.29	-3348.93	2151.66
Saccade R	1	19	3384792444	3384820468	28024	1252.01	603.04	1239.35	561.82	0.94	83.74	0.43	33.50	3499.29	-3348.93	2151.66
Fixation L	1	19	3384820468	3384892453	71985	1235.58	569.40	10	12	-1	13.89	13.89
Fixation R	1	21	3384820468	3384892453	71985	1235.58	569.40	10	12	-1	14.98	14.98
Saccade L	1	18	3384892453	3384916457	24004	1238.54	575.85	1196.62	566.87	0.97	74.39	0.50	40.58	3234.75	-2969.38	2312.19
Saccade R	1	20	3384892453	3384916457	24004	1238.54	575.85	1196.62	566.87	0.97	74.39	0.50	40.58	3234.75	-2969.38	2312.19
Fixation L	1	20	3384916457	3385168473	252016	1177.25	564.80	33	18	-1	13.88	13.88
Fixation R	1	22	3384916457	3385168473	252016	1177.25	564.80	33	18	-1	15.01	15.01
Saccade L	1	19	3385168473	3385192457	23984	1163.04	565.92	1205.24	563.32	1.02	88.58	0.50	42.63	3635.02	-3452.97	2597.80
Saccade R	1	21	3385168473	3385192457	23984	1163.04	565.92	1205.24	563.32	1.02	88.58	0.50	42.63	3635.02	-3452.97	2597.80
Fixation L	1	21	3385192457	3385280452	87995	1216.58	551.76	15	20	-1	13.98	13.98
Fixation R	1	23	3385192457	3385280452	87995	1216.58	551.76	15	20	-1	14.99	14.99
Saccade L	1	20	3385280452	3385352456	72004	1219.87	547.65	379.67	413.57	18.93	459.25	0.28	262.94	21766.19	-14871.53	10049.61
Saccade R	1	22	3385280452	3385352456	72004	1219.87	547.65	379.67	413.57	18.93	459.25	0.28	262.94	21766.19	-14871.53	10049.61
Fixation L	1	22	3385352456	3385756358	403902	395.46	394.22	28	50	-1	14.08	14.08
Fixation R	1	24	3385352456	3385756358	403902	395.46	394.22	28	50	-1	14.74	14.74
Saccade L	1	21	3385756358	3385804335	47977	394.21	377.14	379.89	328.32	1.09	43.50	0.33	22.62	1918.89	-1332.36	912.95
Saccade R	1	23	3385756358	3385804335	47977	394.21	377.14	379.89	328.32	1.09	43.50	0.33	22.62	1918.89	-1332.36	912.95
Fixation L	1	23	3385804335	3385876364	72029	377.32	321.80	3	17	-1	14.25	14.25
Fixation R	1	25	3385804335	3385876364	72029	377.32	321.80	3	17	-1	14.96	14.96
Saccade L	1	22	3385876364	3385908343	31979	381.49	320.11	387.60	265.15	1.05	58.22	0.38	32.83	2418.38	-2050.11	1593.78
Saccade R	1	24	3385876364	3385908343	31979	381.49	320.11	387.60	265.15	1.05	58.22	0.38	32.83	2418.38	-2050.11	1593.78
Fixation L	1	24	3385908343	3386428381	520038	387.00	303.25	56	80	-1	14.05	14.05
Fixation R	1	26	3385908343	3386428381	520038	387.00	303.25	56	80	-1	14.73	14.73
Saccade L	1	23	3386428381	3386456372	27991	357.28	296.20	433.81	300.95	1.65	135.98	0.57	59.07	5738.79	-5413.12	4076.71
Saccade R	1	25	3386428381	3386456372	27991	357.28	296.20	433.81	300.95	1.65	135.98	0.57	59.07	5738.79	-5413.12	4076.71
Fixation L	1	25	3386456372	3386772446	316074	418.34	307.52	32	29	-1	13.68	13.68
Fixation R	1	27	3386456372	3386772446	316074	418.34	307.52	32	29	-1	14.29	14.29
Saccade L	1	24	3386772446	3386840361	67915	413.05	294.65	1155.11	410.68	16.65	429.81	0.53	245.16	16295.89	-17413.45	10324.04
Saccade R	1	26	3386772446	3386840361	67915	413.05	294.65	1155.11	410.68	16.65	429.81	0.53	245.16	16295.89	-17413.45	10324.04
Fixation L	1	26	3386840361	3386976362	136001	1136.82	440.12	29	54	-1	13.37	13.37
Fixation R	1	28	3386840361	3386976362	136001	1136.82	440.12	29	54	-1	14.47	14.47
Saccade L	1	25	3386976362	3387004372	28010	1127.79	463.92	1178.87	449.81	1.25	114.34	0.43	44.69	4757.55	-4282.50	3041.02
Saccade R	1	27	3386976362	3387004372	28010	1127.79	463.92	1178.87	449.81	1.25	114.34	0.43	44.69	4757.55	-4282.50	3041.02
Fixation L	1	27	3387004372	3387124274	119902	1182.16	464.54	11	37	-1	13.43	13.43
Fixation R	1	29	3387004372	3387124274	119902	1182.16	464.54	11	37	-1	14.55	14.55
Saccade L	1	26	3387124274	3387200243	75969	1178.85	486.78	431.98	351.10	16.64	376.50	0.32	219.09	17538.35	-12089.32	8017.17
Saccade R	1	28	3387124274	3387200243	75969	1178.85	486.78	431.98	351.10	16.64	376.50	0.32	219.09	17538.35	-12089.32	8017.17
Fixation L	1	28	3387200243	3387504261	304018	434.77	343.64	18	40	-1	13.92	13.92
Fixation R	1	30	3387200243	3387504261	304018	434.77	343.64	18	40	-1	14.44	14.44
Saccade L	1	27	3387504261	3387524254	19993	442.61	369.19	414.26	372.94	0.48	42.36	0.60	24.02	1775.36	-1371.07	1124.30
Saccade R	1	29	3387504261	3387524254	19993	442.61	369.19	414.26	372.94	0.48	42.36	0.60	24.02	1775.36	-1371.07	1124.30
Fixation L	1	29	3387524254	3388532174	1007920	404.86	355.57	33	56	-1	14.24	14.24
Fixation R	1	31	3387524254	3388532174	1007920	404.86	355.57	33	56	-1	14.83	14.83
Saccade L	1	28	3388532174	3388560167	27993	402.41	354.25	408.76	322.05	0.69	43.54	0.57	24.74	1475.84	-1653.20	1163.32
Saccade R	1	30	3388532174	3388560167	27993	402.41	354.25	408.76	322.05	0.69	43.54	0.57	24.74	1475.84	-1653.20	1163.32
Fixation L	1	30	3388560167	3388752148	191981	407.60	309.16	11	22	-1	13.97	13.97
Fixation R	1	32	3388560167	3388752148	191981	407.60	309.16	11	22	-1	14.50	14.50
Saccade L	1	29	3388752148	3388836192	84044	402.03	307.78	1185.14	673.22	19.68	404.01	0.29	234.17	18822.01	-13250.01	8274.52
Saccade R	1	31	3388752148	3388836192	84044	402.03	307.78	1185.14	673.22	19.68	404.01	0.29	234.17	18822.01	-13250.01	8274.52
Fixation L	1	31	3388836192	3388896162	59970	1185.17	681.92	10	17	-1	13.63	13.63
Fixation R	1	33	3388836192	3388896162	59970	1185.17	681.92	10	17	-1	14.78	14.78
Saccade L	1	30	3388896162	3388928166	32004	1177.62	689.96	1197.43	647.16	1.06	67.66	0.38	33.16	2801.58	-2482.27	1612.47
Saccade R	1	32	3388896162	3388928166	32004	1177.62	689.96	1197.43	647.16	1.06	67.66	0.38	33.16	2801.58	-2482.27	1612.47
Fixation L	1	32	3388928166	3389192189	264023	1219.95	645.96	41	28	-1	13.60	13.60
Fixation R	1	34	3388928166	3389192189	264023	1219.95	645.96	41	28	-1	14.57	14.57
Saccade L	1	31	3389192189	3389216175	23986	1228.46	647.20	1226.89	554.26	1.84	162.38	0.50	76.85	7059.30	-6919.13	5234.65
Saccade R	1	33	3389192189	3389216175	23986	1228.46	647.20	1226.89	554.26	1.84	162.38	0.50	76.85	7059.30	-6919.13	5234.65
Fixation L	1	33	3389216175	3389464200	248025	1221.98	548.13	20	16	-1	13.31	13.31
Fixation R	1	35	3389216175	3389464200	248025	1221.98	548.13	20	16	-1	14.33	14.33
Saccade L	1	32	3389464200	3389520169	55969	1223.21	554.24	862.75	507.33	8.15	368.94	0.29	145.66	18148.39	-14668.27	9574.29
Saccade R	1	34	3389464200	3389520169	55969	1223.21	554.24	862.75	507.33	8.15	368.94	0.29	145.66	18148.39	-14668.27	9574.29
Saccade L	1	33	3389520169	3389568172	48003	862.75	507.33	1065.38	528.00	5.63	321.93	0.50	117.27	14344.28	-13087.12	7912.63
Saccade R	1	35	3389520169	3389568172	48003	862.75	507.33	1065.38	528.00	5.63	321.93	0.50	117.27	14344.28	-13087.12	7912.63
Fixation L	1	34	3389584168	3389904047	319879	1072.69	537.28	35	23	-1	13.14	13.14
Fixation R	1	36	3389584168	3389904047	319879	1072.69	537.28	35	23	-1	14.06	14.06
Saccade L	1	34	3389904047	3389956067	52020	1067.01	547.96	0.00	0.00	38.93	2756.95	0.77	748.44	89201.65	-115892.19	49823.98
Saccade R	1	36	3389904047	3389956067	52020	1067.01	547.96	0.00	0.00	38.93	2756.95	0.77	748.44	89201.65	-115892.19	49823.98
Fixation L	1	35	3389956067	3390400830	444763	0.00	0.00	0	0	-1	12.30	12.30
Fixation R	1	37	3389956067	3390400830	444763	0.00	0.00	0	0	-1	13.43	13.18
Fixation L	1	36	3390480085	3390560066	79981	1066.80	602.76	15	33	-1	14.04	14.04
Fixation R	1	38	3390480085	3390560066	79981	1066.80	602.76	15	33	-1	14.84	14.84
Saccade L	1	35	3390560066	3390592071	32005	1072.16	592.49	978.30	606.48	1.99	141.27	0.50	62.33	6263.32	-6486.57	4649.71
Saccade R	1	37	3390560066	3390592071	32005	1072.16	592.49	978.30	606.48	1.99	141.27	0.50	62.33	6263.32	-6486.57	4649.71
Fixation L	1	37	3390592071	3391068099	476028	986.46	592.99	19	70	-1	13.97	13.97
Fixation R	1	39	3390592071	3391068099	476028	986.46	592.99	19	70	-1	14.96	14.96
