[BeGaze]
Converted from:	D:\Kirillov\Results\ermolova_temp_reversed\versh-eye_data.idf
Date:	17.04.2019 03:56:21
Version:	BeGaze 3.0.181
Sample Rate:	250
Subject:	versh
Description:	Run2

Table Header for Fixations:
Event Type	Trial	Number	Start	End	Duration	Location X	Location Y	Dispersion X	Dispersion Y	Plane	Avg. Pupil Size X	Avg. Pupil Size Y

Table Header for Saccades:
Event Type	Trial	Number	Start	End	Duration	Start Loc.X	Start Loc.Y	End Loc.X	End Loc.Y	Amplitude	Peak Speed	Peak Speed At	Average Speed	Peak Accel.	Peak Decel.	Average Accel.

Table Header for User Events:
Event Type	Trial	Number	Start	Description

UserEvent	1	1	7893383589	# Message: Questionnaire16.jpg
Fixation L	1	1	7893386226	7893710313	324087	1233.10	466.69	23	56	-1	12.68	12.68
Fixation R	1	1	7893386226	7893710313	324087	1233.10	466.69	23	56	-1	13.41	13.41
Saccade L	1	1	7893710313	7893814339	104026	1223.34	480.31	525.53	275.17	16.82	476.44	0.38	161.65	20695.51	-16403.97	7368.24
Saccade R	1	1	7893710313	7893814339	104026	1223.34	480.31	525.53	275.17	16.82	476.44	0.38	161.65	20695.51	-16403.97	7368.24
Fixation L	1	2	7893814339	7893974187	159848	525.03	260.87	13	41	-1	13.80	13.80
Fixation R	1	2	7893814339	7893974187	159848	525.03	260.87	13	41	-1	13.98	13.98
Saccade L	1	2	7893974187	7894010223	36036	519.11	241.07	415.12	244.22	2.12	152.00	0.44	58.96	6292.06	-6073.15	4205.97
Saccade R	1	2	7893974187	7894010223	36036	519.11	241.07	415.12	244.22	2.12	152.00	0.44	58.96	6292.06	-6073.15	4205.97
Fixation L	1	3	7894010223	7894894226	884003	372.36	219.16	87	60	-1	14.31	14.31
Fixation R	1	3	7894010223	7894894226	884003	372.36	219.16	87	60	-1	14.18	14.18
Saccade L	1	3	7894894226	7894926206	31980	367.06	227.74	441.51	226.81	1.66	107.89	0.63	51.78	4607.02	-4697.93	3360.39
Saccade R	1	3	7894894226	7894926206	31980	367.06	227.74	441.51	226.81	1.66	107.89	0.63	51.78	4607.02	-4697.93	3360.39
Fixation L	1	4	7894926206	7895146132	219926	441.44	225.85	45	20	-1	14.69	14.69
Fixation R	1	4	7894926206	7895146132	219926	441.44	225.85	45	20	-1	14.44	14.44
UserEvent	1	2	7894938742	# Message: UE-mouseclick left x=420 y=299
Saccade L	1	4	7895146132	7895190211	44079	432.25	218.50	461.76	250.42	1.03	42.72	0.55	23.35	1586.05	-1409.17	1009.10
Saccade R	1	4	7895146132	7895190211	44079	432.25	218.50	461.76	250.42	1.03	42.72	0.55	23.35	1586.05	-1409.17	1009.10
Fixation L	1	5	7895190211	7895446119	255908	452.83	242.93	25	19	-1	14.81	14.81
Fixation R	1	5	7895190211	7895446119	255908	452.83	242.93	25	19	-1	14.65	14.65
Saccade L	1	5	7895446119	7895502090	55971	444.94	238.52	-0.01	0.00	29.16	1561.57	0.79	520.94	46034.09	-56263.17	27343.57
Saccade R	1	5	7895446119	7895502090	55971	444.94	238.52	-0.01	0.00	29.16	1561.57	0.79	520.94	46034.09	-56263.17	27343.57
Fixation L	1	6	7895602111	7895782097	179986	379.58	258.16	14	28	-1	14.77	14.77
Fixation R	1	6	7895602111	7895782097	179986	379.58	258.16	14	28	-1	14.43	14.43
Saccade L	1	6	7895782097	7895830104	48007	380.91	260.63	406.35	332.73	1.68	87.10	0.25	34.95	4159.73	-3288.46	1900.72
Saccade R	1	6	7895782097	7895830104	48007	380.91	260.63	406.35	332.73	1.68	87.10	0.25	34.95	4159.73	-3288.46	1900.72
Fixation L	1	7	7895830104	7896122107	292003	398.48	332.62	28	43	-1	14.89	14.89
Fixation R	1	7	7895830104	7896122107	292003	398.48	332.62	28	43	-1	14.69	14.69
UserEvent	1	3	7896002711	# Message: UE-mouseclick left x=407 y=394
