[BeGaze]
Converted from:	D:\Kirillov\Results\ermolova_temp_reversed\Boris-eye_data.idf
Date:	17.04.2019 03:56:26
Version:	BeGaze 3.0.181
Sample Rate:	250
Subject:	Boris
Description:	Run4

Table Header for Fixations:
Event Type	Trial	Number	Start	End	Duration	Location X	Location Y	Dispersion X	Dispersion Y	Plane	Avg. Pupil Size X	Avg. Pupil Size Y

Table Header for Saccades:
Event Type	Trial	Number	Start	End	Duration	Start Loc.X	Start Loc.Y	End Loc.X	End Loc.Y	Amplitude	Peak Speed	Peak Speed At	Average Speed	Peak Accel.	Peak Decel.	Average Accel.

Table Header for User Events:
Event Type	Trial	Number	Start	Description

UserEvent	1	1	2147024868	# Message: rc-experiment-07.jpg
Saccade L	1	1	2147066874	2147122851	55977	431.38	422.86	765.56	476.30	7.62	266.54	0.29	136.06	13089.86	-9652.60	7305.34
Saccade R	1	1	2147066874	2147122851	55977	431.38	422.86	765.56	476.30	7.62	266.54	0.29	136.06	13089.86	-9652.60	7305.34
Fixation L	1	1	2147122851	2147326851	204000	781.58	481.59	24	10	-1	13.44	13.44
Fixation R	1	1	2147122851	2147326851	204000	781.58	481.59	24	10	-1	13.81	13.81
Saccade L	1	2	2147326851	2147374738	47887	785.39	479.17	1027.60	439.34	5.26	286.03	0.42	109.76	13634.03	-10738.08	7186.26
Saccade R	1	2	2147326851	2147374738	47887	785.39	479.17	1027.60	439.34	5.26	286.03	0.42	109.76	13634.03	-10738.08	7186.26
Fixation L	1	2	2147374738	2147486876	112138	1025.79	423.37	19	23	-1	13.15	13.15
Fixation R	1	2	2147374738	2147560456	185718	714.60	304.41	1048	859	-1	12.07	12.07
Saccade R	1	3	2147560456	2147634883	74427	0.00	0.00	1067.03	328.35	44.79	2011.73	0.25	601.78	80411.75	-63904.54	33133.48
Fixation L	1	3	2147634883	2147738736	103853	1082.73	328.75	21	17	-1	12.34	12.34
Fixation R	1	3	2147634883	2147738736	103853	1082.73	328.75	21	17	-1	12.67	12.67
Saccade L	1	3	2147738736	2147766749	28013	1079.91	327.08	1185.82	331.30	2.22	183.64	0.43	79.40	8489.44	-7927.95	5951.84
Saccade R	1	4	2147738736	2147766749	28013	1079.91	327.08	1185.82	331.30	2.22	183.64	0.43	79.40	8489.44	-7927.95	5951.84
Fixation L	1	4	2147766749	2147946749	180000	1181.22	316.03	28	23	-1	12.41	12.41
Fixation R	1	4	2147766749	2147946749	180000	1181.22	316.03	28	23	-1	12.55	12.55
Saccade L	1	4	2147946749	2147970739	23990	1166.58	314.12	1255.80	309.94	1.77	157.90	0.50	73.94	6769.83	-6830.83	4876.87
Saccade R	1	5	2147946749	2147970739	23990	1166.58	314.12	1255.80	309.94	1.77	157.90	0.50	73.94	6769.83	-6830.83	4876.87
Fixation L	1	5	2147970739	2148158751	188012	1245.63	306.96	30	14	-1	12.40	12.40
Fixation R	1	5	2147970739	2148158751	188012	1245.63	306.96	30	14	-1	12.53	12.53
Saccade L	1	5	2148158751	2148182758	24007	1228.05	311.02	1168.35	305.62	1.13	98.23	0.50	47.08	4418.17	-4217.95	3147.19
Saccade R	1	6	2148158751	2148182758	24007	1228.05	311.02	1168.35	305.62	1.13	98.23	0.50	47.08	4418.17	-4217.95	3147.19
Fixation L	1	6	2148182758	2148346754	163996	1164.60	299.48	24	17	-1	12.39	12.39
Fixation R	1	6	2148182758	2148474745	291987	721.56	185.76	1446	396	-1	9.64	9.64
Fixation L	1	7	2148534763	2148642767	108004	809.35	722.86	39	25	-1	12.17	12.17
Fixation R	1	7	2148534763	2148642767	108004	809.35	722.86	39	25	-1	12.63	12.63
Saccade L	1	6	2148642767	2148670764	27997	797.59	739.01	734.16	734.18	1.28	88.49	0.43	45.61	3912.00	-1583.40	1982.39
Saccade R	1	7	2148642767	2148670764	27997	797.59	739.01	734.16	734.18	1.28	88.49	0.43	45.61	3912.00	-1583.40	1982.39
Saccade L	1	7	2148670764	2148690771	20007	734.16	734.18	793.15	732.69	1.05	102.22	0.40	52.43	1087.97	-3682.82	1810.11
Saccade R	1	8	2148670764	2148690771	20007	734.16	734.18	793.15	732.69	1.05	102.22	0.40	52.43	1087.97	-3682.82	1810.11
Saccade L	1	8	2148698786	2148722761	23975	793.85	733.87	804.13	666.21	1.33	110.66	0.67	55.36	4856.50	-4503.07	3170.60
Saccade R	1	9	2148698786	2148722761	23975	793.85	733.87	804.13	666.21	1.33	110.66	0.67	55.36	4856.50	-4503.07	3170.60
Fixation L	1	8	2148722761	2148986799	264038	818.58	673.47	30	25	-1	12.55	12.55
Fixation R	1	8	2148722761	2148986799	264038	818.58	673.47	30	25	-1	12.74	12.74
Saccade L	1	9	2148986799	2149010764	23965	822.80	658.79	752.42	664.23	1.38	102.57	0.50	57.49	4592.64	-4489.99	3382.20
Saccade R	1	10	2148986799	2149010764	23965	822.80	658.79	752.42	664.23	1.38	102.57	0.50	57.49	4592.64	-4489.99	3382.20
Fixation L	1	9	2149010764	2149194642	183878	757.55	668.80	12	9	-1	12.42	12.42
Fixation R	1	9	2149010764	2149194642	183878	757.55	668.80	12	9	-1	12.77	12.77
Saccade L	1	10	2149194642	2149242645	48003	754.57	672.59	884.30	370.44	7.14	268.63	0.33	148.79	13345.52	-9688.15	8093.14
Saccade R	1	11	2149194642	2149242645	48003	754.57	672.59	884.30	370.44	7.14	268.63	0.33	148.79	13345.52	-9688.15	8093.14
Fixation L	1	10	2149242645	2149450676	208031	882.37	355.93	25	20	-1	12.36	12.36
Fixation R	1	10	2149242645	2149536772	294127	708.24	284.83	1285	488	-1	10.79	10.79
Saccade R	1	12	2149536772	2149618690	81918	0.00	0.00	831.65	609.39	31.70	1347.31	0.27	387.02	49698.72	-55648.45	16167.37
Fixation L	1	11	2149618690	2149698741	80051	809.75	611.54	38	3	-1	12.08	12.08
Fixation R	1	11	2149618690	2149698741	80051	809.75	611.54	38	3	-1	12.76	12.76
Saccade L	1	11	2149698741	2149722661	23920	796.55	611.73	846.85	622.10	1.04	85.72	0.50	43.63	3724.95	-3323.17	2620.51
Saccade R	1	13	2149698741	2149722661	23920	796.55	611.73	846.85	622.10	1.04	85.72	0.50	43.63	3724.95	-3323.17	2620.51
Fixation L	1	12	2149722661	2149886659	163998	845.46	638.49	17	30	-1	12.52	12.52
Fixation R	1	12	2149722661	2149886659	163998	845.46	638.49	17	30	-1	13.09	13.09
Saccade L	1	12	2149886659	2149914684	28025	836.77	652.46	926.78	658.81	1.82	142.24	0.43	65.10	6728.80	-6689.81	4939.71
Saccade R	1	14	2149886659	2149914684	28025	836.77	652.46	926.78	658.81	1.82	142.24	0.43	65.10	6728.80	-6689.81	4939.71
Fixation L	1	13	2149914684	2150126664	211980	928.27	661.89	21	6	-1	12.82	12.82
Fixation R	1	13	2149914684	2150126664	211980	928.27	661.89	21	6	-1	13.21	13.21
Saccade L	1	13	2150126664	2150174694	48030	936.12	661.92	1047.90	332.01	7.72	320.39	0.33	160.66	15525.22	-9109.51	8692.95
Saccade R	1	15	2150126664	2150174694	48030	936.12	661.92	1047.90	332.01	7.72	320.39	0.33	160.66	15525.22	-9109.51	8692.95
Fixation L	1	14	2150174694	2150314674	139980	1056.02	333.99	22	27	-1	12.72	12.72
Fixation R	1	14	2150174694	2150390934	216240	760.73	241.16	1067	357	-1	11.08	11.08
Fixation L	1	15	2150454681	2150814559	359878	1189.74	320.50	48	56	-1	12.77	12.77
Fixation R	1	15	2150454681	2150814559	359878	1189.74	320.50	48	56	-1	12.97	12.97
Saccade L	1	14	2150814559	2150850547	35988	1201.45	331.30	1080.04	352.00	3.04	212.94	0.33	84.35	10136.21	-9552.80	6177.52
Saccade R	1	16	2150814559	2150850547	35988	1201.45	331.30	1080.04	352.00	3.04	212.94	0.33	84.35	10136.21	-9552.80	6177.52
Fixation L	1	16	2150850547	2150958570	108023	1080.19	355.91	5	11	-1	12.88	12.88
Fixation R	1	16	2150850547	2151066584	216037	674.25	221.73	1439	578	-1	8.94	8.94
Fixation L	1	17	2151166554	2151338576	172022	1030.83	313.80	15	18	-1	12.72	12.72
Fixation R	1	17	2151166554	2151417973	251419	815.05	256.76	1067	789	-1	11.36	11.36
Fixation L	1	18	2151510572	2151698570	187998	1202.19	300.12	18	29	-1	12.76	12.76
Fixation R	1	18	2151510572	2151698570	187998	1202.19	300.12	18	29	-1	13.05	13.05
Fixation L	1	19	2151714584	2152094453	379869	1242.92	305.63	27	37	-1	12.89	12.89
Fixation R	1	19	2151714584	2152094453	379869	1242.92	305.63	27	37	-1	12.97	12.97
Saccade L	1	15	2152094453	2152118459	24006	1249.58	290.07	1198.04	303.63	1.11	89.58	0.50	46.14	4065.86	-3242.29	2736.73
Saccade R	1	17	2152094453	2152118459	24006	1249.58	290.07	1198.04	303.63	1.11	89.58	0.50	46.14	4065.86	-3242.29	2736.73
Fixation L	1	20	2152118459	2152250465	132006	1187.85	318.17	27	22	-1	12.70	12.70
Fixation R	1	20	2152118459	2152250465	132006	1187.85	318.17	27	22	-1	12.86	12.86
Saccade L	1	16	2152250465	2152274472	24007	1177.54	326.19	1266.76	320.26	1.78	154.21	0.50	74.34	6740.13	-6761.39	5021.13
Saccade R	1	18	2152250465	2152274472	24007	1177.54	326.19	1266.76	320.26	1.78	154.21	0.50	74.34	6740.13	-6761.39	5021.13
Fixation L	1	21	2152274472	2152538466	263994	1269.74	317.27	12	28	-1	12.50	12.50
Fixation R	1	21	2152274472	2152538466	263994	1269.74	317.27	12	28	-1	12.81	12.81
Saccade L	1	17	2152538466	2152566502	28036	1274.56	300.11	1115.13	310.69	3.20	255.79	0.57	113.98	11405.78	-11110.33	8375.91
Saccade R	1	19	2152538466	2152566502	28036	1274.56	300.11	1115.13	310.69	3.20	255.79	0.57	113.98	11405.78	-11110.33	8375.91
Fixation L	1	22	2152566502	2153110516	544014	1137.04	331.19	44	65	-1	12.71	12.71
Fixation R	1	22	2152566502	2153110516	544014	1137.04	331.19	44	65	-1	13.02	13.02
Saccade L	1	18	2153110516	2153134499	23983	1133.73	359.84	1175.06	341.91	0.95	76.10	0.50	39.82	3251.72	-2664.32	2189.37
Saccade R	1	20	2153110516	2153134499	23983	1133.73	359.84	1175.06	341.91	0.95	76.10	0.50	39.82	3251.72	-2664.32	2189.37
Fixation L	1	23	2153134499	2153318500	184001	1190.72	324.13	31	32	-1	12.89	12.89
Fixation R	1	23	2153134499	2153318500	184001	1190.72	324.13	31	32	-1	13.03	13.03
Saccade L	1	19	2153318500	2153338362	19862	1204.62	308.68	1248.60	307.87	0.90	85.73	0.60	45.10	3613.92	-3558.88	2564.20
Saccade R	1	21	2153318500	2153338362	19862	1204.62	308.68	1248.60	307.87	0.90	85.73	0.60	45.10	3613.92	-3558.88	2564.20
Fixation L	1	24	2153338362	2153498397	160035	1249.27	312.55	11	14	-1	12.89	12.89
Fixation R	1	24	2153338362	2153498397	160035	1249.27	312.55	11	14	-1	13.33	13.33
Saccade L	1	20	2153498397	2153526360	27963	1255.13	319.80	1171.89	318.64	1.71	134.09	0.57	61.05	6272.33	-6171.26	4581.61
Saccade R	1	22	2153498397	2153526360	27963	1255.13	319.80	1171.89	318.64	1.71	134.09	0.57	61.05	6272.33	-6171.26	4581.61
Fixation L	1	25	2153526360	2153770395	244035	1164.50	316.74	13	18	-1	13.06	13.06
Fixation R	1	25	2153526360	2153878370	352010	889.79	243.99	1542	533	-1	11.80	11.80
Fixation L	1	26	2153950397	2154082379	131982	1159.00	314.52	14	14	-1	12.89	12.89
Fixation R	1	26	2153950397	2154082379	131982	1159.00	314.52	14	14	-1	13.42	13.42
Saccade L	1	21	2154082379	2154110391	28012	1164.37	319.32	1242.01	314.49	1.59	116.69	0.57	56.88	5138.64	-5210.40	3833.20
Saccade R	1	23	2154082379	2154110391	28012	1164.37	319.32	1242.01	314.49	1.59	116.69	0.57	56.88	5138.64	-5210.40	3833.20
Fixation L	1	27	2154110391	2154342319	231928	1233.97	314.40	15	10	-1	13.23	13.23
Fixation R	1	27	2154110391	2154342319	231928	1233.97	314.40	15	10	-1	13.62	13.62
Saccade L	1	22	2154342319	2154374394	32075	1243.69	315.52	1123.18	317.97	2.45	176.22	0.50	76.51	7583.64	-7660.12	5563.28
Saccade R	1	24	2154342319	2154374394	32075	1243.69	315.52	1123.18	317.97	2.45	176.22	0.50	76.51	7583.64	-7660.12	5563.28
Fixation L	1	28	2154374394	2154498402	124008	1113.85	316.60	22	7	-1	13.28	13.28
Fixation R	1	28	2154374394	2154498402	124008	1113.85	316.60	22	7	-1	13.59	13.59
Saccade L	1	23	2154498402	2154542391	43989	1106.19	314.57	911.36	637.29	8.01	381.05	0.45	182.12	18663.74	-14288.21	11229.04
Saccade R	1	25	2154498402	2154542391	43989	1106.19	314.57	911.36	637.29	8.01	381.05	0.45	182.12	18663.74	-14288.21	11229.04
Fixation L	1	29	2154542391	2154906261	363870	908.49	667.64	39	77	-1	13.27	13.27
Fixation R	1	29	2154542391	2154906261	363870	908.49	667.64	39	77	-1	13.39	13.39
Saccade L	1	24	2154906261	2154930279	24018	919.80	685.68	845.30	684.24	1.51	130.18	0.50	63.03	5641.13	-5224.86	4063.61
Saccade R	1	26	2154906261	2154930279	24018	919.80	685.68	845.30	684.24	1.51	130.18	0.50	63.03	5641.13	-5224.86	4063.61
Fixation L	1	30	2154930279	2155042288	112009	846.57	673.82	8	17	-1	13.02	13.02
Fixation R	1	30	2154930279	2155042288	112009	846.57	673.82	8	17	-1	12.97	12.97
Saccade L	1	25	2155042288	2155070269	27981	843.61	667.03	915.54	666.37	1.41	90.98	0.43	50.41	4175.78	-3705.38	2941.65
Saccade R	1	27	2155042288	2155070269	27981	843.61	667.03	915.54	666.37	1.41	90.98	0.43	50.41	4175.78	-3705.38	2941.65
Fixation L	1	31	2155070269	2155154280	84011	913.98	657.16	6	21	-1	12.88	12.88
Fixation R	1	31	2155070269	2155154280	84011	913.98	657.16	6	21	-1	12.88	12.88
Saccade L	1	26	2155154280	2155210286	56006	915.08	644.42	1164.64	354.19	8.60	359.63	0.29	153.52	15629.84	-8678.10	7720.55
Saccade R	1	28	2155154280	2155210286	56006	915.08	644.42	1164.64	354.19	8.60	359.63	0.29	153.52	15629.84	-8678.10	7720.55
Fixation L	1	32	2155210286	2155574200	363914	1180.05	340.34	33	22	-1	12.59	12.59
Fixation R	1	32	2155210286	2155574200	363914	1180.05	340.34	33	22	-1	12.84	12.84
Saccade L	1	27	2155574200	2155618280	44080	1168.00	344.28	945.14	659.57	8.28	475.98	0.37	187.78	22393.67	-19821.02	13337.40
Saccade R	1	29	2155574200	2155618280	44080	1168.00	344.28	945.14	659.57	8.28	475.98	0.37	187.78	22393.67	-19821.02	13337.40
Fixation L	1	33	2155618280	2155822297	204017	912.07	675.86	42	33	-1	13.15	13.15
Fixation R	1	33	2155618280	2155822297	204017	912.07	675.86	42	33	-1	13.43	13.43
Saccade L	1	28	2155822297	2155918284	95987	922.76	680.67	931.14	730.89	44.14	1826.12	0.29	459.84	74318.12	-56817.63	23753.54
Saccade R	1	30	2155822297	2155918284	95987	922.76	680.67	931.14	730.89	44.14	1826.12	0.29	459.84	74318.12	-56817.63	23753.54
Fixation L	1	34	2155918284	2156006306	88022	934.34	737.50	9	12	-1	12.96	12.96
Fixation R	1	34	2155918284	2156114231	195947	536.39	415.48	1256	744	-1	10.31	10.31
Fixation L	1	35	2156182171	2156366184	184013	847.74	745.63	40	30	-1	12.85	12.85
Fixation R	1	35	2156182171	2156366184	184013	847.74	745.63	40	30	-1	13.36	13.36
Saccade L	1	29	2156366184	2156394185	28001	836.14	761.27	845.98	857.52	1.96	154.04	0.57	70.07	7026.08	-6848.47	5129.65
Saccade R	1	31	2156366184	2156394185	28001	836.14	761.27	845.98	857.52	1.96	154.04	0.57	70.07	7026.08	-6848.47	5129.65
Fixation L	1	36	2156394185	2156574192	180007	841.59	859.28	13	16	-1	13.04	13.04
Fixation R	1	36	2156394185	2156574192	180007	841.59	859.28	13	16	-1	13.65	13.65
Saccade L	1	30	2156574192	2156598195	24003	843.28	856.50	887.45	859.45	0.85	57.34	0.50	35.39	2495.07	-2310.71	1810.52
Saccade R	1	32	2156574192	2156598195	24003	843.28	856.50	887.45	859.45	0.85	57.34	0.50	35.39	2495.07	-2310.71	1810.52
Fixation L	1	37	2156598195	2156806184	207989	904.23	852.86	26	16	-1	13.04	13.04
Fixation R	1	37	2156598195	2156806184	207989	904.23	852.86	26	16	-1	13.58	13.58
Saccade L	1	31	2156806184	2156834446	28262	913.68	853.46	931.60	717.56	2.75	220.92	0.42	97.17	9629.76	-9073.59	6910.58
Saccade R	1	33	2156806184	2156834446	28262	913.68	853.46	931.60	717.56	2.75	220.92	0.42	97.17	9629.76	-9073.59	6910.58
Fixation L	1	38	2156834446	2156978222	143776	922.68	731.76	13	19	-1	13.13	13.13
Fixation R	1	38	2156834446	2156978222	143776	922.68	731.76	13	19	-1	13.41	13.41
Saccade L	1	32	2156978222	2156998194	19972	920.03	729.29	926.47	696.56	0.67	56.45	0.60	33.47	2697.24	-2247.19	1793.02
Saccade R	1	34	2156978222	2156998194	19972	920.03	729.29	926.47	696.56	0.67	56.45	0.60	33.47	2697.24	-2247.19	1793.02
Fixation L	1	39	2156998194	2157134212	136018	929.11	685.66	4	21	-1	13.14	13.14
Fixation R	1	39	2156998194	2157134212	136018	929.11	685.66	4	21	-1	13.51	13.51
Saccade L	1	33	2157134212	2157162204	27992	931.84	685.01	929.36	764.48	1.69	124.80	0.57	60.45	5764.33	-5846.46	4219.56
Saccade R	1	35	2157134212	2157162204	27992	931.84	685.01	929.36	764.48	1.69	124.80	0.57	60.45	5764.33	-5846.46	4219.56
Fixation L	1	40	2157162204	2157258222	96018	926.00	764.36	8	10	-1	13.09	13.09
Fixation R	1	40	2157162204	2157414189	251985	491.13	398.37	1312	866	-1	13.33	13.33
Saccade R	1	36	2157414189	2157442199	28010	0.00	0.00	741.43	838.94	24.28	2304.12	0.43	866.75	96624.35	-90062.01	65621.28
Saccade L	1	34	2157442199	2157494225	52026	741.43	838.94	861.83	806.12	4.56	184.88	0.23	87.61	1665.55	-42011.91	6144.80
Saccade R	1	37	2157442199	2157494225	52026	741.43	838.94	861.83	806.12	4.56	184.88	0.23	87.61	1665.55	-42011.91	6144.80
Saccade L	1	35	2157494225	2157526207	31982	861.83	806.12	824.97	812.52	0.81	48.74	0.37	25.29	1289.59	-1475.84	866.28
Saccade R	1	38	2157494225	2157526207	31982	861.83	806.12	824.97	812.52	0.81	48.74	0.37	25.29	1289.59	-1475.84	866.28
Saccade L	1	36	2157542093	2157570225	28132	818.99	821.31	738.70	833.58	1.72	131.14	0.43	61.12	5456.99	-5766.18	4074.99
Saccade R	1	39	2157542093	2157570225	28132	818.99	821.31	738.70	833.58	1.72	131.14	0.43	61.12	5456.99	-5766.18	4074.99
Fixation L	1	41	2157570225	2157710078	139853	751.12	843.85	23	15	-1	13.06	13.06
Fixation R	1	41	2157570225	2157710078	139853	751.12	843.85	23	15	-1	13.78	13.78
Fixation L	1	42	2157790098	2157942109	152011	1033.15	383.59	30	7	-1	13.18	13.18
Fixation R	1	42	2157790098	2158058099	268001	688.61	252.86	1373	442	-1	10.17	10.17
Saccade R	1	40	2158058099	2158130103	72004	0.00	0.00	1013.07	364.60	44.47	2131.42	0.28	617.56	87281.90	-62579.44	34081.58
Fixation L	1	43	2158130103	2158278123	148020	1018.08	372.98	16	24	-1	12.85	12.85
Fixation R	1	43	2158130103	2158466097	335994	535.19	204.20	1060	1075	-1	9.80	9.80
Saccade R	1	41	2158466097	2158522039	55942	0.00	0.00	745.25	781.82	32.90	2449.14	0.21	588.04	101871.49	-93614.91	40805.53
Saccade L	1	37	2158522039	2158558117	36078	745.25	781.82	834.44	828.35	1.81	93.12	0.67	50.25	2722.07	-10345.72	2937.08
Saccade R	1	42	2158522039	2158558117	36078	745.25	781.82	834.44	828.35	1.81	93.12	0.67	50.25	2722.07	-10345.72	2937.08
Fixation L	1	44	2158558117	2158678107	119990	847.22	842.27	35	21	-1	12.97	12.97
Fixation R	1	44	2158558117	2158678107	119990	847.22	842.27	35	21	-1	12.92	12.92
Saccade L	1	38	2158678107	2158706092	27985	830.12	843.63	817.53	745.37	2.08	168.91	0.57	74.40	7205.63	-6564.12	5021.11
Saccade R	1	43	2158678107	2158706092	27985	830.12	843.63	817.53	745.37	2.08	168.91	0.57	74.40	7205.63	-6564.12	5021.11
Fixation L	1	45	2158706092	2158950104	244012	783.51	745.74	48	21	-1	12.85	12.85
Fixation R	1	45	2158706092	2158950104	244012	783.51	745.74	48	21	-1	13.29	13.29
Saccade L	1	39	2158950104	2158973974	23870	769.78	745.41	774.32	658.94	1.73	149.66	0.50	72.59	6320.03	-5711.65	4404.37
Saccade R	1	44	2158950104	2158973974	23870	769.78	745.41	774.32	658.94	1.73	149.66	0.50	72.59	6320.03	-5711.65	4404.37
Fixation L	1	46	2158973974	2159089996	116022	767.83	678.69	26	32	-1	12.57	12.57
Fixation R	1	46	2158973974	2159089996	116022	767.83	678.69	26	32	-1	13.11	13.11
Saccade L	1	40	2159089996	2159118009	28013	755.59	685.50	840.82	716.98	2.01	154.93	0.57	71.67	7061.69	-6291.45	4946.73
Saccade R	1	45	2159089996	2159118009	28013	755.59	685.50	840.82	716.98	2.01	154.93	0.57	71.67	7061.69	-6291.45	4946.73
Fixation L	1	47	2159118009	2159389988	271979	842.02	737.60	12	29	-1	12.60	12.60
Fixation R	1	47	2159118009	2159389988	271979	842.02	737.60	12	29	-1	12.90	12.90
Fixation L	1	48	2159566027	2159810022	243995	999.62	338.74	23	19	-1	12.88	12.88
Fixation R	1	48	2159566027	2159907848	341821	789.64	272.74	1057	786	-1	10.85	10.85
Fixation L	1	49	2159990002	2160126007	136005	1175.15	337.89	29	26	-1	12.93	12.93
Fixation R	1	49	2159990002	2160126007	136005	1175.15	337.89	29	26	-1	13.16	13.16
Saccade L	1	41	2160126007	2160174011	48004	1170.90	329.38	901.75	795.17	11.31	491.20	0.50	235.61	23850.95	-19596.05	14368.21
Saccade R	1	46	2160126007	2160174011	48004	1170.90	329.38	901.75	795.17	11.31	491.20	0.50	235.61	23850.95	-19596.05	14368.21
Saccade L	1	42	2160186038	2160206035	19997	902.74	759.76	906.41	801.46	0.66	55.56	0.40	32.99	1005.81	-1909.67	957.87
Saccade R	1	47	2160186038	2160206035	19997	902.74	759.76	906.41	801.46	0.66	55.56	0.40	32.99	1005.81	-1909.67	957.87
Fixation L	1	50	2160206035	2160314028	107993	896.04	814.63	21	19	-1	13.47	13.47
Fixation R	1	50	2160206035	2160314028	107993	896.04	814.63	21	19	-1	13.75	13.75
Saccade L	1	43	2160314028	2160334027	19999	884.56	819.67	899.06	796.33	0.48	41.61	0.60	23.89	1464.60	-1254.81	988.96
Saccade R	1	48	2160314028	2160334027	19999	884.56	819.67	899.06	796.33	0.48	41.61	0.60	23.89	1464.60	-1254.81	988.96
Fixation L	1	51	2160334027	2160421894	87867	911.87	787.01	17	37	-1	13.67	13.67
Fixation R	1	51	2160334027	2160421894	87867	911.87	787.01	17	37	-1	14.01	14.01
Saccade L	1	44	2160421894	2160465884	43990	917.92	763.14	930.58	761.99	3.44	155.42	0.27	78.27	6118.39	-5450.73	2869.49
Saccade R	1	49	2160421894	2160465884	43990	917.92	763.14	930.58	761.99	3.44	155.42	0.27	78.27	6118.39	-5450.73	2869.49
Fixation L	1	52	2160465884	2160557903	92019	928.24	770.92	5	16	-1	13.37	13.37
Fixation R	1	52	2160465884	2160557903	92019	928.24	770.92	5	16	-1	13.76	13.76
Saccade L	1	45	2160557903	2160621915	64012	929.61	778.92	1194.90	357.83	11.14	309.00	0.62	174.05	12089.56	-13330.06	6718.73
Saccade R	1	50	2160557903	2160621915	64012	929.61	778.92	1194.90	357.83	11.14	309.00	0.62	174.05	12089.56	-13330.06	6718.73
Fixation L	1	53	2160621915	2160817912	195997	1195.43	360.94	14	15	-1	13.07	13.07
Fixation R	1	53	2160621915	2160917918	296003	875.98	265.40	1345	472	-1	11.03	11.03
Fixation L	1	54	2160997924	2161121798	123874	1151.74	341.35	31	34	-1	13.34	13.34
Fixation R	1	54	2160997924	2161121798	123874	1151.74	341.35	31	34	-1	13.68	13.68
Saccade L	1	46	2161121798	2161153906	32108	1137.91	357.45	1002.11	359.46	2.94	198.99	0.50	91.63	9203.42	-9557.73	6786.20
Saccade R	1	51	2161121798	2161153906	32108	1137.91	357.45	1002.11	359.46	2.94	198.99	0.50	91.63	9203.42	-9557.73	6786.20
Fixation L	1	55	2161153906	2161293915	140009	1003.61	367.27	11	32	-1	13.77	13.77
Fixation R	1	55	2161153906	2161293915	140009	1003.61	367.27	11	32	-1	14.09	14.09
Saccade L	1	47	2161293915	2161345934	52019	1005.21	387.97	902.69	751.42	9.11	393.07	0.31	175.19	19254.01	-15453.82	10475.06
Saccade R	1	52	2161293915	2161345934	52019	1005.21	387.97	902.69	751.42	9.11	393.07	0.31	175.19	19254.01	-15453.82	10475.06
Fixation L	1	56	2161361923	2161781787	419864	908.95	778.08	35	25	-1	13.80	13.80
Fixation R	1	56	2161361923	2161781787	419864	908.95	778.08	35	25	-1	14.12	14.12
Saccade L	1	48	2161781787	2161809792	28005	917.43	782.02	848.34	777.94	1.40	103.38	0.57	49.90	5041.75	-4815.95	3608.50
Saccade R	1	53	2161781787	2161809792	28005	917.43	782.02	848.34	777.94	1.40	103.38	0.57	49.90	5041.75	-4815.95	3608.50
Fixation L	1	57	2161809792	2161917789	107997	845.83	769.95	5	12	-1	13.50	13.50
Fixation R	1	57	2161809792	2161917789	107997	845.83	769.95	5	12	-1	13.65	13.65
Saccade L	1	49	2161917789	2161973811	56022	846.40	770.95	1152.73	358.11	11.57	450.54	0.29	206.51	21815.65	-11964.96	11119.89
Saccade R	1	54	2161917789	2161973811	56022	846.40	770.95	1152.73	358.11	11.57	450.54	0.29	206.51	21815.65	-11964.96	11119.89
Fixation L	1	58	2161973811	2162233829	260018	1164.79	358.35	22	44	-1	13.43	13.43
Fixation R	1	58	2161973811	2162233829	260018	1164.79	358.35	22	44	-1	13.62	13.62
Saccade L	1	50	2162233829	2162257799	23970	1169.72	379.62	1202.52	329.61	1.24	92.66	0.67	51.82	4420.20	-3958.58	3111.74
Saccade R	1	55	2162233829	2162257799	23970	1169.72	379.62	1202.52	329.61	1.24	92.66	0.67	51.82	4420.20	-3958.58	3111.74
Fixation L	1	59	2162257799	2162501854	244055	1222.06	337.59	26	22	-1	13.49	13.49
Fixation R	1	59	2162257799	2162501854	244055	1222.06	337.59	26	22	-1	13.69	13.69
Saccade L	1	51	2162501854	2162533753	31899	1221.51	347.15	1162.31	331.77	1.39	87.06	0.37	43.54	4026.01	-3397.52	2632.63
Saccade R	1	56	2162501854	2162533753	31899	1221.51	347.15	1162.31	331.77	1.39	87.06	0.37	43.54	4026.01	-3397.52	2632.63
Fixation L	1	60	2162533753	2162629842	96089	1161.56	313.79	11	29	-1	13.39	13.39
Fixation R	1	60	2162533753	2162726212	192459	699.94	199.34	1172	779	-1	9.83	9.83
Fixation L	1	61	2162801817	2162969814	167997	1101.15	321.57	36	27	-1	13.18	13.18
Fixation R	1	61	2162801817	2162969814	167997	1101.15	321.57	36	27	-1	13.39	13.39
Saccade L	1	52	2162969814	2162993814	24000	1113.58	333.11	1184.76	329.17	1.51	125.31	0.50	62.88	5425.01	-5575.48	4049.63
Saccade R	1	57	2162969814	2162993814	24000	1113.58	333.11	1184.76	329.17	1.51	125.31	0.50	62.88	5425.01	-5575.48	4049.63
Fixation L	1	62	2162993814	2163161724	167910	1179.76	331.53	19	15	-1	13.59	13.59
Fixation R	1	62	2162993814	2163161724	167910	1179.76	331.53	19	15	-1	13.86	13.86
Saccade L	1	53	2163161724	2163189704	27980	1176.07	336.11	1237.37	327.67	1.25	86.08	0.43	44.83	4062.83	-4057.08	3037.42
Saccade R	1	58	2163161724	2163189704	27980	1176.07	336.11	1237.37	327.67	1.25	86.08	0.43	44.83	4062.83	-4057.08	3037.42
Fixation L	1	63	2163189704	2163393717	204013	1240.54	344.12	7	24	-1	13.79	13.79
Fixation R	1	63	2163189704	2163393717	204013	1240.54	344.12	7	24	-1	13.98	13.98
Saccade L	1	54	2163393717	2163421710	27993	1245.93	340.59	1134.62	334.10	2.33	187.51	0.43	83.30	8354.51	-8810.44	6274.52
Saccade R	1	59	2163393717	2163421710	27993	1245.93	340.59	1134.62	334.10	2.33	187.51	0.43	83.30	8354.51	-8810.44	6274.52
Fixation L	1	64	2163421710	2163525710	104000	1133.54	336.33	4	5	-1	13.74	13.74
Fixation R	1	64	2163421710	2163525710	104000	1133.54	336.33	4	5	-1	13.82	13.82
Saccade L	1	55	2163525710	2163605703	79993	1133.69	336.98	878.69	738.15	11.93	443.23	0.25	149.15	21205.90	-15731.50	8377.93
Saccade R	1	60	2163525710	2163605703	79993	1133.69	336.98	878.69	738.15	11.93	443.23	0.25	149.15	21205.90	-15731.50	8377.93
Fixation L	1	65	2163605703	2163741728	136025	874.15	732.07	21	10	-1	13.73	13.73
Fixation R	1	65	2163605703	2163741728	136025	874.15	732.07	21	10	-1	13.81	13.81
Saccade L	1	56	2163741728	2163765725	23997	887.83	728.68	903.69	757.24	0.73	53.62	0.50	30.32	2275.94	-1802.80	1538.39
Saccade R	1	61	2163741728	2163765725	23997	887.83	728.68	903.69	757.24	0.73	53.62	0.50	30.32	2275.94	-1802.80	1538.39
Fixation L	1	66	2163765725	2163901715	135990	912.58	758.24	15	13	-1	13.75	13.75
Fixation R	1	66	2163765725	2163901715	135990	912.58	758.24	15	13	-1	13.87	13.87
Saccade L	1	57	2163901715	2163921724	20009	903.85	751.32	833.70	743.53	1.33	124.81	0.60	66.42	5527.36	-5085.38	3697.25
Saccade R	1	62	2163901715	2163921724	20009	903.85	751.32	833.70	743.53	1.33	124.81	0.60	66.42	5527.36	-5085.38	3697.25
Fixation L	1	67	2163921724	2164069723	147999	836.13	742.32	14	9	-1	13.43	13.43
Fixation R	1	67	2163921724	2164069723	147999	836.13	742.32	14	9	-1	13.55	13.55
Saccade L	1	58	2164069723	2164097729	28006	836.06	745.06	908.21	748.41	1.45	100.73	0.57	51.85	4760.83	-4751.56	3540.42
Saccade R	1	63	2164069723	2164097729	28006	836.06	745.06	908.21	748.41	1.45	100.73	0.57	51.85	4760.83	-4751.56	3540.42
Fixation L	1	68	2164097729	2164217719	119990	908.10	747.62	8	5	-1	13.14	13.14
Fixation R	1	68	2164097729	2164217719	119990	908.10	747.62	8	5	-1	13.38	13.38
Saccade R	1	64	2164217719	2164245715	27996	915.05	748.30	0.00	0.00	25.24	2398.56	0.57	901.71	97385.21	-101473.31	70385.56
Fixation R	1	69	2164245715	2164345661	99946	0.00	0.00	0	0	-1	6.40	6.40
Saccade L	1	59	2164425720	2164457753	32033	969.41	710.82	930.06	713.84	0.91	41.71	0.62	28.39	1356.11	-1705.48	1143.46
Saccade R	1	65	2164425720	2164457753	32033	969.41	710.82	930.06	713.84	0.91	41.71	0.62	28.39	1356.11	-1705.48	1143.46
Fixation L	1	69	2164457753	2164561759	104006	922.23	732.41	12	31	-1	12.79	12.79
Fixation R	1	70	2164457753	2164561759	104006	922.23	732.41	12	31	-1	13.18	13.18
Saccade L	1	60	2164561759	2164589618	27859	928.94	745.27	923.69	634.90	2.22	172.40	0.57	79.61	7613.65	-6282.53	5209.78
Saccade R	1	66	2164561759	2164589618	27859	928.94	745.27	923.69	634.90	2.22	172.40	0.57	79.61	7613.65	-6282.53	5209.78
Fixation L	1	70	2164589618	2164793615	203997	912.34	660.55	20	34	-1	13.55	13.55
Fixation R	1	71	2164589618	2164793615	203997	912.34	660.55	20	34	-1	13.66	13.66
Saccade L	1	61	2164793615	2164821607	27992	912.15	667.56	812.04	677.66	2.06	166.52	0.43	73.58	7210.27	-7407.46	5352.26
Saccade R	1	67	2164793615	2164821607	27992	912.15	667.56	812.04	677.66	2.06	166.52	0.43	73.58	7210.27	-7407.46	5352.26
Fixation L	1	71	2164821607	2164981629	160022	823.77	673.50	21	17	-1	13.59	13.59
Fixation R	1	72	2164821607	2164981629	160022	823.77	673.50	21	17	-1	13.82	13.82
Saccade L	1	62	2164981629	2165009613	27984	826.54	674.49	779.09	666.67	1.05	69.86	0.57	37.48	2805.36	-3002.60	2161.49
Saccade R	1	68	2164981629	2165009613	27984	826.54	674.49	779.09	666.67	1.05	69.86	0.57	37.48	2805.36	-3002.60	2161.49
Fixation L	1	72	2165009613	2165065620	56007	772.99	668.60	9	11	-1	13.54	13.54
Fixation R	1	73	2165009613	2165065620	56007	772.99	668.60	9	11	-1	13.77	13.77
Saccade L	1	63	2165065620	2165101622	36002	769.17	676.69	962.64	656.70	4.12	258.30	0.33	114.44	12118.67	-11303.71	7844.99
Saccade R	1	69	2165065620	2165101622	36002	769.17	676.69	962.64	656.70	4.12	258.30	0.33	114.44	12118.67	-11303.71	7844.99
Fixation L	1	73	2165101622	2165337640	236018	951.17	681.51	22	33	-1	13.39	13.39
Fixation R	1	74	2165101622	2165337640	236018	951.17	681.51	22	33	-1	13.71	13.71
Saccade L	1	64	2165337640	2165369630	31990	951.39	679.57	763.46	682.46	3.97	271.95	0.63	123.95	13523.84	-13066.89	9620.37
Saccade R	1	70	2165337640	2165369630	31990	951.39	679.57	763.46	682.46	3.97	271.95	0.63	123.95	13523.84	-13066.89	9620.37
Fixation L	1	74	2165369630	2165517628	147998	751.46	677.90	32	11	-1	13.30	13.30
Fixation R	1	75	2165369630	2165517628	147998	751.46	677.90	32	11	-1	13.66	13.66
Saccade L	1	65	2165517628	2165545628	28000	733.43	676.54	902.61	676.22	3.40	240.90	0.57	121.30	11569.10	-11801.80	8665.17
Saccade R	1	71	2165517628	2165545628	28000	733.43	676.54	902.61	676.22	3.40	240.90	0.57	121.30	11569.10	-11801.80	8665.17
Fixation L	1	75	2165545628	2165917661	372033	908.71	675.80	27	25	-1	13.48	13.48
Fixation R	1	76	2165545628	2165917661	372033	908.71	675.80	27	25	-1	13.71	13.71
Saccade L	1	66	2165917661	2165941634	23973	917.16	675.43	853.36	675.08	1.32	122.42	0.50	55.07	5309.76	-5253.23	3851.84
Saccade R	1	72	2165917661	2165941634	23973	917.16	675.43	853.36	675.08	1.32	122.42	0.50	55.07	5309.76	-5253.23	3851.84
Fixation L	1	76	2165941634	2166129543	187909	851.00	669.80	9	17	-1	13.60	13.60
Fixation R	1	77	2165941634	2166129543	187909	851.00	669.80	9	17	-1	13.73	13.73
Saccade L	1	67	2166129543	2166161537	31994	845.03	674.44	705.16	681.87	2.87	207.99	0.50	89.62	9230.72	-9043.58	6631.60
Saccade R	1	73	2166129543	2166161537	31994	845.03	674.44	705.16	681.87	2.87	207.99	0.50	89.62	9230.72	-9043.58	6631.60
Fixation L	1	77	2166161537	2166633538	472001	687.76	683.91	49	38	-1	13.38	13.38
Fixation R	1	78	2166161537	2166633538	472001	687.76	683.91	49	38	-1	13.59	13.59
Saccade L	1	68	2166633538	2166677530	43992	670.19	658.99	742.74	348.70	6.74	327.67	0.36	153.28	16271.29	-13030.37	8996.83
Saccade R	1	74	2166633538	2166677530	43992	670.19	658.99	742.74	348.70	6.74	327.67	0.36	153.28	16271.29	-13030.37	8996.83
