[BeGaze]
Converted from:	D:\Kirillov\Results\ermolova_temp_reversed\Boris-eye_data.idf
Date:	17.04.2019 03:56:26
Version:	BeGaze 3.0.181
Sample Rate:	250
Subject:	Boris
Description:	Run4

Table Header for Fixations:
Event Type	Trial	Number	Start	End	Duration	Location X	Location Y	Dispersion X	Dispersion Y	Plane	Avg. Pupil Size X	Avg. Pupil Size Y

Table Header for Saccades:
Event Type	Trial	Number	Start	End	Duration	Start Loc.X	Start Loc.Y	End Loc.X	End Loc.Y	Amplitude	Peak Speed	Peak Speed At	Average Speed	Peak Accel.	Peak Decel.	Average Accel.

Table Header for User Events:
Event Type	Trial	Number	Start	Description

UserEvent	1	1	2054850950	# Message: rc-experiment-05.jpg
Fixation L	1	1	2054853125	2054960996	107871	444.23	424.98	22	6	-1	13.56	13.56
Fixation R	1	1	2054853125	2054960996	107871	444.23	424.98	22	6	-1	13.80	13.80
Saccade L	1	1	2054960996	2055012991	51995	444.56	426.15	787.31	492.86	7.50	282.72	0.38	144.33	13996.20	-9554.63	7992.69
Saccade R	1	1	2054960996	2055012991	51995	444.56	426.15	787.31	492.86	7.50	282.72	0.38	144.33	13996.20	-9554.63	7992.69
Fixation L	1	2	2055012991	2055128991	116000	796.93	509.01	17	23	-1	13.40	13.40
Fixation R	1	2	2055012991	2055128991	116000	796.93	509.01	17	23	-1	13.86	13.86
Saccade L	1	2	2055128991	2055172994	44003	800.28	510.45	1009.81	508.51	4.54	240.49	0.36	103.17	11236.87	-8920.73	6687.83
Saccade R	1	2	2055128991	2055172994	44003	800.28	510.45	1009.81	508.51	4.54	240.49	0.36	103.17	11236.87	-8920.73	6687.83
Fixation L	1	3	2055172994	2055368984	195990	493.67	248.48	1012	521	-1	8.83	8.83
Fixation R	1	3	2055172994	2055256997	84003	1007.41	507.00	8	10	-1	13.79	13.79
Saccade L	1	3	2055368984	2055424989	56005	0.00	0.00	419.31	388.34	25.42	1570.06	0.21	453.80	68381.59	-41589.95	22354.71
Fixation L	1	4	2055424989	2055665012	240023	433.51	416.11	27	42	-1	12.70	12.70
Fixation R	1	4	2055424989	2055665012	240023	433.51	416.11	27	42	-1	12.74	12.74
Saccade L	1	4	2055665012	2055693010	27998	433.42	420.81	412.34	456.17	0.83	46.00	0.43	29.80	1975.06	-1593.67	1329.39
Saccade R	1	3	2055665012	2055693010	27998	433.42	420.81	412.34	456.17	0.83	46.00	0.43	29.80	1975.06	-1593.67	1329.39
Fixation L	1	5	2055693010	2055816990	123980	402.50	474.43	13	32	-1	13.13	13.13
Fixation R	1	5	2055693010	2055816990	123980	402.50	474.43	13	32	-1	13.07	13.07
Saccade L	1	5	2055816990	2055877000	60010	407.56	483.55	1042.64	513.07	13.73	433.07	0.33	228.73	20282.18	-15556.84	10896.75
Saccade R	1	4	2055816990	2055877000	60010	407.56	483.55	1042.64	513.07	13.73	433.07	0.33	228.73	20282.18	-15556.84	10896.75
Fixation L	1	6	2055877000	2056133020	256020	1046.16	505.89	22	32	-1	12.80	12.80
Fixation R	1	6	2055877000	2056133020	256020	1046.16	505.89	22	32	-1	13.08	13.08
Saccade L	1	6	2056133020	2056161029	28009	1042.10	497.37	1142.27	490.49	2.03	158.12	0.43	72.43	6672.88	-6710.55	4966.14
Saccade R	1	5	2056133020	2056161029	28009	1042.10	497.37	1142.27	490.49	2.03	158.12	0.43	72.43	6672.88	-6710.55	4966.14
Fixation L	1	7	2056161029	2056300983	139954	1137.14	491.53	8	16	-1	12.33	12.33
Fixation R	1	7	2056161029	2056300983	139954	1137.14	491.53	8	16	-1	12.74	12.74
Saccade L	1	7	2056300983	2056332881	31898	1133.91	494.60	1059.20	561.73	2.15	136.37	0.50	67.40	6025.79	-6302.87	4453.49
Saccade R	1	6	2056300983	2056332881	31898	1133.91	494.60	1059.20	561.73	2.15	136.37	0.50	67.40	6025.79	-6302.87	4453.49
Fixation L	1	8	2056332881	2056476890	144009	1052.48	558.36	13	14	-1	12.33	12.33
Fixation R	1	8	2056332881	2056476890	144009	1052.48	558.36	13	14	-1	12.43	12.43
Saccade L	1	8	2056476890	2056508909	32019	1056.39	555.40	1159.44	507.29	2.36	147.73	0.37	73.66	7009.19	-6580.93	4899.68
Saccade R	1	7	2056476890	2056508909	32019	1056.39	555.40	1159.44	507.29	2.36	147.73	0.37	73.66	7009.19	-6580.93	4899.68
Fixation L	1	9	2056508909	2056648887	139978	1162.96	487.86	6	30	-1	12.30	12.30
Fixation R	1	9	2056508909	2056648887	139978	1162.96	487.86	6	30	-1	12.46	12.46
Saccade L	1	9	2056648887	2056668920	20033	1161.28	478.55	1121.15	471.49	0.84	77.60	0.60	41.90	3382.73	-2905.87	2241.38
Saccade R	1	8	2056648887	2056668920	20033	1161.28	478.55	1121.15	471.49	0.84	77.60	0.60	41.90	3382.73	-2905.87	2241.38
Fixation L	1	10	2056668920	2056772905	103985	1111.29	466.54	20	8	-1	12.34	12.34
Fixation R	1	10	2056668920	2056772905	103985	1111.29	466.54	20	8	-1	12.38	12.38
Saccade L	1	10	2056772905	2056832897	59992	1108.42	466.85	415.65	403.58	15.37	487.43	0.33	256.22	23356.60	-17723.45	11952.15
Saccade R	1	9	2056772905	2056832897	59992	1108.42	466.85	415.65	403.58	15.37	487.43	0.33	256.22	23356.60	-17723.45	11952.15
Fixation L	1	11	2056832897	2056980904	148007	248.82	261.57	659	1076	-1	12.03	12.03
Fixation R	1	11	2056832897	2056900892	67995	406.93	393.09	14	13	-1	12.31	12.31
Saccade L	1	11	2056980904	2057036894	55990	0.00	0.00	364.12	366.33	12.39	808.47	0.29	221.32	40874.39	-31312.95	15657.58
Fixation L	1	12	2057036894	2057192908	156014	361.51	377.38	14	21	-1	12.53	12.53
Fixation R	1	12	2057036894	2057192908	156014	361.51	377.38	14	21	-1	12.44	12.44
Saccade L	1	12	2057192908	2057212905	19997	364.59	384.52	325.38	384.00	0.83	70.60	0.40	41.53	3225.45	-3001.01	2215.77
Saccade R	1	10	2057192908	2057212905	19997	364.59	384.52	325.38	384.00	0.83	70.60	0.40	41.53	3225.45	-3001.01	2215.77
Fixation L	1	13	2057212905	2057460926	248021	328.76	418.79	21	57	-1	13.24	13.24
Fixation R	1	13	2057212905	2057460926	248021	328.76	418.79	21	57	-1	13.34	13.34
Saccade L	1	13	2057460926	2057492913	31987	335.79	439.05	378.05	381.83	1.49	81.90	0.37	46.48	3831.61	-3306.90	2581.80
Saccade R	1	11	2057460926	2057492913	31987	335.79	439.05	378.05	381.83	1.49	81.90	0.37	46.48	3831.61	-3306.90	2581.80
Fixation L	1	14	2057492913	2057888807	395894	372.41	334.17	31	63	-1	13.16	13.16
Fixation R	1	14	2057492913	2057888807	395894	372.41	334.17	31	63	-1	13.53	13.53
Saccade L	1	14	2057888807	2057956790	67983	354.85	321.88	1116.04	476.27	16.99	414.79	0.29	249.87	20339.18	-12908.42	9699.12
Saccade R	1	12	2057888807	2057956790	67983	354.85	321.88	1116.04	476.27	16.99	414.79	0.29	249.87	20339.18	-12908.42	9699.12
Fixation L	1	15	2057956790	2058124790	168000	1112.72	487.21	33	26	-1	13.08	13.08
Fixation R	1	15	2057956790	2058124790	168000	1112.72	487.21	33	26	-1	13.65	13.65
Saccade L	1	15	2058124790	2058148794	24004	1101.85	502.19	1107.06	547.56	0.94	75.86	0.50	39.27	3366.41	-2891.73	2301.37
Saccade R	1	13	2058124790	2058148794	24004	1101.85	502.19	1107.06	547.56	0.94	75.86	0.50	39.27	3366.41	-2891.73	2301.37
Fixation L	1	16	2058148794	2058276827	128033	1110.68	559.06	9	21	-1	12.98	12.98
Fixation R	1	16	2058148794	2058276827	128033	1110.68	559.06	9	21	-1	13.22	13.22
Saccade L	1	16	2058276827	2058296822	19995	1108.44	565.15	1066.49	564.16	0.86	78.84	0.60	42.89	3400.19	-3330.86	2419.72
Saccade R	1	14	2058276827	2058296822	19995	1108.44	565.15	1066.49	564.16	0.86	78.84	0.60	42.89	3400.19	-3330.86	2419.72
Fixation L	1	17	2058296822	2058452820	155998	1058.13	560.04	15	10	-1	12.72	12.72
Fixation R	1	17	2058296822	2058544818	247996	736.33	388.10	1209	565	-1	11.07	11.07
Fixation L	1	18	2058640815	2058692802	51987	1104.59	543.75	19	2	-1	12.19	12.19
Fixation R	1	18	2058640815	2058692802	51987	1104.59	543.75	19	2	-1	12.55	12.55
Saccade L	1	17	2058692802	2058716803	24001	1110.70	542.46	1058.01	544.61	1.00	79.64	0.50	41.51	3761.80	-3317.39	2629.38
Saccade R	1	15	2058692802	2058716803	24001	1110.70	542.46	1058.01	544.61	1.00	79.64	0.50	41.51	3761.80	-3317.39	2629.38
Fixation L	1	19	2058716803	2058852829	136026	1054.21	546.70	17	8	-1	12.47	12.47
Fixation R	1	19	2058716803	2058852829	136026	1054.21	546.70	17	8	-1	12.59	12.59
Saccade L	1	18	2058852829	2058880813	27984	1043.78	551.53	1129.00	556.14	1.81	143.11	0.43	64.80	6807.49	-6726.67	4953.19
Saccade R	1	16	2058852829	2058880813	27984	1043.78	551.53	1129.00	556.14	1.81	143.11	0.43	64.80	6807.49	-6726.67	4953.19
Fixation L	1	20	2058880813	2058980841	100028	1129.90	555.21	12	11	-1	12.64	12.64
Fixation R	1	20	2058880813	2058980841	100028	1129.90	555.21	12	11	-1	12.87	12.87
Saccade L	1	19	2058980841	2059044817	63976	1124.07	551.84	390.78	389.53	16.59	449.84	0.31	259.36	21198.55	-16085.41	11491.73
Saccade R	1	17	2058980841	2059044817	63976	1124.07	551.84	390.78	389.53	16.59	449.84	0.31	259.36	21198.55	-16085.41	11491.73
Fixation L	1	21	2059044817	2059184694	139877	382.78	382.17	12	24	-1	12.66	12.66
Fixation R	1	21	2059044817	2059184694	139877	382.78	382.17	12	24	-1	12.34	12.34
Fixation L	1	22	2059192689	2059292719	100030	45.75	46.51	446	396	-1	6.10	6.10
Saccade L	1	20	2059292719	2059348728	56009	0.00	0.00	331.58	415.32	12.66	734.92	0.21	226.08	31305.61	-24074.72	13449.67
Fixation L	1	23	2059348728	2059684723	335995	357.37	410.04	35	31	-1	12.86	12.86
Fixation R	1	22	2059348728	2059684723	335995	357.37	410.04	35	31	-1	12.92	12.92
Saccade L	1	21	2059684723	2059752712	67989	359.83	421.47	959.87	632.10	14.24	399.98	0.29	209.44	19369.78	-11185.24	9074.34
Saccade R	1	18	2059684723	2059752712	67989	359.83	421.47	959.87	632.10	14.24	399.98	0.29	209.44	19369.78	-11185.24	9074.34
Fixation L	1	24	2059752712	2059904728	152016	973.55	629.13	20	7	-1	12.81	12.81
Fixation R	1	23	2059752712	2059904728	152016	973.55	629.13	20	7	-1	13.31	13.31
Saccade L	1	22	2059904728	2059928721	23993	977.37	630.09	1091.10	647.34	2.19	184.70	0.50	91.28	8382.05	-7421.81	5759.07
Saccade R	1	19	2059904728	2059928721	23993	977.37	630.09	1091.10	647.34	2.19	184.70	0.50	91.28	8382.05	-7421.81	5759.07
Fixation L	1	25	2059928721	2060172711	243990	1065.78	659.59	45	23	-1	12.46	12.46
Fixation R	1	24	2059928721	2060172711	243990	1065.78	659.59	45	23	-1	12.81	12.81
Saccade L	1	23	2060172711	2060196720	24009	1047.09	668.93	1130.47	663.80	1.69	141.41	0.50	70.19	6293.70	-5843.33	4517.45
Saccade R	1	20	2060172711	2060196720	24009	1047.09	668.93	1130.47	663.80	1.69	141.41	0.50	70.19	6293.70	-5843.33	4517.45
Fixation L	1	26	2060196720	2060424723	228003	1126.87	660.42	16	8	-1	12.21	12.21
Fixation R	1	25	2060196720	2060424723	228003	1126.87	660.42	16	8	-1	12.37	12.37
Saccade L	1	24	2060424723	2060488739	64016	1133.34	662.51	416.54	437.65	16.61	464.91	0.25	259.52	22664.53	-15816.11	11224.02
Saccade R	1	21	2060424723	2060488739	64016	1133.34	662.51	416.54	437.65	16.61	464.91	0.25	259.52	22664.53	-15816.11	11224.02
Fixation L	1	27	2060488739	2060564620	75881	410.95	426.73	10	17	-1	12.12	12.12
Fixation R	1	26	2060488739	2060564620	75881	410.95	426.73	10	17	-1	12.04	12.04
Saccade L	1	25	2060564620	2060588598	23978	403.97	433.28	0.00	0.00	11.74	1126.99	0.50	489.79	46968.13	-47631.40	35638.42
Saccade R	1	22	2060564620	2060588598	23978	403.97	433.28	0.00	0.00	11.74	1126.99	0.50	489.79	46968.13	-47631.40	35638.42
Fixation L	1	28	2060700614	2060884621	184007	362.68	420.61	28	25	-1	12.32	12.32
Fixation R	1	27	2060700614	2060884621	184007	362.68	420.61	28	25	-1	12.27	12.27
Saccade L	1	26	2061024616	2061060622	36006	287.49	444.46	313.07	417.69	2.10	124.11	0.44	58.26	231.56	-7098.96	3079.91
Saccade R	1	23	2061024616	2061060622	36006	287.49	444.46	313.07	417.69	2.10	124.11	0.44	58.26	231.56	-7098.96	3079.91
Fixation L	1	29	2061060622	2061389182	328560	220.60	289.88	336	461	-1	10.10	10.10
Fixation R	1	28	2061060622	2061272636	212014	320.30	415.96	20	13	-1	13.26	13.26
Fixation L	1	30	2061448569	2061716626	268057	353.45	416.70	32	28	-1	13.10	13.10
Fixation R	1	29	2061448569	2061716626	268057	353.45	416.70	32	28	-1	13.43	13.43
Saccade L	1	27	2061716626	2061740650	24024	369.00	430.71	392.36	451.85	0.68	40.49	0.33	28.22	1807.08	-1335.20	1095.47
Saccade R	1	24	2061716626	2061740650	24024	369.00	430.71	392.36	451.85	0.68	40.49	0.33	28.22	1807.08	-1335.20	1095.47
Fixation L	1	31	2061740650	2061988519	247869	390.21	456.23	16	19	-1	13.26	13.26
Fixation R	1	30	2061740650	2061988519	247869	390.21	456.23	16	19	-1	13.57	13.57
Saccade L	1	28	2061988519	2062020500	31981	388.42	445.31	330.70	384.81	1.96	131.16	0.50	61.35	5538.99	-5277.95	3883.28
Saccade R	1	25	2061988519	2062020500	31981	388.42	445.31	330.70	384.81	1.96	131.16	0.50	61.35	5538.99	-5277.95	3883.28
Fixation L	1	32	2062020500	2062432528	412028	243.32	307.43	330	643	-1	11.42	11.42
Fixation R	1	31	2062020500	2062316539	296039	321.38	397.86	15	19	-1	13.07	13.07
Fixation L	1	33	2062524522	2062672516	147994	321.42	402.39	12	22	-1	12.76	12.76
Fixation R	1	32	2062524522	2062672516	147994	321.42	402.39	12	22	-1	12.80	12.80
Saccade L	1	29	2062672516	2062700532	28016	317.67	402.12	356.82	370.73	0.99	62.60	0.43	35.44	2831.55	-2445.76	1940.55
Saccade R	1	26	2062672516	2062700532	28016	317.67	402.12	356.82	370.73	0.99	62.60	0.43	35.44	2831.55	-2445.76	1940.55
Fixation L	1	34	2062700532	2062896539	196007	367.71	379.73	18	15	-1	13.06	13.06
Fixation R	1	33	2062700532	2062896539	196007	367.71	379.73	18	15	-1	13.25	13.25
Saccade L	1	30	2062896539	2062960525	63986	370.80	379.28	1138.53	693.41	18.13	467.39	0.31	283.31	22803.48	-16975.78	12088.52
Saccade R	1	27	2062896539	2062960525	63986	370.80	379.28	1138.53	693.41	18.13	467.39	0.31	283.31	22803.48	-16975.78	12088.52
Fixation L	1	35	2062960525	2063288528	328003	1145.48	680.16	27	29	-1	12.84	12.84
Fixation R	1	34	2062960525	2063288528	328003	1145.48	680.16	27	29	-1	13.17	13.17
Saccade L	1	31	2063288528	2063316552	28024	1138.40	663.96	1060.31	663.21	1.66	135.75	0.57	59.24	6047.02	-5782.97	4273.12
Saccade R	1	28	2063288528	2063316552	28024	1138.40	663.96	1060.31	663.21	1.66	135.75	0.57	59.24	6047.02	-5782.97	4273.12
Fixation L	1	36	2063316552	2063404420	87868	1054.42	671.80	16	12	-1	12.54	12.54
Fixation R	1	35	2063316552	2063404420	87868	1054.42	671.80	16	12	-1	12.72	12.72
Saccade L	1	32	2063404420	2063432414	27994	1046.61	671.17	1181.31	669.10	2.64	196.13	0.43	94.23	9416.57	-9144.57	6856.24
Saccade R	1	29	2063404420	2063432414	27994	1046.61	671.17	1181.31	669.10	2.64	196.13	0.43	94.23	9416.57	-9144.57	6856.24
Fixation L	1	37	2063432414	2063620441	188027	1179.09	659.46	22	17	-1	12.36	12.36
Fixation R	1	36	2063432414	2063620441	188027	1179.09	659.46	22	17	-1	12.47	12.47
Saccade L	1	33	2063620441	2063692444	72003	1181.28	653.99	406.75	378.63	18.32	501.72	0.28	254.43	24782.50	-14272.01	11202.92
Saccade R	1	30	2063620441	2063692444	72003	1181.28	653.99	406.75	378.63	18.32	501.72	0.28	254.43	24782.50	-14272.01	11202.92
Fixation L	1	38	2063692444	2064028427	335983	412.02	404.20	29	56	-1	12.31	12.31
Fixation R	1	37	2063692444	2064028427	335983	412.02	404.20	29	56	-1	12.31	12.31
Saccade L	1	34	2064028427	2064060437	32010	426.16	426.82	411.31	373.04	1.24	71.78	0.62	38.58	3073.32	-2960.27	2244.19
Saccade R	1	31	2064028427	2064060437	32010	426.16	426.82	411.31	373.04	1.24	71.78	0.62	38.58	3073.32	-2960.27	2244.19
Fixation L	1	39	2064060437	2064512436	451999	419.21	371.29	48	33	-1	12.97	12.97
Fixation R	1	38	2064060437	2064512436	451999	419.21	371.29	48	33	-1	13.09	13.09
Fixation L	1	40	2064528429	2064932351	403922	385.80	324.16	24	42	-1	13.05	13.05
Fixation R	1	39	2064528429	2064932351	403922	385.80	324.16	24	42	-1	13.19	13.19
Saccade L	1	35	2064932351	2064956310	23959	380.44	327.27	345.23	336.10	0.81	56.65	0.50	33.89	2047.52	-1909.65	1467.41
Saccade R	1	32	2064932351	2064956310	23959	380.44	327.27	345.23	336.10	0.81	56.65	0.50	33.89	2047.52	-1909.65	1467.41
Fixation L	1	41	2064956310	2065052325	96015	341.33	338.74	10	16	-1	12.96	12.96
Fixation R	1	40	2064956310	2065052325	96015	341.33	338.74	10	16	-1	13.04	13.04
Saccade L	1	36	2065052325	2065084331	32006	340.38	333.22	416.50	327.61	1.54	101.15	0.50	48.10	4475.28	-4023.27	3025.14
Saccade R	1	33	2065052325	2065084331	32006	340.38	333.22	416.50	327.61	1.54	101.15	0.50	48.10	4475.28	-4023.27	3025.14
Fixation L	1	42	2065084331	2065180322	95991	415.53	323.24	16	12	-1	12.99	12.99
Fixation R	1	41	2065084331	2065180322	95991	415.53	323.24	16	12	-1	13.09	13.09
Saccade L	1	37	2065180322	2065244335	64013	407.18	326.20	1135.36	503.73	16.28	401.71	0.31	254.38	19147.71	-14737.62	9837.86
Saccade R	1	34	2065180322	2065244335	64013	407.18	326.20	1135.36	503.73	16.28	401.71	0.31	254.38	19147.71	-14737.62	9837.86
Fixation L	1	43	2065244335	2065376336	132001	1131.53	511.79	23	18	-1	13.06	13.06
Fixation R	1	42	2065244335	2065376336	132001	1131.53	511.79	23	18	-1	13.47	13.47
Saccade L	1	38	2065376336	2065404320	27984	1123.59	504.77	1156.16	573.51	1.58	109.26	0.43	56.38	4577.01	-4658.06	3475.74
Saccade R	1	35	2065376336	2065404320	27984	1123.59	504.77	1156.16	573.51	1.58	109.26	0.43	56.38	4577.01	-4658.06	3475.74
Fixation L	1	44	2065404320	2065704340	300020	1182.45	578.66	49	21	-1	12.89	12.89
Fixation R	1	43	2065404320	2065704340	300020	1182.45	578.66	49	21	-1	13.24	13.24
Saccade L	1	39	2065704340	2065728335	23995	1193.81	570.59	1133.62	565.29	1.15	93.17	0.67	47.78	4448.57	-4128.35	3136.92
Saccade R	1	36	2065704340	2065728335	23995	1193.81	570.59	1133.62	565.29	1.15	93.17	0.67	47.78	4448.57	-4128.35	3136.92
Fixation L	1	45	2065728335	2065876368	148033	1126.51	563.16	16	4	-1	12.52	12.52
Fixation R	1	44	2065728335	2065876368	148033	1126.51	563.16	16	4	-1	12.63	12.63
Saccade L	1	40	2065876368	2065904366	27998	1127.48	566.17	1040.46	556.14	1.81	141.07	0.43	64.71	6563.56	-6315.64	4724.16
Saccade R	1	37	2065876368	2065904366	27998	1127.48	566.17	1040.46	556.14	1.81	141.07	0.43	64.71	6563.56	-6315.64	4724.16
Fixation L	1	46	2065904366	2066140354	235988	669.43	352.81	1290	580	-1	10.48	10.48
Fixation R	1	45	2065904366	2066032346	127980	1046.28	551.12	9	11	-1	12.55	12.55
Fixation L	1	47	2066212249	2066488226	275977	330.30	397.42	36	51	-1	12.38	12.38
Fixation R	1	46	2066212249	2066488226	275977	330.30	397.42	36	51	-1	12.52	12.52
Saccade L	1	41	2066488226	2066512232	24006	349.62	423.60	348.08	456.03	0.68	41.48	0.50	28.23	1729.22	-1255.56	1053.45
Saccade R	1	38	2066488226	2066512232	24006	349.62	423.60	348.08	456.03	0.68	41.48	0.50	28.23	1729.22	-1255.56	1053.45
Fixation L	1	48	2066512232	2066616247	104015	355.12	461.32	11	11	-1	13.04	13.04
Fixation R	1	47	2066512232	2066616247	104015	355.12	461.32	11	11	-1	13.21	13.21
Fixation R	1	48	2066624226	2066690807	66581	127.33	176.96	524	998	-1	8.22	8.22
Saccade R	1	39	2066690807	2066776256	85449	0.00	0.00	1050.67	516.30	52.84	2970.94	0.30	618.41	72145.99	-110755.86	27202.16
Fixation L	1	49	2066776256	2066940236	163980	1077.86	529.66	38	35	-1	12.86	12.86
Fixation R	1	49	2066776256	2066940236	163980	1077.86	529.66	38	35	-1	13.19	13.19
Saccade L	1	42	2066940236	2066972249	32013	1072.44	532.40	1136.50	568.33	1.73	122.21	0.50	54.00	5552.86	-4983.40	3582.67
Saccade R	1	40	2066940236	2066972249	32013	1072.44	532.40	1136.50	568.33	1.73	122.21	0.50	54.00	5552.86	-4983.40	3582.67
Fixation L	1	50	2066972249	2067084251	112002	1149.07	577.25	17	13	-1	12.94	12.94
Fixation R	1	50	2066972249	2067084251	112002	1149.07	577.25	17	13	-1	13.31	13.31
Saccade L	1	43	2067084251	2067148264	64013	1148.83	579.56	394.01	422.94	17.11	473.20	0.31	267.30	23049.86	-15744.17	12011.85
Saccade R	1	41	2067084251	2067148264	64013	1148.83	579.56	394.01	422.94	17.11	473.20	0.31	267.30	23049.86	-15744.17	12011.85
Fixation L	1	51	2067148264	2067480247	331983	345.06	370.22	656	791	-1	12.17	12.17
Fixation R	1	51	2067148264	2067416271	268007	387.87	414.94	18	17	-1	12.76	12.76
Saccade R	1	42	2067416271	2067452257	35986	389.82	423.28	0.00	0.00	15.25	1424.06	0.67	423.65	50923.42	-61933.28	31048.69
Fixation R	1	52	2067452257	2067752125	299868	305.59	341.62	540	1143	-1	12.55	12.55
Saccade L	1	44	2067480247	2067536253	56006	0.00	0.00	341.52	357.64	23.64	1644.12	0.21	422.06	76004.90	-56459.04	25998.67
Fixation L	1	52	2067536253	2067752125	215872	356.60	380.00	24	35	-1	12.95	12.95
Saccade L	1	45	2067752125	2067784132	32007	356.13	375.62	447.17	501.77	3.20	228.13	0.50	100.12	10192.26	-10071.83	7473.86
Saccade R	1	43	2067752125	2067784132	32007	356.13	375.62	447.17	501.77	3.20	228.13	0.50	100.12	10192.26	-10071.83	7473.86
Fixation L	1	53	2067784132	2067960133	176001	455.69	500.30	20	14	-1	13.13	13.13
Fixation R	1	53	2067784132	2067960133	176001	455.69	500.30	20	14	-1	13.26	13.26
Fixation L	1	54	2067976145	2068172168	196023	431.01	539.30	15	50	-1	13.04	13.04
Fixation R	1	54	2067976145	2068172168	196023	431.01	539.30	15	50	-1	13.05	13.05
Saccade L	1	46	2068172168	2068232142	59974	439.86	559.54	1041.59	554.23	13.01	407.41	0.27	216.85	19653.37	-11263.60	10083.78
Saccade R	1	44	2068172168	2068232142	59974	439.86	559.54	1041.59	554.23	13.01	407.41	0.27	216.85	19653.37	-11263.60	10083.78
Fixation L	1	55	2068232142	2068396144	164002	1035.43	547.95	16	9	-1	13.03	13.03
Fixation R	1	55	2068232142	2068396144	164002	1035.43	547.95	16	9	-1	13.45	13.45
Saccade L	1	47	2068396144	2068424146	28002	1023.34	547.23	1162.08	554.59	2.82	217.82	0.43	100.68	9909.94	-9760.81	7293.63
Saccade R	1	45	2068396144	2068424146	28002	1023.34	547.23	1162.08	554.59	2.82	217.82	0.43	100.68	9909.94	-9760.81	7293.63
Fixation L	1	56	2068424146	2068700144	275998	1176.90	560.46	35	10	-1	12.82	12.82
Fixation R	1	56	2068424146	2068700144	275998	1176.90	560.46	35	10	-1	13.12	13.12
Saccade L	1	48	2068700144	2068768150	68006	1193.38	559.14	361.42	413.03	18.70	494.25	0.29	275.04	24474.58	-15487.71	11703.45
Saccade R	1	46	2068700144	2068768150	68006	1193.38	559.14	361.42	413.03	18.70	494.25	0.29	275.04	24474.58	-15487.71	11703.45
Fixation L	1	57	2068768150	2068996047	227897	377.17	435.95	50	48	-1	12.39	12.39
Fixation R	1	57	2068768150	2068996047	227897	377.17	435.95	50	48	-1	12.49	12.49
Saccade L	1	49	2068996047	2069020057	24010	399.72	442.01	409.27	392.04	1.05	90.11	0.50	43.54	4115.89	-3571.25	2811.86
Saccade R	1	47	2068996047	2069020057	24010	399.72	442.01	409.27	392.04	1.05	90.11	0.50	43.54	4115.89	-3571.25	2811.86
Fixation L	1	58	2069020057	2069264052	243995	431.64	394.45	31	36	-1	12.66	12.66
Fixation R	1	58	2069020057	2069264052	243995	431.64	394.45	31	36	-1	12.83	12.83
Saccade L	1	50	2069264052	2069292032	27980	431.96	408.39	328.22	420.36	2.28	170.02	0.43	81.33	8078.18	-7804.99	5786.51
Saccade R	1	48	2069264052	2069292032	27980	431.96	408.39	328.22	420.36	2.28	170.02	0.43	81.33	8078.18	-7804.99	5786.51
Fixation L	1	59	2069292032	2069388052	96020	325.60	419.80	7	13	-1	12.90	12.90
Fixation R	1	59	2069292032	2069388052	96020	325.60	419.80	7	13	-1	13.28	13.28
Saccade L	1	51	2069388052	2069424035	35983	320.15	417.76	0.00	0.00	12.97	1199.49	0.67	360.37	45014.09	-52517.66	27007.81
Fixation L	1	60	2069424035	2069474518	50483	0.00	0.00	0	0	-1	7.99	7.99
Fixation L	1	61	2069548068	2069664053	115985	486.23	356.60	16	25	-1	13.13	13.13
Fixation R	1	60	2069548068	2069664053	115985	486.23	356.60	16	25	-1	13.71	13.71
Saccade L	1	52	2069664053	2069688054	24001	492.20	358.90	424.63	363.59	1.39	107.46	0.50	57.81	4748.67	-4640.91	3477.61
Saccade R	1	49	2069664053	2069688054	24001	492.20	358.90	424.63	363.59	1.39	107.46	0.50	57.81	4748.67	-4640.91	3477.61
Fixation L	1	62	2069688054	2070188065	500011	399.54	367.26	55	47	-1	13.24	13.24
Fixation R	1	61	2069688054	2070188065	500011	399.54	367.26	55	47	-1	13.62	13.62
Saccade L	1	53	2070188065	2070212062	23997	373.06	344.91	412.55	341.42	0.83	58.96	0.67	34.43	2549.77	-2392.35	1750.98
Saccade R	1	50	2070188065	2070212062	23997	373.06	344.91	412.55	341.42	0.83	58.96	0.67	34.43	2549.77	-2392.35	1750.98
Fixation L	1	63	2070212062	2070300059	87997	410.88	338.98	12	18	-1	12.85	12.85
Fixation R	1	62	2070212062	2070300059	87997	410.88	338.98	12	18	-1	13.18	13.18
Saccade L	1	54	2070300059	2070332058	31999	418.85	352.11	0.00	0.00	13.65	1268.09	0.63	426.55	48754.68	-54548.22	31769.43
Saccade L	1	55	2070377220	2070403932	26712	0.00	0.00	0.00	0.00	18.92	944.59	0.45	708.44	50602.91	-26575.83	30551.50
Fixation L	1	64	2070471959	2070631947	159988	340.49	386.43	32	12	-1	13.03	13.03
Fixation R	1	63	2070471959	2070631947	159988	340.49	386.43	32	12	-1	13.22	13.22
Saccade L	1	56	2070631947	2070663934	31987	339.45	389.13	0.00	0.00	11.68	964.84	0.63	365.26	40860.44	-41251.07	28708.36
Fixation L	1	65	2070663934	2070726210	62276	0.00	0.00	0	0	-1	3.87	3.87
Fixation L	1	66	2070791948	2071431973	640025	334.36	432.57	32	43	-1	13.23	13.23
Fixation R	1	64	2070791948	2071431973	640025	334.36	432.57	32	43	-1	13.64	13.64
Saccade L	1	57	2071431973	2071471959	39986	331.70	436.18	404.41	387.79	2.24	121.43	0.40	55.99	5558.71	-4421.55	3314.22
Saccade R	1	51	2071431973	2071471959	39986	331.70	436.18	404.41	387.79	2.24	121.43	0.40	55.99	5558.71	-4421.55	3314.22
Fixation L	1	67	2071471959	2071727976	256017	406.04	397.65	17	15	-1	12.88	12.88
Fixation R	1	65	2071471959	2071727976	256017	406.04	397.65	17	15	-1	13.19	13.19
Saccade L	1	58	2071727976	2071751975	23999	399.20	402.22	422.60	340.98	1.25	99.51	0.50	52.01	4466.40	-3964.28	3035.98
Saccade R	1	52	2071727976	2071751975	23999	399.20	402.22	422.60	340.98	1.25	99.51	0.50	52.01	4466.40	-3964.28	3035.98
Fixation L	1	68	2071751975	2072107869	355894	339.27	274.45	448	408	-1	11.76	11.76
Fixation R	1	66	2071751975	2072011856	259881	428.40	343.56	10	11	-1	13.26	13.26
Fixation L	1	69	2072187846	2072263868	76022	388.07	385.00	12	7	-1	13.04	13.04
Fixation R	1	67	2072187846	2072263868	76022	388.07	385.00	12	7	-1	13.50	13.50
Fixation L	1	70	2072423857	2072603878	180021	401.19	438.07	28	55	-1	13.85	13.85
Fixation R	1	68	2072423857	2072603878	180021	401.19	438.07	28	55	-1	14.15	14.15
Saccade L	1	59	2072603878	2072627862	23984	411.12	462.46	359.58	464.65	1.04	80.65	0.50	43.26	3576.98	-3445.08	2621.47
Saccade R	1	53	2072603878	2072627862	23984	411.12	462.46	359.58	464.65	1.04	80.65	0.50	43.26	3576.98	-3445.08	2621.47
Fixation L	1	71	2072627862	2072847813	219951	224.84	295.46	363	674	-1	10.39	10.39
Fixation R	1	69	2072627862	2072747858	119996	357.32	454.15	9	15	-1	14.67	14.67
Fixation L	1	72	2072915866	2073059890	144024	313.79	449.73	26	17	-1	13.60	13.60
Fixation R	1	70	2072915866	2073059890	144024	313.79	449.73	26	17	-1	13.84	13.84
Saccade L	1	60	2073059890	2073095886	35996	327.99	453.30	398.81	542.56	3.11	190.87	0.33	86.44	9133.44	-7912.10	5715.85
Saccade R	1	54	2073059890	2073095886	35996	327.99	453.30	398.81	542.56	3.11	190.87	0.33	86.44	9133.44	-7912.10	5715.85
Fixation L	1	73	2073095886	2073259769	163883	394.13	542.28	13	11	-1	13.89	13.89
Fixation R	1	71	2073095886	2073259769	163883	394.13	542.28	13	11	-1	14.18	14.18
Saccade L	1	61	2073259769	2073283764	23995	400.81	551.30	440.39	567.09	0.95	71.54	0.50	39.63	2957.11	-2578.24	2025.88
Saccade R	1	55	2073259769	2073283764	23995	400.81	551.30	440.39	567.09	0.95	71.54	0.50	39.63	2957.11	-2578.24	2025.88
Fixation L	1	74	2073283764	2073431754	147990	452.04	563.21	17	25	-1	13.60	13.60
Fixation R	1	72	2073283764	2073431754	147990	452.04	563.21	17	25	-1	14.07	14.07
Saccade L	1	62	2073431754	2073471752	39998	441.09	549.98	345.76	395.83	3.98	215.38	0.40	99.57	10150.73	-9261.23	6558.54
Saccade R	1	56	2073431754	2073471752	39998	441.09	549.98	345.76	395.83	3.98	215.38	0.40	99.57	10150.73	-9261.23	6558.54
Fixation L	1	75	2073471752	2073871786	400034	331.69	403.31	25	23	-1	13.17	13.17
Fixation R	1	73	2073471752	2073871786	400034	331.69	403.31	25	23	-1	13.37	13.37
Saccade L	1	63	2073871786	2073899772	27986	352.53	415.92	396.44	404.66	0.91	53.42	0.57	32.51	2106.79	-2250.16	1621.45
Saccade R	1	57	2073871786	2073899772	27986	352.53	415.92	396.44	404.66	0.91	53.42	0.57	32.51	2106.79	-2250.16	1621.45
Fixation L	1	76	2073899772	2074059780	160008	407.08	408.33	25	12	-1	13.22	13.22
Fixation R	1	74	2073899772	2074059780	160008	407.08	408.33	25	12	-1	13.53	13.53
Saccade L	1	64	2074059780	2074091788	32008	418.69	414.95	430.32	530.49	2.40	154.42	0.50	74.84	7525.26	-6832.49	5106.08
Saccade R	1	58	2074059780	2074091788	32008	418.69	414.95	430.32	530.49	2.40	154.42	0.50	74.84	7525.26	-6832.49	5106.08
Fixation L	1	77	2074091788	2074459801	368013	426.87	517.04	27	28	-1	13.41	13.41
Fixation R	1	75	2074091788	2074459801	368013	426.87	517.04	27	28	-1	13.56	13.56
Saccade L	1	65	2074459801	2074495786	35985	421.59	502.24	388.73	325.68	3.84	236.03	0.44	106.84	11322.99	-10712.81	7812.60
Saccade R	1	59	2074459801	2074495786	35985	421.59	502.24	388.73	325.68	3.84	236.03	0.44	106.84	11322.99	-10712.81	7812.60
Fixation L	1	78	2074495786	2074791667	295881	269.43	234.45	765	752	-1	12.74	12.74
Fixation R	1	76	2074495786	2074667669	171883	394.55	337.49	16	20	-1	13.53	13.53
Fixation L	1	79	2074871661	2075103672	232011	388.12	333.42	24	39	-1	13.47	13.47
Fixation R	1	77	2074871661	2075103672	232011	388.12	333.42	24	39	-1	13.60	13.60
Saccade L	1	66	2075103672	2075127687	24015	395.97	321.57	426.32	296.04	0.82	52.17	0.50	34.07	2341.66	-2158.42	1676.83
Saccade R	1	60	2075103672	2075127687	24015	395.97	321.57	426.32	296.04	0.82	52.17	0.50	34.07	2341.66	-2158.42	1676.83
Fixation L	1	80	2075127687	2075259692	132005	434.63	315.02	13	36	-1	13.84	13.84
Fixation R	1	78	2075127687	2075259692	132005	434.63	315.02	13	36	-1	14.07	14.07
Saccade L	1	67	2075259692	2075347663	87971	441.26	331.17	1162.71	587.40	17.97	418.46	0.32	204.31	19119.47	-15881.45	8174.31
Saccade R	1	61	2075259692	2075347663	87971	441.26	331.17	1162.71	587.40	17.97	418.46	0.32	204.31	19119.47	-15881.45	8174.31
Fixation L	1	81	2075347663	2075463669	116006	1150.67	597.23	18	20	-1	13.22	13.22
Fixation R	1	79	2075347663	2075463669	116006	1150.67	597.23	18	20	-1	13.85	13.85
Saccade L	1	68	2075463669	2075487673	24004	1144.82	604.03	1214.31	595.91	1.40	119.02	0.50	58.37	5001.85	-4828.54	3673.61
Saccade R	1	62	2075463669	2075487673	24004	1144.82	604.03	1214.31	595.91	1.40	119.02	0.50	58.37	5001.85	-4828.54	3673.61
Fixation L	1	82	2075487673	2075651675	164002	1210.94	571.20	8	40	-1	13.00	13.00
Fixation R	1	80	2075487673	2075651675	164002	1210.94	571.20	8	40	-1	13.39	13.39
Saccade L	1	69	2075651675	2075679669	27994	1210.89	558.07	1124.42	469.87	2.66	210.00	0.43	95.03	9910.76	-9759.47	7200.47
Saccade R	1	63	2075651675	2075679669	27994	1210.89	558.07	1124.42	469.87	2.66	210.00	0.43	95.03	9910.76	-9759.47	7200.47
Fixation L	1	83	2075679669	2075883692	204023	1128.14	469.58	16	12	-1	12.32	12.32
Fixation R	1	81	2075679669	2075883692	204023	1128.14	469.58	16	12	-1	12.63	12.63
Saccade L	1	70	2075883692	2075907700	24008	1132.68	475.90	1054.78	485.56	1.67	146.56	0.50	69.43	6506.00	-5937.39	4511.56
Saccade R	1	64	2075883692	2075907700	24008	1132.68	475.90	1054.78	485.56	1.67	146.56	0.50	69.43	6506.00	-5937.39	4511.56
Fixation L	1	84	2075907700	2076095586	187886	1054.05	496.45	6	13	-1	12.16	12.16
Fixation R	1	82	2075907700	2076095586	187886	1054.05	496.45	6	13	-1	12.62	12.62
Saccade L	1	71	2076095586	2076119551	23965	1052.67	497.22	1054.00	567.93	1.40	119.53	0.50	58.59	5417.46	-5313.81	3956.43
Saccade R	1	65	2076095586	2076119551	23965	1052.67	497.22	1054.00	567.93	1.40	119.53	0.50	58.59	5417.46	-5313.81	3956.43
Fixation L	1	85	2076119551	2076295579	176028	1058.53	581.03	19	20	-1	12.27	12.27
Fixation R	1	83	2076119551	2076295579	176028	1058.53	581.03	19	20	-1	12.54	12.54
Saccade L	1	72	2076295579	2076319571	23992	1060.12	582.27	972.06	567.01	1.76	146.00	0.50	73.42	6458.77	-6269.71	4735.50
Saccade R	1	66	2076295579	2076319571	23992	1060.12	582.27	972.06	567.01	1.76	146.00	0.50	73.42	6458.77	-6269.71	4735.50
Fixation L	1	86	2076319571	2076479564	159993	964.23	572.60	23	12	-1	12.21	12.21
Fixation R	1	84	2076319571	2076479564	159993	964.23	572.60	23	12	-1	12.39	12.39
Saccade L	1	73	2076479564	2076511592	32028	955.67	571.00	1054.64	663.36	2.88	184.33	0.50	90.04	8495.30	-8565.75	6325.84
Saccade R	1	67	2076479564	2076511592	32028	955.67	571.00	1054.64	663.36	2.88	184.33	0.50	90.04	8495.30	-8565.75	6325.84
Fixation L	1	87	2076511592	2076671599	160007	1055.48	670.55	9	15	-1	12.27	12.27
Fixation R	1	85	2076511592	2076671599	160007	1055.48	670.55	9	15	-1	12.49	12.49
Saccade L	1	74	2076671599	2076703580	31981	1054.78	670.34	1193.28	659.27	2.83	197.09	0.38	88.64	8852.58	-8453.41	6180.31
Saccade R	1	68	2076671599	2076703580	31981	1054.78	670.34	1193.28	659.27	2.83	197.09	0.38	88.64	8852.58	-8453.41	6180.31
Fixation L	1	88	2076703580	2076923587	220007	1197.55	658.58	13	20	-1	12.42	12.42
Fixation R	1	86	2076703580	2077019574	315994	929.91	510.62	1556	829	-1	11.25	11.25
Fixation L	1	89	2077107593	2077195615	88022	1110.34	623.75	7	15	-1	12.27	12.27
Fixation R	1	87	2077107593	2077195615	88022	1110.34	623.75	7	15	-1	12.92	12.92
Saccade L	1	75	2077195615	2077259603	63988	1113.93	635.82	399.26	501.74	16.14	491.16	0.31	252.25	22732.57	-15366.95	11920.37
Saccade R	1	69	2077195615	2077259603	63988	1113.93	635.82	399.26	501.74	16.14	491.16	0.31	252.25	22732.57	-15366.95	11920.37
Fixation L	1	90	2077259603	2077555496	295893	405.95	505.23	21	23	-1	13.08	13.08
Fixation R	1	88	2077259603	2077555496	295893	405.95	505.23	21	23	-1	13.00	13.00
Saccade L	1	76	2077555496	2077587478	31982	401.80	498.65	0.01	0.00	14.89	1263.48	0.62	465.66	54590.11	-59481.29	37073.77
Fixation L	1	91	2077587478	2077667324	79846	0.00	0.00	0	0	-1	3.86	3.86
Fixation L	1	92	2077751497	2077971472	219975	392.28	505.87	39	48	-1	13.22	13.22
Fixation R	1	89	2077751497	2077971472	219975	392.28	505.87	39	48	-1	13.26	13.26
Saccade L	1	77	2077971472	2078003495	32023	393.08	526.41	395.22	398.79	2.59	142.19	0.62	80.76	6906.89	-4875.69	4224.32
Saccade R	1	70	2077971472	2078003495	32023	393.08	526.41	395.22	398.79	2.59	142.19	0.62	80.76	6906.89	-4875.69	4224.32
Saccade L	1	78	2078003495	2078031492	27997	395.22	398.79	359.17	402.00	1.76	95.49	0.29	62.84	1807.83	-4132.18	2440.67
Saccade R	1	71	2078003495	2078031492	27997	395.22	398.79	359.17	402.00	1.76	95.49	0.29	62.84	1807.83	-4132.18	2440.67
Fixation L	1	93	2078031492	2078172463	140971	165.92	184.58	503	481	-1	8.34	8.34
Saccade L	1	79	2078172463	2078219480	47017	0.00	0.00	334.56	392.79	13.45	808.72	0.23	286.13	39084.57	-33118.17	20739.42
Fixation L	1	94	2078219480	2078588225	368745	242.38	276.76	372	492	-1	10.73	10.73
Fixation R	1	90	2078219480	2078423479	203999	366.99	400.77	38	29	-1	13.40	13.40
Fixation L	1	95	2078659487	2078843361	183874	399.59	450.73	27	20	-1	13.40	13.40
Fixation R	1	91	2078659487	2078843361	183874	399.59	450.73	27	20	-1	13.94	13.94
Saccade L	1	80	2078843361	2078911526	68165	398.18	450.51	1049.82	668.54	15.34	435.58	0.35	225.06	20820.44	-14766.68	10864.69
Saccade R	1	72	2078843361	2078911526	68165	398.18	450.51	1049.82	668.54	15.34	435.58	0.35	225.06	20820.44	-14766.68	10864.69
Fixation L	1	96	2078911526	2079123367	211841	1059.89	681.16	15	26	-1	13.60	13.60
Fixation R	1	92	2078911526	2079123367	211841	1059.89	681.16	15	26	-1	14.54	14.54
Saccade L	1	81	2079123367	2079147384	24017	1054.80	687.39	1146.69	680.82	1.77	150.21	0.50	73.51	7122.22	-6358.78	4842.68
Saccade R	1	73	2079123367	2079147384	24017	1054.80	687.39	1146.69	680.82	1.77	150.21	0.50	73.51	7122.22	-6358.78	4842.68
Fixation L	1	97	2079147384	2079291375	143991	1136.11	672.50	19	21	-1	13.02	13.02
Fixation R	1	93	2079147384	2079291375	143991	1136.11	672.50	19	21	-1	13.76	13.76
Saccade L	1	82	2079291375	2079319399	28024	1145.32	657.71	1082.60	577.61	2.05	144.20	0.57	73.06	6602.35	-6867.12	5015.08
Saccade R	1	74	2079291375	2079319399	28024	1145.32	657.71	1082.60	577.61	2.05	144.20	0.57	73.06	6602.35	-6867.12	5015.08
Fixation L	1	98	2079319399	2079443397	123998	1076.96	593.23	15	25	-1	12.69	12.69
Fixation R	1	94	2079319399	2079443397	123998	1076.96	593.23	15	25	-1	13.21	13.21
Saccade L	1	83	2079443397	2079475403	32006	1070.35	588.75	1148.00	551.90	1.79	118.17	0.50	55.83	5464.12	-4958.21	3610.07
Saccade R	1	75	2079443397	2079475403	32006	1070.35	588.75	1148.00	551.90	1.79	118.17	0.50	55.83	5464.12	-4958.21	3610.07
Fixation L	1	99	2079475403	2079647329	171926	1150.87	545.45	7	10	-1	12.33	12.33
Fixation R	1	95	2079475403	2079647329	171926	1150.87	545.45	7	10	-1	12.82	12.82
Saccade L	1	84	2079647329	2079671396	24067	1147.20	546.38	1199.42	539.33	1.08	87.36	0.50	44.83	3724.19	-3494.12	2657.68
Saccade R	1	76	2079647329	2079671396	24067	1147.20	546.38	1199.42	539.33	1.08	87.36	0.50	44.83	3724.19	-3494.12	2657.68
Fixation L	1	100	2079671396	2079811391	139995	1213.45	548.43	20	38	-1	12.31	12.31
Fixation R	1	96	2079671396	2079811391	139995	1213.45	548.43	20	38	-1	12.91	12.91
Saccade L	1	85	2079811391	2079899420	88029	1205.64	571.81	409.69	377.43	18.67	490.36	0.23	212.09	22641.40	-16212.22	8873.33
Saccade R	1	77	2079811391	2079899420	88029	1205.64	571.81	409.69	377.43	18.67	490.36	0.23	212.09	22641.40	-16212.22	8873.33
Fixation L	1	101	2079899420	2080067417	167997	408.20	393.69	21	40	-1	12.73	12.73
Fixation R	1	97	2079899420	2080067417	167997	408.20	393.69	21	40	-1	12.75	12.75
Saccade L	1	86	2080067417	2080091388	23971	401.99	415.22	325.22	407.59	1.65	155.36	0.50	68.79	6600.41	-6212.28	4796.69
Saccade R	1	78	2080067417	2080091388	23971	401.99	415.22	325.22	407.59	1.65	155.36	0.50	68.79	6600.41	-6212.28	4796.69
Fixation L	1	102	2080091388	2080359273	267885	331.16	409.88	28	29	-1	12.91	12.91
Fixation R	1	98	2080091388	2080359273	267885	331.16	409.88	28	29	-1	13.15	13.15
Fixation L	1	103	2080375303	2080451552	76249	50.30	66.75	492	509	-1	4.65	4.65
Saccade R	1	79	2080375303	2080399297	23994	492.55	411.81	0.00	0.00	11.03	1019.51	0.50	459.77	41945.68	-43726.43	32218.72
Fixation R	1	99	2080399297	2080703296	303999	278.50	319.24	534	1028	-1	12.48	12.48
Fixation L	1	104	2080511274	2080703296	192022	360.10	385.38	30	22	-1	13.40	13.40
Saccade L	1	87	2080703296	2080775301	72005	373.56	380.71	1133.84	633.56	17.69	431.89	0.44	245.74	19556.87	-11652.02	10154.78
Saccade R	1	80	2080703296	2080775301	72005	373.56	380.71	1133.84	633.56	17.69	431.89	0.44	245.74	19556.87	-11652.02	10154.78
Fixation L	1	105	2080775301	2080943281	167980	1130.83	626.54	13	28	-1	13.54	13.54
Fixation R	1	100	2080775301	2080943281	167980	1130.83	626.54	13	28	-1	14.13	14.13
Saccade L	1	88	2080943281	2081007289	64008	1132.44	626.29	458.55	390.98	15.96	456.06	0.31	249.34	22590.99	-14901.69	11577.69
Saccade R	1	81	2080943281	2081007289	64008	1132.44	626.29	458.55	390.98	15.96	456.06	0.31	249.34	22590.99	-14901.69	11577.69
Fixation L	1	106	2081007289	2081207308	200019	458.40	380.97	16	24	-1	13.18	13.18
Fixation R	1	101	2081007289	2081207308	200019	458.40	380.97	16	24	-1	13.24	13.24
Saccade L	1	89	2081207308	2081231287	23979	463.27	373.58	391.59	361.48	1.54	124.28	0.50	64.17	5721.72	-5388.21	4082.88
Saccade R	1	82	2081207308	2081231287	23979	463.27	373.58	391.59	361.48	1.54	124.28	0.50	64.17	5721.72	-5388.21	4082.88
Fixation L	1	107	2081231287	2081355313	124026	389.47	353.06	10	22	-1	13.07	13.07
Fixation R	1	102	2081231287	2081355313	124026	389.47	353.06	10	22	-1	13.15	13.15
Saccade L	1	90	2081355313	2081423303	67990	391.86	371.83	1158.41	582.64	17.55	468.70	0.29	258.15	21850.96	-13500.81	10921.48
Saccade R	1	83	2081355313	2081423303	67990	391.86	371.83	1158.41	582.64	17.55	468.70	0.29	258.15	21850.96	-13500.81	10921.48
Fixation L	1	108	2081423303	2081631299	207996	1170.15	599.72	28	27	-1	13.14	13.14
Fixation R	1	103	2081423303	2081631299	207996	1170.15	599.72	28	27	-1	13.62	13.62
Saccade L	1	91	2081631299	2081655191	23892	1172.36	609.83	1190.04	655.12	1.08	87.03	0.50	45.41	3752.46	-3536.56	2671.93
Saccade R	1	84	2081631299	2081655191	23892	1172.36	609.83	1190.04	655.12	1.08	87.03	0.50	45.41	3752.46	-3536.56	2671.93
Fixation L	1	109	2081655191	2081883204	228013	1194.71	667.98	17	18	-1	12.72	12.72
Fixation R	1	104	2081655191	2081883204	228013	1194.71	667.98	17	18	-1	13.24	13.24
Saccade L	1	92	2081883204	2081911185	27981	1204.83	665.69	1136.94	658.19	1.47	104.71	0.43	52.56	4961.46	-4633.73	3598.12
Saccade R	1	85	2081883204	2081911185	27981	1204.83	665.69	1136.94	658.19	1.47	104.71	0.43	52.56	4961.46	-4633.73	3598.12
Fixation L	1	110	2081911185	2082111200	200015	1132.57	640.09	16	33	-1	12.57	12.57
Fixation R	1	105	2081911185	2082111200	200015	1132.57	640.09	16	33	-1	12.87	12.87
Saccade L	1	93	2082111200	2082139184	27984	1140.41	629.00	1143.50	553.93	1.51	106.04	0.43	54.01	4900.86	-5094.31	3713.28
Saccade R	1	86	2082111200	2082139184	27984	1140.41	629.00	1143.50	553.93	1.51	106.04	0.43	54.01	4900.86	-5094.31	3713.28
Fixation L	1	111	2082139184	2082359223	220039	1133.62	553.82	19	17	-1	12.36	12.36
Fixation R	1	106	2082139184	2082359223	220039	1133.62	553.82	19	17	-1	12.64	12.64
Saccade L	1	94	2082359223	2082387204	27981	1126.94	544.48	1120.50	632.93	1.81	137.11	0.57	64.75	6341.36	-6110.89	4622.24
Saccade R	1	87	2082359223	2082387204	27981	1126.94	544.48	1120.50	632.93	1.81	137.11	0.57	64.75	6341.36	-6110.89	4622.24
Fixation L	1	112	2082387204	2082575211	188007	1117.33	631.26	39	23	-1	12.43	12.43
Fixation R	1	107	2082387204	2082575211	188007	1117.33	631.26	39	23	-1	12.76	12.76
Saccade L	1	95	2082575211	2082603207	27996	1099.15	639.38	1116.32	537.13	2.11	140.56	0.57	75.29	6745.54	-6300.53	4900.83
Saccade R	1	88	2082575211	2082603207	27996	1099.15	639.38	1116.32	537.13	2.11	140.56	0.57	75.29	6745.54	-6300.53	4900.83
Fixation L	1	113	2082603207	2082743211	140004	1110.70	543.32	14	13	-1	12.73	12.73
Fixation R	1	108	2082603207	2082743211	140004	1110.70	543.32	14	13	-1	12.88	12.88
Saccade L	1	96	2082743211	2082803202	59991	1113.06	551.28	399.25	419.89	15.77	469.66	0.33	262.86	22386.94	-15172.92	11640.89
Saccade R	1	89	2082743211	2082803202	59991	1113.06	551.28	399.25	419.89	15.77	469.66	0.33	262.86	22386.94	-15172.92	11640.89
Fixation L	1	114	2082803202	2083019233	216031	302.66	297.42	591	517	-1	11.62	11.62
Fixation R	1	109	2082803202	2083019233	216031	302.66	297.42	591	517	-1	10.86	10.86
Saccade L	1	97	2083019233	2083063097	43864	0.00	0.00	426.25	390.55	16.02	963.34	0.27	365.23	42857.97	-28556.84	21344.46
Saccade R	1	90	2083019233	2083063097	43864	0.00	0.00	426.25	390.55	16.02	963.34	0.27	365.23	42857.97	-28556.84	21344.46
Fixation L	1	115	2083063097	2083391111	328014	374.56	435.95	80	82	-1	13.24	13.24
Fixation R	1	110	2083063097	2083391111	328014	374.56	435.95	80	82	-1	13.45	13.45
Saccade L	1	98	2083391111	2083419092	27981	377.15	472.71	385.14	419.41	1.04	66.29	0.43	37.26	2922.41	-2436.58	1997.99
Saccade R	1	91	2083391111	2083419092	27981	377.15	472.71	385.14	419.41	1.04	66.29	0.43	37.26	2922.41	-2436.58	1997.99
Fixation L	1	116	2083419092	2083803121	384029	313.21	321.82	511	509	-1	11.43	11.43
Fixation R	1	111	2083419092	2083707101	288009	388.69	401.25	15	34	-1	13.95	13.95
Fixation L	1	117	2083871103	2083951122	80019	336.97	388.23	42	21	-1	13.26	13.26
Fixation R	1	112	2083871103	2083951122	80019	336.97	388.23	42	21	-1	13.47	13.47
Saccade L	1	99	2083951122	2084023101	71979	361.23	402.05	1080.73	666.80	17.29	465.39	0.28	240.17	22052.53	-14499.06	10555.76
Saccade R	1	92	2083951122	2084023101	71979	361.23	402.05	1080.73	666.80	17.29	465.39	0.28	240.17	22052.53	-14499.06	10555.76
Fixation L	1	118	2084023101	2084171128	148027	1082.29	651.84	19	38	-1	13.44	13.44
Fixation R	1	113	2084023101	2084171128	148027	1082.29	651.84	19	38	-1	14.22	14.22
Saccade L	1	100	2084171128	2084195117	23989	1083.57	634.33	1103.93	690.86	1.28	98.21	0.66	53.48	4668.49	-4304.50	3305.37
Saccade R	1	93	2084171128	2084195117	23989	1083.57	634.33	1103.93	690.86	1.28	98.21	0.66	53.48	4668.49	-4304.50	3305.37
Fixation L	1	119	2084195117	2084383117	188000	1106.25	697.37	35	24	-1	13.75	13.75
Fixation R	1	114	2084195117	2084383117	188000	1106.25	697.37	35	24	-1	14.12	14.12
Saccade L	1	101	2084383117	2084423108	39991	1123.57	710.04	1209.87	663.31	2.35	155.74	0.40	58.80	6819.74	-6424.91	4036.74
Saccade R	1	94	2084383117	2084423108	39991	1123.57	710.04	1209.87	663.31	2.35	155.74	0.40	58.80	6819.74	-6424.91	4036.74
Fixation L	1	120	2084423108	2084598994	175886	1206.42	657.04	18	16	-1	12.94	12.94
Fixation R	1	115	2084423108	2084598994	175886	1206.42	657.04	18	16	-1	13.29	13.29
Saccade L	1	102	2084598994	2084622991	23997	1201.47	662.21	1133.18	664.90	1.37	113.20	0.50	56.95	4819.27	-4574.76	3492.98
Saccade R	1	95	2084598994	2084622991	23997	1201.47	662.21	1133.18	664.90	1.37	113.20	0.50	56.95	4819.27	-4574.76	3492.98
Fixation L	1	121	2084622991	2084738994	116003	1127.41	657.42	15	33	-1	12.73	12.73
Fixation R	1	116	2084622991	2084738994	116003	1127.41	657.42	15	33	-1	12.92	12.92
Saccade L	1	103	2084738994	2084767026	28032	1119.47	649.63	1124.71	549.16	1.97	139.98	0.57	70.28	6112.74	-6588.77	4676.28
Saccade R	1	96	2084738994	2084767026	28032	1119.47	649.63	1124.71	549.16	1.97	139.98	0.57	70.28	6112.74	-6588.77	4676.28
Fixation L	1	122	2084767026	2084975011	207985	1131.21	551.30	13	12	-1	12.68	12.68
Fixation R	1	117	2084767026	2084975011	207985	1131.21	551.30	13	12	-1	12.86	12.86
Saccade L	1	104	2084975011	2084999009	23998	1134.27	553.25	1190.68	562.07	1.09	87.53	0.50	45.22	4147.18	-3811.46	2928.58
Saccade R	1	97	2084975011	2084999009	23998	1134.27	553.25	1190.68	562.07	1.09	87.53	0.50	45.22	4147.18	-3811.46	2928.58
Fixation L	1	123	2084999009	2085135043	136034	1187.01	568.31	18	30	-1	12.64	12.64
Fixation R	1	118	2084999009	2085239746	240737	822.78	399.40	1640	951	-1	10.24	10.24
Saccade R	1	98	2085239746	2085283006	43260	0.00	0.00	365.94	365.13	17.85	1431.77	0.26	412.73	62665.68	-37464.45	23835.76
Saccade L	1	105	2085283006	2085307006	24000	365.94	365.13	375.34	376.75	0.69	57.36	0.33	28.69	-167.42	-5928.99	1975.20
Saccade R	1	99	2085283006	2085307006	24000	365.94	365.13	375.34	376.75	0.69	57.36	0.33	28.69	-167.42	-5928.99	1975.20
Fixation L	1	124	2085307006	2085601667	294661	294.29	298.07	401	408	-1	10.98	10.98
Fixation R	1	119	2085307006	2085511018	204012	394.63	395.48	26	31	-1	12.74	12.74
Saccade L	1	106	2085601667	2085663020	61353	0.00	0.00	365.13	380.23	18.54	871.82	0.28	302.14	44156.70	-26984.40	18720.76
Fixation L	1	125	2085663020	2085843047	180027	360.62	401.24	17	37	-1	13.32	13.32
Fixation R	1	120	2085663020	2085843047	180027	360.62	401.24	17	37	-1	13.51	13.51
Saccade L	1	107	2085843047	2085862905	19858	369.25	394.79	323.12	402.87	1.05	92.40	0.40	53.04	4219.88	-3814.82	2731.95
Saccade R	1	100	2085843047	2085862905	19858	369.25	394.79	323.12	402.87	1.05	92.40	0.40	53.04	4219.88	-3814.82	2731.95
Fixation L	1	126	2085862905	2086178928	316023	322.22	423.82	21	42	-1	13.79	13.79
Fixation R	1	121	2085862905	2086178928	316023	322.22	423.82	21	42	-1	13.99	13.99
Saccade L	1	108	2086178928	2086214898	35970	320.75	427.72	373.88	387.15	1.36	54.78	0.44	37.86	2376.71	-2247.82	1690.43
Saccade R	1	101	2086178928	2086214898	35970	320.75	427.72	373.88	387.15	1.36	54.78	0.44	37.86	2376.71	-2247.82	1690.43
Fixation L	1	127	2086214898	2086514933	300035	374.64	376.12	25	24	-1	13.62	13.62
Fixation R	1	122	2086214898	2086514933	300035	374.64	376.12	25	24	-1	13.84	13.84
Saccade L	1	109	2086514933	2086550918	35985	376.74	382.58	308.42	424.91	1.74	87.12	0.44	48.33	4085.00	-3583.83	2904.65
Saccade R	1	102	2086514933	2086550918	35985	376.74	382.58	308.42	424.91	1.74	87.12	0.44	48.33	4085.00	-3583.83	2904.65
Fixation L	1	128	2086550918	2086666947	116029	307.94	437.88	12	23	-1	13.71	13.71
Fixation R	1	123	2086550918	2086666947	116029	307.94	437.88	12	23	-1	13.89	13.89
Saccade L	1	110	2086666947	2086742917	75970	306.78	451.83	1154.89	639.22	19.83	478.36	0.26	261.03	22027.09	-17524.18	10493.73
Saccade R	1	103	2086666947	2086742917	75970	306.78	451.83	1154.89	639.22	19.83	478.36	0.26	261.03	22027.09	-17524.18	10493.73
Fixation L	1	129	2086742917	2087006922	264005	1177.08	622.55	54	50	-1	13.85	13.85
Fixation R	1	124	2086742917	2087006922	264005	1177.08	622.55	54	50	-1	14.50	14.50
Saccade L	1	111	2087006922	2087038861	31939	1202.39	594.78	1147.80	583.60	1.76	132.79	0.38	55.04	6009.34	-5069.33	3591.51
Saccade R	1	104	2087006922	2087038861	31939	1202.39	594.78	1147.80	583.60	1.76	132.79	0.38	55.04	6009.34	-5069.33	3591.51
Fixation L	1	130	2087038861	2087198943	160082	1131.59	577.56	26	15	-1	13.69	13.69
Fixation R	1	125	2087038861	2087198943	160082	1131.59	577.56	26	15	-1	14.03	14.03
Saccade L	1	112	2087198943	2087226922	27979	1128.24	573.23	1017.52	572.18	2.17	172.38	0.43	77.54	7514.26	-7563.57	5501.98
Saccade R	1	105	2087198943	2087226922	27979	1128.24	573.23	1017.52	572.18	2.17	172.38	0.43	77.54	7514.26	-7563.57	5501.98
Fixation L	1	131	2087226922	2087394796	167874	1044.28	569.30	38	16	-1	13.32	13.32
Fixation R	1	126	2087226922	2087394796	167874	1044.28	569.30	38	16	-1	13.35	13.35
Saccade L	1	113	2087394796	2087422804	28008	1051.78	569.39	970.12	572.86	1.78	136.61	0.43	63.60	6358.08	-6168.68	4580.12
Saccade R	1	106	2087394796	2087422804	28008	1051.78	569.39	970.12	572.86	1.78	136.61	0.43	63.60	6358.08	-6168.68	4580.12
Fixation L	1	132	2087422804	2087562821	140017	974.40	571.72	17	11	-1	13.08	13.08
Fixation R	1	127	2087422804	2087562821	140017	974.40	571.72	17	11	-1	13.15	13.15
Saccade L	1	114	2087562821	2087586817	23996	975.62	569.97	1052.48	571.31	1.50	122.85	0.50	62.62	5460.20	-5324.13	4063.51
Saccade R	1	107	2087562821	2087586817	23996	975.62	569.97	1052.48	571.31	1.50	122.85	0.50	62.62	5460.20	-5324.13	4063.51
Fixation L	1	133	2087586817	2087674815	87998	1055.11	572.70	15	10	-1	13.14	13.14
Fixation R	1	128	2087586817	2087762823	176006	680.36	364.28	1396	609	-1	11.83	11.83
Saccade R	1	108	2087762823	2087834820	71997	0.00	0.00	1037.41	573.99	38.86	2050.85	0.28	539.68	84533.83	-74632.51	33791.90
Fixation L	1	134	2087834820	2087910819	75999	1033.47	552.14	9	34	-1	13.00	13.00
Fixation R	1	129	2087834820	2087910819	75999	1033.47	552.14	9	34	-1	13.19	13.19
Saccade L	1	115	2087910819	2087930823	20004	1037.10	542.50	986.15	553.09	1.08	93.50	0.60	54.23	4159.45	-3790.08	2852.75
Saccade R	1	109	2087910819	2087930823	20004	1037.10	542.50	986.15	553.09	1.08	93.50	0.60	54.23	4159.45	-3790.08	2852.75
Fixation L	1	135	2087930823	2088482841	552018	965.25	564.08	30	29	-1	13.27	13.27
Fixation R	1	130	2087930823	2088482841	552018	965.25	564.08	30	29	-1	13.24	13.24
Saccade L	1	116	2088482841	2088522837	39996	964.59	570.30	1019.09	550.51	1.29	55.16	0.30	32.29	2557.97	-1422.15	1332.73
Saccade R	1	110	2088482841	2088522837	39996	964.59	570.30	1019.09	550.51	1.29	55.16	0.30	32.29	2557.97	-1422.15	1332.73
Fixation L	1	136	2088522837	2088774736	251899	1034.45	541.42	32	21	-1	12.91	12.91
Fixation R	1	131	2088522837	2088774736	251899	1034.45	541.42	32	21	-1	12.92	12.92
