[BeGaze]
Converted from:	D:\Kirillov\Results\ermolova_temp_reversed\Boris-eye_data.idf
Date:	17.04.2019 03:56:28
Version:	BeGaze 3.0.181
Sample Rate:	250
Subject:	Boris
Description:	Run4

Table Header for Fixations:
Event Type	Trial	Number	Start	End	Duration	Location X	Location Y	Dispersion X	Dispersion Y	Plane	Avg. Pupil Size X	Avg. Pupil Size Y

Table Header for Saccades:
Event Type	Trial	Number	Start	End	Duration	Start Loc.X	Start Loc.Y	End Loc.X	End Loc.Y	Amplitude	Peak Speed	Peak Speed At	Average Speed	Peak Accel.	Peak Decel.	Average Accel.

Table Header for User Events:
Event Type	Trial	Number	Start	Description

UserEvent	1	1	2352450930	# Message: rc-experiment-20.jpg
Fixation L	1	1	2352453088	2352520994	67906	448.75	408.02	4	10	-1	13.71	13.71
Fixation R	1	1	2352453088	2352520994	67906	448.75	408.02	4	10	-1	14.02	14.02
Saccade L	1	1	2352520994	2352573061	52067	447.25	411.40	761.74	477.42	7.15	286.42	0.39	137.23	14134.98	-10437.04	8398.73
Saccade R	1	1	2352520994	2352573061	52067	447.25	411.40	761.74	477.42	7.15	286.42	0.39	137.23	14134.98	-10437.04	8398.73
Fixation L	1	2	2352573061	2352785062	212001	761.47	480.28	11	10	-1	13.65	13.65
Fixation R	1	2	2352573061	2352785062	212001	761.47	480.28	11	10	-1	14.08	14.08
Saccade L	1	2	2352785062	2352829056	43994	762.16	476.64	980.89	503.36	4.66	248.39	0.27	106.02	11760.44	-9641.77	6683.20
Saccade R	1	2	2352785062	2352829056	43994	762.16	476.64	980.89	503.36	4.66	248.39	0.27	106.02	11760.44	-9641.77	6683.20
Fixation L	1	3	2352829056	2352929078	100022	987.10	497.99	20	23	-1	13.48	13.48
Fixation R	1	3	2352829056	2352929078	100022	987.10	497.99	20	23	-1	14.06	14.06
Saccade L	1	3	2352929078	2352989091	60013	1001.23	481.77	367.81	439.59	13.95	447.18	0.27	232.39	21771.27	-14245.28	10794.57
Saccade R	1	3	2352929078	2352989091	60013	1001.23	481.77	367.81	439.59	13.95	447.18	0.27	232.39	21771.27	-14245.28	10794.57
Fixation L	1	4	2352989091	2353208935	219844	250.70	295.69	511	439	-1	11.67	11.67
Fixation R	1	4	2352989091	2353116965	127874	358.62	424.44	21	22	-1	13.23	13.23
Saccade R	1	4	2353116965	2353148971	32006	349.52	419.17	0.00	0.00	12.22	1073.80	0.62	381.86	45268.38	-47846.89	30765.81
Fixation R	1	5	2353148971	2353364965	215994	208.55	305.23	433	820	-1	11.84	11.84
Saccade L	1	4	2353208935	2353264964	56029	0.00	0.00	313.70	419.86	17.40	1053.49	0.21	310.50	47471.14	-36083.67	19784.47
Fixation L	1	5	2353264964	2353364965	100001	317.41	434.68	13	27	-1	12.78	12.78
Saccade R	1	5	2353364965	2353392976	28011	319.97	437.49	0.00	0.00	11.29	1038.57	0.57	403.11	42628.18	-43512.11	31551.39
Fixation R	1	6	2353392976	2353480947	87971	0.00	0.00	0	0	-1	4.99	4.99
Fixation L	1	6	2353556945	2353668970	112025	1053.41	572.86	21	39	-1	12.97	12.97
Fixation R	1	7	2353556945	2353668970	112025	1053.41	572.86	21	39	-1	13.64	13.64
Saccade L	1	5	2353668970	2353692983	24013	1064.98	593.59	1075.18	641.15	0.97	73.16	0.50	40.50	2874.86	-3014.82	2188.62
Saccade R	1	6	2353668970	2353692983	24013	1064.98	593.59	1075.18	641.15	0.97	73.16	0.50	40.50	2874.86	-3014.82	2188.62
Fixation L	1	7	2353692983	2353832982	139999	1079.30	651.69	5	24	-1	13.31	13.31
Fixation R	1	8	2353692983	2353832982	139999	1079.30	651.69	5	24	-1	13.68	13.68
Saccade L	1	6	2353832982	2353896968	63986	1077.98	657.12	440.26	611.44	14.11	431.80	0.37	220.55	20801.31	-14329.95	10802.35
Saccade R	1	7	2353832982	2353896968	63986	1077.98	657.12	440.26	611.44	14.11	431.80	0.37	220.55	20801.31	-14329.95	10802.35
Fixation L	1	8	2353896968	2354146153	249185	319.56	423.46	695	909	-1	11.69	11.69
Fixation R	1	9	2353896968	2354048956	151988	446.42	584.58	21	37	-1	13.22	13.22
Saccade R	1	8	2354048956	2354080989	32033	448.41	571.73	0.00	0.00	17.83	1564.92	0.63	556.69	61746.13	-66940.10	42144.27
Fixation R	1	10	2354080989	2354146153	65164	0.00	0.00	0	0	-1	10.75	10.75
Saccade L	1	7	2354146153	2354200963	54810	0.00	0.00	489.73	426.31	23.71	1455.73	0.20	432.53	64560.24	-48242.87	26018.96
Saccade R	1	9	2354146153	2354200963	54810	0.00	0.00	489.73	426.31	23.71	1455.73	0.20	432.53	64560.24	-48242.87	26018.96
Saccade L	1	8	2354200963	2354228990	28027	489.73	426.31	516.84	457.36	0.78	40.51	0.43	27.76	700.40	-8081.76	1832.72
Saccade R	1	10	2354200963	2354228990	28027	489.73	426.31	516.84	457.36	0.78	40.51	0.43	27.76	700.40	-8081.76	1832.72
Fixation L	1	9	2354228990	2354280994	52004	518.78	462.67	7	8	-1	12.97	12.97
Fixation R	1	11	2354228990	2354412844	183854	215.22	194.19	842	1079	-1	7.42	7.42
Fixation L	1	10	2354488857	2354560847	71990	978.62	600.59	12	15	-1	13.03	13.03
Fixation R	1	12	2354488857	2354560847	71990	978.62	600.59	12	15	-1	13.52	13.52
Saccade L	1	9	2354560847	2354616861	56014	986.00	603.73	328.98	467.47	14.66	507.06	0.29	261.67	24395.57	-15779.32	12869.04
Saccade R	1	11	2354560847	2354616861	56014	986.00	603.73	328.98	467.47	14.66	507.06	0.29	261.67	24395.57	-15779.32	12869.04
Fixation L	1	11	2354616861	2354680855	63994	332.33	452.69	9	34	-1	13.49	13.49
Fixation R	1	13	2354616861	2354680855	63994	332.33	452.69	9	34	-1	13.54	13.54
Saccade L	1	10	2354680855	2354704854	23999	330.62	443.30	323.72	474.95	0.74	43.37	0.67	30.85	1811.54	-1893.06	1320.99
Saccade R	1	12	2354680855	2354704854	23999	330.62	443.30	323.72	474.95	0.74	43.37	0.67	30.85	1811.54	-1893.06	1320.99
Fixation L	1	12	2354704854	2354800858	96004	327.92	478.16	9	6	-1	13.75	13.75
Fixation R	1	14	2354704854	2354800858	96004	327.92	478.16	9	6	-1	13.65	13.65
Fixation R	1	15	2354808859	2355016863	208004	24.13	49.00	457	612	-1	5.62	5.62
Fixation L	1	13	2355124872	2355192872	68000	1007.22	628.92	13	27	-1	12.54	12.54
Fixation R	1	16	2355124872	2355192872	68000	1007.22	628.92	13	27	-1	13.43	13.43
Saccade L	1	11	2355192872	2355216866	23994	1005.30	643.86	1062.78	644.25	1.17	105.46	0.50	48.83	4405.00	-4479.50	3273.01
Saccade R	1	13	2355192872	2355216866	23994	1005.30	643.86	1062.78	644.25	1.17	105.46	0.50	48.83	4405.00	-4479.50	3273.01
Fixation L	1	14	2355216866	2355368905	152039	1077.63	654.66	31	23	-1	13.12	13.12
Fixation R	1	17	2355216866	2355368905	152039	1077.63	654.66	31	23	-1	13.91	13.91
Saccade L	1	12	2355368905	2355440807	71902	1081.15	667.45	388.10	409.81	17.07	504.82	0.28	237.41	24246.83	-15212.25	10981.79
Saccade R	1	14	2355368905	2355440807	71902	1081.15	667.45	388.10	409.81	17.07	504.82	0.28	237.41	24246.83	-15212.25	10981.79
Fixation L	1	15	2355440807	2355812817	372010	285.54	320.56	388	550	-1	10.73	10.73
Fixation R	1	18	2355440807	2355696876	256069	382.47	424.01	11	30	-1	13.12	13.12
Fixation L	1	16	2355896760	2356064752	167992	322.02	435.80	21	11	-1	12.65	12.65
Fixation R	1	19	2355896760	2356064752	167992	322.02	435.80	21	11	-1	12.96	12.96
Saccade L	1	13	2356064752	2356128752	64000	332.00	437.41	1077.30	694.96	17.18	462.59	0.31	268.49	22368.53	-13729.67	12006.22
Saccade R	1	15	2356064752	2356128752	64000	332.00	437.41	1077.30	694.96	17.18	462.59	0.31	268.49	22368.53	-13729.67	12006.22
Fixation L	1	17	2356128752	2356392763	264011	1087.69	709.11	21	37	-1	13.00	13.00
Fixation R	1	20	2356128752	2356392763	264011	1087.69	709.11	21	37	-1	13.74	13.74
Saccade L	1	14	2356392763	2356416771	24008	1087.29	705.31	1066.62	675.10	0.77	46.48	0.50	32.11	2068.51	-1381.34	1232.64
Saccade R	1	16	2356392763	2356416771	24008	1087.29	705.31	1066.62	675.10	0.77	46.48	0.50	32.11	2068.51	-1381.34	1232.64
Fixation L	1	18	2356416771	2356788772	372001	685.66	424.33	1525	725	-1	10.17	10.17
Fixation R	1	21	2356416771	2356788772	372001	685.66	424.33	1525	725	-1	9.56	9.56
Saccade L	1	15	2356788772	2356860804	72032	0.00	0.00	282.50	401.39	16.40	861.50	0.22	227.70	40347.74	-31981.76	14281.73
Saccade R	1	17	2356788772	2356860804	72032	0.00	0.00	282.50	401.39	16.40	861.50	0.22	227.70	40347.74	-31981.76	14281.73
Fixation L	1	19	2356860804	2357108807	248003	310.01	404.64	44	24	-1	12.21	12.21
Fixation R	1	22	2356860804	2357108807	248003	310.01	404.64	44	24	-1	12.34	12.34
Saccade L	1	16	2357108807	2357172776	63969	317.93	416.90	1037.27	637.16	16.44	470.67	0.38	256.92	23196.99	-15157.47	11429.47
Saccade R	1	18	2357108807	2357172776	63969	317.93	416.90	1037.27	637.16	16.44	470.67	0.38	256.92	23196.99	-15157.47	11429.47
Fixation L	1	20	2357172776	2357536661	363885	1040.09	639.17	42	23	-1	12.24	12.24
Fixation R	1	23	2357172776	2357536661	363885	1040.09	639.17	42	23	-1	12.85	12.85
Saccade L	1	17	2357536661	2357564662	28001	1063.88	638.53	1060.23	502.78	2.68	190.30	0.57	95.62	8620.53	-7657.61	6197.87
Saccade R	1	19	2357536661	2357564662	28001	1063.88	638.53	1060.23	502.78	2.68	190.30	0.57	95.62	8620.53	-7657.61	6197.87
Fixation L	1	21	2357564662	2357776689	212027	1039.83	518.23	29	24	-1	12.06	12.06
Fixation R	1	24	2357564662	2357776689	212027	1039.83	518.23	29	24	-1	12.24	12.24
Saccade L	1	18	2357776689	2357808674	31985	1041.43	518.96	1068.92	461.56	1.34	72.51	0.38	41.89	3355.33	-2959.31	2272.10
Saccade R	1	20	2357776689	2357808674	31985	1041.43	518.96	1068.92	461.56	1.34	72.51	0.38	41.89	3355.33	-2959.31	2272.10
Fixation L	1	22	2357808674	2357996671	187997	1075.07	443.47	9	30	-1	12.02	12.02
Fixation R	1	25	2357808674	2357996671	187997	1075.07	443.47	9	30	-1	12.32	12.32
Saccade L	1	19	2357996671	2358056688	60017	1078.07	432.32	349.40	351.48	16.10	476.05	0.27	268.18	23227.00	-15332.04	11852.53
Saccade R	1	21	2357996671	2358056688	60017	1078.07	432.32	349.40	351.48	16.10	476.05	0.27	268.18	23227.00	-15332.04	11852.53
Fixation L	1	23	2358056688	2358268677	211989	353.30	364.79	30	36	-1	12.27	12.27
Fixation R	1	26	2358056688	2358268677	211989	353.30	364.79	30	36	-1	12.08	12.08
Saccade L	1	20	2358268677	2358292678	24001	367.78	385.37	421.79	379.29	1.27	108.03	0.50	53.08	4405.69	-4159.15	3205.94
Saccade R	1	22	2358268677	2358292678	24001	367.78	385.37	421.79	379.29	1.27	108.03	0.50	53.08	4405.69	-4159.15	3205.94
Fixation L	1	24	2358292678	2358412681	120003	435.32	374.66	19	12	-1	12.16	12.16
Fixation R	1	27	2358292678	2358412681	120003	435.32	374.66	19	12	-1	12.10	12.10
Saccade L	1	21	2358412681	2358440682	28001	441.04	366.55	310.13	376.64	2.84	215.60	0.43	101.41	10250.31	-9752.95	7300.43
Saccade R	1	23	2358412681	2358440682	28001	441.04	366.55	310.13	376.64	2.84	215.60	0.43	101.41	10250.31	-9752.95	7300.43
Fixation L	1	25	2358440682	2358748593	307911	314.59	399.26	18	37	-1	12.24	12.24
Fixation R	1	28	2358440682	2358748593	307911	314.59	399.26	18	37	-1	12.42	12.42
Saccade L	1	22	2358748593	2358776568	27975	315.85	400.18	386.50	389.94	1.45	104.34	0.43	51.91	4698.83	-4354.76	3346.50
Saccade R	1	24	2358748593	2358776568	27975	315.85	400.18	386.50	389.94	1.45	104.34	0.43	51.91	4698.83	-4354.76	3346.50
Fixation L	1	26	2358776568	2359000570	224002	403.67	389.04	31	14	-1	12.41	12.41
Fixation R	1	29	2358776568	2359000570	224002	403.67	389.04	31	14	-1	12.64	12.64
Saccade L	1	23	2359000570	2359024601	24031	397.22	383.98	405.87	332.88	1.05	87.06	0.50	43.69	3887.29	-3395.80	2666.37
Saccade R	1	25	2359000570	2359024601	24031	397.22	383.98	405.87	332.88	1.05	87.06	0.50	43.69	3887.29	-3395.80	2666.37
Fixation L	1	27	2359024601	2359204579	179978	410.13	322.76	18	21	-1	12.63	12.63
Fixation R	1	30	2359024601	2359204579	179978	410.13	322.76	18	21	-1	12.76	12.76
Saccade L	1	24	2359204579	2359224567	19988	400.57	315.06	357.07	322.13	0.85	68.02	0.60	42.33	3261.82	-2605.72	2088.40
Saccade R	1	26	2359204579	2359224567	19988	400.57	315.06	357.07	322.13	0.85	68.02	0.60	42.33	3261.82	-2605.72	2088.40
Fixation L	1	28	2359224567	2359388594	164027	350.92	330.58	16	14	-1	12.60	12.60
Fixation R	1	31	2359224567	2359388594	164027	350.92	330.58	16	14	-1	12.89	12.89
Saccade L	1	25	2359388594	2359428593	39999	354.78	332.85	305.05	374.13	1.42	69.05	0.30	35.39	3140.40	-2284.84	1762.52
Saccade R	1	27	2359388594	2359428593	39999	354.78	332.85	305.05	374.13	1.42	69.05	0.30	35.39	3140.40	-2284.84	1762.52
Fixation L	1	29	2359428593	2359648611	220018	310.03	371.19	19	12	-1	12.82	12.82
Fixation R	1	32	2359428593	2359648611	220018	310.03	371.19	19	12	-1	13.10	13.10
Saccade L	1	26	2359648611	2359672582	23971	319.67	376.10	407.04	353.44	1.80	149.76	0.50	75.13	6429.82	-6234.94	4692.79
Saccade R	1	28	2359648611	2359672582	23971	319.67	376.10	407.04	353.44	1.80	149.76	0.50	75.13	6429.82	-6234.94	4692.79
Fixation L	1	30	2359672582	2359756585	84003	406.89	340.23	4	21	-1	12.91	12.91
Fixation R	1	33	2359672582	2359756585	84003	406.89	340.23	4	21	-1	13.23	13.23
Saccade R	1	29	2359756585	2359796497	39912	409.00	335.40	0.00	0.00	12.17	985.73	0.70	304.92	39869.13	-41284.46	23774.09
Fixation L	1	31	2359904620	2360020542	115922	1098.71	438.75	29	12	-1	12.88	12.88
Fixation R	1	34	2359904620	2360020542	115922	1098.71	438.75	29	12	-1	13.64	13.64
Saccade L	1	27	2360020542	2360040463	19921	1104.73	446.15	1132.08	457.81	0.56	42.85	0.60	28.05	2010.07	-1664.05	1346.66
Saccade R	1	30	2360020542	2360040463	19921	1104.73	446.15	1132.08	457.81	0.56	42.85	0.60	28.05	2010.07	-1664.05	1346.66
Fixation L	1	32	2360040463	2360512475	472012	1170.95	462.62	65	25	-1	12.86	12.86
Fixation R	1	35	2360040463	2360512475	472012	1170.95	462.62	65	25	-1	13.42	13.42
Saccade L	1	28	2360512475	2360544496	32021	1183.68	477.53	1212.03	513.46	1.01	49.45	0.37	31.40	2317.31	-1498.68	1391.20
Saccade R	1	31	2360512475	2360544496	32021	1183.68	477.53	1212.03	513.46	1.01	49.45	0.37	31.40	2317.31	-1498.68	1391.20
Fixation L	1	33	2360544496	2360692487	147991	1213.72	524.46	12	17	-1	12.42	12.42
Fixation R	1	36	2360544496	2360692487	147991	1213.72	524.46	12	17	-1	13.00	13.00
Saccade L	1	29	2360692487	2360716499	24012	1215.22	526.56	1209.81	472.36	1.00	69.22	0.50	41.69	3104.53	-2709.05	2153.84
Saccade R	1	32	2360692487	2360716499	24012	1215.22	526.56	1209.81	472.36	1.00	69.22	0.50	41.69	3104.53	-2709.05	2153.84
Fixation L	1	34	2360716499	2361152503	436004	1181.39	476.04	61	29	-1	12.51	12.51
Fixation R	1	37	2360716499	2361152503	436004	1181.39	476.04	61	29	-1	13.00	13.00
Saccade L	1	30	2361152503	2361184504	32001	1148.22	491.41	1197.66	573.71	1.97	119.43	0.37	61.50	5093.00	-4623.88	3492.81
Saccade R	1	33	2361152503	2361184504	32001	1148.22	491.41	1197.66	573.71	1.97	119.43	0.37	61.50	5093.00	-4623.88	3492.81
Fixation L	1	35	2361184504	2361436383	251879	1218.24	566.73	34	12	-1	12.67	12.67
Fixation R	1	38	2361184504	2361436383	251879	1218.24	566.73	34	12	-1	12.99	12.99
Saccade L	1	31	2361436383	2361480399	44016	1232.41	570.94	1138.92	567.72	3.00	207.95	0.36	68.25	9366.74	-7890.34	4824.96
Saccade R	1	34	2361436383	2361480399	44016	1232.41	570.94	1138.92	567.72	3.00	207.95	0.36	68.25	9366.74	-7890.34	4824.96
Fixation L	1	36	2361480399	2361632401	152002	1126.19	560.26	23	11	-1	12.61	12.61
Fixation R	1	39	2361480399	2361632401	152002	1126.19	560.26	23	11	-1	13.05	13.05
Saccade L	1	32	2361632401	2361656375	23974	1115.85	566.93	1043.20	565.45	1.46	130.22	0.50	60.89	5680.23	-5674.72	4206.41
Saccade R	1	35	2361632401	2361656375	23974	1115.85	566.93	1043.20	565.45	1.46	130.22	0.50	60.89	5680.23	-5674.72	4206.41
Fixation L	1	37	2361656375	2361868390	212015	1038.52	557.44	14	20	-1	12.75	12.75
Fixation R	1	40	2361656375	2361868390	212015	1038.52	557.44	14	20	-1	13.11	13.11
