[BeGaze]
Converted from:	D:\Kirillov\Results\ermolova_temp_reversed\Boris-eye_data.idf
Date:	17.04.2019 03:56:26
Version:	BeGaze 3.0.181
Sample Rate:	250
Subject:	Boris
Description:	Run4

Table Header for Fixations:
Event Type	Trial	Number	Start	End	Duration	Location X	Location Y	Dispersion X	Dispersion Y	Plane	Avg. Pupil Size X	Avg. Pupil Size Y

Table Header for Saccades:
Event Type	Trial	Number	Start	End	Duration	Start Loc.X	Start Loc.Y	End Loc.X	End Loc.Y	Amplitude	Peak Speed	Peak Speed At	Average Speed	Peak Accel.	Peak Decel.	Average Accel.

Table Header for User Events:
Event Type	Trial	Number	Start	Description

UserEvent	1	1	2113848649	# Message: rc-experiment-09.jpg
Fixation L	1	1	2113849175	2113993002	143827	426.77	397.93	16	15	-1	14.01	14.01
Fixation R	1	1	2113849175	2113993002	143827	426.77	397.93	16	15	-1	13.87	13.87
Saccade L	1	1	2113993002	2114041006	48004	431.56	394.66	707.95	409.49	5.86	238.77	0.33	121.97	11627.77	-8870.51	7218.64
Saccade R	1	1	2113993002	2114041006	48004	431.56	394.66	707.95	409.49	5.86	238.77	0.33	121.97	11627.77	-8870.51	7218.64
Saccade L	1	2	2114073031	2114109012	35981	714.45	400.50	756.31	459.02	1.44	70.59	0.33	39.89	3021.09	-2302.64	1972.21
Saccade R	1	2	2114073031	2114109012	35981	714.45	400.50	756.31	459.02	1.44	70.59	0.33	39.89	3021.09	-2302.64	1972.21
Saccade L	1	3	2114129063	2114157021	27958	757.01	457.21	714.13	436.02	1.02	63.76	0.43	36.64	2639.26	-2773.21	1976.34
Saccade R	1	3	2114129063	2114157021	27958	757.01	457.21	714.13	436.02	1.02	63.76	0.43	36.64	2639.26	-2773.21	1976.34
Saccade L	1	4	2114177020	2114221025	44005	717.52	427.26	919.68	685.35	7.27	360.22	0.45	165.15	15779.21	-14836.45	10402.96
Saccade R	1	4	2114177020	2114221025	44005	717.52	427.26	919.68	685.35	7.27	360.22	0.45	165.15	15779.21	-14836.45	10402.96
Fixation L	1	2	2114221025	2114305030	84005	909.82	679.05	53	28	-1	13.49	13.49
Fixation R	1	2	2114221025	2114305030	84005	909.82	679.05	53	28	-1	13.32	13.32
Saccade L	1	5	2114305030	2114337055	32025	869.76	657.00	861.55	546.95	2.24	176.45	0.75	69.97	6200.23	-4932.85	3107.79
Saccade R	1	5	2114305030	2114337055	32025	869.76	657.00	861.55	546.95	2.24	176.45	0.75	69.97	6200.23	-4932.85	3107.79
Saccade L	1	6	2114393037	2114421011	27974	842.80	553.46	861.95	589.57	0.89	54.16	0.57	31.72	885.92	-1754.56	1095.67
Saccade R	1	6	2114393037	2114421011	27974	842.80	553.46	861.95	589.57	0.89	54.16	0.57	31.72	885.92	-1754.56	1095.67
Saccade L	1	7	2114449102	2114489029	39927	859.18	610.62	777.89	639.08	2.27	155.77	0.40	56.84	5326.14	-6018.65	3347.25
Saccade R	1	7	2114449102	2114489029	39927	859.18	610.62	777.89	639.08	2.27	155.77	0.40	56.84	5326.14	-6018.65	3347.25
Saccade L	1	8	2114497039	2114517040	20001	786.16	625.33	810.99	631.67	0.62	41.18	0.40	30.76	1355.06	-258.77	592.43
Saccade R	1	8	2114497039	2114517040	20001	786.16	625.33	810.99	631.67	0.62	41.18	0.40	30.76	1355.06	-258.77	592.43
Saccade L	1	9	2114517040	2114557014	39974	810.99	631.67	836.65	581.08	2.00	118.40	0.50	50.03	3860.37	-4063.61	2147.71
Saccade R	1	9	2114517040	2114557014	39974	810.99	631.67	836.65	581.08	2.00	118.40	0.50	50.03	3860.37	-4063.61	2147.71
Saccade L	1	10	2114557014	2114605033	48019	836.65	581.08	0.00	0.17	30.00	2411.50	0.75	624.84	90048.67	-102907.13	46351.94
Fixation L	1	3	2114605033	2114675634	70601	0.00	0.04	0	0	-1	7.09	7.09
Fixation L	1	4	2114765038	2114841045	76007	777.99	620.97	23	11	-1	12.14	12.14
Fixation R	1	3	2114765038	2114841045	76007	777.99	620.97	23	11	-1	12.16	12.16
Fixation L	1	5	2115025119	2115105030	79911	978.84	342.09	19	20	-1	12.55	12.55
Fixation R	1	4	2115025119	2115205571	180452	574.42	199.88	1351	549	-1	9.96	9.94
Saccade L	1	11	2115297049	2115337061	40012	839.93	528.50	831.42	579.56	1.15	42.21	0.50	28.74	1278.80	-1140.89	855.00
Saccade R	1	10	2115297049	2115337061	40012	839.93	528.50	831.42	579.56	1.15	42.21	0.50	28.74	1278.80	-1140.89	855.00
Fixation L	1	6	2115337061	2115396912	59851	816.93	577.73	22	18	-1	12.78	12.78
Fixation R	1	5	2115337061	2115396912	59851	816.93	577.73	22	18	-1	12.49	12.49
Saccade L	1	12	2115396912	2115424932	28020	811.48	567.75	760.91	644.87	1.94	135.11	0.43	69.31	6292.49	-6491.40	4722.72
Saccade R	1	11	2115396912	2115424932	28020	811.48	567.75	760.91	644.87	1.94	135.11	0.43	69.31	6292.49	-6491.40	4722.72
Fixation L	1	7	2115424932	2115592941	168009	754.07	660.11	20	32	-1	13.02	13.02
Fixation R	1	6	2115424932	2115592941	168009	754.07	660.11	20	32	-1	12.60	12.60
Saccade L	1	13	2115592941	2115644927	51986	744.30	662.36	977.22	446.72	7.12	275.70	0.31	136.93	12942.19	-7636.88	7396.27
Saccade R	1	12	2115592941	2115644927	51986	744.30	662.36	977.22	446.72	7.12	275.70	0.31	136.93	12942.19	-7636.88	7396.27
Fixation L	1	8	2115644927	2115772945	128018	978.09	429.44	18	31	-1	12.63	12.63
Fixation R	1	7	2115644927	2115772945	128018	978.09	429.44	18	31	-1	12.46	12.46
Saccade L	1	14	2115772945	2115808926	35981	969.22	431.53	1103.94	333.66	3.58	213.33	0.56	99.36	10185.75	-10005.02	7223.24
Saccade R	1	13	2115772945	2115808926	35981	969.22	431.53	1103.94	333.66	3.58	213.33	0.56	99.36	10185.75	-10005.02	7223.24
Fixation L	1	9	2115808926	2116012922	203996	1099.24	336.56	23	53	-1	12.39	12.39
Fixation R	1	8	2115808926	2116012922	203996	1099.24	336.56	23	53	-1	12.16	12.16
Saccade L	1	15	2116012922	2116044935	32013	1103.33	337.58	1194.81	329.89	1.87	123.83	0.50	58.45	5309.07	-5146.31	3724.58
Saccade R	1	14	2116012922	2116044935	32013	1103.33	337.58	1194.81	329.89	1.87	123.83	0.50	58.45	5309.07	-5146.31	3724.58
Fixation L	1	10	2116044935	2116212933	167998	1188.70	310.10	18	33	-1	12.32	12.32
Fixation R	1	9	2116044935	2116212933	167998	1188.70	310.10	18	33	-1	12.09	12.09
Saccade L	1	16	2116212933	2116248931	35998	1179.56	303.70	1231.76	309.63	1.85	115.88	0.33	51.52	5003.38	-3743.52	2561.69
Saccade R	1	15	2116212933	2116248931	35998	1179.56	303.70	1231.76	309.63	1.85	115.88	0.33	51.52	5003.38	-3743.52	2561.69
Fixation L	1	11	2116248931	2116452934	204003	1244.83	311.30	26	17	-1	12.20	12.20
Fixation R	1	10	2116248931	2116452934	204003	1244.83	311.30	26	17	-1	12.15	12.15
Saccade L	1	17	2116452934	2116484944	32010	1245.38	322.60	1151.45	298.39	2.11	131.64	0.38	65.91	5550.71	-5903.84	4137.20
Saccade R	1	16	2116452934	2116484944	32010	1245.38	322.60	1151.45	298.39	2.11	131.64	0.38	65.91	5550.71	-5903.84	4137.20
Fixation L	1	12	2116484944	2116908826	423882	1161.15	297.87	57	60	-1	12.32	12.32
Fixation R	1	11	2116484944	2116908826	423882	1161.15	297.87	57	60	-1	12.32	12.32
Saccade L	1	18	2116908826	2116936828	28002	1175.55	277.59	1252.92	290.49	1.74	136.82	0.57	62.03	5904.49	-5892.20	4314.44
Saccade R	1	17	2116908826	2116936828	28002	1175.55	277.59	1252.92	290.49	1.74	136.82	0.57	62.03	5904.49	-5892.20	4314.44
Fixation L	1	13	2116936828	2117088827	151999	1249.73	297.82	20	14	-1	12.32	12.32
Fixation R	1	12	2116936828	2117088827	151999	1249.73	297.82	20	14	-1	12.59	12.59
Saccade L	1	19	2117088827	2117116851	28024	1244.95	294.52	1114.64	313.95	2.70	226.40	0.43	96.42	9366.83	-8783.12	6658.29
Saccade R	1	18	2117088827	2117116851	28024	1244.95	294.52	1114.64	313.95	2.70	226.40	0.43	96.42	9366.83	-8783.12	6658.29
Fixation L	1	14	2117116851	2117212837	95986	1115.57	330.75	12	31	-1	12.35	12.35
Fixation R	1	13	2117116851	2117212837	95986	1115.57	330.75	12	31	-1	12.47	12.47
Saccade R	1	19	2117212837	2117252845	40008	1105.48	346.95	0.00	0.00	25.14	2215.75	0.70	628.36	92461.02	-95613.09	52004.25
Fixation R	1	14	2117252845	2117316849	64004	0.00	0.00	0	0	-1	10.56	10.56
Saccade R	1	20	2117316849	2117368823	51974	0.00	0.00	847.55	515.18	32.56	2445.24	0.23	626.45	104857.36	-86610.08	43259.78
Fixation L	1	15	2117368823	2117496843	128020	867.64	530.97	30	32	-1	12.57	12.57
Fixation R	1	15	2117368823	2117496843	128020	867.64	530.97	30	32	-1	12.58	12.58
Saccade L	1	20	2117496843	2117528859	32016	872.87	547.39	845.31	645.37	2.25	146.88	0.50	70.38	6626.58	-6563.90	4819.63
Saccade R	1	21	2117496843	2117528859	32016	872.87	547.39	845.31	645.37	2.25	146.88	0.50	70.38	6626.58	-6563.90	4819.63
Fixation L	1	16	2117528859	2117652854	123995	840.48	669.85	10	46	-1	12.79	12.79
Fixation R	1	16	2117528859	2117652854	123995	840.48	669.85	10	46	-1	13.03	13.03
Saccade L	1	21	2117652854	2117680847	27993	844.51	690.38	914.09	668.89	1.59	118.80	0.43	56.89	5727.87	-5147.46	3933.54
Saccade R	1	22	2117652854	2117680847	27993	844.51	690.38	914.09	668.89	1.59	118.80	0.43	56.89	5727.87	-5147.46	3933.54
Fixation L	1	17	2117680847	2117840933	160086	918.45	660.18	29	34	-1	12.93	12.93
Fixation R	1	17	2117680847	2117840933	160086	918.45	660.18	29	34	-1	13.14	13.14
Saccade L	1	22	2117840933	2117868873	27940	937.92	636.26	943.68	749.13	2.27	165.20	0.57	81.24	7180.92	-7572.84	5510.79
Saccade R	1	23	2117840933	2117868873	27940	937.92	636.26	943.68	749.13	2.27	165.20	0.57	81.24	7180.92	-7572.84	5510.79
Fixation L	1	18	2117868873	2118136852	267979	929.99	749.71	20	18	-1	12.72	12.72
Fixation R	1	18	2117868873	2118136852	267979	929.99	749.71	20	18	-1	12.81	12.81
Saccade L	1	23	2118136852	2118164747	27895	929.93	736.63	923.35	825.59	1.78	128.42	0.57	63.82	6141.28	-6282.87	4629.34
Saccade R	1	24	2118136852	2118164747	27895	929.93	736.63	923.35	825.59	1.78	128.42	0.57	63.82	6141.28	-6282.87	4629.34
Fixation L	1	19	2118164747	2118464771	300024	915.20	826.79	25	10	-1	12.79	12.79
Fixation R	1	19	2118164747	2118464771	300024	915.20	826.79	25	10	-1	12.84	12.84
Saccade L	1	24	2118464771	2118488758	23987	902.07	829.37	826.69	830.89	1.51	124.48	0.50	62.88	5419.61	-5485.84	4066.75
Saccade R	1	25	2118464771	2118488758	23987	902.07	829.37	826.69	830.89	1.51	124.48	0.50	62.88	5419.61	-5485.84	4066.75
Fixation L	1	20	2118488758	2118616736	127978	829.21	819.71	14	17	-1	12.81	12.81
Fixation R	1	20	2118488758	2118616736	127978	829.21	819.71	14	17	-1	12.98	12.98
Saccade L	1	25	2118616736	2118648736	32000	830.94	815.07	928.16	721.32	2.98	219.63	0.50	93.26	9903.75	-9733.09	7227.67
Saccade R	1	26	2118616736	2118648736	32000	830.94	815.07	928.16	721.32	2.98	219.63	0.50	93.26	9903.75	-9733.09	7227.67
Fixation L	1	21	2118648736	2118852755	204019	934.50	732.14	23	25	-1	12.88	12.88
Fixation R	1	21	2118648736	2118852755	204019	934.50	732.14	23	25	-1	13.05	13.05
Saccade L	1	26	2118852755	2118880762	28007	937.19	737.76	976.53	743.17	0.80	47.60	0.43	28.68	2080.71	-1906.33	1460.39
Saccade R	1	27	2118852755	2118880762	28007	937.19	737.76	976.53	743.17	0.80	47.60	0.43	28.68	2080.71	-1906.33	1460.39
Fixation L	1	22	2118880762	2119024751	143989	979.51	745.76	14	8	-1	12.95	12.95
Fixation R	1	22	2118880762	2119024751	143989	979.51	745.76	14	8	-1	13.08	13.08
Saccade L	1	27	2119024751	2119052739	27988	968.90	743.45	956.17	650.22	2.00	148.73	0.57	71.33	6414.19	-5817.39	4524.06
Saccade R	1	28	2119024751	2119052739	27988	968.90	743.45	956.17	650.22	2.00	148.73	0.57	71.33	6414.19	-5817.39	4524.06
Fixation L	1	23	2119052739	2119296757	244018	935.78	663.24	32	21	-1	13.07	13.07
Fixation R	1	23	2119052739	2119296757	244018	935.78	663.24	32	21	-1	13.16	13.16
Saccade L	1	28	2119296757	2119324770	28013	927.83	670.58	991.65	657.90	1.37	99.34	0.43	49.06	4379.28	-4288.64	3185.15
Saccade R	1	29	2119296757	2119324770	28013	927.83	670.58	991.65	657.90	1.37	99.34	0.43	49.06	4379.28	-4288.64	3185.15
Fixation L	1	24	2119324770	2119556750	231980	987.41	655.36	19	9	-1	13.06	13.06
Fixation R	1	24	2119324770	2119556750	231980	987.41	655.36	19	9	-1	13.21	13.21
Saccade L	1	29	2119556750	2119584628	27878	984.08	654.06	928.42	742.83	2.13	165.26	0.57	76.26	7261.24	-6522.13	5129.07
Saccade R	1	30	2119556750	2119584628	27878	984.08	654.06	928.42	742.83	2.13	165.26	0.57	76.26	7261.24	-6522.13	5129.07
Fixation L	1	25	2119584628	2119784658	200030	911.01	744.64	26	15	-1	13.17	13.17
Fixation R	1	25	2119584628	2119784658	200030	911.01	744.64	26	15	-1	13.39	13.39
Saccade L	1	30	2119784658	2119808649	23991	919.92	745.94	956.95	757.14	0.80	53.70	0.50	33.54	2501.13	-1759.56	1503.78
Saccade R	1	31	2119784658	2119808649	23991	919.92	745.94	956.95	757.14	0.80	53.70	0.50	33.54	2501.13	-1759.56	1503.78
Fixation L	1	26	2119808649	2120160643	351994	947.73	759.07	55	10	-1	13.07	13.07
Fixation R	1	26	2119808649	2120160643	351994	947.73	759.07	55	10	-1	13.48	13.48
Saccade L	1	31	2120160643	2120192679	32036	925.91	755.14	912.64	843.68	1.87	120.57	0.50	58.42	5704.42	-5688.17	4135.18
Saccade R	1	32	2120160643	2120192679	32036	925.91	755.14	912.64	843.68	1.87	120.57	0.50	58.42	5704.42	-5688.17	4135.18
Fixation L	1	27	2120192679	2120368676	175997	915.98	851.34	15	10	-1	13.04	13.04
Fixation R	1	27	2120192679	2120368676	175997	915.98	851.34	15	10	-1	13.66	13.66
Saccade L	1	32	2120368676	2120400648	31972	924.25	853.34	785.01	846.44	2.86	181.00	0.50	89.45	8984.77	-8280.51	6195.86
Saccade R	1	33	2120368676	2120400648	31972	924.25	853.34	785.01	846.44	2.86	181.00	0.50	89.45	8984.77	-8280.51	6195.86
Fixation L	1	28	2120400648	2120552660	152012	784.40	830.86	5	18	-1	13.12	13.12
Fixation R	1	28	2120400648	2120552660	152012	784.40	830.86	5	18	-1	13.71	13.71
Saccade L	1	33	2120552660	2120580652	27992	785.99	831.65	828.95	834.88	0.86	50.98	0.43	30.79	2217.71	-1731.25	1454.07
Saccade R	1	34	2120552660	2120580652	27992	785.99	831.65	828.95	834.88	0.86	50.98	0.43	30.79	2217.71	-1731.25	1454.07
Fixation L	1	29	2120580652	2120712648	131996	836.47	836.42	14	6	-1	13.29	13.29
Fixation R	1	29	2120580652	2120712648	131996	836.47	836.42	14	6	-1	13.78	13.78
Saccade L	1	34	2120712648	2120736625	23977	835.19	840.48	763.27	844.78	1.45	121.00	0.50	60.67	5401.08	-5324.22	3971.73
Saccade R	1	35	2120712648	2120736625	23977	835.19	840.48	763.27	844.78	1.45	121.00	0.50	60.67	5401.08	-5324.22	3971.73
Fixation L	1	30	2120736625	2120888653	152028	756.53	839.96	14	8	-1	13.43	13.43
Fixation R	1	30	2120736625	2120888653	152028	756.53	839.96	14	8	-1	13.80	13.80
Saccade L	1	35	2120888653	2120944666	56013	750.02	836.08	914.43	365.59	11.31	332.44	0.29	201.85	16342.42	-14449.22	8866.82
Saccade R	1	36	2120888653	2120944666	56013	750.02	836.08	914.43	365.59	11.31	332.44	0.29	201.85	16342.42	-14449.22	8866.82
Fixation L	1	31	2120944666	2121080529	135863	910.71	372.02	12	20	-1	13.26	13.26
Fixation R	1	31	2120944666	2121080529	135863	910.71	372.02	12	20	-1	13.74	13.74
Saccade L	1	36	2121080529	2121104542	24013	905.58	383.78	1018.98	362.16	2.30	195.72	0.50	95.91	9071.93	-8163.75	6281.24
Saccade R	1	37	2121080529	2121104542	24013	905.58	383.78	1018.98	362.16	2.30	195.72	0.50	95.91	9071.93	-8163.75	6281.24
Fixation L	1	32	2121104542	2121212533	107991	1010.33	354.02	13	12	-1	13.24	13.24
Fixation R	1	32	2121104542	2121212533	107991	1010.33	354.02	13	12	-1	13.82	13.82
Saccade L	1	37	2121212533	2121272547	60014	1023.24	354.64	850.30	851.11	12.98	451.56	0.33	216.26	20538.78	-17475.14	11559.12
Saccade R	1	38	2121212533	2121272547	60014	1023.24	354.64	850.30	851.11	12.98	451.56	0.33	216.26	20538.78	-17475.14	11559.12
Saccade L	1	38	2121272547	2121292543	19996	850.30	851.11	845.03	888.97	0.62	54.15	0.40	31.13	-262.30	-2385.61	1404.79
Saccade R	1	39	2121272547	2121292543	19996	850.30	851.11	845.03	888.97	0.62	54.15	0.40	31.13	-262.30	-2385.61	1404.79
Fixation L	1	33	2121292543	2121396566	104023	847.87	885.59	8	15	-1	13.41	13.41
Fixation R	1	33	2121292543	2121396566	104023	847.87	885.59	8	15	-1	13.72	13.72
Saccade L	1	39	2121396566	2121420537	23971	849.39	879.67	878.72	872.64	0.65	49.00	0.50	27.21	2202.45	-1827.64	1461.29
Saccade R	1	40	2121396566	2121420537	23971	849.39	879.67	878.72	872.64	0.65	49.00	0.50	27.21	2202.45	-1827.64	1461.29
Fixation L	1	34	2121420537	2121544556	124019	892.60	861.84	24	19	-1	13.29	13.29
Fixation R	1	34	2121420537	2121544556	124019	892.60	861.84	24	19	-1	13.44	13.44
Saccade L	1	40	2121544556	2121572567	28011	900.41	853.32	837.56	847.87	1.34	99.85	0.57	47.86	4574.98	-4532.18	3335.44
Saccade R	1	41	2121544556	2121572567	28011	900.41	853.32	837.56	847.87	1.34	99.85	0.57	47.86	4574.98	-4532.18	3335.44
Fixation L	1	35	2121572567	2121668570	96003	835.07	837.23	6	16	-1	12.96	12.96
Fixation R	1	35	2121572567	2121668570	96003	835.07	837.23	6	16	-1	13.32	13.32
Saccade L	1	41	2121668570	2121724562	55992	838.66	834.84	1042.48	388.38	11.23	428.86	0.29	200.58	20472.68	-11938.19	10491.52
Saccade R	1	42	2121668570	2121724562	55992	838.66	834.84	1042.48	388.38	11.23	428.86	0.29	200.58	20472.68	-11938.19	10491.52
Fixation L	1	36	2121724562	2121876552	151990	1041.79	368.01	11	26	-1	13.04	13.04
Fixation R	1	36	2121724562	2121876552	151990	1041.79	368.01	11	26	-1	13.37	13.37
Saccade L	1	42	2121876552	2121908569	32017	1042.84	362.15	1172.24	328.58	2.82	197.81	0.50	88.13	9488.43	-9219.70	6650.36
Saccade R	1	43	2121876552	2121908569	32017	1042.84	362.15	1172.24	328.58	2.82	197.81	0.50	88.13	9488.43	-9219.70	6650.36
Fixation L	1	37	2121908569	2122192562	283993	1179.54	327.39	29	18	-1	12.93	12.93
Fixation R	1	37	2121908569	2122192562	283993	1179.54	327.39	29	18	-1	13.28	13.28
Saccade L	1	43	2122192562	2122244566	52004	1169.52	334.26	846.43	854.52	13.28	481.88	0.39	255.44	22541.17	-19997.68	14500.28
Saccade R	1	44	2122192562	2122244566	52004	1169.52	334.26	846.43	854.52	13.28	481.88	0.39	255.44	22541.17	-19997.68	14500.28
Fixation L	1	38	2122244566	2122388452	143886	830.06	866.94	22	45	-1	13.05	13.05
Fixation R	1	38	2122244566	2122388452	143886	830.06	866.94	22	45	-1	13.13	13.13
Saccade L	1	44	2122388452	2122420463	32011	827.91	868.31	663.67	872.74	3.36	250.41	0.38	104.84	11263.66	-11183.02	7869.46
Saccade R	1	45	2122388452	2122420463	32011	827.91	868.31	663.67	872.74	3.36	250.41	0.38	104.84	11263.66	-11183.02	7869.46
Fixation L	1	39	2122420463	2122584440	163977	668.66	867.20	28	10	-1	13.23	13.23
Fixation R	1	39	2122420463	2122584440	163977	668.66	867.20	28	10	-1	13.26	13.26
