[BeGaze]
Converted from:	D:\Kirillov\Results\ermolova_temp_reversed\Sofia-eye_data.idf
Date:	17.04.2019 03:56:30
Version:	BeGaze 3.0.181
Sample Rate:	250
Subject:	Sofia
Description:	Run5

Table Header for Fixations:
Event Type	Trial	Number	Start	End	Duration	Location X	Location Y	Dispersion X	Dispersion Y	Plane	Avg. Pupil Size X	Avg. Pupil Size Y

Table Header for Saccades:
Event Type	Trial	Number	Start	End	Duration	Start Loc.X	Start Loc.Y	End Loc.X	End Loc.Y	Amplitude	Peak Speed	Peak Speed At	Average Speed	Peak Accel.	Peak Decel.	Average Accel.

Table Header for User Events:
Event Type	Trial	Number	Start	Description

UserEvent	1	1	3484104774	# Message: rc-experiment-13.jpg
Saccade L	1	1	3484153844	3484177923	24079	382.97	261.60	446.16	220.12	1.79	160.54	0.50	74.36	6628.17	-6504.77	4853.81
Saccade R	1	1	3484153844	3484177923	24079	382.97	261.60	446.16	220.12	1.79	160.54	0.50	74.36	6628.17	-6504.77	4853.81
Fixation L	1	1	3484177923	3484761766	583843	469.17	241.46	32	52	-1	14.07	14.07
Fixation R	1	1	3484177923	3484761766	583843	469.17	241.46	32	52	-1	15.12	15.12
Saccade L	1	2	3484761766	3484825734	63968	462.31	218.57	1002.94	419.92	12.78	382.45	0.25	199.83	18327.89	-12853.06	9313.50
Saccade R	1	2	3484761766	3484825734	63968	462.31	218.57	1002.94	419.92	12.78	382.45	0.25	199.83	18327.89	-12853.06	9313.50
Fixation L	1	2	3484825734	3484921740	96006	997.12	432.89	9	20	-1	13.07	13.07
Fixation R	1	2	3484825734	3484921740	96006	997.12	432.89	9	20	-1	14.61	14.61
Saccade L	1	3	3484921740	3484993770	72030	1002.63	440.47	464.54	146.67	13.74	323.75	0.22	190.73	15180.89	-9868.40	7157.56
Saccade R	1	3	3484921740	3484993770	72030	1002.63	440.47	464.54	146.67	13.74	323.75	0.22	190.73	15180.89	-9868.40	7157.56
Fixation L	1	3	3484993770	3485313754	319984	453.99	139.04	17	18	-1	13.31	13.31
Fixation R	1	3	3484993770	3485313754	319984	453.99	139.04	17	18	-1	14.20	14.20
Fixation L	1	4	3485329765	3486013654	683889	387.31	98.80	465	604	-1	12.71	12.62
Fixation R	1	4	3485329765	3485889630	559865	442.66	106.55	39	45	-1	14.72	14.72
Saccade R	1	4	3485889630	3485929637	40007	442.52	88.32	0.00	0.16	16.78	1011.55	0.70	419.40	40119.22	-45170.94	29503.41
Fixation R	1	5	3485929637	3486013654	84017	0.00	0.01	0	0	-1	11.08	11.08
Fixation L	1	5	3486081644	3486261641	179997	426.94	325.44	14	21	-1	13.70	13.70
Fixation R	1	6	3486081644	3486261641	179997	426.94	325.44	14	21	-1	14.54	14.54
Saccade L	1	4	3486261641	3486325649	64008	428.82	320.68	1012.88	512.27	14.55	437.28	0.31	227.24	20850.62	-19250.21	11239.55
Saccade R	1	5	3486261641	3486325649	64008	428.82	320.68	1012.88	512.27	14.55	437.28	0.31	227.24	20850.62	-19250.21	11239.55
Fixation L	1	6	3486341650	3486437665	96015	1043.08	513.36	11	22	-1	13.56	13.56
Fixation R	1	7	3486341650	3486437665	96015	1043.08	513.36	11	22	-1	14.76	14.76
Saccade L	1	5	3486437665	3486473649	35984	1043.18	521.58	992.97	501.59	1.72	114.85	0.45	47.74	5035.97	-4527.11	2766.94
Saccade R	1	6	3486437665	3486473649	35984	1043.18	521.58	992.97	501.59	1.72	114.85	0.45	47.74	5035.97	-4527.11	2766.94
Fixation L	1	7	3486473649	3486533666	60017	980.18	490.91	17	24	-1	13.68	13.68
Fixation R	1	8	3486473649	3486533666	60017	980.18	490.91	17	24	-1	14.79	14.79
Saccade L	1	6	3486549677	3486573654	23977	1031.02	470.63	969.95	499.96	1.38	117.14	0.33	57.44	1553.06	-4764.86	2191.13
Saccade R	1	7	3486549677	3486573654	23977	1031.02	470.63	969.95	499.96	1.38	117.14	0.33	57.44	1553.06	-4764.86	2191.13
Saccade L	1	7	3486613654	3486641679	28025	981.24	485.20	979.06	488.07	0.88	46.46	0.43	31.44	906.77	-1913.23	1065.23
Saccade R	1	8	3486613654	3486641679	28025	981.24	485.20	979.06	488.07	0.88	46.46	0.43	31.44	906.77	-1913.23	1065.23
Saccade L	1	8	3486697656	3486741669	44013	970.65	495.54	1194.20	506.70	5.53	313.28	0.36	125.69	14935.61	-13213.32	8725.50
Saccade R	1	9	3486697656	3486741669	44013	970.65	495.54	1194.20	506.70	5.53	313.28	0.36	125.69	14935.61	-13213.32	8725.50
Fixation L	1	8	3486741669	3486865654	123985	1194.09	507.31	11	15	-1	13.27	13.27
Fixation R	1	9	3486741669	3486865654	123985	1194.09	507.31	11	15	-1	14.59	14.59
Saccade L	1	9	3486865654	3486897669	32015	1194.08	511.77	1216.74	432.70	1.58	94.73	0.50	49.34	4378.23	-3687.62	2995.98
Saccade R	1	10	3486865654	3486897669	32015	1194.08	511.77	1216.74	432.70	1.58	94.73	0.50	49.34	4378.23	-3687.62	2995.98
Fixation L	1	9	3486897669	3487017674	120005	1219.08	431.64	19	31	-1	13.11	13.11
Fixation R	1	10	3486897669	3487017674	120005	1219.08	431.64	19	31	-1	14.39	14.39
Saccade L	1	10	3487017674	3487049665	31991	1205.88	431.26	1156.73	426.17	0.99	51.05	0.38	30.79	1905.71	-1953.32	1367.32
Saccade R	1	11	3487017674	3487049665	31991	1205.88	431.26	1156.73	426.17	0.99	51.05	0.38	30.79	1905.71	-1953.32	1367.32
Fixation L	1	10	3487049665	3487141545	91880	1153.83	408.93	25	47	-1	12.97	12.97
Fixation R	1	11	3487049665	3487141545	91880	1153.83	408.93	25	47	-1	14.24	14.24
Saccade L	1	11	3487141545	3487217552	76007	1143.82	383.77	428.18	133.61	17.19	456.86	0.37	226.14	20543.90	-14432.86	8943.86
Saccade R	1	12	3487141545	3487217552	76007	1143.82	383.77	428.18	133.61	17.19	456.86	0.37	226.14	20543.90	-14432.86	8943.86
Fixation L	1	11	3487217552	3487449558	232006	435.46	111.40	20	50	-1	13.11	13.11
Fixation R	1	12	3487217552	3487534181	316629	357.46	100.71	444	750	-1	13.62	13.62
Saccade L	1	12	3487449558	3487485555	35997	421.93	106.87	0.00	1.72	13.65	890.87	0.67	379.07	36334.22	-40653.94	26483.76
Fixation L	1	12	3487601542	3488125562	524020	437.54	105.19	31	48	-1	13.74	13.74
Fixation R	1	13	3487601542	3488125562	524020	437.54	105.19	31	48	-1	14.56	14.56
Saccade L	1	13	3488125562	3488161575	36013	431.41	85.77	456.01	156.39	1.61	80.66	0.56	44.65	3322.89	-3288.82	2380.76
Saccade R	1	13	3488125562	3488161575	36013	431.41	85.77	456.01	156.39	1.61	80.66	0.56	44.65	3322.89	-3288.82	2380.76
Fixation L	1	13	3488161575	3488949463	787888	448.75	155.08	49	74	-1	13.67	13.67
Fixation R	1	14	3488161575	3488949463	787888	448.75	155.08	49	74	-1	14.48	14.48
Saccade L	1	14	3488949463	3488985470	36007	430.40	111.23	462.18	79.41	0.96	41.45	0.44	26.59	1823.99	-1231.65	1099.83
Saccade R	1	14	3488949463	3488985470	36007	430.40	111.23	462.18	79.41	0.96	41.45	0.44	26.59	1823.99	-1231.65	1099.83
Fixation L	1	14	3488985470	3489165481	180011	460.96	65.84	31	26	-1	13.73	13.73
Fixation R	1	15	3488985470	3489165481	180011	460.96	65.84	31	26	-1	14.60	14.60
Saccade L	1	15	3489165481	3489193497	28016	441.92	77.17	439.69	115.88	1.02	69.87	0.57	36.28	2723.38	-2524.64	1856.26
Saccade R	1	15	3489165481	3489193497	28016	441.92	77.17	439.69	115.88	1.02	69.87	0.57	36.28	2723.38	-2524.64	1856.26
Fixation L	1	15	3489193497	3489461476	267979	471.83	148.89	45	62	-1	13.92	13.92
Fixation R	1	16	3489193497	3489461476	267979	471.83	148.89	45	62	-1	14.99	14.99
Saccade L	1	16	3489461476	3489525477	64001	471.86	176.59	1184.30	460.53	16.67	454.58	0.50	260.44	19439.29	-18985.36	11622.64
Saccade R	1	16	3489461476	3489525477	64001	471.86	176.59	1184.30	460.53	16.67	454.58	0.50	260.44	19439.29	-18985.36	11622.64
Fixation L	1	16	3489525477	3489653502	128025	1188.04	454.14	14	15	-1	13.81	13.81
Fixation R	1	17	3489525477	3489653502	128025	1188.04	454.14	14	15	-1	15.28	15.28
Saccade L	1	17	3489653502	3489673557	20055	1187.92	452.18	1148.31	409.62	0.73	84.40	0.60	36.58	3163.75	71.57	1506.40
Saccade R	1	17	3489653502	3489673557	20055	1187.92	452.18	1148.31	409.62	0.73	84.40	0.60	36.58	3163.75	71.57	1506.40
Fixation L	1	17	3489741470	3489829465	87995	1190.87	469.19	3	7	-1	13.74	13.74
Fixation R	1	18	3489741470	3489829465	87995	1190.87	469.19	3	7	-1	14.93	14.93
Saccade L	1	18	3489829465	3489853484	24019	1191.42	472.96	1192.00	530.35	1.51	123.88	0.50	62.79	5638.32	-5214.12	3879.27
Saccade R	1	18	3489829465	3489853484	24019	1191.42	472.96	1192.00	530.35	1.51	123.88	0.50	62.79	5638.32	-5214.12	3879.27
Fixation L	1	18	3489853484	3489945493	92009	1190.70	560.06	8	49	-1	13.36	13.36
Fixation R	1	19	3489853484	3489945493	92009	1190.70	560.06	8	49	-1	14.80	14.80
Saccade L	1	19	3489945493	3489969365	23872	1184.83	579.76	1107.97	581.05	1.53	126.65	0.50	64.14	5986.95	-5629.43	4232.27
Saccade R	1	19	3489945493	3489969365	23872	1184.83	579.76	1107.97	581.05	1.53	126.65	0.50	64.14	5986.95	-5629.43	4232.27
Fixation L	1	19	3489969365	3490145384	176019	1103.14	573.47	38	29	-1	13.53	13.53
Fixation R	1	20	3489969365	3490145384	176019	1103.14	573.47	38	29	-1	14.59	14.59
Saccade L	1	20	3490265363	3490321374	56011	1074.19	450.53	1077.68	491.54	2.54	108.59	0.21	45.38	4256.65	-2659.25	1409.12
Saccade R	1	20	3490265363	3490321374	56011	1074.19	450.53	1077.68	491.54	2.54	108.59	0.21	45.38	4256.65	-2659.25	1409.12
Fixation L	1	20	3490321374	3490377370	55996	1099.38	502.84	40	33	-1	13.51	13.51
Fixation R	1	21	3490321374	3490377370	55996	1099.38	502.84	40	33	-1	14.67	14.67
Fixation L	1	21	3490393373	3490453356	59983	1080.91	502.64	27	24	-1	13.50	13.50
Fixation R	1	22	3490393373	3490453356	59983	1080.91	502.64	27	24	-1	14.57	14.57
Saccade L	1	21	3490453356	3490481375	28019	1077.90	490.08	1125.62	474.00	1.05	64.13	0.57	37.52	2687.28	-2468.45	1927.89
Saccade R	1	21	3490453356	3490481375	28019	1077.90	490.08	1125.62	474.00	1.05	64.13	0.57	37.52	2687.28	-2468.45	1927.89
Fixation L	1	22	3490481375	3490633398	152023	1134.09	472.40	20	22	-1	13.49	13.49
Fixation R	1	23	3490481375	3490633398	152023	1134.09	472.40	20	22	-1	14.71	14.71
Saccade L	1	22	3490633398	3490677364	43966	1131.52	470.53	1048.54	522.64	2.71	150.07	0.27	61.63	6415.65	-5338.90	3623.63
Saccade R	1	22	3490633398	3490677364	43966	1131.52	470.53	1048.54	522.64	2.71	150.07	0.27	61.63	6415.65	-5338.90	3623.63
Saccade L	1	23	3490693363	3490713401	20038	1046.33	521.94	1047.03	479.23	0.72	58.08	0.60	36.05	2552.15	674.20	1518.59
Saccade R	1	23	3490693363	3490713401	20038	1046.33	521.94	1047.03	479.23	0.72	58.08	0.60	36.05	2552.15	674.20	1518.59
Saccade L	1	24	3490729372	3490757388	28016	1030.07	528.51	1001.19	552.67	0.85	54.29	0.57	30.17	1274.88	-2144.15	1181.67
Saccade R	1	24	3490729372	3490757388	28016	1030.07	528.51	1001.19	552.67	0.85	54.29	0.57	30.17	1274.88	-2144.15	1181.67
Fixation L	1	23	3490757388	3490837376	79988	993.33	568.71	13	34	-1	13.75	13.75
Fixation R	1	24	3490757388	3490837376	79988	993.33	568.71	13	34	-1	14.70	14.70
Saccade L	1	25	3490837376	3490881373	43997	992.46	580.70	1000.95	559.13	3.20	173.74	0.45	72.68	7170.42	-5232.44	3467.35
Saccade R	1	25	3490837376	3490881373	43997	992.46	580.70	1000.95	559.13	3.20	173.74	0.45	72.68	7170.42	-5232.44	3467.35
Saccade L	1	26	3490897364	3490933368	36004	990.70	575.51	990.07	558.44	2.02	133.95	0.33	56.17	4633.88	-3986.02	2664.19
Saccade R	1	26	3490897364	3490933368	36004	990.70	575.51	990.07	558.44	2.02	133.95	0.33	56.17	4633.88	-3986.02	2664.19
Fixation L	1	24	3490933368	3490997371	64003	988.10	560.35	7	5	-1	13.54	13.54
Fixation R	1	25	3490933368	3490997371	64003	988.10	560.35	7	5	-1	14.70	14.70
Saccade L	1	27	3490997371	3491033374	36003	983.59	555.89	1000.32	410.33	3.03	181.47	0.56	84.18	7636.52	-8020.36	5613.13
Saccade R	1	27	3490997371	3491033374	36003	983.59	555.89	1000.32	410.33	3.03	181.47	0.56	84.18	7636.52	-8020.36	5613.13
Saccade L	1	28	3491077403	3491101398	23995	1023.19	413.65	1111.13	416.37	1.92	162.20	0.50	80.14	6626.79	-5799.90	4401.21
Saccade R	1	28	3491077403	3491101398	23995	1023.19	413.65	1111.13	416.37	1.92	162.20	0.50	80.14	6626.79	-5799.90	4401.21
Saccade L	1	29	3491101398	3491129398	28000	1111.13	416.37	1045.92	411.63	1.33	92.32	0.57	47.55	2260.40	-4481.90	2477.76
Saccade R	1	29	3491101398	3491129398	28000	1111.13	416.37	1045.92	411.63	1.33	92.32	0.57	47.55	2260.40	-4481.90	2477.76
Fixation L	1	25	3491129398	3491241404	112006	1051.99	413.33	23	7	-1	13.72	13.72
Fixation R	1	26	3491129398	3491241404	112006	1051.99	413.33	23	7	-1	15.12	15.12
Saccade L	1	30	3491241404	3491273310	31906	1065.24	414.65	1116.40	427.63	1.27	86.00	0.63	39.82	3278.77	-3435.63	2259.31
Saccade R	1	30	3491241404	3491273310	31906	1065.24	414.65	1116.40	427.63	1.27	86.00	0.63	39.82	3278.77	-3435.63	2259.31
Fixation L	1	26	3491273310	3491365260	91950	1125.86	416.88	19	16	-1	13.71	13.71
Fixation R	1	27	3491273310	3491365260	91950	1125.86	416.88	19	16	-1	15.09	15.09
Saccade R	1	31	3491365260	3491409253	43993	1127.18	419.41	0.00	0.00	29.42	2055.70	0.55	668.79	74445.23	-87379.77	48986.85
Fixation R	1	28	3491409253	3491685280	276027	834.97	453.68	1473	917	-1	14.71	14.31
Fixation L	1	27	3491513290	3491685280	171990	1061.80	571.41	66	41	-1	13.96	13.96
Saccade L	1	31	3491685280	3491713284	28004	1044.14	574.17	1132.96	582.61	1.79	140.00	0.57	64.00	6112.26	-5940.41	4505.20
Saccade R	1	32	3491685280	3491713284	28004	1044.14	574.17	1132.96	582.61	1.79	140.00	0.57	64.00	6112.26	-5940.41	4505.20
Fixation L	1	28	3491713284	3491793286	80002	1122.31	590.11	21	13	-1	13.97	13.97
Fixation R	1	29	3491713284	3491793286	80002	1122.31	590.11	21	13	-1	15.32	15.32
Saccade L	1	32	3491793286	3491817281	23995	1110.54	595.69	1109.04	546.60	1.03	84.20	0.50	42.89	3618.90	-3705.04	2686.03
Saccade R	1	33	3491793286	3491817281	23995	1110.54	595.69	1109.04	546.60	1.03	84.20	0.50	42.89	3618.90	-3705.04	2686.03
Saccade L	1	33	3491833267	3491857278	24011	1107.18	543.33	1106.30	586.53	0.92	68.69	0.33	38.32	2754.35	-2142.42	1700.70
Saccade R	1	34	3491833267	3491857278	24011	1107.18	543.33	1106.30	586.53	0.92	68.69	0.33	38.32	2754.35	-2142.42	1700.70
Fixation L	1	29	3491857278	3491925292	68014	1104.81	591.93	3	55	-1	14.08	14.08
Fixation R	1	30	3491857278	3491925292	68014	1104.81	591.93	3	55	-1	15.18	15.18
Saccade L	1	34	3491925292	3491949266	23974	1107.25	597.59	1098.20	547.05	1.06	70.24	0.50	44.04	3365.48	-1397.42	1743.23
Saccade R	1	35	3491925292	3491949266	23974	1107.25	597.59	1098.20	547.05	1.06	70.24	0.50	44.04	3365.48	-1397.42	1743.23
Saccade L	1	35	3491949266	3491973278	24012	1098.20	547.05	1095.79	597.28	1.10	90.90	0.50	45.62	1432.29	-3691.02	1622.04
Saccade R	1	36	3491949266	3491973278	24012	1098.20	547.05	1095.79	597.28	1.10	90.90	0.50	45.62	1432.29	-3691.02	1622.04
Fixation L	1	30	3491973278	3492065284	92006	1107.65	595.16	17	11	-1	13.82	13.82
Fixation R	1	31	3491973278	3492065284	92006	1107.65	595.16	17	11	-1	14.95	14.95
Saccade L	1	36	3492065284	3492097271	31987	1114.30	595.47	1118.63	526.35	1.35	87.80	0.37	42.12	3241.64	-3744.07	2562.48
Saccade R	1	37	3492065284	3492097271	31987	1114.30	595.47	1118.63	526.35	1.35	87.80	0.37	42.12	3241.64	-3744.07	2562.48
Saccade L	1	37	3492117271	3492153303	36032	1118.68	524.47	1124.38	581.79	2.45	134.66	0.56	67.92	5304.03	-4186.77	2974.04
Saccade R	1	38	3492117271	3492153303	36032	1118.68	524.47	1124.38	581.79	2.45	134.66	0.56	67.92	5304.03	-4186.77	2974.04
Saccade L	1	38	3492153303	3492185267	31964	1124.38	581.79	1108.71	719.08	2.41	177.47	0.50	75.27	4048.77	-6375.06	3948.02
Saccade R	1	39	3492153303	3492185267	31964	1124.38	581.79	1108.71	719.08	2.41	177.47	0.50	75.27	4048.77	-6375.06	3948.02
Saccade L	1	39	3492209281	3492233803	24522	1099.49	712.88	1095.92	564.59	2.97	276.55	0.49	121.13	11093.48	-11327.19	8456.86
Saccade R	1	40	3492209281	3492233803	24522	1099.49	712.88	1095.92	564.59	2.97	276.55	0.49	121.13	11093.48	-11327.19	8456.86
Fixation L	1	31	3492233803	3492297741	63938	1103.35	564.25	14	8	-1	13.47	13.47
Fixation R	1	32	3492233803	3492297741	63938	1103.35	564.25	14	8	-1	14.39	14.39
Saccade L	1	40	3492297741	3492325283	27542	1105.10	565.19	1105.24	605.24	1.20	80.41	0.60	43.44	3520.64	-3207.80	2468.28
Saccade R	1	41	3492297741	3492325283	27542	1105.10	565.19	1105.24	605.24	1.20	80.41	0.60	43.44	3520.64	-3207.80	2468.28
Saccade L	1	41	3492333277	3492377282	44005	1109.97	607.98	1162.78	609.05	1.38	74.01	0.45	31.43	2749.36	-2146.09	1404.85
Saccade R	1	42	3492333277	3492377282	44005	1109.97	607.98	1162.78	609.05	1.38	74.01	0.45	31.43	2749.36	-2146.09	1404.85
Fixation L	1	32	3492377282	3492501297	124015	1158.43	610.75	36	14	-1	13.84	13.84
Fixation R	1	33	3492377282	3492501297	124015	1158.43	610.75	36	14	-1	14.88	14.88
Saccade L	1	42	3492501297	3492553314	52017	1163.94	610.68	1228.20	729.96	4.87	227.98	0.77	93.63	5573.41	-9032.83	4040.01
Saccade R	1	43	3492501297	3492553314	52017	1163.94	610.68	1228.20	729.96	4.87	227.98	0.77	93.63	5573.41	-9032.83	4040.01
Saccade L	1	43	3492597276	3492628031	30755	1236.55	727.28	1218.63	588.45	3.28	262.02	0.39	106.61	11018.21	-9618.49	7300.43
Saccade R	1	44	3492597276	3492628031	30755	1236.55	727.28	1218.63	588.45	3.28	262.02	0.39	106.61	11018.21	-9618.49	7300.43
Saccade L	1	44	3492628031	3492657290	29259	1218.63	588.45	1200.05	536.61	1.18	79.75	0.55	40.36	1622.24	-3596.17	1771.00
Saccade R	1	45	3492628031	3492657290	29259	1218.63	588.45	1200.05	536.61	1.18	79.75	0.55	40.36	1622.24	-3596.17	1771.00
Saccade L	1	45	3492669303	3492709293	39990	1196.43	529.93	1204.34	584.48	4.08	250.65	0.30	102.04	10942.42	-7388.86	5814.24
Saccade R	1	46	3492669303	3492709293	39990	1196.43	529.93	1204.34	584.48	4.08	250.65	0.30	102.04	10942.42	-7388.86	5814.24
Fixation L	1	33	3492709293	3493057171	347878	1188.60	584.62	62	21	-1	14.04	14.04
Fixation R	1	34	3492709293	3493057171	347878	1188.60	584.62	62	21	-1	15.26	15.26
Saccade L	1	46	3493065181	3493085812	20631	1165.71	594.45	1162.49	599.85	0.58	49.00	0.39	28.07	946.71	-1399.47	913.52
Saccade R	1	47	3493065181	3493085812	20631	1165.71	594.45	1162.49	599.85	0.58	49.00	0.39	28.07	946.71	-1399.47	913.52
Saccade L	1	47	3493130384	3493161173	30789	1150.53	608.59	1042.65	582.02	2.32	183.86	0.48	75.27	7894.17	-7594.79	5583.09
Saccade R	1	48	3493130384	3493161173	30789	1150.53	608.59	1042.65	582.02	2.32	183.86	0.48	75.27	7894.17	-7594.79	5583.09
Fixation L	1	34	3493161173	3493297184	136011	1041.83	577.02	9	9	-1	13.64	13.64
Fixation R	1	35	3493161173	3493297184	136011	1041.83	577.02	9	9	-1	14.89	14.89
Fixation L	1	35	3493313169	3493645180	332011	1003.73	584.49	42	15	-1	13.45	13.45
Fixation R	1	36	3493313169	3493645180	332011	1003.73	584.49	42	15	-1	14.62	14.62
