[BeGaze]
Converted from:	D:\Kirillov\Results\ermolova_temp_reversed\Boris-eye_data.idf
Date:	17.04.2019 03:56:26
Version:	BeGaze 3.0.181
Sample Rate:	250
Subject:	Boris
Description:	Run4

Table Header for Fixations:
Event Type	Trial	Number	Start	End	Duration	Location X	Location Y	Dispersion X	Dispersion Y	Plane	Avg. Pupil Size X	Avg. Pupil Size Y

Table Header for Saccades:
Event Type	Trial	Number	Start	End	Duration	Start Loc.X	Start Loc.Y	End Loc.X	End Loc.Y	Amplitude	Peak Speed	Peak Speed At	Average Speed	Peak Accel.	Peak Decel.	Average Accel.

Table Header for User Events:
Event Type	Trial	Number	Start	Description

UserEvent	1	1	2090519907	# Message: rc-experiment-02.jpg
Fixation L	1	1	2090522650	2090758631	235981	486.21	365.56	33	21	-1	13.67	13.67
Fixation R	1	1	2090522650	2090758631	235981	486.21	365.56	33	21	-1	13.79	13.79
Saccade L	1	1	2090758631	2090814650	56019	496.70	360.21	1007.50	536.89	12.03	424.13	0.29	214.81	20543.78	-14069.61	10982.61
Saccade R	1	1	2090758631	2090814650	56019	496.70	360.21	1007.50	536.89	12.03	424.13	0.29	214.81	20543.78	-14069.61	10982.61
Fixation L	1	2	2090814650	2090982638	167988	545.21	279.53	1392	625	-1	10.11	10.09
Fixation R	1	2	2090814650	2090878662	64012	1011.78	528.74	8	13	-1	13.86	13.86
Saccade L	1	2	2090982638	2091038724	56086	0.00	0.00	405.80	368.54	28.05	1805.24	0.21	500.11	76953.76	-53236.69	27425.96
Fixation L	1	3	2091038724	2091178637	139913	441.27	397.44	53	38	-1	12.99	12.99
Fixation R	1	3	2091038724	2091178637	139913	441.27	397.44	53	38	-1	12.98	12.98
Saccade L	1	3	2091178637	2091206635	27998	457.23	404.63	415.31	509.71	2.27	166.72	0.57	81.05	7847.69	-7411.76	5675.28
Saccade R	1	2	2091178637	2091206635	27998	457.23	404.63	415.31	509.71	2.27	166.72	0.57	81.05	7847.69	-7411.76	5675.28
Fixation L	1	4	2091206635	2091362664	156029	399.49	514.96	27	28	-1	13.37	13.37
Fixation R	1	4	2091206635	2091362664	156029	399.49	514.96	27	28	-1	13.31	13.31
Saccade L	1	4	2091362664	2091422652	59988	390.96	522.40	1040.54	490.71	14.17	447.70	0.33	236.22	21564.94	-14542.77	11466.27
Saccade R	1	3	2091362664	2091422652	59988	390.96	522.40	1040.54	490.71	14.17	447.70	0.33	236.22	21564.94	-14542.77	11466.27
Fixation L	1	5	2091422652	2091522517	99865	1052.97	482.52	20	14	-1	13.29	13.29
Fixation R	1	5	2091422652	2091634520	211868	618.47	287.60	1442	682	-1	10.16	10.16
Fixation L	1	6	2091714537	2091958544	244007	1067.53	490.64	32	41	-1	12.81	12.81
Fixation R	1	6	2091714537	2091958544	244007	1067.53	490.64	32	41	-1	13.18	13.18
Saccade L	1	5	2091958544	2091982534	23990	1057.60	513.66	1125.55	506.64	1.42	125.31	0.50	59.23	5269.73	-4912.10	3818.32
Saccade R	1	4	2091958544	2091982534	23990	1057.60	513.66	1125.55	506.64	1.42	125.31	0.50	59.23	5269.73	-4912.10	3818.32
Fixation L	1	7	2091982534	2092162532	179998	1122.83	494.96	22	21	-1	12.86	12.86
Fixation R	1	7	2091982534	2092162532	179998	1122.83	494.96	22	21	-1	13.16	13.16
Saccade L	1	6	2092162532	2092202558	40026	1113.83	484.45	1055.42	499.27	1.24	57.67	0.30	31.05	2146.56	-1294.88	1080.93
Saccade R	1	5	2092162532	2092202558	40026	1113.83	484.45	1055.42	499.27	1.24	57.67	0.30	31.05	2146.56	-1294.88	1080.93
Fixation L	1	8	2092202558	2092306539	103981	1050.04	506.06	12	9	-1	12.64	12.64
Fixation R	1	8	2092202558	2092306539	103981	1050.04	506.06	12	9	-1	12.72	12.72
Saccade L	1	7	2092306539	2092366546	60007	1047.96	505.19	415.68	440.12	13.86	446.60	0.33	230.93	21940.11	-11900.56	10732.90
Saccade R	1	6	2092306539	2092366546	60007	1047.96	505.19	415.68	440.12	13.86	446.60	0.33	230.93	21940.11	-11900.56	10732.90
Fixation L	1	9	2092366546	2092542546	176000	421.58	432.74	17	11	-1	12.38	12.38
Fixation R	1	9	2092366546	2092542546	176000	421.58	432.74	17	11	-1	12.32	12.32
Saccade L	1	8	2092542546	2092574542	31996	426.95	437.61	437.56	544.79	2.19	150.54	0.50	68.44	6736.39	-6432.35	4768.57
Saccade R	1	7	2092542546	2092574542	31996	426.95	437.61	437.56	544.79	2.19	150.54	0.50	68.44	6736.39	-6432.35	4768.57
Fixation L	1	10	2092574542	2092766540	191998	441.83	539.66	14	25	-1	12.40	12.40
Fixation R	1	10	2092574542	2092766540	191998	441.83	539.66	14	25	-1	12.50	12.50
Saccade L	1	9	2092766540	2092826571	60031	437.78	549.71	1093.81	554.45	14.18	414.34	0.33	236.25	20337.51	-13959.70	10760.70
Saccade R	1	8	2092766540	2092826571	60031	437.78	549.71	1093.81	554.45	14.18	414.34	0.33	236.25	20337.51	-13959.70	10760.70
Fixation L	1	11	2092826571	2093106441	279870	1114.40	565.47	60	32	-1	12.62	12.62
Fixation R	1	11	2092826571	2093106441	279870	1114.40	565.47	60	32	-1	12.86	12.86
Saccade L	1	10	2093106441	2093130430	23989	1130.68	575.85	1060.57	571.65	1.35	98.73	0.50	56.17	4331.81	-4683.56	3308.44
Saccade R	1	9	2093106441	2093130430	23989	1130.68	575.85	1060.57	571.65	1.35	98.73	0.50	56.17	4331.81	-4683.56	3308.44
Fixation L	1	12	2093130430	2093254451	124021	1051.20	561.69	27	21	-1	12.37	12.37
Fixation R	1	12	2093130430	2093254451	124021	1051.20	561.69	27	21	-1	12.66	12.66
Saccade L	1	11	2093254451	2093290437	35986	1040.40	553.66	1159.09	495.71	3.00	198.72	0.33	83.37	8715.09	-7432.01	5314.12
Saccade R	1	10	2093254451	2093290437	35986	1040.40	553.66	1159.09	495.71	3.00	198.72	0.33	83.37	8715.09	-7432.01	5314.12
Fixation L	1	13	2093290437	2093474435	183998	1154.45	480.49	12	21	-1	12.10	12.10
Fixation R	1	13	2093290437	2093474435	183998	1154.45	480.49	12	21	-1	12.51	12.51
Saccade L	1	12	2093474435	2093538436	64001	1147.92	472.89	401.65	433.47	16.46	490.14	0.25	257.23	24428.96	-15220.22	11839.89
Saccade R	1	11	2093474435	2093538436	64001	1147.92	472.89	401.65	433.47	16.46	490.14	0.25	257.23	24428.96	-15220.22	11839.89
Fixation L	1	14	2093538436	2093734472	196036	259.59	292.48	603	476	-1	11.93	11.93
Fixation R	1	14	2093538436	2093734472	196036	259.59	292.48	603	476	-1	10.83	10.83
Fixation L	1	15	2093806442	2093966460	160018	388.23	506.93	13	7	-1	12.38	12.38
Fixation R	1	15	2093806442	2093966460	160018	388.23	506.93	13	7	-1	12.47	12.47
Saccade L	1	13	2093966460	2093998442	31982	386.78	507.39	307.81	382.65	3.24	190.58	0.63	101.31	8784.89	-7462.39	6253.33
Saccade R	1	12	2093966460	2093998442	31982	386.78	507.39	307.81	382.65	3.24	190.58	0.63	101.31	8784.89	-7462.39	6253.33
Fixation L	1	16	2094014459	2094174477	160018	309.80	418.75	11	19	-1	13.18	13.18
Fixation R	1	16	2094014459	2094174477	160018	309.80	418.75	11	19	-1	13.27	13.27
Saccade L	1	14	2094174477	2094206474	31997	311.97	430.22	380.73	386.57	1.88	125.32	0.37	58.70	4944.60	-4716.26	3447.00
Saccade R	1	13	2094174477	2094206474	31997	311.97	430.22	380.73	386.57	1.88	125.32	0.37	58.70	4944.60	-4716.26	3447.00
Fixation L	1	17	2094206474	2094706368	499894	408.18	369.30	47	48	-1	13.01	13.01
Fixation R	1	17	2094206474	2094706368	499894	408.18	369.30	47	48	-1	13.18	13.18
Saccade L	1	15	2094706368	2094862350	155982	427.54	363.56	375.36	343.83	5.04	60.30	0.85	32.31	2781.87	-1840.29	1562.62
Saccade R	1	14	2094706368	2094862350	155982	427.54	363.56	375.36	343.83	5.04	60.30	0.85	32.31	2781.87	-1840.29	1562.62
Fixation L	1	18	2094862350	2094950339	87989	366.86	335.98	11	14	-1	12.90	12.90
Fixation R	1	18	2094862350	2094950339	87989	366.86	335.98	11	14	-1	13.21	13.21
Saccade L	1	16	2094950339	2094986349	36010	365.33	332.06	344.71	460.88	2.78	155.42	0.44	77.22	7516.52	-7524.05	5447.57
Saccade R	1	15	2094950339	2094986349	36010	365.33	332.06	344.71	460.88	2.78	155.42	0.44	77.22	7516.52	-7524.05	5447.57
Fixation L	1	19	2094986349	2095214360	228011	344.56	467.30	12	11	-1	13.05	13.05
Fixation R	1	19	2094986349	2095214360	228011	344.56	467.30	12	11	-1	13.21	13.21
Saccade L	1	17	2095214360	2095254343	39983	348.10	475.03	417.64	384.55	2.53	111.12	0.40	63.29	4896.08	-4371.28	3481.82
Saccade R	1	16	2095214360	2095254343	39983	348.10	475.03	417.64	384.55	2.53	111.12	0.40	63.29	4896.08	-4371.28	3481.82
Fixation L	1	20	2095254343	2095450294	195951	417.38	365.14	24	36	-1	13.30	13.30
Fixation R	1	20	2095254343	2095450294	195951	417.38	365.14	24	36	-1	13.63	13.63
Saccade L	1	18	2095450294	2095518377	68083	401.76	354.70	1173.28	515.40	17.48	439.12	0.29	256.78	21831.37	-15947.43	10244.57
Saccade R	1	17	2095450294	2095518377	68083	401.76	354.70	1173.28	515.40	17.48	439.12	0.29	256.78	21831.37	-15947.43	10244.57
Fixation L	1	21	2095518377	2096154283	635906	1023.58	432.27	1623	681	-1	11.85	11.85
Fixation R	1	21	2095518377	2096034255	515878	1202.07	508.41	49	40	-1	13.52	13.52
Fixation L	1	22	2096226272	2096486265	259993	393.06	372.13	38	18	-1	12.61	12.61
Fixation R	1	22	2096226272	2096486265	259993	393.06	372.13	38	18	-1	12.54	12.54
Saccade L	1	19	2096486265	2096514280	28015	403.67	384.01	337.95	481.96	2.38	173.19	0.57	84.84	8219.07	-8035.83	6005.28
Saccade R	1	18	2096486265	2096514280	28015	403.67	384.01	337.95	481.96	2.38	173.19	0.57	84.84	8219.07	-8035.83	6005.28
Fixation L	1	23	2096514280	2096634274	119994	326.97	486.07	20	7	-1	13.21	13.21
Fixation R	1	23	2096514280	2096634274	119994	326.97	486.07	20	7	-1	13.30	13.30
Saccade L	1	20	2096634274	2096714288	80014	325.52	484.58	1175.06	531.57	19.41	437.80	0.25	242.53	20709.06	-15437.60	9316.34
Saccade R	1	19	2096634274	2096714288	80014	325.52	484.58	1175.06	531.57	19.41	437.80	0.25	242.53	20709.06	-15437.60	9316.34
Fixation L	1	24	2096714288	2096838256	123968	1185.68	541.71	18	19	-1	13.06	13.06
Fixation R	1	24	2096714288	2096838256	123968	1185.68	541.71	18	19	-1	13.54	13.54
Saccade L	1	21	2096838256	2096866255	27999	1193.14	552.24	1199.51	484.98	1.33	96.44	0.43	47.60	4538.11	-4318.40	3301.40
Saccade R	1	20	2096838256	2096866255	27999	1193.14	552.24	1199.51	484.98	1.33	96.44	0.43	47.60	4538.11	-4318.40	3301.40
Fixation L	1	25	2096866255	2097218168	351913	1212.71	482.82	24	14	-1	12.76	12.76
Fixation R	1	25	2096866255	2097218168	351913	1212.71	482.82	24	14	-1	12.98	12.98
Saccade L	1	22	2097218168	2097246159	27991	1211.49	479.85	1111.56	480.31	2.08	153.34	0.57	74.23	7359.57	-7276.06	5406.43
Saccade R	1	21	2097218168	2097246159	27991	1211.49	479.85	1111.56	480.31	2.08	153.34	0.57	74.23	7359.57	-7276.06	5406.43
Fixation L	1	26	2097246159	2097382157	135998	1113.16	486.87	9	15	-1	12.37	12.37
Fixation R	1	26	2097246159	2097382157	135998	1113.16	486.87	9	15	-1	12.50	12.50
Saccade L	1	23	2097382157	2097410143	27986	1111.52	487.25	1163.90	558.04	1.76	133.07	0.43	62.96	5894.94	-5469.46	4203.49
Saccade R	1	22	2097382157	2097410143	27986	1111.52	487.25	1163.90	558.04	1.76	133.07	0.43	62.96	5894.94	-5469.46	4203.49
Fixation L	1	27	2097410143	2097650163	240020	1168.48	561.49	31	17	-1	12.38	12.38
Fixation R	1	27	2097410143	2097650163	240020	1168.48	561.49	31	17	-1	12.43	12.43
Saccade L	1	24	2097650163	2097682148	31985	1184.84	552.67	1145.72	575.18	0.97	50.99	0.38	30.35	2190.59	-1351.15	1277.14
Saccade R	1	23	2097650163	2097682148	31985	1184.84	552.67	1145.72	575.18	0.97	50.99	0.38	30.35	2190.59	-1351.15	1277.14
Fixation L	1	28	2097682148	2097990154	308006	1151.69	570.63	15	19	-1	12.68	12.68
Fixation R	1	28	2097682148	2097990154	308006	1151.69	570.63	15	19	-1	12.69	12.69
Saccade R	1	24	2097990154	2098034152	43998	1145.64	561.58	0.00	0.00	31.24	2660.78	0.73	710.08	103766.69	-113499.55	54659.80
Saccade R	1	25	2098053854	2098150162	96308	0.00	0.00	1218.24	535.16	47.62	2388.37	0.21	494.49	96781.08	-79220.35	30249.30
Fixation L	1	29	2098150162	2098526261	376099	1211.39	546.44	38	24	-1	12.51	12.51
Fixation R	1	29	2098150162	2098526261	376099	1211.39	546.44	38	24	-1	12.80	12.80
Saccade L	1	25	2098526261	2098550041	23780	1235.11	549.77	1146.88	552.15	1.80	169.99	0.50	75.63	7114.14	-6381.72	4953.66
Saccade R	1	26	2098526261	2098550041	23780	1235.11	549.77	1146.88	552.15	1.80	169.99	0.50	75.63	7114.14	-6381.72	4953.66
Fixation L	1	30	2098550041	2098698055	148014	1151.82	549.09	15	7	-1	12.56	12.56
Fixation R	1	30	2098550041	2098698055	148014	1151.82	549.09	15	7	-1	12.80	12.80
Saccade L	1	26	2098698055	2098722065	24010	1143.23	549.05	1183.77	552.20	0.79	61.44	0.50	32.83	2739.20	-2380.35	1930.20
Saccade R	1	27	2098698055	2098722065	24010	1143.23	549.05	1183.77	552.20	0.79	61.44	0.50	32.83	2739.20	-2380.35	1930.20
Fixation L	1	31	2098722065	2098850063	127998	1192.49	562.01	28	16	-1	12.71	12.71
Fixation R	1	31	2098722065	2098850063	127998	1192.49	562.01	28	16	-1	13.00	13.00
Saccade L	1	27	2098850063	2098886068	36005	1206.06	570.38	1186.50	656.45	1.93	120.13	0.56	53.67	4713.90	-5236.66	3477.45
Saccade R	1	28	2098850063	2098886068	36005	1206.06	570.38	1186.50	656.45	1.93	120.13	0.56	53.67	4713.90	-5236.66	3477.45
Fixation L	1	32	2098886068	2099166096	280028	1189.60	658.31	18	21	-1	12.79	12.79
Fixation R	1	32	2098886068	2099166096	280028	1189.60	658.31	18	21	-1	13.14	13.14
Saccade L	1	28	2099166096	2099190058	23962	1187.80	667.88	1137.39	676.11	1.04	84.38	0.50	43.56	3593.40	-3703.66	2714.31
Saccade R	1	29	2099166096	2099190058	23962	1187.80	667.88	1137.39	676.11	1.04	84.38	0.50	43.56	3593.40	-3703.66	2714.31
Fixation L	1	33	2099190058	2099474097	284039	1136.73	662.21	15	25	-1	12.53	12.53
Fixation R	1	33	2099190058	2099474097	284039	1136.73	662.21	15	25	-1	13.06	13.06
Saccade L	1	29	2099474097	2099502084	27987	1141.26	659.29	1046.30	659.73	1.91	154.38	0.57	68.35	6649.07	-6892.86	4997.18
Saccade R	1	30	2099474097	2099502084	27987	1141.26	659.29	1046.30	659.73	1.91	154.38	0.57	68.35	6649.07	-6892.86	4997.18
Fixation L	1	34	2099502084	2099822074	319990	1057.49	662.17	33	17	-1	12.58	12.58
Fixation R	1	34	2099502084	2099822074	319990	1057.49	662.17	33	17	-1	12.87	12.87
Saccade L	1	30	2099822074	2099878086	56012	1072.00	669.79	477.04	569.05	13.16	424.60	0.29	234.92	20408.79	-14186.04	10923.81
Saccade R	1	31	2099822074	2099878086	56012	1072.00	669.79	477.04	569.05	13.16	424.60	0.29	234.92	20408.79	-14186.04	10923.81
Fixation L	1	35	2099878086	2099977949	99863	467.13	562.59	18	12	-1	12.70	12.70
Fixation R	1	35	2099878086	2099977949	99863	467.13	562.59	18	12	-1	12.96	12.96
Fixation L	1	36	2100149968	2100357960	207992	1072.59	670.51	44	27	-1	12.60	12.60
Fixation R	1	36	2100149968	2100357960	207992	1072.59	670.51	44	27	-1	13.16	13.16
Saccade L	1	31	2100357960	2100381976	24016	1076.50	670.66	1077.26	539.67	2.53	219.46	0.50	105.38	9952.96	-9339.65	7067.14
Saccade R	1	32	2100357960	2100381976	24016	1076.50	670.66	1077.26	539.67	2.53	219.46	0.50	105.38	9952.96	-9339.65	7067.14
Fixation L	1	37	2100381976	2100622002	240026	1076.83	550.01	11	16	-1	13.16	13.16
Fixation R	1	37	2100381976	2100622002	240026	1076.83	550.01	11	16	-1	13.46	13.46
Saccade L	1	32	2100622002	2100645965	23963	1076.78	549.73	1118.98	563.37	0.94	73.88	0.50	39.18	3099.37	-2817.10	2165.10
Saccade R	1	33	2100622002	2100645965	23963	1076.78	549.73	1118.98	563.37	0.94	73.88	0.50	39.18	3099.37	-2817.10	2165.10
Fixation L	1	38	2100645965	2100813969	168004	1127.87	570.27	11	11	-1	13.08	13.08
Fixation R	1	38	2100645965	2100813969	168004	1127.87	570.27	11	11	-1	13.33	13.33
Fixation L	1	39	2100997999	2101109982	111983	403.30	482.54	18	11	-1	12.93	12.93
Fixation R	1	39	2100997999	2101109982	111983	403.30	482.54	18	11	-1	12.86	12.86
Saccade L	1	33	2101109982	2101141972	31990	409.50	475.67	454.46	515.17	1.18	68.46	0.38	36.98	2977.64	-2489.09	1959.28
Saccade R	1	34	2101109982	2101141972	31990	409.50	475.67	454.46	515.17	1.18	68.46	0.38	36.98	2977.64	-2489.09	1959.28
Fixation L	1	40	2101141972	2101393853	251881	457.25	534.26	19	34	-1	13.11	13.11
Fixation R	1	40	2101141972	2101393853	251881	457.25	534.26	19	34	-1	13.32	13.32
Saccade L	1	34	2101393853	2101457851	63998	464.04	549.18	1105.90	637.85	14.10	417.89	0.31	220.30	19923.46	-13273.90	9523.06
Saccade R	1	35	2101393853	2101457851	63998	464.04	549.18	1105.90	637.85	14.10	417.89	0.31	220.30	19923.46	-13273.90	9523.06
Fixation L	1	41	2101457851	2101673876	216025	1119.30	632.42	31	16	-1	13.02	13.02
Fixation R	1	41	2101457851	2101673876	216025	1119.30	632.42	31	16	-1	13.43	13.43
Saccade L	1	35	2101673876	2101701887	28011	1122.09	628.26	1119.85	578.61	1.24	78.32	0.43	44.10	3680.15	-3472.45	2646.28
Saccade R	1	36	2101673876	2101701887	28011	1122.09	628.26	1119.85	578.61	1.24	78.32	0.43	44.10	3680.15	-3472.45	2646.28
Fixation L	1	42	2101701887	2101961878	259991	1119.44	575.17	22	21	-1	12.76	12.76
Fixation R	1	42	2101701887	2101961878	259991	1119.44	575.17	22	21	-1	13.10	13.10
Saccade L	1	36	2101961878	2102001871	39993	1119.87	591.52	1062.98	646.70	1.73	93.35	0.30	43.32	4088.75	-3034.29	2132.56
Saccade R	1	37	2101961878	2102001871	39993	1119.87	591.52	1062.98	646.70	1.73	93.35	0.30	43.32	4088.75	-3034.29	2132.56
Fixation L	1	43	2102001871	2102113882	112011	1061.35	647.18	21	12	-1	12.84	12.84
Fixation R	1	43	2102001871	2102113882	112011	1061.35	647.18	21	12	-1	12.78	12.78
Saccade L	1	37	2102113882	2102145902	32020	1047.77	643.47	1132.40	581.46	2.42	171.32	0.50	75.66	7885.74	-7257.03	5371.98
Saccade R	1	38	2102113882	2102145902	32020	1047.77	643.47	1132.40	581.46	2.42	171.32	0.50	75.66	7885.74	-7257.03	5371.98
Fixation L	1	44	2102145902	2102401882	255980	1145.09	594.53	27	24	-1	12.98	12.98
Fixation R	1	44	2102145902	2102401882	255980	1145.09	594.53	27	24	-1	13.07	13.07
Saccade L	1	38	2102401882	2102473879	71997	1135.68	598.30	414.51	555.62	16.00	437.64	0.28	222.21	19985.05	-12085.88	8889.15
Saccade R	1	39	2102401882	2102473879	71997	1135.68	598.30	414.51	555.62	16.00	437.64	0.28	222.21	19985.05	-12085.88	8889.15
Fixation L	1	45	2102473879	2102545914	72035	409.28	554.39	8	4	-1	13.07	13.07
Fixation R	1	45	2102473879	2102545914	72035	409.28	554.39	8	4	-1	12.96	12.96
Saccade L	1	39	2102545914	2102581804	35890	412.19	553.60	0.00	0.00	15.51	1238.29	0.67	432.13	51890.75	-54325.51	33901.37
Fixation L	1	46	2102581804	2102634610	52806	0.00	0.00	0	0	-1	11.77	11.77
Saccade L	1	40	2102634610	2102713880	79270	0.00	0.00	399.22	564.49	25.93	753.33	0.34	327.06	37119.44	-22878.86	11030.63
Fixation L	1	47	2102713880	2102853761	139881	411.31	570.87	19	16	-1	12.90	12.90
Fixation R	1	46	2102713880	2102922097	208217	302.43	429.32	457	635	-1	11.72	11.72
Saccade L	1	41	2102853761	2102881876	28115	391.93	569.89	0.04	0.00	15.12	1288.32	0.57	537.67	56685.13	-57050.66	42037.52
Saccade L	1	42	2102922097	2102993786	71689	0.00	0.00	275.96	441.74	17.98	932.16	0.27	250.76	42957.23	-33579.78	14950.74
Saccade R	1	40	2102922097	2102993786	71689	0.00	0.00	275.96	441.74	17.98	932.16	0.27	250.76	42957.23	-33579.78	14950.74
Fixation L	1	48	2102993786	2103205785	211999	303.58	432.77	41	23	-1	13.19	13.19
Fixation R	1	47	2102993786	2103205785	211999	303.58	432.77	41	23	-1	13.37	13.37
Saccade L	1	43	2103205785	2103237771	31986	317.72	430.81	386.22	412.80	1.43	88.24	0.38	44.78	3741.30	-3300.84	2498.61
Saccade R	1	41	2103205785	2103237771	31986	317.72	430.81	386.22	412.80	1.43	88.24	0.38	44.78	3741.30	-3300.84	2498.61
Fixation L	1	49	2103237771	2103493784	256013	180.99	189.69	513	425	-1	8.59	8.59
Fixation R	1	48	2103237771	2103329783	92012	385.95	411.11	8	7	-1	13.45	13.45
Fixation L	1	50	2103565820	2103757786	191966	368.44	418.54	33	37	-1	12.89	12.89
Fixation R	1	49	2103565820	2103757786	191966	368.44	418.54	33	37	-1	13.18	13.18
Saccade L	1	44	2103757786	2103821802	64016	385.09	426.75	1156.92	595.23	17.14	451.29	0.38	267.75	21218.07	-15372.28	11100.42
Saccade R	1	42	2103757786	2103821802	64016	385.09	426.75	1156.92	595.23	17.14	451.29	0.38	267.75	21218.07	-15372.28	11100.42
Fixation L	1	51	2103821802	2103961799	139997	1143.87	598.06	28	14	-1	13.43	13.43
Fixation R	1	50	2103821802	2103961799	139997	1143.87	598.06	28	14	-1	13.99	13.99
Saccade L	1	45	2103961799	2103997817	36018	1154.65	605.21	1228.53	589.85	1.97	143.79	0.44	54.61	6416.71	-5467.69	3733.82
Saccade R	1	43	2103961799	2103997817	36018	1154.65	605.21	1228.53	589.85	1.97	143.79	0.44	54.61	6416.71	-5467.69	3733.82
Fixation L	1	52	2103997817	2104373689	375872	1219.32	572.36	29	28	-1	12.53	12.53
Fixation R	1	51	2103997817	2104373689	375872	1219.32	572.36	29	28	-1	12.97	12.97
Saccade L	1	46	2104373689	2104401673	27984	1218.21	567.76	1044.82	558.93	3.55	274.75	0.43	126.92	12769.08	-12069.49	9164.50
Saccade R	1	44	2104373689	2104401673	27984	1218.21	567.76	1044.82	558.93	3.55	274.75	0.43	126.92	12769.08	-12069.49	9164.50
Fixation L	1	53	2104401673	2104609691	208018	1046.30	557.36	10	15	-1	12.19	12.19
Fixation R	1	52	2104401673	2104609691	208018	1046.30	557.36	10	15	-1	12.29	12.29
Saccade L	1	47	2104609691	2104637691	28000	1046.71	561.47	1072.80	639.72	1.71	127.03	0.57	60.98	5965.13	-5495.28	4209.70
Saccade R	1	45	2104609691	2104637691	28000	1046.71	561.47	1072.80	639.72	1.71	127.03	0.57	60.98	5965.13	-5495.28	4209.70
Fixation L	1	54	2104637691	2104817689	179998	1064.23	635.52	27	12	-1	12.46	12.46
Fixation R	1	53	2104637691	2104817689	179998	1064.23	635.52	27	12	-1	12.42	12.42
Saccade L	1	48	2104817689	2104845711	28022	1057.77	635.02	1144.98	636.15	1.79	133.76	0.43	63.77	5990.75	-6113.77	4475.23
Saccade R	1	46	2104817689	2104845711	28022	1057.77	635.02	1144.98	636.15	1.79	133.76	0.43	63.77	5990.75	-6113.77	4475.23
Fixation L	1	55	2104845711	2105233698	387987	1142.89	640.84	25	16	-1	12.47	12.47
Fixation R	1	54	2104845711	2105233698	387987	1142.89	640.84	25	16	-1	12.44	12.44
Fixation R	1	55	2105241697	2105341703	100006	198.26	108.87	1509	757	-1	7.00	7.00
Saccade R	1	47	2105341703	2105437710	96007	0.00	0.00	1037.85	607.03	49.96	1694.86	0.29	520.41	57381.88	-67221.64	23424.30
Fixation L	1	56	2105437710	2106005589	567879	1055.70	645.65	46	53	-1	12.45	12.45
Fixation R	1	56	2105437710	2106005589	567879	1055.70	645.65	46	53	-1	12.71	12.71
Saccade L	1	49	2106005589	2106025603	20014	1058.65	652.74	1092.93	653.70	0.69	58.19	0.40	34.40	2706.89	-2328.17	1832.09
Saccade R	1	48	2106005589	2106025603	20014	1058.65	652.74	1092.93	653.70	0.69	58.19	0.40	34.40	2706.89	-2328.17	1832.09
Fixation L	1	57	2106025603	2106249614	224011	1122.39	641.79	53	28	-1	12.45	12.45
Fixation R	1	57	2106025603	2106249614	224011	1122.39	641.79	53	28	-1	12.74	12.74
Saccade L	1	50	2106249614	2106273585	23971	1114.51	628.33	1082.17	637.21	0.69	60.80	0.50	28.90	2335.55	-1957.54	1600.20
Saccade R	1	49	2106249614	2106273585	23971	1114.51	628.33	1082.17	637.21	0.69	60.80	0.50	28.90	2335.55	-1957.54	1600.20
Fixation L	1	58	2106273585	2106405620	132035	1072.97	638.94	14	11	-1	12.46	12.46
Fixation R	1	58	2106273585	2106405620	132035	1072.97	638.94	14	11	-1	12.79	12.79
Saccade L	1	51	2106405620	2106437592	31972	1072.54	629.01	1202.57	625.49	2.65	192.44	0.37	82.94	8664.22	-8652.32	6062.96
Saccade R	1	50	2106405620	2106437592	31972	1072.54	629.01	1202.57	625.49	2.65	192.44	0.37	82.94	8664.22	-8652.32	6062.96
Fixation L	1	59	2106437592	2106749602	312010	1192.42	639.60	17	27	-1	12.62	12.62
Fixation R	1	59	2106437592	2106749602	312010	1192.42	639.60	17	27	-1	12.97	12.97
Saccade L	1	52	2106749602	2106773591	23989	1193.40	650.53	1129.34	642.90	1.30	112.12	0.50	54.31	4917.82	-4291.32	3472.36
Saccade R	1	51	2106749602	2106773591	23989	1193.40	650.53	1129.34	642.90	1.30	112.12	0.50	54.31	4917.82	-4291.32	3472.36
Fixation L	1	60	2106773591	2106985517	211926	1132.20	627.98	26	24	-1	12.75	12.75
Fixation R	1	60	2106773591	2106985517	211926	1132.20	627.98	26	24	-1	13.09	13.09
Saccade L	1	53	2106985517	2107029482	43965	1145.03	619.76	1074.47	657.58	2.04	118.65	0.36	46.51	5662.15	-4524.89	2768.37
Saccade R	1	52	2106985517	2107029482	43965	1145.03	619.76	1074.47	657.58	2.04	118.65	0.36	46.51	5662.15	-4524.89	2768.37
Fixation L	1	61	2107029482	2107241487	212005	1073.13	655.88	17	17	-1	12.94	12.94
Fixation R	1	61	2107029482	2107241487	212005	1073.13	655.88	17	17	-1	13.20	13.20
Saccade R	1	53	2107241487	2107273487	32000	1061.69	651.53	0.00	0.00	26.81	2488.94	0.63	837.78	101918.06	-104346.99	68449.69
Saccade R	1	54	2107322230	2107441519	119289	0.00	0.00	1153.26	636.70	47.28	2034.19	0.23	396.38	65516.74	-90690.53	18321.62
Fixation L	1	62	2107441519	2107561494	119975	1142.83	635.37	19	14	-1	12.74	12.74
Fixation R	1	62	2107441519	2107561494	119975	1142.83	635.37	19	14	-1	13.23	13.23
Saccade L	1	54	2107561494	2107581503	20009	1134.22	645.34	1168.81	650.17	0.63	58.53	0.60	31.45	2185.41	-2215.03	1583.59
Saccade R	1	55	2107561494	2107581503	20009	1134.22	645.34	1168.81	650.17	0.63	58.53	0.60	31.45	2185.41	-2215.03	1583.59
Fixation L	1	63	2107581503	2107813510	232007	1182.63	660.53	19	17	-1	13.11	13.11
Fixation R	1	63	2107581503	2107813510	232007	1182.63	660.53	19	17	-1	13.58	13.58
Saccade L	1	55	2107813510	2107841500	27990	1172.40	651.81	1244.52	657.39	1.54	112.97	0.57	55.04	5217.89	-5230.92	3862.98
Saccade R	1	56	2107813510	2107841500	27990	1172.40	651.81	1244.52	657.39	1.54	112.97	0.57	55.04	5217.89	-5230.92	3862.98
Fixation L	1	64	2107841500	2108057498	215998	1257.43	656.15	22	13	-1	12.78	12.78
Fixation R	1	64	2107841500	2108057498	215998	1257.43	656.15	22	13	-1	13.29	13.29
Saccade L	1	56	2108057498	2108081531	24033	1259.61	649.08	1151.90	640.73	2.22	186.97	0.50	92.34	8200.30	-7630.37	5896.74
Saccade R	1	57	2108057498	2108081531	24033	1259.61	649.08	1151.90	640.73	2.22	186.97	0.50	92.34	8200.30	-7630.37	5896.74
Fixation L	1	65	2108081531	2108445386	363855	1170.61	638.37	38	16	-1	12.81	12.81
Fixation R	1	65	2108081531	2108553404	471873	969.90	528.25	1803	983	-1	12.00	12.00
Fixation L	1	66	2108669390	2108785409	116019	1202.37	620.72	29	32	-1	12.66	12.66
Fixation R	1	66	2108669390	2108785409	116019	1202.37	620.72	29	32	-1	13.17	13.17
Saccade L	1	57	2108785409	2108809350	23941	1197.50	623.72	1136.06	635.49	1.21	94.99	0.50	50.41	4211.46	-3694.42	2986.26
Saccade R	1	58	2108785409	2108809350	23941	1197.50	623.72	1136.06	635.49	1.21	94.99	0.50	50.41	4211.46	-3694.42	2986.26
Fixation L	1	67	2108809350	2109037394	228044	1145.90	634.08	14	17	-1	12.85	12.85
Fixation R	1	67	2108809350	2109037394	228044	1145.90	634.08	14	17	-1	13.41	13.41
Saccade L	1	58	2109037394	2109065399	28005	1140.61	631.70	1184.06	647.73	0.94	54.98	0.43	33.47	2396.33	-2178.15	1708.98
Saccade R	1	59	2109037394	2109065399	28005	1140.61	631.70	1184.06	647.73	0.94	54.98	0.43	33.47	2396.33	-2178.15	1708.98
Fixation L	1	68	2109065399	2109449429	384030	1195.77	636.91	25	29	-1	12.81	12.81
Fixation R	1	68	2109065399	2109449429	384030	1195.77	636.91	25	29	-1	12.93	12.93
Saccade L	1	59	2109449429	2109477408	27979	1204.51	644.48	1114.00	635.60	1.92	160.57	0.57	68.69	7325.03	-7030.27	5228.41
Saccade R	1	60	2109449429	2109477408	27979	1204.51	644.48	1114.00	635.60	1.92	160.57	0.57	68.69	7325.03	-7030.27	5228.41
Fixation L	1	69	2109477408	2109645436	168028	1110.37	633.87	12	17	-1	12.77	12.77
Fixation R	1	69	2109477408	2109645436	168028	1110.37	633.87	12	17	-1	12.92	12.92
Saccade L	1	60	2109645436	2109669449	24013	1110.89	640.29	1069.26	636.28	0.87	64.53	0.50	36.19	2924.36	-2590.69	2041.77
Saccade R	1	61	2109645436	2109669449	24013	1110.89	640.29	1069.26	636.28	0.87	64.53	0.50	36.19	2924.36	-2590.69	2041.77
Fixation L	1	70	2109669449	2109853297	183848	1066.66	644.84	9	31	-1	12.89	12.89
Fixation R	1	70	2109669449	2109853297	183848	1066.66	644.84	9	31	-1	12.99	12.99
Saccade L	1	61	2109853297	2109881294	27997	1071.73	664.71	1111.50	640.67	1.02	57.58	0.57	36.54	2390.64	-2270.67	1776.16
Saccade R	1	62	2109853297	2109881294	27997	1071.73	664.71	1111.50	640.67	1.02	57.58	0.57	36.54	2390.64	-2270.67	1776.16
Fixation L	1	71	2109881294	2109981318	100024	1119.30	634.29	13	9	-1	12.88	12.88
Fixation R	1	71	2109881294	2109981318	100024	1119.30	634.29	13	9	-1	13.27	13.27
Saccade L	1	62	2109981318	2110009311	27993	1125.53	634.83	1137.19	537.17	1.93	132.60	0.57	68.91	6360.63	-6204.40	4690.21
Saccade R	1	63	2109981318	2110009311	27993	1125.53	634.83	1137.19	537.17	1.93	132.60	0.57	68.91	6360.63	-6204.40	4690.21
Fixation L	1	72	2110009311	2110185320	176009	1143.10	547.68	8	20	-1	12.91	12.91
Fixation R	1	72	2110009311	2110185320	176009	1143.10	547.68	8	20	-1	13.27	13.27
Saccade L	1	63	2110185320	2110209309	23989	1138.31	555.79	1225.91	562.61	1.75	154.55	0.50	73.05	7051.81	-6528.00	4982.85
Saccade R	1	64	2110185320	2110209309	23989	1138.31	555.79	1225.91	562.61	1.75	154.55	0.50	73.05	7051.81	-6528.00	4982.85
Fixation L	1	73	2110209309	2110397317	188008	1227.99	569.35	23	12	-1	13.16	13.16
Fixation R	1	73	2110209309	2110397317	188008	1227.99	569.35	23	12	-1	13.58	13.58
Saccade L	1	64	2110397317	2110421300	23983	1236.31	568.88	1148.27	569.76	1.80	160.17	0.50	75.02	6751.89	-6537.42	4987.51
Saccade R	1	65	2110397317	2110421300	23983	1236.31	568.88	1148.27	569.76	1.80	160.17	0.50	75.02	6751.89	-6537.42	4987.51
Fixation L	1	74	2110421300	2110565303	144003	1143.38	567.48	10	29	-1	13.18	13.18
Fixation R	1	74	2110421300	2110565303	144003	1143.38	567.48	10	29	-1	13.52	13.52
Saccade L	1	65	2110565303	2110589353	24050	1136.88	583.74	1060.42	581.04	1.61	139.39	0.50	66.90	5659.82	-5964.70	4386.99
Saccade R	1	66	2110565303	2110589353	24050	1136.88	583.74	1060.42	581.04	1.61	139.39	0.50	66.90	5659.82	-5964.70	4386.99
Fixation L	1	75	2110589353	2110765314	175961	1058.42	571.43	9	17	-1	13.21	13.21
Fixation R	1	75	2110589353	2110765314	175961	1058.42	571.43	9	17	-1	13.54	13.54
Saccade L	1	66	2110765314	2110789310	23996	1059.95	574.78	977.38	569.70	1.59	126.92	0.50	66.06	5381.27	-5530.82	4095.76
Saccade R	1	67	2110765314	2110789310	23996	1059.95	574.78	977.38	569.70	1.59	126.92	0.50	66.06	5381.27	-5530.82	4095.76
Fixation L	1	76	2110789310	2110873325	84015	977.97	568.93	6	4	-1	13.16	13.16
Fixation R	1	76	2110789310	2110873325	84015	977.97	568.93	6	4	-1	13.42	13.42
Saccade L	1	67	2110873325	2110933326	60001	979.95	569.88	392.24	438.28	13.35	396.94	0.33	222.44	18887.56	-15828.07	10341.80
Saccade R	1	68	2110873325	2110933326	60001	979.95	569.88	392.24	438.28	13.35	396.94	0.33	222.44	18887.56	-15828.07	10341.80
Fixation L	1	77	2110933326	2111161337	228011	388.72	439.63	20	29	-1	13.13	13.13
Fixation R	1	77	2110933326	2111161337	228011	388.72	439.63	20	29	-1	13.03	13.03
