[BeGaze]
Converted from:	D:\Kirillov\Results\ermolova_temp_reversed\Dima-eye_data.idf
Date:	17.04.2019 03:56:22
Version:	BeGaze 3.0.181
Sample Rate:	250
Subject:	Dima
Description:	Run3

Table Header for Fixations:
Event Type	Trial	Number	Start	End	Duration	Location X	Location Y	Dispersion X	Dispersion Y	Plane	Avg. Pupil Size X	Avg. Pupil Size Y

Table Header for Saccades:
Event Type	Trial	Number	Start	End	Duration	Start Loc.X	Start Loc.Y	End Loc.X	End Loc.Y	Amplitude	Peak Speed	Peak Speed At	Average Speed	Peak Accel.	Peak Decel.	Average Accel.

Table Header for User Events:
Event Type	Trial	Number	Start	Description

UserEvent	1	1	1048421414	# Message: rc-experiment-01.jpg
Fixation L	1	1	1048502911	1048806914	304003	999.24	508.05	33	62	-1	13.75	13.75
Fixation R	1	1	1048502911	1048806914	304003	999.24	508.05	33	62	-1	14.03	14.03
Saccade L	1	1	1048806914	1048882909	75995	998.87	484.52	1163.53	634.56	5.17	181.69	0.58	68.06	7174.22	-4394.87	2951.38
Saccade R	1	1	1048806914	1048882909	75995	998.87	484.52	1163.53	634.56	5.17	181.69	0.58	68.06	7174.22	-4394.87	2951.38
Saccade L	1	2	1048882909	1048970940	88031	1163.53	634.56	0.00	0.00	46.17	2246.79	0.77	524.44	71697.87	-94406.06	29526.52
Fixation L	1	2	1048970940	1049064026	93086	0.00	0.00	0	0	-1	10.28	10.28
Saccade L	1	3	1049146921	1049182928	36007	853.20	203.12	913.23	200.19	1.77	137.14	0.44	49.20	3396.45	-5026.82	2681.46
Saccade R	1	2	1049146921	1049182928	36007	853.20	203.12	913.23	200.19	1.77	137.14	0.44	49.20	3396.45	-5026.82	2681.46
Saccade L	1	4	1049182928	1049218955	36027	913.23	200.19	907.05	234.71	0.78	43.02	0.67	21.75	1819.72	-1870.40	1231.91
Saccade R	1	3	1049182928	1049218955	36027	913.23	200.19	907.05	234.71	0.78	43.02	0.67	21.75	1819.72	-1870.40	1231.91
Saccade L	1	5	1049234939	1049306924	71985	906.39	235.99	787.25	78.10	4.94	155.72	0.67	68.65	5360.58	-6617.29	3214.42
Saccade R	1	4	1049234939	1049306924	71985	906.39	235.99	787.25	78.10	4.94	155.72	0.67	68.65	5360.58	-6617.29	3214.42
Fixation L	1	3	1049306924	1049502801	195877	808.40	92.17	44	45	-1	13.55	13.55
Fixation R	1	2	1049306924	1049502801	195877	808.40	92.17	44	45	-1	13.69	13.69
Saccade L	1	6	1049578817	1049666802	87985	802.19	119.13	498.40	557.94	13.00	411.68	0.55	147.80	17088.48	-18056.98	8097.69
Saccade R	1	5	1049578817	1049666802	87985	802.19	119.13	498.40	557.94	13.00	411.68	0.55	147.80	17088.48	-18056.98	8097.69
Fixation L	1	4	1049666802	1049818833	152031	503.71	545.44	24	32	-1	13.33	13.33
Fixation R	1	3	1049666802	1049818833	152031	503.71	545.44	24	32	-1	13.46	13.46
Saccade L	1	7	1049818833	1049858807	39974	501.54	538.68	578.73	544.67	1.70	99.70	0.40	42.43	4690.52	-3821.14	2416.27
Saccade R	1	6	1049818833	1049858807	39974	501.54	538.68	578.73	544.67	1.70	99.70	0.40	42.43	4690.52	-3821.14	2416.27
Fixation L	1	5	1049858807	1050014809	156002	599.81	548.75	31	15	-1	13.38	13.38
Fixation R	1	4	1049858807	1050014809	156002	599.81	548.75	31	15	-1	13.60	13.60
Saccade L	1	8	1050014809	1050098835	84026	602.18	549.16	1172.38	746.71	15.46	386.54	0.52	184.02	14801.33	-15993.80	7800.97
Saccade R	1	7	1050014809	1050098835	84026	602.18	549.16	1172.38	746.71	15.46	386.54	0.52	184.02	14801.33	-15993.80	7800.97
Fixation L	1	6	1050098835	1050382820	283985	1147.45	753.26	61	43	-1	13.13	13.13
Fixation R	1	5	1050098835	1050382820	283985	1147.45	753.26	61	43	-1	13.83	13.83
Saccade L	1	9	1050382820	1050518822	136002	1135.32	730.46	476.68	706.41	18.05	660.00	0.32	132.69	30250.12	-29189.80	7973.70
Saccade R	1	8	1050382820	1050518822	136002	1135.32	730.46	476.68	706.41	18.05	660.00	0.32	132.69	30250.12	-29189.80	7973.70
Fixation L	1	7	1050518822	1050646843	128021	476.39	724.98	8	30	-1	13.47	13.47
Fixation R	1	6	1050518822	1050646843	128021	476.39	724.98	8	30	-1	13.92	13.92
Saccade L	1	10	1050646843	1050702859	56016	474.75	733.45	1182.60	570.51	15.90	621.17	0.50	283.88	28146.91	-23971.96	16621.19
Saccade R	1	9	1050646843	1050702859	56016	474.75	733.45	1182.60	570.51	15.90	621.17	0.50	283.88	28146.91	-23971.96	16621.19
Saccade L	1	11	1050778831	1050870710	91879	1097.65	526.82	1110.39	537.35	4.14	108.12	0.30	45.03	4507.41	-2421.49	1530.39
Saccade R	1	10	1050778831	1050870710	91879	1097.65	526.82	1110.39	537.35	4.14	108.12	0.30	45.03	4507.41	-2421.49	1530.39
Saccade L	1	12	1050910708	1050986729	76021	1106.40	526.79	1079.14	699.39	5.04	151.76	0.32	66.26	6015.91	-4406.20	2815.99
Saccade R	1	11	1050910708	1050986729	76021	1106.40	526.79	1079.14	699.39	5.04	151.76	0.32	66.26	6015.91	-4406.20	2815.99
Fixation L	1	8	1050986729	1051070708	83979	1092.81	683.66	24	39	-1	13.95	13.95
Fixation R	1	7	1050986729	1051070708	83979	1092.81	683.66	24	39	-1	14.53	14.53
Fixation L	1	9	1051130714	1051334715	204001	1131.48	708.26	20	30	-1	13.88	13.88
Fixation R	1	8	1051130714	1051334715	204001	1131.48	708.26	20	30	-1	14.45	14.45
Saccade L	1	13	1051334715	1051374717	40002	1120.07	704.90	1172.55	700.45	1.13	57.12	0.40	28.30	1898.65	-1596.64	1024.26
Saccade R	1	12	1051334715	1051374717	40002	1120.07	704.90	1172.55	700.45	1.13	57.12	0.40	28.30	1898.65	-1596.64	1024.26
Fixation L	1	10	1051374717	1051474720	100003	1191.04	714.41	27	22	-1	13.87	13.87
Fixation R	1	9	1051374717	1051474720	100003	1191.04	714.41	27	22	-1	14.57	14.57
Saccade L	1	14	1051474720	1051570723	96003	1195.92	723.13	1030.27	503.71	6.80	232.46	0.54	70.78	10227.73	-9793.53	3872.30
Saccade R	1	13	1051474720	1051570723	96003	1195.92	723.13	1030.27	503.71	6.80	232.46	0.54	70.78	10227.73	-9793.53	3872.30
Fixation L	1	11	1051570723	1051690732	120009	1034.96	506.77	23	29	-1	14.07	14.07
Fixation R	1	10	1051570723	1051690732	120009	1034.96	506.77	23	29	-1	14.53	14.53
Saccade L	1	15	1051690732	1051726740	36008	1041.26	521.86	983.07	529.82	1.11	53.34	0.67	30.76	2099.43	-2289.13	1639.55
Saccade R	1	14	1051690732	1051726740	36008	1041.26	521.86	983.07	529.82	1.11	53.34	0.67	30.76	2099.43	-2289.13	1639.55
Fixation L	1	12	1051726740	1051814725	87985	980.45	524.64	18	13	-1	13.91	13.91
Fixation R	1	11	1051726740	1051814725	87985	980.45	524.64	18	13	-1	14.59	14.59
Saccade L	1	16	1051814725	1051858739	44014	974.75	510.46	0.00	0.00	32.88	2568.87	0.73	747.08	88811.47	-109122.10	53499.13
Saccade R	1	15	1051814725	1051858739	44014	974.75	510.46	0.00	0.00	32.88	2568.87	0.73	747.08	88811.47	-109122.10	53499.13
Fixation L	1	13	1051858739	1052546620	687881	0.00	0.00	0	0	-1	14.43	14.43
Fixation R	1	12	1051858739	1052546620	687881	0.00	0.00	0	0	-1	15.29	15.29
Fixation L	1	14	1052650617	1052810621	160004	463.23	274.07	34	57	-1	15.59	15.59
Fixation R	1	13	1052650617	1052810621	160004	463.23	274.07	34	57	-1	15.94	15.94
Saccade L	1	17	1052810621	1052890625	80004	473.34	291.68	369.80	407.29	4.84	173.25	0.55	60.49	7689.22	-7620.93	3311.13
Saccade R	1	16	1052810621	1052890625	80004	473.34	291.68	369.80	407.29	4.84	173.25	0.55	60.49	7689.22	-7620.93	3311.13
Fixation L	1	15	1052890625	1053038625	148000	406.38	404.49	54	10	-1	15.03	15.03
Fixation R	1	14	1052890625	1053038625	148000	406.38	404.49	54	10	-1	15.67	15.67
Saccade L	1	18	1053038625	1053086639	48014	413.66	407.95	486.45	434.65	1.65	80.22	0.33	34.46	3324.26	-2703.21	1846.34
Saccade R	1	17	1053038625	1053086639	48014	413.66	407.95	486.45	434.65	1.65	80.22	0.33	34.46	3324.26	-2703.21	1846.34
Fixation L	1	16	1053086639	1053202630	115991	493.33	416.09	20	30	-1	14.45	14.45
Fixation R	1	15	1053086639	1053202630	115991	493.33	416.09	20	30	-1	15.05	15.05
Saccade L	1	19	1053202630	1053246636	44006	485.51	408.19	637.39	413.51	3.41	178.84	0.36	77.46	8451.07	-7537.02	5318.97
Saccade R	1	18	1053202630	1053246636	44006	485.51	408.19	637.39	413.51	3.41	178.84	0.36	77.46	8451.07	-7537.02	5318.97
Fixation L	1	17	1053246636	1053382643	136007	634.85	398.99	26	28	-1	14.15	14.15
Fixation R	1	16	1053246636	1053382643	136007	634.85	398.99	26	28	-1	14.93	14.93
Saccade L	1	20	1053382643	1053430639	47996	627.05	387.18	876.69	392.54	5.34	280.51	0.50	111.22	12519.47	-12363.10	7806.57
Saccade R	1	19	1053382643	1053430639	47996	627.05	387.18	876.69	392.54	5.34	280.51	0.50	111.22	12519.47	-12363.10	7806.57
Saccade L	1	21	1053462654	1053538640	75986	863.96	369.06	650.24	52.26	9.17	350.80	0.42	120.67	16012.24	-14231.30	7253.64
Saccade R	1	20	1053462654	1053538640	75986	863.96	369.06	650.24	52.26	9.17	350.80	0.42	120.67	16012.24	-14231.30	7253.64
Saccade L	1	22	1053558718	1053694528	135810	676.86	49.37	734.84	79.83	8.69	188.80	0.21	63.99	4589.35	-4996.09	1931.50
Saccade R	1	21	1053558718	1053694528	135810	676.86	49.37	734.84	79.83	8.69	188.80	0.21	63.99	4589.35	-4996.09	1931.50
Fixation L	1	18	1053694528	1053766519	71991	731.52	75.91	14	10	-1	13.56	13.56
Fixation R	1	17	1053694528	1053766519	71991	731.52	75.91	14	10	-1	14.33	14.33
Saccade L	1	23	1053766519	1053842535	76016	731.97	72.62	821.71	101.33	2.14	61.80	0.68	28.19	1503.32	-2507.62	1058.81
Saccade R	1	22	1053766519	1053842535	76016	731.97	72.62	821.71	101.33	2.14	61.80	0.68	28.19	1503.32	-2507.62	1058.81
Fixation L	1	19	1053842535	1053946536	104001	819.40	109.49	18	12	-1	13.70	13.70
Fixation R	1	18	1053842535	1053946536	104001	819.40	109.49	18	12	-1	14.38	14.38
Saccade L	1	24	1053946536	1053998530	51994	805.87	114.41	898.18	178.54	2.76	125.90	0.31	53.18	5509.09	-3149.81	2551.88
Saccade R	1	23	1053946536	1053998530	51994	805.87	114.41	898.18	178.54	2.76	125.90	0.31	53.18	5509.09	-3149.81	2551.88
Saccade L	1	25	1053998530	1054046523	47993	898.18	178.54	990.51	148.19	2.22	150.93	0.33	46.18	6361.70	-6111.76	3111.33
Saccade R	1	24	1053998530	1054046523	47993	898.18	178.54	990.51	148.19	2.22	150.93	0.33	46.18	6361.70	-6111.76	3111.33
Saccade L	1	26	1054046523	1054074543	28020	990.51	148.19	1009.76	140.76	0.62	41.65	0.57	21.99	1284.05	-1666.05	918.97
Saccade R	1	25	1054046523	1054074543	28020	990.51	148.19	1009.76	140.76	0.62	41.65	0.57	21.99	1284.05	-1666.05	918.97
Saccade L	1	27	1054090556	1054126525	35969	1012.82	144.46	951.76	153.84	1.42	82.08	0.33	39.47	3632.93	-3271.87	2380.97
Saccade R	1	26	1054090556	1054126525	35969	1012.82	144.46	951.76	153.84	1.42	82.08	0.33	39.47	3632.93	-3271.87	2380.97
Saccade L	1	28	1054150592	1054250533	99941	943.27	152.04	204.31	86.31	20.20	584.18	0.24	202.13	28221.29	-25005.14	10431.39
Saccade R	1	27	1054150592	1054250533	99941	943.27	152.04	204.31	86.31	20.20	584.18	0.24	202.13	28221.29	-25005.14	10431.39
Fixation L	1	20	1054250533	1054386528	135995	232.34	78.72	66	53	-1	13.49	13.49
Fixation R	1	19	1054250533	1054386528	135995	232.34	78.72	66	53	-1	13.96	13.96
